track	type=wiggle_0
fixedStep	chrom=chr	start=1	step=1
0.000000
0.000000
0.000000
0.000000
0.000000
0.000000
0.000000
0.000000
0.000000
0.415569
1.356398
2.469843
3.078929
3.410784
3.612746
3.752980
3.779569
3.362945
2.633015
1.998685
1.479164
1.089971
1.117590
1.281742
1.313308
1.168453
0.901512
0.647416
0.441621
0.292862
0.257774
0.477345
0.666182
0.708904
0.667695
0.490086
0.197675
0.070056
0.014232
0.014775
0.023795
0.013198
0.000368
0.000000
0.000000
0.000000
0.014235
0.062091
0.082974
0.091667
0.100228
0.117990
0.154038
0.226770
0.363270
0.407944
0.420567
0.423441
0.540222
0.649522
0.738009
0.868008
0.893614
0.819630
0.699256
0.579102
0.475611
0.395594
0.349077
0.409361
0.403662
0.400764
0.351748
0.382064
0.302008
0.201524
0.282713
0.465777
0.714756
1.034954
1.436928
1.924028
2.581302
3.655041
4.152624
4.290698
4.314224
4.290699
4.150080
3.621365
2.535996
2.049720
1.916126
1.689399
1.739783
2.503431
2.957356
2.959612
2.481730
1.780878
1.855507
2.222404
2.554111
2.690462
2.529735
2.196841
1.821735
1.480621
1.187742
1.094374
1.399441
1.673640
1.766977
1.554581
1.233208
0.958892
1.086378
1.150448
1.085940
0.957208
0.811678
0.674626
0.551892
0.443822
0.500623
0.583183
0.623604
0.611929
0.545639
0.530105
0.610290
0.650932
0.633038
0.551307
0.462835
0.376631
0.305952
0.304517
0.330857
0.323269
0.274190
0.220577
0.178136
0.154049
0.117766
0.125539
0.170471
0.231979
0.296283
0.353958
0.461161
0.500587
0.516297
0.461354
0.420810
0.380284
0.379034
0.426202
0.483517
0.566548
0.637181
0.851398
0.997359
0.927243
0.904797
0.969755
1.051853
1.159034
1.261029
1.358168
1.411597
1.478414
1.486395
1.417315
1.469686
1.615785
1.763783
1.906649
2.049800
2.201564
2.330267
2.491316
2.665874
2.827539
2.959436
3.020384
2.946024
2.904688
2.867638
2.874444
3.166037
3.412591
3.686336
3.901055
4.129878
4.385077
4.611591
4.806701
4.970321
5.013875
5.023261
5.208271
5.398271
5.447052
5.337185
5.112905
4.854376
4.694361
4.903071
5.125127
5.243155
5.404353
5.489343
5.417013
5.218516
4.984286
5.104016
5.137167
5.369785
5.654489
5.861847
5.862833
5.662467
5.373346
5.162076
5.177364
5.022196
4.771905
4.503732
4.240390
3.985924
3.762729
3.872353
4.052097
4.187605
4.498365
4.821966
5.149324
5.424970
5.544427
5.441476
5.603046
5.960918
6.320501
6.641886
6.866663
6.827792
6.576156
6.222463
5.857028
5.510643
5.204484
5.197427
5.452497
5.566613
5.532636
5.322974
5.065594
5.221783
5.249493
5.037993
4.796243
5.043447
5.182181
5.485668
5.843155
6.214960
6.568115
6.806524
7.041001
7.428925
7.832042
8.250820
8.685508
9.104451
9.389503
9.478727
9.260816
9.474626
9.858968
9.858968
10.551648
11.527134
12.416469
13.035297
13.000089
12.302852
11.392809
11.235114
12.128996
13.061077
14.354268
15.821604
17.229237
18.120039
18.043528
16.969929
15.577217
14.238406
13.183426
12.666807
12.173985
11.302047
11.302050
10.413771
9.191019
7.988547
6.910645
7.109860
7.525525
7.660402
7.694294
7.289008
6.708379
6.346921
6.796681
7.044316
7.006226
6.728312
6.652360
6.462546
6.184039
6.008766
6.436433
6.885281
7.282670
7.559357
7.509577
7.149956
6.674668
6.190914
5.734203
5.315726
4.965523
4.842964
4.773667
4.539968
4.230405
3.902356
3.777650
3.936900
3.940038
3.965668
4.029846
3.961502
3.779808
3.780458
4.030314
4.229836
4.385509
4.353458
4.335669
4.400806
4.448316
4.358085
4.155919
4.076134
4.174296
4.129447
3.974325
4.080090
4.321042
4.552104
4.733941
4.802704
4.713155
4.503695
4.285569
4.247272
4.410523
4.496215
4.735422
5.030358
5.143859
5.255322
5.177562
4.978269
5.075001
5.189364
5.304500
5.512574
5.672991
5.732207
5.904114
6.084298
6.285948
6.529367
6.773323
7.247674
7.815172
8.177713
8.391492
8.586900
8.552608
8.767371
8.378514
7.711338
6.921075
6.346369
6.379662
6.607222
6.856919
6.937002
6.855122
6.600473
6.315228
6.031485
5.760283
5.525248
5.338951
4.909525
4.801947
4.648793
4.487516
4.266412
4.037387
3.871699
4.108161
4.268495
4.241675
4.064743
3.837662
3.639059
3.434142
3.232325
3.086292
3.074974
3.029174
2.862218
2.778329
2.980288
3.253564
3.557756
3.862169
4.127762
4.312786
4.251172
4.004063
3.690087
3.377418
3.350045
3.526785
3.546017
3.561509
3.797865
4.090750
4.398067
4.699303
4.968717
5.038125
4.921596
4.641586
4.331572
4.025200
4.378853
4.847269
5.259336
5.460540
5.311415
4.975705
5.278931
6.147237
6.865937
6.865933
6.147237
5.278931
4.427636
4.424244
4.820344
5.226179
5.594902
5.793492
5.670240
5.369170
4.954326
4.700704
5.069127
5.265782
5.125648
4.825866
4.428651
4.018745
3.630753
3.275144
2.980702
3.028509
3.029445
2.842681
2.603828
2.340936
2.127540
2.143084
2.072102
2.297750
2.669671
2.813243
2.541072
2.102981
1.705065
1.644539
1.531672
1.383607
1.227869
1.198804
1.274570
1.408805
1.763032
2.240933
2.813874
3.436028
3.983002
4.028466
3.570476
2.959924
2.374982
1.915462
1.749823
1.587773
1.699419
1.755565
1.686897
1.553882
1.399956
1.252322
1.112568
0.985199
0.866637
0.754109
0.648966
0.556129
0.473095
0.406149
0.351081
0.283527
0.219532
0.163501
0.120218
0.126146
0.130556
0.125708
0.084415
0.066348
0.040201
0.033765
0.036904
0.037732
0.070355
0.113963
0.169217
0.235836
0.315086
0.403118
0.483923
0.519240
0.480418
0.396078
0.307033
0.229123
0.163158
0.109056
0.087086
0.194197
0.352068
0.567471
0.850101
1.169613
1.403235
1.379380
1.128320
0.821490
0.554383
0.342378
0.321898
0.450374
0.608142
0.796753
1.018509
1.276574
1.577910
1.914253
2.204070
2.384714
2.268744
1.981750
1.637301
1.328866
1.064357
0.904039
1.219352
1.603694
2.063163
2.607352
3.236071
3.993702
4.892787
6.011589
7.717901
9.081001
9.081002
7.720344
6.032337
4.920906
4.021013
3.260128
2.613076
2.067585
1.607444
1.222501
0.906679
0.651250
0.446140
0.285600
0.165519
0.081141
0.029118
0.003998
0.000000
0.000000
0.000000
0.000000
0.000000
0.000000
0.000000
0.000000
0.000000
0.000000
0.000000
0.005335
0.016537
0.015820
0.004529
0.000000
0.000000
0.000025
0.002658
0.002133
0.000000
0.000000
0.000000
0.000000
0.000000
0.000000
0.000000
0.000000
0.000000
0.000000
0.000000
0.000459
0.018375
0.051749
0.127501
0.246344
0.419094
0.649372
0.949621
1.332805
1.800728
2.332652
2.810424
2.793895
2.307815
1.789178
1.335411
0.956024
0.669351
0.590914
0.652805
0.608247
0.460842
0.329662
0.235926
0.138615
0.064933
0.023253
0.014410
0.051213
0.133260
0.259423
0.404733
0.464041
0.407725
0.278528
0.192160
0.146393
0.074779
0.023659
0.001422
0.000000
0.000000
0.000008
0.000000
0.000000
0.001803
0.009056
0.019110
0.023547
0.016203
0.006972
0.001528
0.000000
0.000000
0.004667
0.021079
0.048938
0.078735
0.088409
0.080324
0.090244
0.105575
0.102311
0.091598
0.096409
0.075094
0.111001
0.159537
0.224001
0.299503
0.376152
0.436861
0.465299
0.454769
0.437756
0.458478
0.545715
0.614879
0.624318
0.574853
0.491628
0.509943
0.543835
0.606673
0.875235
1.218062
1.590730
2.067056
2.760154
2.798393
2.184178
1.652717
1.292414
1.066956
0.911227
0.866482
0.867340
1.066732
1.029053
1.048053
1.023449
1.063530
1.030694
1.011610
1.116678
1.220097
1.326997
1.438577
1.536965
1.605510
1.597378
1.517821
1.394088
1.253599
1.320052
1.311481
1.220146
1.120025
1.124402
1.044089
0.932969
0.891500
0.967789
0.980132
0.974878
1.093490
1.202615
1.290609
1.297416
1.466472
1.667332
1.801444
1.822153
1.715247
1.551395
1.483781
1.742021
2.028547
2.436189
3.001510
3.697262
4.441973
5.019669
5.231128
4.801742
4.129396
3.621374
3.225173
2.468180
2.270336
2.295191
2.529058
2.698922
3.096193
3.560847
4.054410
4.402539
4.615738
4.770799
4.827397
4.564945
4.081267
3.600992
3.217208
2.917882
2.823263
2.972383
3.097986
3.037180
3.260157
3.635099
4.258383
5.361184
6.304704
6.695453
6.673560
6.199144
4.967564
4.413378
3.948245
3.505576
3.100763
2.745880
2.426419
2.227046
2.461236
2.695505
2.930486
3.060012
3.013049
2.803022
2.995555
3.222969
3.350515
3.377305
3.265496
3.034649
2.990481
3.005325
2.934441
2.778208
2.510346
2.255120
2.163728
2.357924
2.562458
2.753515
2.847869
2.887053
2.937477
2.954414
2.817344
2.875983
2.777270
2.569302
2.321809
2.083916
1.888106
1.904555
1.964077
2.113094
2.189943
2.412775
2.554097
2.552316
2.375772
2.257194
2.255002
2.269224
2.184502
2.058130
1.949945
2.106526
2.276329
2.362116
2.281594
2.119254
1.932607
1.756010
1.599815
1.461803
1.366783
1.336794
1.244372
1.207694
1.237952
1.211646
1.314708
1.334664
1.219874
1.096413
0.925133
0.914980
1.067607
1.196909
1.345800
1.519086
1.664427
1.782741
1.875749
1.937379
1.952672
1.873423
1.746617
1.622927
1.496994
1.308089
1.126400
1.219849
1.548408
1.938646
2.341192
2.648839
2.685885
2.503094
2.083726
1.626864
1.265772
0.988604
0.757069
0.562346
0.409207
0.299013
0.257133
0.288428
0.268537
0.203413
0.137735
0.081169
0.099235
0.133168
0.174895
0.213858
0.223757
0.204354
0.160840
0.115482
0.076186
0.045380
0.024265
0.012050
0.010714
0.027992
0.054296
0.081036
0.087181
0.064474
0.036077
0.013341
0.022846
0.027483
0.022337
0.011097
0.059433
0.151036
0.240185
0.336328
0.326172
0.206449
0.100345
0.035414
0.019027
0.022745
0.013987
0.004269
0.000008
0.002557
0.003378
0.000314
0.000000
0.000000
0.000000
0.000000
0.000000
0.000000
0.000000
0.000017
0.008017
0.030471
0.066849
0.102992
0.106536
0.095945
0.220280
0.404325
0.718563
0.985362
1.099393
1.132526
1.131041
1.118979
1.108884
1.089182
1.035171
1.166166
1.512208
1.932222
2.441140
3.058064
3.727100
4.303357
4.663123
4.385083
3.786512
3.136837
2.544512
2.030343
1.592859
1.224868
0.921520
0.698363
0.638068
0.526126
0.403659
0.357129
0.272296
0.176055
0.211157
0.310232
0.311396
0.212329
0.102971
0.032053
0.001193
0.000000
0.000000
0.000000
0.000000
0.000000
0.003295
0.005771
0.002419
0.000000
0.000127
0.007023
0.027127
0.060220
0.104255
0.160624
0.224798
0.274439
0.297469
0.288292
0.232041
0.168810
0.153831
0.206035
0.285635
0.371749
0.443503
0.445804
0.372289
0.335910
0.271568
0.206979
0.234441
0.304251
0.386873
0.464542
0.499339
0.464496
0.390480
0.327107
0.337663
0.315113
0.386694
0.553039
0.750262
0.978567
1.252249
1.576873
1.958363
2.405191
2.918628
3.494090
4.141534
4.878751
5.704583
6.560671
7.138112
7.150702
6.595326
5.745044
4.908116
4.165839
3.826131
4.403811
5.018358
5.536659
5.782794
5.567605
5.091599
4.521395
3.989577
3.512511
3.032741
2.604888
2.940586
3.347030
3.776580
4.134654
4.276591
4.092496
3.738909
3.312960
2.901879
2.526380
2.579397
2.601121
2.606755
2.612367
2.622497
2.652543
2.696433
2.758977
2.790931
2.810479
2.806962
2.791692
2.740241
2.562560
2.089983
1.438641
1.042031
0.935041
0.936563
0.832236
0.671673
0.489046
0.324207
0.219006
0.156259
0.187423
0.246419
0.313753
0.386312
0.442005
0.463214
0.414208
0.440419
0.513808
0.601219
0.698150
0.808401
0.921719
1.029820
1.126603
1.190983
1.263429
1.389902
1.526991
1.659564
1.720010
1.674436
1.530820
1.342745
1.155589
0.989151
0.843365
0.858742
0.966656
1.089730
1.212809
1.311785
1.381641
1.358167
1.272056
1.206771
1.326921
1.426346
1.530346
1.631323
1.640601
1.543788
1.393554
1.222608
1.059093
0.931088
0.944819
1.064350
1.130847
1.102530
1.026939
0.937588
1.343499
1.669524
1.377980
0.971292
0.632698
0.417682
0.499854
0.634926
0.734648
0.799512
0.990156
1.208174
1.450271
1.695693
1.887001
2.002843
2.273486
2.620699
3.016194
3.445511
3.904399
4.449155
5.083731
5.700110
6.126234
6.195792
5.887505
5.312812
4.748671
4.871683
5.580353
6.344676
7.109259
7.962668
8.948747
9.847260
10.398457
10.196478
9.293424
8.216827
7.213847
6.340406
5.601194
5.095457
5.477535
6.455920
7.721190
9.703622
11.796365
12.454942
11.908875
9.921260
8.167792
7.298344
6.485848
5.769469
5.134996
4.579241
4.100527
4.357101
4.503489
4.305676
4.086248
4.547388
5.019162
5.451089
5.654226
5.553861
5.190163
4.684889
4.183215
3.726815
3.324582
3.247349
3.350882
3.604704
3.831029
3.946942
4.121694
4.415458
4.758191
5.086389
5.285115
5.264570
5.012834
4.682033
4.364028
4.274092
4.169854
4.019410
4.312449
4.653916
4.875726
4.900753
4.702866
4.381462
4.495013
4.677876
4.702361
4.750998
5.083586
5.424589
5.703971
5.788066
5.627900
5.356013
5.260472
5.251404
5.037421
4.729697
4.382139
4.078976
3.986577
4.153826
4.394357
4.586349
4.888969
5.134058
5.214637
5.257907
5.494080
5.644311
5.555781
5.403601
5.157732
4.897049
4.890110
4.987399
5.289525
5.619611
5.787865
5.696097
5.473928
5.162667
5.536929
5.152090
4.385125
3.932982
4.162125
4.517944
4.781606
4.766900
4.469730
4.027545
3.555848
3.173400
2.965583
3.083873
2.995534
2.997012
3.300698
3.440670
3.714915
4.090305
4.294065
4.098195
3.720067
3.286816
3.070136
2.854120
2.763265
3.080554
3.388157
3.603209
3.636000
3.604438
3.959813
4.404035
4.858764
5.116145
5.082736
4.768564
4.457812
4.250891
4.195532
4.548056
5.030385
5.449695
5.730174
5.650453
5.293510
4.823837
4.361697
4.189527
4.228407
4.554191
4.956759
5.308938
5.661396
5.719810
5.513547
5.117134
4.690579
4.662407
4.538009
4.238465
3.889010
4.033998
4.167830
4.060697
3.688458
3.287226
2.895676
2.548738
2.224583
2.621616
3.236221
3.870035
4.345828
4.374484
3.980382
3.342319
3.291861
3.660648
3.633453
3.359480
3.897382
4.222796
4.191970
3.924363
3.387048
2.850598
2.751182
3.242624
3.493096
3.366594
2.996229
2.585501
2.562237
2.742632
2.947050
3.153274
3.365973
3.584192
3.726290
3.756065
3.666943
3.469945
3.278222
3.487764
3.870590
4.296948
4.690876
4.906731
4.975786
4.883422
4.558008
4.064604
3.451205
2.772892
2.530389
2.390066
2.255359
2.089267
1.784042
1.552665
1.314865
1.073274
0.856864
0.831653
0.757899
0.667149
0.638491
0.662064
0.669435
0.622869
0.544630
0.562133
0.621297
0.668079
0.698808
0.701913
0.696903
0.746631
0.760702
0.710083
0.621308
0.525950
0.482100
0.472566
0.378342
0.312975
0.341823
0.441105
0.560287
0.687702
0.734286
0.625498
0.576839
0.619200
0.662942
0.680449
0.670710
0.740164
0.842066
0.971425
1.106937
1.256566
1.414192
1.550371
1.644217
1.670132
1.562505
1.418374
1.276819
1.178757
1.116212
1.083932
1.037426
0.940675
0.807843
1.233642
1.862839
2.175781
2.170671
1.831778
1.227592
0.942218
1.089626
1.188018
1.304260
1.769676
2.556602
3.046166
3.234063
3.283514
3.328313
3.310312
3.218893
3.141684
2.994195
2.714350
2.467753
2.087548
2.491594
2.910089
3.266448
3.420523
3.382049
3.866271
4.268072
4.301145
4.073673
3.552817
3.050965
3.366492
3.441282
3.283976
3.640090
4.042590
4.461308
4.882585
5.208835
5.254234
5.574218
5.207101
4.151851
3.731339
3.346865
2.986100
2.652587
2.344248
2.050965
1.783782
1.548503
1.332798
1.123874
0.927073
0.751754
0.607862
0.515404
0.575538
0.647448
0.730090
0.851892
0.959635
0.993530
1.115812
1.261374
1.434124
1.623106
1.832489
2.052303
2.234636
2.294092
2.228862
2.090580
1.919889
1.740983
1.557496
1.382282
1.219628
1.065093
0.915722
0.773564
0.670404
0.655156
0.594351
0.505655
0.414513
0.327112
0.250495
0.187557
0.130212
0.081564
0.043941
0.017136
0.002919
0.000000
0.000000
0.000000
0.000000
0.000000
0.000000
0.000251
0.000000
0.000000
0.000000
0.000000
0.000000
0.000000
0.000000
0.000000
0.000000
0.000000
0.000000
0.000000
0.000000
0.000000
0.000000
0.000000
0.000000
0.000000
0.000000
0.000000
0.001844
0.024003
0.072243
0.148272
0.253691
0.408777
0.673159
1.007813
1.415547
2.098081
2.786179
3.097209
3.226678
3.260104
3.251231
3.136304
2.828403
2.117606
1.436136
0.997175
0.692480
0.439642
0.244686
0.110233
0.031651
0.001058
0.000000
0.000000
0.000000
0.000000
0.000000
0.000000
0.000000
0.000000
0.000100
0.012444
0.049209
0.104224
0.171153
0.204963
0.167591
0.105819
0.049788
0.011305
0.000000
0.000000
0.000000
0.000000
0.000000
0.000000
0.000000
0.000000
0.000000
0.000000
0.000000
0.000000
0.000000
0.000000
0.000000
0.000000
0.000000
0.000000
0.000000
0.000000
0.000000
0.000000
0.000000
0.000000
0.000000
0.000000
0.000000
0.000000
0.000000
0.000000
0.000000
0.000000
0.000000
0.000000
0.000000
0.000000
0.000000
0.000000
0.000000
0.000000
0.000000
0.000000
0.000000
0.000000
0.000000
0.000000
0.000000
0.000867
0.020526
0.031250
0.053520
0.041961
0.009656
0.003559
0.040262
0.101653
0.195656
0.324252
0.451454
0.628821
1.004445
1.411975
1.598194
1.667308
1.701738
1.695611
1.623611
1.564230
1.740877
2.165985
2.691644
3.108480
3.146401
2.738631
2.214350
1.754679
2.121788
2.375352
2.447072
2.436923
2.369859
2.170123
1.917027
1.720173
1.604761
1.349041
1.126552
0.984707
0.875376
0.855509
0.753074
0.800682
0.721732
0.854328
1.064700
1.243820
1.236217
1.035523
0.791855
0.730046
0.731035
0.633102
0.506461
0.364841
0.422951
0.524986
0.563760
0.750724
1.109632
1.565787
2.113611
2.694808
3.181758
3.205057
2.660675
2.032804
1.485938
1.038368
0.793820
0.893757
1.080510
1.281182
1.326832
1.563199
1.936164
2.117229
1.944181
1.620634
1.824672
1.914799
1.890328
1.708272
1.450461
1.492992
1.649512
1.855249
2.053007
2.233459
2.335417
2.256454
2.072153
1.865916
1.720932
1.580757
1.441364
1.340508
1.324638
1.555090
1.676145
1.932491
2.189291
2.378132
2.511958
2.561860
2.471566
2.242337
1.988452
1.968755
2.105668
2.101336
1.986974
1.777853
1.975581
2.351187
2.767460
3.226748
3.692393
4.085579
4.262696
4.100310
3.747881
3.286539
2.957008
3.283345
3.788321
4.371530
4.833400
4.777211
4.311797
3.760747
3.298542
2.850698
2.389456
1.961606
1.590783
1.349831
1.336747
1.183080
1.264661
1.257698
1.326342
1.558548
1.796146
1.988790
2.021213
1.927224
1.680438
1.808023
1.941725
2.017948
1.996429
1.882087
1.644354
1.997795
2.497273
2.986055
3.286519
3.253015
2.879072
2.716276
2.470544
2.129089
1.752597
1.396468
1.088033
0.981592
0.854004
0.724679
0.579070
0.431673
0.373051
0.404272
0.343487
0.236295
0.128052
0.050240
0.035480
0.042340
0.076633
0.110173
0.201967
0.379815
0.572202
0.665437
0.568273
0.386413
0.243877
0.273050
0.320543
0.331299
0.343944
0.355131
0.329548
0.329613
0.367979
0.386239
0.367817
0.356553
0.386921
0.398159
0.422305
0.480627
0.548990
0.600328
0.686700
0.768607
0.781094
0.733643
0.635594
0.530107
0.439625
0.452339
0.512558
0.535433
0.482790
0.621983
0.962048
1.407695
2.003826
2.718706
2.973569
2.749907
2.139322
1.793346
1.699181
1.700799
2.068789
2.249812
2.299749
2.307793
2.297158
2.257967
2.124911
1.844969
1.619002
1.562343
1.393584
1.147169
0.967710
1.038135
1.207974
1.457985
1.776020
2.026101
2.109562
1.924118
1.622788
1.320840
1.048897
0.816375
0.974624
1.212761
1.465139
1.700073
1.773909
1.693652
1.568108
1.468206
1.249904
1.020884
0.805428
0.620848
0.472204
0.350192
0.246713
0.159908
0.090497
0.085389
0.135337
0.202176
0.280136
0.375603
0.486021
0.605281
0.717548
0.783962
0.754438
0.657787
0.526896
0.402288
0.301342
0.513033
0.829616
1.289660
1.917326
2.425835
2.522617
2.346259
2.274846
2.563176
3.019465
2.969562
2.363315
1.757167
1.236799
0.870352
0.699355
0.614136
0.567668
0.527387
0.447255
0.293572
0.139923
0.219506
0.391996
0.580636
0.761072
0.875852
0.875692
0.762574
0.592650
0.449098
0.371737
0.313824
0.253107
0.273413
0.348476
0.429182
0.527672
0.630853
0.713006
0.752982
0.722534
0.717592
0.787823
0.869212
0.961125
1.153553
1.356964
1.504597
1.619897
1.691159
1.678250
1.574341
1.442518
1.302382
1.261811
1.384287
1.496100
1.538184
1.544794
1.466732
1.347167
1.191866
1.040135
0.902243
0.805784
0.919402
1.036453
1.155302
1.233814
1.228860
1.165836
1.101411
1.080548
1.265131
1.388798
1.505968
1.387855
1.181396
1.217586
1.367485
1.544251
1.668844
1.698507
1.593254
1.432459
1.271407
1.117438
1.240800
1.341564
1.424533
1.429159
1.425286
1.400903
1.334240
1.269437
1.241025
1.179005
1.269812
1.437037
1.583252
1.643792
1.592922
1.465191
1.323817
1.474384
1.600442
1.575407
1.417886
1.458698
1.535298
1.543152
1.474153
1.388399
1.458887
1.392991
1.206061
1.012650
0.877718
0.910703
1.038135
1.119193
1.134852
1.125045
1.074584
1.153795
1.303792
1.384188
1.286709
1.474601
1.782601
2.070573
2.179849
2.655257
3.347531
4.118831
4.768654
4.897890
4.521760
3.965600
3.652092
3.957058
4.453665
4.840376
5.574679
6.295256
6.985321
7.323513
7.469334
7.042207
6.316582
6.051851
5.718012
5.763247
5.236090
4.548191
3.905138
4.092534
4.484037
5.258087
6.277443
7.225622
6.357151
5.208422
5.212085
5.064758
4.655039
4.279714
4.034691
3.849650
3.670651
3.961985
4.111264
4.319285
4.479172
4.482855
4.513414
4.773458
5.091249
5.334772
5.342968
5.074507
4.717097
4.338174
4.408145
4.759027
5.162896
5.616208
6.091384
6.577120
7.008899
7.188549
7.030192
6.655463
6.198364
6.120619
6.623608
7.186053
7.627305
7.637321
7.221582
6.669408
6.191032
5.867990
5.735619
5.355837
4.947819
4.526214
4.111287
3.718343
3.346551
2.990700
2.673713
2.422185
2.337784
2.019639
1.665129
1.337021
1.054781
0.832864
0.687072
0.630776
0.613813
0.544832
0.670618
0.719927
0.644962
0.503433
0.553857
0.692710
0.757376
0.820947
1.128687
1.739595
2.309865
2.541951
2.587178
2.521979
2.267535
1.657742
1.028844
0.997711
1.020884
0.588360
0.217506
0.176761
0.161319
0.108216
0.042713
0.008942
0.007578
0.003231
0.001439
0.005721
0.012469
0.025904
0.050333
0.071598
0.098957
0.145218
0.143689
0.093280
0.052229
0.009552
0.000000
0.000000
0.000000
0.000307
0.022028
0.087961
0.208783
0.392294
0.647159
0.980959
1.379492
1.749094
1.757167
1.020242
0.870352
0.000000
0.000000
0.000000
0.000000
0.000000
0.000000
0.000000
0.000000
0.000000
