track	type=wiggle_0
fixedStep	chrom=chr	start=1	step=1
0.000000
0.000000
0.000000
0.000000
0.000000
0.000000
0.000000
0.000000
0.000000
0.930041
2.019669
2.853974
3.409384
3.759684
3.895604
3.494481
2.758390
2.116037
1.586311
1.162617
0.822485
0.556036
0.350736
0.199784
0.097465
0.034702
0.005045
0.002441
0.005046
0.001778
0.000000
0.000000
0.000000
0.000000
0.000000
0.000000
0.000000
0.000000
0.000000
0.000000
0.000000
0.000000
0.000000
0.000000
0.011160
0.073145
0.100519
0.110854
0.120385
0.139928
0.179138
0.257221
0.401805
0.448774
0.462010
0.465022
0.465022
0.465022
0.457210
0.412330
0.264062
0.063792
0.032706
0.012158
0.001663
0.011931
0.047584
0.112335
0.209560
0.331418
0.437639
0.471895
0.383670
0.268505
0.346897
0.545758
0.809722
1.147314
1.567009
2.070317
2.724211
3.826397
4.339869
4.482217
4.506440
4.482218
4.337193
3.791459
2.677064
2.202619
2.062696
1.824019
1.864417
2.638040
3.110265
3.112579
2.615198
1.929541
1.503240
1.799532
2.070214
2.169982
2.011040
1.754763
1.624540
1.467325
1.234819
0.991506
1.121933
1.262705
1.328408
1.283907
1.167932
1.192425
1.335307
1.392132
1.334251
1.178451
1.013566
0.862137
0.731526
0.676370
0.789535
0.910616
1.037107
1.153014
1.229292
1.222678
1.132326
1.077430
1.190792
1.267397
1.251621
1.140697
1.011293
0.880149
0.765108
0.691595
0.654640
0.579630
0.525285
0.508318
0.486001
0.443529
0.475911
0.557274
0.647441
0.743417
0.837175
0.910576
0.910896
0.874686
0.796828
0.883004
0.957875
0.974129
0.913357
1.002774
1.097496
1.141558
1.115891
1.039455
1.055664
1.147496
1.190920
1.160687
1.144195
1.207966
1.205247
1.136045
1.078593
1.169427
1.243506
1.246059
1.176425
1.075882
0.967414
0.863134
0.812075
0.887313
0.906387
0.876847
1.082541
1.299115
1.411421
1.351482
1.698188
2.173997
2.763163
3.433680
4.115786
4.539396
4.198524
3.514204
2.836667
2.262570
1.851836
1.559175
1.385333
1.177188
1.242087
1.236600
1.386232
1.503915
1.509351
1.560997
1.610181
1.501443
1.343772
1.217529
1.211228
1.287829
1.511901
1.751673
1.904704
1.806588
1.619333
1.519461
1.338986
1.437109
1.544208
1.703512
1.858262
1.900135
1.822693
1.695744
1.592518
1.588320
1.728970
1.879577
2.038805
2.202372
2.370000
2.515920
2.576339
2.543563
2.406847
2.245161
2.150844
2.309103
2.430290
2.459456
2.363027
2.367441
2.338947
2.460999
2.660448
2.859541
3.043440
3.133830
3.285722
3.465841
3.554018
3.514096
3.561069
3.606002
3.519288
3.319073
3.292846
3.517311
3.722657
3.796081
3.865203
3.912052
3.811986
3.590770
3.338331
3.525619
3.755899
3.956658
4.035281
3.993275
3.802045
3.584383
3.339002
3.102572
2.877224
2.745053
2.964623
3.233924
3.531810
3.844228
4.126155
4.261449
4.201234
3.987049
3.686234
3.399166
3.669758
3.996541
4.309173
4.481116
4.417868
4.184685
4.318442
4.583916
4.650313
4.608603
4.597799
4.333768
3.978328
3.651050
3.642039
3.864944
4.229569
4.624336
5.059855
5.501982
5.665748
5.590340
5.237291
4.762884
4.270334
3.809944
3.391128
3.009174
2.663148
2.355002
2.079275
2.010655
2.127601
2.198878
2.163244
2.083548
1.956164
1.810168
1.811229
1.976891
2.110565
2.254218
2.585312
3.111366
3.648545
4.061187
4.652806
5.890321
6.947880
7.339374
7.242712
6.757309
5.793498
4.512493
3.596045
2.898455
2.300234
1.860229
2.034268
2.317360
2.695698
3.084176
3.327123
3.323201
3.073672
2.707646
2.406292
2.198283
2.018547
1.850847
1.709817
1.658536
1.523118
1.326300
1.110853
0.909785
0.928124
0.967057
0.936315
0.915811
0.970677
1.034533
1.173051
1.204414
1.137460
0.964977
0.904852
0.974144
1.182424
1.688213
2.405463
2.913538
3.232672
3.559810
3.935657
3.525211
3.095452
2.528376
1.817695
1.477692
1.400697
1.324199
1.449960
1.545027
1.578317
1.521677
1.485400
1.529899
1.435592
1.376994
1.311107
1.226688
1.172889
0.971372
0.765901
0.915455
0.990101
0.932298
0.845314
0.797528
0.748359
0.828815
0.934569
1.042881
1.116897
1.130650
1.064791
1.180733
1.301007
1.381589
1.405977
1.431927
1.903008
2.468872
3.062321
3.541916
3.960493
4.069427
3.691702
2.886261
2.200461
1.766603
1.365100
1.006411
0.863553
0.942817
1.008153
1.097971
1.129062
1.192102
1.214266
1.353755
1.451644
1.477039
1.538845
1.541527
1.495917
1.466688
1.441773
1.454286
1.497551
1.466855
1.349904
1.362816
1.569949
1.759937
1.867094
1.827726
1.650558
1.454845
1.310098
1.388033
1.359847
1.509018
1.694705
1.877270
2.086763
2.242415
2.388556
2.441870
2.319951
2.333336
2.398928
2.245783
2.069263
2.138024
2.348111
2.666315
3.036814
3.203471
3.033723
2.626324
2.202390
1.898535
1.634396
1.391380
1.171245
0.975832
0.802758
0.650193
0.518449
0.472560
0.536235
0.604490
0.614428
0.672578
0.529431
0.326707
0.200862
0.125417
0.126433
0.104468
0.076759
0.074030
0.077741
0.070378
0.100356
0.138757
0.183431
0.231261
0.278473
0.314028
0.354852
0.371926
0.349570
0.302928
0.250837
0.298797
0.336274
0.330363
0.284785
0.226577
0.181399
0.227502
0.270662
0.275605
0.244166
0.217535
0.238599
0.226182
0.187197
0.139734
0.098940
0.064908
0.038160
0.018788
0.006944
0.001520
0.000000
0.000000
0.000000
0.000000
0.000000
0.000000
0.000000
0.000000
0.000000
0.000000
0.000000
0.000000
0.000000
0.000000
0.000000
0.000000
0.000000
0.000000
0.000000
0.000000
0.008905
0.049700
0.129212
0.253408
0.429062
0.666091
0.969344
1.301876
1.531910
1.504830
1.236174
0.920003
0.636793
0.406602
0.441282
0.589954
0.769112
0.981618
1.227307
1.510048
1.835935
2.194585
2.502611
2.698982
2.573683
2.269300
1.901222
1.568515
1.278799
1.045612
1.383222
1.787735
2.266449
2.833494
3.478092
4.253485
5.170459
6.307697
8.039312
9.456668
9.456666
8.048227
6.341642
5.211256
4.293162
3.511610
2.840780
2.271114
1.791764
1.386781
1.048622
0.770070
0.545522
0.368688
0.231517
0.132788
0.066426
0.021804
0.001642
0.000000
0.000000
0.000000
0.000000
0.000000
0.000000
0.000000
0.000000
0.000000
0.000000
0.000000
0.000000
0.000000
0.000000
0.000000
0.000000
0.000000
0.000000
0.000000
0.000000
0.000000
0.000000
0.000000
0.000000
0.000000
0.000000
0.000000
0.000000
0.000000
0.000000
0.000315
0.023359
0.044598
0.051340
0.053756
0.056544
0.063963
0.080679
0.117140
0.201278
0.274923
0.350616
0.417953
0.284276
0.140165
0.047681
0.004270
0.000000
0.000000
0.000000
0.000000
0.000000
0.000000
0.000000
0.000000
0.000001
0.001132
0.002967
0.003147
0.001087
0.000615
0.000343
0.012146
0.032379
0.030822
0.010165
0.000038
0.000000
0.004144
0.012272
0.022442
0.058456
0.121564
0.194070
0.224207
0.318770
0.513739
0.783036
1.131271
1.589999
2.230544
3.131078
3.496425
3.598496
3.610459
3.530585
3.181465
2.274984
1.617094
1.175570
0.946795
1.086804
1.042705
0.871776
0.653328
0.628464
0.507264
0.326416
0.288975
0.285039
0.271991
0.297755
0.365228
0.401783
0.360225
0.358289
0.422033
0.491101
0.565298
0.641182
0.711516
0.764031
0.757042
0.745129
0.822266
0.888675
0.914406
0.987747
1.083431
1.181389
1.301418
1.445588
1.611123
1.757524
1.851100
1.906885
1.867581
1.840820
2.066000
2.292605
2.419114
2.399991
2.255153
2.363829
2.544000
2.723259
2.853917
2.950169
3.186999
3.417068
3.659000
3.921335
4.175636
4.473204
4.774786
5.064645
5.249364
5.266440
5.088590
4.810964
4.774182
4.988219
5.024889
4.892605
5.109302
5.318157
5.431386
5.895658
6.402550
6.872251
7.126690
7.056370
6.706871
6.344649
6.461671
6.697635
6.658406
6.678359
7.024168
7.271972
7.662005
8.310456
8.837918
9.182215
9.748922
9.936509
9.619100
9.047033
8.382322
7.755875
7.171072
7.653612
8.155904
8.616054
8.830229
9.568802
10.127894
10.804175
11.351536
11.532642
11.109367
10.303093
10.244075
9.836391
9.094919
8.507640
9.266746
9.894224
10.066917
9.922672
10.601699
12.372824
14.583284
17.263052
18.494648
18.531271
17.443991
14.856382
12.536188
10.725465
9.277236
9.815643
10.919007
11.937555
12.398011
12.053171
11.044574
10.328208
9.346365
8.293338
7.418172
6.568871
5.806801
5.110724
4.910695
5.419909
5.845544
6.094270
6.171894
6.047549
5.711407
5.535399
5.499568
5.655229
5.748353
5.945452
6.188810
6.468012
6.769779
7.066094
7.227409
7.206279
7.032117
6.776695
6.487694
6.185493
5.869641
5.611047
5.571348
5.915391
6.251659
6.600036
6.951890
7.232127
7.263460
7.059895
6.661653
6.244302
5.830378
5.444802
5.109805
4.880111
4.756916
4.560468
4.353189
4.105330
3.889121
3.784168
3.582067
3.358560
3.487924
3.711051
3.873179
3.896371
3.768695
3.582441
3.386633
3.260616
3.339182
3.486294
3.529662
3.517340
3.438301
3.575705
3.426324
2.906057
2.562966
2.530676
2.479135
2.322633
2.152852
1.928833
1.869582
2.014261
2.151545
2.268099
2.319589
2.468102
2.585289
2.577084
2.441466
2.294890
2.579855
2.620636
2.434744
2.052083
1.903444
1.751716
1.671399
1.582738
1.551006
1.721557
1.769076
1.687702
1.474443
1.387884
1.657331
1.981310
2.334394
2.660785
2.812807
2.645816
2.314116
1.955501
1.629069
1.342653
1.100647
0.922730
0.753642
0.588218
0.467127
0.561260
0.661110
0.769126
0.847022
0.850640
0.777074
0.653145
0.548862
0.647284
0.763848
0.828659
0.911047
0.953335
0.904870
0.809789
0.660655
0.499936
0.465179
0.489478
0.538434
0.773961
1.074898
1.377249
1.621656
1.624372
1.384642
1.081604
0.779467
0.705828
0.861270
1.000067
1.043708
0.919484
0.710134
0.762170
0.816120
0.861474
0.949512
1.044376
1.138882
1.272233
1.327678
1.340390
1.285892
1.178977
1.065029
1.037563
0.993892
0.926758
1.035038
1.093269
1.119532
1.163679
1.138506
1.060278
1.099641
1.444222
1.859562
2.305694
2.686207
2.892141
3.342998
2.865255
2.186255
1.779603
1.977245
1.995350
1.789066
1.621837
1.701656
1.643934
1.480754
1.324017
1.167393
1.255135
1.334837
1.372845
1.318820
1.201482
1.218376
1.384926
1.489203
1.504996
1.411153
1.534098
1.748309
1.902173
1.918972
1.792938
1.586840
1.692703
1.948051
2.250056
2.595243
3.008524
3.460129
3.877256
4.064140
3.908355
3.526416
3.118222
2.733632
2.375195
2.041368
1.741004
1.491442
1.351569
1.189482
1.009961
1.036119
1.139519
1.135505
1.020586
0.926169
0.929254
0.887180
0.996075
1.150814
1.289271
1.381010
1.330652
1.201652
1.041255
0.892113
0.787179
0.819309
0.845679
0.864431
0.970066
1.023705
1.005210
1.008738
1.050111
1.189623
1.324310
1.375899
1.364292
1.717718
1.965660
1.962216
2.023776
2.392863
2.801712
3.248512
3.727557
4.133124
4.343737
4.161514
3.768370
3.576032
3.273211
2.850415
2.420454
2.266588
2.109702
1.956699
1.908029
2.006681
2.113268
2.097435
1.927422
1.972315
2.496642
3.219294
4.336102
5.630486
6.098160
6.215088
6.240337
6.249830
6.229408
6.151008
5.910838
5.467890
4.929195
4.804477
4.724215
4.611670
4.365794
3.792130
2.837603
2.229468
2.011619
2.053554
1.842058
1.526963
1.197021
0.905924
0.669457
0.478643
0.370722
0.407755
0.487879
0.595092
0.774167
0.903430
0.993310
1.035312
1.021065
0.993093
1.056898
1.137107
1.212009
1.307650
1.386418
1.407090
1.513601
1.628690
1.737139
1.815588
1.945701
2.091518
2.224802
2.315535
2.351022
2.285447
2.136624
1.987961
1.927406
1.921047
2.054131
2.229720
2.438762
2.680845
2.914841
3.056108
3.020487
2.879283
2.683671
2.461341
2.247574
2.119916
2.197916
2.223672
2.117312
2.217910
2.386469
2.486315
2.521851
2.602586
2.836015
3.090399
3.343631
3.539134
3.564142
3.471461
3.260015
3.232152
3.067932
2.846039
2.592619
2.467929
2.494741
2.409558
2.309537
2.275688
2.445003
2.584358
2.614851
2.651416
2.939009
3.224582
3.486940
3.556482
3.476061
3.367286
3.821448
4.174239
4.215574
4.477125
4.998839
5.540853
6.111094
6.720517
7.394472
8.047573
8.470658
8.857996
9.610949
10.369567
10.948514
11.272690
11.026393
10.533857
9.981389
9.371850
9.118122
9.998281
11.009586
12.146218
13.291295
14.416822
14.872036
14.349163
13.121556
11.816164
10.604168
9.525519
8.542965
7.801239
7.719656
7.652420
7.877668
7.763813
7.315095
7.316564
7.361311
7.026663
6.744302
6.496534
6.459371
6.556260
6.375488
6.060688
5.636383
5.241487
4.967356
4.871644
5.218102
5.585979
5.933075
6.178033
6.163195
5.892435
5.525261
5.267959
5.243289
4.985532
4.704257
4.606298
4.636892
4.731571
4.795082
4.685673
4.539703
4.451089
4.511377
4.367103
4.110509
4.218533
4.477860
4.656011
4.744543
4.621404
4.365179
4.294796
4.661471
4.937736
5.258984
5.551840
5.721266
5.712479
5.529010
5.231574
4.994630
4.809125
4.476031
4.321546
4.608368
4.902317
5.086546
5.149331
5.053130
4.864553
4.684459
4.606537
4.607001
4.589642
4.439334
4.190118
4.009545
4.057799
4.101214
4.149334
4.021460
3.803849
3.785110
4.303225
4.823968
5.058950
4.608433
3.839438
3.080142
2.614013
2.629751
2.650468
2.579667
2.407239
2.251960
2.105035
2.068455
2.208091
2.162263
1.891136
1.878107
1.783947
2.106791
2.425039
2.593140
2.524116
2.289296
1.953395
1.633932
1.642857
1.870721
2.151886
2.417016
2.646451
2.734094
2.688177
2.471536
2.206808
2.426745
2.679593
2.955857
3.280964
3.525966
3.708213
3.643779
3.473164
3.154692
2.820163
2.506118
2.222488
1.970698
1.773229
1.820979
2.059045
2.378710
2.757252
3.181823
3.611834
4.009564
4.132915
3.997241
3.592694
3.115863
2.682291
2.283162
1.929755
1.618966
1.356741
1.616010
2.004716
2.384880
2.579124
2.968583
3.602402
4.360129
5.221028
6.082469
6.752547
6.743408
6.076504
5.231689
4.396623
3.782009
3.335341
2.784572
2.279277
1.876551
1.551396
1.622468
1.681162
1.497282
1.399785
1.398906
1.385186
1.934489
2.225222
2.219307
1.900142
1.803603
1.980054
2.171920
2.384701
2.589459
2.725944
2.768224
2.695910
2.564488
2.405252
2.247980
2.510937
2.998016
3.411772
3.707512
3.805279
3.732091
3.438010
3.011779
2.465929
1.879574
1.599484
1.461627
1.324712
1.117876
1.092191
1.189379
1.253274
1.254481
1.162869
1.029887
0.884160
0.762618
0.664676
0.592066
0.634351
0.791247
1.092874
1.254432
1.189807
0.956725
0.690253
0.731823
0.867690
1.029580
1.198761
1.296235
1.300622
1.191771
1.049151
0.906703
0.775177
0.662013
0.567602
0.517787
0.560871
0.563290
0.511374
0.451155
0.426349
0.491599
0.559219
0.628104
0.687363
0.722065
0.766715
0.879356
1.008547
1.151612
1.293650
1.380297
1.406062
1.322325
1.176962
1.029859
0.933311
1.109661
1.269476
1.342232
1.287717
1.145535
1.145357
1.337165
1.926953
2.244682
2.237004
2.469147
2.726949
2.824035
2.680049
2.445168
2.126198
1.830987
2.643990
3.140794
3.328749
3.372144
3.406221
3.380235
3.286459
3.230490
3.147565
3.607606
4.292984
4.899293
5.068476
4.705277
4.090528
3.449151
2.988882
3.314566
3.773584
3.907415
3.797603
3.366905
2.941141
3.030586
3.130676
2.924983
2.446151
2.342302
2.273766
2.716102
3.367578
4.342956
4.950842
4.278054
3.232498
2.468701
1.853779
1.353033
0.947875
0.737975
0.577300
0.506779
0.525305
0.696798
0.763180
0.682140
0.537794
0.357009
0.347235
0.354471
0.354439
0.394447
0.399935
0.348924
0.269634
0.243065
0.312247
0.398490
0.499037
0.611335
0.727012
0.832368
0.864451
0.821039
0.735301
0.636228
0.535983
0.436688
0.346616
0.267824
0.231973
0.230681
0.195669
0.112345
0.090292
0.086865
0.126881
0.178851
0.238137
0.285676
0.328777
0.385172
0.396125
0.359725
0.289373
0.214482
0.170913
0.190901
0.222162
0.277197
0.347037
0.409381
0.434922
0.411213
0.389898
0.350200
0.351520
0.336086
0.279872
0.260302
0.240450
0.208304
0.199205
0.173799
0.136073
0.093844
0.059187
0.034376
0.015826
0.020136
0.091643
0.225308
0.432204
0.723060
1.116177
1.648819
2.161238
2.150642
1.678272
1.535342
1.733975
1.906129
2.505621
3.252660
3.624568
3.779014
3.818905
3.793720
3.641346
3.263326
2.424348
1.690480
1.188772
0.843553
0.553707
0.324979
0.161674
0.058658
0.008315
0.003546
0.024952
0.055486
0.090917
0.162793
0.242647
0.317498
0.400104
0.510867
0.675079
0.888296
1.131282
1.343968
1.425883
1.272801
1.034321
0.790410
0.579754
0.407996
0.270784
0.164175
0.088026
0.037500
0.073796
0.125322
0.198225
0.297883
0.424821
0.576272
0.723056
0.824331
0.802145
0.669633
0.531282
0.406517
0.331091
0.291411
0.232921
0.180067
0.223581
0.303076
0.369574
0.419221
0.415228
0.345107
0.260181
0.223847
0.210577
0.159875
0.106872
0.064177
0.035743
0.022231
0.039538
0.051958
0.116611
0.186650
0.230969
0.258588
0.387467
0.611556
0.911545
1.290239
1.753554
2.295868
2.829285
3.103958
2.880910
2.329943
1.763755
1.290250
0.914638
0.618475
0.384426
0.372111
0.510480
0.709603
0.925153
1.052976
1.016147
0.866427
0.676462
0.679915
0.614323
0.482131
0.330420
0.209608
0.289746
0.432383
0.608560
0.726710
0.711822
0.978120
1.549879
2.166047
2.419406
2.485050
2.482241
2.419963
2.173444
1.566132
1.128786
0.815827
0.687693
0.518543
0.563616
0.888337
1.262924
1.389374
1.204102
0.734769
0.409006
0.197623
0.068379
0.080832
0.080493
0.045772
0.009217
0.000000
0.000000
0.000000
0.000000
0.005882
0.048631
0.120960
0.164497
0.120847
0.046593
0.008163
0.019092
0.025353
0.024925
0.021196
0.016356
0.008423
0.005072
0.003603
0.002933
0.002452
0.001657
0.000053
0.000000
0.000000
0.000000
0.000000
0.000000
0.000000
0.000000
0.000000
0.000000
0.000000
0.000000
0.000000
0.000000
0.000000
0.000000
0.000000
0.001889
0.009089
0.018039
0.017626
0.058191
0.182790
0.419662
0.828590
1.050853
1.105539
1.072608
1.048563
0.981043
0.976305
0.931011
0.786974
0.481941
0.204151
0.069529
0.023339
0.043340
0.050932
0.039969
0.034926
0.090541
0.166727
0.190842
0.133978
0.062808
0.043469
0.030697
0.077966
0.149368
0.244166
0.346859
0.386933
0.407856
0.515488
0.497364
0.389493
0.407431
0.475629
0.503146
0.443486
0.354468
0.303782
0.357011
0.366783
0.417098
0.466282
0.412707
0.355724
0.438448
0.464294
0.444785
0.490572
0.562098
0.831489
1.169398
1.580274
2.053290
2.554468
2.947695
3.154677
3.746702
4.409704
4.916231
5.539837
5.868323
5.554258
4.726451
3.830193
3.042850
2.401557
1.958155
1.708638
1.450917
1.732210
2.013430
2.340380
2.591784
2.594957
2.351815
2.315036
2.066616
1.682308
1.319403
1.004533
0.830600
0.714401
0.712672
0.714396
0.642361
0.635854
0.811396
0.969407
1.178809
1.410219
1.797852
2.285449
2.658305
2.332210
2.043777
2.334415
2.654293
2.940051
3.018987
2.882779
2.702111
2.653076
2.506380
2.377368
2.390793
2.506659
2.435606
2.661601
2.906630
2.984532
2.879958
2.683392
2.859683
2.978205
3.411026
3.907234
4.378132
4.570257
4.417434
4.043183
3.585031
3.512714
3.743691
3.796629
3.664462
3.666100
4.239777
4.956430
5.799812
6.740959
7.784861
8.810922
9.631544
9.636960
8.833097
7.816914
6.871111
6.089924
5.311697
4.701292
4.233631
3.889975
3.792293
3.592535
3.490542
3.623824
3.930301
4.334702
4.585193
4.403665
4.048306
3.608519
3.383747
3.724865
4.196484
4.703968
5.220271
5.625747
5.705542
5.399098
4.915940
4.391342
3.893880
3.426160
3.398076
3.414875
3.244803
3.007940
2.750486
2.800227
2.935236
2.944555
2.807818
2.933090
3.234999
3.574052
3.919241
4.268209
4.604910
4.881390
5.013257
4.826725
4.501748
4.083370
3.671939
3.291916
2.955663
2.819405
2.912640
2.865404
2.926520
3.619520
4.517179
5.363715
5.635464
5.320776
4.349579
3.203480
2.393674
1.775828
1.362123
1.479879
1.529617
1.491368
1.358150
1.187413
1.002552
0.843496
0.965791
1.064831
1.195626
1.495626
1.852886
2.266006
2.718261
3.124485
3.402928
3.347964
3.056521
2.734911
2.559913
2.780563
3.369352
3.600034
3.522467
3.371529
3.716390
3.955617
4.145855
4.314272
4.379159
4.351172
4.370171
4.637824
4.642581
4.445457
4.070816
3.803593
3.614995
3.399368
3.423505
3.572246
3.577561
3.467540
3.267084
3.014851
2.764570
2.572336
2.561010
2.674748
2.831134
3.015780
3.094342
3.172465
3.175322
3.066787
2.992109
3.433927
3.818690
3.911488
3.628034
3.192042
2.715295
2.629932
2.872119
3.106733
3.214172
3.159063
2.948778
2.872518
2.925179
2.967029
2.932455
2.803123
2.776411
2.802068
2.963709
3.041198
3.062139
3.087087
3.079304
2.987273
2.825070
2.984096
3.036118
3.083735
3.305761
3.532132
3.614475
3.654304
3.689007
3.584125
3.334241
3.032251
2.724901
2.682542
2.928410
3.148552
3.286196
3.389147
3.416192
3.286555
3.044974
2.907994
3.122721
3.248663
3.373011
3.392225
3.378728
3.504921
3.605037
3.533839
3.338492
3.011282
2.656011
2.336930
2.186423
2.699205
3.406620
4.171248
4.763849
4.740065
4.153268
3.490057
3.118398
3.170334
3.575995
3.793489
4.471329
5.153676
5.799650
6.147677
6.264163
5.837140
5.523468
5.598084
5.489766
5.768090
6.380993
7.175836
7.609521
7.793716
7.768125
7.293626
6.658783
7.561248
6.663251
6.875635
6.934526
6.906316
7.510723
7.984062
8.020044
7.560678
6.976516
6.744448
6.683988
6.557446
6.686424
6.442346
6.171213
6.077274
6.327180
6.619519
7.171652
7.309146
6.959493
6.240637
5.626893
6.033992
6.497192
7.007035
7.522875
8.035757
8.496766
8.694245
8.513309
8.094733
7.574471
7.555103
8.134139
8.762453
9.267118
9.294491
8.826982
8.213221
7.654311
7.285268
7.125453
6.732451
6.246248
5.735081
5.246633
4.776627
4.334563
3.918024
3.556325
3.246137
2.988269
2.777126
2.524968
2.497200
2.594126
2.566820
2.538846
2.440943
2.158071
1.651936
1.749916
1.732337
1.588178
1.351627
1.104025
0.881659
0.832474
0.964856
1.160270
1.791926
2.374260
2.614540
2.663623
2.593581
2.327567
1.702315
1.051010
0.662068
0.784106
0.949959
1.139427
1.366287
1.612270
1.804179
1.732698
1.044689
0.537311
0.189628
0.068163
0.004428
0.007662
0.016192
0.033908
0.049863
0.071266
0.108826
0.108542
0.068083
0.036174
0.004213
0.000000
0.000000
0.000000
0.000000
0.000000
0.000000
0.000000
0.000000
0.000000
0.000000
0.000000
0.000000
0.000000
0.000000
0.000000
0.000000
0.000000
0.013757
0.067729
0.142607
0.149809
0.000003
0.000000
0.023467
0.000000
0.000000
0.000000
0.000000
0.000000
0.001483
0.028707
0.000000
0.000000
0.000000
0.000000
0.000000
0.000000
0.000000
0.000000
