track	type=wiggle_0
fixedStep	chrom=chr	start=1	step=1
0.000000
0.000000
0.000000
0.000000
0.000000
0.000000
0.000000
0.000000
0.000000
0.930182
2.019877
2.854219
3.409653
3.759815
3.895355
3.493196
2.757275
2.115574
1.587081
1.163159
0.823303
0.557057
0.352858
0.202314
0.099185
0.035213
0.005215
0.002591
0.005251
0.001872
0.000000
0.000000
0.000000
0.000000
0.000000
0.000000
0.000000
0.000000
0.000000
0.000000
0.000000
0.000000
0.000000
0.000000
0.010714
0.071880
0.098989
0.109234
0.118711
0.138177
0.177368
0.255984
0.401366
0.448648
0.461981
0.465022
0.465022
0.465022
0.457210
0.412303
0.263987
0.066157
0.034710
0.013406
0.002113
0.012714
0.048586
0.113983
0.212344
0.334127
0.439587
0.474069
0.386855
0.271150
0.348093
0.546549
0.810087
1.147432
1.567040
2.070250
2.724211
3.826397
4.339869
4.482217
4.506440
4.482218
4.337193
3.791459
2.677064
2.202549
2.062399
1.823833
1.862532
2.632892
3.104197
3.106509
2.610074
1.929285
1.503240
1.808811
2.076595
2.176633
2.018498
1.764941
1.632841
1.475389
1.244018
1.002229
1.138144
1.282408
1.348483
1.303805
1.185930
1.208278
1.350035
1.403028
1.348973
1.194183
1.027881
0.873710
0.742547
0.686496
0.800350
0.922498
1.050399
1.166597
1.243542
1.236623
1.146144
1.088763
1.203379
1.280190
1.264021
1.152116
1.022305
0.890568
0.776213
0.702349
0.666248
0.591164
0.536451
0.519282
0.496955
0.453330
0.487334
0.569622
0.658749
0.750598
0.841405
0.914199
0.916294
0.882244
0.811570
0.897848
0.970943
0.987694
0.927586
1.019622
1.114758
1.159951
1.132992
1.055880
1.069039
1.163360
1.209416
1.178051
1.162831
1.226707
1.223794
1.153841
1.095561
1.187869
1.261831
1.264126
1.194157
1.092302
0.982862
0.877392
0.827540
0.903861
0.923466
0.893609
1.086226
1.300655
1.412833
1.351883
1.698522
2.174597
2.763346
3.433464
4.114733
4.537725
4.197424
3.513892
2.836709
2.262698
1.851952
1.559320
1.385549
1.186282
1.251375
1.245229
1.399128
1.518399
1.520217
1.567543
1.620782
1.510509
1.353943
1.221354
1.216659
1.299986
1.521093
1.763685
1.920563
1.820526
1.631087
1.530911
1.351705
1.449260
1.557433
1.717643
1.867795
1.906151
1.831391
1.703817
1.614567
1.608343
1.750021
1.901511
2.057873
2.223924
2.396275
2.543718
2.605202
2.572763
2.434917
2.269564
2.167170
2.320515
2.445076
2.474688
2.379639
2.387051
2.358873
2.480073
2.678157
2.880812
3.063383
3.157383
3.310133
3.491242
3.581015
3.540291
3.585263
3.630436
3.544037
3.343173
3.315039
3.538096
3.743121
3.817431
3.886818
3.934644
3.833578
3.611765
3.360709
3.550831
3.778312
3.978072
4.056787
4.014500
3.824737
3.607877
3.364192
3.127897
2.902714
2.761256
2.987474
3.260096
3.554867
3.861729
4.145128
4.279912
4.220503
4.005671
3.704409
3.415679
3.687776
4.016882
4.331913
4.498342
4.434786
4.205212
4.334626
4.607658
4.676428
4.635095
4.625077
4.365533
4.008155
3.668607
3.658947
3.884244
4.245229
4.637594
5.071077
5.516328
5.680213
5.605042
5.254462
4.778816
4.286053
3.829083
3.407206
3.023252
2.679364
2.369012
2.093477
1.913166
1.755429
1.702723
1.668959
1.640016
1.746922
1.754671
1.790806
1.963036
2.066480
2.238935
2.591166
3.115246
3.652039
4.064085
4.652658
5.890187
6.947880
7.339374
7.242712
6.757309
5.793498
4.512493
3.596487
2.899450
2.301841
1.865375
2.040411
2.324912
2.705963
3.099612
3.343536
3.339279
3.086226
2.692842
2.294561
1.936932
1.627825
1.386341
1.441381
1.489983
1.384138
1.199309
0.998154
0.889636
0.847177
0.912633
0.950458
0.925798
0.984265
1.040589
1.155461
1.188725
1.125991
0.961910
0.918590
0.988765
1.062028
1.221238
1.340896
1.405066
1.459269
1.527470
1.605213
1.613478
1.542375
1.382655
1.243416
1.205131
1.139257
1.076651
1.066344
1.157131
1.219323
1.269779
1.311792
1.464720
1.370804
1.341090
1.282776
1.207471
1.156919
0.972636
0.763723
0.691733
0.688718
0.668304
0.694753
0.671060
0.741580
0.816762
0.917282
1.020934
1.087670
1.088134
1.078795
1.201378
1.318911
1.384825
1.361235
1.437280
1.905924
2.470236
3.062687
3.541916
3.960493
4.069538
3.692282
2.887099
2.205506
1.771392
1.366927
1.007325
0.732576
0.574861
0.416116
0.429639
0.514894
0.525817
0.577732
0.744852
0.919663
1.031478
1.035978
0.937971
0.776289
0.642340
0.680197
0.719390
0.850200
1.005427
1.181685
1.375813
1.582776
1.772408
1.879565
1.840355
1.663398
1.468356
1.323248
1.397441
1.369431
1.522873
1.709387
1.892594
2.102587
2.257676
2.401983
2.456644
2.334702
2.334787
2.401216
2.249753
2.074347
2.142957
2.352505
2.670167
3.038850
3.207046
3.035548
2.629906
2.206946
1.907241
1.639177
1.396249
1.178936
0.985007
0.811273
0.660222
0.528554
0.477710
0.541825
0.609488
0.619630
0.672421
0.529396
0.326707
0.202134
0.130467
0.131454
0.109195
0.080822
0.076593
0.081162
0.074443
0.105477
0.144227
0.188931
0.238552
0.286675
0.323281
0.364826
0.379714
0.356151
0.309239
0.252680
0.300567
0.339573
0.333895
0.287305
0.229188
0.188846
0.236402
0.279560
0.284407
0.251847
0.224811
0.246061
0.233251
0.193569
0.145105
0.102101
0.066066
0.038725
0.019280
0.007514
0.002212
0.000000
0.000000
0.000000
0.000000
0.000000
0.000000
0.000000
0.000000
0.000000
0.000000
0.000000
0.000000
0.000000
0.000000
0.000000
0.000000
0.000000
0.000000
0.000000
0.000000
0.009098
0.051002
0.131004
0.254573
0.429641
0.666253
0.969320
1.301876
1.531852
1.504830
1.236174
0.920003
0.636950
0.407166
0.443999
0.595081
0.774004
0.985311
1.231506
1.517006
1.844691
2.202097
2.510678
2.707057
2.581525
2.276082
1.909650
1.575015
1.282779
1.048911
1.385086
1.788629
2.268335
2.837893
3.483307
4.256235
5.171632
6.308197
8.039312
9.456668
9.456666
8.048227
6.342144
5.212542
4.296020
3.516850
2.845185
2.273039
1.792712
1.388442
1.051781
0.776107
0.552565
0.372688
0.233791
0.133580
0.066776
0.022139
0.001835
0.000000
0.000000
0.000000
0.000000
0.000000
0.000000
0.000000
0.000000
0.000000
0.000000
0.000000
0.000000
0.000000
0.000000
0.000000
0.000000
0.000000
0.000000
0.000000
0.000000
0.000000
0.000000
0.000000
0.000000
0.000000
0.000000
0.000000
0.000000
0.000000
0.000000
0.000308
0.023171
0.044339
0.051259
0.053745
0.056583
0.064012
0.080733
0.117214
0.201429
0.274895
0.350034
0.417297
0.284163
0.140210
0.047827
0.004442
0.000000
0.000000
0.000000
0.000000
0.000000
0.000000
0.000000
0.000000
0.000000
0.000000
0.000006
0.000000
0.000000
0.000000
0.000000
0.000000
0.000000
0.000000
0.000000
0.000000
0.000000
0.000000
0.000000
0.000000
0.001815
0.007309
0.015430
0.021614
0.021704
0.016458
0.011645
0.010427
0.068801
0.200423
0.454035
0.579425
0.616079
0.618318
0.584181
0.453554
0.191920
0.264764
0.471207
0.627572
0.765177
0.816411
0.802713
0.721020
0.595362
0.453187
0.280809
0.243171
0.235821
0.220480
0.250876
0.287102
0.338501
0.408693
0.493458
0.582284
0.672020
0.760919
0.852697
0.951996
1.065650
1.189798
1.316817
1.436558
1.511604
1.515861
1.450728
1.332315
1.199361
1.087286
1.213617
1.333416
1.461939
1.549185
1.587816
1.522892
1.417066
1.435179
1.584121
1.732967
1.852837
1.950899
2.097094
2.219594
2.264051
2.157487
2.297667
2.527483
2.750928
2.895731
3.057785
3.313375
3.567821
3.780407
3.895515
3.866160
3.842560
4.025736
4.270004
4.460473
4.480170
4.757713
5.052690
5.413407
5.818212
6.206498
6.446138
6.698930
7.072310
7.229473
7.122489
6.746467
6.386912
6.532740
6.820508
6.861622
6.743587
7.114290
7.360384
7.412279
8.037088
8.605171
9.202614
9.766386
9.962643
9.645417
9.074141
8.418482
7.828893
7.321433
7.818600
8.316251
8.757599
8.977808
9.255044
10.029752
10.833682
11.426306
11.615959
11.197721
10.352188
10.301268
9.880765
9.167042
8.781537
9.505246
10.097423
10.319786
10.233291
10.638814
12.388384
14.591839
17.275433
18.513868
18.549938
17.463024
14.880137
12.555152
10.744584
9.691986
10.465019
11.424836
12.185196
12.496406
12.099349
11.080827
10.351085
9.372254
8.316681
7.438724
6.589216
5.826459
5.243035
5.404584
5.960200
6.406962
6.661850
6.744631
6.614345
6.262213
5.926407
6.052175
6.215311
6.319408
6.522279
6.778818
7.073771
7.389446
7.704450
7.879637
7.856690
7.675847
7.410888
7.106692
6.783648
6.450069
6.177840
6.166487
6.532868
6.882389
7.250141
7.624045
7.918385
7.959118
7.751279
7.343380
6.903105
6.465708
6.053119
5.693257
5.447969
5.310200
5.107549
4.900222
4.642728
4.398687
4.279683
4.079262
3.839552
3.936170
4.175334
4.353588
4.381422
4.232996
4.039595
3.826629
3.685423
3.773730
3.937208
4.000004
3.976167
3.897262
4.026992
3.889857
3.379232
3.148757
3.145890
3.096751
2.929655
2.733744
2.427293
2.424643
2.577763
2.718868
2.776376
2.742485
2.605653
2.639908
2.628363
2.491459
2.305486
2.593639
2.631537
2.446214
2.090852
1.940748
1.789164
1.705680
1.616536
1.597824
1.762364
1.806034
1.722169
1.505013
1.403816
1.675455
1.998464
2.347134
2.670104
2.822677
2.657202
2.325230
1.965202
1.634049
1.349004
1.110938
0.935553
0.765312
0.598303
0.480377
0.575226
0.676159
0.784985
0.863421
0.866653
0.792239
0.666399
0.563952
0.651525
0.767438
0.851425
0.935658
0.981099
0.931453
0.835864
0.681402
0.517818
0.477661
0.506810
0.555523
0.777565
1.078365
1.380378
1.625265
1.628544
1.389225
1.086637
0.785039
0.713481
0.868526
1.009293
1.054428
0.930608
0.717011
0.770625
0.833717
0.882935
0.971217
1.066460
1.161912
1.286141
1.342327
1.365272
1.311282
1.204514
1.088064
1.058124
1.013955
0.948992
1.056263
1.108556
1.125465
1.157933
1.128252
1.046814
1.094613
1.438606
1.851279
2.298883
2.679886
2.887411
3.338013
2.862793
2.182605
1.773363
1.974596
1.994139
1.788436
1.610484
1.692246
1.639515
1.479070
1.322205
1.166443
1.251471
1.329134
1.367587
1.313513
1.195402
1.215994
1.378956
1.482351
1.497662
1.402582
1.527573
1.742192
1.895757
1.912488
1.787692
1.579913
1.687160
1.941636
2.246449
2.592788
3.006199
3.457334
3.873052
4.055312
3.902700
3.519967
3.112187
2.726763
2.370022
2.038139
1.738752
1.488102
1.349057
1.186751
1.004901
1.033503
1.136399
1.132297
1.017541
0.919395
0.925008
0.883413
0.992307
1.147273
1.284569
1.376813
1.324386
1.196771
1.036769
0.886621
0.782972
0.815262
0.840403
0.859523
0.966255
1.020475
1.001677
1.004436
1.048483
1.187214
1.322648
1.374365
1.359750
1.715127
1.964013
1.960815
2.023010
2.391459
2.800422
3.246241
3.724723
4.127625
4.341545
4.160210
3.766725
3.574123
3.270684
2.846435
2.416488
2.261610
2.105266
1.953320
1.903448
2.002999
2.110576
2.094805
1.925189
1.969728
2.491781
3.210444
4.328950
5.622371
6.089324
6.203603
6.226245
6.233062
6.219377
6.145218
5.902269
5.459176
4.917294
4.796286
4.713187
4.596534
4.355708
3.785012
2.833323
2.221468
2.004839
2.045511
1.834500
1.520444
1.188306
0.899433
0.662841
0.474976
0.366361
0.403932
0.484431
0.590403
0.768376
0.897308
0.986509
1.029401
1.014168
0.986625
1.049930
1.130340
1.203901
1.299754
1.376493
1.398960
1.504201
1.620148
1.726545
1.803730
1.931254
2.082245
2.214564
2.305225
2.338654
2.271574
2.124478
1.971229
1.916303
1.910412
2.043961
2.216955
2.425911
2.668273
2.905079
3.045598
3.005614
2.865336
2.671085
2.448858
2.234764
2.109210
2.188484
2.212327
2.104959
2.206584
2.373734
2.470876
2.506334
2.583657
2.817983
3.069448
3.320914
3.517528
3.547277
3.453735
3.246767
3.216464
3.045851
2.826165
2.569780
2.452577
2.476295
2.391685
2.294091
2.261076
2.429400
2.571024
2.600659
2.639737
2.925918
3.213607
3.477669
3.550285
3.470252
3.357838
3.808292
4.161670
4.202755
4.465301
4.985894
5.525858
6.097119
6.708864
7.373758
8.028540
8.450716
8.847186
9.595913
10.340880
10.923310
11.242749
10.991837
10.503351
9.944534
9.340411
9.084345
9.972242
10.977519
12.111947
13.259637
14.387520
14.836069
14.308832
13.088019
11.789701
10.579063
9.493817
8.520211
7.770555
7.688463
7.621961
7.850353
7.739071
7.286736
7.294904
7.338931
6.999040
6.726040
6.475043
6.425063
6.521774
6.346886
6.029571
5.608780
5.214044
4.941874
4.843987
5.183842
5.551751
5.898782
6.140423
6.130072
5.862882
5.499914
5.234699
5.210984
4.955410
4.673667
4.582067
4.604187
4.696176
4.759624
4.654014
4.508500
4.419244
4.481768
4.336161
4.080236
4.185278
4.447200
4.622546
4.715284
4.596269
4.339498
4.258074
4.624715
4.901661
5.219720
5.515796
5.692170
5.684543
5.499264
5.201892
4.959618
4.773020
4.441670
4.294806
4.583144
4.872935
5.054783
5.115770
5.008043
4.793147
4.579670
4.490932
4.491911
4.472267
4.323054
4.078495
3.895996
3.942023
3.983328
4.031719
3.909641
3.697966
3.753652
4.272339
4.785925
5.020587
4.569309
3.802714
3.046256
2.513876
2.534437
2.552225
2.484988
2.315470
2.161657
2.020654
2.032449
2.167917
2.122667
1.814858
1.796957
1.725563
2.059920
2.381230
2.549555
2.480611
2.247128
1.912274
1.593674
1.562225
1.812477
2.090732
2.353466
2.579203
2.667006
2.621762
2.407547
2.147559
2.364495
2.647028
2.888425
3.211824
3.455875
3.635560
3.571910
3.401914
3.086921
2.754975
2.443689
2.163235
1.914438
1.725112
1.782598
2.016414
2.329266
2.703727
3.121911
3.546865
3.945518
4.071032
3.935210
3.532382
3.058787
2.625866
2.228691
1.880738
1.574258
1.317745
1.587144
1.970480
2.346845
2.542595
2.928250
3.560010
4.311768
5.170549
6.029315
6.694869
6.686553
6.021906
5.179634
4.350214
3.738026
3.293888
2.746607
2.244164
1.844988
1.522859
1.590181
1.648780
1.467303
1.377163
1.376547
1.334040
1.915519
2.205930
2.200134
1.882130
1.731779
1.914477
2.120556
2.355520
2.578595
2.722904
2.768025
2.695910
2.564488
2.405252
2.247980
2.501435
2.987711
3.407767
3.703425
3.800713
3.725957
3.428041
2.988101
2.437297
1.850973
1.579374
1.442440
1.306925
1.099591
1.076337
1.172839
1.236726
1.237426
1.148087
1.016652
0.872338
0.751661
0.655931
0.584167
0.625435
0.784976
1.088278
1.247969
1.181819
0.949940
0.665071
0.691446
0.811752
0.962221
1.125913
1.219263
1.224945
1.118978
0.980161
0.841846
0.715986
0.608116
0.517479
0.468711
0.510183
0.512123
0.462162
0.403669
0.373373
0.435504
0.498244
0.563805
0.619928
0.653572
0.695632
0.804360
0.926433
1.064906
1.202904
1.287583
1.312851
1.231970
1.092117
0.949572
0.879304
1.050827
1.206174
1.280018
1.225207
1.085495
1.090332
1.277025
1.896109
2.210724
2.204001
2.393767
2.664019
2.772683
2.628553
2.381591
2.056655
1.800799
2.606241
3.097306
3.279431
3.326046
3.361557
3.336930
3.238187
3.177790
3.094152
3.539978
4.217211
4.815433
4.983542
4.626616
4.016241
3.380596
2.910859
3.241659
3.696208
3.829028
3.719689
3.289784
2.894225
2.966180
3.065801
2.864285
2.390584
2.293530
2.232998
2.672295
3.319066
4.283599
4.881887
4.217832
3.180439
2.423015
1.814124
1.320643
0.924124
0.689442
0.535144
0.488133
0.501299
0.669035
0.734868
0.656424
0.520202
0.341943
0.307606
0.314484
0.318063
0.356343
0.362228
0.313557
0.238240
0.210826
0.276585
0.358129
0.453976
0.561862
0.672427
0.773100
0.800521
0.759570
0.678834
0.584041
0.487778
0.393783
0.309277
0.235962
0.227639
0.226214
0.190671
0.107947
0.070866
0.067826
0.104003
0.152616
0.208367
0.252078
0.289761
0.342841
0.352520
0.319018
0.253350
0.183646
0.141388
0.159953
0.188806
0.239757
0.304606
0.362362
0.386990
0.365621
0.344278
0.307663
0.306918
0.293098
0.240033
0.222533
0.204291
0.174504
0.166593
0.143169
0.108676
0.071327
0.041718
0.021911
0.007844
0.017207
0.085608
0.215923
0.418931
0.706135
1.093127
1.623041
2.130730
2.120851
1.651133
1.509209
1.705920
1.875508
2.465518
3.204987
3.572894
3.724535
3.760452
3.737473
3.586005
3.219025
2.392924
1.660327
1.165267
0.822952
0.537354
0.311815
0.152648
0.053424
0.006371
0.001653
0.019249
0.046616
0.079146
0.146837
0.222874
0.294444
0.373579
0.479485
0.640225
0.848318
1.085195
1.291894
1.375156
1.224447
0.991438
0.754300
0.547604
0.381145
0.249038
0.147591
0.076126
0.029840
0.061144
0.108339
0.176423
0.269055
0.390159
0.536461
0.678825
0.776600
0.755707
0.627105
0.495195
0.377282
0.302586
0.264640
0.208903
0.158917
0.198282
0.273529
0.337338
0.383751
0.380078
0.313539
0.232845
0.197495
0.185254
0.137353
0.088558
0.050161
0.025515
0.014316
0.028639
0.044771
0.105415
0.172713
0.215289
0.242461
0.368356
0.589232
0.886288
1.257108
1.713798
2.251936
2.781963
3.050249
2.830819
2.283162
1.727080
1.258312
0.886020
0.596005
0.368317
0.348794
0.483021
0.677308
0.888781
1.014289
0.977553
0.831466
0.646035
0.647685
0.584103
0.455072
0.308096
0.198390
0.277681
0.417925
0.590943
0.706858
0.692247
0.957514
1.522914
2.132143
2.383230
2.449250
2.446862
2.383034
2.134398
1.536198
1.106117
0.797248
0.671092
0.504552
0.549355
0.871682
1.240909
1.364912
1.182016
0.718706
0.397367
0.189792
0.063832
0.072229
0.072047
0.039194
0.006377
0.000000
0.000000
0.000000
0.000000
0.004433
0.043964
0.113578
0.155601
0.113586
0.042198
0.007532
0.017978
0.023678
0.023116
0.019999
0.015222
0.007564
0.004466
0.003140
0.002533
0.002109
0.001392
0.000016
0.000000
0.000000
0.000000
0.000000
0.000000
0.000000
0.000000
0.000000
0.000000
0.000000
0.000000
0.000000
0.003288
0.032379
0.074895
0.137298
0.197005
0.247711
0.289718
0.288350
0.239177
0.244870
0.208234
0.173275
0.239417
0.309824
0.379438
0.563746
0.803103
0.909192
0.904659
0.772786
0.482990
0.301933
0.335694
0.358243
0.428881
0.452795
0.537865
0.586628
0.550146
0.694492
0.734208
0.715733
0.953004
1.183026
1.299228
1.340756
1.392633
1.658100
2.059385
2.495669
2.844322
3.068387
3.015350
2.707139
2.385159
2.023790
2.041429
2.259368
2.317875
2.163569
2.082094
1.885310
1.722254
1.481361
1.237200
1.080423
1.039337
1.147139
1.141717
1.078372
1.097237
1.296771
1.442615
1.537824
2.004737
2.498517
2.885920
3.095016
3.680477
4.340457
4.842320
5.459218
5.787795
5.473794
4.652699
3.763160
2.985620
2.355404
1.915599
1.770024
1.976303
2.196069
2.393591
2.471016
2.517280
2.523704
2.286536
2.252531
2.008461
1.919396
1.844509
1.685660
1.453562
1.217606
1.197509
1.291167
1.289138
1.289147
1.194666
1.175917
1.314763
1.400077
1.763710
2.245970
2.614323
2.294736
1.951286
2.238562
2.551277
2.829944
2.909208
2.777260
2.603023
2.554514
2.409454
2.280869
2.296571
2.411289
2.340032
2.384147
2.611158
2.656349
2.550246
2.563291
2.749630
2.887758
3.317027
3.802948
4.267391
4.458679
4.302509
3.932237
3.483441
3.375498
3.602073
3.653685
3.524211
3.573799
4.138902
4.850441
5.684626
6.612598
7.644310
8.659323
9.475553
9.476154
8.680871
7.673515
6.742742
5.971780
5.204373
4.601493
4.140516
3.799290
3.702950
3.500331
3.366734
3.460377
3.825512
4.222202
4.470528
4.288504
3.938719
3.506302
3.284076
3.610666
4.074832
4.576112
5.084759
5.484606
5.562501
5.261237
4.787696
4.269843
3.778995
3.319448
3.261746
3.276572
3.110689
2.880509
2.627540
2.672553
2.803933
2.812748
2.680661
2.816964
3.111918
3.442139
3.781932
4.125986
4.453912
4.720835
4.857024
4.681567
4.365924
3.950282
3.541616
3.164830
2.833087
2.699257
2.793083
2.741247
2.879907
3.561692
4.450788
5.291748
5.558872
5.252742
4.291791
3.157891
2.346049
1.735479
1.273297
1.387534
1.435774
1.398891
1.270451
1.104515
0.926734
0.772196
0.888777
0.983943
1.147213
1.438272
1.785976
2.192420
2.638538
3.039526
3.313695
3.258697
2.971433
2.655724
2.482460
2.639685
3.215129
3.440298
3.364800
3.212465
3.547606
3.781909
3.964844
4.130998
4.194190
4.165343
4.183655
4.440739
4.445549
4.251327
3.886431
3.629579
3.446185
3.237558
3.264988
3.407130
3.413228
3.304093
3.109908
2.863253
2.619491
2.433833
2.422750
2.534315
2.685163
2.863533
2.939225
3.015271
3.015556
2.912454
2.900023
3.338343
3.717526
3.810905
3.530792
3.105331
2.633202
2.494514
2.727675
2.958255
3.063667
3.010649
2.806984
2.746681
2.799489
2.820168
2.786416
2.660859
2.631545
2.671055
2.828585
2.903723
2.923988
2.948642
2.940643
2.850827
2.693069
2.846234
2.896931
2.944340
3.149310
3.369706
3.451612
3.488231
3.520341
3.420186
3.182030
2.885331
2.587463
2.565584
2.809398
3.025702
3.158352
3.260026
3.283742
3.157368
2.919834
2.780240
2.991527
3.114922
3.236300
3.257355
3.234433
3.358971
3.456055
3.386016
3.195020
2.875812
2.529399
2.218532
2.124245
2.641780
3.342722
4.102822
4.696550
4.671922
4.084387
3.432995
3.060295
3.100423
3.498536
3.702979
4.371564
5.048291
5.689263
6.038273
6.150394
5.724700
5.458066
5.529605
5.415240
5.672929
6.243063
7.025865
7.454827
7.642493
7.612988
7.142429
6.514194
7.467797
6.561665
6.740169
6.777822
6.742623
7.339002
7.809559
7.843721
7.387031
6.808830
6.598814
6.538461
6.414893
6.544914
6.302265
6.034846
5.951547
6.135259
6.443827
7.029547
7.165179
6.815464
6.111798
5.451671
5.848619
6.304880
6.808799
7.321212
7.831704
8.286041
8.479096
8.295993
7.885574
7.370718
7.359765
7.933378
8.553251
9.056961
9.077240
8.612078
8.006393
7.455100
7.094177
6.930675
6.546640
6.069210
5.572591
5.098929
4.638417
4.203184
3.791256
3.433077
3.126437
2.872222
2.664966
2.417467
2.390188
2.481829
2.453932
2.424991
2.331516
2.054918
1.583684
1.680634
1.663409
1.521830
1.292447
1.050001
0.833051
0.774503
0.902144
1.139277
1.765403
2.340360
2.575789
2.622456
2.555482
2.292873
1.674356
1.027965
0.643786
0.732434
0.893367
1.078208
1.299363
1.539074
1.725520
1.656456
0.988685
0.501618
0.168654
0.056047
0.003640
0.006584
0.014948
0.031848
0.047512
0.067945
0.104613
0.104014
0.063959
0.033095
0.003354
0.000000
0.000000
0.000000
0.000000
0.000000
0.000000
0.000000
0.000000
0.000000
0.000000
0.000000
0.000000
0.000000
0.000000
0.000000
0.000000
0.000000
0.010377
0.060824
0.132892
0.140620
0.000000
0.000000
0.022962
0.000000
0.000000
0.000000
0.000000
0.000000
0.001482
0.028707
0.000000
0.000000
0.000000
0.000000
0.000000
0.000000
0.000000
0.000000
