track	type=wiggle_0
fixedStep	chrom=chr	start=1	step=1
0.000000
0.000000
0.000000
0.000000
0.000000
0.000000
0.000000
0.000000
0.000000
0.948924
2.060957
2.912636
3.479508
3.836757
3.976251
3.570518
2.827509
2.178149
1.638900
1.204373
0.857293
0.584791
0.375263
0.219059
0.111319
0.042467
0.008142
0.004489
0.008157
0.003835
0.000058
0.000000
0.000000
0.000000
0.000000
0.000000
0.000000
0.000000
0.000000
0.000000
0.000000
0.000000
0.000000
0.000000
0.012521
0.077126
0.105343
0.115958
0.125768
0.145976
0.186409
0.267083
0.415560
0.463747
0.477330
0.480421
0.480421
0.480421
0.472480
0.426653
0.274969
0.084050
0.047484
0.021381
0.005799
0.018137
0.059925
0.130990
0.234067
0.362427
0.472841
0.509067
0.417869
0.295747
0.370730
0.575381
0.848123
1.193585
1.620641
2.129305
2.795174
3.924738
4.451300
4.597354
4.622313
4.597354
4.448499
3.889150
2.747135
2.264707
2.122346
1.883074
1.918072
2.708518
3.190305
3.192646
2.684977
1.988001
1.557041
1.889551
2.164875
2.267640
2.104830
1.844481
1.713356
1.550906
1.311261
1.066964
1.225865
1.374548
1.442639
1.397397
1.275282
1.299243
1.446458
1.503051
1.445359
1.284626
1.110668
0.950607
0.811881
0.763174
0.882217
1.008976
1.142571
1.265700
1.346112
1.339324
1.244118
1.182584
1.302673
1.383684
1.366972
1.249765
1.113144
0.974265
0.854227
0.776089
0.737119
0.657657
0.605852
0.695387
0.791944
0.898234
1.010052
1.125384
1.252059
1.387541
1.521899
1.628869
1.651728
1.610682
1.507954
1.628826
1.719166
1.755856
1.661914
1.657121
1.762692
1.819595
1.764340
1.661300
1.742086
1.840536
1.885572
1.840771
1.778591
1.857677
1.854129
1.767035
1.701563
1.821092
1.919093
1.937999
1.898576
1.817008
1.968471
2.093803
2.135762
2.079762
2.014553
1.974084
1.947691
1.947074
1.979277
2.066478
2.122453
2.250478
2.848823
3.531621
4.220186
4.645003
4.304492
3.612840
2.923582
2.341006
1.922271
1.969958
2.113635
2.180345
2.126510
1.986526
1.977073
1.984981
1.916267
1.839710
1.881015
1.959519
2.057794
2.151819
2.291995
2.639136
3.027550
3.411708
3.661514
3.572190
3.271132
2.872856
2.496006
2.352184
2.646966
2.938699
3.183118
3.365043
3.371250
3.177186
2.859995
2.534719
2.444416
2.697169
2.887813
3.066473
3.200160
3.121957
3.203708
3.265114
3.365483
3.563027
3.783721
3.982270
4.056735
3.998300
3.799884
3.572629
3.349498
3.133690
2.926169
3.080443
3.269184
3.365587
3.520903
3.705714
3.790915
3.897819
3.961262
3.977613
4.047710
4.184699
4.440870
4.731546
5.021058
5.232195
5.437746
5.508328
5.390810
5.113658
4.794300
4.483160
4.188328
3.918141
3.691583
3.852086
4.134507
4.352715
4.411040
4.274877
4.026304
3.748530
3.471834
3.207423
3.156584
3.446695
3.724313
3.893915
3.877702
3.688882
3.492182
3.593735
3.877722
4.215680
4.539441
4.709880
4.646201
4.411999
4.538270
4.815846
4.884459
4.840398
4.829321
4.554204
4.185688
3.843098
3.831059
4.058635
4.431863
4.836020
5.284466
5.736745
5.904678
5.827236
5.464971
4.979264
4.472131
4.000150
3.569857
3.175020
2.819256
2.524005
2.456119
2.440321
2.347083
2.171250
2.080582
2.041557
2.067821
1.988908
2.108145
2.340346
2.555698
2.693727
2.678697
3.206197
3.755612
4.177485
4.767285
6.021942
7.101772
7.500262
7.402584
6.908215
5.923387
4.621089
3.687216
2.965847
2.351716
1.834704
1.944878
2.252118
2.631642
3.022315
3.292017
3.320187
3.073277
2.708654
2.429981
2.322863
2.192735
2.146732
2.047055
1.805874
1.621240
1.392204
1.148091
1.007750
0.933862
0.876732
0.856486
0.887161
1.074586
1.231725
1.356552
1.379892
1.307214
1.122152
1.081477
1.057287
1.222045
1.736974
2.466790
2.985578
3.311707
3.646664
4.032297
3.611121
3.171002
2.592455
1.943222
1.836057
1.730299
1.636813
1.681236
1.760286
1.727381
1.642571
1.499945
1.361536
1.153849
1.063825
1.046540
1.106269
1.089242
0.966044
0.827429
0.981047
1.059202
0.998135
0.840499
0.873843
0.910673
0.924192
0.898526
0.981345
1.078936
1.102247
1.059622
1.116062
1.238072
1.343324
1.391279
1.487445
1.970160
2.541880
3.136906
3.617292
4.041667
4.156320
3.779302
2.960668
2.268665
1.827111
1.413581
1.046896
0.954836
1.039195
1.106506
1.201996
1.235067
1.301092
1.329898
1.475602
1.575633
1.602491
1.668928
1.671837
1.623760
1.592963
1.565683
1.584723
1.628815
1.598161
1.475415
1.469274
1.684993
1.883048
1.994738
1.954513
1.769497
1.565904
1.413983
1.488888
1.456618
1.625398
1.820752
2.010909
2.229221
2.390221
2.538518
2.594704
2.468214
2.439312
2.507004
2.349373
2.169535
2.245766
2.462608
2.785697
3.165608
3.335146
3.162408
2.744518
2.312001
2.017107
1.739395
1.486292
1.258836
1.056538
0.878163
0.719199
0.578753
0.517742
0.584727
0.656587
0.666889
0.700137
0.553101
0.344558
0.228456
0.165695
0.166771
0.141138
0.108469
0.098562
0.103650
0.100455
0.135572
0.179292
0.230569
0.285335
0.338547
0.378972
0.423329
0.439629
0.414794
0.362203
0.303268
0.355767
0.396346
0.390123
0.340621
0.276595
0.225207
0.277242
0.324750
0.329982
0.294343
0.264090
0.287018
0.273334
0.230158
0.176823
0.129176
0.088187
0.055966
0.031700
0.015493
0.006515
0.000459
0.000000
0.000000
0.000000
0.000000
0.000000
0.000000
0.000000
0.000000
0.000000
0.000000
0.000000
0.000000
0.000000
0.000000
0.000000
0.000000
0.000000
0.000000
0.000000
0.012849
0.059613
0.144974
0.275132
0.456361
0.697992
1.006659
1.344746
1.577322
1.552237
1.277377
0.955850
0.667642
0.432952
0.486012
0.642982
0.829161
1.046161
1.300317
1.595124
1.933547
2.306260
2.622160
2.824529
2.694443
2.381657
2.000334
1.655400
1.353886
1.103193
1.449688
1.861923
2.350483
2.927854
3.583197
4.369328
5.301377
6.459201
8.210465
9.652002
9.651999
8.219481
6.493551
5.342900
4.410077
3.617348
2.935019
2.355272
1.866153
1.453232
1.106159
0.818662
0.585171
0.399508
0.255348
0.149471
0.078031
0.029123
0.004137
0.000000
0.000000
0.000000
0.000000
0.000000
0.000000
0.000000
0.000000
0.000000
0.000000
0.000000
0.000000
0.000000
0.000000
0.000000
0.000000
0.000000
0.000000
0.000000
0.000000
0.000000
0.000000
0.000000
0.000000
0.000000
0.000000
0.000000
0.000000
0.000000
0.000000
0.000666
0.026344
0.048862
0.055971
0.058514
0.061455
0.069218
0.086684
0.124700
0.211873
0.287721
0.365010
0.435315
0.296633
0.149682
0.053223
0.006139
0.000000
0.000000
0.000000
0.000000
0.000000
0.000000
0.000000
0.000000
0.000000
0.000790
0.002210
0.001803
0.000319
0.000156
0.000030
0.000000
0.000000
0.000000
0.000000
0.000000
0.000000
0.000000
0.000000
0.001108
0.006720
0.015649
0.026817
0.034922
0.035306
0.028296
0.021760
0.019068
0.075150
0.211152
0.470091
0.597719
0.633757
0.636344
0.603433
0.469376
0.218869
0.307945
0.528689
0.702544
0.849407
0.903910
0.888981
0.803059
0.662479
0.509996
0.323790
0.288761
0.280777
0.264433
0.296908
0.335438
0.391027
0.468021
0.558242
0.654245
0.750127
0.845214
0.939754
1.045198
1.166805
1.298036
1.431534
1.557295
1.635140
1.639438
1.571821
1.447678
1.307618
1.183300
1.318497
1.440303
1.577860
1.666574
1.705688
1.635098
1.522676
1.543602
1.697747
1.856105
1.982398
2.085400
2.237268
2.360464
2.400261
2.287505
2.427147
2.657272
2.885031
3.034420
3.212588
3.478152
3.745046
3.962036
4.075614
4.037239
4.008352
4.193111
4.445607
4.641589
4.662366
4.942152
5.248862
5.616100
6.030824
6.432518
6.674976
6.936795
7.321666
7.479548
7.362597
6.985877
6.620844
6.771909
7.066505
7.106488
6.992524
7.370352
7.625521
7.642488
8.284926
8.869658
9.476109
10.057161
10.255479
9.925042
9.340088
8.668686
8.066896
7.569187
8.081449
8.585125
9.037464
9.261070
9.495412
10.284872
11.110974
11.706430
11.900620
11.469503
10.610333
10.551706
10.117845
9.394362
9.031505
9.767725
10.379632
10.600427
10.514767
10.827390
12.600410
14.835845
17.533159
18.739233
18.671478
17.328522
14.659421
12.551761
10.858463
9.904217
10.698494
11.674845
12.444623
12.760928
12.357628
11.317624
10.574907
9.579802
8.508449
7.616150
6.748341
5.976457
5.416634
5.631629
6.200397
6.639253
6.852963
6.853868
6.679802
6.408915
6.130092
6.280674
6.463781
6.568921
6.775878
7.033783
7.335987
7.658432
7.972651
8.134186
8.087646
7.872975
7.584890
7.269094
6.939501
6.602107
6.327266
6.309907
6.681715
7.041857
7.412251
7.794565
8.091937
8.131440
7.920263
7.504189
7.054828
6.606321
6.189290
5.825119
5.570834
5.433762
5.229756
5.015117
4.756064
4.508522
4.387108
4.183765
3.939112
4.041504
4.282517
4.465823
4.494260
4.344458
4.144445
3.927525
3.792356
3.874549
4.036889
4.096705
4.071803
3.999681
4.122543
3.987520
3.468898
3.238804
3.240099
3.187560
3.013493
2.814481
2.502429
2.489345
2.647331
2.794466
2.857769
2.824958
2.683919
2.710468
2.695197
2.554960
2.360297
2.621436
2.654972
2.465567
2.138997
1.987222
1.833847
1.744908
1.656249
1.632927
1.802986
1.849913
1.767180
1.545078
1.430427
1.705901
2.034823
2.393072
2.724403
2.878330
2.708039
2.370274
2.004300
1.668822
1.376814
1.134833
0.957548
0.785551
0.614854
0.497969
0.595291
0.695805
0.805915
0.885657
0.889783
0.814873
0.689178
0.583548
0.661144
0.779031
0.886595
0.974004
1.020565
0.968903
0.870855
0.709724
0.541334
0.495958
0.532134
0.582565
0.792014
1.095928
1.399584
1.642957
1.638440
1.388425
1.079413
0.776467
0.700927
0.854538
0.992884
1.037667
0.915108
0.705038
0.755138
0.809708
0.851939
0.940484
1.036766
1.130798
1.265720
1.322197
1.331508
1.276080
1.170218
1.055100
1.029008
0.986197
0.916547
1.022385
1.079895
1.107379
1.151327
1.127090
1.046929
1.094713
1.438606
1.851279
2.298883
2.679886
2.887411
3.338013
2.862793
2.182605
1.773363
1.974596
1.994139
1.788436
1.610484
1.692246
1.639515
1.479070
1.322205
1.166443
1.251471
1.329134
1.367587
1.313513
1.195402
1.215994
1.378956
1.482351
1.497662
1.402582
1.527573
1.742192
1.895757
1.912488
1.787692
1.579913
1.687160
1.941636
2.246449
2.592788
3.006199
3.457334
3.873052
4.055312
3.902700
3.519967
3.112187
2.726763
2.370022
2.038139
1.738752
1.488102
1.349057
1.186751
1.004901
1.033503
1.136399
1.132297
1.017541
0.919395
0.925008
0.883413
0.992307
1.147273
1.284569
1.376813
1.324386
1.196771
1.036769
0.886621
0.782972
0.815262
0.840403
0.859523
0.966255
1.020475
1.001677
1.004436
1.048483
1.187214
1.322648
1.374365
1.359750
1.715127
1.964013
1.960815
2.023010
2.391459
2.800422
3.246241
3.724723
4.127625
4.341545
4.160210
3.766725
3.574123
3.270684
2.846435
2.416488
2.261610
2.105266
1.953320
1.903448
2.002999
2.110576
2.094805
1.925189
1.969728
2.491781
3.210444
4.328950
5.622371
6.089324
6.203603
6.226245
6.233062
6.219377
6.145218
5.902269
5.459176
4.917294
4.796286
4.713187
4.596534
4.355708
3.785012
2.833323
2.221468
2.004839
2.045511
1.834500
1.520444
1.188306
0.899433
0.662841
0.474976
0.366361
0.403932
0.484431
0.590403
0.768376
0.897308
0.986509
1.029401
1.014168
0.986625
1.049930
1.130340
1.203901
1.299754
1.376493
1.398960
1.504201
1.620148
1.726545
1.803730
1.931254
2.082245
2.214564
2.305225
2.338654
2.271574
2.124478
1.971229
1.916303
1.910412
2.043961
2.216955
2.425911
2.668273
2.905079
3.045598
3.005614
2.865336
2.671085
2.448858
2.234764
2.109210
2.188484
2.212327
2.104959
2.206584
2.373734
2.470876
2.506334
2.583657
2.817983
3.069448
3.320914
3.517528
3.547277
3.453735
3.246767
3.216464
3.045851
2.826165
2.569780
2.452577
2.476295
2.391685
2.294091
2.261076
2.429400
2.571024
2.600659
2.639737
2.925918
3.213607
3.477669
3.550285
3.470252
3.357838
3.808292
4.161670
4.202755
4.465301
4.985894
5.525858
6.097119
6.708864
7.373758
8.028540
8.450716
8.847186
9.595913
10.340880
10.923310
11.242749
10.991837
10.503351
9.944534
9.340411
9.084345
9.972242
10.977519
12.111947
13.259637
14.387520
14.836069
14.308832
13.088019
11.789701
10.579063
9.493817
8.520211
7.770555
7.688463
7.621961
7.850353
7.739071
7.286736
7.294904
7.338931
6.999040
6.726040
6.475043
6.425063
6.521774
6.346886
6.029571
5.608780
5.214044
4.941874
4.843987
5.183842
5.551751
5.898782
6.140423
6.130072
5.862882
5.499914
5.234699
5.210984
4.955410
4.673667
4.582067
4.604187
4.696176
4.759624
4.654014
4.508500
4.419244
4.481768
4.336161
4.080236
4.185278
4.447200
4.622546
4.715284
4.596269
4.339498
4.258074
4.624715
4.901661
5.219720
5.515796
5.692170
5.684543
5.499264
5.201892
4.959618
4.773020
4.441670
4.294806
4.583144
4.872935
5.054783
5.115770
5.008043
4.793147
4.579670
4.490932
4.491911
4.472267
4.323054
4.078495
3.895996
3.942023
3.983328
4.031719
3.909641
3.697966
3.753652
4.272339
4.785925
5.020587
4.569309
3.802714
3.046256
2.513876
2.535151
2.552225
2.485695
2.316154
2.162385
2.020654
2.032449
2.167917
2.122667
1.814858
1.796957
1.725563
2.059920
2.381230
2.549555
2.480611
2.247128
1.912274
1.593674
1.562813
1.812477
2.090732
2.353466
2.579203
2.667006
2.621762
2.407547
2.147559
2.364495
2.647028
2.888425
3.211824
3.455875
3.635560
3.571910
3.401914
3.086921
2.754975
2.443689
2.163235
1.914438
1.725112
1.782598
2.016414
2.329266
2.703727
3.121911
3.546865
3.945518
4.071032
3.935210
3.532382
3.058787
2.625866
2.228691
1.880738
1.574258
1.317745
1.587144
1.970480
2.346845
2.542595
2.928250
3.560010
4.311768
5.170549
6.029315
6.694869
6.686553
6.021906
5.179634
4.350214
3.738026
3.293888
2.746607
2.244164
1.844988
1.522859
1.590181
1.648780
1.467303
1.377163
1.376547
1.334040
1.915519
2.205930
2.200134
1.882130
1.731779
1.914477
2.120556
2.355520
2.578595
2.722904
2.768025
2.695910
2.564488
2.405252
2.247980
2.503457
2.989920
3.408634
3.704330
3.801967
3.728719
3.434820
3.003410
2.458535
1.873182
1.599484
1.461627
1.322891
1.116177
1.092191
1.189379
1.253274
1.254481
1.162869
1.029887
0.884160
0.762618
0.664676
0.592066
0.634351
0.791247
1.092874
1.254321
1.189215
0.954630
0.674773
0.701852
0.823980
0.976499
1.139063
1.234587
1.239035
1.131096
0.992205
0.853265
0.726648
0.617858
0.525981
0.475671
0.516887
0.519176
0.469368
0.411754
0.383003
0.444905
0.509313
0.574548
0.631585
0.666328
0.709653
0.818541
0.943621
1.083861
1.222153
1.305454
1.329975
1.249045
1.107496
0.964793
0.892295
1.064946
1.220819
1.291790
1.239357
1.100624
1.099623
1.290491
1.903642
2.218466
2.213897
2.395982
2.650053
2.751086
2.615209
2.385984
2.071096
1.809936
2.621606
3.110840
3.297591
3.346424
3.396294
3.386212
3.303867
3.222281
3.135080
3.565887
4.250071
4.851585
5.015055
4.654677
4.045001
3.408535
2.931748
3.258655
3.716219
3.843062
3.732699
3.310491
2.914192
2.983174
3.081577
2.880636
2.408650
2.309760
2.244752
2.686216
3.334325
4.304553
4.908326
4.240968
3.200952
2.440639
1.829106
1.331357
0.929509
0.699112
0.541551
0.492652
0.506580
0.676614
0.742347
0.662577
0.524272
0.345789
0.312256
0.318619
0.323665
0.357786
0.362701
0.313413
0.237703
0.209994
0.275811
0.357035
0.453623
0.562735
0.674756
0.776658
0.806462
0.763116
0.680611
0.584775
0.487745
0.393314
0.308120
0.234298
0.228713
0.228105
0.193110
0.109480
0.069809
0.066221
0.102223
0.151833
0.207904
0.252503
0.289534
0.342474
0.351248
0.316249
0.250638
0.181897
0.139911
0.158384
0.187016
0.237631
0.303093
0.361565
0.386355
0.364754
0.343343
0.306516
0.306281
0.292628
0.239268
0.221776
0.203180
0.172862
0.164895
0.141622
0.107361
0.070056
0.040640
0.020975
0.007247
0.017374
0.086268
0.217817
0.423456
0.712904
1.104456
1.640859
2.153710
2.143238
1.667574
1.525232
1.724940
1.896100
2.491504
3.233883
3.603121
3.757976
3.797420
3.774970
3.621545
3.249951
2.415506
1.676677
1.178296
0.832611
0.542092
0.314856
0.154511
0.054032
0.006418
0.001467
0.019058
0.046640
0.078638
0.146643
0.223251
0.295512
0.376294
0.485120
0.648309
0.858274
1.098786
1.305717
1.388144
1.237195
1.001711
0.761783
0.552872
0.385286
0.253111
0.149526
0.077140
0.029906
0.060599
0.108067
0.177267
0.270099
0.390760
0.538096
0.683599
0.780579
0.759830
0.629213
0.495710
0.376921
0.302508
0.264411
0.208378
0.158191
0.197258
0.272639
0.336914
0.384759
0.381537
0.313805
0.232379
0.196723
0.184353
0.136817
0.088013
0.049660
0.024902
0.013519
0.028119
0.044589
0.105784
0.173576
0.216980
0.244035
0.371645
0.594811
0.892345
1.268204
1.730775
2.274509
2.808400
3.079312
2.858780
2.304790
1.740927
1.268988
0.895750
0.602326
0.371332
0.350039
0.484750
0.680759
0.895843
1.024849
0.987672
0.837641
0.651518
0.652524
0.587578
0.459025
0.309648
0.200042
0.279144
0.420770
0.595410
0.714260
0.698386
0.964326
1.540175
2.155639
2.409505
2.475822
2.472741
2.406616
2.154440
1.551750
1.117773
0.806063
0.678040
0.509858
0.556583
0.880741
1.252836
1.378136
1.191924
0.724545
0.403730
0.194444
0.065288
0.073812
0.073606
0.039807
0.006397
0.000000
0.000000
0.000000
0.000000
0.004441
0.044795
0.115089
0.158111
0.115837
0.042985
0.007631
0.018339
0.024489
0.023686
0.020263
0.015566
0.007849
0.004665
0.003331
0.002716
0.002251
0.001475
0.000025
0.000000
0.000000
0.000000
0.000000
0.000000
0.000000
0.000000
0.000000
0.000000
0.000000
0.000000
0.000000
0.000000
0.000000
0.000000
0.002956
0.016149
0.032370
0.047966
0.047556
0.054603
0.177719
0.412617
0.821355
1.043746
1.098124
1.064929
1.039663
0.973109
0.966007
0.920114
0.778228
0.477469
0.199930
0.081181
0.173593
0.283935
0.326824
0.398758
0.421845
0.327398
0.245868
0.236581
0.275174
0.391024
0.666820
1.112533
1.353157
1.406122
1.338289
1.059348
0.716519
0.805573
0.968976
0.943360
0.926792
1.015842
1.133508
1.177591
1.074788
0.908638
0.843685
0.890200
0.957109
1.091559
1.164758
1.069010
1.000667
1.055049
1.160335
1.148137
1.084783
1.110912
1.314116
1.460942
1.555091
2.026554
2.526760
2.920829
3.130492
3.720626
4.385509
4.893957
5.520585
5.848037
5.527742
4.698343
3.801929
3.016957
2.381588
1.937225
1.796170
2.006398
2.231158
2.431107
2.499753
2.551248
2.556381
2.317474
2.282053
2.035433
1.650634
1.336582
1.413124
1.359733
1.204553
1.231124
1.317650
1.449867
1.498975
1.439020
1.282534
1.340690
1.431911
1.785795
2.274579
2.651125
2.325767
1.991420
2.280672
2.600575
2.881827
2.960720
2.826291
2.647043
2.601350
2.452897
2.320372
2.329035
2.440518
2.365256
2.644183
2.885825
3.164334
3.448957
3.661285
3.675317
3.497233
3.352370
3.848281
4.316929
4.507679
4.355555
3.975354
3.519730
3.707358
3.949939
4.001553
3.865898
3.662292
4.181060
4.897554
5.742173
6.682994
7.727332
8.756389
9.581386
9.589310
8.776602
7.774572
6.972694
6.666481
6.432533
6.246148
6.247026
6.414756
6.198992
5.693785
5.436435
6.154230
6.937190
7.127220
6.658534
5.821644
5.123575
4.609520
4.033846
4.056011
4.552788
5.086327
5.627051
6.076300
6.170304
5.882132
5.359653
4.854362
4.331017
3.816599
3.591914
3.609247
3.433551
3.187452
2.913166
2.792902
2.889130
2.914136
2.963789
3.148790
3.453952
3.805164
4.166794
4.530660
4.876371
5.158585
5.323547
5.158310
4.823096
4.382323
3.960175
3.558027
3.205003
3.037553
3.179104
3.095914
2.935950
3.601790
4.499326
5.348658
5.619116
5.313267
4.344773
3.196567
2.374826
1.757218
1.719159
1.608433
1.654857
1.613787
1.490392
1.308194
1.114364
0.941377
1.047398
1.159715
1.206640
1.462091
1.814726
2.228214
2.679833
3.085971
3.364873
3.310253
3.017852
2.694970
2.512940
2.888555
3.507956
3.774051
3.747489
3.635846
3.723554
3.930020
4.118041
4.262753
4.340237
4.274534
4.266227
4.584292
4.660367
4.585179
4.437075
4.210701
3.852617
3.387805
2.856282
2.716259
2.697475
2.669163
2.530940
2.322645
2.104772
2.132454
2.362163
2.709522
2.971318
3.168547
3.293097
3.270511
3.121478
2.968036
2.928939
3.371813
3.757369
3.849534
3.568183
3.136861
2.659735
2.516725
2.754479
2.988448
3.096331
3.043755
2.838426
2.777201
2.830957
2.852544
2.818388
2.688896
2.656822
2.701139
2.862674
2.939605
2.959781
2.986933
2.976639
2.885234
2.725273
2.880662
2.932405
2.980489
3.196594
3.420477
3.502446
3.543211
3.578665
3.474080
3.225168
2.927965
2.624494
2.604364
2.849776
3.068585
3.203439
3.306441
3.332594
3.205192
2.967451
2.824480
3.037555
3.167351
3.291427
3.312800
3.293975
3.422489
3.521409
3.451076
3.255316
2.928226
2.578562
2.263254
2.154833
2.676196
3.384130
4.150601
4.747422
4.724231
4.136571
3.474947
3.099561
3.139976
3.546707
3.755583
4.433634
5.120390
5.769313
6.120894
6.236339
5.807001
5.516655
5.591034
5.478405
5.734305
6.313145
7.110561
7.540833
7.724423
7.693094
7.215460
6.585953
7.530433
6.620366
6.807715
6.856948
6.822793
7.424502
7.895430
7.935643
7.472476
6.887676
6.673842
6.618231
6.492840
6.617969
6.370085
6.097126
6.014945
6.212686
6.513910
7.107255
7.244753
6.894999
6.179703
5.516131
5.927137
6.389260
6.896839
7.412808
7.927220
8.392135
8.587558
8.402462
7.984833
7.468154
7.451365
8.035391
8.664055
9.173244
9.193645
8.723949
8.110659
7.553882
7.188822
7.023346
6.630620
6.147105
5.640865
5.156250
4.688178
4.250047
3.835981
3.474897
3.165586
2.908046
2.697566
2.447152
2.421775
2.514971
2.486976
2.462831
2.369267
2.091794
1.601350
1.698144
1.681917
1.540089
1.307952
1.063088
0.844074
0.932360
1.079067
1.156174
1.787514
2.365945
2.602096
2.647118
2.579377
2.319496
1.696065
1.043063
0.783355
0.910700
1.085879
1.291054
1.532658
1.793617
2.005011
1.962455
1.637671
1.286859
0.541189
0.289345
0.261735
0.227576
0.124314
0.131095
0.113539
0.070285
0.107051
0.106229
0.065521
0.034120
0.003605
0.000000
0.000000
0.000000
0.000000
0.000000
0.000000
0.000000
0.000000
0.000000
0.000000
0.000000
0.000000
0.000000
0.000000
0.000000
0.000000
0.000000
0.010802
0.061977
0.134994
0.142949
0.000000
0.000000
0.025949
0.000000
0.000000
0.000000
0.000000
0.000000
0.002311
0.032162
0.000000
0.000000
0.000000
0.000000
0.000000
0.000000
0.000000
0.000000
