track	type=wiggle_0
fixedStep	chrom=chr	start=1	step=1
0.000000
0.000000
0.000000
0.000000
0.000000
0.000000
0.000000
0.000000
0.000000
0.909351
1.923546
2.246079
1.783632
1.319101
0.926935
0.649169
0.452771
0.334811
0.285226
0.216906
0.228273
0.183982
0.113072
0.059818
0.035535
0.053180
0.044591
0.025476
0.037225
0.052402
0.053656
0.003305
0.000000
0.000000
0.000000
0.000000
0.000000
0.000000
0.000000
0.000000
0.012192
0.056789
0.076506
0.084725
0.092799
0.109434
0.142969
0.210872
0.338649
0.380483
0.392291
0.394991
0.394991
0.534330
1.040832
1.452534
1.597426
1.495848
1.326803
1.157477
1.046739
1.228650
1.447703
1.671137
1.830237
1.839285
1.688933
1.474492
1.288186
1.112200
0.944794
0.784615
0.646107
0.954279
1.343323
1.813806
2.447492
3.480033
3.956076
4.088256
4.110817
4.088257
3.953520
3.447301
2.403057
1.932214
1.802612
1.577259
1.627737
2.372992
2.806897
2.811154
2.369923
1.560832
1.670167
2.017066
2.329454
2.457735
2.306833
1.992374
1.637406
1.313505
1.037170
0.985042
1.275247
1.539538
1.630927
1.428814
1.138209
0.862752
0.648742
0.449786
0.284714
0.159380
0.073451
0.052333
0.056614
0.048736
0.055057
0.056908
0.054854
0.053629
0.036253
0.027975
0.023318
0.031245
0.054106
0.072491
0.081585
0.083241
0.077928
0.090625
0.131891
0.171367
0.191540
0.166878
0.125575
0.082079
0.069911
0.215259
0.451574
0.789290
1.029524
1.203178
1.354379
1.246298
1.081895
0.945123
0.844796
0.737409
0.609175
0.610417
0.656826
0.729815
0.791004
0.939607
1.095992
1.052346
1.065380
1.152717
1.248329
1.368714
1.481429
1.541746
1.552405
1.651529
1.686198
1.627094
1.735001
1.887784
2.048923
2.210795
2.343524
2.407828
2.464173
2.627541
2.793213
2.924000
3.000118
3.112093
3.207821
3.312470
3.450897
3.737139
4.966873
6.391505
6.968985
7.121337
7.121337
6.985250
6.487320
5.220293
4.144723
3.498942
3.640185
3.431691
3.282095
3.370677
3.493076
3.516130
3.471173
3.298868
3.059199
2.913034
3.094390
3.257577
3.371616
3.343802
3.199710
2.996900
3.031017
3.049407
3.219694
3.432176
3.588994
3.590361
3.439453
3.222821
3.083595
3.093454
2.977430
2.792083
2.598072
2.407761
2.225569
2.059169
2.033384
2.123897
2.157518
2.095760
1.975985
2.098488
2.287201
2.398655
2.370926
2.239716
2.311937
2.420566
2.411407
2.275392
2.140103
1.994211
1.815543
1.638744
1.790781
1.957753
2.013369
1.956936
1.791427
1.602596
1.434830
1.460129
1.612581
1.921444
2.127383
1.951409
2.137220
2.565388
3.007501
3.516232
4.140085
4.860421
5.618429
6.174768
6.192085
5.630914
4.899441
4.171335
4.684236
5.316700
6.443457
8.015203
9.033734
9.401315
9.401315
9.032486
8.010799
6.386206
5.255295
5.233311
4.843501
4.331043
3.845554
4.145665
4.537717
5.145602
5.881172
6.574903
7.128432
7.086276
6.499699
5.750509
5.093979
4.628920
4.438924
4.231670
3.779368
3.289953
2.828594
2.418590
2.286406
2.439649
2.416457
2.243630
2.086310
1.940025
1.757287
1.949190
2.200906
2.466011
2.722664
2.864849
2.822798
2.606789
2.320764
2.042918
1.966085
1.865840
1.755543
1.879119
2.034176
2.104452
2.058419
2.224520
2.447345
2.684597
2.921051
3.084845
3.094370
2.926205
2.702949
2.515636
2.425832
2.290734
2.234219
2.073317
1.896785
1.747776
1.636329
1.656342
1.817248
1.921428
1.924329
1.841962
1.775831
1.715852
1.581770
1.430074
1.281440
1.139479
1.006157
1.113334
1.331522
1.424539
1.345437
1.175778
1.258862
1.618123
2.070156
2.580131
3.079702
3.292349
3.104005
2.727753
2.654762
2.943501
3.219671
3.406283
3.383368
3.067167
2.560396
2.066375
1.643040
1.487645
2.107239
2.454540
2.576159
2.610832
2.617966
2.589109
2.469886
2.122108
1.515294
1.055565
0.958286
0.813434
0.603521
0.536683
0.480267
0.413012
0.353311
0.320385
0.351691
0.435975
0.534316
0.626306
0.618102
0.523122
0.382238
0.207714
0.090700
0.049297
0.021783
0.008037
0.011778
0.017167
0.012336
0.005539
0.001248
0.000000
0.000000
0.016732
0.081561
0.203816
0.403341
0.746467
0.977028
1.062649
1.116003
1.192086
1.335953
1.592986
1.618736
1.333144
0.864142
0.534351
0.306145
0.150888
0.054470
0.008646
0.007285
0.021058
0.042239
0.067654
0.080790
0.075030
0.054117
0.030706
0.013141
0.002969
0.000000
0.000704
0.007880
0.019906
0.026522
0.023414
0.011501
0.002627
0.000000
0.006586
0.025723
0.052346
0.059072
0.043794
0.058934
0.079262
0.120460
0.120460
0.085318
0.078158
0.087226
0.136839
0.198948
0.274515
0.355217
0.412020
0.411224
0.351959
0.270535
0.195660
0.234290
0.263234
0.249515
0.191932
0.131103
0.079135
0.132647
0.177879
0.133627
0.091828
0.154932
0.203846
0.328885
0.507402
0.699308
0.962521
1.327028
1.752288
2.155431
2.377046
2.165413
1.764718
1.408963
1.056334
0.779767
0.575038
0.523557
0.751301
1.008558
1.265032
1.613711
2.075449
2.628332
3.221446
3.749172
3.792525
3.356027
2.767226
2.205947
1.718123
1.317377
1.039195
0.988918
1.169110
1.171965
0.986069
0.773484
0.562339
0.384566
0.245789
0.142348
0.073693
0.031129
0.006736
0.000000
0.000000
0.000000
0.000000
0.000000
0.005940
0.026322
0.056740
0.082698
0.078692
0.047007
0.024830
0.009998
0.001238
0.001200
0.010893
0.030572
0.060660
0.101942
0.155416
0.221988
0.297340
0.366538
0.397229
0.363162
0.290498
0.214719
0.149573
0.097339
0.057130
0.065636
0.159165
0.303634
0.508061
0.778794
1.083015
1.307423
1.281871
1.044353
0.752392
0.496081
0.294877
0.245968
0.359500
0.501104
0.671539
0.874422
1.113990
1.395037
1.710288
1.984496
2.153588
2.045504
1.773322
1.450040
1.162367
0.916207
0.805874
1.105160
1.472466
1.914062
2.439613
3.063103
3.796518
4.652470
5.699400
7.351504
8.656161
8.656163
7.353960
5.717549
4.647146
3.783452
3.056887
2.434797
1.909945
1.469012
1.102245
0.803385
0.564343
0.375097
0.229778
0.124315
0.053427
0.013844
0.000183
0.000000
0.000000
0.000000
0.000000
0.000000
0.000000
0.000000
0.000000
0.000000
0.000000
0.000000
0.000804
0.006984
0.006344
0.000448
0.000000
0.000000
0.000000
0.000017
0.000000
0.000000
0.000000
0.000000
0.000000
0.000000
0.000000
0.000000
0.000000
0.000000
0.000000
0.000000
0.000000
0.006641
0.039774
0.106696
0.216687
0.378529
0.600359
0.890325
1.256385
1.709876
2.231061
2.704061
2.667678
2.167865
1.662814
1.227870
0.877618
0.619889
0.554632
0.614126
0.570457
0.429257
0.302350
0.211685
0.118780
0.049379
0.011659
0.004654
0.037154
0.112730
0.231146
0.367883
0.424914
0.368562
0.245169
0.164315
0.123945
0.086987
0.157040
0.216377
0.201081
0.132922
0.061604
0.015891
0.000099
0.000000
0.000000
0.000000
0.005080
0.053337
0.174637
0.414178
0.531414
0.565455
0.568449
0.537472
0.418380
0.173273
0.049721
0.013626
0.004297
0.027274
0.080879
0.164589
0.258905
0.300919
0.255774
0.186137
0.156984
0.082862
0.021758
0.033054
0.078881
0.121743
0.188871
0.304268
0.451854
0.565853
0.567639
0.453272
0.303170
0.183030
0.326557
0.537226
0.813237
1.146193
1.501131
1.970596
2.644408
2.684863
2.087169
1.567177
1.215422
0.995446
0.720525
0.605795
0.824046
1.015149
0.816805
0.551812
0.496195
0.526866
0.507549
0.441347
0.444627
0.419181
0.470713
0.501900
0.573386
0.640340
0.668889
0.644601
0.585220
0.627377
0.743468
0.785097
0.773334
0.780563
0.693870
0.576864
0.659537
0.696983
0.672006
0.592586
0.606497
0.674680
0.770213
0.924930
1.111744
1.315552
1.506009
1.633656
1.653603
1.551666
1.398898
1.399043
1.649029
1.930779
2.326625
2.876265
3.547213
4.267020
4.834232
5.043283
4.628171
3.968225
3.511178
3.124282
2.380072
2.141040
2.109829
2.318638
2.487173
2.883741
3.330795
3.803542
4.136292
4.343211
4.478069
4.533768
4.280886
3.812939
3.350129
3.224906
3.518909
3.948645
4.411314
4.786414
4.937397
4.817897
4.541118
4.471248
5.265171
6.193148
6.582762
6.564772
6.097618
4.887760
4.413495
3.947828
3.556097
3.672062
4.183244
4.634482
5.043131
5.503974
6.193199
6.664572
6.654980
6.146488
5.342191
4.584015
3.971377
3.416119
2.969747
2.789662
2.561078
2.771468
2.903039
2.922464
2.902958
2.884733
2.843205
2.729366
2.368300
2.146332
2.294881
2.353564
2.368903
2.437690
2.442038
2.293345
2.233841
2.323837
2.529480
2.714864
2.868381
3.005332
3.028036
2.970323
2.825062
3.027192
3.247975
3.389498
3.414969
3.253111
3.033863
2.804945
2.667330
2.627191
2.537942
2.422060
2.536124
2.763338
2.852648
2.805917
2.655751
2.487991
2.687066
2.920892
3.024512
2.971136
3.080120
3.318806
3.484838
3.558001
3.526318
3.384355
3.206252
3.009510
2.867870
2.728150
2.716092
2.861615
3.207766
3.559243
3.900929
4.224036
4.474282
4.653491
4.784876
4.794805
4.635624
4.418775
4.208827
3.886808
3.498361
2.880809
2.668701
2.640698
2.537668
2.407388
2.712941
2.787656
2.795883
2.807205
2.726082
2.588309
2.434222
2.284584
2.142041
1.992417
1.839224
1.672155
1.497357
1.391988
1.275073
1.161655
1.112935
1.033421
1.274411
1.414106
1.348701
1.188692
1.106418
1.024367
0.893940
0.747001
0.545076
0.546705
0.656754
0.779943
0.915991
1.061334
1.188211
1.226151
1.146564
1.004146
0.849458
0.716519
0.651263
0.703020
0.684562
0.614318
0.626235
0.868648
1.086744
1.078140
0.834644
0.600904
0.430578
0.462692
0.619694
0.806886
1.022521
1.238509
1.345156
1.308801
1.110814
0.897402
0.713171
0.581193
0.636344
0.686151
0.667422
0.588688
0.541564
0.532679
0.588712
0.671874
0.824031
0.999946
1.098565
1.040272
1.181942
1.611184
2.270446
2.659415
2.495438
1.962409
1.486716
1.306843
1.199767
1.101912
1.220676
1.556032
1.977214
2.469252
3.051583
3.704108
4.277320
4.636488
4.356914
3.759539
3.104934
2.513546
1.999836
1.564661
1.199925
0.898490
0.674960
0.615943
0.503377
0.384920
0.439514
0.547039
0.629617
0.634402
0.564944
0.490535
0.480543
0.447209
0.382430
0.306581
0.236005
0.171777
0.204666
0.202508
0.170426
0.210449
0.265919
0.310550
0.329453
0.366268
0.442173
0.540485
0.640279
0.719692
0.773641
0.762753
0.727643
0.797749
0.814412
0.900656
0.947649
0.902155
0.805347
0.694669
0.705870
0.840330
0.957965
1.015837
0.965819
0.849727
0.734878
0.843893
0.963171
1.101249
1.254870
1.418245
1.598500
1.785252
1.919051
1.987968
1.917304
1.791369
1.639176
1.478481
1.322578
1.174695
1.283288
1.369902
1.708257
2.110562
2.584284
3.149052
3.814379
4.543680
5.307233
5.826871
5.832612
5.317338
4.528209
3.779647
3.159220
3.342313
3.652675
4.040276
4.446039
4.705579
4.522783
4.093260
3.599330
3.353183
3.649392
4.046072
4.475839
4.939245
5.434992
5.988601
6.469175
6.646918
6.428172
5.939361
5.360108
4.806391
4.305421
3.862620
3.465646
3.103087
2.768150
2.673875
2.783939
2.989618
3.365460
4.023585
4.385760
4.769270
4.987329
4.736594
4.159364
3.546315
2.989140
2.505372
2.085706
1.716177
1.396458
1.563192
1.707363
1.737067
1.630616
1.467628
1.512270
1.631536
1.725232
1.712683
1.591065
1.477457
1.536660
1.552882
1.562964
1.626780
1.837510
2.126076
2.363749
2.472874
2.485816
2.367987
2.538140
2.772617
3.005832
3.217461
3.366530
3.334664
3.140058
2.848581
2.715819
2.874880
3.039558
3.226231
3.445467
3.703035
3.975673
4.215977
4.387222
4.361976
4.196664
3.945895
3.678110
3.441683
3.379093
3.446791
3.417215
3.253464
3.039804
2.788095
2.534278
2.371366
2.601444
2.809269
3.004077
3.236447
3.389808
3.443395
3.322058
3.636206
3.097559
2.849232
2.627828
2.379133
2.128519
1.901253
1.941510
1.960500
1.897693
1.858047
1.975727
2.214623
2.449968
2.694578
2.904754
3.033470
3.210493
3.675496
4.180613
4.736888
5.348563
5.954793
6.391559
6.433149
6.080070
5.510348
4.900743
5.031531
5.517947
6.046309
6.622196
7.251413
7.916133
8.478966
8.749731
8.546702
8.009267
7.362738
7.292002
7.963780
8.567724
8.853451
8.671885
8.710215
9.519956
10.465241
12.032310
12.587853
12.735202
12.324211
11.332394
10.235365
9.207299
8.291403
7.479393
6.821774
6.224469
6.355664
6.531245
6.299785
5.966191
6.129096
5.954366
6.127856
6.348489
6.161363
5.735109
5.189640
4.675451
4.258026
4.324387
4.217919
4.075944
4.185708
4.244172
4.259089
4.404938
4.480532
4.859849
5.218840
5.443455
5.431084
5.174612
4.811568
4.584709
4.621627
4.599290
4.673923
4.848325
5.229654
5.481227
5.520950
5.424305
5.748540
6.024232
6.234569
6.241752
6.052811
5.764244
5.584474
5.864028
6.028467
5.906028
5.651482
5.930647
6.126827
6.127378
5.945138
5.616880
5.269150
5.177907
5.424923
5.596194
5.636162
5.556809
5.621079
5.975502
6.343541
6.684575
6.914591
6.953658
6.812022
6.536811
6.191914
5.855859
5.540756
5.263163
5.002712
4.735327
4.471503
4.537808
5.211748
5.591811
5.208920
4.435949
3.686790
3.582392
3.859116
4.073106
4.043777
3.761992
3.633307
3.311495
3.020035
2.614909
2.260182
2.387185
2.744199
3.074012
3.307151
3.424380
3.801829
4.071756
4.064061
3.754566
3.476912
3.264381
3.003870
2.752540
2.527901
2.522397
2.827664
3.136852
3.468367
3.819120
4.174823
4.502682
4.710898
4.769108
5.104431
5.409861
5.509338
5.346009
5.057913
4.671964
4.303194
4.091838
3.819356
3.497578
3.185909
2.959925
3.320862
3.722670
4.192998
4.722010
5.322741
5.917485
6.400736
6.458036
6.116724
5.591590
4.996130
4.416942
3.875694
3.391960
2.961145
2.577295
2.310728
2.462055
2.496792
2.782852
3.396995
4.113551
4.931892
5.850490
6.759120
7.450328
7.420771
6.686898
5.753630
4.848794
4.188626
3.712885
3.122442
2.579691
2.148661
2.257243
2.560424
2.775034
3.020158
3.306026
3.571210
3.792465
3.999623
4.115957
4.147434
4.256137
4.493505
4.767072
5.056748
5.374130
5.677757
5.883946
5.960844
5.853768
5.583175
5.252677
4.954907
4.767503
5.150056
5.540543
5.788300
5.880892
5.774497
5.466498
4.884570
4.272108
3.755623
3.508593
3.276943
2.935703
2.595320
2.368527
2.158456
1.954378
1.789925
1.828959
1.779100
1.640356
1.490545
1.361006
1.272062
1.299300
1.397100
1.529723
1.607284
1.598950
1.491243
1.558861
1.660240
1.683183
1.591543
1.439966
1.300457
1.175279
1.219306
1.197384
1.094068
0.965603
0.847934
0.757986
0.788710
0.942142
1.088682
1.175758
1.207975
1.148008
1.009095
0.884682
0.964186
1.048691
1.151799
1.287266
1.447148
1.617171
1.801404
1.981150
2.089009
2.109479
2.000981
1.806926
1.619214
1.458701
1.318127
1.175993
1.030178
0.962731
0.775553
0.630489
0.517837
0.421564
0.503141
0.588364
0.648996
0.665949
0.592945
0.512676
0.808043
1.216462
1.794611
2.635532
3.137454
3.325331
3.372705
3.406371
3.379858
3.298230
3.089446
2.760014
2.603849
2.409487
2.027219
1.825212
1.620292
1.421213
1.482180
1.321476
1.425927
1.671457
1.723821
1.599405
1.298032
0.987961
1.106082
1.067717
1.085634
1.121428
1.175823
1.227727
1.309499
1.479823
1.843734
1.965168
1.717197
1.166051
0.886836
0.755119
0.659793
0.604370
0.571519
0.507492
0.409499
0.480230
0.630888
0.748546
0.721989
0.598108
0.411730
0.278224
0.168159
0.237925
0.274448
0.290556
0.293846
0.287922
0.274936
0.251095
0.245752
0.252769
0.324640
0.399555
0.461841
0.489213
0.460721
0.404637
0.497607
0.606026
0.670548
0.663184
0.778018
0.906441
0.903560
0.770801
0.470561
0.245535
0.219829
0.249750
0.245994
0.198629
0.145810
0.100088
0.060702
0.030004
0.010049
0.000537
0.000000
0.000000
0.000000
0.000000
0.000635
0.014203
0.033006
0.039183
0.023550
0.005613
0.000211
0.000000
0.000000
0.000000
0.000000
0.000000
0.001599
0.008058
0.011768
0.004625
0.001451
0.000256
0.000000
0.000000
0.000000
0.000000
0.000000
0.001454
0.022225
0.068977
0.139470
0.234272
0.337709
0.473757
0.735128
1.069998
1.442003
2.123485
2.802664
3.078152
3.150852
3.165477
3.158602
3.097851
2.857120
2.293868
1.720448
1.213341
0.815330
0.511711
0.290110
0.141274
0.064027
0.076393
0.058431
0.018149
0.000021
0.000000
0.000000
0.000000
0.000000
0.000000
0.009942
0.040848
0.084678
0.151449
0.236565
0.274794
0.232267
0.141290
0.068149
0.024045
0.002038
0.000000
0.000000
0.000000
0.000000
0.000000
0.000089
0.037971
0.069554
0.079758
0.081570
0.081489
0.079536
0.071737
0.047766
0.011168
0.000000
0.000000
0.000000
0.000000
0.000000
0.000000
0.000000
0.000000
0.000000
0.000000
0.000000
0.000000
0.000000
0.000000
0.000000
0.000000
0.000000
0.000000
0.000000
0.000000
0.000000
0.000000
0.000000
0.000000
0.000000
0.000000
0.000000
0.000000
0.000000
0.000000
0.000000
0.000000
0.004456
0.006121
0.004154
0.002114
0.000312
0.000000
0.000000
0.000000
0.000000
0.000000
0.000000
0.000000
0.000000
0.000000
0.000000
0.000000
0.000000
0.000000
0.000000
0.002864
0.007567
0.036709
0.102871
0.196565
0.370297
0.619496
0.979598
1.588588
2.222103
2.480278
2.542362
2.537096
2.468883
2.206950
1.563355
0.993806
0.636638
0.383923
0.205521
0.105618
0.151195
0.132838
0.070868
0.018478
0.018165
0.060456
0.131653
0.234517
0.363282
0.499628
0.552732
0.493127
0.349097
0.222156
0.146246
0.073956
0.022823
0.051718
0.135821
0.173523
0.146775
0.308032
0.564860
0.894377
1.194088
1.510219
1.650126
1.377464
1.020014
0.748892
0.610167
0.487987
0.466264
0.454883
0.429159
0.394025
0.441650
0.426249
0.364353
0.281225
0.206400
0.146391
0.172734
0.242579
0.336480
0.436659
0.508608
0.580992
0.630785
0.596613
0.514339
0.569223
0.663995
0.770813
0.855634
0.897500
0.968945
1.009543
0.972011
0.868548
0.748114
0.636734
0.741356
0.876034
0.936193
0.938791
0.914160
0.839688
1.012484
1.212879
1.428478
1.658719
1.871756
2.111721
2.353502
2.642136
2.966544
3.268730
3.452927
3.409513
3.145851
3.004882
2.835378
3.068335
2.797487
3.175308
3.675841
4.095229
4.350432
4.302886
3.948442
3.524373
3.204520
3.601771
3.877284
3.865071
3.571906
3.154194
2.730981
2.992099
3.270359
3.570303
3.749855
3.692104
3.667500
3.912372
4.012980
3.879325
4.281944
4.683043
4.923452
4.704037
4.276670
3.757459
4.071086
4.664216
5.233051
5.689682
5.741338
5.990930
5.673156
4.807984
3.897146
3.108483
2.516121
2.180242
2.077908
1.879597
1.657070
1.380667
1.115454
0.926057
0.958420
0.892575
0.757005
0.616023
0.583998
0.755257
0.995046
1.192840
1.231747
1.115689
0.960473
0.907004
1.014651
1.118303
1.182404
1.118055
0.990292
1.015459
1.001355
1.046651
1.104888
1.203341
1.201932
1.149557
1.241787
1.278033
1.225194
1.265432
1.409188
1.516703
1.559483
1.599851
1.664567
1.827788
2.014288
2.182078
2.243042
2.153764
1.941793
1.710061
1.503739
1.354506
1.253850
1.220540
1.100062
0.951493
0.999774
1.460288
2.066535
2.801185
3.063727
2.836323
2.212062
1.858563
1.766452
1.774017
2.178525
2.405270
2.524162
2.653833
2.861904
2.916094
2.761658
2.345938
1.743559
1.265996
1.073678
0.989617
0.950474
0.930805
1.067262
1.264784
1.401675
1.451342
1.483671
1.306491
1.067263
0.834768
0.825668
0.884686
0.805813
0.697607
0.583090
0.532999
0.601457
0.591865
0.522474
0.496486
0.674235
0.785844
0.782411
0.659796
0.486042
0.341886
0.256883
0.181180
0.108749
0.052170
0.037470
0.019022
0.002923
0.000000
0.002055
0.013996
0.034005
0.050835
0.049501
0.031552
0.014369
0.001603
0.000000
0.011009
0.039971
0.120953
0.285385
0.528629
0.859797
1.117206
1.081974
0.894149
0.880572
0.800927
0.559357
0.399814
0.322572
0.253397
0.168964
0.064071
0.029533
0.039614
0.038626
0.029636
0.015259
0.006721
0.009687
0.015480
0.018678
0.036133
0.035878
0.018699
0.001553
0.000032
0.007232
0.028232
0.057806
0.077680
0.067614
0.044194
0.056150
0.083727
0.113617
0.151183
0.196723
0.222757
0.270602
0.311028
0.357352
0.458737
0.568787
0.659501
0.731465
0.774847
0.762518
0.699674
0.660371
0.571756
0.508491
0.582088
0.644068
0.675137
0.698919
0.707284
0.723328
0.767631
0.821108
0.832947
0.765771
0.673298
0.595146
0.528094
0.576852
0.572125
0.721679
0.941401
1.188109
1.389983
1.488022
1.604852
1.482734
1.157870
0.862335
0.773433
0.867943
0.953478
0.965986
0.896171
0.779242
0.659011
0.554580
0.638459
0.703659
0.729192
0.727257
0.705342
0.643205
0.623981
0.679167
0.728400
0.783505
0.785642
0.837740
0.954567
0.983259
1.112506
1.206979
1.215677
1.158203
1.136776
1.121267
1.236757
1.225729
1.084029
1.029560
0.954686
1.012171
1.026249
0.936278
0.913613
0.950840
1.099204
1.258414
1.406938
1.489136
1.474303
1.357716
1.199292
1.327796
1.568217
1.914284
2.295875
2.455155
2.471366
2.574927
2.712943
2.638863
2.649013
2.870453
3.064896
3.122468
3.012835
2.950267
3.397862
3.959200
4.384042
4.393691
4.314641
4.602243
4.856883
5.096700
5.236651
5.849374
6.154806
6.136248
5.836154
5.890362
5.763315
6.053362
6.113986
5.962849
5.619678
5.327271
6.353638
7.317418
6.424645
5.264807
4.689326
4.512696
4.314126
4.470308
4.770863
5.116315
5.502426
5.931517
6.380845
6.781862
7.119396
7.210271
7.362459
7.748275
8.206987
8.538768
8.559909
8.222021
7.761813
7.264190
7.293460
7.677258
7.995996
8.007361
7.749157
8.203840
8.788367
9.276447
9.560987
9.458686
9.594150
10.170880
10.847159
11.558558
12.153425
12.174105
11.612470
10.875386
10.225298
9.790237
9.589376
9.123139
8.583256
8.045262
7.448122
6.656122
5.673636
5.534862
6.119094
6.435956
6.288901
5.823756
5.245001
4.704948
4.576013
4.685334
4.661006
4.322223
3.815678
3.267472
3.223521
3.323065
3.587224
3.702441
3.594153
3.308753
3.264362
2.991004
2.583556
3.034429
3.623234
3.865105
3.920551
3.845980
3.554285
2.877217
2.077649
1.517239
1.345640
1.401670
1.432620
1.574372
1.510117
1.247048
0.950460
0.668725
0.411544
0.157766
0.068860
0.016666
0.018545
0.031250
0.055588
0.077273
0.106191
0.154834
0.153905
0.100090
0.057117
0.012236
0.000000
0.001439
0.045868
0.157626
0.339607
0.000000
0.000000
0.000000
0.000000
0.000000
0.000000
0.000000
0.000000
0.000000
