track	type=wiggle_0
fixedStep	chrom=chr	start=1	step=1
0.000000
0.000000
0.000000
0.000000
0.000000
0.000000
0.000000
0.000000
0.000000
0.844154
1.657162
1.639460
1.282472
0.931332
0.685291
0.433749
0.354049
0.640235
1.203753
1.276109
1.132685
0.902997
0.721444
0.512809
0.595125
1.055143
1.594596
1.743165
1.599325
1.081032
0.671554
0.487315
0.571732
0.783596
0.974087
0.980417
0.794368
0.597762
0.451649
0.425382
0.633456
0.951242
1.077105
1.111991
1.210703
1.466360
1.473595
1.245087
0.954620
0.680964
0.451268
0.275521
0.220844
0.311148
0.429408
0.510146
0.510319
0.678219
0.831721
0.892151
0.822724
0.658065
0.497729
0.512112
0.628736
0.665206
0.628436
0.666597
0.645531
0.544606
0.811523
0.844013
0.840417
1.177398
1.546450
1.966493
2.584655
3.640309
4.134455
4.271506
4.294816
4.271507
4.131917
3.606850
2.529677
2.048826
1.915309
1.688433
1.738021
2.496498
2.949224
2.951475
2.474705
1.779988
1.368151
1.561462
1.817962
1.908328
1.755576
1.479596
1.183329
0.919979
0.696854
0.512451
0.613064
0.827058
0.913267
0.827350
0.607287
0.406557
0.274313
0.292030
0.263740
0.202744
0.141169
0.091442
0.055720
0.028952
0.010532
0.001103
0.000000
0.000000
0.000000
0.000000
0.000000
0.000000
0.000000
0.000000
0.000000
0.000000
0.000000
0.000000
0.000000
0.000000
0.000000
0.000000
0.000000
0.000000
0.000000
0.000000
0.000000
0.000000
0.000000
0.000000
0.000000
0.000000
0.000000
0.000000
0.000000
0.000000
0.000000
0.000000
0.000789
0.000000
0.000000
0.000000
0.000000
0.000000
0.001098
0.013709
0.036816
0.055438
0.050925
0.044884
0.035486
0.042588
0.063148
0.090586
0.124142
0.159320
0.181452
0.181118
0.167807
0.138607
0.105056
0.080802
0.055811
0.033703
0.067166
0.156338
0.260179
0.355727
0.367320
0.415490
0.463848
0.514620
0.500545
0.416444
0.379065
0.419681
0.458202
0.457564
0.417482
0.360555
0.301455
0.238207
0.174899
0.182027
0.224424
0.254254
0.403179
0.490555
0.570833
0.685183
0.719610
0.729131
0.731297
0.718997
0.661185
0.468439
0.195334
0.257225
0.330157
0.413956
0.508404
0.613307
0.731165
0.861459
0.996728
1.121459
1.158625
1.115227
1.160275
1.310660
1.472883
1.646631
1.831452
2.028152
2.238438
2.458052
2.670828
2.814306
2.857365
2.742314
2.535742
2.776098
2.965248
3.157219
3.330803
3.478883
3.684947
3.932421
4.155271
4.411652
4.681790
4.957009
5.241376
5.539811
5.848300
6.167148
6.574165
7.294793
7.911511
8.276364
7.948682
8.185463
8.292640
8.116236
7.783807
7.710944
8.361099
9.054611
9.790442
10.528033
11.126550
11.308517
11.138700
10.571079
9.937647
10.359462
10.690041
10.816441
11.361174
11.927028
12.518845
13.131588
13.719575
14.169609
14.367786
14.110882
13.617098
14.162667
14.838933
15.561234
16.318846
17.100225
17.902693
18.717096
19.451338
19.837402
19.780140
19.348351
19.738503
20.306068
20.575718
20.217058
19.480505
18.706394
19.194866
19.229691
18.712240
17.841648
16.930006
16.064129
15.930724
16.407639
17.335152
18.400267
19.547932
20.694149
21.608025
21.920639
21.486856
20.546373
19.389252
18.241453
17.568529
18.858276
20.096910
20.936239
21.116404
20.326401
19.281540
18.288877
17.568346
17.577673
17.286743
16.396503
15.364913
14.369761
14.524817
16.048422
17.649565
19.133604
19.683340
19.134363
17.669983
16.096888
14.603850
13.230779
11.995589
10.975097
10.900624
10.595271
10.603334
10.798111
11.101392
11.447047
11.621216
11.767189
11.962891
11.915928
11.673043
11.219305
10.645901
10.400139
10.432985
10.510721
10.934656
11.299177
11.534886
11.539163
11.544254
11.734717
11.989045
12.189123
12.133759
11.797454
11.375512
10.930180
10.517861
10.237733
10.149720
10.414031
10.512126
10.395532
10.805746
11.154328
11.362371
11.355712
11.354541
11.142546
10.906631
10.668979
10.830383
11.012637
11.217109
11.235572
11.103319
10.815801
10.421078
10.638304
10.791859
10.659874
10.365767
10.005414
9.689928
9.559194
9.465283
9.230611
8.928761
8.499701
7.779739
7.251778
7.096829
6.913234
6.785479
6.581972
6.322086
6.075849
5.792348
5.571182
5.513941
5.333556
5.350070
5.211896
5.027686
4.844526
4.621871
4.410503
4.225077
3.990730
3.752632
3.530730
3.381701
3.268247
3.087659
2.891168
2.698592
2.518067
2.358165
2.482662
2.818949
3.065623
3.304877
3.248109
2.877165
2.368061
2.137919
2.532159
2.996194
3.536433
4.137707
4.732721
5.148381
5.172773
4.817558
4.486738
4.388207
4.181363
4.595543
5.056944
5.615252
6.304988
7.389017
8.937098
10.482738
10.482741
8.937103
7.386706
6.165506
5.174148
4.396058
4.293982
4.758919
4.963196
4.730100
5.316528
5.925784
6.308200
6.360929
6.315506
5.958411
5.407538
4.825588
4.329271
4.015692
4.407833
4.702174
4.947573
4.946097
4.732040
4.639616
4.671492
4.766298
4.779997
4.550723
4.244291
3.822790
3.749863
3.544356
3.053927
2.534423
2.755206
2.868583
2.736956
2.428479
2.189952
2.280025
2.315367
2.575760
2.792048
2.853452
3.439050
3.990292
4.035971
3.575074
2.958503
2.363342
2.154402
1.989646
1.752274
1.521373
1.309245
1.182336
1.084399
1.012652
0.980914
1.074491
1.149645
1.281533
1.431921
1.571069
1.671823
1.668648
1.606040
1.483396
1.324331
1.169864
1.033036
1.130977
1.140563
1.065602
0.939774
0.809614
0.689556
0.580482
0.576819
0.572942
0.519697
0.740216
1.049702
1.435375
1.890716
2.333132
2.537983
2.456597
2.078692
1.680652
1.264120
0.909049
0.626487
0.408587
0.246511
0.128454
0.081850
0.054436
0.032645
0.016541
0.018626
0.051415
0.101560
0.171141
0.261164
0.371933
0.505005
0.643451
0.763037
0.770102
0.666897
0.524923
0.388710
0.274834
0.182119
0.109916
0.109617
0.128917
0.180822
0.286041
0.444380
0.649875
0.907115
1.223955
1.609706
2.072690
2.622293
3.253817
4.007763
4.890922
6.005046
7.701141
9.059849
9.059849
7.703580
6.028412
4.923031
4.024804
3.263113
2.622654
2.072691
1.609706
1.223954
0.907114
0.649875
0.443850
0.282925
0.162851
0.080945
0.030856
0.004322
0.000000
0.000000
0.000000
0.000000
0.000000
0.000000
0.000394
0.000171
0.000000
0.000000
0.000000
0.000000
0.000000
0.000000
0.000000
0.000000
0.000000
0.000000
0.000000
0.000000
0.000000
0.000000
0.000000
0.000000
0.000000
0.000000
0.000000
0.000000
0.000000
0.000000
0.000000
0.000000
0.000000
0.000000
0.000000
0.000000
0.000000
0.000795
0.031823
0.113788
0.252586
0.442499
0.636916
0.634752
0.435158
0.248592
0.114311
0.032771
0.001013
0.000000
0.000000
0.000000
0.000000
0.000000
0.000000
0.000000
0.000000
0.000000
0.000000
0.000000
0.000000
0.000000
0.000000
0.000000
0.000000
0.000000
0.000000
0.000000
0.000000
0.000000
0.000000
0.000000
0.000000
0.000000
0.000000
0.000000
0.000000
0.000000
0.000000
0.000000
0.000000
0.000000
0.000000
0.000000
0.000000
0.000000
0.000000
0.000000
0.000000
0.000000
0.002370
0.009584
0.016634
0.016930
0.009678
0.003744
0.013383
0.032364
0.073509
0.173314
0.334390
0.560421
0.854975
1.256390
1.782948
2.100783
2.199675
2.229877
2.230728
2.224547
2.197423
2.115088
1.853359
1.298863
0.967925
0.966959
1.116817
1.276747
1.631034
2.218449
2.196223
1.527028
1.031317
0.741595
0.641288
0.772483
0.911380
1.090652
1.302394
1.519709
1.681490
1.685354
1.587384
1.430804
1.237954
1.374409
1.625554
1.904207
2.159956
2.386212
2.714864
3.026618
3.098801
2.945604
3.082139
3.343962
3.583517
3.751330
3.986759
4.303114
4.665494
5.071395
5.507147
5.953067
6.400100
6.986031
7.972446
8.682634
8.675242
7.966862
7.001128
6.476021
6.691509
7.262825
7.844401
8.373575
8.671701
8.557384
8.096045
7.494825
6.885880
6.482627
6.117542
5.717548
6.242105
6.882216
7.552820
8.106633
8.293417
7.968317
7.398191
6.731185
6.121314
5.984617
6.378196
6.497344
6.235375
5.825617
5.325590
4.854194
4.432425
4.398746
4.730037
4.970052
4.913784
5.664126
6.596145
7.562698
8.548282
9.148229
9.052147
8.924381
9.262683
11.211531
13.003186
13.718600
13.895025
13.858739
13.600059
12.695337
10.445210
8.460896
7.037703
5.883036
5.692276
5.954978
5.999403
5.889940
5.626063
5.261154
5.142319
5.646996
5.744078
5.328033
5.586630
5.786927
5.807410
5.527643
5.170967
4.804566
4.402116
4.304524
4.201387
3.946134
3.640782
3.411007
3.197978
2.932708
2.658725
2.402716
2.341634
2.472276
2.673388
2.919276
3.185499
3.431419
3.652781
3.854322
4.024006
4.091990
4.010355
4.120292
4.315503
4.396645
4.327912
4.130167
3.948773
3.884026
3.792469
3.615177
3.409769
3.196281
2.962423
2.737810
2.538115
2.335377
2.200204
2.321402
2.409667
2.383730
2.287271
2.203441
2.310691
2.384516
2.343764
2.209653
2.065968
2.020737
1.996121
1.899243
1.853548
1.789518
1.684315
1.744779
1.872112
2.118017
2.405308
2.507139
2.408087
2.175521
1.734676
1.824831
1.871032
1.623072
1.219428
0.854011
0.763713
0.856618
0.891484
0.867400
0.789139
0.727151
0.833720
0.924523
0.966606
0.931685
0.846862
0.760881
0.697605
0.728046
0.807555
0.841375
0.794460
0.695722
0.657987
0.752082
0.923635
1.158387
1.443722
1.768217
2.056916
2.183961
2.075146
1.808819
1.497318
1.206064
0.951473
0.736125
0.573258
0.539933
0.465662
0.359043
0.249264
0.155942
0.143729
0.295942
0.581237
0.863532
0.987593
1.022330
1.026404
1.002381
0.894271
0.653949
0.517794
0.564881
0.544423
0.554351
0.655438
0.775352
0.906907
1.048672
1.167164
1.222049
1.168123
1.027055
0.860851
0.715677
0.638934
0.691379
0.671844
0.599234
0.502020
0.409146
0.330773
0.294736
0.365178
0.399465
0.489237
0.569075
0.663350
0.791896
0.906330
1.006299
1.179838
1.351109
1.951645
2.761907
3.088191
2.899864
2.281685
1.759337
1.395730
1.364426
1.172351
0.920777
1.195941
1.525468
1.832058
1.970319
1.864316
1.543168
1.256650
1.240017
1.456402
1.519950
1.421449
1.255343
1.618039
1.759950
1.789216
1.791754
1.756276
1.733341
1.732387
1.760376
1.825758
1.957406
2.427536
2.712196
2.513631
2.031543
1.558380
1.153823
0.803525
0.539910
0.411013
0.486900
0.536712
0.516640
0.462198
0.479696
0.590363
0.669380
0.832452
1.037168
1.135067
1.059364
0.837564
0.609083
0.543894
0.614818
0.538861
0.491764
0.537384
0.501495
0.535290
0.563594
0.608663
0.623645
0.682698
0.684045
0.638141
0.573652
0.456805
0.442911
0.440252
0.472421
0.584851
0.701465
0.802391
0.817708
0.799404
0.801998
0.739352
0.685460
0.635495
0.625870
0.616773
0.811723
1.151217
1.570326
2.041886
2.449619
2.461248
2.107732
1.692312
1.281388
0.984303
0.858366
0.789292
0.641033
0.548428
0.553002
0.552633
0.660989
0.866117
1.089601
1.297069
1.537159
1.749337
1.811458
1.711965
1.520263
1.643450
1.526922
1.278550
1.518910
1.664429
1.515026
1.252113
1.255500
1.624241
2.041669
2.627017
3.395792
4.532341
5.919208
6.438064
6.568523
6.604142
6.627482
6.612422
6.475445
5.957924
4.603181
3.480429
2.692012
2.065739
1.547238
1.135425
1.095619
1.430479
1.774125
1.939951
1.885260
1.610138
1.275976
0.964525
0.715960
0.528023
0.357622
0.222814
0.348795
0.503907
0.538843
0.520813
0.489252
0.450542
0.374550
0.214342
0.061490
0.004183
0.000000
0.000000
0.000000
0.000000
0.000000
0.000000
0.000000
0.000410
0.000170
0.000070
0.002971
0.009057
0.017039
0.023716
0.023097
0.012649
0.002535
0.012663
0.070932
0.116481
0.139572
0.146242
0.147773
0.147882
0.147961
0.148104
0.148318
0.148848
0.144999
0.126697
0.070856
0.066198
0.089751
0.110333
0.168529
0.314316
0.488785
0.605958
0.613213
0.493232
0.594863
0.904320
1.332830
2.040249
2.752296
3.042291
3.097813
3.040678
2.802994
2.295360
1.682176
1.223374
0.894093
0.709973
0.660890
0.622016
0.592892
0.561207
0.503173
0.675809
0.901324
1.068024
1.094058
1.011468
0.880391
0.749317
0.731105
0.960831
1.189035
1.323575
1.240508
1.058411
1.011737
1.234030
1.460046
1.496771
1.421639
1.656653
1.917757
2.199462
2.438712
2.513554
2.362382
2.144760
2.435096
2.730686
2.848505
2.780456
3.157645
4.209001
5.418582
5.783769
5.443168
4.307954
3.426744
3.104183
2.774521
2.502294
2.682891
2.972272
3.238249
3.354051
3.270315
3.499673
3.707796
3.987386
4.089305
3.964789
3.664007
3.317072
3.009483
2.952566
3.113052
3.333682
3.520673
3.526935
3.366369
3.106881
4.026298
4.392148
4.038559
3.104269
2.372531
2.179854
2.324797
2.467020
2.536495
2.473393
2.439420
2.642065
2.866837
3.127082
3.410431
3.677119
3.879858
3.962957
3.839224
3.564650
3.773624
4.018475
4.260329
4.374551
4.299927
4.043561
3.748672
4.064526
4.065527
4.268973
4.542559
4.819383
5.081443
5.256607
5.172769
4.896652
4.533599
4.192542
3.974053
4.262135
4.530037
4.718846
4.714055
4.552114
4.238139
4.311213
4.194641
3.896821
3.546138
3.418154
3.797756
4.215083
4.635731
4.907867
4.912030
4.619445
4.226799
3.834162
3.654384
3.685257
3.993516
4.299742
4.490670
4.484648
4.289993
4.022537
3.899723
4.072480
4.484499
4.913092
5.234033
5.306007
5.104515
4.794882
4.524472
4.459630
4.255299
3.967532
4.159842
4.140541
3.842275
3.557069
3.557285
3.621328
4.031371
4.454351
4.788887
5.161455
5.502679
5.599918
5.428022
4.993744
4.520577
4.072535
3.736285
3.650718
3.459872
3.408370
3.706111
3.954771
4.405054
4.816470
5.031063
4.925921
4.722084
4.382679
4.163402
3.839214
3.518853
3.383401
3.198924
2.905889
2.584941
2.327407
2.414079
2.261185
1.990461
1.747985
1.685780
1.515402
1.268770
1.048837
0.829725
0.632389
0.672476
0.793891
0.968613
1.287386
1.712887
2.232210
2.848185
3.538934
4.185258
4.389404
4.282382
5.357090
6.764509
7.458371
7.438502
6.632379
5.042468
3.889293
3.093266
2.477608
1.914927
1.483603
1.147602
0.898885
0.657097
0.460722
0.491236
0.503609
0.514593
0.518360
0.516471
0.649641
0.639654
0.627786
0.640993
0.651616
0.619001
0.554482
0.524358
0.529632
0.508477
0.528160
0.571671
0.632521
0.661009
0.640080
0.621411
0.584602
0.521685
0.473852
0.436099
0.399407
0.340584
0.269980
0.196374
0.174793
0.136832
0.115575
0.074984
0.042704
0.021640
0.005139
0.000075
0.000000
0.000000
0.000205
0.011906
0.043176
0.078426
0.098939
0.098138
0.074952
0.040728
0.037065
0.038290
0.031676
0.021848
0.022184
0.051482
0.131996
0.272245
0.358398
0.385248
0.387511
0.366063
0.303999
0.192748
0.070984
0.017393
0.023583
0.033810
0.052923
0.066029
0.062155
0.047940
0.051970
0.056717
0.071883
0.073686
0.056730
0.044830
0.031052
0.019457
0.041581
0.089731
0.157479
0.229525
0.308627
0.418664
0.533265
0.725126
1.170274
1.824368
2.157316
2.175297
1.903646
1.302923
0.827444
0.602866
0.460548
0.489182
0.636688
0.726904
0.849874
1.120915
1.445167
1.830417
2.255939
2.702160
3.139574
3.302900
3.102778
2.642345
2.186782
1.920399
2.360389
2.865842
3.442355
4.048864
4.297720
4.112595
3.629134
3.260705
3.078971
2.698769
2.092116
1.940674
2.023693
2.158316
2.379625
2.581794
2.651994
2.570315
2.312096
2.017870
1.914136
2.226799
2.521083
2.835208
3.077051
3.100108
2.958513
2.598152
2.228085
1.887837
1.566482
1.509099
1.315079
1.059365
0.843104
0.746251
0.886730
1.045487
1.330999
1.732264
2.184534
2.550839
2.609689
2.388248
1.968374
1.562006
1.189278
0.945828
0.761197
0.541172
0.346404
0.193909
0.143878
0.183950
0.252791
0.414213
0.652125
0.764024
0.766141
0.668330
0.463257
0.370659
0.290600
0.244863
0.322144
0.405049
0.494970
0.559190
0.547452
0.475670
0.511676
0.515571
0.461752
0.410377
0.385232
0.394561
0.443873
0.484398
0.490838
0.510921
0.569075
0.578685
0.561429
0.582199
0.667051
0.785153
0.910466
0.995310
0.996103
0.905649
0.762300
0.612840
0.479986
0.367799
0.271267
0.186243
0.118542
0.086615
0.118933
0.146571
0.135709
0.107745
0.111639
0.125460
0.135397
0.152113
0.188855
0.295750
0.550754
0.903556
1.189120
1.348397
1.424586
1.454782
1.745008
2.075466
2.128516
1.931290
2.428116
3.114863
4.041602
4.517171
4.526607
4.042234
3.025037
2.199632
1.608938
1.136667
0.746845
0.451611
0.240913
0.102370
0.054853
0.043696
0.081259
0.099495
0.178885
0.263658
0.270635
0.196048
0.271689
0.409628
0.517659
0.578383
0.512293
0.400029
0.264186
0.177632
0.235457
0.250036
0.252781
0.252008
0.245844
0.217894
0.146137
0.217976
0.385956
0.565727
0.614746
0.494173
0.403114
0.698949
0.851800
0.902099
0.913043
0.941468
0.914173
0.902140
0.861442
0.733074
0.473788
0.289732
0.261126
0.257583
0.215413
0.145264
0.110336
0.107544
0.146595
0.201616
0.227261
0.207560
0.157574
0.105940
0.062088
0.030679
0.019007
0.020043
0.010805
0.002637
0.000166
0.000000
0.000000
0.000000
0.000000
0.000000
0.000200
0.005564
0.020364
0.045856
0.145404
0.337245
0.626548
1.038309
1.633842
2.157964
2.390538
2.473912
2.516482
2.512084
2.444476
2.259340
2.709507
3.441072
4.221759
4.840638
5.121989
4.786507
4.133061
3.376407
3.087948
3.523108
3.682721
3.669936
3.465220
2.890682
1.988375
1.388524
0.930130
0.627449
0.508450
0.650845
0.686920
0.566539
0.414194
0.336940
0.427580
0.454245
0.373291
0.255631
0.149962
0.129837
0.125663
0.135160
0.110544
0.124999
0.194337
0.279535
0.379220
0.497145
0.641913
0.813351
1.018884
1.296645
1.701887
2.173012
2.490320
2.616003
2.589589
2.530067
2.625198
2.591423
2.454767
2.401223
2.598153
2.877302
3.038867
2.976515
2.789459
2.577625
2.677535
3.018012
3.321899
3.476660
3.334429
3.064539
2.717668
2.369027
2.042731
1.772588
2.006109
2.258670
2.506795
2.752742
2.999971
3.196236
3.249031
3.142390
2.953745
3.006220
3.143964
3.101199
2.930899
2.876498
2.819513
2.693635
2.764608
2.710138
2.555680
2.359500
2.397033
2.437460
2.554098
2.542103
2.416188
2.401612
2.643564
2.926900
3.214463
3.417572
3.527507
3.403797
3.118092
2.970701
2.967996
2.741688
2.398229
2.572205
2.757164
2.830030
2.857241
2.944234
3.053647
3.034957
2.828229
2.631290
2.535457
2.716899
2.819113
2.859048
2.814002
2.685039
2.465996
2.260755
2.336781
2.479505
2.536805
2.588811
2.584527
2.781186
3.054056
3.308881
3.478599
3.426153
3.203257
2.900029
2.613156
2.361020
2.111269
1.897020
1.737363
1.649703
1.549168
1.457112
1.434168
1.389102
1.252769
1.093084
0.982511
0.932088
1.027750
1.055977
0.996745
0.965916
0.915704
0.800175
0.884929
0.943403
0.935503
1.045936
1.176723
1.267023
1.223023
1.242874
1.336526
1.286041
1.149361
1.100513
1.226501
1.330985
1.434788
1.529463
1.612120
1.609474
1.448784
1.244069
1.037326
0.903073
1.061335
1.195416
1.280016
1.214316
1.088039
0.923118
0.777967
0.861184
0.927539
1.010775
0.956749
0.835958
0.713713
0.857145
0.944366
0.886543
0.742287
0.792235
1.019156
1.289261
1.589414
1.926863
2.286808
2.719943
3.112597
3.383054
3.428395
3.259346
3.299577
3.924191
4.677659
5.509769
6.445176
7.499013
8.552317
9.247082
9.229436
8.481447
7.382377
6.293301
5.350175
4.624020
4.199089
3.984563
3.965819
3.429630
2.993543
2.732666
3.080432
3.257421
3.276375
3.037055
2.639962
2.281250
2.126925
2.107012
1.923405
1.679946
1.522820
1.726700
1.727277
1.300924
1.529820
1.738737
1.854061
1.827352
1.677568
1.562109
1.499833
1.375878
1.232751
1.023652
0.929584
0.773213
0.618164
0.656463
0.742928
0.771901
0.710322
0.730381
0.856547
0.937127
0.937275
0.868607
0.801148
0.726365
0.662042
0.614004
0.583623
0.683450
0.805721
0.903151
0.894710
0.798540
0.706891
0.721251
0.984408
1.077727
1.369912
1.565208
1.396611
1.054078
1.177079
1.346032
1.532806
1.716532
1.805932
1.792120
1.657129
1.482663
1.310847
1.136060
0.999082
0.885943
0.962405
0.993900
0.923951
0.881042
0.933058
1.063749
1.208581
1.318789
1.402317
1.570759
1.758592
1.942944
2.045213
2.089981
2.267367
2.470124
2.683233
2.877090
3.022440
3.053684
2.970493
2.760398
2.546053
2.553470
2.573159
2.449616
2.280644
2.215819
2.133094
2.031324
2.011781
2.104359
2.228996
2.333130
2.349897
2.232349
2.042682
1.815075
1.593883
1.387120
1.244222
1.223332
1.509922
1.838500
2.226335
2.674089
3.168271
3.599101
3.681750
3.395849
2.961048
2.698901
2.563397
2.352704
2.136482
1.996524
2.075378
2.126449
2.108563
2.039813
1.881440
1.870649
1.792960
1.974407
2.239815
2.527284
2.773015
3.066593
3.329393
3.402349
3.256205
3.042309
2.746555
2.856875
3.042835
3.247319
3.469079
3.723212
4.019360
4.285426
4.320727
4.100061
3.736576
3.324221
2.931567
2.571123
2.241976
1.958658
2.114995
2.303335
2.470786
2.519514
2.380366
2.153827
1.964132
2.436613
2.986490
3.594191
4.147810
4.369490
4.599591
4.527604
4.089828
3.980055
4.692411
5.481591
6.535078
7.793448
9.135092
10.197539
10.196541
9.187643
8.015736
7.285314
7.041533
6.867842
7.083368
8.070210
9.061860
9.946187
10.452090
10.501585
9.817402
8.742708
7.651749
6.683497
5.840414
5.066843
4.716628
4.699950
5.289313
5.688748
5.699029
5.656664
6.569304
5.681847
4.534153
3.729753
3.530302
3.405639
3.277831
3.023895
2.765437
2.531284
2.304162
2.576898
2.735449
2.666420
2.869506
3.178713
3.435763
3.607130
3.534193
3.280972
2.955920
2.705029
2.933440
3.174960
3.485393
3.842417
4.247018
4.682260
5.119979
5.489320
5.594645
5.461308
5.044228
4.589225
4.223289
4.084023
3.938780
4.254123
4.270303
3.967606
3.568002
3.226311
3.002736
2.920069
2.684813
2.566286
2.498610
2.236379
1.927883
1.558824
1.032816
0.421545
0.334800
0.218580
0.119333
0.050659
0.020872
0.034596
0.058903
0.061273
0.081941
0.098627
0.137112
0.184834
0.196637
0.116522
0.113739
0.170922
0.266385
0.383056
0.528404
0.836216
1.450711
2.009202
2.234771
2.283578
2.226309
1.996351
1.438861
0.833720
0.478795
0.251098
0.129979
0.200299
0.369996
0.554043
0.679726
0.672542
0.520548
0.270278
0.012930
0.000000
0.000000
0.000000
0.006607
0.024040
0.041026
0.065672
0.116994
0.158416
0.180073
0.193789
0.201002
0.208850
0.223717
0.252311
0.309765
0.394283
0.000000
0.000000
0.000000
0.000000
0.000000
0.000000
0.000000
0.000000
0.000000
