track	type=wiggle_0
fixedStep	chrom=chr	start=1	step=1
0.000000
0.000000
0.000000
0.000000
0.000000
0.000000
0.000000
0.000000
0.000000
0.938154
1.984903
2.313960
1.838449
1.365221
0.957216
0.711128
0.599577
0.818627
1.449411
1.511638
1.351063
1.072331
0.857901
0.627456
0.742032
1.249245
1.830175
1.985531
1.834472
1.274707
0.821367
0.608510
0.682195
0.910946
1.116201
1.118986
0.915741
0.688972
0.493986
0.404160
0.625649
0.929135
1.049268
1.083420
1.091180
1.081411
1.038659
0.889087
0.565761
0.323839
0.156405
0.062875
0.101912
0.119554
0.095012
0.055480
0.024508
0.064092
0.126140
0.193306
0.225769
0.195714
0.147683
0.176656
0.168761
0.146838
0.137727
0.224096
0.302980
0.342414
0.302666
0.458784
0.694072
1.009308
1.406805
1.886803
2.526909
3.584693
4.074338
4.210225
4.233367
4.210226
4.071903
3.551836
2.482907
2.009710
1.874301
1.639049
1.683645
2.438780
2.883620
2.888008
2.435632
1.615164
1.227799
1.529959
1.784058
1.882012
1.747191
1.566288
1.522579
1.351534
1.226547
1.169076
1.048685
0.914437
1.032567
1.158767
1.321627
1.508150
1.665183
1.718644
1.603920
1.433844
1.241628
1.068140
0.913975
0.770209
0.641196
0.527215
0.467455
0.469574
0.439762
0.577723
0.639886
0.631756
0.678308
0.718800
0.709199
0.664345
0.596995
0.538638
0.555045
0.532027
0.508204
0.551813
0.563318
0.534797
0.493331
0.527089
0.677567
0.788804
0.813571
0.833907
0.877126
0.974354
1.088143
1.188423
1.274128
1.382606
1.563739
1.670201
1.718372
1.664701
1.596702
1.552596
1.632447
1.730050
1.735044
1.671398
1.614648
1.498735
1.449438
1.394615
1.500326
1.629196
1.775735
1.924074
2.032167
2.047368
1.953812
1.826624
1.679628
1.534526
1.397053
1.269470
1.155776
1.156613
1.167088
1.321364
1.596754
1.678544
1.467978
1.328404
1.387560
1.533748
1.712876
1.858176
2.048255
2.252412
2.404667
2.523773
2.569871
2.488429
2.357324
2.367604
2.436416
2.404419
2.269726
2.106782
2.140164
2.201204
2.158200
2.109899
2.245066
2.336269
2.339671
2.251532
2.260152
2.339877
2.459833
2.635993
2.793617
2.868966
2.867900
2.859530
2.753615
2.592769
2.708218
3.188299
3.592990
3.831067
3.661701
3.354929
2.719568
2.767905
2.961271
3.186229
3.647754
4.106883
4.404712
4.547761
4.403430
4.290738
4.436479
4.516282
4.619737
5.057536
5.564549
5.985241
6.272847
6.149210
5.990243
6.383746
6.678384
6.754932
6.802469
6.663184
6.633785
6.833938
7.585409
8.626612
9.706227
10.166959
9.768826
9.223801
9.172647
10.318343
11.569326
12.836266
13.766833
14.056779
13.435322
12.200562
10.914984
9.725118
9.540957
9.865989
10.454025
11.284976
12.284148
13.360918
14.485411
15.561123
16.559507
16.865520
16.488642
15.451557
14.303408
13.200291
12.179873
11.284779
11.487069
11.742298
11.706336
11.688346
11.464145
11.305493
11.441422
11.452538
12.042499
12.226711
12.596679
13.303414
14.062994
14.854295
15.662203
16.355703
16.606083
16.368534
15.681264
14.874615
14.083085
13.326421
12.631180
12.048415
11.735232
12.311875
12.871108
13.397318
13.927059
14.493316
14.773392
14.711220
14.278306
13.668647
13.023826
12.402323
11.829785
11.315297
10.775437
10.243526
9.756752
9.709331
10.096125
10.281520
10.188691
10.240600
10.075054
9.891178
9.610397
9.218127
8.799635
8.633080
8.923557
9.090873
8.987460
8.696282
8.575261
8.566662
8.310685
7.947842
7.792791
8.006660
8.037067
7.837941
7.483049
7.305408
7.262675
7.104936
7.132401
7.150961
6.953834
6.700725
6.507810
6.417472
6.183450
5.911965
5.618053
5.479300
5.350677
5.108413
4.981967
5.284652
5.508457
5.383329
5.227659
5.307890
5.452666
5.711408
6.001215
6.274334
6.439119
6.453296
6.302582
6.835599
7.318343
7.443219
7.443219
7.321640
6.872962
5.741232
4.543811
3.709840
3.846875
3.960263
4.069424
4.070886
3.987591
3.837107
3.604209
3.647053
3.720174
3.660311
3.491538
3.308261
3.112413
3.043804
3.037665
3.062532
3.070388
3.090487
3.016760
2.963181
2.858170
2.647285
2.451149
2.249525
2.117436
1.978893
1.830388
1.674484
1.504815
1.400410
1.338764
1.347778
1.402552
1.479034
1.495270
1.421105
1.825760
2.366733
2.810325
2.404974
1.849600
1.371407
0.977404
1.087623
1.217110
1.292767
1.247655
1.121119
0.965807
0.900795
1.029084
1.050806
0.978236
1.002575
1.054692
1.180701
1.328662
1.332233
1.254000
1.204447
1.161007
1.133392
1.099488
1.199464
1.413821
1.608672
1.741019
1.687570
1.488069
1.246811
1.559580
1.737913
1.787064
1.787064
1.740227
1.571466
1.655074
2.021321
2.440794
2.906518
3.318571
3.529230
3.332067
2.920462
2.455350
2.041549
1.697562
1.410781
1.202753
1.075265
0.956349
0.984466
1.015756
1.152573
1.290342
1.419715
1.668693
1.919218
2.059187
2.007133
1.843717
1.834130
2.022161
2.179348
2.235163
2.170971
2.007466
1.817194
1.855623
1.925843
1.899706
1.769598
1.765680
1.957252
2.179414
2.421081
2.682576
2.956335
3.176030
3.227018
3.088797
2.855071
2.589508
2.340339
2.145848
2.654225
3.044301
3.047026
2.644918
2.121289
1.636569
1.552142
1.724093
1.911607
2.109308
2.317095
2.516319
2.656113
2.664005
2.542260
2.343517
2.321720
2.678562
3.047175
3.329496
3.325994
3.044570
2.676149
2.319381
1.992203
1.696988
1.434262
1.198130
0.993957
1.147279
1.287592
1.404342
1.573993
1.749898
1.890763
2.291426
2.496209
2.420645
2.372709
2.328421
2.136795
1.897990
1.671472
1.464558
1.276051
1.102089
0.942809
0.797448
0.667225
0.556677
0.891489
1.032191
0.857323
0.478003
0.525503
0.510894
0.489267
0.632162
0.763582
0.813033
0.745551
0.598214
0.452973
0.600422
0.803703
1.032734
1.237206
1.361151
1.263871
1.064207
0.825844
0.632945
0.883062
1.196290
1.575227
2.031135
2.576890
3.221191
3.973570
4.846018
5.908161
7.574504
8.913424
8.913419
7.576995
5.926866
4.849862
4.023105
3.289687
2.641291
2.087428
1.623160
1.236887
0.917072
0.656002
0.450991
0.423442
0.573705
0.711263
0.724286
0.611819
0.466174
0.323192
0.212501
0.196754
0.253131
0.329132
0.344904
0.286223
0.209937
0.135593
0.075322
0.033286
0.057133
0.186184
0.454879
0.589723
0.627020
0.632410
0.632470
0.633006
0.636034
0.637043
0.618409
0.542341
0.529242
0.759935
1.008481
1.256188
1.642204
1.661458
1.277234
0.899727
0.622044
0.435120
0.319056
0.237834
0.149414
0.068927
0.016823
0.069744
0.193626
0.332081
0.399761
0.403964
0.340095
0.201930
0.073912
0.011376
0.000000
0.000000
0.000000
0.000000
0.000000
0.000000
0.000000
0.000000
0.000000
0.000000
0.000000
0.000000
0.000000
0.000000
0.000000
0.000000
0.000000
0.000000
0.000000
0.000000
0.000000
0.000000
0.000000
0.000000
0.000000
0.000000
0.000000
0.000000
0.000000
0.000000
0.000000
0.012600
0.068664
0.180721
0.414742
0.532925
0.567449
0.568908
0.535475
0.417221
0.184940
0.072293
0.013592
0.000000
0.002865
0.029069
0.084237
0.155481
0.180031
0.147248
0.087666
0.065176
0.034539
0.055054
0.033833
0.039653
0.030944
0.045958
0.085262
0.172516
0.307928
0.515320
0.799574
1.182868
1.474382
1.184004
0.835390
0.692941
0.679482
0.679393
0.833274
1.172787
1.183631
0.817016
0.515499
0.324999
0.267495
0.391078
0.512178
0.623423
0.697783
0.792576
0.906903
1.164723
1.506058
1.917523
2.350137
2.602117
2.565088
2.263970
1.834491
1.448053
1.120426
0.881383
1.042857
1.145425
1.116146
0.948754
0.763072
0.637459
0.593266
0.735765
0.939433
1.180368
1.459355
1.724694
1.837657
1.694561
1.421112
1.147253
1.002166
1.069232
1.221208
1.387501
1.587568
1.839822
1.950513
1.878694
1.672406
1.452274
1.274396
1.135394
1.006079
0.981746
0.902941
0.770501
0.620818
0.494662
0.397123
0.409901
0.484024
0.561528
0.654999
0.693451
0.647149
0.556708
0.461924
0.369031
0.363416
0.439700
0.479669
0.470568
0.404550
0.327723
0.256674
0.205560
0.193744
0.367341
0.631498
0.927602
1.290832
1.401956
1.297463
0.971730
0.786296
0.634937
0.455739
0.388341
0.355769
0.292028
0.227338
0.176076
0.177639
0.216329
0.271558
0.340423
0.401101
0.436837
0.411517
0.353495
0.282739
0.219722
0.168134
0.126067
0.092695
0.124878
0.164237
0.210097
0.248101
0.354608
0.525993
0.713220
0.814597
0.756558
0.664314
0.654799
0.584638
0.432323
0.538881
0.618472
0.572051
0.420263
0.286300
0.207645
0.227995
0.220633
0.223450
0.257156
0.299618
0.368488
0.468459
0.571240
0.679437
0.494246
0.259606
0.151517
0.127206
0.121816
0.180118
0.175817
0.107851
0.060118
0.078986
0.081774
0.065290
0.125396
0.174684
0.189318
0.193372
0.194551
0.195618
0.197437
0.199701
0.199881
0.195138
0.178351
0.126429
0.039609
0.000332
0.000000
0.000000
0.002325
0.029251
0.089266
0.177901
0.266091
0.324174
0.274854
0.184235
0.294479
0.492007
0.740456
1.013772
1.312989
1.486950
1.282876
0.972928
0.710694
0.507215
0.314233
0.167974
0.132232
0.187799
0.314304
0.404331
0.431922
0.435229
0.414867
0.336002
0.182258
0.233841
0.238234
0.191010
0.125254
0.066984
0.066695
0.109141
0.127958
0.090141
0.036828
0.017532
0.077972
0.194784
0.370972
0.606108
0.827190
0.722732
0.527778
0.321934
0.175979
0.097100
0.035552
0.012215
0.002956
0.000000
0.000000
0.000000
0.000000
0.000000
0.000000
0.000000
0.000000
0.000000
0.000000
0.000000
0.000000
0.000000
0.000000
0.000000
0.000000
0.000000
0.000000
0.000000
0.000000
0.000820
0.006165
0.010044
0.004769
0.002816
0.004702
0.003226
0.000000
0.000000
0.000000
0.000000
0.000000
0.000000
0.000000
0.000000
0.003168
0.020269
0.026712
0.024551
0.078143
0.183241
0.347010
0.572825
0.864001
1.456084
1.917641
2.066506
2.034966
1.862912
1.507927
1.334572
1.252605
1.200581
1.098976
0.938060
0.664593
0.444656
0.483198
0.554397
0.500629
0.503775
0.432721
0.299727
0.190189
0.189272
0.289896
0.388685
0.470221
0.460299
0.514364
0.513807
0.502722
0.493589
0.489854
0.483868
0.465146
0.397338
0.255151
0.123778
0.105410
0.118076
0.162411
0.219418
0.293140
0.377735
0.454884
0.489679
0.474137
0.414127
0.337896
0.302880
0.300565
0.296991
0.346224
0.437058
0.441195
0.483706
0.445211
0.275302
0.307835
0.369542
0.474253
0.585396
0.630557
0.582765
0.647627
0.755244
0.871647
1.009838
1.090917
1.024188
0.862454
0.676626
0.523389
0.411471
0.405254
0.338210
0.319871
0.403161
0.488660
0.518117
0.567171
0.579082
0.814252
1.121853
1.501202
1.959603
2.505014
3.141724
3.883431
4.702613
5.398803
5.453415
4.809125
4.008744
3.267571
2.630013
2.100669
1.646886
1.262933
0.947394
1.020656
1.249473
1.521333
1.851520
2.226793
2.588224
2.851200
2.945814
2.775277
2.408327
2.036014
1.718080
1.486057
1.590298
1.521313
1.354014
1.242517
0.992519
1.255069
1.643462
2.097861
2.664129
3.409300
4.587642
5.960602
6.472211
6.607269
6.636568
6.644991
6.618188
6.481747
5.969429
4.644928
3.533337
2.755484
2.132987
1.608518
1.188278
1.257103
1.606807
1.962749
2.161657
2.170765
2.214139
2.261047
2.087229
1.768911
1.429922
1.123601
0.865487
0.660261
0.579075
0.604982
0.582581
0.557182
0.590951
0.540165
0.456382
0.343966
0.269400
0.290717
0.302451
0.333763
0.349475
0.337251
0.333320
0.333725
0.333835
0.344109
0.440851
0.590783
0.801249
0.986146
1.134386
1.227801
1.333498
1.422497
1.469965
1.434257
1.319852
1.187714
1.068477
0.982776
0.858242
0.724324
0.604174
0.648464
0.725261
0.740603
0.729884
0.820342
0.903745
0.967745
0.978902
0.932627
0.842505
0.753883
0.666329
0.579016
0.494141
0.626763
0.963535
1.424773
1.748182
1.525934
1.202482
0.974144
0.874442
0.899153
1.004130
1.113993
1.237139
1.385147
1.528454
1.629792
1.601153
1.467729
1.309908
1.167854
1.033019
1.162461
1.320264
1.475847
1.629333
1.777406
1.902161
2.177613
2.266051
2.143379
1.886307
1.635473
1.797248
2.051638
2.454914
2.880002
3.184637
3.293725
3.685612
4.112643
4.360404
4.250370
4.682979
5.002705
5.121269
5.611461
6.024652
6.095854
6.987708
8.349616
10.319132
12.316957
12.893641
12.311112
10.285866
8.267864
6.942400
5.829351
5.588764
6.101494
6.529118
6.953771
7.155449
6.962685
6.528203
6.368172
6.662597
6.425420
6.026299
5.809974
6.122884
6.344706
6.470071
6.617901
6.567775
6.302111
5.893559
5.536703
5.331838
5.038408
4.887269
4.755389
4.490169
4.212120
3.979928
3.698213
4.024578
4.392496
4.808951
5.252801
5.698208
5.903311
5.857627
5.528584
5.079741
5.323987
5.667537
5.920256
6.097849
6.229249
6.176930
6.355181
6.694143
6.801279
6.694371
6.704030
6.716924
6.914856
7.153590
7.450039
7.625350
7.595634
7.315298
6.889642
6.464088
6.274917
6.453423
6.536814
6.550657
6.347487
6.104763
5.886651
5.584266
5.341676
5.315114
5.234659
5.024668
4.752732
4.462611
4.173078
4.085299
3.919475
3.717295
3.678928
3.730677
3.574092
3.352897
3.133363
3.219983
3.098569
2.870001
2.601258
2.386415
2.291075
2.188831
2.407272
2.562104
2.611470
2.675694
2.595584
2.384577
2.497264
2.793462
3.141660
3.509113
3.861352
4.077822
4.319600
4.465579
4.373669
4.314818
4.276229
4.056966
3.686102
3.333028
3.099685
3.358489
3.740285
4.193934
4.624478
4.794794
4.565971
4.097304
3.599078
3.224736
3.105871
2.953562
2.800502
2.492067
2.211265
1.932253
1.713042
1.554603
1.391739
1.316462
1.177012
1.034974
1.215231
1.347341
1.336010
1.219728
1.053475
0.916460
0.791668
0.664619
0.610313
0.606617
0.621423
0.564228
0.540507
0.580107
0.639471
0.732794
0.806379
0.873348
0.948861
1.531513
1.933461
2.076952
2.113567
2.111006
2.047681
1.799490
1.256828
1.248129
1.326841
1.446654
1.519102
1.483507
1.395603
1.307131
1.227043
1.186692
1.152391
1.086828
0.982681
0.918136
0.967820
0.985138
0.950281
0.942740
0.923068
0.877424
0.865688
0.912756
0.935382
0.972984
0.998829
1.057533
1.127326
1.095087
1.046558
0.967806
1.008731
1.034415
1.065115
1.048440
1.036985
0.997970
0.919020
0.820488
0.887919
1.006705
1.116693
1.177062
1.142966
1.034238
0.891019
0.750836
0.629053
0.523893
0.448118
0.398381
0.368650
0.306722
0.248702
0.201414
0.195472
0.202296
0.184298
0.160455
0.153825
0.189379
0.235582
0.279037
0.299698
0.285826
0.233909
0.178696
0.124182
0.097582
0.068488
0.106636
0.297165
0.408279
0.441224
0.482886
0.490261
0.372525
0.243806
0.112731
0.149028
0.173143
0.167943
0.139092
0.126312
0.097575
0.122017
0.172380
0.159355
0.100517
0.096971
0.110494
0.162700
0.236833
0.331603
0.452793
0.608104
0.791581
0.965940
1.089655
1.269043
1.486841
1.642998
1.727252
2.139482
2.306085
2.288425
2.055756
1.540818
1.126008
1.321988
1.667823
2.077499
2.565506
3.133372
3.784741
4.528214
5.309383
5.910177
6.213000
5.881767
5.170682
4.489723
4.110088
4.161184
4.385753
4.716238
4.769956
4.479822
4.033229
3.710906
4.009770
3.981442
3.699330
3.447826
3.455097
3.278970
3.144473
3.091220
3.154934
3.191983
3.557678
3.938165
4.177359
4.105803
3.842532
3.450882
3.037846
2.646960
2.297312
1.977315
2.154015
2.249730
2.120457
1.804804
1.493695
1.286702
1.207028
1.423575
1.592883
1.769473
1.834571
1.622849
1.343609
1.063569
1.096266
1.234546
1.330862
1.331116
1.283339
1.431980
1.534017
1.539860
1.431149
1.283617
1.255856
1.418748
1.556970
1.642322
1.605348
1.749055
1.944541
2.156668
2.377671
2.595332
2.787726
2.922540
3.013649
3.004793
2.855203
2.618185
2.368250
2.140279
1.922700
1.728318
1.673456
1.830720
1.971768
2.095621
2.216678
2.239932
2.128492
1.937526
1.769785
1.606125
1.476293
1.589693
1.587799
1.476971
1.310311
1.140367
0.977200
0.928342
1.053870
1.186912
1.317860
1.394607
1.349454
1.239885
1.260604
1.174486
1.030710
0.863028
0.705481
0.570941
0.463192
0.378819
0.332073
0.307496
0.343861
0.352965
0.405832
0.492038
0.585691
0.637655
0.673485
1.043576
1.360848
1.534181
1.618371
1.728111
2.200132
2.537892
2.603211
2.301662
2.816529
3.507627
4.452656
4.958759
4.967063
4.451036
3.403402
2.538389
1.912305
1.393878
0.974686
0.644844
0.395928
0.356218
0.335258
0.295085
0.280388
0.311397
0.386455
0.497929
0.565351
0.559458
0.474365
0.380680
0.263327
0.141652
0.084965
0.120625
0.151726
0.178121
0.202483
0.199045
0.242782
0.311623
0.415878
0.546110
0.688103
0.800198
0.871626
0.835877
0.745412
1.064792
1.574587
2.388082
3.024965
3.237283
3.286505
3.296990
3.288755
3.231963
3.017721
2.475182
2.669965
2.908301
3.165646
3.412289
3.522065
3.447020
3.207865
2.927287
2.667677
2.426942
2.200961
2.044127
1.969234
1.799867
1.625990
1.469327
1.492450
1.638682
1.685507
1.608074
1.441239
1.700038
1.981295
1.855524
1.463224
1.174191
1.090972
0.963642
0.819660
0.677582
0.552062
0.485680
0.452196
0.535515
0.621989
0.691679
0.712681
0.687461
0.686517
0.844013
0.931797
1.005422
1.108746
1.275361
1.426833
1.513931
1.473867
1.309543
1.206562
1.737080
2.444759
2.870385
3.019775
3.017990
2.886391
2.534600
1.877173
1.855068
1.715233
1.463037
1.206939
1.377146
1.630587
1.829787
1.910509
1.816437
2.012749
2.181832
2.230043
2.038343
2.460644
2.940809
3.373174
3.758263
3.968637
3.830191
3.516376
3.029958
2.523110
2.397216
2.861607
3.560333
4.353703
5.280538
6.489522
7.889383
9.329074
10.548069
10.462209
9.168880
7.832086
6.536104
5.411903
4.474727
3.680583
3.010797
2.531232
2.723006
2.868768
2.962360
2.878924
2.698866
2.469374
2.419179
2.517262
2.503783
2.540906
2.785715
3.041829
3.249384
3.376991
3.313881
3.128657
2.875849
2.632432
2.838910
3.011737
3.151018
3.294063
3.341583
3.529724
3.608310
3.465393
3.216891
3.028702
2.868847
3.093797
3.428556
3.788379
4.071450
4.187514
4.038010
3.767948
3.453783
3.135586
2.826163
2.755902
2.945306
3.052867
3.056437
2.935111
2.717049
2.441120
2.180110
2.105647
1.924207
1.779049
1.890909
2.001744
1.987371
1.865702
1.920221
1.880177
1.752789
1.632146
1.505742
1.389697
1.445354
1.578720
1.654275
1.613601
1.483599
1.330039
1.209525
1.227963
1.363035
1.399052
1.345592
1.187981
1.058232
0.965225
1.224924
1.423137
1.430921
1.240763
1.255630
1.281467
1.268740
1.158885
1.448149
2.005716
2.267601
1.790770
1.278377
0.881714
0.599151
0.448061
0.487278
0.658679
0.845978
0.956668
1.019672
1.040374
1.121060
0.989042
0.786562
0.678377
0.632020
0.727605
0.942251
1.288773
1.705151
1.944726
1.966324
1.920301
1.843022
1.727354
1.714240
1.669134
1.728297
1.754039
1.690053
1.648675
1.658201
1.715230
1.725226
1.626116
1.500385
1.353154
1.232137
1.207481
1.322915
1.511424
1.704247
1.848042
1.890054
1.799208
1.668855
1.597822
1.711447
1.743174
1.672004
1.601469
1.653778
1.767166
1.924745
2.103489
2.248502
2.255713
2.155337
1.987540
1.807591
1.718089
2.302460
2.508399
2.317560
1.806589
1.797456
1.790663
1.855158
2.039903
2.277625
2.390565
2.425979
2.302680
2.162384
2.395050
2.806272
3.127397
3.175782
3.290118
3.812978
4.108878
4.392336
4.363038
4.291770
4.953689
5.558585
5.879599
5.512444
4.981923
4.345069
3.724193
3.121066
2.583671
2.330778
2.625991
2.959147
3.329152
3.725433
4.070913
4.165825
3.984910
3.646611
3.513319
3.475050
3.282802
2.956672
2.653621
2.340330
2.090677
1.883907
1.805831
1.838164
1.967428
2.052545
1.978185
1.871359
2.098423
2.330270
2.570724
2.767389
2.967022
2.979505
2.809089
2.549403
2.430907
2.372739
2.217122
2.474084
3.142712
3.964697
5.057209
6.479518
7.642594
8.058259
7.840046
6.829070
5.441185
4.413839
3.547382
2.800391
2.166795
1.780393
1.611602
1.448698
1.326628
1.244975
1.305885
1.592299
1.921830
2.308544
2.742836
3.214927
3.708156
4.139389
4.578833
4.685962
4.490591
4.034290
3.514205
3.022593
2.672602
2.913841
3.138244
3.298674
3.319984
3.357488
3.403281
3.572903
3.727668
3.863530
3.920510
3.903107
3.928890
4.173587
4.369635
4.458998
4.365276
4.200115
4.322992
4.524958
4.664099
4.690291
4.581699
4.379409
4.132726
3.852651
3.564225
3.276158
3.048754
3.156594
3.095404
2.896448
2.644376
2.402934
2.475272
2.735235
2.997720
3.242878
3.336061
3.241748
3.003476
3.237706
3.534927
3.838456
4.074244
4.157745
4.052358
4.352678
4.566073
4.610783
4.412208
4.044891
3.664918
3.317322
3.005936
2.717983
2.809653
3.135820
3.399702
3.472461
3.332473
3.059726
2.781530
2.848428
3.127649
3.424640
3.750032
4.078123
4.405194
4.694898
4.750185
4.550086
4.170529
3.740397
3.501092
3.197746
2.901743
2.884733
2.950727
2.755032
2.875008
3.079157
3.065577
2.913674
3.353804
3.903751
4.546933
5.133752
5.488376
5.586934
5.746659
5.736691
6.144430
6.938405
7.323512
7.162583
7.804658
8.999302
10.338668
11.386805
11.395172
10.403175
9.214363
8.450422
8.924890
9.278706
9.155060
10.028584
11.075072
12.090313
12.663931
12.741456
12.023940
10.834555
9.613493
8.518188
7.573476
6.708415
5.946025
5.369489
5.026714
5.010570
5.358180
6.404242
7.408840
6.475420
5.473850
6.037930
6.581780
6.901368
6.880516
6.603038
6.368300
5.936441
5.403742
5.226471
5.655635
6.096840
6.502767
6.884806
7.111895
6.989002
6.672809
6.326182
5.950561
5.819605
6.022114
5.958003
5.928719
6.342052
6.834002
7.350191
7.844951
8.273149
8.366953
8.176426
7.655851
7.091938
6.643385
6.491957
6.252381
6.471607
6.488546
6.118887
5.616002
6.279060
6.688381
6.193836
5.210039
4.237064
4.108566
3.767109
3.360580
2.750356
1.924449
1.108509
1.044621
0.926870
1.033600
1.291728
1.530556
1.595710
1.433119
1.161939
0.875814
0.634575
0.591762
0.744907
0.917546
1.108778
1.311864
1.485185
1.461017
1.064513
1.132161
1.271947
1.660999
2.278344
2.529151
2.580548
2.518902
2.261190
1.647475
1.364047
1.344313
1.060344
0.759054
0.512721
0.771256
1.016769
1.164461
1.131424
0.807685
0.343510
0.029417
0.000000
0.000000
0.001201
0.017002
0.043404
0.067691
0.101810
0.164216
0.212023
0.236860
0.256793
0.270929
0.284077
0.301866
0.330433
0.411615
0.799106
0.000000
0.000000
0.000000
0.000000
0.000000
0.000000
0.000000
0.000000
0.000000
