track	type=wiggle_0
fixedStep	chrom=chr	start=1	step=1
0.000000
0.000000
0.000000
0.000000
0.000000
0.000000
0.000000
0.000000
0.000000
0.025636
0.062394
0.115613
0.224745
0.480565
1.026217
1.614918
2.290071
3.059402
3.342778
3.419008
3.419008
3.349546
3.091380
2.370536
1.749435
1.252938
0.907505
1.230687
1.588538
1.907140
2.122976
1.987209
1.680779
1.311272
0.990205
1.018761
1.261235
1.471072
1.825095
1.979621
1.829336
1.265072
0.807825
0.590791
0.632016
0.854672
1.057575
1.059765
0.860232
0.648349
0.482724
0.430270
0.616802
0.925881
1.046861
1.081283
1.133715
1.385178
1.385178
1.133716
0.832313
0.567834
0.361348
0.209681
0.111270
0.127725
0.165389
0.249099
0.369354
0.518405
0.662956
0.723393
0.673606
0.530412
0.383180
0.272599
0.251448
0.231867
0.183221
0.198745
0.269866
0.307998
0.275557
0.427906
0.660522
0.974485
1.370851
1.852408
2.503449
3.558815
4.044065
4.178734
4.201628
4.178734
4.041481
3.525646
2.458730
1.974669
1.844120
1.620446
1.678746
2.435770
2.879323
2.881547
2.414251
1.701157
1.294828
1.413478
1.657797
1.743717
1.598851
1.336166
1.053989
0.805502
0.598157
0.428198
0.552719
0.758612
0.844385
0.758870
0.547170
0.357806
0.215631
0.130261
0.110403
0.073546
0.038973
0.015786
0.004061
0.000000
0.000000
0.000000
0.000000
0.000000
0.000000
0.000000
0.000000
0.000000
0.000000
0.000000
0.000000
0.000000
0.000000
0.000000
0.000000
0.000000
0.000000
0.000000
0.000000
0.000000
0.000000
0.000000
0.000000
0.000000
0.000000
0.000000
0.000000
0.000000
0.000000
0.000000
0.000000
0.000000
0.000000
0.000000
0.013634
0.041620
0.083702
0.103218
0.113745
0.135977
0.146817
0.157569
0.224345
0.277307
0.263662
0.270860
0.251629
0.282207
0.335870
0.399815
0.471990
0.541353
0.585975
0.583464
0.559718
0.507466
0.472915
0.460288
0.430032
0.471192
0.506199
0.490303
0.668868
0.802599
0.847045
0.944506
1.019682
1.103824
1.129339
1.137273
1.209476
1.308787
1.387544
1.393974
1.329231
1.220721
1.104166
0.956080
0.817119
0.910984
1.011876
1.081526
1.077671
1.001893
1.341987
1.825859
2.024543
2.079880
2.094294
2.073617
1.972634
1.616257
1.314174
1.486015
1.673132
1.875544
2.091226
2.319153
2.565826
2.832311
3.088782
3.303635
3.353249
3.255488
3.011178
3.176924
3.443745
3.727386
4.022163
4.333724
4.665525
5.007028
5.333898
5.543704
5.573043
5.381395
5.060769
4.718460
4.384486
4.249553
4.702758
5.196886
5.688759
6.100490
6.257033
6.036479
5.866960
6.063300
6.094991
6.142540
6.525297
7.181304
7.955448
8.784348
9.501286
9.887591
9.517990
9.918871
9.719074
9.050030
8.131594
8.723201
9.420837
10.196151
11.000910
11.773873
12.434834
12.620514
12.438328
11.808760
11.224675
11.714638
12.061383
11.855238
11.283819
10.466415
9.831712
10.712483
11.528406
11.754406
11.429246
10.603708
9.683232
9.299674
9.441622
9.523839
9.983083
10.534662
11.130929
11.736711
12.264316
12.512400
12.444785
12.063876
12.313521
12.689439
12.853919
12.519408
11.991243
11.356147
11.227633
11.615691
11.821219
11.600906
11.760672
12.116335
12.142280
11.833864
11.851451
12.059182
11.981013
11.585533
11.126322
10.874968
10.546262
10.498962
10.660706
10.480338
10.071508
9.643427
9.429128
9.228445
9.331337
9.603833
9.476484
9.182936
9.399457
9.524463
9.264162
8.838320
8.615296
8.996301
9.372577
9.621420
9.607544
9.352687
8.975585
8.832953
8.861645
8.703809
8.979646
9.123825
9.131911
9.724152
10.480321
10.759727
10.655768
10.651142
10.938964
11.077513
11.001472
10.682693
10.293951
9.884932
9.478566
9.796953
9.900116
9.748079
9.419120
9.017629
8.626005
8.253473
7.895014
7.744745
8.108546
8.479194
8.764003
8.837157
8.633036
8.310464
7.938053
7.593468
7.261250
7.267049
7.482653
7.527079
7.709950
7.854475
7.957681
7.844704
7.684314
7.557759
7.301993
7.205795
7.149703
7.107564
7.493635
7.729812
7.936002
7.964142
7.855106
7.631889
7.328382
7.456905
7.570651
7.469965
7.241384
7.128022
7.224638
7.192151
7.165080
7.108937
7.075075
7.233116
7.206169
7.125696
6.946711
6.597026
6.271178
6.067694
5.803621
5.511261
5.219136
4.921675
4.495564
4.582022
4.754737
4.840721
5.005146
5.065142
4.949614
5.089082
5.678500
5.552009
4.796007
3.949807
3.461153
3.234370
3.222806
3.351140
3.265788
3.075635
2.846370
2.819817
2.858400
3.146910
3.395108
3.323602
3.069223
3.334955
3.609881
3.873148
4.081487
4.148474
4.368767
4.429144
4.285202
4.046769
3.765631
3.679363
3.496057
3.500233
3.700639
3.767412
3.608617
3.262371
2.897400
2.594660
2.695597
2.824397
2.780219
2.928855
3.194848
3.471382
3.671068
3.656398
3.447674
3.143994
2.837090
2.548449
2.310916
2.187790
2.007296
1.982453
2.081959
2.345517
2.620459
2.890994
3.086346
3.164604
3.223288
3.231918
3.211774
3.455574
3.662133
3.711489
3.676125
3.520116
3.129924
2.848205
2.992999
3.008395
2.754118
2.481604
2.964159
3.494274
4.043075
4.621634
5.128757
5.165945
4.747196
4.155443
3.531602
2.965890
2.693791
3.301959
3.843460
3.888090
3.440363
2.834279
2.256546
1.751998
1.375870
1.424484
1.580745
1.634399
1.551293
1.502929
1.562796
1.505288
1.316090
1.107280
0.908073
0.977298
1.071720
1.097799
1.039980
0.917361
0.790086
0.673401
0.568509
0.508419
0.587961
0.649471
0.634259
0.593818
0.666998
0.718360
0.690878
0.608478
0.651103
0.638279
0.676710
0.976654
1.352968
1.802794
2.242476
2.442588
2.363097
1.995129
1.599360
1.187988
0.842202
0.569112
0.361804
0.209850
0.102129
0.036242
0.005209
0.000000
0.002468
0.007940
0.024470
0.060220
0.114418
0.189170
0.286245
0.406657
0.535736
0.647556
0.660579
0.577811
0.443909
0.317104
0.213903
0.133516
0.177054
0.286960
0.404796
0.496091
0.473872
0.407596
0.577439
0.819039
1.126127
1.500421
1.949774
2.489313
3.132165
3.889636
4.766659
5.836644
7.537569
8.874119
8.874113
7.539898
5.854891
4.760874
3.876049
3.125704
2.484273
1.945415
1.496473
1.122011
0.813430
0.564767
0.367307
0.220255
0.116449
0.049353
0.012432
0.000000
0.000000
0.000000
0.000000
0.000000
0.000000
0.000000
0.000000
0.000000
0.000000
0.000000
0.000000
0.000000
0.000000
0.000000
0.000000
0.000000
0.000000
0.000000
0.000000
0.000000
0.000000
0.000000
0.000000
0.000000
0.000000
0.000000
0.000000
0.000000
0.000000
0.000000
0.000000
0.000000
0.000000
0.000000
0.000000
0.000000
0.000000
0.000000
0.005778
0.054519
0.159192
0.354550
0.519018
0.522798
0.365317
0.170843
0.064007
0.009209
0.000000
0.000000
0.000000
0.000000
0.000000
0.000000
0.000000
0.000000
0.000000
0.000000
0.000000
0.000000
0.000000
0.000000
0.000000
0.000000
0.000000
0.000000
0.000000
0.000000
0.000000
0.000000
0.000000
0.000000
0.000000
0.000000
0.000000
0.020836
0.079937
0.154556
0.246494
0.340861
0.433277
0.547298
0.666588
0.768031
0.879699
1.030750
1.266776
1.474039
1.626854
1.757256
1.824483
1.789133
1.670326
1.519641
1.312285
1.126565
0.902438
0.640880
0.715021
0.822499
0.947020
1.075855
1.193960
1.283356
1.296648
1.256902
1.384433
1.460432
1.422728
1.339807
1.322697
1.454393
1.591624
1.683266
1.687454
1.599303
1.462080
1.318690
1.269583
1.413616
1.552128
1.646212
1.652395
1.922927
2.283608
2.706338
3.195246
3.677270
4.040545
4.183416
3.964036
3.875970
4.197232
4.862063
5.588243
5.571501
4.802559
3.989690
3.315167
3.512533
3.776406
4.087900
4.384085
4.539700
4.461819
4.229319
4.149221
4.488389
4.879313
5.263929
5.650781
5.865406
5.783276
6.096264
6.562139
6.997714
7.332060
7.301239
6.928967
6.479519
6.046515
5.653100
5.780786
6.120311
6.523915
6.726019
6.592967
6.275102
5.883552
5.596793
5.555631
5.421223
5.266000
5.013916
4.785840
4.539860
4.608526
5.192243
5.890223
6.687530
7.559221
8.475544
9.498968
10.541807
11.255834
11.237426
10.496373
9.466105
8.422124
7.455530
6.595833
5.834905
5.942556
6.106602
6.035416
5.811137
5.513090
5.191801
4.867280
4.573309
4.765099
4.549921
4.160692
4.052506
3.953086
3.766225
3.529585
3.283327
3.043809
2.831411
2.704943
2.858956
3.034640
3.081629
2.952597
2.692285
2.454832
2.322040
2.337919
2.423263
2.464714
2.491935
2.522272
2.466857
2.413342
2.409920
2.344722
2.306258
2.385686
2.475272
2.572547
2.583129
2.616879
2.721216
2.838932
2.928596
2.890393
2.748875
2.570436
2.392253
2.220233
2.061738
1.923588
1.793684
1.655023
1.712300
1.778764
1.857518
1.958574
2.015543
1.966818
1.834978
1.669059
1.508483
1.347978
1.346484
1.302661
1.219757
1.088982
1.064170
1.165796
1.266661
1.273880
1.189958
1.078618
0.948273
0.822326
0.756715
0.770739
0.749386
0.687277
0.594644
0.479292
0.422992
0.384521
0.343168
0.334695
0.304198
0.303932
0.340975
0.378290
0.373115
0.341409
0.288195
0.244936
0.233550
0.283815
0.484440
0.753054
1.092860
1.445536
1.736333
1.753420
1.478472
1.110321
0.792883
0.538369
0.351607
0.239252
0.209040
0.232674
0.180697
0.113805
0.089126
0.081255
0.151793
0.247601
0.369331
0.522479
0.688286
0.839696
0.869837
0.802030
0.721020
0.623272
0.515959
0.491517
0.631478
0.832572
1.067054
1.277649
1.372359
1.301567
1.101050
0.870798
0.662067
0.483943
0.336987
0.447355
0.600765
0.663665
0.582221
0.414395
0.355458
0.510946
0.696426
0.734622
0.918883
0.997123
1.006353
0.998469
0.967631
0.859208
0.624118
0.403022
0.391735
0.440074
0.467149
0.414307
0.257663
0.120828
0.035197
0.053594
0.065275
0.071840
0.055716
0.044234
0.035941
0.023262
0.015130
0.034816
0.063810
0.086357
0.113022
0.183714
0.267056
0.333130
0.327533
0.257365
0.173726
0.115374
0.189825
0.353053
0.578536
0.878758
1.293398
1.895183
2.693095
3.018572
2.836669
2.228807
1.716799
1.363791
1.336022
1.135194
0.835945
0.591827
0.396060
0.233609
0.176829
0.262108
0.341113
0.346978
0.285984
0.192507
0.201604
0.220963
0.245953
0.253247
0.215481
0.305689
0.417143
0.548620
0.703543
0.882292
1.062805
1.240566
1.290087
1.214235
1.022725
0.868760
0.718195
0.554251
0.478490
0.657397
0.885877
1.149324
1.447733
1.772771
2.024646
2.025054
1.771161
1.443464
1.335715
1.252227
1.103488
0.965678
0.861280
0.756766
0.844647
1.048640
1.283082
1.550578
1.832693
2.037915
2.067543
1.946823
1.791902
1.544867
1.315110
1.137360
0.987913
0.819696
0.689376
0.715218
0.758355
0.830665
0.966092
1.136191
1.317472
1.466949
1.570210
1.511482
1.377198
1.198459
1.032115
0.887200
1.211219
1.621799
2.111028
2.684380
3.359007
4.084980
4.717977
4.739641
4.163353
3.470220
2.793976
2.276892
1.956281
1.773326
1.465944
1.158820
0.855120
1.057837
1.318427
1.608629
1.900137
2.120076
2.349651
2.580533
2.596912
2.393200
2.038106
1.684760
1.373646
1.307194
1.384779
1.452934
1.307677
1.058963
1.028230
1.384578
1.813029
2.366086
3.050063
4.129314
5.376006
5.837542
5.956509
5.987437
6.003123
5.990144
5.876485
5.430244
4.228865
3.167206
2.445447
1.889022
1.415968
1.031267
0.745808
0.732259
0.751742
0.619153
0.448566
0.287291
0.159577
0.070548
0.045219
0.027114
0.012466
0.018098
0.043246
0.088649
0.162188
0.191397
0.153453
0.085800
0.082583
0.094286
0.118632
0.146987
0.168163
0.178963
0.156030
0.115490
0.122761
0.155130
0.194226
0.229998
0.233763
0.238888
0.263755
0.291913
0.305562
0.278736
0.254194
0.293168
0.330753
0.353333
0.335818
0.281713
0.224346
0.173505
0.130177
0.088709
0.048061
0.025276
0.035859
0.051265
0.057366
0.065555
0.121181
0.245186
0.222570
0.070042
0.097720
0.144750
0.204672
0.266281
0.303198
0.298776
0.261242
0.209542
0.153936
0.101553
0.061721
0.073050
0.110415
0.139268
0.139709
0.129024
0.181136
0.239096
0.287766
0.312930
0.391355
0.479733
0.527613
0.615723
0.769208
0.972513
1.184954
1.327771
1.492758
1.719373
1.981691
2.362690
2.894318
3.429120
3.694209
3.654052
3.666317
4.112781
4.728578
5.441244
6.248851
7.099824
7.792385
8.263895
8.195944
7.527281
7.339606
7.655213
7.716702
7.408082
8.094660
8.946540
9.881682
10.909173
12.075089
13.341356
14.446210
14.937128
14.390483
13.228243
11.912526
10.714738
9.802697
9.042025
8.216478
7.494554
7.407452
7.653022
7.496275
6.906595
6.372030
6.002838
5.457424
4.883993
4.327164
3.842758
3.480156
3.081830
3.156468
3.086703
3.093436
3.336724
3.514335
3.858439
4.154257
4.503366
4.856938
5.165189
5.221183
4.975303
4.624029
4.220858
3.884175
3.523328
3.169571
3.165108
3.171066
2.991053
2.673988
2.341632
2.040310
1.780068
1.555622
1.395614
1.365427
1.494015
1.674667
1.868698
2.077252
2.416873
2.545853
2.501648
2.472941
2.660411
2.793326
2.998470
3.229453
3.469281
3.690073
3.883937
3.986907
3.975310
4.092203
4.113546
4.398466
4.636846
4.845284
4.983139
4.968734
5.151795
5.487766
5.784914
5.878553
5.797058
5.787194
6.196612
6.651623
7.097422
7.440481
7.486758
7.256141
6.906777
6.529119
6.180302
5.837956
5.481411
5.138844
4.816824
4.504740
4.208391
3.927790
3.666216
3.536334
3.818336
3.911291
3.763785
3.519073
3.246125
3.151778
3.200959
3.154570
3.007261
3.136579
3.343811
3.403884
3.272169
3.133208
3.462878
3.862666
4.285155
4.656525
4.836647
4.775879
4.904969
4.791447
4.440402
4.059355
3.918420
4.105858
4.250012
4.227399
4.109142
3.887862
3.803006
3.804465
4.032102
4.357407
4.511748
4.355947
4.173320
3.939743
3.781474
4.124748
4.281084
4.126040
3.754573
3.361198
3.008808
3.286471
3.591860
3.728651
3.780298
3.632775
3.300080
3.715351
4.167724
4.438488
4.358255
4.098198
3.839031
3.608177
3.998936
4.463434
5.210059
6.105232
7.149301
8.318143
9.616276
11.072109
12.630583
14.172542
15.319066
15.303559
14.088215
12.433638
10.848481
9.455451
8.276055
7.408005
6.494524
5.626024
4.983368
4.676066
4.185876
3.743416
3.267735
2.849496
2.469568
2.218704
1.909526
1.579324
1.442916
1.539657
1.522000
1.434738
1.324639
1.286617
1.279521
1.370613
1.484422
1.608165
1.718860
1.747115
1.679007
1.553619
1.422498
1.304232
1.180369
1.066709
0.993899
1.031597
0.970276
0.869485
0.739639
0.675968
0.624610
0.528229
0.387766
0.358037
0.346051
0.310778
0.366133
0.441479
0.544934
0.666060
0.791435
0.918660
1.055802
1.217365
1.394193
1.554234
1.648829
1.627097
1.481965
1.291647
1.109758
0.981216
0.924953
0.822331
0.706052
0.608031
0.730150
0.877910
1.015023
1.074278
1.049176
1.057185
1.148493
1.140737
1.041202
0.917774
0.780201
0.646939
0.532943
0.436602
0.436544
0.519286
0.573409
0.552351
0.467416
0.364621
0.273505
0.205362
0.153663
0.108105
0.083082
0.086367
0.068408
0.068686
0.114275
0.154580
0.198957
0.234741
0.241694
0.305744
0.474884
0.698141
0.891358
0.912202
0.798991
0.676214
0.854485
0.970521
1.150376
1.166008
1.073366
1.207201
1.430802
1.600890
1.880387
2.112355
2.132742
1.928111
2.268688
2.840633
3.520532
4.175552
4.431667
4.242733
3.792310
3.369149
3.148591
2.724509
2.295245
1.931350
1.886308
1.966926
1.873976
1.853131
1.953956
1.707029
1.399050
1.245783
1.097070
1.275610
1.448920
1.452014
1.282106
1.019303
0.800329
0.677696
0.550905
0.638092
0.838608
1.118636
1.242208
1.117010
0.859600
0.593780
0.358550
0.193075
0.115781
0.131601
0.216753
0.313312
0.320770
0.274222
0.361404
0.463651
0.581366
0.712081
0.860419
1.029235
1.217380
1.388811
1.493945
1.452723
1.313826
1.134507
0.968602
0.835220
0.807480
0.688452
0.597293
0.637926
0.737108
0.855324
0.920621
0.907780
0.816876
0.681753
0.547731
0.440022
0.343419
0.350711
0.370313
0.340888
0.271713
0.254635
0.312294
0.380740
0.441582
0.450940
0.397881
0.337178
0.386951
0.394997
0.321976
0.227132
0.214510
0.234762
0.221278
0.171779
0.124514
0.136185
0.149609
0.169532
0.181976
0.147267
0.115808
0.084506
0.123225
0.145683
0.130166
0.096226
0.141281
0.156369
0.167032
0.182837
0.214149
0.328034
0.578910
0.933169
1.226188
1.387238
1.467471
1.501332
1.849398
2.183117
2.239062
2.013980
2.509973
3.192735
4.116068
4.589725
4.592924
4.108659
3.098752
2.273481
1.671572
1.178902
0.785955
0.487052
0.271483
0.123513
0.035005
0.000715
0.000000
0.000000
0.000000
0.000000
0.000000
0.000000
0.000000
0.003847
0.026569
0.043743
0.030705
0.007333
0.000000
0.000000
0.000000
0.000000
0.000000
0.005512
0.090565
0.151647
0.172262
0.180813
0.191530
0.223015
0.420874
0.698023
1.065202
1.523549
2.057931
2.744296
3.641025
4.073851
4.226708
4.221679
4.051161
3.577466
2.639239
1.987727
1.446412
1.020666
0.878644
1.055758
1.046704
0.857858
0.652503
0.487023
0.364589
0.317113
0.408382
0.521933
0.516461
0.378466
0.261700
0.310198
0.329921
0.453593
0.583816
0.600725
0.478872
0.327209
0.295911
0.309508
0.376664
0.495995
0.561630
0.499831
0.382172
0.408469
0.356809
0.502908
0.875596
1.248199
1.422538
1.484047
1.517458
1.514511
1.467267
1.351079
1.157986
1.377074
1.776665
2.068463
2.022004
1.643879
1.251674
1.259868
1.372509
1.427721
1.451044
1.449213
1.428770
1.625358
1.535492
1.278879
0.970628
0.811012
0.743112
0.842360
1.068323
1.218941
1.218013
1.062570
0.828068
0.564194
0.585234
0.759561
0.956964
1.072074
1.022012
0.826304
0.768316
0.624067
0.481312
0.426259
0.416555
0.324069
0.310118
0.449549
0.683526
0.990551
1.316554
1.728158
2.131069
2.110684
1.668961
1.192194
0.793674
0.732037
0.846177
0.935550
0.957870
1.053852
1.145255
1.161186
1.084826
1.139646
1.207467
1.205176
1.128911
1.154293
1.242109
1.227951
1.189797
1.272194
1.252680
1.383897
1.556792
1.771031
2.044448
2.403152
2.841490
3.287482
3.599451
3.857781
3.956965
3.851114
3.768367
3.962789
3.973319
3.994255
4.199834
4.475004
4.726328
4.995950
5.096310
4.992857
4.712192
4.366277
4.039561
3.732309
3.444633
3.582309
3.880095
4.218164
4.560045
4.795045
4.919553
4.755928
4.417828
4.028095
3.808093
3.557021
3.170749
2.913120
3.068051
3.086936
2.978537
2.743471
2.536087
2.441610
2.430250
2.735318
2.955676
3.055576
3.009436
2.868727
2.697552
2.363112
2.191226
2.419611
2.560382
2.516426
2.586739
2.627172
2.405149
2.218767
2.205609
2.306888
2.262536
2.722025
3.396279
4.059119
4.352009
4.036458
3.343388
3.062540
2.931001
2.524961
2.084560
1.924875
1.821646
1.688502
1.504247
1.337996
1.218196
1.140328
1.206124
1.222809
1.159321
1.015875
0.842897
0.635411
0.520867
0.446504
0.448012
0.448037
0.411567
0.370113
0.314559
0.278506
0.311690
0.306415
0.295659
0.347354
0.389778
0.370078
0.357257
0.335571
0.280277
0.207104
0.223441
0.223485
0.192642
0.158597
0.228781
0.290304
0.310521
0.291983
0.336947
0.350451
0.327667
0.264859
0.199403
0.166923
0.236534
0.351972
0.503522
0.648634
0.658303
0.699209
0.697201
0.760656
0.877929
1.016406
1.125960
1.151987
1.089132
1.248859
1.839227
2.519198
2.773784
2.596307
2.105708
2.275990
2.491143
2.964642
3.689627
4.129696
4.258362
4.283098
4.266569
4.215381
4.047767
3.717776
3.176914
3.269522
3.703944
4.194819
4.160720
3.597738
2.945618
2.399554
2.208958
2.408370
2.460668
2.356817
2.249369
2.366033
2.261506
1.969918
1.603786
1.200244
1.421177
1.780722
1.805793
1.438686
1.654197
1.768012
1.699645
1.478059
1.222451
1.012635
0.866659
0.817094
0.832732
0.762378
0.626541
0.599999
0.714140
0.797594
0.793293
0.718478
0.656554
0.772804
0.917080
1.075875
1.233931
1.334264
1.303137
1.153735
0.954973
0.769322
0.611142
0.593458
0.599394
0.558359
0.871117
1.282469
1.791691
2.350825
2.825203
2.817464
2.314432
1.735248
1.218561
0.806036
0.488496
0.313555
0.292828
0.324047
0.336721
0.324327
0.267398
0.147571
0.211397
0.333419
0.494783
0.690088
0.925276
1.185545
1.436299
1.508675
1.440580
1.209626
0.961295
0.723796
0.518868
0.662593
0.806691
1.011186
1.313093
1.715507
2.073791
2.156325
2.027913
2.268251
2.397374
2.390609
2.283265
2.153392
2.134833
2.259958
2.278985
2.261488
2.396056
2.556651
2.699336
2.727123
2.604563
2.406538
2.305043
2.398101
2.416784
2.294552
2.102092
1.874867
1.654717
1.473587
1.424444
1.287480
1.157435
1.440442
1.775273
2.154825
2.550997
2.841469
2.886705
2.636549
2.246115
1.857020
1.580359
1.399435
1.242966
1.219063
1.263527
1.381330
1.433901
1.374162
1.211820
1.029122
1.200762
1.409646
1.651222
1.916860
2.202742
2.459497
2.625147
2.550138
2.366070
2.175433
2.195727
2.141502
2.211023
2.472140
2.756350
3.065947
3.363065
3.557498
3.505807
3.261934
2.919959
2.557290
2.221068
1.917848
1.658600
1.587426
1.719346
1.863212
1.889330
1.783650
1.604343
1.434239
1.374620
1.532355
1.721444
1.901715
2.156388
2.432836
2.684547
2.617717
2.946185
3.498222
4.174247
4.910337
5.889832
7.048416
8.297029
9.285731
9.264739
8.300273
7.204339
6.528106
6.281210
5.915467
6.007833
6.552054
7.519778
8.460588
9.184922
9.340576
8.742132
7.765927
6.772015
5.875456
5.088313
4.561708
4.249853
3.700622
3.346957
3.898900
4.744164
5.773779
6.708967
5.892681
4.750782
4.506546
5.015761
5.346340
5.339656
5.085417
4.866915
4.475393
4.012604
3.569400
3.513043
3.606217
3.545032
3.313301
3.053302
3.183307
3.456496
3.699148
3.851853
3.775295
3.577834
3.774291
4.103920
4.486948
4.920983
5.377005
5.800553
6.156616
6.245447
6.099527
5.661032
5.184932
4.796000
4.652775
4.441191
4.784584
4.811802
4.518790
4.712880
5.621963
6.056074
5.567547
4.630957
3.710351
2.907558
2.636197
2.338454
2.240509
2.245406
2.295320
2.361964
2.313749
2.115593
1.848159
1.482855
1.389027
1.360863
1.458819
1.453791
1.337066
1.179347
0.954060
0.661123
0.356898
0.280319
0.212049
0.316783
0.447244
0.582532
0.873182
1.486193
2.056617
2.287344
2.334389
2.275794
2.038229
1.471822
0.862488
0.506551
0.348843
0.381279
0.448314
0.459334
0.413563
0.415696
0.425597
0.427494
0.403965
0.309886
0.206694
0.150745
0.186650
0.213307
0.216198
0.187101
0.117036
0.092624
0.126815
0.144249
0.155262
0.159331
0.161617
0.163783
0.164972
0.161176
0.142475
0.082478
0.006915
0.000000
0.000000
0.000000
0.000000
0.000000
0.000000
0.006316
0.034902
0.059552
0.032262
0.001977
0.000253
0.000004
0.000000
0.000000
0.000000
0.000000
0.000000
0.000000
0.000000
0.000000
0.000000
0.000000
0.000000
0.000000
0.000000
0.000000
0.000000
0.000000
0.000000
0.000000
0.000000
0.000000
0.000000
0.000000
0.000000
0.000000
