track	type=wiggle_0
fixedStep	chrom=chr	start=1	step=1
0.000000
0.000000
0.000000
0.000000
0.000000
0.000000
0.000000
0.000000
0.000000
0.032670
0.079315
0.145027
0.278428
0.587798
1.221991
1.876852
2.609998
3.443444
3.755410
3.839310
3.839310
3.763053
3.479668
2.701977
2.034251
1.497680
1.074068
1.170049
1.497689
1.799105
1.898265
1.754141
1.445956
1.114601
0.833349
0.623423
0.695153
0.954702
1.230310
1.265773
1.186841
0.921668
0.483993
0.279666
0.164333
0.151198
0.167716
0.125793
0.064464
0.036253
0.048304
0.088965
0.136028
0.155705
0.141816
0.147671
0.153592
0.148063
0.188948
0.270685
0.422256
0.471494
0.485378
0.488550
0.488550
0.488550
0.480374
0.533344
0.552657
0.497598
0.416905
0.329721
0.252759
0.191186
0.199058
0.245983
0.293469
0.426020
0.544328
0.555197
0.523935
0.576939
0.889792
1.014395
1.071055
1.370084
1.835791
2.370485
3.044162
4.090519
4.565550
4.701092
4.726593
4.701091
4.548890
3.976475
2.808104
2.318326
2.174675
1.939209
1.977339
2.776042
3.270844
3.281661
2.793748
2.075419
1.639068
1.982012
2.265742
2.358505
2.192718
2.000903
1.964073
1.777962
1.493022
1.215221
0.969348
1.032993
1.118376
1.037146
0.835213
0.669604
0.532387
0.379701
0.237067
0.128451
0.104943
0.123218
0.101233
0.128108
0.358830
0.508342
0.553365
0.555792
0.521952
0.406821
0.190240
0.068154
0.010432
0.001932
0.003499
0.001726
0.000701
0.000020
0.000000
0.000000
0.000057
0.001455
0.001130
0.000000
0.000000
0.000054
0.000606
0.010611
0.036316
0.082562
0.160849
0.210944
0.233501
0.209910
0.467218
0.605196
0.644352
0.651704
0.651704
0.651704
0.644352
0.597585
0.434452
0.151224
0.113176
0.141855
0.178917
0.220730
0.253123
0.262151
0.235344
0.257743
0.287313
0.316519
0.352409
0.396030
0.466044
0.540409
0.618840
0.704473
0.791018
0.855049
0.905850
0.891198
0.820238
0.725543
0.819590
1.170694
1.627865
2.361747
3.298969
3.721804
3.831591
3.854617
3.854617
3.831591
3.721806
3.291814
2.328220
1.831907
2.294091
2.818910
3.313052
3.529162
3.369240
2.889680
2.361106
1.889638
1.491350
1.832282
2.240641
2.355900
2.378923
2.355901
2.249441
1.875617
1.781138
2.073554
2.271017
2.239418
2.020930
1.840252
1.701649
1.573497
1.681758
1.805759
1.859414
1.822280
1.720609
1.679035
1.661622
1.569236
1.677112
1.903823
2.148899
2.412067
2.675305
2.847626
2.836762
2.653553
2.388168
2.126909
2.139848
2.352636
2.581696
2.824318
3.080040
3.353434
3.646529
3.954327
4.251884
4.447501
4.499461
4.339005
4.047939
3.740006
3.444450
3.268636
3.583758
3.862434
4.022614
3.978430
3.724981
3.557613
3.354097
3.119760
2.920931
2.941786
3.069720
3.115479
3.100489
3.201003
3.444325
3.680295
3.831942
3.848162
4.431745
5.598006
6.449679
6.768202
6.768202
6.448627
5.588070
5.429462
5.215744
4.771174
4.422244
4.972844
5.591839
6.114703
6.805933
7.665385
8.573734
9.250582
9.427239
8.838467
8.026168
7.122577
6.299342
5.559680
4.879748
5.656915
6.289611
6.289611
5.880855
5.770866
5.373661
4.943402
4.460914
4.148386
4.064775
3.866012
3.990415
4.326123
4.733149
5.158310
5.471124
5.529922
5.314987
5.018182
5.081696
5.220334
5.174354
5.453654
5.524756
5.414737
5.643017
5.831877
5.745010
5.649825
6.000192
6.186131
6.178993
5.970840
5.627167
5.498755
5.218150
4.857835
4.520605
4.317705
4.072892
3.860605
3.594597
3.296329
3.015572
2.877174
2.697219
2.792001
2.986434
3.169969
3.267869
3.260891
3.240960
3.117499
2.929109
2.756180
2.787651
2.729843
2.711396
3.210664
3.679796
4.096414
4.404663
4.420522
4.057013
3.599238
3.290894
2.995679
2.563637
2.556498
2.619700
3.104999
3.661962
4.022512
4.283518
4.398199
4.409730
4.359318
4.227750
3.928696
3.686469
3.847678
3.909385
3.928255
3.935998
3.883958
3.951365
3.974511
4.004460
4.015203
4.193755
4.287706
4.329965
4.299267
4.207313
4.070955
3.818902
3.828302
3.874831
3.811700
3.663095
3.666870
3.584279
3.358318
3.184567
3.095586
2.947389
2.774518
2.478706
2.285531
2.111171
1.936181
1.924062
1.907738
1.846577
1.812585
1.812159
1.856527
1.921056
1.919488
1.959371
2.023233
1.990173
1.887521
1.777936
1.984364
2.293744
2.328012
2.026658
1.761793
1.828432
1.916658
1.997084
1.998004
1.897190
1.741815
1.584940
1.729791
1.886534
2.013522
2.121891
2.123825
2.017968
1.955063
2.025734
1.998575
1.869516
1.706230
1.627140
1.677018
1.652581
1.553059
1.546361
1.791284
2.043056
2.325998
2.622648
2.921449
3.123701
3.105893
3.000470
2.824984
2.714583
2.902245
2.989727
2.924396
3.094487
3.490688
3.970107
4.415876
4.707226
4.578237
4.361324
4.191056
4.195421
4.170515
3.897546
3.818977
3.605445
3.814572
4.185553
4.531520
4.779966
4.878881
4.963396
4.965367
4.932368
4.752245
4.352324
3.907073
3.479221
3.393885
3.372125
3.269659
3.462733
3.337623
2.900799
2.633457
3.114523
3.672083
4.293110
4.911933
5.402565
5.414905
4.934274
4.344340
3.725158
3.162957
3.221253
3.889448
4.468179
4.518291
4.017326
3.366462
2.740499
2.188373
1.734504
1.433692
1.392590
1.622215
1.627562
1.408692
1.244591
1.368586
1.438735
1.423847
1.320675
1.190802
1.054850
0.937023
0.829458
0.717712
0.612358
0.519892
0.437000
0.361461
0.293845
0.234691
0.182444
0.235435
0.304352
0.383705
0.472652
0.552800
0.599424
0.576524
0.501204
0.410358
0.328003
0.346143
0.490214
0.577519
0.550221
0.400720
0.304510
0.247305
0.181549
0.124654
0.078950
0.044353
0.020090
0.005526
0.000075
0.000000
0.001561
0.007538
0.006203
0.000000
0.006613
0.028208
0.066124
0.122670
0.196713
0.277469
0.340524
0.346586
0.386444
0.486346
0.551643
0.648958
0.705246
0.761896
0.768981
0.831633
1.041059
0.828744
0.956815
1.263179
1.637544
2.081444
2.600044
3.163107
3.745669
4.533835
5.467755
6.599208
8.399386
9.882753
9.882751
8.415485
6.644441
5.480864
4.587946
3.788646
3.082236
2.479755
1.971958
1.542526
1.179256
0.874914
0.626244
0.429525
0.278357
0.162169
0.079582
0.027541
0.002930
0.000000
0.000000
0.000000
0.000000
0.000000
0.000000
0.000000
0.000000
0.000000
0.000000
0.000000
0.000000
0.000000
0.000000
0.000000
0.000000
0.000000
0.000000
0.000000
0.000000
0.000000
0.000000
0.000000
0.000000
0.000000
0.000000
0.000000
0.000000
0.000000
0.000000
0.000000
0.000000
0.000000
0.000000
0.000000
0.000000
0.000000
0.000000
0.000000
0.024433
0.142706
0.248162
0.251356
0.153314
0.035693
0.000246
0.000000
0.000000
0.000000
0.000000
0.000000
0.000000
0.000251
0.013386
0.048144
0.107896
0.195910
0.309448
0.431219
0.606505
0.844260
1.136236
1.438605
1.661860
1.646855
1.402458
1.115852
0.901901
0.824219
0.748929
0.610053
0.612030
0.659400
0.690817
0.599313
0.452958
0.547415
0.822741
1.182420
1.655370
2.314888
3.245518
3.617888
3.718191
3.724087
3.633792
3.282199
2.398566
1.732947
1.255803
0.887357
0.597655
0.381638
0.254288
0.232806
0.249918
0.254436
0.266685
0.348131
0.427513
0.495060
0.567602
0.639164
0.615713
0.547200
0.469128
0.477787
0.563892
0.695662
0.840031
1.025158
1.235562
1.464117
1.650851
1.747575
1.653744
1.632501
2.138324
2.853703
2.938060
2.417136
1.956216
1.787325
1.888156
2.069608
2.505211
3.112107
3.647412
3.814563
4.601233
5.532810
6.512940
7.459998
8.508659
8.483310
7.328439
6.151967
5.111125
4.219776
3.472144
2.870247
2.745372
3.230898
3.709712
4.117212
4.181584
4.016438
3.987978
3.862458
3.825769
4.286168
4.836247
5.416471
5.944078
6.228453
6.129954
5.744319
5.231117
4.819125
4.536304
4.843230
5.250774
5.714120
6.171693
6.503695
6.520628
6.232435
5.871186
5.531240
5.077403
4.981483
4.731298
4.974985
5.344630
5.749418
6.131058
6.989408
6.250010
5.934006
5.557441
5.227586
5.028115
4.781950
4.640337
4.559533
4.324858
4.324449
4.299436
4.432858
4.277156
3.920567
4.195304
4.186563
3.966208
3.953861
3.783427
3.537407
3.280325
3.429378
3.804418
4.054856
4.070856
3.830629
4.062774
4.121603
4.107958
4.012898
3.694415
3.040460
2.735186
2.409168
2.425849
2.895716
3.415520
3.974219
4.596845
5.266595
5.752233
5.777525
5.302240
4.638195
3.976522
3.490295
3.006357
2.607132
2.217856
2.062744
2.049621
1.830097
1.542845
1.267475
1.288576
1.529116
1.764976
1.929407
1.885879
1.659616
1.393185
1.143691
0.927137
0.749863
0.610569
0.497560
0.390436
0.318949
0.377932
0.373482
0.326281
0.412665
0.502274
0.532790
0.499462
0.415168
0.317873
0.440684
0.479340
0.411445
0.261388
0.131716
0.048071
0.019491
0.006474
0.008765
0.008113
0.009504
0.016225
0.013012
0.008758
0.006990
0.006359
0.004938
0.002296
0.000092
0.000000
0.000000
0.001875
0.008576
0.018015
0.021659
0.017628
0.014061
0.021301
0.036573
0.078516
0.123926
0.175835
0.203169
0.198006
0.358906
0.535063
0.694873
0.770351
0.625336
0.413302
0.236677
0.119527
0.104080
0.097182
0.094757
0.094292
0.094909
0.096192
0.097002
0.096107
0.088562
0.104532
0.115356
0.136628
0.177631
0.225993
0.259766
0.300427
0.334447
0.334505
0.296960
0.234140
0.175153
0.135000
0.166027
0.207425
0.219476
0.195581
0.161897
0.112138
0.066792
0.030911
0.008683
0.002826
0.014908
0.046862
0.072237
0.064078
0.048068
0.084406
0.176472
0.337456
0.436968
0.484786
0.503213
0.511917
0.509760
0.502373
0.402552
0.270067
0.319092
0.490458
0.685291
0.834697
0.825711
0.662451
0.461893
0.330069
0.448010
0.592225
0.761709
0.924320
1.010171
0.936411
0.782665
0.619657
0.474352
0.484632
0.591163
0.661281
0.676447
0.637116
0.580424
0.712140
0.850653
0.997131
1.161840
1.342421
1.542077
1.744455
1.905280
1.954628
1.866336
1.709476
1.530677
1.419506
1.616168
1.728492
1.728058
1.612477
1.485669
1.660918
1.840289
2.002524
2.093734
2.119081
1.998170
1.810756
1.608524
1.443879
1.311714
1.285839
1.555219
1.874515
2.221342
2.507624
2.566666
2.360440
2.036450
2.184907
2.397102
2.612111
2.981995
3.572572
4.106256
4.264509
4.012084
3.450585
2.877295
2.833097
3.063820
3.293905
3.453756
3.488239
3.407054
3.219743
2.994093
2.763934
2.784476
2.713595
2.535915
2.336899
2.157892
1.992722
1.858598
1.954977
2.110367
2.189559
2.306639
2.415819
2.392501
2.433841
2.650697
2.885597
3.108234
3.288254
3.314782
3.178464
2.943079
2.767731
3.039225
3.340742
3.661909
3.980839
4.207760
4.309732
4.176976
3.908484
3.611136
3.316676
3.071896
2.955096
2.919500
2.737931
2.508517
2.275753
2.226807
2.377183
2.483971
2.553068
2.647475
2.984941
3.349878
3.672252
3.869538
4.098990
4.105664
3.732374
4.049336
4.585015
5.171871
5.787388
6.311798
6.564494
6.326929
5.787295
5.660347
5.311437
4.755485
4.185147
3.648158
3.145706
2.697918
2.371143
2.089324
2.352303
2.581768
2.707662
2.692273
2.916075
3.147885
4.189658
5.424002
5.893879
6.019156
6.039759
6.041771
6.024868
5.905993
5.445665
4.249147
3.235487
2.540519
1.997622
1.533214
1.514202
1.764544
1.935724
1.969017
1.879949
1.941607
2.137041
2.304389
2.201214
1.933615
1.608912
1.295877
1.024419
1.219081
1.520337
1.729521
2.038866
2.216188
2.340402
2.449929
2.556422
2.669003
2.799688
2.896137
2.951443
3.088115
3.218517
3.371162
3.548542
3.735704
3.858284
3.878559
3.961690
3.985827
3.906063
3.843073
4.016030
4.196211
4.346291
4.436267
4.465513
4.632518
4.615207
4.468944
4.236502
4.195039
4.468836
4.758896
5.015961
5.163373
5.147375
4.987857
4.789586
4.854246
4.804432
4.591540
4.322458
4.225993
4.166419
4.009084
3.826119
4.101347
4.265111
4.393268
4.509846
4.465500
4.328080
4.049132
4.132642
4.322759
4.539079
4.715369
4.762273
4.631930
4.463056
4.340069
4.691750
5.103914
5.465497
5.592273
5.486730
5.235448
5.079641
4.799186
4.405313
4.194475
4.629585
5.171425
5.739936
6.325783
6.915154
7.473690
8.009368
8.558243
8.991548
9.209248
9.141397
9.064524
9.339140
9.825936
10.457708
10.896019
10.892618
11.107830
11.963587
12.903795
13.687047
14.426022
15.318775
15.802088
15.506276
15.340598
16.695930
17.938267
18.464958
18.569611
17.726618
16.430759
15.033639
13.967315
15.074600
16.027016
16.572222
16.349642
15.431051
14.281130
13.169026
12.281745
11.376939
10.485572
9.620485
8.782159
8.819077
9.287432
9.720881
9.842920
9.655894
9.187849
8.653009
8.383992
8.616352
8.562414
8.632277
8.652148
8.509903
8.199411
7.751621
7.619150
7.589757
7.269664
6.811130
6.385389
5.985697
5.901226
6.245152
6.622541
7.008751
7.418255
7.826709
8.247952
8.650736
9.041005
9.417543
9.559190
9.489071
9.204990
9.067108
8.958143
8.670783
9.059872
9.529296
9.972830
10.344600
10.675021
10.780609
10.527857
10.122698
9.769558
9.658470
9.304630
8.914731
8.587826
8.542460
8.720943
8.645133
8.375898
8.180901
8.468515
8.598589
8.569674
8.426118
8.146198
7.959992
7.823577
7.553091
7.214926
6.845802
6.474908
6.173165
5.879896
5.969245
5.866472
5.622955
5.377259
5.496254
5.489653
5.334517
4.999578
4.650515
4.275526
3.949201
3.830758
4.059926
4.126443
4.037729
3.824268
3.622983
3.639832
3.971732
4.178838
4.124020
3.936319
3.639668
3.498009
3.472543
3.320754
3.480265
3.987634
4.516294
5.032938
5.463435
5.934523
6.492612
7.053367
7.460718
7.463001
7.000769
6.364842
5.771456
5.250241
5.006212
5.174550
5.120470
4.859241
4.702068
4.526096
4.519653
4.671800
4.597315
4.450904
4.885100
5.442657
6.030533
6.603890
7.080497
7.088758
6.617802
6.007796
5.368333
4.762306
4.186638
3.684964
3.203274
2.768362
2.426317
2.354174
2.816951
3.413250
4.115126
4.916492
5.811083
6.832918
7.878335
8.713474
8.753535
8.031633
7.000025
5.950892
5.023182
4.236075
3.555113
3.130762
2.974153
2.781093
2.567838
2.351164
2.145317
2.120497
2.325227
2.565565
2.808149
2.966635
3.011310
2.938431
2.873070
2.952262
3.064347
3.100040
3.113344
3.040203
2.914654
2.808527
2.717895
2.653302
2.626103
2.717009
2.827877
2.947461
3.070319
3.104856
3.022439
2.865281
2.715772
2.596591
2.526253
2.481566
2.711086
2.939000
3.035057
2.975767
2.773294
2.555362
2.350616
2.274801
2.122729
1.919135
1.732658
1.672479
2.399251
3.220899
3.218991
2.377062
1.763938
1.771080
1.821680
2.005856
2.173958
2.242764
2.208617
2.052223
2.130457
2.228119
2.084049
1.799794
1.393700
1.237988
1.093308
0.965079
0.943791
1.093457
1.254744
1.365286
1.406832
1.349151
1.398652
1.511359
1.581395
1.652719
1.787753
1.919566
1.982763
1.920456
1.761839
1.577286
1.390437
1.223365
1.065840
0.913016
0.779319
0.670668
0.579571
0.510513
0.595596
0.712833
0.822059
0.882298
0.830075
0.713554
0.573994
0.559349
0.719140
0.817374
0.838211
0.936573
1.000897
1.139483
1.416874
1.796785
2.261425
2.785542
3.311699
3.822851
4.084599
3.862534
3.335994
2.793889
2.275560
1.986364
1.791534
1.760312
1.790991
1.706683
1.456729
1.936297
2.606650
2.993281
3.134789
3.138534
3.006271
2.645143
2.051875
1.504523
1.625673
1.853471
2.074979
2.231125
2.230542
2.047601
1.809365
1.608103
1.517417
1.354391
1.359066
1.301450
1.148315
0.942885
0.806702
0.865600
1.013562
1.241201
1.460999
1.504943
1.355242
1.101904
0.848812
0.647118
0.612858
0.794544
0.980980
1.242610
1.484891
1.644271
1.647689
1.335557
0.970925
0.682076
0.503880
0.338151
0.317223
0.395000
0.485471
0.592929
0.711633
0.834207
0.969540
1.115451
1.275754
1.427407
1.519112
1.528691
1.432533
1.287213
1.137074
1.016252
0.980063
0.944591
0.926351
0.970880
0.955728
0.863900
0.734923
0.744611
0.858668
0.952685
1.000196
0.935042
0.816905
0.687767
0.568960
0.465966
0.538116
0.663954
0.804289
0.916542
0.927977
0.836497
0.708046
0.580197
0.544940
0.572779
0.519440
0.423724
0.325737
0.242892
0.172383
0.203796
0.235531
0.230790
0.191732
0.146920
0.230196
0.464524
0.689037
0.867397
0.881447
0.755010
0.661402
0.678412
0.822225
1.175278
1.379417
1.496243
1.803156
2.084175
2.489560
2.798876
2.791495
2.458105
2.420008
3.032254
3.891464
4.325675
4.302678
3.810545
2.853991
2.084110
1.538670
1.102662
0.740644
0.460632
0.257205
0.118729
0.124346
0.144050
0.143106
0.125271
0.096763
0.072422
0.050070
0.028597
0.012318
0.000460
0.000000
0.000000
0.000000
0.000000
0.000000
0.000000
0.000000
0.000000
0.000000
0.000000
0.000000
0.000000
0.000000
0.000000
0.000000
0.000000
0.000000
0.000000
0.000000
0.028328
0.116479
0.271850
0.520985
0.888839
1.149052
1.109282
0.751609
0.387419
0.191575
0.067391
0.007352
0.000000
0.000000
0.000000
0.000000
0.000000
0.000000
0.000000
0.000000
0.000000
0.000000
0.000000
0.000000
0.000000
0.000000
0.000000
0.000000
0.000000
0.000000
0.005985
0.035600
0.056551
0.054717
0.046269
0.054745
0.106590
0.156113
0.179039
0.146135
0.157923
0.188287
0.169289
0.119280
0.065308
0.027190
0.013927
0.006326
0.005430
0.014480
0.017057
0.017929
0.018454
0.080099
0.162859
0.236902
0.375093
0.649468
1.014223
1.251696
1.369710
1.427460
1.465522
1.451061
1.350317
1.171808
0.860642
0.602938
0.642147
0.855491
0.996294
1.042345
0.940381
0.773635
0.601284
0.453295
0.664560
0.936250
1.061923
1.095257
1.101266
1.097402
1.084226
1.045808
0.926834
0.689549
0.412934
0.333978
0.519394
0.682115
0.760376
0.704777
0.571993
0.726242
1.073412
1.475438
1.463381
1.043421
0.656902
0.368061
0.170914
0.054952
0.019610
0.011447
0.003074
0.007996
0.012901
0.013462
0.016169
0.045703
0.066491
0.061489
0.132830
0.178778
0.190320
0.204119
0.150401
0.108971
0.161624
0.208636
0.210059
0.179900
0.192228
0.309658
0.504817
0.820726
1.179445
1.605582
2.112619
2.701229
3.219046
3.289005
2.862861
2.408686
1.972681
1.506016
1.536247
1.743431
1.899758
1.934643
1.914026
2.031044
2.206889
2.089266
1.935097
1.860828
2.004597
2.067291
2.183911
2.057152
2.060439
2.247934
2.406545
2.494510
2.564935
2.663468
3.148199
3.634504
4.166842
4.516418
4.380881
3.948229
3.462755
2.997019
2.540673
2.457191
2.794115
3.134179
3.408980
3.457720
3.239486
2.907997
2.959070
3.223512
3.360584
3.416316
3.576204
3.497754
3.176644
3.079752
3.345005
3.412295
3.184326
2.814533
2.741125
3.072452
3.444201
3.813785
4.101912
4.132870
3.803479
3.634134
3.089108
2.437056
2.339792
2.538455
2.793791
3.066847
3.350506
3.638124
3.885101
4.065238
4.005038
3.719872
3.602296
3.522611
3.316302
3.300393
3.423888
3.440837
3.291758
3.032594
2.879284
2.889510
2.755224
2.759729
2.789580
2.923124
2.921157
3.077132
3.314307
3.339644
3.159284
2.844586
2.505569
2.264636
2.551450
2.851336
3.078633
3.261357
3.303484
3.174186
2.923583
2.647986
2.387031
2.474544
2.442818
2.473362
2.767465
3.120097
3.455751
3.472638
3.257762
3.268081
3.688965
4.061260
4.186167
3.988383
3.548481
3.369702
3.847923
4.443548
5.099675
5.721257
6.206065
6.573138
7.461832
8.526842
9.710490
10.997461
12.425712
13.844700
14.773536
14.750778
13.767764
12.283746
10.792336
9.475614
8.446461
7.782797
7.624325
7.064623
6.475575
6.342077
6.643086
7.439144
8.029726
8.195883
7.710167
6.960064
6.195788
5.472619
4.790547
4.178452
3.684069
3.646468
3.915449
3.926842
3.652243
3.216815
2.771934
2.371440
2.018505
1.707533
1.476429
1.339487
1.141219
0.940721
0.754657
0.584055
0.437997
0.425816
0.537608
0.635134
0.712009
0.772756
0.755411
0.823443
0.781336
0.671695
0.533849
0.407171
0.298918
0.208975
0.137383
0.087701
0.067928
0.131851
0.269713
0.268596
0.135208
0.030065
0.010186
0.027346
0.056139
0.092742
0.124668
0.120810
0.088356
0.047016
0.050568
0.085022
0.202421
0.384725
0.408951
0.197595
0.048241
0.001356
0.000000
0.000000
0.000000
0.000000
0.000646
0.009505
0.047730
0.111705
0.169855
0.224408
0.238241
0.211905
0.212175
0.277177
0.364277
0.520639
0.807530
1.385109
2.140050
2.680575
2.989566
3.189683
3.253013
3.239526
3.340417
3.619763
3.782252
3.661900
3.400264
2.893183
2.364697
2.165950
2.012671
2.098191
2.054851
1.985970
1.847762
1.664079
1.490219
1.540718
1.451247
1.160459
0.951492
0.796955
0.886261
0.950001
0.932544
0.841188
0.721633
0.606989
0.505866
0.664499
0.773133
0.674587
0.489186
0.303115
0.321811
0.378045
0.422448
0.494571
0.576718
0.662973
0.749643
0.831982
0.917299
0.972493
0.936715
0.858402
0.782786
0.698337
0.593561
0.481618
0.377162
0.295151
0.368253
0.466031
0.503932
0.475718
0.582469
0.701215
0.792988
0.797076
0.708208
0.657023
0.725530
0.717544
0.764561
0.782682
0.717578
0.625385
0.606816
0.669153
0.832200
1.159709
1.512384
1.831137
1.843287
1.572403
1.287464
1.072476
0.905113
1.101129
1.248491
1.214794
1.078084
1.331674
1.604357
1.853059
1.937345
1.823366
2.096909
2.396361
2.634756
2.606368
2.204968
2.088190
2.272825
2.656068
2.937350
2.940428
2.836482
3.328283
3.610137
3.847802
3.925313
4.536095
4.823632
4.834709
4.565723
4.199196
3.779911
3.194754
2.890321
3.150996
3.715100
4.527093
5.511105
6.437368
5.733974
4.622502
3.712048
3.003888
3.143896
3.619895
4.134287
4.552107
4.861075
4.859137
4.560338
4.318398
4.531416
4.591896
4.566158
4.828025
5.130153
5.340512
5.303492
5.022681
4.670162
4.355657
4.027531
3.674171
3.630202
3.835644
3.824197
3.849372
4.112887
4.266737
4.156347
4.224044
4.568258
4.946328
5.332979
5.631679
5.680360
5.439551
5.040947
4.626221
4.253168
3.898022
3.787052
3.522514
3.378495
3.276163
2.993289
2.828115
2.731330
2.504127
2.395848
2.244334
2.119478
1.950849
1.806906
1.854106
1.900856
1.979859
2.071336
2.027187
1.862984
1.655729
1.386840
1.024364
0.698325
0.810148
0.937602
1.023584
1.020393
0.977811
0.885135
1.415453
1.938730
2.154683
2.200206
2.140613
1.911676
1.372254
0.793610
0.487717
0.606388
0.705259
0.737417
0.679831
0.564092
0.426286
0.345079
0.288013
0.262839
0.369821
0.477970
0.619573
0.757951
0.834712
0.764328
0.631005
0.465462
0.299405
0.152617
0.131009
0.141843
0.145724
0.146191
0.147309
0.148665
0.145638
0.128381
0.072403
0.004628
0.000000
0.000000
0.000000
0.000291
0.009927
0.039312
0.109083
0.209382
0.269518
0.212804
0.106297
0.028607
0.010777
0.002990
0.000183
0.000000
0.000000
0.000000
0.000000
0.000000
0.000000
0.000000
0.000000
0.000000
0.000000
0.000000
0.000000
0.087179
0.879044
0.000000
0.000000
0.000000
0.000000
0.000000
0.000000
0.000000
0.000000
