track	type=wiggle_0
fixedStep	chrom=chr	start=1	step=1
0.000000
0.000000
0.000000
0.000000
0.000000
0.000000
0.000000
0.000000
0.000000
0.025836
0.062918
0.116881
0.228955
0.492798
1.047188
1.638202
2.313801
3.077717
3.360392
3.436417
3.436417
3.367255
3.110049
2.395274
1.774939
1.279847
0.890607
1.156409
1.493214
1.792903
1.991510
1.854243
1.566069
1.220219
0.918978
0.987067
1.219297
1.426926
1.569494
1.716860
1.574186
1.060588
0.656093
0.480947
0.558530
0.766734
0.954167
0.960338
0.777267
0.583661
0.438511
0.406225
0.618658
0.932385
1.056796
1.091309
1.188496
1.439287
1.439287
1.188496
0.882527
0.613286
0.401156
0.243717
0.138408
0.144435
0.207449
0.307025
0.438290
0.596635
0.749983
0.814216
0.761329
0.609744
0.454273
0.336033
0.314374
0.292423
0.238786
0.261796
0.249026
0.191649
0.269488
0.452668
0.698664
1.015494
1.413227
1.893595
2.532757
3.594455
4.085767
4.222142
4.245403
4.222142
4.083328
3.561552
2.488876
2.017904
1.886490
1.662245
1.712751
2.465919
2.915112
2.917288
2.444062
1.749732
1.339816
1.518078
1.778466
1.868963
1.719454
1.451051
1.157661
0.897278
0.679502
0.499371
0.598569
0.809975
0.895704
0.810242
0.592776
0.395169
0.432090
0.449571
0.403509
0.330780
0.250934
0.180994
0.126879
0.081437
0.045580
0.020324
0.005373
0.000034
0.000000
0.000000
0.000000
0.000000
0.000000
0.000000
0.000000
0.000000
0.000000
0.000000
0.000000
0.000000
0.000000
0.000000
0.000000
0.000000
0.000000
0.000000
0.000000
0.000000
0.000000
0.000000
0.000000
0.000000
0.000000
0.000000
0.000000
0.000000
0.000000
0.000000
0.000000
0.000000
0.000000
0.000000
0.000018
0.004043
0.013190
0.019886
0.019574
0.012508
0.003633
0.000722
0.005130
0.014897
0.029685
0.047080
0.059928
0.060650
0.050617
0.040851
0.028149
0.014632
0.009740
0.004316
0.004479
0.005214
0.005882
0.043270
0.085478
0.139352
0.157968
0.186461
0.234722
0.281768
0.296580
0.306849
0.356218
0.421636
0.494517
0.548965
0.564519
0.529524
0.471154
0.388382
0.305999
0.222701
0.236371
0.288080
0.329178
0.338336
0.304278
0.258693
0.208634
0.164713
0.133440
0.135918
0.142648
0.170673
0.216243
0.259364
0.295372
0.319931
0.376108
0.440830
0.489617
0.558655
0.649476
0.754228
0.867397
0.989138
1.121225
1.262624
1.414693
1.578777
1.752711
1.922517
2.058481
2.076401
1.972079
2.035204
1.950674
1.876374
2.121890
2.334517
2.472648
2.634432
2.782326
2.910315
3.096144
3.304542
3.524450
3.751882
3.987391
4.231567
4.486802
4.759084
5.040158
5.320813
5.570997
5.744949
5.736153
5.547720
5.338862
5.416677
5.308546
5.088457
4.965533
5.370344
5.861188
6.402941
6.986124
7.579020
8.061589
8.227487
8.108556
7.663084
7.266997
7.386425
7.771631
7.868583
7.845829
8.463427
9.172042
9.626145
9.543408
9.025208
8.704855
8.954118
9.171495
9.490079
9.739118
10.206352
10.756147
11.345019
11.959234
12.580416
13.134700
13.453105
13.411873
13.120891
13.272162
13.727175
14.033890
13.924629
14.220710
14.903980
15.338143
15.370676
14.934670
14.194749
13.420333
12.686113
13.299670
13.697122
13.721183
14.389017
15.282571
16.229067
16.986750
17.261595
16.884752
16.103121
15.135163
14.177872
13.273889
14.242929
15.245852
15.902050
16.057196
15.443914
14.475498
13.688776
13.077620
13.027072
12.781584
12.036523
11.340009
10.901999
10.326440
10.826592
12.039563
13.150936
13.604177
13.151562
12.056429
10.865312
9.735157
8.842790
8.597885
8.501401
8.477486
8.632096
9.013317
9.283183
9.455014
9.775814
10.072991
10.216666
10.173907
9.996717
9.866529
9.656922
9.605814
9.463477
9.355164
9.169094
8.860945
8.931809
9.057941
9.094124
9.203784
9.099396
9.262558
9.500407
9.600315
9.455588
9.291166
9.155759
8.867153
8.517231
8.375783
8.450927
8.568213
8.618127
8.505640
8.706465
8.924211
9.028436
9.038925
9.025590
8.977158
9.179716
9.573895
9.832227
10.043370
10.065143
9.941705
9.677126
9.310312
9.498025
9.637459
9.518147
9.241320
8.905857
8.611756
8.508352
8.420764
8.213105
7.935331
7.533925
6.858201
6.360000
6.211948
6.042409
5.921943
5.730014
5.468976
5.194613
5.010046
4.776323
4.724497
4.564561
4.564580
4.441690
4.279685
4.111170
3.898945
3.665304
3.428931
3.203916
2.991756
2.788351
2.592727
2.405946
2.229661
2.064904
1.905661
1.974521
2.195520
2.432236
2.653745
2.836082
2.891824
2.917336
2.820215
2.621410
2.724424
2.916787
3.055124
2.900728
2.742396
3.048334
3.116508
3.488806
3.956588
4.300308
4.266791
4.064626
4.516928
4.971467
5.521290
6.198738
7.296636
8.835633
10.369378
10.369378
8.835641
7.294341
6.078043
5.088188
4.320364
4.204792
4.660522
4.860728
4.633090
5.205663
5.804096
6.180037
6.231577
6.189861
5.836520
5.292953
4.721352
4.236600
3.924378
4.305258
4.594106
4.834185
4.836852
4.630467
4.544415
4.576965
4.665047
4.676102
4.425421
4.058230
3.655894
3.698644
3.494745
3.005947
2.489359
1.966949
1.830600
2.005112
2.054452
2.155099
2.240557
2.263386
2.516542
2.720135
2.770066
3.381609
3.927907
3.973122
3.519870
2.911263
2.331424
1.824822
1.399924
1.182448
1.229519
1.175660
1.166121
1.156206
1.155488
1.282410
1.436510
1.606973
1.784940
1.950839
2.070041
2.070741
1.952946
1.780211
1.599874
1.430655
1.272287
1.126865
0.991173
0.865398
0.750451
0.644002
0.547430
0.462482
0.448876
0.519107
0.578634
0.581823
0.723012
1.024838
1.402524
1.854465
2.292875
2.495324
2.415213
2.042584
1.647946
1.234779
0.887129
0.611602
0.398656
0.239765
0.147448
0.119536
0.088893
0.060862
0.037825
0.025938
0.051069
0.098251
0.165265
0.252852
0.361374
0.492418
0.630767
0.751627
0.765610
0.676239
0.533153
0.395801
0.281220
0.187967
0.221380
0.340557
0.467671
0.563793
0.539356
0.463574
0.636815
0.885711
1.197797
1.576336
2.032478
2.579081
3.223381
3.977564
4.848732
5.911741
7.605266
8.959344
8.959342
7.615030
5.943871
4.847720
3.963690
3.216916
2.573991
2.028252
1.572467
1.193483
0.879800
0.622791
0.419701
0.409769
0.560397
0.694075
0.696823
0.569266
0.421225
0.280634
0.174117
0.110247
0.109874
0.143258
0.147935
0.108442
0.061178
0.028104
0.015961
0.026494
0.051467
0.178743
0.443222
0.575693
0.613231
0.619753
0.619856
0.619491
0.620460
0.618703
0.593134
0.509089
0.346880
0.436777
0.553015
0.705700
0.953770
0.956765
0.697680
0.440923
0.245338
0.121033
0.072014
0.029013
0.005378
0.007137
0.031995
0.105667
0.237202
0.422079
0.611527
0.608926
0.413932
0.233789
0.104816
0.028315
0.000356
0.000000
0.000000
0.000000
0.000000
0.000000
0.000000
0.000000
0.000000
0.000000
0.000000
0.000000
0.000000
0.000000
0.000000
0.000000
0.000000
0.000000
0.000000
0.000000
0.000000
0.000000
0.000000
0.000000
0.000000
0.000000
0.000000
0.000000
0.000000
0.000000
0.000000
0.011514
0.066563
0.177564
0.411935
0.530537
0.565641
0.567563
0.534456
0.413002
0.171796
0.178226
0.199243
0.194000
0.156937
0.115261
0.075465
0.043741
0.040737
0.022772
0.019644
0.030772
0.023659
0.049178
0.032199
0.021853
0.023548
0.044433
0.082489
0.166772
0.297143
0.500844
0.777800
1.152094
1.438289
1.167216
0.888438
0.922764
1.082045
1.246822
1.595031
2.171490
2.152547
1.497413
1.005593
0.722275
0.507108
0.325644
0.329053
0.292513
0.245396
0.308971
0.389049
0.465946
0.589183
0.718148
0.828760
0.948229
1.133369
1.355540
1.568361
1.756563
2.028612
2.291145
2.353757
2.219236
1.964235
2.082227
2.158456
2.123302
1.980336
2.221207
2.517703
2.873678
3.311586
3.935077
4.671749
5.500868
6.346210
6.981551
6.989027
6.370654
5.553720
4.726892
4.145540
4.541473
4.978596
5.407277
5.717873
5.744650
5.495776
5.060713
4.592977
4.148002
3.764949
3.455614
3.420016
3.839699
4.322891
4.778203
4.991644
4.935564
4.606763
4.168482
3.728559
3.747574
4.033266
4.120683
3.931901
3.605112
3.231865
2.883192
2.582059
2.453086
2.706585
2.775063
2.660659
2.767554
3.364217
4.046747
4.768019
5.328716
5.476359
5.114620
4.921370
5.677505
7.043680
8.352418
8.898747
9.001000
8.829741
8.144487
6.493339
5.087906
4.084139
3.290483
2.661303
2.792610
2.829045
2.999199
3.013995
2.724755
2.603888
2.607941
2.438505
2.609859
2.853595
2.990629
3.011094
2.832026
2.596674
2.345458
2.081737
1.825625
1.604503
1.548795
1.501718
1.468873
1.339680
1.179865
1.019539
0.874733
0.745512
0.637406
0.696147
0.719275
0.702555
0.676901
0.626970
0.643536
0.730424
0.793038
0.738874
0.797227
0.902583
1.016742
1.113320
1.135792
1.093819
0.990854
0.893126
0.786549
0.686045
0.599289
0.524675
0.515881
0.474185
0.416808
0.342014
0.268294
0.274128
0.270342
0.244417
0.267625
0.317369
0.369324
0.415102
0.422295
0.398202
0.350027
0.313526
0.301887
0.286178
0.251430
0.235701
0.306905
0.423042
0.588305
0.737468
0.809024
0.792038
1.139196
1.499039
1.805752
1.854384
1.609744
1.210816
0.847352
0.564009
0.349094
0.238312
0.216320
0.176062
0.138554
0.107530
0.084524
0.079827
0.080756
0.062769
0.062756
0.129744
0.212267
0.290276
0.303244
0.255002
0.213616
0.147863
0.086878
0.037967
0.010780
0.013488
0.032687
0.066786
0.102158
0.145468
0.235954
0.420052
0.610714
0.787960
0.766711
0.533886
0.339573
0.217842
0.139775
0.098705
0.093253
0.159381
0.317407
0.569376
0.783789
0.882939
0.902844
0.872815
0.769370
0.589175
0.401531
0.428549
0.427703
0.368386
0.287374
0.209744
0.144203
0.094848
0.093925
0.138718
0.175950
0.195584
0.239756
0.298109
0.344906
0.386785
0.491241
0.581962
0.614037
0.585368
0.497380
0.417728
0.347299
0.315678
0.421194
0.558189
0.713247
0.888575
1.063457
1.140615
1.099226
1.122852
1.323121
1.913529
2.714248
3.037096
2.852129
2.236863
1.722191
1.366673
1.334435
1.141933
0.889807
1.158778
1.480508
1.783076
1.918315
1.815983
1.499792
1.223267
0.977887
0.828054
0.774386
0.926302
1.227770
1.586339
1.728158
1.756161
1.762961
1.729164
1.704715
1.695697
1.703505
1.725328
1.757123
1.760438
1.674341
1.393267
0.964796
0.634478
0.406414
0.225647
0.103012
0.069408
0.099620
0.122137
0.169560
0.222057
0.260098
0.275186
0.240217
0.189754
0.138905
0.177722
0.200343
0.216751
0.200636
0.166790
0.127094
0.104702
0.160601
0.226966
0.302789
0.381560
0.448172
0.487675
0.469762
0.408231
0.353737
0.301825
0.285641
0.326853
0.357826
0.344840
0.350091
0.435784
0.518817
0.541383
0.522875
0.482388
0.409837
0.381374
0.340517
0.279841
0.311377
0.351172
0.477576
0.738561
1.071697
1.449914
1.776887
1.789750
1.518100
1.186329
0.841626
0.565303
0.369626
0.388792
0.479207
0.507822
0.515951
0.518307
0.518072
0.618496
0.796249
0.916054
1.048039
1.220836
1.503601
1.819388
2.136701
2.356688
2.316263
2.038358
1.704551
1.787555
1.592751
1.257258
1.265192
1.678218
2.188600
2.737912
3.313639
4.374044
5.710129
6.204380
6.319540
6.348166
6.364095
6.353992
6.235965
5.747814
4.447054
3.362577
2.598460
1.986987
1.480252
1.079057
0.786923
0.886768
0.986275
0.933966
0.744318
0.582282
0.575249
0.478507
0.340653
0.213982
0.113443
0.046396
0.064715
0.153875
0.196305
0.207417
0.206700
0.194238
0.153120
0.068227
0.004532
0.000000
0.000000
0.000000
0.000000
0.000000
0.000000
0.000000
0.000000
0.000000
0.000000
0.000000
0.000000
0.000000
0.000000
0.000000
0.000296
0.003013
0.007877
0.012819
0.011175
0.009978
0.024546
0.038880
0.044431
0.033994
0.018439
0.006542
0.002829
0.009445
0.018070
0.017350
0.012856
0.004628
0.006799
0.010299
0.008140
0.002571
0.001902
0.012585
0.031826
0.056022
0.089777
0.110285
0.101759
0.079731
0.163254
0.258868
0.390913
0.418892
0.661232
0.969800
1.385831
1.942866
2.387767
2.577124
2.576242
2.384430
1.939007
1.376828
0.927918
0.601059
0.374649
0.270082
0.281896
0.343799
0.445092
0.458524
0.413335
0.442004
0.521224
0.688139
0.879155
0.971613
1.123360
1.351502
1.600787
1.837218
1.978027
2.211309
2.465822
2.826483
3.224102
3.588676
3.838693
4.197689
4.326230
4.234276
3.982460
3.795512
3.424781
4.138597
5.324574
5.716668
5.566097
5.034183
4.369349
4.048278
3.694565
2.989643
3.012617
3.103082
3.390005
3.482612
3.381852
3.084410
2.742282
2.876162
3.113808
2.977608
2.903655
2.685993
2.874972
3.098166
3.301471
3.518711
3.732472
3.774266
3.606408
3.361212
4.013332
4.384471
4.033782
3.104476
2.912645
2.870573
2.941021
3.108853
3.134855
2.987636
2.815195
2.828676
2.904829
3.165079
3.437090
3.662588
3.815114
3.872482
3.918327
4.142962
4.334288
4.572078
4.724704
4.700611
4.549775
4.403104
4.425431
4.580060
4.803427
5.059001
5.185194
5.110033
5.015595
4.796292
4.723176
4.915935
5.156182
5.411718
5.605333
5.843902
6.017988
5.941072
5.661896
5.530092
5.307999
5.146033
4.888474
4.627277
4.355916
4.101094
3.925135
4.075546
4.491068
4.856614
4.922991
4.683554
4.307045
4.201033
4.213840
4.203531
4.137798
4.375172
4.549097
4.519787
4.297068
3.998615
3.829233
4.090383
4.475863
4.840875
5.145296
5.192451
5.013873
4.701935
4.408707
4.335619
4.206328
4.381182
4.638135
4.614633
4.296008
4.010178
4.083695
3.989223
4.420070
4.865552
5.216028
5.610544
5.963095
6.068455
5.881499
5.429905
4.938381
4.475661
4.072155
3.665693
3.502352
3.857121
4.178526
4.469830
4.941876
5.372363
5.692327
5.681996
5.464816
5.028746
4.680144
4.332639
3.987388
3.823556
3.595364
3.236557
2.895092
2.738366
2.542911
2.318085
2.097312
1.849989
1.580052
1.413695
1.494358
1.453403
1.330802
1.315187
1.228005
1.063111
0.901596
1.218989
1.632838
2.136545
2.728670
3.394200
4.017550
4.219706
4.123748
5.156896
6.510530
7.185697
7.185126
6.442202
4.938285
3.819260
3.027429
2.413937
1.903931
1.741850
1.496109
1.505041
1.388931
1.183060
1.062574
0.937320
0.743559
0.733748
0.752640
0.880835
0.912291
1.010433
1.094174
1.130041
1.186567
1.156217
1.153599
1.242998
1.358474
1.481430
1.583276
1.618976
1.669806
1.787007
1.857545
1.846228
1.806285
1.731447
1.614936
1.548994
1.454677
1.377311
1.416436
1.410424
1.341126
1.189401
1.019782
0.861859
0.769770
0.786427
0.768692
0.744044
0.723561
0.754401
0.846003
0.959288
1.048062
1.102863
1.062113
0.995051
1.058139
1.120119
1.169629
1.133596
1.022238
0.815076
0.659569
0.632525
0.671285
0.751386
0.877464
0.991434
1.036871
1.005206
0.907409
0.792087
0.699932
0.637867
0.520080
0.489257
0.512189
0.486354
0.425720
0.463464
0.489464
0.548830
0.565215
0.524347
0.439823
0.407897
0.436107
0.549605
0.697792
0.877814
1.079421
1.291122
1.514081
1.731458
1.988095
2.285071
2.596529
2.864051
3.008886
2.858109
2.563981
2.222605
1.902859
1.629404
1.907137
2.344990
2.680056
2.593225
2.197828
2.123140
2.598070
3.127526
3.667596
4.059821
4.259251
3.998263
3.524595
2.960182
2.776470
3.403720
4.175443
4.950289
5.507448
5.623609
5.364068
4.829441
4.384389
3.924593
4.469272
5.194739
5.549456
5.531912
5.387056
4.827509
3.773623
2.914222
2.342804
2.054727
1.914202
1.835981
1.889074
2.025262
1.970310
1.930872
2.197572
2.495826
2.544640
2.344191
1.989345
1.651083
1.471404
1.172847
0.891160
0.873192
0.753160
0.545373
0.368417
0.543114
0.824007
1.172255
1.471548
1.472734
1.175084
0.854352
0.559020
0.329356
0.175794
0.093094
0.144122
0.215541
0.303985
0.402412
0.503155
0.605816
0.670894
0.661343
0.715443
0.713203
0.600325
0.353244
0.409029
0.515675
0.619110
0.661414
0.631097
0.531229
0.433357
0.424040
0.463182
0.452579
0.390331
0.337003
0.313275
0.261930
0.226336
0.292263
0.363611
0.407466
0.397557
0.361524
0.314808
0.254041
0.196211
0.197492
0.221185
0.266556
0.299535
0.284835
0.240006
0.175004
0.110722
0.079406
0.110351
0.138768
0.131047
0.093065
0.055397
0.024824
0.015266
0.013565
0.067167
0.102861
0.115452
0.124169
0.140201
0.175059
0.272216
0.514366
0.850058
1.122893
1.272900
1.346567
1.378131
1.642904
1.958900
2.010605
1.827546
2.304187
2.962276
3.853525
4.301587
4.301367
3.837229
2.863007
2.068311
1.490937
1.107956
0.875426
0.558997
0.372133
0.419667
0.485538
0.531631
0.528235
0.477476
0.403371
0.338421
0.279485
0.358004
0.446907
0.535508
0.609462
0.625510
0.589458
0.498162
0.401421
0.318150
0.339569
0.411229
0.551323
0.559933
0.594119
0.572147
0.511823
0.427576
0.339951
0.304228
0.404622
0.530022
0.682092
0.848819
1.020198
1.203720
1.359909
1.482753
1.684232
1.889339
2.111260
2.352841
2.599778
2.845102
3.103019
3.390698
3.696863
3.928993
3.924369
3.679472
3.355806
3.035395
2.726119
2.473014
2.671991
2.961552
3.192252
3.316505
3.306014
3.147275
2.930978
2.640958
2.346837
2.064241
1.806508
1.592923
1.571690
1.454547
1.385397
1.463545
1.436884
1.305815
1.158358
1.020245
0.884030
0.962051
1.506984
1.998285
2.218034
2.296937
2.336899
2.512955
2.471071
2.836061
3.494054
4.303224
5.210089
6.050670
6.381410
6.155298
5.340245
4.486527
4.215883
5.075804
5.417899
5.408298
5.087007
5.310480
4.960963
4.330193
3.657376
3.859680
4.479709
5.214407
5.802857
6.344076
6.362228
5.738534
4.787204
4.096164
3.658561
3.830122
4.172306
4.418401
5.046441
5.561426
5.622018
5.161834
4.531629
3.810056
3.133660
2.545797
2.056427
1.950048
2.451279
3.053618
3.568555
3.960654
3.911584
3.586495
2.967785
2.306498
1.712367
1.230466
1.428370
1.663679
1.891999
2.059146
2.016770
1.780113
1.507292
1.296984
1.145471
1.014534
0.955690
0.922622
0.993686
1.113660
1.159552
1.194376
1.099653
0.939364
0.789794
0.867930
1.021383
1.187228
1.541957
1.942025
2.083580
1.968589
1.879238
1.996911
2.059798
2.033454
2.034845
2.212419
2.338336
2.341071
2.202782
2.292854
2.292629
2.157097
1.955908
1.742455
1.758310
1.955165
2.066497
2.060762
1.937653
1.719418
1.598411
1.665755
1.699853
1.908016
2.107438
2.124673
2.470139
2.847235
3.134086
3.425001
3.665717
3.781414
3.945028
3.905236
3.700979
3.450670
3.129299
3.308359
3.499387
3.577604
3.505391
3.299927
3.027377
2.727494
2.445647
2.465694
2.630168
2.796007
2.879841
2.771680
2.558333
2.315669
2.100415
1.898827
1.704867
1.835553
1.968095
2.111201
2.166722
2.119987
1.999240
1.825933
1.636399
1.442916
1.246113
1.054869
0.884018
0.745207
0.626551
0.520340
0.455074
0.430830
0.340661
0.200566
0.150168
0.136737
0.150367
0.177788
0.199073
0.210000
0.262663
0.307577
0.257239
0.128060
0.070982
0.075898
0.090446
0.073779
0.042780
0.027740
0.028506
0.053004
0.095370
0.135098
0.156260
0.124029
0.079146
0.035128
0.051197
0.120929
0.180749
0.234088
0.250901
0.232617
0.172504
0.092072
0.008900
0.000994
0.000000
0.000048
0.006823
0.031878
0.096360
0.188642
0.211254
0.224419
0.219722
0.245177
0.303082
0.374107
0.435338
0.448986
0.409018
0.558348
0.709931
0.919033
1.280023
1.585116
1.689434
1.655967
1.985821
2.444442
3.305526
3.759399
3.886659
3.904890
3.892173
3.829411
3.663099
3.353612
2.837929
2.884991
3.201038
3.660965
3.647311
3.145736
2.542842
2.039760
1.965201
2.247764
2.267991
2.200359
2.006655
2.055412
1.921922
1.648982
1.310879
0.946514
1.199892
1.582604
1.578276
1.158351
0.796437
0.678406
0.692342
0.635450
0.503150
0.362982
0.383304
0.348856
0.286505
0.228834
0.268813
0.313732
0.393319
0.430614
0.400242
0.386786
0.343580
0.257737
0.329392
0.415179
0.488457
0.553682
0.561219
0.486716
0.372060
0.266560
0.216540
0.195863
0.213149
0.416811
0.701277
1.078092
1.550824
2.079094
2.534822
2.525253
2.040818
1.498919
1.019914
0.644942
0.362999
0.232556
0.237081
0.263271
0.274622
0.264468
0.213828
0.111646
0.077848
0.159514
0.275668
0.426585
0.614689
0.825482
1.033450
1.084350
0.997513
0.787355
0.571594
0.390434
0.289565
0.421442
0.517087
0.650007
0.922714
1.272914
1.611879
1.760703
1.561693
1.363724
1.473919
1.521827
1.541331
1.574145
1.580814
1.642852
1.680843
1.778463
1.890072
2.045722
2.209921
2.257406
2.195665
2.069117
2.162320
2.290687
2.316327
2.195883
2.000873
1.776196
1.559313
1.453760
1.535005
1.848363
2.203309
2.609349
3.079246
3.616188
4.206593
4.723688
4.814079
4.491720
3.968349
3.409058
2.911834
2.520256
2.228681
1.904162
1.628501
1.667047
1.723579
1.656711
1.594636
1.826385
2.084063
2.372168
2.684804
3.003968
3.275497
3.574851
3.741638
3.669431
3.439624
3.105888
2.769403
2.845844
3.158947
3.460561
3.777169
4.039146
4.323069
4.498958
4.458892
4.205277
3.803398
3.378118
2.987101
2.623389
2.292842
2.199125
2.364724
2.542835
2.641026
2.599509
2.416636
2.152659
2.219322
2.408649
2.572659
2.751631
2.871164
2.867111
2.804480
2.635791
2.425888
2.977290
3.611475
4.298520
5.223254
6.337140
7.502794
8.457322
8.436582
7.510971
6.460087
5.840322
5.590407
5.254148
5.363434
5.583912
6.465818
7.331039
8.001059
8.120449
7.540359
6.622887
5.706045
4.873373
4.163356
3.934330
3.642909
3.260949
4.056931
4.807782
5.019842
5.281257
6.168530
5.399294
4.272293
4.720569
5.248886
5.603109
5.690600
5.583901
5.382998
4.906758
4.410306
4.840738
5.369952
5.895843
6.272782
6.385358
6.265079
6.246329
5.907450
5.405245
5.445752
5.819891
6.198305
6.561576
7.020965
7.545166
8.152081
8.813333
9.464337
9.959375
10.160898
9.936081
9.374131
8.712955
8.121248
7.886099
8.226748
8.749070
8.790772
8.344069
7.789505
7.200408
6.866237
6.540189
6.114338
5.826547
5.719205
5.316025
4.866611
4.638803
4.646992
4.490190
4.494179
4.320113
4.007611
3.608616
3.506719
3.609604
3.534416
3.453173
3.366243
3.100378
2.775986
2.342103
1.716402
0.951028
0.508587
0.563520
0.585900
0.682174
0.804648
0.870431
1.318297
1.841253
2.053850
2.099154
2.047405
1.828120
1.308644
0.738875
0.401822
0.190757
0.070214
0.051786
0.128840
0.232046
0.309301
0.307137
0.221036
0.116905
0.049097
0.009333
0.000000
0.000000
0.000195
0.007072
0.016583
0.031761
0.065517
0.094078
0.108958
0.118445
0.121601
0.122096
0.123227
0.123143
0.119361
0.104120
0.055325
0.001386
0.000000
0.000000
0.000000
0.000000
0.000000
0.000023
0.006391
0.035866
0.058209
0.030571
0.001083
0.000000
0.000000
0.000000
0.000000
0.000000
0.000000
0.000000
0.000000
0.000000
0.000000
0.000000
0.000000
0.000000
0.000000
0.000000
0.000000
0.000000
0.000000
0.000000
0.000000
0.000000
0.000000
0.000000
0.000000
0.000000
0.000000
