track	type=wiggle_0
fixedStep	chrom=chr	start=1	step=1
0.000000
0.000000
0.000000
0.000000
0.000000
0.000000
0.000000
0.000000
0.000000
0.000000
0.000000
0.000000
0.000000
0.000000
0.000000
0.000000
0.018714
0.080904
0.183858
0.338491
0.501186
0.611679
0.583725
0.598439
0.797783
0.960394
1.293146
1.778851
2.433713
3.220524
3.535168
3.660836
3.755048
3.850984
3.864704
3.444826
2.709700
2.075098
1.548048
1.126981
0.790588
0.526893
0.326995
0.181247
0.083771
0.025515
0.001783
0.000014
0.001225
0.000107
0.000000
0.000000
0.000000
0.000000
0.000000
0.000000
0.000000
0.000000
0.000000
0.000000
0.000000
0.000000
0.000000
0.000000
0.008022
0.063833
0.089239
0.098878
0.107864
0.126411
0.163955
0.239757
0.380906
0.427002
0.440011
0.442978
0.442978
0.442978
0.435406
0.391933
0.248701
0.055701
0.017825
0.003813
0.000000
0.006292
0.035558
0.093392
0.183390
0.298380
0.400123
0.432859
0.348067
0.238983
0.317176
0.508075
0.767538
1.100044
1.508714
2.002311
2.654873
3.745481
4.252232
4.392893
4.416873
4.392893
4.249581
3.711148
2.608614
2.131760
1.995367
1.762828
1.805684
2.568100
3.030905
3.033260
2.545776
1.860609
1.442681
1.704738
1.965246
2.062043
1.908745
1.661606
1.527779
1.375963
1.150470
0.916701
1.014562
1.151136
1.214883
1.171160
1.059698
1.084834
1.218860
1.271663
1.217851
1.071507
0.915025
0.771307
0.647218
0.579629
0.684218
0.796546
0.914590
1.025867
1.097644
1.091492
1.006515
0.958444
1.066805
1.139230
1.124343
1.018262
0.896822
0.773843
0.665779
0.596130
0.561526
0.491962
0.442106
0.426482
0.406062
0.367662
0.386767
0.459425
0.541021
0.628398
0.710114
0.775630
0.784447
0.750778
0.688606
0.768371
0.835314
0.848697
0.794684
0.864844
0.952934
0.995021
0.969336
0.898010
0.916751
1.003005
1.043922
1.015159
0.991879
1.050602
1.048250
0.984790
0.934132
1.019799
1.088473
1.090632
1.025712
0.931504
0.830639
0.733921
0.691469
0.760742
0.778457
0.772849
1.022557
1.232954
1.341718
1.285941
1.624588
2.092315
2.671802
3.333025
4.007139
4.431782
4.087683
3.410853
2.743385
2.178636
1.775429
1.488451
1.317225
1.061053
1.092225
1.115947
1.261672
1.356126
1.350893
1.415489
1.474110
1.436730
1.424916
1.416060
1.485504
1.545622
1.549312
1.620218
1.762012
1.697966
1.498053
1.404584
1.541704
1.678626
1.822036
1.980001
2.151278
2.326210
2.480995
2.541863
2.507518
2.408066
2.589253
2.772114
2.965508
3.170759
3.379807
3.559163
3.631571
3.594836
3.435705
3.232593
3.162344
3.356940
3.512064
3.546479
3.431946
3.506277
3.530866
3.669118
3.847104
4.085721
4.281110
4.332376
4.393913
4.607340
4.769972
4.820681
4.995056
5.058705
4.961233
4.709167
4.746323
5.024240
5.281872
5.368481
5.483421
5.538527
5.418869
5.138391
4.821281
4.928165
5.195538
5.439167
5.528305
5.477701
5.252854
4.990321
4.690953
4.616961
4.418697
4.370683
4.667395
5.022378
5.408876
5.807696
6.161675
6.310843
6.214338
5.907022
5.519763
5.372293
5.745091
6.194396
6.616846
6.856922
6.777903
6.463334
6.761622
7.132180
7.215206
7.245074
7.231827
7.148823
6.861067
6.263083
6.272542
6.615809
7.139055
7.705617
8.312997
8.900706
9.199364
9.040916
8.628049
7.948088
7.250585
6.599140
5.997596
5.448191
4.943030
4.485347
4.220207
3.918410
3.724544
3.802144
3.864643
3.759185
3.870497
3.969296
4.004150
4.086136
4.290821
4.418019
4.383181
4.189237
4.029694
4.014656
4.534615
5.764627
6.803124
7.186100
7.092783
6.618608
5.669764
4.405919
3.490347
2.803948
2.219050
2.030454
2.127251
2.179672
2.556656
2.951532
3.232311
3.305333
3.077524
2.700792
2.383235
2.263256
2.112929
2.048883
1.951202
1.769543
1.931391
2.022387
2.297834
2.525347
2.735357
2.860693
2.921543
2.981575
2.955231
3.111225
3.295237
3.348658
3.205607
2.972700
2.917557
2.870960
2.983764
3.061924
3.268809
3.483544
3.689350
3.906526
4.100876
4.298570
4.481628
4.553454
4.475659
4.260745
4.021385
3.797378
3.591191
3.385691
3.212389
3.092710
2.988427
2.881952
2.765531
2.658508
2.621208
2.769844
2.746127
2.498703
2.089625
1.728028
1.761086
1.722782
1.871387
2.004871
2.067687
1.999256
1.865992
1.720078
1.569222
1.423790
1.290005
1.171811
1.077887
1.164649
1.252023
1.377261
1.843097
2.398083
2.978034
3.450014
3.859948
3.969767
3.605107
2.814941
2.139105
1.708933
1.309894
0.992490
0.862495
0.854256
0.928670
0.967849
1.007601
1.068437
1.062007
1.076144
1.202892
1.306151
1.388133
1.395613
1.351376
1.326008
1.302946
1.310812
1.353467
1.323936
1.213230
1.248750
1.447710
1.631232
1.734139
1.696684
1.525159
1.337852
1.198742
1.281683
1.253509
1.382100
1.559046
1.737040
1.938359
2.086525
2.228743
2.280557
2.161654
2.224377
2.288898
2.140030
1.965109
2.028814
2.232402
2.542144
2.902976
3.067379
2.900100
2.503121
2.090279
1.770769
1.514075
1.280341
1.071450
0.886521
0.722433
0.605041
0.496310
0.421474
0.482500
0.548169
0.557370
0.646747
0.504775
0.307227
0.167132
0.097393
0.052377
0.030149
0.032554
0.045672
0.049140
0.037528
0.019725
0.006794
0.018638
0.042438
0.079999
0.079578
0.081743
0.081248
0.067734
0.047017
0.043502
0.061300
0.067487
0.057034
0.036933
0.018183
0.014277
0.028066
0.036479
0.030346
0.018101
0.019304
0.020677
0.013456
0.003871
0.000004
0.000000
0.000000
0.000000
0.000000
0.000000
0.000000
0.000000
0.000000
0.000000
0.000000
0.000000
0.000000
0.000000
0.000000
0.000000
0.000000
0.000000
0.000000
0.000000
0.000000
0.000000
0.000000
0.000000
0.000000
0.000000
0.000000
0.004668
0.039339
0.112104
0.229115
0.397953
0.624969
0.919358
1.248021
1.480159
1.446070
1.184011
0.871502
0.596674
0.376418
0.213249
0.101337
0.169939
0.269760
0.398030
0.556445
0.748590
0.949118
1.117933
1.132468
0.995300
0.792506
0.593417
0.428734
0.294596
0.189331
0.324579
0.517433
0.769659
1.076542
1.438306
1.914761
2.541769
3.427572
4.595589
5.045876
5.034895
4.580371
3.442837
2.594677
1.982919
1.509065
1.110643
0.788726
0.538105
0.344617
0.198591
0.094807
0.031191
0.002905
0.000000
0.000000
0.000000
0.000000
0.000000
0.000000
0.000000
0.000000
0.000000
0.000000
0.000000
0.000000
0.000000
0.000000
0.000000
0.000000
0.000000
0.000000
0.000000
0.000000
0.000000
0.000000
0.000000
0.000000
0.000000
0.000000
0.000000
0.000000
0.000000
0.000000
0.000000
0.000000
0.000000
0.000000
0.000000
0.000100
0.020657
0.040571
0.046873
0.049104
0.051661
0.058628
0.074604
0.109782
0.191099
0.262270
0.334517
0.399993
0.270143
0.128440
0.040269
0.002176
0.000000
0.000000
0.000000
0.000000
0.000000
0.000000
0.000000
0.000000
0.000000
0.000000
0.000000
0.000000
0.000000
0.000000
0.000000
0.000000
0.000000
0.000000
0.000000
0.000000
0.000000
0.000000
0.000000
0.000000
0.000000
0.000000
0.000000
0.000000
0.000000
0.000000
0.000000
0.007692
0.061573
0.188078
0.435274
0.555068
0.589529
0.593743
0.561277
0.433471
0.179884
0.076106
0.164514
0.243942
0.314735
0.358003
0.371347
0.367191
0.338385
0.268045
0.185298
0.200472
0.123476
0.119168
0.153335
0.192038
0.223956
0.281903
0.353228
0.429398
0.507195
0.585593
0.667610
0.760381
0.865892
0.979898
1.095969
1.206209
1.275170
1.279346
1.219387
1.111401
0.989727
0.894338
1.009720
1.118737
1.234728
1.313343
1.348530
1.290049
1.192842
1.214751
1.351552
1.491657
1.606904
1.700047
1.834846
1.948339
1.990409
1.891171
2.052797
2.271202
2.481951
2.625203
2.768923
3.016309
3.265262
3.470081
3.577702
3.544559
3.515025
3.706658
3.944112
4.126070
4.148403
4.419395
4.702115
5.056598
5.445146
5.823092
6.050248
6.292105
6.653391
6.804770
6.701105
6.338213
5.988029
6.116577
6.390225
6.423952
6.292727
6.652508
6.892485
7.021280
7.635774
8.188041
8.761016
9.313572
9.503833
9.194301
8.630988
7.987025
7.411333
6.923149
7.390312
7.875082
8.301095
8.522157
8.886858
9.642744
10.417352
11.010414
11.226864
10.842572
10.014003
9.987980
9.535063
8.790191
8.313103
9.006097
9.580721
9.798063
9.714170
10.334178
12.061052
14.232892
16.870260
18.084280
18.124212
17.061045
14.514930
12.220401
10.419180
9.268682
10.029145
10.969308
11.715092
12.016965
11.629722
10.631337
9.956019
8.993906
7.962631
7.104971
6.273921
5.529968
4.851078
4.824081
5.321115
5.743673
5.982905
6.058193
5.934895
5.610067
5.303304
5.426806
5.583783
5.683996
5.878975
6.128727
6.412716
6.720805
7.022000
7.186859
7.161859
6.983484
6.721054
6.423513
6.113852
5.792890
5.530429
5.562376
5.911341
6.252288
6.608307
6.965443
7.255567
7.304123
7.102920
6.712964
6.287705
5.867279
5.473998
5.134127
4.896408
4.762507
4.572048
4.370341
4.127326
3.893999
3.775318
3.589223
3.363412
3.438703
3.661183
3.830198
3.862136
3.737074
3.596935
3.662786
3.869004
3.971069
3.953104
3.837855
3.643696
3.430228
3.174949
2.870533
2.484388
2.248659
2.010152
1.973544
2.023323
2.098155
2.057548
1.945062
1.797060
1.654794
1.532612
1.442705
1.379876
1.438135
1.543723
1.869647
2.275111
2.593018
2.681116
2.486157
2.044410
1.574223
1.441615
1.338880
1.228335
1.173402
1.358828
1.497535
1.475190
1.284981
1.315631
1.567020
1.874575
2.216173
2.534918
2.683597
2.521687
2.196665
1.846643
1.529125
1.251253
1.017207
0.846214
0.683561
0.552429
0.634480
0.742680
0.876513
1.031314
1.207786
1.379379
1.496314
1.501076
1.396785
1.236602
1.070032
1.049166
1.143199
1.195442
1.142076
1.037134
0.861185
0.674868
0.612909
0.674863
0.733942
0.779262
1.029606
1.325801
1.557579
1.560317
1.329958
1.227351
1.033039
0.821982
0.799992
0.947707
1.034136
0.930384
0.889116
1.017591
1.168231
1.336245
1.503093
1.668401
1.850650
2.037319
2.181348
2.255265
2.182014
2.038701
1.879624
1.735516
1.643867
1.523942
1.397745
1.265125
1.290698
1.292662
1.208672
1.124425
1.279291
1.430707
1.580621
1.756078
1.933769
2.098469
2.219849
2.228977
2.131138
1.956910
1.756240
1.560334
1.380479
1.531384
1.633391
1.611141
1.530768
1.417645
1.251196
1.320714
1.387673
1.431594
1.381176
1.264076
1.132474
1.299487
1.425259
1.494789
1.451336
1.593488
1.699189
1.833300
1.838454
1.722096
1.640108
1.581096
1.842068
2.144795
2.503695
2.922686
3.368112
3.778172
3.959962
3.806468
3.430183
3.026083
2.648089
2.290313
1.962491
1.667995
1.423325
1.286793
1.127852
0.952292
0.782915
0.645030
0.566413
0.462266
0.532265
0.645437
0.772030
0.919157
1.078500
1.212770
1.304614
1.254233
1.129742
0.972321
0.824847
0.703306
0.762063
0.786200
0.792556
0.895699
0.947726
0.931158
0.911204
0.944744
1.100881
1.238118
1.290511
1.326550
1.675967
1.920432
1.920502
1.955065
2.322225
2.726850
3.169965
3.645044
4.041761
4.252138
4.072938
3.681000
3.496433
3.193944
2.775710
2.348977
2.189660
2.035326
1.879594
1.830388
1.927569
2.030272
2.015493
1.850313
1.939856
2.460590
3.177711
4.294025
5.576582
6.040065
6.152997
6.177739
6.188792
6.172742
6.098544
5.861198
5.423040
4.886740
4.760371
4.679680
4.565825
4.321856
3.755186
2.805916
2.185456
1.959181
2.000987
1.793940
1.480400
1.154311
0.867181
0.634560
0.448925
0.319505
0.245173
0.322600
0.385259
0.531529
0.626772
0.691571
0.736298
0.706897
0.607179
0.568513
0.560710
0.625704
0.728063
0.794915
0.825887
0.826885
0.887842
0.889705
0.945060
1.035279
1.143950
1.243226
1.325629
1.375959
1.414701
1.424853
1.469732
1.532978
1.669200
1.800267
1.906938
2.083369
2.240257
2.413499
2.534956
2.497234
2.364596
2.177376
1.976059
1.784162
1.658525
1.806929
1.921947
1.988511
1.978584
2.060003
2.061652
1.971401
2.104739
2.310296
2.536638
2.767526
2.940748
2.975083
2.868490
2.726863
2.655901
2.494991
2.266719
2.038701
1.977830
1.996866
1.924160
1.831868
1.867045
1.965642
2.091625
2.117341
2.133969
2.378939
2.632942
2.862874
2.938759
2.833249
3.029231
3.389233
3.796414
4.244887
4.735583
5.241449
5.726295
6.108300
6.295232
6.412461
6.979025
7.419730
7.762626
8.446769
9.141307
9.693645
10.018038
9.838076
9.422022
8.992590
8.557312
8.948257
9.826563
10.830872
11.958377
13.106685
14.228463
14.675435
14.147407
12.927231
11.633212
10.433692
9.359635
8.391356
7.635419
7.567543
7.530579
7.759000
7.644815
7.198260
7.182730
7.228295
6.891471
6.652778
6.411105
5.923190
5.950302
5.974023
5.840710
5.571104
5.257649
5.103389
5.383884
5.550921
5.463462
5.779410
6.019088
6.002091
5.738217
5.372767
5.114284
5.078589
4.826973
4.561480
4.473202
4.473233
4.521432
4.587339
4.482655
4.343499
4.281719
4.351838
4.208493
4.196003
4.134633
4.331802
4.496296
4.578738
4.455277
4.202960
3.894541
4.042417
4.299944
4.599366
4.900999
5.141039
5.257774
5.168355
4.944613
4.650868
4.419543
4.518016
4.597662
4.527898
4.735952
4.902602
4.958649
4.854772
4.643255
4.437128
4.347651
4.353518
4.334507
4.185195
3.940748
3.755602
3.798065
3.835598
3.886259
3.761186
3.549315
3.733927
4.247304
4.755358
4.992705
4.541682
3.770967
3.015503
2.409512
2.411077
2.431923
2.362400
2.196407
2.046351
1.918421
1.990566
2.122366
2.076740
1.773368
1.694391
1.676939
2.008269
2.323202
2.491461
2.423698
2.193602
1.863965
1.547808
1.480769
1.740811
2.012011
2.270363
2.492500
2.577338
2.535156
2.323817
2.080873
2.295363
2.616774
2.809443
3.128749
3.368649
3.543218
3.480876
3.311991
2.997192
2.671092
2.367236
2.085289
1.840476
1.664641
1.717655
1.951148
2.262741
2.633527
3.050349
3.472054
3.867054
3.992414
3.858148
3.457611
2.988897
2.560405
2.167673
1.824350
1.522096
1.268054
1.550165
1.930751
2.306261
2.499113
2.888679
3.519126
4.268173
5.123573
5.981076
6.640861
6.627523
5.971015
5.131903
4.303192
3.694768
3.253454
2.706576
2.203429
1.804507
1.485256
1.549797
1.607836
1.428291
1.356410
1.356000
1.328640
1.908874
2.195467
2.189446
1.873817
1.630516
1.807448
2.009883
2.242401
2.459662
2.601378
2.646431
2.579482
2.449558
2.293086
2.137626
2.423875
2.869896
3.268755
3.557572
3.653615
3.582840
3.291324
2.872369
2.338174
1.766640
1.496568
1.361975
1.228421
1.029509
1.010836
1.104375
1.167092
1.167821
1.080676
0.951159
0.811150
0.694592
0.600370
0.528980
0.567841
0.777053
1.077814
1.237155
1.172812
0.938967
0.645700
0.643489
0.762204
0.908317
1.067317
1.159676
1.164330
1.060556
0.925519
0.791175
0.668737
0.563692
0.477065
0.429338
0.470040
0.471961
0.422831
0.366855
0.334771
0.393002
0.453867
0.515796
0.570411
0.604255
0.645700
0.751933
0.872612
1.006349
1.139970
1.222730
1.245796
1.166156
1.029912
0.891863
0.846573
1.017039
1.167433
1.239560
1.186695
1.047347
1.046453
1.266702
1.929425
2.255237
2.251750
2.306884
2.580637
2.698675
2.568582
2.337435
2.024887
1.808022
2.615750
3.109934
3.304159
3.358698
3.403950
3.391242
3.308021
3.232524
3.143750
3.574735
4.253142
4.846412
5.000234
4.633962
4.017527
3.373302
2.895198
3.207394
3.667456
3.799159
3.689268
3.264836
2.893461
2.951547
3.048513
2.848528
2.385180
2.288618
2.230895
2.668763
3.314139
4.278531
4.875314
4.210189
3.171851
2.416957
1.807277
1.312505
0.914794
0.659779
0.523330
0.480897
0.491064
0.660094
0.725004
0.646240
0.515622
0.337527
0.280066
0.287006
0.293828
0.327068
0.333520
0.287324
0.215585
0.188276
0.250222
0.328280
0.420584
0.525514
0.634903
0.734257
0.761419
0.720106
0.639354
0.544946
0.451902
0.360916
0.279240
0.208800
0.227913
0.227220
0.191954
0.108996
0.055665
0.052928
0.085836
0.133177
0.185368
0.227654
0.260638
0.312187
0.321949
0.288628
0.226399
0.160832
0.119459
0.136702
0.163734
0.211794
0.273383
0.329090
0.353195
0.331743
0.312012
0.277196
0.275503
0.261622
0.211266
0.194539
0.176944
0.148327
0.140665
0.118958
0.086484
0.051617
0.025397
0.010129
0.001574
0.014836
0.080374
0.208517
0.410486
0.695549
1.083336
1.616538
2.123870
2.111515
1.641554
1.498817
1.695731
1.866854
2.459913
3.194400
3.556085
3.708584
3.746436
3.719486
3.568697
3.199645
2.380430
1.648075
1.154465
0.812184
0.526672
0.302990
0.145768
0.048827
0.004722
0.000242
0.013119
0.036914
0.065545
0.128450
0.201722
0.270587
0.347830
0.451962
0.609919
0.814618
1.049019
1.254748
1.333868
1.184649
0.955244
0.721184
0.518939
0.356535
0.229016
0.131810
0.064767
0.022716
0.047466
0.090570
0.154112
0.241861
0.356473
0.496810
0.636539
0.730147
0.710555
0.585186
0.455957
0.341933
0.270860
0.235042
0.182430
0.135555
0.170276
0.240831
0.301288
0.345457
0.341539
0.278142
0.202069
0.168307
0.156883
0.113613
0.069563
0.035840
0.015085
0.006519
0.016713
0.037956
0.095947
0.160141
0.202125
0.229437
0.354386
0.572730
0.866785
1.235327
1.689333
2.226192
2.755095
3.020686
2.801310
2.256499
1.703666
1.236950
0.865757
0.576873
0.352413
0.325622
0.456224
0.646115
0.855646
0.982693
0.945004
0.798892
0.616343
0.616045
0.554094
0.428291
0.285723
0.189447
0.267505
0.405879
0.578193
0.695706
0.681335
0.947352
1.518510
2.126532
2.377558
2.442435
2.439673
2.374675
2.126817
1.531396
1.096373
0.787326
0.660791
0.496379
0.545109
0.867125
1.233394
1.357069
1.173941
0.712642
0.394958
0.187615
0.061765
0.064257
0.064526
0.033468
0.003985
0.000000
0.000000
0.000000
0.000000
0.003362
0.041116
0.109017
0.150568
0.109730
0.039248
0.007407
0.017667
0.023336
0.022917
0.019839
0.015128
0.007468
0.004394
0.003084
0.002504
0.002085
0.001364
0.000015
0.000000
0.000000
0.000000
0.000000
0.000000
0.000000
0.000000
0.000000
0.000000
0.000000
0.000000
0.000000
0.000000
0.000000
0.000000
0.000000
0.000000
0.000000
0.000000
0.019389
0.111258
0.310416
0.668470
0.857950
0.899762
0.870317
0.855956
0.809451
0.810243
0.783695
0.693403
0.447498
0.198067
0.068594
0.088997
0.179673
0.284133
0.313872
0.323763
0.286012
0.261761
0.270327
0.236965
0.265159
0.380730
0.653933
1.095798
1.332689
1.384144
1.316730
1.041616
0.659161
0.768177
0.926646
0.900233
0.871308
0.958489
1.081626
1.126601
1.028835
0.981750
1.090501
1.181044
1.206711
1.158820
1.175963
1.295029
1.380350
1.423013
1.647773
1.896916
2.156189
2.394679
2.494670
2.427263
2.186792
1.975890
2.468753
2.859853
3.069841
3.656531
4.309132
4.813511
5.432300
5.760789
5.442824
4.622488
3.735322
2.952921
2.824703
3.094040
3.372729
3.670279
3.970525
4.244846
4.308553
4.170889
3.804822
3.416914
3.049255
2.711113
2.397503
2.129185
1.937547
1.926920
1.790762
1.591840
1.733764
1.917682
2.086851
2.200597
2.152869
1.981155
1.785662
1.646529
1.666772
1.844798
2.042060
2.234869
2.416237
2.491408
2.446866
2.267522
2.043227
1.963006
2.009008
1.948788
1.897635
1.684502
1.439949
1.192039
0.971704
0.798464
0.766987
0.846514
0.950766
1.147792
1.233310
1.187059
1.174590
1.022215
0.850718
0.924831
1.207362
1.559633
1.984812
2.452536
2.951872
3.167190
3.500855
4.080221
4.787935
5.619314
6.548338
7.576085
8.592754
9.403732
9.404032
8.613514
7.609891
6.679317
5.904183
5.135703
4.532233
4.072105
3.735621
3.635717
3.439444
3.309016
3.370247
3.747023
4.139854
4.386953
4.206656
3.859305
3.429739
3.203954
3.516953
3.981061
4.478446
4.985175
5.387831
5.466218
5.167228
4.693115
4.174700
3.685872
3.235801
2.824654
2.472269
2.156893
1.930705
2.158947
2.342354
2.454036
2.484006
2.521821
2.718374
3.010172
3.338452
3.676004
4.017992
4.347376
4.618593
4.748888
4.566666
4.250875
3.844168
3.444898
3.076083
2.750035
2.611999
2.703712
2.654005
2.864955
3.553430
4.441990
5.275405
5.545487
5.241798
4.281728
3.145118
2.336174
1.725525
1.222467
1.317266
1.364143
1.327392
1.201657
1.040028
0.866670
0.717260
0.829038
0.923600
1.108966
1.399078
1.745919
2.148937
2.592769
2.995405
3.271423
3.206207
2.866056
2.433246
2.018254
1.651838
1.334522
1.470951
1.761101
1.906904
1.821844
1.580083
1.767907
1.946097
2.026381
1.999496
1.971402
2.155680
2.178513
2.062375
1.893994
1.886533
2.163963
2.548146
2.918851
3.198762
3.260265
3.152848
2.961753
2.721723
2.482911
2.298544
2.284386
2.397225
2.545480
2.714978
2.787736
2.862226
2.864938
2.763726
2.830515
3.265971
3.646950
3.737382
3.461606
3.036722
2.567832
2.360568
2.589955
2.814101
2.917885
2.869630
2.671001
2.634571
2.686477
2.678909
2.636663
2.495036
2.347401
2.553683
2.713830
2.786813
2.803112
2.829509
2.816202
2.721132
2.553747
2.516469
2.545321
2.447630
2.443968
2.678406
2.906744
3.052881
3.174252
3.083861
2.842281
2.524300
2.241149
2.474216
2.712983
2.926136
3.060988
3.163381
3.188805
3.066751
2.836320
2.604300
2.648867
2.567517
2.472774
2.538629
2.493634
2.595511
2.686485
2.613846
2.425640
2.142015
1.850921
1.974314
2.089941
2.624249
3.326498
4.079668
4.667312
4.645569
4.062398
3.406911
3.037317
3.066082
3.463934
3.661556
4.326680
5.001445
5.639490
5.989398
6.101608
5.663248
5.401928
5.394291
5.080059
4.831342
4.601306
5.164908
5.532998
5.704683
5.722200
5.368154
5.619284
6.559415
5.774941
5.382788
5.305728
5.018058
4.772623
4.818501
4.970413
5.236617
5.747499
5.832536
5.588917
5.980484
6.177070
5.878875
5.497690
5.863790
5.879733
5.279456
5.303134
5.402540
5.100450
4.511636
4.375828
4.730962
5.136350
5.593633
6.060340
6.509379
6.901558
7.077597
6.906981
6.529734
6.068917
6.033940
6.556703
7.083114
7.526583
7.547079
7.127528
6.570360
6.084379
5.776576
5.641437
5.291636
4.871108
4.420436
3.984051
3.577182
3.200530
2.844846
2.530267
2.267024
2.074813
1.884475
1.689632
1.704333
1.780584
1.752961
1.773095
1.719960
1.562771
1.370828
1.289148
1.280089
1.382752
1.412173
1.351972
1.210270
1.091706
0.973166
1.135942
1.757642
2.332555
2.565462
2.610910
2.544858
2.287976
1.671864
1.022815
0.637542
0.547983
0.601768
0.727549
0.867292
0.970037
1.042552
1.039252
1.095942
1.246550
1.447088
1.671471
1.905900
2.168795
2.441779
2.645640
2.555578
1.783041
1.193071
0.677219
0.441090
0.211507
0.144460
0.067696
0.076585
0.110213
0.121535
0.063662
0.008411
0.000010
0.000536
0.009624
0.036105
0.083004
0.143059
0.177263
0.088788
0.000000
0.000000
0.000000
0.000000
0.000000
0.000000
0.001032
0.019405
0.064184
0.138194
0.245736
0.387741
0.557365
0.724592
0.886955
0.948968
0.516517
0.223933
0.063082
0.036897
0.058050
0.086923
0.104534
0.183417
0.289638
0.436266
0.568948
2.671627
1.893154
1.290042
0.629743
0.270807
0.041492
0.092726
0.000000
0.000000
0.000000
0.000000
0.000000
0.000000
0.000000
0.000000
0.000000
