track	type=wiggle_0
fixedStep	chrom=chr	start=1	step=1
0.000000
0.000000
0.000000
0.000000
0.000000
0.000000
0.000000
0.000000
0.000000
0.986857
2.090507
2.450367
1.962961
1.473657
1.048812
0.752519
0.524813
0.348147
0.213400
0.115662
0.050698
0.013252
0.000473
0.000000
0.000000
0.000000
0.000000
0.000000
0.000000
0.000000
0.000000
0.000000
0.000000
0.000000
0.000000
0.000000
0.000000
0.000000
0.000000
0.000000
0.009409
0.068074
0.094393
0.104377
0.113666
0.132846
0.171304
0.248047
0.390607
0.437032
0.450123
0.453096
0.453096
0.453096
0.445466
0.401469
0.256240
0.059829
0.013468
0.003248
0.000001
0.007903
0.039330
0.099711
0.192960
0.310719
0.413480
0.446885
0.361590
0.250086
0.328258
0.522267
0.785138
1.122336
1.537384
2.034274
2.690052
3.786248
4.296554
4.438105
4.462208
4.438105
4.294051
3.752174
2.644444
2.165145
2.027370
1.792668
1.837049
2.610359
3.079361
3.081875
2.588406
1.894433
1.470244
1.738302
2.006750
2.104973
1.948443
1.694487
1.566544
1.412629
1.185104
0.947189
1.053123
1.192865
1.256584
1.213132
1.099168
1.121708
1.260933
1.315591
1.259907
1.108081
0.948019
0.798088
0.672484
0.609720
0.716888
0.831622
0.952645
1.066022
1.139392
1.133024
1.046138
0.996583
1.107350
1.181387
1.166087
1.057627
0.933349
0.806921
0.696256
0.625905
0.591080
0.519833
0.468366
0.451620
0.430144
0.388989
0.411916
0.487202
0.571143
0.661179
0.744779
0.814033
0.827544
0.801099
0.758231
0.804468
0.872692
0.897983
0.865364
0.906271
0.998735
1.039404
1.016013
0.942581
0.959376
1.049648
1.089013
1.062219
1.035467
1.095650
1.092923
1.026845
0.976413
1.063584
1.134306
1.136679
1.069999
0.973785
0.869867
0.769204
0.726254
0.797283
0.815439
0.793522
1.044341
1.256511
1.366659
1.312349
1.654046
2.127170
2.710861
3.382659
4.063741
4.484423
4.145486
3.462112
2.783610
2.214541
1.806601
1.517542
1.342869
1.099494
1.135731
1.152985
1.299669
1.399604
1.400549
1.467022
1.521614
1.463574
1.343230
1.133843
1.128670
1.211778
1.450907
1.663808
1.813742
1.759552
1.612144
1.439436
1.262460
1.345963
1.452198
1.605637
1.753462
1.793078
1.742198
1.617914
1.469732
1.458260
1.594825
1.741309
1.893807
2.051556
2.216079
2.358972
2.417660
2.385950
2.253633
2.095884
2.007009
2.160369
2.278476
2.306121
2.212449
2.236660
2.208217
2.316360
2.507231
2.701931
2.881101
2.973812
3.121318
3.298931
3.388469
3.347322
3.396774
3.440430
3.356179
3.161127
3.133291
3.352875
3.557062
3.628426
3.701610
3.747898
3.648584
3.427166
3.180491
3.362899
3.585804
3.781075
3.857872
3.816638
3.631244
3.419863
3.181547
2.947660
2.725674
2.624120
2.847658
3.115525
3.403995
3.702988
3.977279
4.111913
4.050923
3.840578
3.546451
3.269428
3.536476
3.859474
4.171205
4.341045
4.279205
4.049978
4.179086
4.444224
4.511618
4.478456
4.468325
4.207870
3.857648
3.532526
3.533108
3.756062
4.116117
4.505015
4.931257
5.367134
5.527989
5.454229
5.108659
4.641199
4.154708
3.699826
3.284747
2.907663
2.566522
2.263616
1.992777
1.871016
1.984109
2.053092
2.018599
1.941481
1.817964
1.675556
1.718337
1.882939
1.999673
2.146689
2.539489
3.064331
3.595237
4.003312
4.591196
5.830059
6.875489
7.261980
7.167616
6.688464
5.734533
4.457404
3.537877
2.844761
2.256086
1.786020
1.961129
2.241779
2.616791
3.004981
3.245773
3.241624
2.993596
2.628249
2.329217
2.122316
1.943335
1.780076
1.641127
1.591128
1.459025
1.264608
1.053044
0.855746
0.886679
0.924699
0.854581
0.831664
0.886775
0.938310
1.063776
1.093013
1.029307
0.870160
0.808979
0.874549
1.159976
1.662938
2.372103
2.874133
3.189639
3.513627
3.888664
3.479105
3.053058
2.493347
1.791683
1.357280
1.283113
1.209153
1.329548
1.415312
1.446888
1.396601
1.361178
1.404867
1.316087
1.256095
1.192578
1.115171
1.063321
0.879592
0.704013
0.870309
0.944391
0.887076
0.758625
0.712966
0.667570
0.748565
0.852438
0.954902
1.025707
1.037991
0.974351
1.087190
1.198439
1.276705
1.299041
1.401580
1.870107
2.428461
3.014403
3.491774
3.906440
4.018751
3.651096
2.853950
2.169406
1.736630
1.334981
0.977472
0.798886
0.874911
0.930299
1.018659
1.050773
1.110937
1.127713
1.262275
1.356829
1.381553
1.441760
1.444364
1.399967
1.372254
1.348204
1.357429
1.400569
1.369892
1.257009
1.290251
1.494198
1.680684
1.785683
1.747188
1.573007
1.381131
1.239230
1.322759
1.292686
1.427450
1.606923
1.785291
1.989635
2.142840
2.288147
2.340475
2.219216
2.268763
2.334647
2.182272
2.010736
2.078419
2.285459
2.597072
2.964310
3.130875
2.961215
2.557512
2.141183
1.817226
1.558784
1.321843
1.108265
0.918080
0.750362
0.616599
0.506389
0.439500
0.502489
0.570961
0.580537
0.660610
0.517292
0.316574
0.176911
0.104669
0.093315
0.074592
0.051431
0.058571
0.059249
0.047305
0.072267
0.105159
0.145106
0.189082
0.232488
0.266386
0.303990
0.317672
0.296198
0.252201
0.203948
0.247477
0.281955
0.276675
0.234922
0.182493
0.146729
0.188089
0.221673
0.218791
0.181023
0.135983
0.131975
0.124530
0.096324
0.062430
0.035947
0.027779
0.014864
0.004744
0.000504
0.000000
0.000000
0.000000
0.000000
0.000000
0.000000
0.000000
0.000000
0.000000
0.000000
0.000000
0.000000
0.000000
0.000000
0.000000
0.000000
0.000000
0.000000
0.000000
0.000000
0.000000
0.005870
0.043150
0.119044
0.239687
0.411503
0.643118
0.940515
1.272434
1.506033
1.473154
1.208030
0.892170
0.614524
0.389662
0.408081
0.553125
0.726350
0.930251
1.171374
1.451696
1.774480
2.131864
2.436038
2.628795
2.505402
2.204675
1.838677
1.507754
1.221035
1.008729
1.340905
1.741905
2.220356
2.785484
3.428312
4.197402
5.106904
6.237895
7.965077
9.371907
9.371905
7.973871
6.271372
5.147336
4.236739
3.461459
2.792656
2.225084
1.745822
1.344331
1.011796
0.738999
0.519041
0.345761
0.212939
0.118573
0.056136
0.015785
0.000313
0.000000
0.000000
0.000000
0.000000
0.000000
0.000000
0.000000
0.000000
0.000000
0.000000
0.000000
0.000000
0.000000
0.000000
0.000000
0.000000
0.000000
0.000000
0.000000
0.000000
0.000000
0.000000
0.000000
0.000000
0.000000
0.000000
0.000000
0.000000
0.000000
0.000000
0.000174
0.022026
0.042394
0.049250
0.051959
0.054959
0.062415
0.079012
0.115523
0.199222
0.271440
0.344645
0.412880
0.280176
0.136278
0.044477
0.003352
0.000000
0.000000
0.000000
0.000000
0.000000
0.000000
0.000000
0.000000
0.000000
0.000000
0.000000
0.000000
0.000000
0.000000
0.000000
0.000000
0.000000
0.000000
0.000000
0.000000
0.000000
0.000000
0.000000
0.000000
0.000001
0.001896
0.006729
0.011248
0.011255
0.007567
0.004261
0.009278
0.065558
0.195419
0.448679
0.571756
0.608906
0.611762
0.577688
0.448255
0.187561
0.228569
0.422709
0.569272
0.707991
0.765844
0.753982
0.674601
0.555177
0.417381
0.252290
0.214506
0.207634
0.193784
0.223684
0.257302
0.306232
0.374138
0.455620
0.541670
0.629172
0.715009
0.803416
0.904195
1.017489
1.140468
1.265792
1.383131
1.458412
1.461915
1.395116
1.275788
1.144004
1.037869
1.163400
1.278262
1.405584
1.490689
1.527778
1.461803
1.357751
1.380585
1.525938
1.673394
1.791594
1.889686
2.031358
2.150420
2.197036
2.094876
2.241729
2.466407
2.688152
2.832375
2.989668
3.246682
3.499811
3.712058
3.821886
3.791958
3.766316
3.951668
4.196343
4.385543
4.405343
4.680701
4.977769
5.336690
5.738950
6.126774
6.360384
6.611712
6.984678
7.142878
7.026160
6.654559
6.301218
6.442592
6.725920
6.767996
6.645707
7.015031
7.261732
7.327275
7.957593
8.523334
9.110249
9.674293
9.868144
9.548995
8.979153
8.324204
7.737350
7.235059
7.732326
8.225173
8.668379
8.891661
9.202373
9.971279
10.766809
11.359379
11.549313
11.132895
10.288493
10.256518
9.827625
9.112628
8.703729
9.423565
10.017617
10.236526
10.151024
10.643597
12.406339
14.625827
17.315411
18.549393
18.593647
17.516556
14.912927
12.570305
10.739873
9.638634
10.410261
11.375261
12.133156
12.441017
12.047189
11.029341
10.318063
9.338656
8.280609
7.400326
6.545519
5.786023
5.182325
5.295637
5.836926
6.281006
6.539091
6.620505
6.487498
6.137312
5.808694
5.928401
6.098637
6.205104
6.408496
6.659114
6.953482
7.270233
7.585134
7.755082
7.735939
7.555650
7.290547
6.985352
6.666127
6.330997
6.059247
6.051929
6.418108
6.769573
7.135240
7.509236
7.803818
7.843220
7.633198
7.231978
6.793792
6.359943
5.947886
5.586918
5.339083
5.205524
5.007233
4.800582
4.546829
4.302929
4.185512
3.985735
3.747710
3.843874
4.081021
4.259487
4.285213
4.136473
3.940767
3.729604
3.596244
3.675047
3.829727
3.886115
3.862892
3.788523
3.920518
3.785416
3.284206
3.052023
3.056503
3.007808
2.839629
2.648604
2.346337
2.333432
2.485451
2.626149
2.686843
2.656758
2.519815
2.551076
2.540510
2.414624
2.294979
2.587217
2.639249
2.451620
2.031026
1.883937
1.735350
1.651394
1.563017
1.546568
1.707007
1.748440
1.661569
1.446027
1.380950
1.647799
1.967007
2.314034
2.634682
2.785015
2.620414
2.290151
1.933350
1.606060
1.322137
1.083835
0.910267
0.741582
0.578311
0.455922
0.550043
0.647377
0.753435
0.830529
0.834341
0.761753
0.639865
0.533966
0.644512
0.761551
0.801134
0.882904
0.925774
0.876758
0.784046
0.637689
0.479376
0.450186
0.467904
0.521420
0.765552
1.067371
1.370531
1.611253
1.613590
1.374791
1.072923
0.773642
0.695247
0.849568
0.989386
1.033603
0.909172
0.698499
0.747612
0.800892
0.833681
0.921121
1.016273
1.109400
1.255746
1.309878
1.306540
1.251619
1.147759
1.033948
1.006637
0.964420
1.004831
1.117560
1.177671
1.240634
1.240651
1.162136
1.045818
1.087453
1.432778
1.846486
2.296558
2.678604
2.893167
3.343690
2.866395
2.187963
1.770879
1.973290
1.992456
1.785929
1.592507
1.672277
1.616221
1.455505
1.300402
1.288885
1.344838
1.406111
1.444406
1.441770
1.399830
1.365423
1.362295
1.465230
1.480943
1.387926
1.510386
1.724714
1.877278
1.893925
1.793615
1.809988
1.836551
1.922847
2.225294
2.568071
2.984381
3.435342
3.848525
4.032928
3.879191
3.501410
3.092414
2.710845
2.349801
2.153275
2.447800
2.728002
2.878144
2.822604
2.635394
2.352236
2.171842
2.157679
1.986590
1.793734
1.876205
2.100848
2.353789
2.619425
2.841825
2.974941
2.884665
2.674919
2.411515
2.163479
1.950345
1.785479
1.869319
2.031185
2.204599
2.274943
2.207201
2.092768
1.933478
1.772426
1.594106
1.402027
1.401044
1.768741
2.031963
2.038024
2.005327
2.374047
2.779603
3.225796
3.699261
4.103905
4.315323
4.139167
3.747586
3.591637
3.338934
2.911268
2.471994
2.241115
2.120251
2.494909
2.756987
2.672141
2.312645
2.094663
1.954208
1.970605
2.496204
3.221626
4.349569
5.642242
6.113925
6.226725
6.251663
6.261473
6.239671
6.162051
5.929784
5.493178
4.952754
4.831101
4.743063
4.619297
4.371710
3.796790
2.839257
2.217368
1.997877
2.040520
1.830442
1.516219
1.184242
0.893926
0.878876
0.748161
0.637851
0.538848
0.536744
0.608511
0.768035
0.877732
0.960640
1.004647
0.992378
0.961947
1.026794
1.106673
1.182836
1.282912
1.375549
1.405021
1.514647
1.630617
1.739908
1.819800
1.949464
2.098384
2.230678
2.320713
2.357557
2.290416
2.140674
1.990655
1.931953
1.925766
2.060045
2.234033
2.443490
2.684681
2.919944
3.071765
3.053643
2.906697
2.700968
2.477318
2.291580
2.467877
2.604274
2.595911
2.472909
2.251742
2.043395
2.118731
2.354087
2.593441
2.836506
3.089103
3.341372
3.537771
3.561516
3.468624
3.257707
3.229206
3.064403
2.840798
2.584122
2.466474
2.494063
2.408954
2.309527
2.276025
2.445529
2.585737
2.616135
2.652706
2.940282
3.227860
3.490617
3.560749
3.480503
3.368251
3.823503
4.179090
4.218455
4.478443
4.999449
5.541176
6.110693
6.718028
7.389158
8.038144
8.459146
8.855481
9.606116
10.355183
10.936399
11.259260
11.002941
10.515341
9.960915
9.356984
9.109100
9.991969
10.997623
12.137883
13.277068
14.404217
14.857426
14.325303
13.096141
11.795125
10.583688
9.500232
8.527075
7.780469
7.698182
7.627823
7.856510
7.746355
7.301847
7.303817
7.349818
7.014239
6.738461
6.488738
6.438940
6.539892
6.363263
6.051089
5.628279
5.235443
4.963548
4.866147
5.205179
5.574284
5.920815
6.164278
6.148828
5.881534
5.512488
5.252213
5.228257
4.968515
4.689607
4.599642
4.626721
4.717030
4.780160
4.669881
4.526635
4.440916
4.502307
4.354401
4.096978
4.214288
4.472211
4.645940
4.734921
4.614049
4.357660
4.280624
4.648081
4.930186
5.254836
5.549346
5.720520
5.712774
5.531363
5.237179
4.994030
4.808759
4.476114
4.326200
4.616551
4.905297
5.087874
5.145951
5.039032
4.823040
4.609974
4.519851
4.521077
4.502786
4.353174
4.107525
3.924406
3.973010
4.014340
4.063214
3.936207
3.719123
3.776254
4.292438
4.811293
5.041867
4.589656
3.818053
3.056305
2.533568
2.551551
2.572793
2.503409
2.337450
2.182568
2.035668
2.039100
2.177144
2.131068
1.823561
1.810193
1.731108
2.066900
2.385070
2.553979
2.484859
2.251495
1.918103
1.598165
1.580400
1.819974
2.097198
2.361641
2.588052
2.674308
2.631036
2.414305
2.160840
2.377365
2.656035
2.897445
3.220823
3.464403
3.643809
3.579600
3.412065
3.094904
2.765465
2.457297
2.171292
1.921915
1.731802
1.785902
2.019742
2.334837
2.710164
3.129769
3.551132
3.949239
4.076597
3.940776
3.537663
3.064789
2.636757
2.239502
1.888085
1.581346
1.324737
1.592845
1.980641
2.360766
2.553603
2.943227
3.575386
4.328800
5.191071
6.061559
6.728177
6.713546
6.048800
5.197947
4.364532
3.749820
3.305569
2.755339
2.253679
1.851510
1.527400
1.595865
1.654274
1.472669
1.383209
1.384603
1.345259
1.929340
2.219852
2.214719
1.894079
1.748483
1.930986
2.136603
2.373720
2.593531
2.736546
2.782535
2.714782
2.584358
2.423871
2.266240
2.522572
3.012187
3.429508
3.724344
3.826293
3.752566
3.453537
3.022148
2.478214
1.894043
1.614867
1.474237
1.336956
1.126943
1.098927
1.198373
1.262576
1.265691
1.174699
1.042978
0.896985
0.774897
0.676606
0.604326
0.645589
0.794648
1.098082
1.259223
1.193926
0.958477
0.681463
0.709950
0.833676
0.986684
1.152203
1.246946
1.250273
1.141779
1.001533
0.860645
0.733146
0.624085
0.532664
0.483073
0.525150
0.527255
0.476854
0.418362
0.391889
0.454482
0.519501
0.585165
0.642155
0.677108
0.719746
0.829765
0.955557
1.096422
1.238186
1.323575
1.348524
1.265421
1.122467
0.978188
0.899775
1.073382
1.229960
1.305102
1.251558
1.108212
1.112193
1.300309
1.916500
2.234120
2.227324
2.429457
2.708838
2.824790
2.683379
2.437033
2.111027
1.832036
2.650899
3.144547
3.330359
3.371799
3.404191
3.374341
3.280559
3.218814
3.141028
3.595321
4.284616
4.887050
5.045588
4.678468
4.063079
3.421733
2.952914
3.279962
3.740086
3.872825
3.765117
3.341389
2.931327
3.017902
3.120499
2.919152
2.438683
2.338975
2.273193
2.717590
3.369764
4.346474
4.954473
4.283209
3.235376
2.470661
1.851847
1.348734
0.944798
0.722132
0.563432
0.501642
0.518929
0.690590
0.757349
0.676261
0.533973
0.351842
0.333934
0.340711
0.340152
0.380719
0.386634
0.336257
0.258077
0.230244
0.299060
0.384077
0.482821
0.593632
0.708281
0.811300
0.841100
0.797166
0.713906
0.616404
0.517331
0.419973
0.332363
0.256757
0.230166
0.229052
0.193225
0.108646
0.088858
0.089241
0.132687
0.184655
0.244687
0.291258
0.335364
0.391546
0.399990
0.363406
0.293803
0.220517
0.178233
0.198709
0.229686
0.283833
0.352551
0.414803
0.440537
0.417298
0.396170
0.357736
0.359038
0.344258
0.286230
0.267170
0.247803
0.215318
0.206435
0.180650
0.142258
0.098978
0.064093
0.038541
0.019028
0.018206
0.087447
0.217142
0.419274
0.704400
1.088866
1.615159
2.125762
2.116019
1.644035
1.505582
1.703897
1.874355
2.461919
3.204125
3.573199
3.726024
3.765373
3.739279
3.586581
3.217151
2.386774
1.662222
1.166203
0.826101
0.539610
0.314993
0.156061
0.056473
0.007649
0.004658
0.027300
0.058696
0.096236
0.168751
0.248485
0.324283
0.406313
0.515752
0.679824
0.890498
1.131428
1.340162
1.424096
1.271161
1.035396
0.793292
0.583396
0.412972
0.277292
0.169768
0.093166
0.041157
0.078954
0.131336
0.205258
0.303622
0.429631
0.581470
0.727936
0.828243
0.805958
0.674875
0.538355
0.416099
0.338402
0.297616
0.238943
0.186126
0.229974
0.308859
0.375359
0.423766
0.419914
0.350178
0.266305
0.229530
0.216004
0.165994
0.113249
0.069247
0.039771
0.025440
0.043320
0.053669
0.112980
0.179921
0.222068
0.248490
0.373549
0.594966
0.889950
1.258208
1.714048
2.252053
2.779663
3.049022
2.829709
2.285297
1.731067
1.264017
0.893497
0.602183
0.372397
0.363588
0.498934
0.694571
0.907583
1.033763
0.997327
0.850654
0.664246
0.668599
0.602752
0.474299
0.325502
0.201228
0.279004
0.417953
0.589655
0.703218
0.689583
0.951073
1.518226
2.130274
2.382586
2.448189
2.444309
2.377848
2.125420
1.525048
1.096995
0.791281
0.665772
0.499557
0.543867
0.861225
1.229135
1.351285
1.166672
0.707429
0.392210
0.187260
0.062810
0.007607
0.000000
0.000000
0.000000
0.000000
0.000000
0.000000
0.000000
0.000000
0.000000
0.000000
0.000509
0.000016
0.000000
0.000000
0.000000
0.000000
0.000000
0.001231
0.004568
0.006520
0.006772
0.006746
0.007064
0.006863
0.006535
0.005357
0.001503
0.000000
0.000000
0.000000
0.000000
0.000000
0.000000
0.000000
0.000000
0.000000
0.000108
0.001205
0.001350
0.000092
0.000000
0.000000
0.000000
0.000000
0.000000
0.005481
0.053770
0.173011
0.402201
0.802462
1.024411
1.078906
1.044557
1.019137
0.953966
0.945708
0.899334
0.758786
0.460501
0.191916
0.083238
0.175049
0.285789
0.328989
0.397472
0.420227
0.327707
0.248998
0.239525
0.268237
0.379933
0.650629
1.090307
1.329771
1.381809
1.312747
1.035497
0.740740
0.816796
0.979623
0.953155
0.950495
1.041649
1.161425
1.205860
1.102322
0.934313
0.867554
0.913913
0.979835
1.114239
1.187257
1.091007
1.013099
1.071202
1.174896
1.165659
1.102503
1.131179
1.334959
1.477590
1.552330
2.019767
2.514201
2.903957
3.109406
3.698790
4.355145
4.856227
5.480280
5.806031
5.494348
4.670705
3.778445
2.997803
2.361894
1.922903
1.820812
2.027375
2.248937
2.445149
2.511040
2.558147
2.560987
2.320000
2.284049
2.044374
1.685426
1.500669
1.803001
2.051469
2.059448
2.160808
2.315666
2.316930
2.320300
2.266091
2.256206
2.374049
2.523747
2.525962
2.639337
3.037014
2.968634
3.359443
3.783549
4.201155
4.534354
4.600221
4.415071
4.159897
4.115090
3.896079
3.575979
3.217773
2.874899
2.552769
2.509885
2.696095
2.739077
2.632764
2.638791
2.824252
2.962112
3.394681
3.886586
4.350127
4.541580
4.386518
4.014390
3.563318
3.459049
3.668675
3.699901
3.566002
3.605168
4.172243
4.882771
5.716806
6.650839
7.682256
8.701036
9.513742
9.521256
8.728100
7.721053
6.787572
6.016110
5.247538
4.642828
4.181403
3.838712
3.743473
3.541087
3.405842
3.517627
3.872914
4.271693
4.521811
4.343739
3.995772
3.557965
3.330668
3.654562
4.119982
4.619861
5.126405
5.530158
5.609028
5.306913
4.831774
4.312465
3.820733
3.361426
3.310451
3.327822
3.159720
2.931082
2.679223
2.721599
2.856157
2.863270
2.731658
2.865444
3.160795
3.491173
3.827073
4.170555
4.498658
4.764367
4.896161
4.721673
4.407645
3.996063
3.588051
3.212000
2.881924
2.748371
2.838463
2.791612
2.878440
3.563752
4.460294
5.323338
5.641411
5.446483
4.593501
3.481224
2.704336
2.288785
2.496039
2.656668
2.739710
2.718036
2.574247
2.397167
2.175875
2.013575
2.226421
2.403930
2.515607
2.465068
2.840181
3.335315
3.848770
4.309223
4.658361
4.606750
4.232545
3.715425
3.217984
3.351786
3.556250
3.612859
3.474838
3.324540
3.663255
3.896109
4.082847
4.250097
4.314284
4.286856
4.304262
4.564173
4.568296
4.374447
4.002216
3.734253
3.530756
3.300767
3.317077
3.458522
3.464357
3.356463
3.163266
2.917697
2.676339
2.489527
2.475703
2.587869
2.741863
2.920938
2.996458
3.072961
3.076145
2.970572
2.943170
3.382291
3.764616
3.855833
3.576828
3.150243
2.677989
2.548716
2.783987
3.013169
3.117991
3.066788
2.864150
2.796894
2.849438
2.879698
2.843445
2.716319
2.688374
2.729415
2.889478
2.964226
2.981505
3.005723
2.992202
2.898094
2.741343
2.898177
2.948910
2.993741
3.208354
3.430677
3.511957
3.550609
3.585347
3.482812
3.240241
2.943702
2.643367
2.617446
2.857615
3.070461
3.203867
3.305202
3.333057
3.208535
2.973436
2.837990
3.047332
3.171216
3.290751
3.311842
3.304847
3.488705
3.752552
4.040108
4.324586
4.261620
4.013494
3.712898
3.421837
3.485417
3.968632
4.795045
5.431408
5.432280
4.842218
4.149983
4.094388
4.071104
4.587829
5.004100
5.789342
6.550740
7.276277
7.633459
7.779290
7.336076
6.581042
6.294683
5.962534
6.022882
6.506339
7.168672
7.549283
7.730807
7.700839
7.228024
6.605180
7.507548
6.607353
6.816659
6.867728
6.834390
7.430650
7.896397
7.934690
7.467385
6.871738
6.645419
6.585949
6.461335
6.589746
6.349536
6.082509
5.989760
6.164795
6.484880
7.073525
7.210798
6.865374
6.161354
5.485808
5.890778
6.346475
6.849300
7.359540
7.859883
8.307437
8.498901
8.324539
7.912275
7.400405
7.392556
7.968320
8.580788
9.076401
9.104935
8.647215
8.048452
7.491417
7.126392
6.963241
6.578393
6.107388
5.611848
5.111784
4.567908
3.908864
3.041948
2.314909
2.200420
1.972746
1.681187
1.482310
1.527609
1.574084
1.642246
1.521336
1.348940
1.436949
1.623785
1.720156
1.699019
1.558123
1.337394
1.091855
1.320508
1.597329
1.902771
2.227317
2.577701
2.939742
3.171842
2.830931
2.548848
2.288760
1.667178
1.025434
0.644767
0.623471
0.553472
0.508514
0.448625
0.340758
0.236695
0.144807
0.062887
0.014982
0.000028
0.009994
0.048017
0.099560
0.097246
0.050883
0.071760
0.099921
0.148547
0.149500
0.098883
0.058163
0.041858
0.142170
0.316471
0.577028
0.934070
1.377698
0.000000
0.000000
0.000000
0.000000
0.000000
0.000000
0.000000
0.000000
0.000000
