track	type=wiggle_0
fixedStep	chrom=chr	start=1	step=1
0.000000
0.000000
0.000000
0.000000
0.000000
0.000000
0.000000
0.000000
0.000000
0.007697
0.088798
0.243378
0.321581
0.358220
0.378851
0.391202
0.379189
0.541206
0.621329
0.696290
0.800035
0.829431
0.809201
0.705407
0.592789
0.381327
0.132023
0.045597
0.037353
0.027610
0.088551
0.114490
0.092183
0.056405
0.114802
0.164906
0.110978
0.042613
0.013930
0.002137
0.004496
0.028177
0.069488
0.083925
0.179326
0.346149
0.389357
0.345025
0.345425
0.421486
0.651717
0.968516
1.094105
1.129834
1.137971
1.127782
1.083227
0.927398
0.590043
0.338435
0.164853
0.058139
0.008761
0.001394
0.000033
0.003410
0.024892
0.068502
0.132868
0.201525
0.235057
0.204528
0.155999
0.185924
0.177143
0.154317
0.144536
0.234036
0.315335
0.355620
0.315811
0.475783
0.718724
1.043556
1.451389
1.946081
2.610053
3.698835
4.202469
4.342225
4.366066
4.342225
4.199834
3.664566
2.563843
2.073555
1.937936
1.706300
1.757122
2.523153
2.981437
2.983701
2.500728
1.797861
1.379790
1.567663
1.824676
1.915133
1.761892
1.485748
1.187991
0.921584
0.697466
0.590853
0.615267
0.830115
0.915984
0.830385
0.663691
0.790396
0.899461
0.939144
0.857055
0.738215
0.609704
0.494141
0.394421
0.306080
0.230614
0.171396
0.131148
0.089373
0.056595
0.049446
0.062556
0.079616
0.091478
0.083737
0.057001
0.032234
0.013961
0.004912
0.002607
0.004357
0.002188
0.000000
0.000000
0.000000
0.000000
0.000000
0.000000
0.000000
0.000000
0.000000
0.000000
0.000000
0.000000
0.000000
0.000000
0.000000
0.000000
0.000000
0.000000
0.000000
0.016576
0.058271
0.123839
0.176460
0.240166
0.302727
0.412883
0.492398
0.483547
0.506462
0.486208
0.527624
0.599551
0.685043
0.776005
0.862864
0.904824
0.895369
0.874390
0.973200
1.047450
1.056827
1.001722
0.932239
0.869233
0.930525
1.043348
1.082678
0.953946
0.999968
1.058064
1.132165
1.144038
1.115380
1.175357
1.268081
1.335278
1.336528
1.271719
1.168146
1.055092
0.910880
0.770544
0.855313
0.949087
1.008497
1.001572
0.928108
0.836152
0.736185
0.643000
0.559035
0.626788
0.737895
0.860459
0.993760
1.137812
1.293175
1.462609
1.644970
1.844171
2.051396
2.258964
2.475894
2.679199
2.789187
2.719737
2.555496
2.712424
2.950368
3.204875
3.470295
3.749153
4.046386
4.357322
4.660709
4.893315
4.989754
4.854377
4.605804
4.303717
3.993578
3.701081
3.499096
3.680514
3.679422
3.959041
4.276679
4.651671
4.970004
5.155904
5.551076
5.829734
6.339635
7.021037
7.780511
8.614942
9.475231
10.227066
10.629016
10.244551
10.629347
10.415202
9.709146
8.871259
9.475147
10.194065
10.996397
11.829508
12.634807
13.315963
13.506688
13.318406
12.669726
12.049504
12.552077
12.905287
12.684125
12.090446
11.244349
10.409990
11.310187
12.143936
12.370427
12.021770
11.175368
10.229731
9.572657
9.831404
10.054711
10.600937
11.187414
11.799812
12.416650
12.957428
13.213256
13.142499
12.744094
12.999673
13.377493
13.526895
13.172147
12.632687
11.987663
11.947922
12.326605
12.364496
12.096452
12.468286
12.833016
12.855791
12.536756
12.589981
12.801761
12.715040
12.291219
11.774672
11.221403
10.886408
11.027672
11.191475
10.999308
10.561251
10.027612
9.489982
9.444992
9.721636
9.996798
9.847240
9.497675
9.808661
9.939771
9.666803
9.215546
8.670424
8.300661
8.296700
8.067479
8.194810
8.243004
8.164834
7.850163
7.338037
6.838928
6.591630
6.449357
6.224898
6.843529
7.406581
7.647834
7.581132
7.523521
7.747622
7.886955
7.866053
7.712783
7.755715
7.630053
7.377374
6.875351
6.686965
6.614471
6.515156
7.026888
7.624811
8.261481
8.681211
9.004224
9.184894
9.172572
8.968143
8.628718
8.146000
7.589182
6.879564
6.901404
7.247553
7.601038
7.918748
8.082154
8.053290
7.836342
7.572053
7.665879
7.665879
7.555069
7.144103
7.294668
7.438053
7.409791
7.192898
6.909485
6.615497
6.389082
6.068373
6.182922
6.240139
6.185843
6.068610
5.840556
5.556263
5.720599
6.149653
6.338293
6.374828
6.273080
5.974811
5.677086
5.481434
5.232939
4.965928
4.639592
4.414917
4.171409
3.934731
3.716516
3.500152
3.330549
3.422977
3.486932
3.625687
3.653407
3.567283
3.392311
3.210047
3.020686
3.157184
3.325796
3.329299
3.177089
2.970775
2.806130
2.670639
2.500837
2.566644
2.804133
2.997059
3.103239
3.028214
2.845129
2.613903
2.402233
2.358325
2.300354
2.501150
2.698068
2.866137
2.899757
2.808186
2.896425
2.973729
2.910706
2.760561
2.579005
2.358730
2.145416
2.185999
2.450560
2.645262
2.608116
2.385392
2.091784
2.047891
2.269082
2.291429
2.111776
1.950255
2.293399
2.687198
3.053802
3.282735
3.136678
3.029438
2.713753
2.300805
2.178268
2.158828
1.998713
2.014117
2.311871
2.608190
2.885384
3.103225
3.193894
3.243325
3.256979
3.434086
3.853790
4.021193
4.060343
4.016854
3.832008
3.380735
3.044576
3.130003
3.130141
2.856639
2.445351
2.897159
3.421205
3.980460
4.569753
5.061250
5.089722
4.646756
4.075382
3.468999
2.917721
2.434477
2.983284
3.478010
3.522691
3.101571
2.608631
2.307688
1.918715
1.605325
1.456200
1.615183
1.675645
1.602782
1.580210
1.640437
1.576207
1.377146
1.163324
0.987484
1.107512
1.207279
1.229743
1.173057
1.044532
0.909817
0.785677
0.672190
0.585065
0.670149
0.733057
0.717021
0.669294
0.746859
0.805433
0.782075
0.707304
0.751653
0.734981
0.741270
1.052873
1.441663
1.904401
2.354065
2.561559
2.478935
2.096921
1.692605
1.269497
0.911469
0.627093
0.409405
0.247723
0.128537
0.050850
0.067889
0.109315
0.133880
0.116555
0.079301
0.103390
0.171586
0.261477
0.372306
0.505567
0.644789
0.764721
0.771713
0.668054
0.525515
0.389099
0.275197
0.182520
0.110228
0.109691
0.129335
0.180606
0.284208
0.442406
0.647808
0.908570
1.228122
1.614613
2.079876
2.629263
3.256365
4.014506
4.919545
6.046001
7.783378
9.174088
9.174093
7.798393
6.092876
4.973259
4.064365
3.294065
2.636895
2.084345
1.618411
1.231300
0.911382
0.650773
0.445236
0.284712
0.164640
0.080503
0.028785
0.002948
0.000000
0.000000
0.000000
0.000000
0.000000
0.000000
0.000000
0.000000
0.000000
0.000000
0.000000
0.000000
0.000000
0.000000
0.000000
0.000000
0.000000
0.000000
0.000000
0.000000
0.000000
0.000000
0.000000
0.000000
0.000000
0.000000
0.000000
0.000000
0.000000
0.000000
0.000000
0.000000
0.000000
0.000000
0.000043
0.001800
0.007265
0.017088
0.026881
0.029734
0.023159
0.013692
0.005842
0.001443
0.008921
0.060648
0.107183
0.136649
0.150581
0.156429
0.145950
0.102797
0.059140
0.096500
0.140718
0.181167
0.201781
0.252381
0.305790
0.368610
0.444233
0.518528
0.560215
0.548966
0.479538
0.400931
0.331484
0.274525
0.226410
0.201772
0.262803
0.319426
0.349915
0.332387
0.276027
0.223792
0.291470
0.367088
0.428673
0.534489
0.643261
0.759853
0.892250
1.017403
1.090586
1.090197
1.163488
1.357144
1.517759
1.639825
1.698718
1.691633
1.898418
2.115144
2.345339
2.581445
2.770458
2.789670
2.688138
3.075027
3.509682
3.985209
4.489500
5.045285
5.666118
6.347982
7.092832
7.843180
8.399374
8.583083
8.247887
7.634575
7.101949
6.444014
6.447516
6.798233
7.239495
8.172322
9.258821
10.355520
11.123191
11.363903
10.827837
10.018902
9.526649
9.609936
10.834866
11.975209
12.598542
11.968210
10.805882
9.722908
8.725987
7.767588
6.928528
7.238323
7.805715
8.121853
7.959888
7.418959
6.790039
6.762076
7.437174
7.991893
8.414222
8.391251
7.863571
7.141570
6.379598
6.108419
6.614374
7.046166
7.487976
8.056537
8.618863
9.063885
9.361503
9.331984
8.927658
8.458147
7.947444
7.457319
7.014776
6.593624
6.276687
6.091506
5.966749
6.170856
6.285044
6.129022
5.764320
5.595768
5.612260
5.831033
5.869596
5.714711
5.551601
5.380567
5.121590
4.883901
4.972268
4.894391
5.558881
6.232915
6.733729
6.708484
6.153378
5.439207
4.721705
4.070446
3.571717
3.591630
3.757098
3.947346
4.001508
3.923609
3.572491
3.295755
3.314564
3.240641
3.074826
2.878349
2.680357
2.491413
2.323984
2.226683
2.136290
1.972411
1.865609
1.773925
1.625818
1.667289
1.743819
1.763175
1.710440
1.596297
1.394566
1.304924
1.360176
1.394019
1.369955
1.339985
1.429025
1.403878
1.379207
1.295970
1.270126
1.219587
1.240666
1.307291
1.354555
1.332098
1.305128
1.196735
1.080288
0.957325
0.835058
0.731465
0.680091
0.504768
0.475559
0.398278
0.276030
0.250554
0.233102
0.247033
0.276055
0.334715
0.426333
0.522211
0.622840
0.450692
0.231921
0.158528
0.225900
0.296088
0.432958
0.494348
0.416226
0.271830
0.150224
0.072054
0.028865
0.016866
0.006648
0.002753
0.001740
0.000368
0.004253
0.012721
0.016016
0.009877
0.002083
0.002009
0.004318
0.004052
0.003247
0.006071
0.016575
0.028534
0.036246
0.037363
0.077231
0.180760
0.336347
0.533380
0.645646
0.775891
0.913203
1.036902
1.123908
1.178719
1.277749
1.351415
1.374984
1.329873
1.251033
1.149351
1.048273
0.945958
0.831333
0.753566
0.773759
0.822025
0.819562
0.775206
0.702754
0.617123
0.529857
0.430851
0.428223
0.491759
0.575918
0.654467
0.723025
0.767362
0.754239
0.690043
0.593458
0.591163
0.675443
0.725140
0.711308
0.766089
0.668439
0.509033
0.474252
0.615451
0.872940
1.126032
1.357297
1.371112
1.125227
0.799551
0.519495
0.314196
0.225485
0.274137
0.333040
0.407862
0.500966
0.610139
0.732680
0.871466
1.025485
1.187236
1.350027
1.504055
1.627573
1.715021
1.875084
2.053579
2.161360
2.255388
2.371903
2.370034
2.355952
2.641725
2.986716
3.326952
3.684484
4.087804
4.506958
4.908778
5.137588
5.070572
4.747178
4.320522
4.282176
4.172311
3.900399
4.277400
4.790573
5.391744
6.037310
6.677270
7.179979
7.206732
6.755346
6.135044
5.512980
4.952574
4.427295
3.946097
3.542535
3.358142
3.099818
2.832043
2.746555
2.554034
2.287136
2.019082
1.816862
1.913821
1.940623
1.846660
1.657505
1.579664
1.536305
1.445397
1.376634
1.466814
1.530830
1.512023
1.438635
1.353979
1.446294
1.493676
1.617801
1.708313
1.705039
1.623251
1.524082
1.354274
1.196958
1.104430
1.163792
1.147026
1.208646
1.201375
1.099121
0.966875
1.060428
1.151920
1.268343
1.361332
1.397131
1.343270
1.215478
1.080039
0.952350
0.835228
0.795334
0.853449
0.833697
0.748532
0.643743
0.689313
0.814407
0.951056
1.054647
1.071365
0.988809
0.908906
1.000075
1.044747
1.059369
1.193109
1.360659
1.490730
1.504584
1.410694
1.257900
1.089210
0.939504
0.815229
0.885258
1.226852
1.639698
2.130638
2.707511
3.388827
4.122494
4.764193
4.788606
4.203909
3.505624
2.816698
2.280722
1.935336
1.703929
1.352763
1.023580
0.834534
1.063440
1.330048
1.631678
1.941714
2.172914
2.397723
2.622646
2.604765
2.323363
1.979472
1.630153
1.322067
1.375170
1.453769
1.521939
1.370862
1.109937
1.058313
1.417572
1.839229
2.408549
3.134976
4.254497
5.532465
6.003811
6.127375
6.163785
6.177493
6.151805
6.022324
5.541487
4.298203
3.203835
2.460366
1.879691
1.399649
1.016596
0.733557
0.735084
0.753657
0.621615
0.450461
0.288998
0.161320
0.105528
0.107413
0.092011
0.065709
0.049504
0.068556
0.134607
0.210119
0.230160
0.191278
0.144522
0.145481
0.165795
0.197689
0.228985
0.263621
0.350816
0.436367
0.484544
0.488561
0.447673
0.371173
0.349673
0.410612
0.475215
0.544692
0.617485
0.690414
0.751248
0.777649
0.879814
1.128437
1.264791
1.311047
1.194620
1.026486
0.766661
0.606036
0.578711
0.516951
0.438038
0.358955
0.322221
0.337434
0.356330
0.342830
0.297295
0.300611
0.262585
0.323938
0.410724
0.608904
0.857707
1.166388
1.539100
1.981363
2.508866
3.120377
3.817374
4.526843
4.992454
4.994163
4.521145
3.793739
3.083594
2.490018
2.008454
1.571013
1.217163
1.017504
1.200541
1.401913
1.671075
1.993664
2.439746
2.723061
3.066747
3.313535
3.400647
3.281498
3.392626
3.638227
4.130068
4.667722
5.189740
5.631103
5.992356
6.215604
6.618565
7.244807
7.889014
8.437174
8.682618
8.540469
7.998284
7.354562
6.722831
6.118567
5.570939
5.472922
6.003097
6.343615
6.354484
7.551665
9.450129
11.292189
11.821022
11.276840
9.397727
7.452698
6.186775
5.315306
4.672948
4.099604
4.216675
4.451665
4.506537
4.307640
4.042935
4.006561
3.854793
3.603297
3.366469
3.221778
3.192456
3.015508
2.965202
3.152773
3.252687
3.176028
3.076471
3.021173
2.826988
2.616214
2.562002
2.390496
2.162883
1.990420
1.956248
1.947173
1.819263
1.961928
2.258733
2.598747
2.939595
3.105313
3.080878
2.847085
2.533459
2.226206
2.350530
2.588631
2.817331
3.017900
3.104814
3.089425
2.957392
2.857577
3.088028
3.387955
3.645707
3.892947
4.085563
4.181639
4.116073
3.912023
3.661652
3.440206
3.255220
3.227712
3.335226
3.230694
3.144314
3.093200
3.273540
3.767835
3.504829
3.224939
3.113541
3.224414
3.217295
3.090929
3.130900
3.323706
3.540879
3.703162
3.678623
3.542013
3.314190
3.086268
2.897881
2.710787
2.522320
2.334915
2.138658
2.210950
2.190022
2.064647
1.893448
1.723085
1.568634
1.423393
1.291040
1.221536
1.162596
1.063316
1.182180
1.338526
1.475351
1.620408
1.697287
1.619853
1.712875
1.740721
1.773060
1.729532
1.942090
2.197475
2.440721
2.566551
2.675884
2.604963
2.736579
2.737251
2.655392
2.653009
2.517740
2.240849
1.970547
1.820610
1.893860
1.969891
2.160841
2.485725
2.849710
3.107204
3.161990
2.971414
2.717123
2.396041
2.099482
1.863966
1.634928
1.494627
1.597221
1.672669
1.619725
1.449041
1.249081
1.068364
0.943042
1.156384
1.458309
1.790516
2.081006
2.223447
2.082028
1.774821
1.423077
1.129628
0.896867
0.969538
1.336395
1.784927
2.328839
2.974097
3.725440
4.612888
5.634847
6.698449
7.783803
7.763536
6.611064
5.524115
4.532351
3.676059
2.955813
2.414951
2.366877
2.351758
2.102956
1.717672
1.350497
1.020535
0.741252
0.681622
0.711685
0.732184
0.782015
1.000463
1.125502
1.074499
0.955779
0.834007
0.878501
0.943407
0.944380
0.884923
0.802566
0.731285
0.777592
0.807539
0.767971
0.682045
0.590184
0.505296
0.430549
0.368843
0.359677
0.342958
0.271346
0.211888
0.171921
0.158951
0.133891
0.081588
0.051597
0.047443
0.037244
0.044710
0.069221
0.145108
0.203293
0.309180
0.291335
0.179596
0.205408
0.210963
0.178788
0.244237
0.318509
0.348267
0.331245
0.250727
0.166728
0.114506
0.108309
0.094581
0.073683
0.081725
0.072359
0.049173
0.049218
0.050209
0.049839
0.080406
0.101196
0.112393
0.114366
0.107197
0.094625
0.070427
0.068659
0.099693
0.108480
0.093193
0.060333
0.056417
0.152933
0.293954
0.458193
0.562621
0.601109
0.550324
0.402162
0.307415
0.238021
0.235672
0.232904
0.224146
0.208858
0.253509
0.367527
0.425128
0.508811
0.627030
0.769255
0.923044
1.181860
1.531961
1.963173
2.476302
3.024220
3.549455
3.733875
3.535428
3.032984
2.582355
2.344473
2.505889
2.568653
2.508411
2.458014
2.599757
3.190763
3.747679
4.085625
3.892792
3.439796
3.366162
3.211603
2.818722
2.597684
2.167794
2.275310
2.348323
2.220481
1.900273
1.835940
1.936044
1.915088
1.778095
1.493222
1.215027
1.037151
1.155781
1.114531
0.954131
0.765738
0.576103
0.411595
0.285276
0.271120
0.241215
0.198969
0.147105
0.093716
0.048823
0.014871
0.019758
0.091421
0.221154
0.381850
0.514084
0.514061
0.373690
0.295036
0.335815
0.312814
0.218445
0.122177
0.034534
0.024127
0.040923
0.049176
0.061182
0.081212
0.085219
0.111874
0.140463
0.161602
0.182217
0.239113
0.312170
0.382766
0.438655
0.435274
0.370291
0.290283
0.219397
0.238515
0.292803
0.323856
0.308562
0.256611
0.201671
0.157620
0.106351
0.067543
0.037117
0.015713
0.006461
0.026812
0.059731
0.095116
0.099416
0.068110
0.032060
0.007497
0.016712
0.018670
0.010797
0.001224
0.000000
0.000000
0.000000
0.000000
0.000000
0.000000
0.000000
0.000000
0.000000
0.020441
0.086308
0.127007
0.141267
0.150993
0.167960
0.204846
0.324479
0.576858
0.922623
1.209100
1.367787
1.447296
1.682645
2.189907
2.668697
2.877766
2.714631
2.847627
3.543141
4.426935
5.368558
5.375691
4.418467
3.448411
2.664176
2.022299
1.489789
1.057973
0.725519
0.494006
0.302788
0.155591
0.060896
0.014879
0.000032
0.001405
0.006154
0.001839
0.001026
0.004974
0.009112
0.022980
0.026622
0.013602
0.000500
0.000000
0.000000
0.000000
0.000000
0.000000
0.000000
0.000000
0.005424
0.025558
0.051584
0.067978
0.047196
0.124668
0.255880
0.500476
0.884116
1.196490
1.481180
1.498455
1.278851
1.136493
1.040280
0.951925
0.793983
0.510589
0.239743
0.261471
0.323889
0.361585
0.332565
0.270920
0.211212
0.175973
0.142676
0.094988
0.059495
0.065468
0.060301
0.042693
0.025647
0.027521
0.018848
0.005417
0.000000
0.000422
0.004640
0.025301
0.046330
0.052063
0.050710
0.042329
0.026491
0.088076
0.211983
0.365340
0.433469
0.381822
0.517552
0.891465
1.267950
1.441606
1.503999
1.534490
1.527704
1.478782
1.359776
1.162406
1.397812
1.794669
2.090878
2.047830
1.670069
1.280791
1.266156
1.378814
1.434148
1.458356
1.459139
1.435845
1.650668
1.557827
1.300197
0.992482
0.860994
1.074366
1.287222
1.470867
1.625511
1.593259
1.360059
1.085605
1.078677
1.319883
1.546193
1.848989
2.225768
2.492985
2.486467
2.214730
1.792702
1.383147
1.032458
0.737204
0.895426
1.219185
1.517601
1.970709
2.607998
3.480072
4.577814
4.909934
4.525171
3.402602
2.489412
1.811785
1.280497
0.864310
0.545084
0.353305
0.431730
0.432511
0.375420
0.312979
0.283508
0.305238
0.354120
0.428701
0.484615
0.471375
0.387164
0.287588
0.224852
0.251171
0.366531
0.532757
0.562183
0.588860
0.653887
0.653441
0.617894
0.606452
0.590691
0.552476
0.557904
0.609056
0.659210
0.629008
0.552192
0.525727
0.631840
0.732962
0.768263
0.738308
0.649603
0.602067
0.818482
1.128557
1.503951
1.865995
2.080430
2.029975
1.797928
1.932529
2.010160
2.222101
2.438900
2.648228
2.619866
2.277758
1.829508
1.518336
1.690282
1.804607
1.835829
1.733342
1.577210
1.636389
1.718059
1.998519
2.391474
2.671272
2.663762
2.364503
2.017060
1.706027
1.572665
1.737690
1.929038
2.127021
2.277496
2.357893
2.251284
2.060946
1.843932
1.662156
1.502465
1.337833
1.688558
2.191273
2.663032
2.831112
2.709795
2.363035
2.105099
1.698587
1.693885
1.538813
1.196733
0.911867
0.684203
0.624738
0.733218
0.856686
0.853377
0.706235
0.536579
0.523268
0.531598
0.625370
0.698705
0.715055
0.671526
0.710494
0.700306
0.620407
0.680491
0.763019
0.812732
0.777269
0.672162
0.554656
0.446996
0.443275
0.513604
0.534000
0.475971
0.380609
0.291285
0.239105
0.265821
0.335644
0.397584
0.413222
0.366842
0.315242
0.295587
0.227405
0.228532
0.334405
0.454940
0.569501
0.568884
0.501852
0.566467
0.735866
0.860927
0.918586
0.843332
0.662415
0.629924
0.736559
0.821541
0.810518
0.720301
0.831156
1.257806
1.845914
2.526160
2.774304
2.564031
1.984144
1.621731
1.534878
1.578924
1.947228
2.152480
2.257330
2.371794
2.562481
2.607843
2.465940
2.185417
2.441310
2.429155
2.538399
2.985546
3.247777
3.469959
3.469546
3.367062
3.902098
4.487482
4.729798
4.480713
4.008118
3.526509
3.301040
3.288776
3.446179
3.848976
3.956275
3.712900
3.812292
4.247872
4.426116
4.215860
3.737561
3.260263
2.968932
2.775755
2.529711
2.393154
2.298562
2.319192
2.322239
2.166449
1.880756
1.548762
1.242710
1.339562
1.399408
1.619088
1.846246
2.073375
2.268291
2.336636
2.250805
2.294023
2.551376
2.828303
3.001988
2.973995
2.757003
2.428153
2.084416
1.779448
1.946979
2.551943
3.155860
3.375941
2.936615
2.182723
1.560622
1.071181
0.702776
0.659162
0.690606
0.758822
0.739705
0.811643
0.997941
1.073825
1.038210
1.252425
1.347412
1.273787
1.134648
1.037901
1.275879
1.418597
1.515347
1.489760
1.275393
1.181677
1.088965
0.940090
0.881231
0.823778
0.902724
1.060042
1.235655
1.366826
1.501463
1.943891
2.748667
3.462940
3.492141
2.878105
2.254415
2.391629
2.494331
2.514379
2.513117
2.677872
2.796132
2.937919
3.082714
3.114596
3.383425
3.579758
3.582871
3.427418
3.179827
2.926462
2.752417
2.778585
2.707597
2.538837
2.410908
2.428412
2.341323
2.178992
2.014533
1.830860
1.668940
1.633471
1.588636
1.588997
1.779510
2.005225
2.262531
2.428605
2.324363
2.313641
2.194290
2.156690
2.122840
2.020579
2.013336
2.062456
2.197729
2.370242
2.519154
2.679468
2.752494
2.684925
2.517181
2.321203
2.254616
2.410794
2.558543
2.652238
2.790527
2.897017
2.904659
2.775408
2.547837
2.295391
2.098738
1.940481
1.956289
2.129676
2.301414
2.437581
2.497948
2.377509
2.176972
2.290492
2.511469
2.671237
2.696780
2.526004
2.291274
2.795237
3.330821
4.013370
4.805545
5.709132
6.596603
7.263000
7.246767
6.591657
5.698676
6.347116
7.002242
7.415499
7.361561
6.832724
6.113370
6.505379
7.171399
7.769667
7.765604
7.206701
6.650333
6.321542
6.009088
5.736901
5.169227
4.502904
3.918353
4.190857
4.994256
5.337406
5.087828
4.390216
3.994490
4.014980
4.798075
5.795528
6.715297
5.895694
4.761776
4.069788
3.862539
3.747502
3.572294
3.482162
3.753581
3.966188
3.958904
3.760745
3.571831
3.730119
4.063307
4.307102
4.451011
4.357312
4.592218
4.953203
5.352034
5.742008
6.027669
6.252203
6.309743
6.234514
5.989959
5.580082
5.209240
5.368535
5.680696
5.759983
5.596809
5.283402
5.453080
5.780028
6.029278
6.071916
5.957813
5.662670
5.233613
4.789723
4.336326
4.002034
3.662238
3.310715
3.207844
2.984278
2.762245
2.552382
2.356640
2.452546
2.618464
2.690598
2.571819
2.388168
2.115806
1.781057
1.813271
1.903825
1.876564
1.639549
1.167630
0.565212
0.284927
0.219050
0.266267
0.333267
0.425532
0.506682
0.541070
0.883541
1.490033
2.059176
2.287939
2.333889
2.276465
2.039174
1.474169
0.868667
0.517612
0.273470
0.123421
0.118909
0.224294
0.350883
0.444130
0.437792
0.590005
0.852408
0.978577
0.892941
0.632781
0.382339
0.453736
0.530395
0.418536
0.361914
0.227969
0.034129
0.013825
0.002339
0.005416
0.029045
0.068361
0.092476
0.044829
0.000000
0.000000
0.000000
0.000000
0.000000
0.000000
0.000000
0.000000
0.000000
0.000000
0.013187
0.031234
0.013150
0.015680
0.060795
0.075937
0.013364
0.000000
0.000000
0.020995
0.000000
0.000000
0.000000
0.000000
0.000000
0.000000
0.000000
0.000000
0.000000
0.000000
0.000000
0.000000
0.000000
0.000000
0.000000
