track	type=wiggle_0
fixedStep	chrom=chr	start=1	step=1
0.000000
0.000000
0.000000
0.000000
0.000000
0.000000
0.000000
0.000000
0.000000
0.252897
0.348220
0.156599
0.084845
0.105178
0.156690
0.203632
0.457079
0.643702
0.608352
0.552744
0.568774
0.644179
0.617775
0.638239
0.843048
1.007809
1.349318
1.844012
2.510789
3.315806
3.638308
3.767352
3.864140
3.963413
3.977566
3.549511
2.801196
2.153033
1.615371
1.186103
0.840873
0.569780
0.360343
0.207307
0.101839
0.036321
0.005364
0.001464
0.004886
0.001911
0.000000
0.000000
0.000000
0.000000
0.000000
0.000000
0.000000
0.000000
0.000000
0.000000
0.000000
0.000000
0.000000
0.000000
0.010502
0.071743
0.098965
0.109234
0.118711
0.138177
0.177368
0.255984
0.401366
0.448648
0.461981
0.465022
0.465022
0.465022
0.457210
0.412226
0.263710
0.069766
0.036988
0.014476
0.002498
0.013252
0.050815
0.117454
0.215814
0.339773
0.447034
0.481801
0.392927
0.274988
0.349935
0.549388
0.817536
1.159101
1.577111
2.080085
2.735710
3.850991
4.370139
4.514198
4.538764
4.514198
4.367615
3.816469
2.689455
2.212763
2.070478
1.834025
1.866217
2.646707
3.120422
3.122740
2.623633
1.937216
1.512094
1.823589
2.095919
2.196970
2.037324
1.778566
1.648219
1.489655
1.255233
1.009526
1.158582
1.303943
1.368992
1.324933
1.205523
1.221136
1.367571
1.424436
1.366474
1.206796
1.039289
0.884348
0.751977
0.701295
0.816503
0.937934
1.067808
1.186609
1.264597
1.257846
1.166693
1.108533
1.224192
1.302148
1.285992
1.173241
1.041567
0.908428
0.793036
0.717905
0.680034
0.602469
0.546667
0.530284
0.507384
0.463516
0.500928
0.584332
0.674694
0.767425
0.853768
0.925227
0.935622
0.901835
0.831618
0.919143
0.991970
1.011671
0.949832
1.042717
1.139467
1.184204
1.157679
1.079254
1.096499
1.189598
1.233146
1.203600
1.190243
1.255598
1.252854
1.182011
1.120409
1.213360
1.289007
1.291355
1.220040
1.117392
1.007095
0.900524
0.846264
0.923428
0.943198
0.912977
1.095141
1.312570
1.425331
1.365856
1.712694
2.189853
2.779970
3.457871
4.141026
4.561619
4.223921
3.538418
2.853474
2.278745
1.868050
1.575786
1.400986
1.192695
1.225521
1.245654
1.398515
1.498137
1.492954
1.560230
1.619857
1.529762
1.370217
1.241005
1.234957
1.318427
1.541176
1.757170
1.905622
1.839075
1.653756
1.552671
1.371329
1.472359
1.582153
1.744927
1.897294
1.934132
1.857612
1.725512
1.642227
1.643484
1.787729
1.938760
2.100293
2.267539
2.434926
2.581338
2.642995
2.610980
2.474169
2.310177
2.209740
2.370083
2.492932
2.522550
2.424917
2.427873
2.398912
2.528402
2.728254
2.929428
3.115529
3.210881
3.366429
3.550113
3.637906
3.599963
3.644483
3.690914
3.604123
3.399748
3.367167
3.593390
3.801383
3.876357
3.948888
3.996922
3.895272
3.669383
3.415443
3.610013
3.838957
4.038802
4.118236
4.075748
3.885523
3.665097
3.419753
3.179060
2.948196
2.798788
3.025797
3.300518
3.598951
3.914362
4.201063
4.339590
4.277223
4.058608
3.752198
3.460744
3.731821
4.065059
4.385606
4.559659
4.494680
4.260157
4.384774
4.655699
4.724979
4.684008
4.675657
4.413677
4.054957
3.713298
3.698787
3.926979
4.292503
4.686730
5.125462
5.574013
5.739950
5.663149
5.308245
4.827763
4.332288
3.870357
3.444876
3.059135
2.710818
2.398185
2.121785
2.075026
2.195839
2.266470
2.230103
2.150656
2.018298
1.868549
1.850133
2.018717
2.145873
2.300018
2.606736
3.134264
3.675317
4.092040
4.677675
5.920009
6.981987
7.373363
7.278877
6.793592
5.823750
4.536562
3.611866
2.911435
2.317604
1.887572
2.062805
2.348218
2.732507
3.125860
3.371825
3.367680
3.114523
2.744558
2.438094
2.228657
2.047534
1.884427
1.740165
1.690716
1.553923
1.353124
1.135215
0.939897
0.944300
0.983298
0.975084
0.951312
1.007109
1.076910
1.216588
1.248060
1.179814
1.003970
0.943395
1.014184
1.184412
1.690718
2.408233
2.917924
3.239522
3.570678
3.952374
3.535723
3.101169
2.532022
1.821873
1.531546
1.452046
1.374970
1.500096
1.597907
1.631726
1.573410
1.536846
1.582178
1.486571
1.426214
1.358608
1.271373
1.216190
1.007424
0.797929
0.930001
1.006337
0.947155
0.881326
0.832353
0.780201
0.863267
0.971203
1.078645
1.154287
1.168569
1.101143
1.220059
1.340875
1.425841
1.450790
1.441838
1.917134
2.482403
3.073525
3.553003
3.973470
4.085961
3.710949
2.900074
2.219483
1.782151
1.374834
1.014176
0.886585
0.966642
1.036424
1.127854
1.161483
1.223466
1.250111
1.392202
1.489683
1.514873
1.578777
1.581403
1.534804
1.504991
1.478610
1.496135
1.539976
1.510129
1.390415
1.394976
1.605664
1.797279
1.905906
1.866600
1.687873
1.488868
1.341097
1.417341
1.386495
1.542772
1.732769
1.918606
2.129966
2.286479
2.432572
2.487791
2.365239
2.362600
2.427367
2.274887
2.097162
2.167071
2.378656
2.698163
3.070444
3.236326
3.067405
2.657655
2.231119
1.932816
1.662225
1.416571
1.195989
1.000835
0.826000
0.671678
0.536698
0.486268
0.550539
0.619260
0.629265
0.675439
0.532277
0.327726
0.209104
0.129557
0.090330
0.060583
0.062170
0.080092
0.084280
0.069309
0.044241
0.026158
0.046598
0.070034
0.094264
0.112782
0.133510
0.132825
0.115324
0.087639
0.082803
0.106466
0.114571
0.100798
0.073569
0.045562
0.035813
0.056459
0.068519
0.059946
0.041926
0.044169
0.046262
0.035087
0.017797
0.005191
0.000134
0.000000
0.000000
0.000000
0.000000
0.000000
0.000000
0.000000
0.000000
0.000000
0.000000
0.000000
0.000000
0.000000
0.000000
0.000000
0.000000
0.000000
0.000000
0.000000
0.000000
0.000000
0.000000
0.000000
0.000000
0.000000
0.009233
0.051144
0.131366
0.256414
0.433560
0.669142
0.972272
1.307528
1.538797
1.511519
1.241419
0.922485
0.639577
0.410881
0.239520
0.126119
0.209686
0.318436
0.455255
0.623736
0.825457
1.036276
1.214069
1.229403
1.085060
0.871816
0.663033
0.488188
0.345437
0.231160
0.360984
0.563038
0.825411
1.141973
1.512619
1.996991
2.633043
3.532890
4.723493
5.191148
5.191266
4.728339
3.567195
2.697284
2.068094
1.582173
1.176690
0.847168
0.587977
0.385827
0.229633
0.116624
0.044992
0.008013
0.000000
0.000000
0.000000
0.000000
0.000000
0.000000
0.000000
0.000000
0.000000
0.000000
0.000000
0.000000
0.000000
0.000000
0.000000
0.000000
0.000000
0.000000
0.000000
0.000000
0.000000
0.000000
0.000000
0.000000
0.000000
0.000000
0.000000
0.000000
0.000000
0.000000
0.000000
0.000000
0.000000
0.000000
0.000000
0.000318
0.023355
0.044488
0.051083
0.053552
0.056682
0.064449
0.081682
0.119869
0.205389
0.280024
0.354401
0.422664
0.287419
0.142405
0.048213
0.004455
0.000000
0.000000
0.000000
0.000000
0.000000
0.000000
0.000000
0.000000
0.000000
0.000000
0.000000
0.000000
0.000000
0.000000
0.000000
0.000000
0.000000
0.000000
0.000000
0.000000
0.000000
0.000000
0.000000
0.000000
0.000000
0.000642
0.004380
0.010593
0.012869
0.011090
0.005100
0.011088
0.070426
0.203358
0.457903
0.583489
0.619451
0.623382
0.589829
0.457926
0.194865
0.151782
0.259080
0.363621
0.443084
0.501129
0.518170
0.515003
0.493286
0.404692
0.259358
0.234057
0.226718
0.211887
0.242551
0.277658
0.328854
0.398602
0.481700
0.569411
0.658750
0.748107
0.839170
0.942253
1.058696
1.183851
1.312611
1.434021
1.507726
1.510880
1.442424
1.320041
1.185868
1.074166
1.203078
1.319911
1.450388
1.536504
1.571971
1.507053
1.400973
1.421874
1.570294
1.720296
1.842365
1.940626
2.084105
2.204016
2.248707
2.141272
2.292539
2.524617
2.748358
2.894390
3.055619
3.312822
3.568246
3.783449
3.897305
3.867529
3.843500
4.029624
4.277806
4.470455
4.491848
4.768749
5.068712
5.429642
5.836727
6.232306
6.469740
6.724125
7.099821
7.254883
7.137156
6.764119
6.405229
6.547149
6.834551
6.876737
6.754195
7.125561
7.372642
7.438894
8.073697
8.647519
9.249008
9.818261
10.015221
9.693621
9.111907
8.448050
7.855566
7.346879
7.852894
8.355283
8.800236
9.022999
9.307720
10.087539
10.889186
11.483149
11.673789
11.253848
10.399090
10.352294
9.900728
9.110138
8.536928
9.032414
9.515137
9.750448
9.824930
10.517668
12.402927
14.668261
17.328775
18.418238
18.077827
16.545399
13.915398
11.754599
10.195869
9.373259
10.189505
11.281622
12.077748
12.289527
11.819510
10.893545
10.151665
9.158870
8.239900
7.432536
6.609566
5.918057
6.123463
6.120349
6.459002
6.796252
6.994380
6.966456
6.822278
6.589225
6.513590
6.753544
6.934788
7.038893
7.231575
7.503370
7.819803
8.158482
8.490815
8.672399
8.639370
8.446744
8.158507
7.833756
7.485941
7.128077
6.829233
6.851606
7.176785
7.411928
7.621035
7.961285
8.388920
8.674408
8.581798
8.269368
7.811357
7.333066
6.885778
6.493042
6.178475
6.013075
5.798664
5.538038
5.258399
5.011054
4.878072
4.665882
4.739986
4.725087
4.714315
4.915134
4.955087
4.814104
4.608305
4.375575
4.203132
4.257559
4.402071
4.439358
4.384786
4.382120
4.534924
4.427217
3.928283
3.764851
3.656537
3.554523
3.363434
3.160406
3.091056
3.078797
3.222625
3.364332
3.430319
3.405356
3.260479
3.305147
3.282186
3.178098
3.019812
3.171304
3.193253
2.879579
2.423346
2.193722
2.050903
1.922888
1.835734
1.969806
2.161773
2.219149
2.086577
1.833215
1.496114
1.637321
1.948056
2.316491
2.640162
2.786033
2.640844
2.323364
1.967834
1.635404
1.347395
1.106867
0.931228
0.759708
0.665159
0.771896
0.904233
1.031469
1.140834
1.195086
1.124560
0.993596
0.838379
0.838519
0.821728
0.908295
0.922616
0.955237
0.913730
0.839702
0.759711
0.714467
0.704938
0.650532
0.550176
0.533444
0.780263
1.082768
1.385936
1.630182
1.634447
1.395703
1.091722
0.788712
0.710191
0.866598
1.007267
1.051204
0.925506
0.714033
0.764210
0.818499
0.848925
0.909008
0.942540
1.094956
1.281412
1.338058
1.262667
1.057836
0.871250
0.762908
0.740904
0.730823
0.767865
0.869281
0.927555
0.931107
0.948088
0.880123
0.844299
1.105703
1.455119
1.872654
2.325881
2.710522
2.919994
3.372742
2.891442
2.208934
1.795865
2.000265
2.019902
1.811771
1.460203
1.114212
1.004584
0.881241
0.755498
0.735220
0.757363
0.816366
0.847492
0.806005
0.717560
0.626216
0.740883
0.818522
0.824154
0.759879
0.823397
0.974006
1.089751
1.102658
1.120059
1.056373
0.922565
1.064644
1.281151
1.533678
1.841282
2.176780
2.483513
2.632274
2.509590
2.226756
1.919719
1.633724
1.370694
1.131521
0.920723
0.749559
0.660144
0.555589
0.460745
0.555246
0.631157
0.626632
0.544748
0.463540
0.466415
0.442582
0.519234
0.630849
0.734166
0.796899
0.754190
0.662128
0.545212
0.467579
0.416405
0.374301
0.434497
0.439146
0.512577
0.549519
0.557896
0.571185
0.596784
0.700880
0.801568
1.052823
1.379352
1.738973
1.989755
1.987002
2.052092
2.425579
2.839843
3.291568
3.769226
4.177655
4.392511
4.210468
3.810481
3.618665
3.309914
2.881856
2.448439
2.292098
2.130397
1.971365
1.909091
1.979580
2.048961
2.017828
1.851026
1.891241
2.394814
3.090468
4.174054
5.480352
6.056284
6.234497
6.281126
6.296260
6.269504
6.175560
5.913308
5.460184
4.914436
4.791492
4.707782
4.590055
4.350194
3.779539
2.828207
2.205426
1.982596
2.023851
1.813525
1.498587
1.169306
0.880708
0.645890
0.459327
0.327730
0.251265
0.328595
0.318729
0.448345
0.539736
0.621874
0.669860
0.725465
0.783241
0.863566
0.952580
1.051414
1.137532
1.226239
1.321261
1.424608
1.538449
1.644178
1.716327
1.843299
1.988907
2.118522
2.210108
2.244778
2.178762
2.033456
1.883545
1.833578
1.829977
1.962680
2.136051
2.344083
2.583870
2.815337
2.954282
2.919067
2.778763
2.585763
2.367201
2.156489
2.029582
2.106894
2.131983
2.027149
2.134991
2.301519
2.397209
2.428888
2.511020
2.742018
2.988379
3.236706
3.428969
3.514740
3.367598
3.160635
3.135532
2.969054
2.748053
2.498903
2.372376
2.400176
2.316661
2.220596
2.188734
2.349885
2.489372
2.521123
2.579470
2.861866
3.147586
3.408429
3.479017
3.399282
3.315966
3.765665
4.117993
4.158181
4.409424
4.921643
5.460630
6.031194
6.645376
7.309299
7.959874
8.383869
8.779175
9.522227
10.270387
10.848964
11.168198
10.917624
10.429153
9.867791
9.258298
9.022357
9.911684
10.915377
12.046121
13.191941
14.318721
14.765352
14.236616
13.016016
11.719107
10.511591
9.429716
8.457379
7.692046
7.614633
7.555512
7.777995
7.667467
7.220479
7.205910
7.251454
6.919414
6.676441
6.427250
6.320140
6.416157
6.241688
5.923622
5.499008
5.104000
4.831311
4.745139
5.084173
5.451298
5.797594
6.037968
6.027004
5.758248
5.397684
5.129095
5.104619
4.845132
4.580853
4.502825
4.501157
4.570394
4.634657
4.544601
4.402572
4.316339
4.375506
4.229135
3.974982
4.083615
4.341646
4.515407
4.604130
4.485020
4.230664
4.121736
4.483672
4.759542
5.078472
5.372919
5.548661
5.541656
5.358885
5.065414
4.828145
4.647261
4.318680
4.175295
4.460244
4.747451
4.934887
4.996294
4.893089
4.680385
4.465770
4.372993
4.385615
4.363913
4.216652
3.968041
3.779489
3.823068
3.862925
3.910622
3.787092
3.572581
3.744809
4.259504
4.773313
5.002857
4.553097
3.784682
3.026969
2.422375
2.424043
2.444904
2.375881
2.209121
2.057651
1.930510
1.998207
2.130048
2.084797
1.780400
1.705612
1.685583
2.022510
2.338972
2.508297
2.437058
2.201339
1.869061
1.554881
1.488701
1.753452
2.029728
2.289543
2.515002
2.601426
2.554479
2.343365
2.090824
2.307911
2.625412
2.828775
3.149323
3.391500
3.568726
3.502570
3.334537
3.017982
2.687045
2.378762
2.101957
1.855192
1.676340
1.731351
1.962964
2.276180
2.650326
3.072019
3.497130
3.890038
4.012112
3.878726
3.478621
3.007419
2.578181
2.186642
1.838003
1.532482
1.279066
1.560397
1.943081
2.320770
2.514544
2.900860
3.535433
4.285274
5.142938
6.004079
6.664630
6.656735
5.998360
5.153056
4.323829
3.711185
3.266629
2.718869
2.217925
1.819639
1.498926
1.560554
1.619645
1.440174
1.532598
1.706857
1.851878
1.997941
2.199567
2.196948
2.188901
2.359723
2.576423
2.818716
3.094299
3.349949
3.517972
3.572093
3.492364
3.339550
3.157740
2.976069
3.208127
3.759906
4.258185
4.589443
4.701352
4.621024
4.298284
3.787544
3.184374
2.537490
2.399065
2.247413
2.096501
1.898183
1.918239
2.034322
2.186891
2.343927
2.467059
2.516412
2.467171
2.349676
2.183378
2.004909
1.840247
1.694158
1.732098
1.928037
2.057449
2.097686
1.991469
1.838184
1.838746
1.874052
2.105487
2.358633
2.594363
2.786788
2.858914
2.821753
2.657478
2.450613
2.240037
2.037121
1.858718
1.742855
1.706612
1.592559
1.485603
1.593641
1.627077
1.598845
1.551945
1.410442
1.479318
1.444564
1.590047
1.774898
1.957552
2.071611
2.101265
1.990471
2.448595
2.896377
3.068780
2.933780
2.481236
2.681460
3.160567
3.585385
3.647748
3.372884
2.927444
2.720739
3.229161
3.787543
4.360683
4.913293
5.322284
5.576788
5.472766
5.883396
6.725929
7.734547
8.884382
10.136482
11.256136
11.614237
11.189298
10.154908
8.941871
7.834391
8.187727
9.200771
10.234456
11.242253
11.898599
11.815111
11.147366
10.165466
9.158032
8.207374
7.347673
6.583181
5.855274
5.271739
5.032888
5.319446
5.620243
5.501117
5.133776
4.638909
4.155946
4.280111
4.877439
4.213682
3.172339
2.792947
2.451924
2.131193
1.828638
1.548092
1.302950
1.098017
0.926073
0.797591
0.717471
0.639885
0.624732
0.706902
0.761972
0.803667
0.868212
0.901540
0.913492
0.830436
0.701159
0.615126
0.727672
0.860899
1.009079
1.172305
1.333470
1.479738
1.519504
1.463331
1.342286
1.200756
1.056629
0.933990
0.844154
0.722809
0.659928
0.647730
0.694163
0.775497
0.862510
0.925319
0.927586
0.858164
0.795405
0.843379
0.811840
0.725464
0.613975
0.520228
0.459317
0.413514
0.331289
0.245645
0.174969
0.129722
0.177589
0.222338
0.241720
0.225641
0.209378
0.182176
0.181480
0.172324
0.141327
0.143417
0.156140
0.180056
0.210932
0.213810
0.178452
0.132767
0.098698
0.079561
0.059875
0.038893
0.082316
0.212085
0.413480
0.699999
1.089081
1.621427
2.128074
2.118496
1.645907
1.504251
1.702272
1.872047
2.465598
3.202673
3.568209
3.719958
3.758057
3.735745
3.583799
3.216535
2.391260
1.656107
1.161947
0.817339
0.530170
0.305085
0.147289
0.049430
0.004713
0.000166
0.012247
0.035295
0.063292
0.125400
0.196504
0.264393
0.340854
0.444950
0.602267
0.805149
1.038621
1.240654
1.320713
1.172655
0.944466
0.711889
0.510782
0.350440
0.225089
0.128174
0.062225
0.021409
0.044480
0.086163
0.148396
0.236490
0.352127
0.491417
0.627039
0.721377
0.700587
0.577126
0.450096
0.335049
0.263505
0.229012
0.176909
0.130972
0.164156
0.233786
0.294754
0.338715
0.334553
0.271160
0.195827
0.162548
0.151179
0.108602
0.065812
0.033319
0.013705
0.005515
0.015067
0.036453
0.093091
0.157031
0.199071
0.225498
0.349718
0.566128
0.856734
1.225777
1.681715
2.217839
2.746822
3.014489
2.797253
2.252414
1.699317
1.232497
0.862248
0.573998
0.348737
0.322178
0.452054
0.641504
0.849302
0.973853
0.937984
0.793964
0.611947
0.613060
0.551527
0.425153
0.282448
0.187447
0.266100
0.404985
0.576524
0.693433
0.677800
0.944289
1.512340
2.120357
2.370259
2.436505
2.434443
2.368486
2.123747
1.529096
1.092308
0.782611
0.657767
0.493467
0.542828
0.865353
1.231186
1.354373
1.168917
0.708884
0.392482
0.186075
0.060615
0.062144
0.062544
0.031929
0.003582
0.000000
0.000000
0.000000
0.000000
0.003114
0.039995
0.107782
0.148864
0.107780
0.038245
0.007317
0.017536
0.023211
0.022781
0.019522
0.014601
0.007317
0.004326
0.003056
0.002467
0.002013
0.001213
0.000001
0.000000
0.000000
0.000000
0.000000
0.000000
0.000000
0.000000
0.000000
0.000000
0.000000
0.000000
0.000000
0.000000
0.000000
0.000000
0.000000
0.000000
0.000000
0.000000
0.017481
0.106495
0.303263
0.658840
0.847376
0.887876
0.858250
0.843028
0.797860
0.798810
0.773434
0.686767
0.442504
0.196004
0.066995
0.086858
0.176401
0.280618
0.310684
0.320137
0.283399
0.202724
0.187157
0.193767
0.264853
0.379930
0.651188
1.091040
1.329083
1.381872
1.315245
1.040337
0.651583
0.762599
0.920023
0.894347
0.866513
0.952809
1.072832
1.118805
1.022494
0.883646
0.788232
0.831687
0.897796
1.029787
1.100280
1.007957
0.948491
1.001140
1.101439
1.091891
1.029131
1.048944
1.246364
1.388563
1.503106
1.968518
2.462269
2.849381
3.059385
3.643364
4.302029
4.805851
5.423800
5.750500
5.433850
4.613531
3.725124
2.950518
2.322539
1.884190
1.636775
1.678713
1.882827
2.068796
2.212526
2.460121
2.463344
2.231525
2.199000
1.955527
1.580734
1.234487
1.308420
1.256928
1.107272
1.135992
1.219661
1.215529
1.214655
1.123845
1.108752
1.247396
1.368219
1.752841
2.236187
2.607284
2.286245
1.878604
2.157411
2.465961
2.742245
2.820369
2.690344
2.520499
2.463838
2.265317
1.999491
1.727285
1.464967
1.211067
0.983657
1.015238
1.046640
0.990952
1.181334
1.472409
1.811323
2.190506
2.585060
2.960227
3.136536
3.006266
2.710922
2.365268
2.078672
2.477149
3.027493
3.202457
3.469467
4.056623
4.766083
5.599302
6.524559
7.555010
8.569522
9.373481
9.376345
8.582576
7.585229
6.655815
5.889195
5.122425
4.519996
4.059994
3.722211
3.621115
3.419524
3.290294
3.359268
3.733668
4.127545
4.373250
4.195781
3.847059
3.418225
3.192913
3.500038
3.962256
4.459107
4.965700
5.366901
5.444234
5.142762
4.671408
4.156323
3.666517
3.213573
3.122191
3.138467
2.977135
2.751540
2.505059
2.542919
2.673941
2.679653
2.549458
2.697144
2.987747
3.315676
3.652190
3.990567
4.321919
4.588295
4.723900
4.549595
4.236533
3.826742
3.423955
3.049786
2.722426
2.586997
2.678533
2.632888
2.857213
3.542930
4.435750
5.269594
5.538153
5.230698
4.275125
3.141210
2.330158
1.721251
1.217971
1.300306
1.346505
1.309877
1.187116
1.025917
0.855894
0.704878
0.812883
0.905521
1.100416
1.387814
1.731276
2.134692
2.578928
2.977450
3.251457
3.190026
2.856795
2.431551
2.026287
1.666317
1.350525
1.476034
1.755900
1.887298
1.793928
1.504051
1.685044
1.861695
1.941003
1.914709
1.886270
2.064825
2.084562
1.970836
1.809481
1.810379
2.097719
2.499677
2.883123
3.165209
3.227037
3.119189
2.929813
2.691619
2.455320
2.273177
2.256467
2.369204
2.519779
2.688581
2.760762
2.834314
2.835839
2.734944
2.820018
3.253019
3.629580
3.719857
3.445031
3.020714
2.558098
2.339381
2.569358
2.795124
2.896383
2.844783
2.646427
2.612809
2.665216
2.660320
2.628283
2.505446
2.463946
2.531598
2.688377
2.762196
2.779720
2.805876
2.795909
2.707007
2.547871
2.699102
2.747714
2.793942
2.991553
3.208783
3.288435
3.330861
3.363102
3.261417
3.023988
2.736175
2.441018
2.453065
2.690901
2.904558
3.038500
3.141960
3.166279
3.038371
2.804453
2.660213
2.866379
2.993408
3.114427
3.135420
3.108805
3.235617
3.332272
3.262334
3.071652
2.756845
2.418094
2.106322
2.076666
2.615838
3.314968
4.071764
4.662679
4.638491
4.053612
3.400555
3.028598
3.049296
3.445767
3.642397
4.309861
4.985206
5.620413
5.967791
6.079675
5.643398
5.403260
5.400695
5.096432
4.856429
4.630552
5.187535
5.527350
5.661610
5.666143
5.307766
5.577204
6.519398
5.742159
5.320731
5.243900
4.960698
5.413485
5.850584
5.943559
5.736031
5.707183
6.061610
6.273569
6.266854
6.435913
6.194448
5.927511
5.858725
5.983929
6.329396
6.915886
7.051156
6.706723
6.006246
5.251485
5.499375
5.944571
6.440210
6.946332
7.439078
7.876080
8.067401
7.888795
7.485327
6.986522
6.987815
7.560221
8.148762
8.640047
8.660022
8.206700
7.637197
7.087418
6.712722
6.546824
6.158241
5.704383
5.252742
4.816535
4.364720
3.941118
3.545803
3.204205
2.909771
2.665079
2.464684
2.226559
2.162916
2.256641
2.238184
2.241116
2.195074
2.039705
2.066823
2.155609
2.036525
1.771380
1.805144
1.734150
1.574742
1.452197
1.376575
1.345244
1.844477
2.357006
2.568308
2.605613
2.537389
2.280304
1.668375
1.560949
1.590058
1.257104
0.761902
0.707424
0.794870
0.888450
0.976698
1.014023
1.080556
1.233642
1.433689
1.656993
1.892335
2.154869
2.426316
2.625848
2.535282
1.768131
1.181776
0.666861
0.432575
0.206018
0.140182
0.064409
0.072939
0.105654
0.116746
0.060364
0.007398
0.000000
0.000303
0.008634
0.034073
0.080467
0.139732
0.173554
0.085844
0.000000
0.000000
0.000000
0.000000
0.000000
0.000000
0.000806
0.018438
0.062449
0.135066
0.240800
0.381499
0.549414
0.718582
0.881223
0.943342
0.512645
0.221383
0.061059
0.035455
0.056425
0.086067
0.105184
0.185119
0.291777
0.437446
0.564827
2.751779
1.954306
1.335982
0.655490
0.285236
0.045762
0.090727
0.000000
0.000000
0.000000
0.000000
0.000000
0.000000
0.000000
0.000000
0.000000
