track	type=wiggle_0
fixedStep	chrom=chr	start=1	step=1
0.000000
0.000000
0.000000
0.000000
0.000000
0.000000
0.000000
0.000000
0.000000
0.996090
2.109147
2.468758
1.979642
1.486478
1.058550
0.792379
0.648037
0.769551
1.128228
1.126296
0.942587
0.711997
0.508975
0.348964
0.281830
0.655317
0.892423
0.946730
0.892423
0.657600
0.286687
0.119962
0.039358
0.060487
0.076479
0.053796
0.018955
0.003076
0.003213
0.000000
0.018266
0.073049
0.095862
0.105328
0.114646
0.133827
0.172558
0.250682
0.396782
0.444456
0.457910
0.460991
0.460991
0.460991
0.479840
0.532821
0.494809
0.414007
0.329238
0.255136
0.193223
0.238351
0.331208
0.431935
0.520591
0.521194
0.433203
0.462305
0.374981
0.261086
0.338973
0.535255
0.801135
1.139947
1.556127
2.057860
2.719337
3.823978
4.337857
4.480338
4.504556
4.480339
4.335345
3.789649
2.673273
2.189066
2.047683
1.810737
1.849535
2.626479
3.097316
3.099837
2.604136
1.915358
1.490031
1.782982
2.051504
2.151600
1.994233
1.739289
1.606071
1.449506
1.218654
0.976987
1.095897
1.237885
1.304155
1.259308
1.143650
1.169097
1.308170
1.361784
1.307124
1.155259
0.991624
0.841520
0.711803
0.648793
0.760986
0.879184
1.003338
1.118642
1.194082
1.187372
1.098298
1.045799
1.158520
1.234464
1.218964
1.108813
0.981209
0.850936
0.736274
0.664096
0.629256
0.555060
0.501406
0.484322
0.462215
0.420056
0.448953
0.528052
0.616316
0.710190
0.796231
0.867363
0.880676
0.853404
0.810566
0.851158
0.926505
0.952933
0.918181
0.964004
1.059245
1.101337
1.077366
1.001734
1.017464
1.108078
1.149632
1.121083
1.100789
1.163755
1.161263
1.092828
1.037267
1.126951
1.199923
1.202188
1.133416
1.034452
0.928102
0.825222
0.776388
0.850034
0.868705
0.839792
1.069605
1.283319
1.394756
1.335623
1.678790
2.154918
2.745093
3.422683
4.104714
4.524930
4.187031
3.502175
2.818149
2.243492
1.833699
1.544414
1.370625
1.142212
1.179145
1.195049
1.344362
1.445351
1.446616
1.514141
1.569766
1.510870
1.388129
1.181503
1.177960
1.257970
1.489839
1.703307
1.853707
1.799580
1.652383
1.489578
1.310739
1.400799
1.508408
1.667463
1.818294
1.853741
1.794909
1.667958
1.542976
1.537534
1.676351
1.824956
1.982057
2.143411
2.308857
2.453156
2.512958
2.481089
2.347763
2.187076
2.092945
2.249425
2.370287
2.398592
2.302792
2.320296
2.290865
2.407030
2.602124
2.800672
2.983023
3.077281
3.227061
3.405897
3.494551
3.455875
3.505377
3.551082
3.465821
3.265795
3.239460
3.461773
3.664934
3.738114
3.807306
3.854516
3.754276
3.532663
3.274482
3.024304
2.792286
2.579621
2.400927
2.483615
2.673487
2.861750
2.974463
2.946434
2.798383
2.699310
2.922469
3.192418
3.484046
3.790441
4.074970
4.213960
4.150758
3.936339
3.632543
3.357602
3.629049
3.955573
4.266873
4.438505
4.375790
4.143868
4.284802
4.553963
4.619289
4.574446
4.563160
4.295438
3.940255
3.614730
3.611167
3.835118
4.197759
4.591214
5.023217
5.468084
5.631104
5.555842
5.206004
4.731228
4.238041
3.778773
3.359740
2.977769
2.631951
2.321595
2.033183
1.774230
1.787848
1.765455
1.747355
1.684200
1.543660
1.409041
1.509948
1.600612
1.747513
2.052410
2.575446
3.101451
3.638566
4.052859
4.640342
5.885298
6.939899
7.328761
7.234561
6.751993
5.789073
4.503797
3.577616
2.878815
2.278276
1.769687
1.443055
1.666728
1.972654
2.278672
2.458354
2.459010
2.302238
2.027931
1.765146
1.621021
1.510833
1.387193
1.362552
1.281953
1.249557
1.117000
0.930701
0.753151
0.592319
0.563049
0.579031
0.564124
0.704925
0.819713
0.925467
0.945046
0.881207
0.730823
0.653911
0.807016
1.169936
1.675973
2.390807
2.896662
3.214635
3.543165
3.922617
3.508751
3.078242
2.513992
1.806304
1.307978
1.239900
1.191981
1.358032
1.443928
1.462595
1.373331
1.251660
1.173785
1.110366
1.033208
0.891326
0.824356
0.751051
0.655634
0.732861
0.903598
0.979243
0.920057
0.769166
0.650341
0.686143
0.726845
0.811493
0.867823
0.863832
0.896657
0.949672
1.052294
1.113863
1.103631
1.143331
1.422188
1.896867
2.463259
3.052145
3.530325
3.946941
4.059271
3.688790
2.885414
2.197960
1.761730
1.356960
0.996528
0.842627
0.921540
0.977354
1.065776
1.098680
1.159444
1.178406
1.316080
1.414009
1.440831
1.504177
1.506796
1.460957
1.431954
1.405955
1.416910
1.459157
1.429052
1.313294
1.337499
1.543902
1.732995
1.839736
1.800611
1.623915
1.429277
1.285708
1.364540
1.336471
1.480373
1.664162
1.846661
2.056582
2.211935
2.357213
2.409617
2.287146
2.313196
2.377745
2.227611
2.049781
2.116002
2.325864
2.645591
3.012475
3.176510
3.008918
2.604869
2.179987
1.870863
1.608211
1.366863
1.149200
0.955509
0.784536
0.633873
0.514009
0.459512
0.523514
0.591237
0.601143
0.670366
0.526212
0.322365
0.191844
0.116271
0.111222
0.090536
0.064427
0.064023
0.067881
0.059880
0.087862
0.123670
0.165271
0.211363
0.256720
0.291688
0.331752
0.349776
0.326788
0.281599
0.231196
0.277319
0.313465
0.307758
0.263826
0.207898
0.165405
0.210681
0.252298
0.256925
0.226301
0.201311
0.221779
0.209592
0.171904
0.125703
0.086865
0.055138
0.030746
0.013702
0.004002
0.000443
0.000000
0.000000
0.000000
0.000000
0.000000
0.000000
0.000000
0.000000
0.000000
0.000000
0.000000
0.000000
0.000000
0.000000
0.000000
0.000000
0.000000
0.000000
0.000000
0.000000
0.007318
0.046819
0.124827
0.247578
0.422681
0.657407
0.957638
1.292788
1.527262
1.495885
1.227407
0.908388
0.628115
0.400270
0.429939
0.578506
0.755370
0.964545
1.208244
1.491542
1.816581
2.171694
2.479105
2.674536
2.549600
2.245434
1.881709
1.549597
1.259036
1.033293
1.368769
1.773667
2.256024
2.821948
3.466898
4.242355
5.156783
6.290184
8.023309
9.437625
9.437625
8.032129
6.323864
5.197601
4.282045
3.500185
2.828983
2.260715
1.777735
1.372105
1.036116
0.761302
0.538545
0.360748
0.224256
0.126345
0.061500
0.018946
0.000915
0.000000
0.000000
0.000000
0.000000
0.000000
0.000000
0.000000
0.000000
0.000000
0.000000
0.000000
0.000000
0.000000
0.000000
0.000000
0.000000
0.000000
0.000000
0.000000
0.000000
0.000000
0.000000
0.000000
0.000000
0.000000
0.000000
0.000000
0.000000
0.000000
0.000000
0.000226
0.022824
0.043903
0.050748
0.053294
0.056571
0.064380
0.081707
0.120056
0.206149
0.281504
0.356847
0.425448
0.288956
0.143678
0.049094
0.004720
0.000000
0.000000
0.000000
0.000000
0.000000
0.000000
0.000000
0.000000
0.000000
0.000002
0.000338
0.000190
0.000000
0.000000
0.000000
0.000000
0.000000
0.000000
0.000000
0.000000
0.000000
0.000000
0.000000
0.000057
0.003175
0.009689
0.018838
0.025925
0.026836
0.022083
0.017612
0.015742
0.070663
0.204340
0.462357
0.590218
0.627560
0.629394
0.593651
0.461195
0.205102
0.291993
0.504871
0.672670
0.815329
0.869194
0.854830
0.770237
0.634081
0.486673
0.307790
0.271307
0.263670
0.248632
0.280203
0.318794
0.372501
0.446570
0.534776
0.627290
0.720899
0.813408
0.908378
1.010925
1.129285
1.256564
1.386682
1.509710
1.587049
1.590255
1.523806
1.402240
1.265918
1.149255
1.279077
1.402011
1.535893
1.624954
1.664265
1.596817
1.486566
1.505718
1.659005
1.811026
1.931914
2.033163
2.183115
2.308902
2.354681
2.245996
2.381834
2.615235
2.839086
2.989046
3.158486
3.418342
3.678823
3.894404
4.011739
3.983181
3.960185
4.142276
4.389842
4.580235
4.600494
4.880602
5.182775
5.547356
5.957266
6.350942
6.594073
6.853377
7.233843
7.393073
7.282952
6.903178
6.539791
6.691263
6.983175
7.026148
6.908686
7.284406
7.534136
7.554675
8.192490
8.773490
9.380647
9.948359
10.145420
9.821219
9.237996
8.573293
7.982678
7.478391
7.990341
8.493785
8.939903
9.166699
9.429519
10.215382
11.024552
11.624317
11.818769
11.397401
10.541560
10.488478
10.031814
9.235683
8.664201
9.163563
9.648616
9.881868
9.954500
10.648219
12.542622
14.820407
17.508417
18.620686
18.287827
16.749748
14.086618
11.894232
10.323500
9.495626
10.313262
11.415748
12.219211
12.435832
11.968493
11.032450
10.281088
9.283606
8.348531
7.529884
6.698750
5.939343
5.354886
5.532792
5.993927
6.340637
6.539671
6.520470
6.385831
6.146392
5.967558
6.180050
6.390812
6.508434
6.711908
6.966868
7.265771
7.589482
7.908115
8.079440
8.065342
7.880945
7.612702
7.304406
6.978722
6.636399
6.358049
6.309991
6.616986
6.833074
7.031504
7.355810
7.754180
7.981497
7.879977
7.517090
7.087168
6.641397
6.218034
5.849818
5.595451
5.458099
5.257223
5.044416
4.786576
4.540092
4.418543
4.214241
3.969001
4.076944
4.319795
4.502718
4.531160
4.380115
4.179341
3.968298
3.841823
3.940727
4.120666
4.213151
4.224059
4.161809
4.285628
4.150951
3.625321
3.398196
3.398737
3.346362
3.171737
2.966789
2.647413
2.640026
2.798976
2.940064
2.980631
2.903846
2.720552
2.744263
2.749280
2.628267
2.475159
2.672494
2.695969
2.508129
2.296615
2.139721
1.978275
1.886513
1.793727
1.764602
1.944700
1.981480
1.875954
1.625018
1.457229
1.733086
2.076383
2.444251
2.779524
2.932435
2.760853
2.422472
2.057278
1.717313
1.424123
1.180383
0.998942
0.824260
0.651626
0.538018
0.638133
0.743758
0.857609
0.939761
0.943878
0.866618
0.736130
0.635415
0.673519
0.794757
0.804946
0.823615
0.773253
0.717507
0.647924
0.545092
0.555588
0.542579
0.474154
0.561003
0.811547
1.118307
1.426898
1.677274
1.677324
1.425358
1.108879
0.798321
0.729953
0.885830
1.025172
1.069361
0.943628
0.731580
0.791029
0.846672
0.876659
0.937886
0.972790
1.125072
1.310256
1.366339
1.290372
1.085963
0.897712
0.752759
0.736168
0.727584
0.720533
0.715352
0.713184
0.725452
0.759854
0.739645
0.857650
1.117486
1.463609
1.878203
2.327522
2.711298
2.905275
3.357608
2.878179
2.203634
1.801761
2.002487
2.021845
1.813390
1.467635
1.225745
1.061957
0.926699
0.788074
0.674028
0.770836
0.826034
0.966864
1.210996
1.203243
1.026612
1.104193
1.058694
0.946724
1.091732
1.274736
1.408354
1.395123
1.254012
1.189124
1.301582
1.504825
1.687025
1.901505
2.191962
2.564825
2.987576
3.369967
3.517777
3.388830
3.030486
2.641119
2.280759
1.950812
1.655096
1.381258
1.137825
0.946323
0.915588
1.065462
1.195993
1.270545
1.211141
1.093539
1.021113
0.994623
0.885772
0.802201
0.938658
1.076061
1.184207
1.179491
1.062314
0.945468
0.825852
0.888982
1.005160
1.032724
0.969802
0.834034
0.751298
0.843877
0.877676
0.823381
0.793882
1.065477
1.401667
1.794896
2.211069
2.498887
2.498206
2.443601
2.853773
3.303510
3.795618
4.319621
4.759740
4.987862
4.793624
4.361726
4.181218
3.845827
3.378084
2.901845
2.699294
2.526359
2.350944
2.288579
2.388284
2.471038
2.416333
2.217397
1.954540
2.430607
3.173001
4.350732
5.669993
6.152807
6.274944
6.299207
6.306738
6.283439
6.204171
5.963648
5.523304
4.983504
4.857474
4.771703
4.652344
4.402478
3.824955
2.866338
2.264265
2.055989
2.098776
1.885317
1.568653
1.232492
0.938236
0.697226
0.504272
0.504295
0.546976
0.647374
0.774580
0.977297
1.129176
1.227333
1.267965
1.253789
1.229116
1.301874
1.388177
1.471107
1.575023
1.661716
1.681092
1.796434
1.920682
2.036169
2.119785
2.256639
2.416061
2.558132
2.654746
2.694008
2.630110
2.495805
2.346965
2.273122
2.307251
2.365057
2.562113
2.786293
3.043314
3.292514
3.440741
3.395870
3.239377
3.023067
2.787301
2.556684
2.334171
2.108371
2.025316
2.174690
2.327579
2.492108
2.592882
2.561411
2.731874
2.965446
3.221422
3.473771
3.675326
3.702732
3.597582
3.382126
3.350250
3.176007
2.919265
2.653915
2.413947
2.171667
1.958892
1.902609
2.043486
2.091998
2.260765
2.492180
2.758430
3.051438
3.341075
3.604607
3.671436
3.572149
3.439834
3.892058
4.248275
4.291332
4.583146
5.101767
5.646421
6.215810
6.827397
7.499985
8.148501
8.569235
8.978461
9.730206
10.480027
11.060236
11.380062
11.115640
10.564680
9.848605
9.130654
9.190570
10.076501
11.088375
12.220073
13.360609
14.489990
14.940236
14.413515
13.190636
11.886806
10.672685
9.597237
8.645599
7.809504
7.203308
7.564808
7.704081
7.485313
6.889275
7.445244
8.197031
8.379265
7.991578
7.688614
8.114785
7.936329
7.353986
6.555950
5.751568
5.025219
4.384821
3.843161
4.088562
4.427709
4.615169
4.572694
4.846333
4.922116
4.500318
3.842875
4.025234
4.310122
4.475164
4.449843
4.417180
4.389861
4.208929
3.903988
3.944025
4.229003
4.335170
4.139333
3.817326
3.765103
3.910896
3.875563
3.673307
3.531966
3.643080
3.887546
4.153977
4.318820
4.298798
4.108564
4.295433
4.321514
4.191091
3.969887
3.960623
4.004526
3.775314
3.562886
3.768944
3.944242
3.953975
3.932395
3.956695
4.137384
4.419327
4.669463
4.852012
4.825242
4.674244
4.424588
4.240478
4.149077
4.044540
3.995265
3.836807
3.889368
3.850150
4.309495
4.833214
5.064290
4.618221
3.846569
3.090294
3.026040
3.143022
3.123096
3.080864
3.109274
3.051687
2.901797
2.836631
3.000757
3.044797
2.934516
2.768655
2.569908
2.358114
2.482720
2.651026
2.581122
2.347455
2.010769
1.713302
1.890979
1.990079
2.245554
2.514879
2.747128
2.834671
2.789477
2.569032
2.295489
2.515680
2.731086
3.042913
3.371213
3.618659
3.801706
3.738251
3.565157
3.244353
2.910766
2.606482
2.340129
2.098709
1.958717
1.874280
2.105730
2.428326
2.809408
3.232032
3.661314
4.064926
4.192433
4.055424
3.648081
3.170126
2.735560
2.332428
1.976783
1.667066
1.406392
1.651505
2.039706
2.422678
2.614187
3.003889
3.636310
4.392163
5.254444
6.120289
6.787753
6.772989
6.107838
5.260530
4.426817
3.814389
3.385389
2.886439
2.419310
1.979808
1.594189
1.645006
1.723802
1.563028
1.322426
1.081615
1.426565
2.050297
2.426771
2.426567
2.024221
1.396794
1.556506
1.736572
1.943711
2.137593
2.268732
2.307828
2.245820
2.130546
1.990902
1.851733
2.130538
2.577459
2.935199
3.206228
3.297985
3.229980
2.953984
2.578973
2.081078
1.554121
1.283820
1.163418
1.048670
0.871283
0.697000
0.561885
0.617753
0.649156
0.609301
0.522843
0.426395
0.354241
0.344312
0.400343
0.423237
0.416838
0.379093
0.316080
0.263784
0.234726
0.266600
0.279687
0.273486
0.259134
0.270192
0.284151
0.300136
0.347518
0.380658
0.364100
0.312144
0.251481
0.198796
0.167334
0.206524
0.253974
0.271788
0.253565
0.286621
0.337932
0.391512
0.447649
0.496443
0.527058
0.562245
0.656276
0.765990
0.889648
1.012789
1.085763
1.103845
1.031400
0.898128
0.770309
0.664325
0.596415
0.806394
0.994813
1.079539
0.979430
0.844137
1.282673
1.928061
2.246125
2.238176
1.893414
1.571609
1.530170
1.315699
1.221544
1.332947
1.801601
2.604780
3.099046
3.285773
3.337324
3.383831
3.374437
3.286796
3.237420
3.147249
3.627060
4.307722
4.918058
5.086972
4.723495
4.114303
3.474242
3.030821
3.357075
3.819293
3.949646
3.838858
3.412092
2.901494
3.061852
3.175940
2.988109
2.517510
2.384341
2.296954
2.730818
3.368696
4.322735
4.932209
4.261206
3.236443
2.478535
1.869423
1.373790
1.065007
0.858036
0.682903
0.542636
0.572732
0.748196
0.816833
0.733340
0.566187
0.473083
0.547691
0.585068
0.565219
0.505218
0.500513
0.445639
0.356244
0.331482
0.410162
0.506755
0.618490
0.741207
0.869057
0.983929
1.022004
0.982969
0.897371
0.792924
0.684841
0.575834
0.475484
0.384791
0.300749
0.226835
0.190283
0.158270
0.169082
0.166638
0.218554
0.272120
0.341900
0.395538
0.458143
0.522011
0.533065
0.491625
0.410605
0.322059
0.241361
0.174177
0.136914
0.114171
0.078591
0.053944
0.049558
0.030893
0.015098
0.038926
0.072133
0.110339
0.136936
0.151001
0.162011
0.164312
0.150606
0.120442
0.088901
0.102145
0.090053
0.059324
0.029127
0.025233
0.100858
0.238072
0.446692
0.737904
1.127040
1.649768
2.154978
2.133885
1.666274
1.532838
1.733956
1.911267
2.506233
3.261712
3.635105
3.794565
3.831722
3.803422
3.653123
3.281392
2.444185
1.711746
1.211838
0.864701
0.573775
0.342569
0.175704
0.068187
0.012633
0.012371
0.044683
0.084734
0.130718
0.212184
0.298832
0.378253
0.460954
0.570818
0.739692
0.957866
1.207236
1.421324
1.505832
1.351193
1.105751
0.856170
0.637635
0.459333
0.314517
0.200024
0.119553
0.069995
0.039717
0.065595
0.120193
0.196272
0.298609
0.423467
0.546642
0.628485
0.606767
0.495272
0.379346
0.279265
0.208007
0.155133
0.100566
0.154693
0.221316
0.292416
0.368597
0.450138
0.525336
0.539924
0.480332
0.378582
0.284775
0.209766
0.146151
0.092397
0.057109
0.033657
0.030285
0.025058
0.016917
0.044350
0.063411
0.074567
0.142750
0.281258
0.483904
0.753041
1.099123
1.515725
1.929484
2.146880
1.974283
1.547408
1.113580
0.756575
0.482226
0.278862
0.135915
0.146927
0.251996
0.399000
0.564400
0.662730
0.643190
0.528601
0.390097
0.404114
0.358160
0.264892
0.159415
0.222175
0.302691
0.446447
0.622838
0.739189
0.724393
0.985815
1.555444
2.177681
2.433465
2.500134
2.494540
2.425408
2.177229
1.568875
1.137927
0.828847
0.700891
0.528687
0.570604
0.893610
1.268078
1.393469
1.209379
0.747749
0.425948
0.211796
0.078338
0.097266
0.097303
0.058045
0.015021
0.000000
0.000000
0.000000
0.000000
0.009756
0.054716
0.127757
0.171997
0.126829
0.050777
0.007458
0.017576
0.023320
0.023770
0.016699
0.003701
0.021898
0.048628
0.078335
0.114397
0.135556
0.123867
0.085933
0.052545
0.029407
0.015472
0.006839
0.009768
0.018899
0.029412
0.043692
0.057147
0.071357
0.098118
0.111427
0.104697
0.077332
0.051057
0.027479
0.009105
0.000561
0.000000
0.008525
0.062557
0.187624
0.423014
0.829416
1.052155
1.109340
1.078359
1.051709
0.983385
0.978570
0.933395
0.789485
0.483330
0.207112
0.100487
0.198752
0.314940
0.359328
0.430361
0.453861
0.358531
0.275857
0.266568
0.289222
0.402939
0.677327
1.123365
1.368428
1.421764
1.351480
1.068635
0.805702
0.873642
1.041885
1.015254
1.028504
1.122998
1.245742
1.291098
1.186168
1.011389
0.939371
0.986861
1.052646
1.190902
1.266876
1.165743
1.080136
1.143236
1.250494
1.235421
1.169844
1.207465
1.417035
1.565337
1.614989
2.089936
2.592287
2.983915
3.190123
3.782579
4.443761
4.943196
5.571887
5.900205
5.583666
4.758658
3.862519
3.075424
2.433405
1.991780
1.744611
1.508033
1.789568
2.074145
2.404416
2.656297
2.659301
2.410558
2.371841
2.124164
1.736132
1.495203
1.583177
1.569622
1.515402
1.771599
2.204191
2.387018
2.469884
2.384586
2.338535
2.552592
2.709187
2.711823
2.696309
3.092671
3.169714
3.568438
4.002523
4.429502
4.770501
4.841244
4.653232
4.383028
4.337302
4.110412
3.779092
3.407778
3.053467
2.720918
2.474201
2.565009
2.524866
2.577150
2.806888
3.000279
3.098562
3.514029
4.016956
4.489287
4.680932
4.530612
4.149976
3.689646
3.209762
3.013550
3.285193
3.441162
3.742432
4.316296
5.032176
5.877592
6.816133
7.857714
8.885535
9.710443
9.710766
8.907275
7.892075
6.951831
6.171521
5.392686
4.782053
4.315140
3.968111
3.872250
3.673234
3.534949
3.597129
4.030009
4.437459
4.690038
4.507752
4.155084
3.708687
3.481303
3.470429
3.258676
3.068807
2.934953
3.149062
3.220586
3.035646
2.692539
2.332220
1.993660
1.684867
1.638773
1.592039
1.589907
1.507008
1.412075
1.347625
1.201072
1.136615
1.306427
1.498607
1.719452
1.962729
2.203125
2.415466
2.505283
2.560386
2.579444
2.495319
2.399664
2.212516
2.067856
1.945580
1.741487
1.544432
1.478338
1.472322
1.578456
1.390788
1.114284
1.128201
1.221061
1.220735
1.138078
1.055454
1.075334
1.234104
1.473817
1.657961
1.715863
1.664164
1.570235
1.434044
1.270105
1.152659
1.307614
1.444296
1.536130
1.505802
1.684103
1.902278
1.926839
1.800635
1.682094
1.673143
1.696483
1.895677
2.102729
2.305684
2.463367
2.676696
2.941399
3.330001
3.668264
3.895470
4.080368
4.242791
4.302767
4.274444
4.299487
4.560141
4.564739
4.372333
4.004059
3.741144
3.558449
3.347202
3.353888
3.500717
3.519607
3.447286
3.281330
3.039138
2.787932
2.566487
2.521875
2.633085
2.786400
2.967471
3.045655
3.122498
3.125473
3.016881
3.077703
3.526066
3.916708
4.008950
3.720739
3.285733
2.800917
2.569442
2.799144
3.024961
3.132935
3.076729
2.871807
2.657138
2.789989
2.900250
2.885479
2.801297
2.727670
2.625274
2.574189
2.646251
2.707109
2.725607
2.659392
2.504296
2.336972
2.255549
2.432589
2.448509
2.726233
3.008928
3.245893
3.394894
3.517631
3.422629
3.175302
2.840038
2.576723
2.818744
3.067603
3.289838
3.431106
3.621131
3.748608
3.829677
3.794284
3.614437
3.335870
3.392883
3.515290
3.536628
3.528633
3.657290
3.758308
3.701545
3.572320
3.414532
3.549144
4.582303
5.410558
5.802243
5.914584
6.026273
6.272036
6.464346
6.456587
6.642712
6.749738
6.685730
7.018644
7.495058
7.976066
8.425998
8.798799
9.136919
9.308384
9.206857
8.914309
8.508813
8.129786
8.014572
7.823777
7.796236
7.720166
7.909395
7.883787
7.407534
6.772404
7.585138
6.789887
7.011183
7.067943
7.038517
7.647104
8.117912
8.156958
7.697101
7.108342
7.517118
7.980427
8.461626
8.844049
8.931012
9.000429
9.467729
9.967245
10.362740
10.382745
10.013966
9.470450
8.886098
9.256287
9.796399
10.413209
11.091504
11.779284
12.438272
13.014225
13.262990
13.043382
12.529574
11.843361
12.018849
12.803759
13.632853
14.314430
14.353005
13.708029
12.892056
12.141561
11.633010
11.395116
10.845098
10.206032
9.520891
8.825118
8.165228
7.464523
6.583964
5.478621
3.919346
2.895019
2.530685
2.238130
1.905742
1.965286
2.056340
1.955086
1.756241
1.671268
1.838242
1.885936
1.850415
1.705844
1.459239
1.215974
1.024504
1.090850
1.321782
1.573905
1.993228
2.653586
2.927857
2.983721
2.925853
2.606660
2.195612
1.463375
1.068293
0.877942
0.697491
0.524337
0.408721
0.406598
0.371711
0.161220
0.088798
0.033763
0.002503
0.007286
0.013358
0.029671
0.066640
0.072757
0.081557
0.110727
0.161805
0.162106
0.107573
0.062827
0.029294
0.090764
0.214031
0.408032
0.678298
1.021175
1.387906
1.578456
1.153182
0.000000
0.000000
0.000000
0.000000
0.000000
0.000000
0.000000
0.000000
0.000000
