track	type=wiggle_0
fixedStep	chrom=chr	start=1	step=1
0.000000
0.000000
0.000000
0.000000
0.000000
0.000000
0.000000
0.000000
0.000000
0.000000
0.000000
0.006986
0.047098
0.353118
0.727065
0.884372
0.726512
0.510748
0.306431
0.315695
0.220482
0.159531
0.127208
0.109703
0.105622
0.222705
0.434630
0.670298
0.948865
1.276557
1.631844
2.013670
2.277333
2.409504
2.200451
1.826422
1.442434
1.183894
1.065113
0.962643
0.837429
0.822905
0.745289
0.576770
0.515185
0.664465
0.815293
0.931292
1.036986
1.045875
1.356393
1.588372
1.654585
1.661403
1.619708
1.431622
0.926806
0.603095
0.723730
0.956531
1.246200
1.522857
1.754829
1.841078
2.052191
2.199148
2.014949
1.688672
1.308225
1.173671
1.616252
2.167646
2.862223
3.866608
5.397807
6.091358
6.268205
6.298555
6.268205
6.109337
5.493763
4.073883
2.961907
2.252588
1.691560
1.237169
0.880698
0.629827
0.417886
0.266822
0.344024
0.359662
0.276108
0.171877
0.085091
0.052461
0.090445
0.156492
0.217446
0.276962
0.286001
0.273272
0.265401
0.280125
0.261417
0.446184
0.619497
0.712863
0.720109
0.656599
0.586292
0.608472
0.664467
0.668046
0.616097
0.564583
0.525411
0.509203
0.527813
0.511739
0.456817
0.383935
0.312922
0.249024
0.264859
0.307131
0.324928
0.369022
0.381221
0.341590
0.278255
0.292334
0.317048
0.293896
0.320475
0.454033
0.706064
1.012972
1.309181
1.446466
1.317803
1.012601
0.729352
0.614950
0.525555
0.621446
0.842832
1.109409
1.413108
1.691634
1.806040
1.686416
1.409982
1.388145
1.279540
1.254134
1.536354
1.840092
2.130817
2.318250
2.440104
2.429905
2.289380
2.316331
2.650876
3.117947
3.675388
4.309118
5.019656
5.696424
6.143868
6.041301
5.577549
4.948696
5.155930
5.057228
4.627979
4.127535
3.621253
3.321086
3.119945
2.807102
2.489347
2.117565
1.766250
1.472517
1.229300
1.049742
0.906492
0.914335
0.926382
0.863423
0.840606
0.971427
1.139125
1.298849
1.466838
1.646125
1.840601
1.959500
1.918615
1.720508
1.545367
1.340920
1.130791
0.943523
0.776666
0.627406
0.497779
0.563842
0.675701
0.781130
0.848288
0.853710
0.936042
1.075923
1.223347
1.366986
1.463401
1.466044
1.374744
1.236574
1.117298
1.071601
1.016986
0.932877
0.875572
0.913180
0.923168
0.863378
0.899345
0.984552
1.014812
0.953952
0.846621
0.750182
0.662371
0.633072
0.550716
0.602520
0.684679
0.738949
0.727846
0.653406
0.566681
0.495894
0.427949
0.378619
0.355620
0.328920
0.360164
0.389654
0.377579
0.323956
0.260095
0.215067
0.178613
0.172543
0.207636
0.225365
0.200175
0.156354
0.101872
0.074939
0.063431
0.042130
0.029450
0.019087
0.060117
0.062609
0.017795
0.026533
0.065089
0.122604
0.199775
0.298570
0.419758
0.550037
0.661859
0.710020
0.681749
0.591071
0.678759
0.805783
0.994405
1.226660
1.485104
1.632978
1.567899
1.302305
1.257716
1.479957
1.588398
1.734923
1.796693
1.609111
1.611014
1.856602
2.590641
2.945518
3.045702
3.069905
3.076369
3.075950
3.064743
2.988060
2.990853
3.158117
3.365224
3.273378
2.733081
1.917708
1.523942
1.191702
0.862484
0.593679
0.416587
0.494763
0.597357
0.618787
0.536088
0.426914
0.438299
0.451749
0.446995
0.587494
0.653858
0.629529
0.522876
0.418117
0.345491
0.259929
0.175742
0.121620
0.066007
0.050520
0.073569
0.108649
0.112499
0.080411
0.071315
0.176308
0.229664
0.244825
0.247790
0.245207
0.231508
0.182513
0.089119
0.042813
0.084902
0.111504
0.197021
0.297404
0.228416
0.186432
0.156398
0.137719
0.121078
0.122337
0.232955
0.375751
0.470378
0.463762
0.356703
0.213699
0.101592
0.034955
0.005663
0.000000
0.000000
0.000000
0.000000
0.000000
0.000000
0.000000
0.000000
0.000000
0.000000
0.000000
0.000000
0.000000
0.000000
0.000000
0.000000
0.000000
0.000000
0.000000
0.000000
0.000000
0.000000
0.000000
0.000000
0.000000
0.000000
0.000000
0.000000
0.000000
0.000000
0.000000
0.000000
0.000000
0.000000
0.000000
0.000000
0.000000
0.000000
0.000000
0.000000
0.000000
0.000000
0.000000
0.000000
0.000000
0.000000
0.000000
0.000000
0.000000
0.000000
0.000000
0.000000
0.000000
0.000000
0.013305
0.062679
0.152220
0.287723
0.477063
0.724567
1.040918
1.432602
1.857730
2.177360
2.175473
1.852309
1.428121
1.047443
0.789288
0.638233
0.796048
0.958765
1.133658
1.381917
1.784504
2.298566
2.912379
3.637831
4.450348
5.215103
5.876647
5.930017
5.291722
4.499335
3.788948
4.140756
4.512191
4.947301
5.046987
4.735672
4.178707
3.542399
2.943409
2.423425
1.988300
1.840675
2.210654
2.616834
3.007776
3.299341
3.239006
2.906327
2.488598
2.092020
1.739267
1.427873
1.155862
0.921107
0.718364
0.673128
0.934702
1.205790
1.381505
1.371808
1.176390
0.887127
0.621023
0.621513
0.964362
1.428435
2.045510
2.389873
2.519330
2.488958
2.244742
1.629004
1.050870
0.707887
0.442900
0.248820
0.121875
0.043245
0.003893
0.000000
0.004106
0.017628
0.041222
0.075385
0.120236
0.169907
0.210112
0.214843
0.184405
0.144192
0.137002
0.116759
0.082762
0.048841
0.022953
0.006647
0.000130
0.000000
0.000000
0.000000
0.000000
0.000000
0.000000
0.000000
0.000000
0.000000
0.000000
0.000000
0.000541
0.006373
0.008527
0.002818
0.000000
0.000000
0.001759
0.003547
0.000072
0.000000
0.000000
0.003026
0.013119
0.045819
0.101375
0.180779
0.285474
0.414125
0.548086
0.789391
1.208615
1.412259
1.520206
1.889511
2.316811
2.801825
3.358016
3.959263
4.480435
4.713217
4.483826
3.962132
3.402214
2.973181
2.565518
2.587958
3.018464
3.123219
2.947150
2.461428
2.060118
2.265973
2.243967
1.975008
1.766129
1.819959
2.167933
2.202453
1.976119
1.842126
1.977660
2.005887
1.798057
1.450528
1.060487
0.729470
0.642678
0.760469
0.835898
0.867360
1.031160
1.246009
1.480186
1.643488
1.643488
1.482064
1.391865
1.557568
1.770122
1.985592
2.179085
2.266431
2.172284
1.969440
1.934732
1.833117
1.630826
1.671324
1.697153
1.597750
1.495010
1.541770
1.525878
1.473155
1.350103
1.208912
1.123486
1.191669
1.180447
1.071265
1.024136
1.034857
0.961684
1.069578
1.134617
1.115021
1.002666
0.936461
1.040462
1.153340
1.290661
1.435844
1.596107
1.766966
1.934238
2.096115
2.181232
2.166595
2.305699
2.489393
2.676373
2.888880
3.129949
3.379667
3.606743
3.690098
3.620170
3.566499
3.409861
3.173397
3.004513
2.906526
2.722753
2.540612
2.385133
2.222596
2.278973
2.583171
2.848694
3.012158
2.912860
2.683947
2.397331
2.140420
2.256009
2.400229
2.537037
2.650405
2.648956
2.860875
3.163489
3.383839
3.435003
3.349566
3.613614
3.938386
4.229793
4.444544
4.447912
4.240476
4.001466
4.241307
4.660667
5.050927
5.379807
5.449788
5.213540
4.855522
4.471447
4.074699
3.694008
3.507960
3.574960
3.535782
3.367752
3.135140
3.111280
3.340617
3.525411
3.530653
3.357374
3.318444
3.578693
3.803554
3.904404
3.872046
3.706868
3.429194
3.127631
3.184946
3.369377
3.514708
3.504931
3.313581
3.056943
3.217164
3.394891
3.597635
3.834076
4.102911
4.352546
4.458634
4.329351
4.060886
3.741595
3.421766
3.134866
2.904254
2.721227
2.551800
2.415988
2.663107
3.031476
3.427527
3.844126
4.262007
4.571383
4.560307
4.230407
3.793921
3.399297
3.015571
2.663527
2.686122
3.005924
3.327518
3.709742
4.106176
4.423117
4.648218
4.598412
4.283659
3.919317
3.540184
3.177821
2.843647
2.568499
2.304612
2.062859
1.849508
1.764354
1.671409
1.560135
1.423537
1.306996
1.202757
1.213695
1.289446
1.433635
1.604095
1.787037
1.979224
2.181611
2.386391
2.563481
2.681152
2.718313
2.615568
2.461705
2.395288
2.515814
2.551899
2.542944
2.756291
2.953779
3.057389
3.141929
3.154543
3.025730
2.857678
2.795286
2.811880
2.622205
2.819191
3.036567
3.253436
3.456372
3.611892
3.642711
3.673087
3.666631
3.650512
3.476724
3.249207
3.032345
2.916442
2.921900
3.304218
3.692725
3.872715
3.860095
3.600408
3.592975
3.565241
3.440299
3.361811
3.302034
3.105911
2.752225
2.417433
2.052058
1.700347
1.390611
1.309913
1.279281
1.274143
1.393976
1.376576
1.437946
1.586657
1.738582
1.860224
2.013475
2.201372
2.375359
2.423140
2.344770
2.147278
1.964282
1.794981
1.838594
1.918181
1.901688
1.772699
1.610222
1.445650
1.287737
1.177154
1.351460
1.501140
1.604213
1.577398
1.587378
1.865666
2.173728
2.503870
2.823792
3.101188
3.170295
3.064114
2.789175
2.464901
2.327324
2.859233
3.457785
4.017294
4.419342
4.400233
3.960721
3.650134
3.264121
2.837234
2.557106
2.503145
2.285473
2.052597
1.805871
1.592256
1.398975
1.368786
1.497328
1.705577
1.878466
1.885213
1.814489
1.965081
1.919852
1.726979
1.811242
1.925507
1.833038
1.645608
1.397192
1.623872
1.852747
2.044666
2.054678
1.888952
1.642421
1.389446
1.157948
0.962506
0.853537
0.891072
0.849739
0.749501
0.763399
0.804480
0.735063
0.646981
0.776226
0.895738
1.003512
1.039400
0.984036
0.862619
1.223801
1.697200
2.315228
3.180854
3.730227
3.919120
3.914042
3.723797
3.159552
2.271375
1.669481
1.470749
1.533249
1.372724
1.113683
1.186319
1.188556
1.267468
1.314478
1.341185
1.269385
1.286627
1.412158
1.461469
1.405839
1.261588
1.118247
1.083542
1.204733
1.264279
1.205743
1.098469
0.973731
0.828398
0.700059
0.593848
0.639885
0.768093
0.882515
0.931368
0.884708
0.777302
0.681451
0.664563
0.660671
0.616409
0.531258
0.439258
0.364933
0.362265
0.359310
0.451961
0.549368
0.611557
0.692297
0.743667
0.720154
0.768523
0.770191
0.822535
0.802040
0.697106
0.570602
0.449194
0.362426
0.426193
0.530711
0.664612
0.799186
0.927415
0.991736
0.953166
0.890182
0.831004
0.804724
0.842177
0.822056
0.920327
1.074827
1.149902
1.075925
0.934243
1.213968
1.431060
1.501934
1.444654
1.786884
2.148217
2.363941
2.293978
2.050136
2.517509
3.271424
4.355947
5.401685
5.891075
6.123980
6.324024
6.323117
5.627650
4.791253
3.964700
3.228072
2.600818
2.077343
1.623816
1.242858
0.930726
0.671713
0.460020
0.290328
0.163418
0.076658
0.024169
0.001465
0.000000
0.000000
0.000000
0.000000
0.000000
0.000000
0.000000
0.000000
0.000000
0.000000
0.000000
0.000000
0.000000
0.000000
0.000000
0.000000
0.000000
0.000000
0.000000
0.000000
0.000000
0.000000
0.000000
0.000000
0.000000
0.000000
0.000000
0.000000
0.000000
0.000000
0.000000
0.000000
0.000000
0.000000
0.000000
0.000000
0.000000
0.000000
0.000000
0.000000
0.000000
0.000000
0.000000
0.000000
0.000000
0.000000
0.000000
0.000000
0.000000
0.000000
0.000000
0.000000
0.000000
0.000000
0.000000
0.000000
0.000000
0.013397
0.060638
0.151564
0.289745
0.480757
0.729692
1.041999
1.419439
1.783626
1.947009
1.775139
1.424291
1.077767
0.783764
0.587204
0.453276
0.491175
0.703864
0.896716
1.110068
1.236189
1.158047
1.077804
1.419816
1.670628
1.622193
1.506099
1.622185
1.592016
1.333256
0.801864
0.509595
0.426829
0.281402
0.178519
0.236368
0.240097
0.195444
0.260152
0.279638
0.280692
0.264389
0.208085
0.103108
0.026683
0.003682
0.000389
0.000000
0.000000
0.000000
0.000000
0.000000
0.000000
0.000000
0.000000
0.000072
0.006993
0.013463
0.016996
0.018352
0.058000
0.100463
0.079881
0.028938
0.006532
0.001199
0.008185
0.012279
0.011637
0.019248
0.041190
0.057320
0.078783
0.124033
0.175290
0.234188
0.300990
0.378285
0.481937
0.615585
0.744863
0.806136
0.754182
0.646572
0.530335
0.433478
0.397815
0.441481
0.527994
0.559482
0.512464
0.435484
0.352189
0.271871
0.203135
0.146646
0.100565
0.061323
0.096499
0.149760
0.186039
0.191597
0.245774
0.296220
0.312299
0.298024
0.298445
0.296414
0.254575
0.195631
0.147199
0.128163
0.174709
0.211162
0.315164
0.466077
0.587790
0.621113
0.695877
0.909893
1.101407
1.288113
1.362910
1.602149
2.001740
2.363314
2.409145
2.679069
3.173343
3.660789
4.265491
5.000872
5.818216
6.617639
7.183378
7.216068
6.720885
5.907780
5.084842
4.347661
3.870549
4.370354
4.890304
5.138533
5.188250
4.892998
4.345668
3.792794
3.289229
2.831008
2.412383
2.028505
1.682831
1.394337
1.140527
1.017835
1.006778
1.249336
1.518591
1.798968
2.034341
2.159270
2.103985
2.013161
2.001463
1.926688
1.779820
1.784477
1.455249
1.246289
1.265494
1.341331
1.380588
1.318376
1.155745
0.971177
0.798103
0.652843
0.552676
0.631274
0.631975
0.580842
0.498139
0.559317
0.662664
0.708395
0.745548
0.753330
0.765479
0.887226
1.032350
1.181989
1.327674
1.382848
1.343667
1.256139
1.157203
1.512611
2.047592
2.753537
3.854271
4.628457
4.763858
4.289865
3.104220
2.239487
1.636068
1.228837
1.166581
1.210898
1.543091
1.746355
1.882749
1.892244
1.688183
1.338481
0.995934
0.861014
0.829889
0.737451
0.791897
1.094330
1.335765
1.532560
1.307111
1.264963
1.184902
1.071748
0.948075
0.968890
1.121020
1.209531
1.235092
1.283249
1.281577
1.211722
1.207316
1.076359
0.984794
0.952729
0.854932
0.755729
0.749300
0.974515
1.199803
1.310821
1.266722
1.129815
0.967727
0.984260
0.924038
0.793150
0.905568
0.994806
0.974048
0.848998
0.922978
1.002780
0.993653
1.263086
1.604423
1.961178
2.444314
3.081012
3.865484
4.704830
5.427766
5.422063
4.689286
3.822502
3.021109
2.351503
1.788760
1.325944
0.964388
1.195205
1.543811
1.915418
2.166820
2.134733
1.851756
1.476899
1.152333
1.273119
1.468454
1.587170
1.746402
1.902584
1.915574
1.789265
1.538345
1.303361
1.309222
1.588844
1.876361
2.115107
2.118493
1.894421
2.079680
2.197242
2.121011
2.279040
2.812862
3.058706
2.795587
2.271440
1.723467
1.378566
1.457062
1.644101
1.722157
1.682939
1.852401
1.873254
1.647239
1.343477
1.060908
0.909554
0.914045
1.039276
1.245004
1.299031
1.223526
1.030981
1.326131
1.886391
2.125364
2.192249
2.209147
2.189819
2.126581
1.932155
1.486001
1.104579
1.372342
1.769649
2.116282
2.163853
1.988299
1.672171
1.253422
1.066161
1.547450
2.063918
2.432462
2.139411
1.851460
1.658222
1.405209
0.981937
0.783642
0.970892
1.183915
1.299719
1.446854
1.532570
1.332998
0.994587
0.685987
0.664835
1.044471
1.352988
1.041353
0.677037
0.404292
0.472577
0.493012
0.449537
0.468089
0.496336
0.474735
0.394629
0.379130
0.436462
0.476743
0.437134
0.443957
0.585722
0.706400
0.751072
0.769623
0.713537
0.589284
0.468699
0.483980
0.583041
0.484968
0.291310
0.196053
0.187907
0.148173
0.172602
0.180836
0.174795
0.178453
0.248126
0.390017
0.544978
0.609422
0.526356
0.376409
0.292748
0.355740
0.408047
0.431013
0.388613
0.402877
0.401835
0.367486
0.302075
0.233908
0.236674
0.222311
0.174726
0.154542
0.210718
0.236107
0.249143
0.237686
0.233106
0.298086
0.376746
0.434834
0.452155
0.421229
0.459724
0.523359
0.745495
1.011033
1.222855
1.485905
1.570636
1.429756
1.096214
1.383324
2.091050
2.650444
2.868341
2.922260
2.935779
2.931647
2.911546
2.853402
2.631482
2.053641
1.317137
0.966178
0.891494
0.920433
0.878267
0.780054
0.691406
0.607681
0.666648
0.731849
0.728601
0.781858
0.926271
1.002262
0.948184
0.791840
0.807170
1.019897
1.286770
1.601206
1.929255
2.176378
2.257672
2.064540
1.740736
1.527611
1.411108
1.240428
1.482194
1.871037
2.208419
2.356230
2.601613
2.711252
2.561874
2.278463
1.961547
1.670341
1.688126
1.923530
2.157457
2.361550
2.459160
2.376863
2.163049
2.239428
2.509124
2.813186
3.113425
3.395495
3.582629
3.654899
3.487942
3.230181
2.905080
2.585002
2.291787
2.353230
2.522616
2.610308
2.547566
2.443769
2.399254
2.670670
2.990608
3.330228
3.663900
3.916211
4.053140
3.962241
3.869281
3.726333
3.787403
3.952801
4.122112
4.101471
4.233029
4.291928
4.158826
3.897053
3.580252
3.284209
3.117626
3.332340
3.377253
3.260351
3.183507
3.155815
3.095824
3.297079
3.346376
3.493473
4.052349
4.799064
5.427668
5.736774
5.519880
4.844443
4.057340
3.357910
3.153230
3.195639
3.525615
3.729572
3.598786
3.527351
3.595869
4.080013
4.629297
5.184017
5.581972
5.712593
5.662734
5.401002
5.156945
4.847952
4.927986
5.285748
5.525012
5.750618
5.852169
5.813925
5.494918
5.030922
4.552808
4.161198
4.404109
4.344435
4.224487
3.920184
3.965172
4.650701
5.598680
6.725763
8.005900
9.294147
9.973222
9.153307
7.853200
6.608238
5.509167
5.143100
5.877710
6.775882
7.695811
8.215869
7.919621
7.209744
6.294314
5.427345
4.773464
5.066948
5.232604
4.935922
4.415340
3.821985
3.816231
4.038219
4.213230
4.248753
4.209325
4.417556
4.618207
4.720068
4.767595
4.938281
5.229392
5.471478
5.720139
6.040231
6.172426
6.229205
6.282258
6.393618
6.349519
6.105020
5.715972
5.335755
5.030394
4.944753
4.995907
4.922181
4.691132
4.622653
4.730402
4.829774
5.168664
5.433225
5.622761
5.683291
5.592706
5.446958
5.617496
5.812809
5.988678
6.248806
6.281374
6.494629
6.629999
6.528212
6.252412
5.899303
5.543793
5.215656
5.292878
5.135063
4.810270
4.389501
4.308491
4.064519
3.974821
3.828369
3.555672
3.220724
3.574212
3.875077
4.091716
4.162276
4.590140
4.958160
5.117044
5.112944
5.467510
5.495454
5.158057
4.682384
4.218239
4.299637
4.549562
5.139326
5.720978
6.384110
7.159874
7.981846
8.990611
10.023743
10.926778
11.303288
10.965316
10.105161
9.173827
8.377530
8.041326
7.717077
7.215564
7.340130
7.586148
7.356900
6.824629
6.167154
5.538081
4.986150
4.461957
3.968459
3.512986
3.076813
2.714143
2.355737
2.366619
2.396814
2.524339
2.915178
3.610196
3.857849
3.851954
3.621328
3.017052
2.323892
2.141372
1.943012
1.789688
1.627463
1.489195
1.671944
1.876749
2.079980
2.286401
2.463999
2.627039
2.643345
2.486392
2.407897
2.587373
2.827679
3.070262
3.218965
3.214258
3.059321
2.796590
2.513521
2.224581
1.946581
1.717825
1.674391
1.620573
1.520058
1.401516
1.257393
1.138466
1.203788
1.194309
1.330507
1.418330
1.420313
1.345705
1.337368
1.355341
1.424549
1.528353
1.557582
1.478498
1.349720
1.251187
1.412384
1.567425
1.664067
1.674216
1.597022
1.457626
1.294884
1.153713
1.052630
1.015787
0.948114
1.178970
1.453788
2.020428
2.722934
3.293543
3.603430
4.212778
5.198005
6.325338
7.480588
8.355677
8.412183
7.578210
6.440411
6.284550
7.265290
8.379611
9.578076
10.721445
11.417818
11.392736
10.657686
9.438038
8.196875
7.096510
6.174882
5.392955
4.804464
5.405053
6.850251
7.544826
7.738572
7.519609
6.712236
5.265382
4.136315
3.231490
2.931147
3.090798
2.983595
2.691711
2.526583
2.802817
2.963153
2.947150
2.737807
3.098722
3.444694
3.781951
3.953914
3.901670
3.621914
3.297524
2.989158
2.658994
2.350292
2.237493
2.067800
1.844388
1.627874
1.823391
1.877339
1.720530
1.923106
2.091848
2.104352
1.942523
1.728275
1.502433
1.308182
1.159392
1.252042
1.408561
1.510690
1.500131
1.365533
1.205358
1.034052
0.883314
0.869561
0.897425
1.013579
1.144452
1.258363
1.389311
1.558947
1.771957
2.001949
2.186678
2.231075
2.112369
1.941857
1.754146
1.628202
1.474270
1.607515
1.781292
1.922517
1.942422
1.819264
1.629925
1.442118
2.135799
2.983325
3.063149
2.338253
1.652690
1.327436
1.479387
1.614080
1.687631
1.671038
1.557638
1.413592
1.242953
1.081347
1.236218
1.508562
1.884372
2.189613
2.401278
2.455277
2.435458
2.169037
1.996427
1.794675
1.511806
1.176671
1.004545
1.081251
1.212150
1.339140
1.444728
1.478773
1.421904
1.285114
1.191256
1.302127
1.373259
1.375110
1.348509
1.494845
1.594794
1.538416
1.421105
1.269032
1.141916
1.157073
1.188874
1.145128
1.199316
1.109939
1.152835
1.252290
1.352380
1.434581
1.605365
1.927518
2.422314
2.950212
3.623441
4.371492
4.937404
4.982164
4.471898
3.775403
3.104290
2.475311
2.128828
2.386691
2.735813
3.036615
3.045619
2.816387
2.542593
2.294195
2.187891
2.189723
2.289043
2.193521
1.905480
1.610964
1.512276
1.472822
1.517794
1.738525
1.784529
1.644747
1.634682
1.434968
1.552526
1.600348
1.588892
1.725639
1.743865
1.627488
1.478765
1.663134
1.881843
2.113674
2.372827
2.676080
3.018333
3.333181
3.460900
3.376472
3.104421
2.799181
2.542784
2.324052
2.070186
2.103593
2.353090
2.613755
2.825452
2.889263
2.778709
2.547482
2.323855
2.461808
2.574995
2.571260
2.426867
2.327399
2.696460
3.168925
3.690138
4.138477
4.377765
4.156725
3.695976
3.171929
2.721351
2.340019
1.977870
1.688034
1.465010
1.328663
1.211202
1.288395
1.516172
1.753085
1.845198
1.704976
1.472146
1.190306
1.250519
1.434285
1.248924
0.939689
0.628984
0.403053
0.221929
0.091085
0.018528
0.000000
0.000703
0.013534
0.023984
0.053587
0.118657
0.220435
0.357264
0.521425
0.693464
0.831443
0.887338
1.124043
1.477559
1.910791
2.400552
2.907727
3.259840
3.759272
4.526023
5.414193
6.222884
6.440411
5.260611
3.599205
2.250136
0.761288
0.351252
0.065869
0.000000
0.000000
0.000000
0.000000
0.000000
0.000000
0.000000
0.000000
