track	type=wiggle_0
fixedStep	chrom=chr	start=1	step=1
0.000000
0.000000
0.000000
0.000000
0.000000
0.000000
0.000000
0.000000
0.000000
0.026295
0.015946
0.024560
0.116676
0.453077
0.931768
1.006301
0.813875
0.595397
0.449835
0.389934
0.409628
0.766868
1.102372
1.465228
1.622728
1.552464
1.456107
1.682757
1.902595
1.912891
1.720488
1.417715
1.217185
0.951505
0.694946
0.479026
0.412587
0.411584
0.404152
0.373485
0.271606
0.099158
0.189089
0.274151
0.238028
0.220671
0.384987
0.556739
0.718989
0.715361
0.538063
0.338562
0.174785
0.167457
0.260734
0.360415
0.509108
0.705174
0.936886
1.135121
1.242136
1.113932
0.908898
0.672572
0.470688
0.311235
0.304345
0.509941
0.784231
1.133986
1.572658
2.116103
2.800081
3.818579
5.290792
5.935894
6.098646
6.125699
6.098644
5.953848
5.387034
4.029178
2.901450
2.194512
1.639016
1.188819
0.911041
1.059253
1.171342
1.176866
1.101026
1.261469
1.216230
1.197479
1.073305
0.853536
0.644595
0.729855
0.849449
0.962763
1.190342
1.448828
1.741513
2.068543
2.422606
2.733880
2.870685
2.744755
2.438603
2.545432
2.649755
2.649755
2.560023
2.236167
2.028997
2.098213
2.395612
2.902686
3.482632
4.144076
4.893823
5.681191
6.309353
6.509481
6.033319
5.332275
4.573494
4.496948
5.368765
6.339651
7.385007
8.059341
7.434186
6.375952
5.350119
4.552899
4.656734
4.522446
4.017380
3.366102
2.746156
2.271301
2.404208
2.347682
2.095132
2.109818
2.305204
2.248540
2.068811
2.176909
2.396811
2.450032
2.286844
1.981574
1.846884
2.025862
2.044277
1.890704
1.649755
1.547812
1.715528
1.723901
1.637582
1.525235
1.411169
1.117269
1.057644
1.091726
1.004629
0.848393
0.700925
0.624684
0.581245
0.499302
0.537882
0.508515
0.492412
0.556969
0.553805
0.486807
0.397528
0.313233
0.258045
0.299132
0.385964
0.520067
0.682279
0.912657
1.184636
1.474735
1.654059
1.592519
1.427339
1.216503
0.962524
0.725747
0.544168
0.392505
0.255970
0.146424
0.071166
0.057520
0.033638
0.014256
0.003046
0.005174
0.017991
0.050388
0.092767
0.093333
0.026934
0.028322
0.051599
0.082267
0.119618
0.161420
0.201745
0.234376
0.245842
0.221455
0.177585
0.142168
0.157218
0.155083
0.137282
0.174370
0.195059
0.177273
0.141764
0.105207
0.105736
0.109986
0.093522
0.090198
0.074622
0.051773
0.029707
0.013900
0.006661
0.003464
0.000749
0.000287
0.005228
0.014258
0.020849
0.014200
0.005222
0.000098
0.000000
0.000000
0.000000
0.000000
0.000000
0.000000
0.000000
0.000000
0.000000
0.000000
0.002550
0.008844
0.027972
0.098384
0.223613
0.279024
0.224144
0.099276
0.046926
0.024209
0.008585
0.000866
0.000000
0.000000
0.004629
0.034530
0.087587
0.124876
0.120318
0.101255
0.079756
0.153914
0.284727
0.453719
0.664707
0.970914
1.430565
2.116876
2.696393
2.938910
2.938910
2.687935
2.072002
1.341592
0.911091
0.593174
0.368062
0.268730
0.299146
0.315733
0.334379
0.343200
0.430140
0.625650
0.922563
1.275537
1.550545
1.557838
1.283925
0.931227
0.636631
0.415812
0.236145
0.111598
0.039636
0.014546
0.066796
0.204608
0.358249
0.412942
0.348643
0.176401
0.196174
0.207853
0.163671
0.134638
0.216508
0.322903
0.428851
0.467077
0.425255
0.319388
0.238055
0.247796
0.346224
0.453581
0.517343
0.508020
0.426072
0.324956
0.404461
0.527692
0.608402
0.540266
0.510048
0.717194
0.890810
0.888773
0.764698
0.716687
0.584963
0.429186
0.290657
0.182021
0.157729
0.244700
0.348445
0.460278
0.562038
0.607449
0.536483
0.429553
0.311171
0.210369
0.130376
0.070528
0.030852
0.007434
0.000000
0.000000
0.000000
0.000000
0.000000
0.000000
0.000000
0.000000
0.000000
0.000000
0.000000
0.000000
0.000000
0.000018
0.004336
0.037677
0.120206
0.258082
0.462191
0.735707
1.066219
1.514727
1.965833
1.614138
1.149105
0.823907
0.636201
0.500957
0.315574
0.469737
0.786802
1.032120
1.129534
1.155299
1.155299
1.128572
1.014596
0.709389
0.325341
0.169173
0.088685
0.083523
0.032521
0.002048
0.000000
0.000000
0.000000
0.000000
0.000000
0.000000
0.000000
0.000000
0.000000
0.000000
0.000000
0.000000
0.000000
0.000000
0.000000
0.000000
0.000000
0.000000
0.000000
0.000000
0.000000
0.000000
0.000000
0.000000
0.000000
0.000000
0.000000
0.000000
0.000000
0.000000
0.000000
0.000000
0.000000
0.008031
0.053483
0.143385
0.284491
0.483944
0.743879
1.033938
1.254021
1.231459
0.981955
0.765098
0.632085
0.848293
1.129749
1.349894
1.475796
1.398917
1.176480
0.886908
0.628569
0.640765
0.957622
1.389580
1.959724
2.742432
3.368760
3.630582
3.714929
3.624916
3.317002
2.532459
1.684353
1.199423
0.821853
0.528120
0.307762
0.152974
0.056468
0.009840
0.000000
0.000000
0.000000
0.000000
0.000000
0.000000
0.000000
0.000000
0.000000
0.000000
0.000000
0.000000
0.000000
0.000000
0.000000
0.000000
0.000000
0.000000
0.000000
0.000000
0.000000
0.000000
0.000000
0.000000
0.000000
0.000000
0.000000
0.000000
0.000000
0.000000
0.000000
0.000000
0.000000
0.000000
0.000000
0.000000
0.000000
0.000000
0.000000
0.000000
0.000000
0.000000
0.000000
0.000000
0.000000
0.000000
0.000000
0.000000
0.012792
0.035730
0.023335
0.013677
0.038154
0.069049
0.105799
0.147408
0.196925
0.253794
0.318435
0.392199
0.475078
0.560090
0.720812
1.041067
1.448989
1.950841
2.558145
3.316020
4.313904
5.515501
5.906804
5.511616
4.313517
3.412036
3.195585
2.960853
2.521991
2.072176
2.125558
2.547828
2.822009
2.823428
2.517652
2.106395
1.975942
2.118774
2.134465
1.877128
1.575790
1.430082
1.721633
2.046240
2.408926
2.810428
3.202445
3.489734
3.543560
3.300822
3.074448
3.390045
3.570459
3.448279
3.158149
2.779373
2.613156
2.490276
2.886064
3.195875
3.181471
2.825898
2.644752
2.934297
3.256740
3.602368
3.968305
4.363686
4.782622
5.200347
5.549238
5.632577
5.516157
5.855837
6.053964
5.943576
5.530573
5.060567
4.603738
4.401298
4.551876
4.554482
4.307129
4.283947
4.295008
4.275803
4.588411
4.754751
4.655183
4.469142
4.229408
3.930683
3.644419
3.369276
3.140387
2.991446
2.845266
3.068618
3.315966
3.607082
3.904912
4.144291
4.222559
4.272791
4.198647
4.599109
5.381130
6.133348
6.554058
6.506487
7.250751
8.376420
9.702959
11.055387
11.992047
11.810033
10.773170
9.360869
8.018844
6.830536
5.780966
4.914387
5.322360
5.375137
4.965603
4.458451
3.848943
3.252660
3.236747
3.263001
3.092204
2.890616
3.094478
3.314918
3.605742
4.123018
4.409129
4.333326
3.898013
3.494483
3.677171
3.886153
4.053343
4.207824
4.236134
4.452232
4.440866
4.305510
4.042267
3.635371
3.203778
2.781531
2.884407
3.044435
2.997830
2.825508
2.960531
2.926530
3.075120
3.320021
3.578588
3.815406
3.881887
3.789012
3.567301
3.350169
3.146430
2.930762
3.223969
3.476138
3.798893
4.295241
4.831250
5.210251
5.446930
5.590424
5.659758
5.456742
4.948252
4.424227
4.466008
4.864813
5.088023
5.175604
5.197145
5.141076
4.942084
4.358661
3.244918
3.375630
3.435599
3.382140
3.624397
3.891726
4.130037
4.308543
4.414977
4.367310
4.232766
4.439872
4.612368
4.717608
4.602034
4.417103
4.241642
3.967110
3.650275
3.328914
3.044144
2.796098
2.566745
2.652769
2.870252
3.042031
3.731132
4.603592
5.299236
5.896944
6.282988
6.458664
6.491127
6.364436
6.088152
5.816711
5.410560
4.889390
4.284492
3.664774
3.410618
3.142796
3.030228
3.280401
3.547637
3.813754
4.042565
4.155140
4.137865
4.007350
4.276101
4.601353
4.949611
5.311915
5.641085
5.811322
5.765152
5.513079
5.176468
4.831223
4.499016
4.200981
3.947168
4.026851
4.223405
4.314023
4.282505
4.134664
3.932088
4.015801
4.178537
4.172205
4.052773
4.005256
3.917024
3.803280
3.812951
3.773050
3.665617
3.526103
3.479843
3.375196
3.209338
3.145133
3.546545
3.595098
3.907659
4.448281
4.853461
5.061786
5.312512
5.803654
6.161205
7.060043
8.055683
8.647811
7.935626
6.815489
5.588253
4.538568
3.808060
3.258657
2.794260
2.658974
2.774603
2.734827
2.630496
2.932171
3.257274
3.226052
2.818067
2.263068
1.766346
1.722427
1.587244
1.660022
1.830091
1.978795
2.086113
2.078160
1.945398
1.827486
2.028599
2.157884
2.145161
2.115248
2.292543
2.463549
2.554311
2.510031
2.826656
3.158211
3.426006
3.548386
3.430349
3.349221
3.165779
2.973359
2.685413
2.390140
2.139582
2.312619
2.420907
2.480428
2.393055
2.566102
2.777384
2.890007
2.765889
2.876225
3.105151
3.099142
2.896515
2.618816
2.277855
2.185535
2.298479
2.356190
2.274888
2.244174
2.122285
2.078349
1.997698
1.937660
2.048568
1.976769
2.090682
2.135799
2.187085
2.131126
1.958650
1.735957
1.572749
1.625522
1.526179
1.294595
1.300820
1.222199
1.092659
0.939445
0.776459
1.129976
1.531586
1.929083
1.780913
1.457184
0.979057
1.010666
1.331696
1.684764
2.018794
2.225014
2.116317
2.112733
1.961754
1.652398
1.309653
0.996549
1.004548
1.100846
1.520932
2.108482
3.031075
3.636170
3.848134
3.851680
3.643305
3.055832
2.154387
1.507961
1.042662
0.687755
0.672413
0.952024
1.285354
1.614352
1.818170
1.767544
1.460055
1.131155
0.831603
0.580091
0.381775
0.609149
0.949226
1.478215
2.024790
2.353646
2.374217
2.064984
1.443003
0.984582
0.663827
0.432422
0.244368
0.188126
0.277084
0.237307
0.094936
0.015251
0.000000
0.000000
0.000000
0.000000
0.000000
0.000000
0.000000
0.000000
0.000000
0.000000
0.000000
0.000000
0.000132
0.000000
0.000000
0.000000
0.000023
0.000000
0.000000
0.000000
0.000000
0.000000
0.000000
0.000000
0.000000
0.000000
0.000000
0.000000
0.000000
0.000299
0.030043
0.108224
0.230635
0.351164
0.359807
0.251484
0.123280
0.099253
0.178821
0.263977
0.309627
0.279274
0.266147
0.271124
0.336472
0.472736
0.632728
0.779293
0.808465
0.718540
0.602197
0.451802
0.317895
0.395150
0.573621
0.840330
1.178613
1.593743
2.091475
2.634017
3.109224
3.358753
3.088888
2.596900
2.046756
1.569964
1.192391
0.857095
0.583781
0.369756
0.210879
0.288048
0.403281
0.485546
0.525278
0.598706
0.570554
0.447890
0.306200
0.187601
0.099513
0.040558
0.008132
0.000000
0.000000
0.000000
0.000000
0.000000
0.000000
0.000032
0.022281
0.064378
0.143304
0.278887
0.444213
0.364254
0.187241
0.063882
0.013158
0.027374
0.038871
0.039665
0.037380
0.068074
0.113773
0.169836
0.237410
0.319948
0.416870
0.520652
0.577120
0.574632
0.550579
0.490619
0.401278
0.305571
0.220140
0.155982
0.110700
0.086509
0.055329
0.029137
0.077611
0.157073
0.268317
0.413235
0.588684
0.751387
0.759666
0.612166
0.460369
0.315560
0.238312
0.241150
0.219393
0.278454
0.382560
0.509282
0.650867
0.764832
0.936994
1.319272
1.786774
2.264071
2.449732
2.310254
2.377244
2.969477
3.668306
4.441330
5.186037
5.939018
7.005379
8.160028
9.040610
9.066907
8.244745
7.378704
6.620220
5.816299
5.112179
4.428361
4.049396
4.068258
4.282228
4.051512
3.536064
2.964772
2.419243
1.948172
1.551085
1.214766
1.107768
1.169228
1.189041
1.088688
0.928964
0.756988
0.670078
0.729984
0.691975
0.548880
0.398025
0.268418
0.165079
0.236549
0.321729
0.421861
0.542777
0.677395
0.810533
0.905129
0.932336
1.027691
1.209697
1.392974
1.529160
1.549595
1.425658
1.261697
1.080834
0.925083
0.942733
1.004225
1.011643
0.955290
0.904104
0.818095
0.956407
1.130882
1.337257
1.560142
1.724961
1.766512
1.667521
1.478410
1.583857
1.789311
2.011205
2.196992
2.335332
2.365385
2.597008
2.795175
2.970299
3.006238
2.918417
2.759967
2.812077
2.846417
2.760574
2.553964
2.316299
2.124469
2.004037
1.861691
1.693139
1.550218
1.643628
1.622604
1.606749
1.617793
1.553422
1.472742
1.424868
1.315159
1.206926
1.075769
1.173098
1.351759
1.433347
1.351709
1.323165
1.582051
1.912290
2.291104
2.712793
3.183910
3.698830
4.273505
4.911798
5.604511
6.395789
7.275799
8.156497
8.788455
8.779529
8.124465
7.227839
6.359787
5.603152
5.967168
6.513175
7.142866
7.818877
8.549229
9.347746
10.044632
10.266216
10.007478
9.419096
9.190208
9.372439
9.085391
8.423984
7.684061
6.988893
6.384384
5.875617
5.488316
5.388411
5.697692
5.652376
5.646768
5.763539
5.618166
5.416146
5.246357
4.894333
4.514679
4.111856
3.737790
4.160760
4.923735
5.686829
6.695131
7.929890
9.346707
9.358850
7.974187
6.685195
5.560622
4.608838
3.731819
2.974881
2.330045
1.793592
1.459032
1.725604
2.108909
2.394585
2.576166
2.518912
2.734328
2.718736
2.452214
2.073462
1.681198
1.326865
1.037009
0.790596
0.678728
0.595688
0.488076
0.490248
0.530478
0.500849
0.483418
0.495427
0.539435
0.493502
0.397490
0.287273
0.319525
0.315384
0.362739
0.465434
0.584224
0.703763
0.817551
0.907077
0.953800
0.966802
0.939396
0.978748
0.954055
0.873594
0.781146
0.691031
0.604161
0.505357
0.424852
0.416076
0.353148
0.236634
0.152326
0.101406
0.055741
0.035104
0.005327
0.000197
0.001946
0.002801
0.003346
0.001386
0.000000
0.001461
0.009185
0.025092
0.041940
0.053530
0.070427
0.081106
0.077982
0.077932
0.057186
0.039461
0.117085
0.225674
0.273181
0.223385
0.109648
0.029620
0.002453
0.006591
0.007411
0.002766
0.000000
0.000000
0.000000
0.000000
0.000000
0.000000
0.000000
0.000000
0.000000
0.000000
0.000000
0.000000
0.000000
0.000000
0.000104
0.000000
0.000000
0.000000
0.000000
0.000000
0.000000
0.000000
0.000000
0.005565
0.011606
0.006914
0.001055
0.000000
0.000000
0.000000
0.000002
0.025504
0.106751
0.251861
0.463444
0.730503
0.974553
0.985945
0.755028
0.493968
0.302359
0.232160
0.156076
0.158886
0.139780
0.243626
0.385264
0.538972
0.678233
0.745545
0.699449
0.535178
0.360208
0.289152
0.505807
0.772303
1.082257
1.449312
1.749198
1.994011
2.135360
1.929205
1.606216
1.216832
0.852718
0.577033
0.491409
0.750585
0.848723
0.765464
0.526290
0.268454
0.109341
0.025197
0.001652
0.000467
0.001061
0.003357
0.010216
0.027592
0.027584
0.010876
0.003777
0.001807
0.000443
0.000362
0.000147
0.000000
0.000000
0.000000
0.000000
0.000000
0.000000
0.000000
0.000000
0.000000
0.000000
0.000000
0.000000
0.000000
0.000000
0.000000
0.000000
0.000000
0.000000
0.000000
0.000000
0.000000
0.000000
0.000000
0.000000
0.000000
0.000000
0.000000
0.000000
0.000000
0.000000
0.001409
0.031122
0.057266
0.033241
0.003357
0.000000
0.000000
0.000000
0.000918
0.021010
0.056369
0.154712
0.235570
0.282959
0.291740
0.282639
0.250236
0.224530
0.194957
0.127251
0.032981
0.000315
0.000000
0.000000
0.000000
0.000000
0.000000
0.000000
0.000000
0.000000
0.000000
0.000000
0.000000
0.000000
0.000000
0.000000
0.000000
0.000000
0.000000
0.025176
0.100114
0.193105
0.205198
0.118129
0.058594
0.051080
0.045505
0.043001
0.042884
0.044271
0.044598
0.044080
0.081312
0.136215
0.196017
0.232696
0.219513
0.162240
0.104613
0.071392
0.056815
0.042560
0.053332
0.103747
0.209076
0.338252
0.433338
0.453137
0.603252
0.810640
1.058270
1.343889
1.653888
1.970597
2.197918
2.164690
1.884173
1.553679
1.234508
0.981897
0.915734
0.969917
0.952991
0.847988
0.710392
0.576437
0.503040
0.505603
0.431097
0.329804
0.430550
0.521481
0.551510
0.611452
0.681590
0.646677
0.548423
0.533750
0.610104
0.619062
0.564197
0.685395
0.830566
1.067434
1.341612
1.557714
1.743486
2.077761
2.440168
2.840343
3.249748
3.579545
3.771827
3.580636
3.238186
2.828078
2.446853
2.153376
2.060543
1.878127
1.653279
1.902172
2.164148
2.402843
2.530061
2.436557
2.193951
1.896340
1.623918
1.598205
1.633045
1.600730
1.831278
2.067345
2.265377
2.488047
2.741125
3.032849
3.382250
3.721261
3.972212
4.039951
3.844609
3.573577
3.293329
2.977448
3.069687
3.381233
3.687082
3.926700
4.045785
3.921965
3.664061
3.336100
3.015496
2.710982
2.406897
2.128314
1.877717
1.642086
1.406633
1.193178
1.303527
1.454245
1.526733
1.781372
2.634813
3.240097
3.421325
3.254459
3.018494
3.646209
3.976112
4.164089
4.253226
4.439983
4.627343
4.906666
5.314040
5.909459
6.587620
7.083950
7.380936
7.514966
7.479870
7.703158
7.657401
7.432778
7.118693
6.857055
6.804920
6.768123
6.501197
6.520339
7.705705
9.070364
10.569607
11.941750
12.503533
11.844764
10.411353
8.915892
7.589325
6.937541
7.994471
9.156952
10.311790
10.983887
11.130095
10.602884
9.665623
8.520712
7.354625
6.353867
5.505833
5.678493
6.119694
6.574193
7.092427
7.528070
7.794679
7.894041
7.744741
7.545526
7.793437
8.323026
8.723908
8.864078
8.748067
9.014112
8.875699
8.495387
8.121112
8.132609
8.469645
9.077882
9.725768
10.393157
11.124393
11.879347
12.502573
12.696074
12.227511
11.448436
10.564053
10.250252
10.558271
10.459178
9.973119
9.364018
8.679380
8.552144
8.343060
7.707628
7.088030
6.829497
7.242207
7.605927
7.824453
7.970501
7.767227
7.903381
8.883994
9.946408
11.100478
12.314537
13.550024
15.055851
16.732824
18.568031
20.615757
22.864210
25.299559
27.898623
30.269058
31.078146
30.125246
27.669031
25.030832
22.635994
20.489502
18.545992
16.770288
15.139100
13.649923
12.288720
11.079790
10.124204
9.782928
9.181009
8.944101
9.513681
10.300220
11.228163
12.211535
12.923392
13.035677
12.549978
11.617347
10.641087
9.745758
8.953715
8.219295
7.513453
6.830299
6.191325
6.132925
5.911396
5.619080
5.167753
5.185642
4.969254
4.644676
4.394974
4.348430
4.437180
4.722870
4.916677
4.939301
4.808867
4.971419
4.934836
5.195777
5.256926
5.099665
4.929696
5.180079
5.251978
5.130552
5.044446
4.973979
5.036233
5.102290
4.898292
4.745313
5.059539
5.326471
5.608212
5.868464
6.109298
6.465868
6.726341
6.706179
6.422648
6.692430
7.137506
7.431265
7.473736
7.516041
7.928309
8.346731
8.776067
9.169106
9.543836
9.961591
10.452308
10.999483
11.552846
12.105784
12.546627
12.911686
13.431351
13.778823
13.936263
13.851400
13.475765
12.872458
12.186073
11.473043
10.833287
10.367125
9.860248
9.339181
9.360762
9.658674
9.849847
9.723804
9.474807
8.915557
8.051895
7.034692
5.746205
4.702064
4.917631
5.196251
5.193551
4.932712
4.588759
4.192834
3.816824
3.481308
3.181398
2.859484
3.254168
3.651446
4.144223
4.699844
5.225924
5.576658
5.465129
5.058264
5.536071
6.274643
7.089734
7.893771
8.510286
8.526810
7.972322
7.139177
6.332331
5.647279
5.194669
4.793295
4.450853
4.299321
4.982767
6.148872
6.495560
6.192839
5.108572
3.998535
3.953552
4.283506
4.412817
4.227742
3.897949
3.615433
3.538575
3.500796
3.626484
3.602424
3.346265
3.023265
2.669131
2.740192
2.981063
3.203659
3.231070
3.023606
2.752263
2.470646
2.355769
2.423483
2.686515
2.879342
2.913476
2.796202
2.869698
2.854917
2.653011
2.376972
2.085194
1.809793
1.546506
1.402620
1.422784
1.376518
1.528013
1.662779
1.723464
1.679606
1.601112
1.551305
1.439539
1.359705
1.503268
1.607890
1.622941
1.533034
1.392735
1.285115
1.198687
1.112586
1.191887
1.284772
1.372872
1.405000
1.392227
1.579110
1.780501
2.034681
2.267146
2.354047
2.352123
2.393968
2.592508
2.919657
3.195412
3.394898
3.533681
3.741050
4.000779
4.247788
4.442640
4.462803
4.260427
3.985899
3.685334
3.467471
3.286498
3.126934
2.967529
2.942178
2.899032
2.745829
2.537813
2.347825
2.158921
2.098937
2.077379
1.951029
1.819927
2.021175
2.222546
2.300262
2.265499
2.133006
1.983030
1.886041
1.993668
2.243831
2.464318
2.534296
2.456597
2.441000
2.337508
2.177518
2.132761
2.204472
2.341948
2.404781
2.311177
2.326547
2.363383
2.336751
2.315762
2.328050
2.315872
2.467538
2.706228
2.954310
3.255574
3.596979
3.972898
4.346252
4.632240
4.678411
4.448115
5.330562
5.732515
5.762321
5.392509
4.795573
4.530764
4.172761
3.836724
3.567517
3.277014
3.199242
3.146101
3.295273
3.702500
4.102463
4.328091
4.192419
3.826610
3.999244
4.448295
4.898726
5.410634
5.977436
6.494744
6.707529
6.511480
6.004340
5.494746
5.386243
5.110015
4.758986
4.394253
4.060486
3.701397
3.355330
3.414731
3.727863
3.962157
4.026963
4.097755
3.966757
3.941283
3.902761
3.708332
3.386868
3.557316
4.016634
4.412735
4.761274
4.882428
4.821219
4.918022
4.719967
5.085098
5.279668
5.094961
4.629418
4.124845
3.628632
3.196110
2.820323
2.467150
2.134074
1.839513
1.611579
1.648484
1.579723
1.281329
0.734816
0.855679
0.986758
0.985877
0.851126
0.718032
0.596566
0.668733
0.879108
1.100334
1.264151
1.309935
1.213853
0.996176
0.975797
1.259471
1.335645
1.137173
0.830540
0.552890
0.331828
0.208402
0.080822
0.037192
0.088695
0.171119
0.285278
0.430400
0.589869
0.710106
0.602900
0.276802
0.253485
0.172938
0.143097
0.095540
0.027836
0.018918
0.055501
0.139309
0.273926
0.459078
0.690738
0.992792
1.343563
1.591813
1.603872
1.680508
1.059537
0.756018
0.945852
1.308183
1.759822
0.090836
0.000000
0.000000
0.000000
0.000000
0.000000
0.000000
0.000000
0.000000
