track	type=wiggle_0
fixedStep	chrom=chr	start=1	step=1
0.000000
0.000000
0.000000
0.000000
0.000000
0.000000
0.000000
0.000000
0.000000
0.002504
0.000000
0.001460
0.039095
0.122089
0.277329
0.359523
0.408904
0.510722
0.663436
0.712386
0.719252
0.699501
0.661597
0.990930
1.221256
1.372489
1.588441
1.936456
2.263974
2.280640
1.958751
1.592150
1.262695
0.985980
0.694574
0.448956
0.417422
0.416414
0.408965
0.378202
0.275832
0.100081
0.018329
0.015208
0.071948
0.185525
0.347415
0.522494
0.681177
0.677734
0.504186
0.301305
0.141690
0.043945
0.002632
0.007431
0.039042
0.088549
0.166107
0.229709
0.223015
0.146055
0.069161
0.017261
0.000010
0.000000
0.000000
0.006583
0.062068
0.180906
0.372133
0.654950
1.073045
1.850346
2.352851
2.499236
2.527426
2.527426
2.527426
2.510825
2.417072
2.054839
1.256063
0.716866
0.411122
0.207802
0.077875
0.060239
0.095460
0.116304
0.091110
0.054540
0.058987
0.089848
0.106969
0.096039
0.063305
0.031823
0.076700
0.147068
0.242999
0.365524
0.516632
0.697816
0.908911
1.134805
1.293499
1.339456
2.144320
2.558051
2.669895
2.669896
2.581593
2.263647
1.547424
1.747642
2.184350
2.692627
3.274066
3.941548
4.702013
5.506354
6.162617
6.379920
5.932846
5.208642
4.402642
4.421643
5.326029
6.322376
7.388630
8.081046
7.387973
6.285962
5.203067
4.235790
3.408606
2.702295
2.507921
2.865428
3.027246
2.965725
2.665028
2.302046
2.277619
2.110126
2.496520
2.936859
3.203419
3.155140
2.873487
2.445608
2.020506
1.643236
1.318040
1.110952
0.971951
1.075846
1.598823
1.725367
1.633586
1.542723
1.355517
1.574988
1.814879
2.055532
2.278529
2.369176
2.295170
2.096607
1.959675
1.917588
1.738407
1.968549
2.215579
2.362438
2.295301
2.119877
1.919765
1.878499
1.748913
1.536620
1.319672
1.125220
0.973436
1.024958
1.169664
1.242314
1.226944
1.114237
1.290554
1.240680
1.018257
0.699387
0.819361
0.886916
0.972357
1.070877
1.076310
0.979733
0.858058
0.727290
0.671701
0.782092
0.903516
1.018570
1.046497
1.193257
1.193909
1.041660
0.820736
0.785604
0.908763
1.021648
1.108167
1.110539
1.077486
1.120421
1.076843
0.969862
0.852632
0.955693
1.053822
1.077032
1.096760
1.082191
1.048918
0.957715
0.841974
0.791680
0.913428
1.016430
1.058442
1.010897
0.910604
0.793750
0.686262
0.643157
0.610834
0.608038
0.723683
0.827347
0.923389
1.006838
1.044072
0.986380
0.875624
0.745494
0.620324
0.602892
0.692387
0.724179
0.668958
0.574713
0.475585
0.375976
0.284418
0.218386
0.186849
0.171451
0.221364
0.247816
0.272569
0.251342
0.179773
0.158061
0.133352
0.099202
0.124849
0.247571
0.421109
0.643329
0.888489
1.042113
0.981571
1.063246
1.129475
1.460865
1.902833
2.500904
3.401370
4.630822
5.394231
5.605926
5.407198
4.711357
3.609593
2.750506
2.068144
1.516166
1.069458
0.718836
0.747846
0.842823
1.066016
1.261257
1.246239
1.036393
0.774054
0.568089
0.520447
0.609769
0.763318
0.854168
0.859035
0.785995
0.727693
0.666648
0.669635
0.719072
0.839810
0.971333
1.026757
0.919884
0.752899
0.583477
0.596044
0.703409
0.792870
0.854057
0.850835
0.948131
0.940812
0.867460
1.167216
1.490540
1.818542
2.265248
2.436232
2.276419
1.840220
1.496619
1.377624
1.205558
1.156965
1.194292
1.190485
1.086037
0.940109
0.920738
1.176767
1.468104
1.791691
2.098350
2.241184
2.115806
1.811243
1.486993
1.215148
0.995361
1.191879
1.442825
1.712211
1.976441
2.223172
2.408821
2.428980
2.301045
2.104556
1.828687
1.554891
1.297702
1.075760
0.896030
0.827288
0.780298
0.656368
0.517687
0.391524
0.283626
0.278666
0.481075
0.687122
0.872364
1.185191
1.505104
1.502917
1.288225
1.010420
0.791402
0.666062
0.721071
0.843549
1.045271
1.407642
1.867669
2.457080
3.196976
3.872510
3.168705
2.425956
1.884745
1.508930
1.106617
0.772121
0.488481
0.764974
1.026153
1.129175
1.155869
1.155869
1.129175
1.016236
0.714169
0.336441
0.279388
0.261825
0.159029
0.063331
0.007944
0.019145
0.020236
0.009664
0.002448
0.004223
0.007737
0.030395
0.067156
0.113707
0.147002
0.138271
0.100801
0.058705
0.024433
0.004852
0.022776
0.049200
0.050083
0.026059
0.007952
0.005096
0.029175
0.074629
0.140157
0.218460
0.263701
0.237867
0.177942
0.105469
0.049150
0.014731
0.045636
0.130359
0.273672
0.487027
0.776202
1.149951
1.606703
2.137769
2.674621
2.670527
2.159290
1.700272
1.335370
1.596458
2.032376
2.468314
2.881573
3.172769
3.017697
2.618751
2.119070
1.658996
1.269376
0.944950
1.358280
1.938719
2.737862
3.349124
3.583944
3.635648
3.578210
3.312005
2.596011
1.726145
1.200245
0.803649
0.501065
0.279341
0.129328
0.104212
0.141184
0.141529
0.104936
0.054060
0.017693
0.001145
0.000000
0.000000
0.000000
0.000000
0.000000
0.000000
0.000000
0.000000
0.000000
0.000000
0.000000
0.001613
0.009113
0.012607
0.005865
0.000325
0.000000
0.000000
0.000000
0.000000
0.000149
0.028463
0.111600
0.257490
0.462115
0.656307
0.793306
0.718529
0.497330
0.279023
0.125511
0.035490
0.003006
0.001481
0.000000
0.000000
0.000000
0.000000
0.000000
0.000000
0.000000
0.000000
0.014562
0.066633
0.129103
0.147113
0.097292
0.130295
0.251492
0.419662
0.629436
0.823920
0.893730
0.789566
0.596279
0.404804
0.280276
0.275039
0.208463
0.229959
0.451747
0.791855
1.301376
1.582641
1.692130
1.692131
1.582533
1.307119
0.851509
0.696587
0.917333
1.054878
1.301836
1.892410
2.329982
2.052654
1.440035
1.000037
0.656285
0.404065
0.412069
0.600148
0.836323
1.108077
1.437233
1.713877
1.709926
1.435190
1.190754
0.970748
0.952468
1.103385
1.220116
1.612582
1.919563
2.045802
1.838034
1.434060
1.045927
0.727541
0.499300
0.519670
0.580925
0.549388
0.488263
0.434097
0.314071
0.202716
0.114709
0.053771
0.018101
0.037860
0.081474
0.139313
0.208912
0.294722
0.363373
0.384338
0.328162
0.236611
0.153616
0.092274
0.056295
0.084395
0.097664
0.083586
0.070587
0.049087
0.027186
0.027953
0.054196
0.077285
0.078422
0.062271
0.048202
0.046298
0.049066
0.088760
0.135653
0.175902
0.223927
0.243919
0.242597
0.352790
0.427104
0.367859
0.256029
0.172993
0.128763
0.221396
0.381401
0.592535
0.794706
0.653527
0.560424
0.457959
0.499447
0.579261
0.604459
0.611546
0.673003
0.783663
0.911202
1.001282
1.005835
0.922798
0.806297
0.695496
0.586329
0.481455
0.571243
0.818819
1.138214
1.487186
1.821498
1.938985
1.811514
1.445137
1.073828
0.764785
0.516875
0.602765
0.746878
0.918507
1.135530
1.402571
1.704213
2.045064
2.408108
2.700769
2.803051
2.628415
2.280212
1.908192
1.617384
1.461702
1.302945
1.079471
0.895506
0.741817
0.581656
0.439469
0.624127
0.796276
1.067688
1.253414
1.696129
2.227755
2.764419
2.995780
2.770519
2.248800
1.714781
1.256188
0.889004
0.619434
0.444788
0.291264
0.292117
0.348884
0.417029
0.500962
0.596388
0.694970
0.807479
0.935131
1.029397
1.073447
1.013059
0.910999
0.822696
0.724759
0.626907
0.664212
0.757366
0.812542
0.802382
0.727088
0.716941
0.692810
0.612036
0.533186
0.620432
0.681617
0.675213
0.777100
0.835586
0.748104
0.687180
0.665818
0.579880
0.500162
0.466772
0.464908
0.481713
0.460141
0.440262
0.390167
0.395958
0.389320
0.401285
0.447936
0.510004
0.598580
0.664580
0.665794
0.640008
0.631745
0.577407
0.602908
0.491379
0.401396
0.414688
0.372161
0.319930
0.312982
0.386387
0.449507
0.518594
0.539451
0.541225
0.701093
0.857163
0.951295
0.961664
1.071375
1.148977
1.179880
1.362564
1.623726
1.885047
2.093446
2.154242
2.191944
2.323184
2.498006
2.496640
2.459806
2.619815
3.008372
3.645481
4.280840
4.673781
4.459177
4.097799
4.809228
5.547017
6.155417
6.413268
6.140133
5.758824
5.345598
5.272217
5.731399
6.493525
7.259388
7.797760
7.837406
7.315665
6.495980
5.740185
5.989942
7.023251
8.048414
9.121471
10.327190
10.814282
10.297950
9.023753
7.675830
6.476596
5.457227
4.557477
3.848224
3.196968
2.655317
2.197392
2.466463
2.811718
3.163001
3.156718
2.751984
2.433474
2.605818
2.594791
2.409953
2.627135
2.880784
3.086727
3.117884
3.002664
2.788902
2.735924
2.995120
2.986817
2.728332
2.423639
2.207138
1.989558
2.134891
2.327931
2.403200
2.393862
2.295394
2.366847
2.295024
2.097147
1.996501
1.940584
2.091054
2.278400
2.457725
2.634230
2.857709
3.112098
3.322940
3.425622
3.552633
3.817594
3.999675
4.072317
3.994786
3.808339
3.741366
4.026062
4.270980
4.489615
4.574444
4.430216
4.349616
4.234808
3.984690
3.650181
3.323535
3.043023
2.784807
2.567596
2.373492
2.273441
2.370125
2.295320
2.160128
2.005254
1.944844
1.964105
1.868162
1.876717
1.677943
1.479246
1.531173
1.552971
1.557820
1.572476
1.513444
1.412105
1.416373
1.459968
1.496954
1.428641
1.471249
1.517313
1.488037
1.488581
1.409826
1.397090
1.332978
1.363752
1.328087
1.303221
1.309500
1.298282
1.566792
2.205406
3.064377
3.615001
3.822215
3.835492
3.661598
3.152792
2.355059
1.772964
1.575445
1.328983
1.017627
0.874337
1.194293
1.508113
1.665990
1.631199
1.642865
1.443492
1.177797
0.894026
0.663319
0.605745
0.968992
1.476832
1.919345
2.013385
1.843554
1.636586
1.838800
2.057709
2.195742
2.240950
2.229113
2.099823
1.726215
1.103876
0.669922
0.400765
0.277760
0.279864
0.297536
0.339407
0.362363
0.361746
0.321893
0.253356
0.226491
0.171706
0.140730
0.166398
0.196956
0.185097
0.141327
0.106468
0.079467
0.098176
0.098629
0.120946
0.168304
0.241380
0.286195
0.252344
0.196056
0.204956
0.270183
0.290491
0.250500
0.297784
0.473508
0.699736
0.943389
1.093969
1.198601
1.328656
1.199478
1.009149
0.949450
1.096924
1.188317
1.182788
1.196084
1.269841
1.195256
0.978552
0.722106
0.715633
0.709757
0.592332
0.790631
1.158759
1.618261
2.179860
2.849910
3.628296
4.615724
4.733907
3.970181
3.145141
2.409798
1.784259
1.288490
0.902815
0.621856
0.451458
0.476833
0.531633
0.541237
0.703481
0.883641
0.984180
0.832361
0.698437
0.889756
1.055108
1.097071
1.042918
0.981758
0.830892
0.946935
1.067834
1.041521
0.903698
0.696666
0.481922
0.327931
0.368513
0.567464
0.854785
1.227789
1.688909
2.220134
2.731616
3.141903
2.808334
2.226230
1.694204
1.241244
0.879877
0.602792
0.534104
0.531655
0.463926
0.364534
0.292629
0.360839
0.458131
0.582554
0.734179
0.906090
1.095137
1.275497
1.364510
1.328521
1.297057
1.161316
0.998190
0.842458
0.858977
0.995998
1.045193
0.985005
0.836333
0.828943
0.967102
1.157039
1.381127
1.638230
1.930953
2.224565
2.388512
2.415894
2.248661
1.978270
1.679472
1.400084
1.152859
1.490341
1.508589
1.635366
2.172332
2.768981
3.217493
3.341160
3.064832
2.637511
3.003985
3.482216
4.033769
4.667515
5.366707
6.142143
6.996004
7.854630
8.525517
8.544309
7.907182
7.070806
6.202004
5.411695
4.713049
4.103929
3.574976
3.057152
2.577346
2.167261
1.892475
1.953547
1.839794
1.629342
1.638313
1.818129
1.816953
1.631893
1.381604
1.151629
1.130705
1.315376
1.523435
1.666170
1.782802
1.871538
1.801166
1.700797
1.648536
1.697934
1.838349
2.013906
2.209697
2.418604
2.627400
2.783323
2.942110
3.034807
3.028882
2.934273
2.782688
2.713703
2.749382
2.900792
3.227563
3.469378
3.537705
3.418007
3.357256
3.405878
3.353006
3.276778
3.564214
3.954619
4.385240
4.828676
5.273058
5.714445
6.135993
6.427379
6.511236
6.345970
6.077889
5.906744
6.016367
5.904173
5.597181
5.264384
4.915494
4.580050
4.278292
4.021414
3.798388
3.531455
3.302152
3.578944
3.837065
4.068968
4.179162
4.270023
4.223422
3.994761
3.697049
3.415547
3.262718
3.296199
3.445827
3.681079
4.271791
4.847884
5.315997
5.526802
5.416095
5.552949
5.849230
6.074014
6.068498
5.877437
5.853623
5.986588
6.678835
7.446899
8.297772
9.256030
10.329291
11.499012
12.761038
14.043618
15.149842
15.415645
15.145673
14.571087
13.478883
12.306062
11.164552
10.244146
9.713359
8.970253
8.416198
8.645832
8.504410
8.029057
7.370413
6.852873
6.371160
5.935246
5.638393
5.623233
5.374496
5.386489
5.438231
5.414892
5.602322
5.892657
6.191308
6.393681
6.426681
6.328024
6.125910
5.715917
5.215126
4.749008
4.290052
3.885102
3.941697
4.094255
4.011039
3.780643
3.440530
3.087845
2.753742
2.527814
2.292777
2.193983
2.376341
2.562552
2.638238
2.539076
2.325078
2.111746
1.907449
1.712761
1.747696
1.858870
1.873867
1.841552
1.776260
1.731065
1.722944
1.654147
1.501938
1.374110
1.368214
1.395223
1.529645
1.817674
2.123393
2.151827
2.031242
2.133848
2.187565
2.328462
2.446829
2.437246
2.281409
2.082821
1.878646
1.969222
2.054114
2.223478
2.390336
2.460819
2.458369
2.409838
2.406782
2.317679
2.173562
1.920004
1.975453
2.073170
2.241548
2.338893
2.470244
2.594879
2.686119
2.764977
2.817937
2.751409
2.573225
2.339952
2.051798
1.874406
1.753183
1.587108
1.425613
1.284145
1.157458
1.040723
0.883560
0.735628
0.545036
0.609000
0.714500
0.797254
0.804354
0.732251
0.634712
0.526720
0.424378
0.325289
0.234637
0.162372
0.152773
0.128732
0.113233
0.162502
0.221625
0.265650
0.350516
0.454291
0.654337
0.648498
0.451736
0.266785
0.198820
0.243000
0.354225
0.453355
0.481655
0.435726
0.328650
0.223602
0.289757
0.325902
0.319481
0.399960
0.466675
0.504040
0.521082
0.530236
0.640824
0.811453
1.073452
1.370138
1.667277
1.905930
2.013734
1.857778
1.969904
2.294257
2.655705
2.999712
3.397663
3.834319
4.255925
4.527432
4.358440
4.025764
3.637519
3.226998
2.819699
2.449616
2.120964
1.862755
1.634573
1.393907
1.159688
0.965966
0.818294
0.795506
0.702740
0.668666
0.656231
0.775151
1.111221
1.490148
1.776070
1.926861
1.971139
2.192043
2.334970
2.143219
1.791801
1.739845
1.760628
1.985200
2.508653
3.009712
3.182792
2.739749
2.184819
1.655358
1.207936
0.850965
0.567327
0.407842
0.562468
0.673882
0.673167
0.562565
0.443236
0.375422
0.356316
0.342580
0.274702
0.186236
0.117118
0.077014
0.046173
0.031912
0.046069
0.035126
0.011659
0.000423
0.000024
0.002957
0.003490
0.001353
0.002093
0.030177
0.084566
0.145117
0.219432
0.294029
0.372776
0.442506
0.490299
0.481122
0.474066
0.526005
0.579334
0.578557
0.518731
0.437371
0.361748
0.297075
0.239080
0.201197
0.183453
0.178820
0.159643
0.175274
0.162733
0.118488
0.092706
0.113138
0.113204
0.096698
0.152801
0.212976
0.229776
0.233283
0.259721
0.316693
0.346447
0.334336
0.301634
0.263562
0.248428
0.226430
0.178613
0.173060
0.130670
0.127273
0.147944
0.142292
0.110626
0.071296
0.050360
0.059299
0.087174
0.106380
0.106843
0.089086
0.095073
0.156926
0.239624
0.299708
0.481372
0.749952
1.073154
1.545027
2.239171
2.579742
2.669269
2.680352
2.681534
2.683387
2.662936
2.555037
2.174816
1.425484
0.912156
0.638269
0.552713
0.490947
0.572450
0.628897
0.724757
0.857984
0.953417
0.974662
1.161741
1.373417
1.643360
1.968228
2.329598
2.761524
3.245484
3.762485
4.271410
4.625829
4.603575
4.219582
3.698529
3.179395
2.715683
2.310843
1.958219
1.643396
1.357324
1.101438
0.876348
0.698117
0.836231
1.021108
1.240910
1.495760
1.776723
2.038665
2.141682
2.078019
1.871287
1.692577
1.727192
1.727957
1.903425
2.134710
2.396527
2.678582
2.965143
3.119054
3.093010
2.926654
2.703845
2.437394
2.197186
1.933583
1.666123
1.416369
1.203084
1.046765
1.213837
1.392360
1.573142
1.709688
1.747567
1.646372
1.570781
1.533320
1.397032
1.238154
1.085527
0.947438
0.883966
1.113540
1.361037
1.591240
1.871611
2.086349
2.167470
2.261799
2.236706
1.991859
1.680729
1.775419
1.910721
1.819684
1.581797
1.633772
1.801890
1.868914
1.828930
1.685789
1.707042
1.598791
1.451808
1.335321
1.174528
1.035422
0.943233
0.934203
0.908983
0.873583
0.929794
1.152452
1.143126
0.965105
1.113312
1.282624
1.484253
1.724470
1.942218
2.060946
2.043703
1.874390
1.663886
1.444314
1.242547
1.101231
1.080990
1.139317
1.286982
1.424268
1.534172
1.637184
1.692255
1.701595
1.785405
1.888499
1.828123
1.895464
2.609372
2.924929
3.055276
3.163185
3.343862
3.676363
4.244250
4.213621
3.479426
2.887923
2.829865
2.737917
3.198354
3.923597
3.909319
3.056922
2.221216
1.958253
1.827080
1.765005
1.699394
2.090078
2.535684
3.027147
3.504443
3.812782
3.826248
3.504655
2.989334
2.483954
2.057742
1.737203
1.820138
2.246566
2.685678
2.868795
2.712612
2.249915
1.885521
1.704659
1.511368
1.322481
1.424451
1.856767
2.446956
3.106129
3.111170
2.448889
2.216865
2.501975
2.819804
3.144706
3.442163
3.625870
3.663232
3.487221
3.590121
3.684237
3.536041
3.225430
2.873425
2.808625
3.157967
3.453587
3.618845
3.813187
3.774697
3.708615
3.480433
3.105854
3.110892
3.441202
3.616474
3.496456
3.133089
2.707440
2.362994
2.351793
2.491340
2.853361
3.048292
3.212089
3.754202
4.399899
5.157253
6.045485
7.060198
8.153205
9.339452
10.386250
10.709923
10.091296
8.987882
7.813829
6.804259
5.904132
5.094786
4.363466
3.705544
3.115763
2.589006
2.126935
1.733511
1.714936
1.994986
2.280974
2.540711
2.895230
3.317528
3.775266
4.129665
4.249793
3.986281
3.556391
3.103856
2.688660
2.327512
2.006939
1.711868
1.433955
1.180567
1.378394
1.470574
1.618487
1.755135
1.775061
1.678628
1.592835
1.489756
1.402806
1.537134
1.671881
1.746634
1.883613
2.011700
2.019248
2.042477
2.590116
3.247062
3.550293
3.635542
3.630136
3.549319
3.247707
2.545759
2.101124
2.050381
1.863421
1.793088
1.919915
2.014496
1.984659
1.847503
1.985583
2.174471
2.397380
2.642216
2.814455
2.857707
2.763654
2.840744
2.839242
2.671488
2.449380
2.221576
2.414966
2.635878
2.833064
2.930215
2.875891
2.685893
2.480726
2.289843
2.149290
2.340031
2.487490
2.594586
2.807558
3.036745
3.260070
3.448094
3.453274
3.262398
3.004893
2.710992
2.432399
2.209829
2.142907
2.042459
1.913771
1.840517
2.050591
2.323941
2.604118
2.925211
3.262280
3.488808
3.530194
3.367410
3.024860
2.686709
2.553750
2.926725
3.291930
3.549170
3.638782
3.662277
3.854955
4.135133
4.441894
4.985949
5.630453
6.237947
6.562290
6.597252
6.415709
6.569902
7.287137
8.164043
9.127541
10.078062
10.698305
10.647167
9.939426
8.952528
8.052747
7.425377
7.609578
7.465137
7.092643
6.966002
6.741278
6.432551
6.076844
5.442729
4.851955
4.709640
4.734158
4.718266
4.859136
5.267303
5.588499
5.611529
5.795108
5.716011
5.388930
4.983366
4.577435
4.219416
3.933177
4.057599
4.205674
4.414248
4.752911
4.967186
4.912988
4.603544
4.410057
4.137568
4.177319
4.653195
5.136667
5.518839
5.670458
5.605694
5.392046
5.075665
5.067445
5.171168
5.387155
5.862660
6.413836
6.809334
6.772558
6.300278
5.662901
5.065610
4.626792
4.263783
3.968120
3.544610
3.274140
3.443038
3.377306
3.369679
3.390472
3.234437
3.231421
3.292542
3.195173
3.249500
3.230444
3.319685
3.323924
3.202710
3.375945
3.599108
3.601129
3.456923
3.776867
4.066914
4.250799
4.324166
4.355150
4.441360
4.701655
4.956583
4.924501
4.698429
4.526233
4.254970
4.060076
4.020912
3.891406
4.013717
4.555951
5.034997
5.644515
6.480827
6.931886
6.992271
7.069071
7.257033
7.553679
7.855388
8.259398
8.770496
9.151536
9.298064
9.143106
8.800104
8.438581
8.259023
8.532952
8.503872
8.119740
7.438923
6.572117
5.712799
5.227217
4.812110
4.403650
4.288400
4.524072
4.531627
4.543666
4.450257
4.590477
4.849598
5.049965
5.059017
4.974374
4.779763
4.605757
4.648045
4.660552
4.645926
4.573336
4.391504
4.157151
3.918052
3.561725
3.173720
2.889512
3.232685
3.482652
3.750819
4.039048
3.962156
3.646366
3.300666
3.347573
3.405053
3.759548
4.207226
4.366998
4.104924
3.694386
3.078068
2.477898
2.550265
3.111820
3.888137
4.645484
4.633137
3.854558
3.042691
2.705718
2.940722
3.151248
3.220679
3.348739
3.203610
2.948478
2.935065
3.192917
3.441605
3.628677
3.678436
3.854467
3.840170
3.857532
3.651983
3.334454
3.277967
3.768035
4.227600
4.484272
4.296722
3.858332
3.418130
3.408114
3.619568
3.593083
3.638101
3.466693
3.001793
2.622620
2.420669
2.604248
2.656524
2.463732
2.135074
1.837152
1.533147
1.264629
1.019625
0.817349
0.778322
0.926795
0.990367
0.926388
0.675038
0.750563
0.752476
0.659974
0.790242
0.987381
1.170429
1.438240
1.751277
2.058537
2.184602
2.058608
1.750497
1.427238
1.567346
1.757586
1.905058
1.685611
1.323557
0.949476
0.660840
0.417032
0.226181
0.096099
0.022808
0.040776
0.019227
0.009820
0.018443
0.008856
0.000000
0.000000
0.000954
0.010156
0.034561
0.061865
0.056998
0.047263
0.080587
0.137405
0.199790
0.171765
0.239748
0.411232
0.541246
0.619784
0.410663
0.310764
0.408791
0.630596
0.960554
1.368278
0.095374
0.000000
0.000000
0.000000
0.000000
0.000000
0.000000
0.000000
0.000000
