track	type=wiggle_0
fixedStep	chrom=chr	start=1	step=1
0.000000
0.000000
0.000000
0.000000
0.000000
0.000000
0.000000
0.000000
0.000000
0.000000
0.000000
0.000000
0.000000
0.000000
0.029695
0.261909
0.539455
0.792361
0.891323
0.770829
0.562551
0.607803
0.788739
0.561571
0.303455
0.128092
0.104082
0.203989
0.349396
0.549491
0.796997
1.016703
1.053641
0.890896
0.749728
0.648578
0.559532
0.540975
0.508645
0.559783
0.480400
0.356184
0.242270
0.245664
0.271307
0.225466
0.181345
0.157154
0.105906
0.147240
0.293202
0.464785
0.651746
0.790890
0.831296
0.833474
0.814773
0.754642
0.616510
0.318625
0.114967
0.020863
0.001392
0.000055
0.001987
0.003517
0.000344
0.000848
0.003487
0.011465
0.017200
0.027738
0.027897
0.018390
0.014940
0.090718
0.275065
0.609160
0.762886
0.804933
0.811189
0.804933
0.776048
0.673728
0.401968
0.202324
0.082953
0.023124
0.001808
0.000000
0.000000
0.000000
0.000000
0.000000
0.000000
0.000000
0.000000
0.000000
0.000000
0.000000
0.000000
0.000130
0.000000
0.000000
0.000000
0.000000
0.000000
0.000000
0.003411
0.031915
0.110890
0.257924
0.485372
0.813651
1.269004
1.818355
1.818355
1.269004
0.802707
0.461744
0.254976
0.134820
0.089552
0.068948
0.042240
0.030962
0.088414
0.197252
0.245330
0.238946
0.355518
0.420277
0.390612
0.274118
0.160611
0.074802
0.035463
0.105111
0.215956
0.389870
0.620543
0.859374
0.961034
0.853563
0.612452
0.382288
0.207735
0.090569
0.023333
0.000209
0.000000
0.000000
0.000000
0.000000
0.000000
0.000000
0.000000
0.000000
0.000000
0.000000
0.000000
0.000000
0.000000
0.000000
0.000000
0.000000
0.000000
0.001699
0.020817
0.066826
0.142942
0.249198
0.364769
0.409283
0.365415
0.250638
0.146532
0.072703
0.024945
0.003129
0.000000
0.000000
0.000000
0.000000
0.000835
0.033157
0.098122
0.098435
0.036405
0.017794
0.007547
0.017926
0.067062
0.196991
0.386194
0.396797
0.220717
0.194570
0.150258
0.103855
0.069361
0.098313
0.154602
0.225991
0.306098
0.364896
0.377659
0.327022
0.246544
0.175617
0.123905
0.080253
0.043927
0.034545
0.069294
0.093570
0.099189
0.142243
0.166025
0.230160
0.291217
0.328251
0.491558
0.663190
0.834334
0.889892
0.747847
0.580755
0.461340
0.621679
0.805594
0.994707
1.170447
1.274731
1.253361
1.088503
0.867380
0.663676
0.493488
0.380976
0.480319
0.567889
0.615608
0.576235
0.491176
0.458799
0.598944
0.753667
0.886907
0.942005
0.862085
0.724091
1.015890
1.470721
2.155387
2.795278
2.795279
2.155388
1.472739
1.294904
1.373755
1.294819
1.153415
0.993502
0.848688
0.741852
0.689712
0.623412
0.799955
1.058852
1.298868
1.417955
1.323455
1.095468
0.878241
0.719337
0.687811
0.772339
0.901212
1.065083
1.261779
1.664493
1.914682
1.905096
1.647371
1.262516
0.959235
0.756169
0.809424
1.037889
1.172769
1.064669
0.940391
1.269157
1.572296
1.587802
1.290845
0.954354
0.644496
0.414031
0.374463
0.447730
0.486973
0.484572
0.504491
0.517646
0.515840
0.573006
0.730217
0.816967
1.106498
1.391456
1.335082
0.878158
0.537383
0.321751
0.182138
0.227060
0.220996
0.173964
0.234511
0.289862
0.312701
0.305842
0.268028
0.210301
0.165110
0.197975
0.263940
0.344975
0.425902
0.456612
0.621006
0.685640
0.685640
0.621006
0.450881
0.321242
0.347254
0.499124
0.618170
0.628053
0.530389
0.372452
0.389557
0.506889
0.520009
0.428450
0.274878
0.189848
0.358625
0.605597
0.934955
1.372406
1.953488
2.662106
2.658224
1.937035
1.347241
0.911195
0.587024
0.344258
0.174071
0.069556
0.052711
0.106994
0.135228
0.095553
0.044969
0.007385
0.000000
0.000000
0.000000
0.000000
0.000000
0.001139
0.009655
0.000401
0.000000
0.000000
0.000000
0.000000
0.000000
0.000000
0.000000
0.000000
0.000000
0.000000
0.000000
0.000000
0.000000
0.000000
0.000000
0.000000
0.000000
0.000000
0.000000
0.000000
0.000000
0.000000
0.000000
0.000000
0.000000
0.000000
0.000000
0.000000
0.000000
0.000000
0.000000
0.000000
0.000000
0.000000
0.000000
0.000000
0.000000
0.000025
0.014412
0.086526
0.227438
0.458753
0.704242
0.825578
0.860280
0.868205
0.868205
0.868205
0.868205
0.859543
0.820465
0.682647
0.402201
0.179475
0.078894
0.153228
0.249599
0.312014
0.251935
0.157731
0.065125
0.070201
0.101191
0.082493
0.046508
0.048439
0.029500
0.012062
0.025201
0.106526
0.252735
0.486608
0.848473
1.367932
1.654563
1.663206
1.411247
0.941836
0.642212
0.438857
0.309034
0.227207
0.160157
0.302082
0.491784
0.563855
0.502817
0.324941
0.150141
0.083397
0.033472
0.007706
0.000005
0.000000
0.005121
0.049545
0.146856
0.185724
0.143347
0.045297
0.002951
0.000000
0.000000
0.000000
0.000000
0.000000
0.000000
0.000000
0.001263
0.013277
0.020292
0.006500
0.000000
0.000000
0.005487
0.040819
0.127334
0.280761
0.493077
0.712071
0.712071
0.493235
0.287567
0.148159
0.074164
0.017575
0.000650
0.001266
0.012475
0.032395
0.055223
0.060557
0.050488
0.036248
0.119708
0.255827
0.399869
0.476295
0.531279
0.418359
0.241594
0.221715
0.236701
0.210806
0.155718
0.127172
0.118724
0.111695
0.133150
0.190192
0.230824
0.259154
0.319569
0.399866
0.532043
0.688072
0.866765
1.062022
1.250062
1.332164
1.250781
1.064298
0.875998
1.174615
1.818691
2.138184
2.226596
2.228373
2.155504
1.897274
1.395274
1.165336
1.018904
1.117276
1.311858
1.600119
1.932147
2.206625
2.246894
1.997498
1.754432
1.810492
1.711933
1.616570
1.752651
2.378621
2.919681
2.639015
2.371061
2.460775
2.303549
1.963042
1.609156
1.400206
1.704131
1.984150
2.298861
2.595384
2.595402
2.296973
1.952851
2.079533
2.617727
3.082801
3.199230
3.108120
3.016834
2.786412
2.476179
2.002920
1.530000
1.130946
0.806617
0.547173
0.346223
0.273724
0.328602
0.404911
0.455907
0.426973
0.343428
0.251015
0.173779
0.116947
0.071534
0.046506
0.077379
0.121462
0.167113
0.216404
0.418136
0.554796
0.418421
0.215591
0.128667
0.100820
0.067006
0.038685
0.027575
0.052624
0.125916
0.186791
0.154186
0.103236
0.086070
0.066391
0.036174
0.024239
0.015681
0.010053
0.002653
0.000000
0.000000
0.000000
0.000000
0.003242
0.034303
0.046757
0.057226
0.074039
0.079525
0.083997
0.127001
0.250867
0.378501
0.429460
0.580877
0.864912
1.243714
1.652236
1.636154
1.188948
0.780327
0.475682
0.257384
0.111925
0.029770
0.000345
0.000000
0.000000
0.000198
0.020256
0.044527
0.074542
0.091568
0.089468
0.059367
0.027404
0.001586
0.000000
0.000000
0.000000
0.000000
0.000000
0.000000
0.000000
0.000000
0.000000
0.000000
0.000000
0.000000
0.000000
0.000000
0.000000
0.000150
0.009752
0.043277
0.065597
0.116090
0.171134
0.226215
0.231844
0.188271
0.131374
0.081347
0.041941
0.015331
0.001717
0.000000
0.002416
0.014963
0.029412
0.021980
0.025083
0.069013
0.137478
0.230948
0.337979
0.413801
0.461758
0.435718
0.526961
0.688629
0.885020
1.015383
0.996540
0.858853
0.700898
0.521862
0.444399
0.461048
0.400636
0.423598
0.641468
0.885793
1.036749
0.984817
1.241911
1.696342
2.279781
2.827809
2.812557
2.266545
1.825104
1.639848
1.398414
1.582852
1.956821
1.904737
1.374915
0.995256
0.661027
0.399668
0.224572
0.251568
0.240327
0.195673
0.147286
0.137146
0.215171
0.267799
0.233662
0.275204
0.363716
0.454093
0.536305
0.594107
0.677484
0.744235
0.730786
0.639846
0.559973
0.542676
0.514268
0.615706
0.717443
0.801176
0.844044
0.898137
0.943154
1.048686
1.196306
1.358342
1.517873
1.722154
1.938805
2.111235
2.193158
2.148941
2.341323
2.587288
2.759813
2.750591
2.569506
2.301478
2.028130
1.778632
1.570082
1.410740
1.277593
1.151801
1.062221
1.119577
1.141966
1.263878
1.392661
1.520411
1.594129
1.588299
1.583393
1.750968
1.903979
2.033176
2.123267
2.103987
1.991861
1.825114
1.709975
2.237526
2.860018
3.520777
4.123623
4.211548
3.815302
3.204383
2.563402
2.635269
2.969311
3.513760
4.013472
4.136675
3.885355
3.409015
2.909999
2.407993
2.847295
3.184664
3.045422
3.125299
3.037147
2.799031
2.562435
2.486096
2.474803
2.573711
2.789881
3.077602
3.330772
3.827932
4.443936
5.156598
5.883322
6.367749
6.367606
5.862751
5.146957
4.422840
3.800724
4.084836
4.483424
4.904137
5.335413
5.751621
6.003771
5.926280
5.637296
5.226277
4.757555
4.306424
3.909217
3.596807
3.760891
4.080065
4.530151
4.951534
5.124508
5.057242
4.745465
4.442516
4.032180
3.606481
3.238545
3.093448
2.844765
2.965488
3.086277
3.236252
3.375652
3.410780
3.265485
3.134158
3.129732
3.012536
2.800159
2.701028
2.730123
2.654465
2.567173
2.615863
2.925582
3.206080
3.374367
3.333432
3.144398
2.902534
2.736362
2.545791
2.328786
2.115238
2.187915
2.433464
2.689092
2.942314
3.181853
3.376677
3.550565
3.736524
3.947688
4.172725
4.344992
4.335237
4.267393
4.379850
4.673427
4.954840
5.184792
5.407568
5.575367
5.576134
5.815396
6.096245
6.397460
6.667207
6.904474
7.031134
6.920726
6.741366
6.553274
6.531417
6.343418
6.037318
5.712169
5.381577
5.508365
5.475243
5.372211
5.336208
5.237168
5.013060
4.722401
4.524138
4.435839
4.303804
4.521600
4.800804
5.052473
5.274986
5.252480
5.435406
5.836498
6.167739
6.325571
6.229903
5.914365
5.606982
5.630342
5.469266
5.149053
4.816307
4.458322
4.329525
4.375315
4.187565
3.911597
3.607351
3.309521
3.010632
2.726074
2.460913
2.267654
2.244500
2.174106
2.027188
1.836947
1.631357
1.432448
1.291245
1.170711
1.028844
0.890493
0.752167
0.669649
0.573277
0.479940
0.393091
0.316737
0.253847
0.211114
0.175189
0.233475
0.296838
0.351020
0.380859
0.410049
0.527638
0.585795
0.569216
0.487013
0.560751
0.601495
0.584285
0.512820
0.414318
0.319761
0.245801
0.193990
0.190091
0.246545
0.215504
0.258163
0.341828
0.550501
0.842015
1.162149
1.486546
1.602173
1.437029
1.581201
1.898186
2.343158
2.913295
3.568446
4.278886
4.863293
5.172808
5.069515
4.587014
4.123780
3.419445
2.754269
2.171553
1.934889
1.763412
1.357952
0.976495
0.752352
0.576210
0.450350
0.308389
0.225427
0.168940
0.097732
0.036385
0.004436
0.000000
0.000000
0.000000
0.000000
0.000000
0.000000
0.000000
0.000000
0.000000
0.000000
0.000000
0.000000
0.000000
0.000364
0.037311
0.069082
0.079951
0.083097
0.083991
0.080829
0.066312
0.025692
0.000000
0.000000
0.000000
0.000000
0.000000
0.000000
0.000000
0.000000
0.000000
0.000000
0.000000
0.000000
0.000000
0.000000
0.000000
0.000000
0.000000
0.000000
0.000000
0.000000
0.000000
0.000000
0.000000
0.000000
0.000000
0.000000
0.000000
0.000000
0.000000
0.000000
0.027555
0.122931
0.304171
0.597563
0.851021
0.989554
1.066854
1.453393
1.797013
1.859177
1.606880
1.204461
0.833838
0.626553
0.900335
1.206203
1.448023
1.512840
1.308849
1.023354
0.732797
0.984823
1.368218
1.877493
2.502944
3.221854
3.789451
3.137485
2.360801
1.744036
1.254704
0.861018
0.565921
0.357179
0.205833
0.299722
0.434420
0.597373
0.777981
0.944741
1.035250
0.975894
0.807931
0.626175
0.472540
0.596272
0.692860
0.683016
0.557126
0.396910
0.257309
0.157427
0.122234
0.177986
0.314324
0.363615
0.406822
0.403307
0.602330
0.898080
1.278043
1.740225
2.294392
2.872758
3.301047
3.320251
2.944456
2.490389
2.093261
1.752304
1.341402
0.969716
0.755047
0.785796
0.888450
0.906892
0.830092
0.737469
0.706863
0.776066
0.964568
1.199014
1.420281
1.542896
1.543621
1.485347
1.470855
1.574791
1.886785
2.291835
2.751542
3.175619
3.337812
3.190292
2.793864
2.352841
1.958457
1.621150
1.337764
1.083296
0.878582
0.951234
1.132795
1.133568
0.952406
0.732772
0.758965
0.833008
0.985252
1.168195
1.369350
1.580308
1.777717
1.937173
2.096064
2.090764
1.931170
1.831261
2.044341
2.242083
2.381091
2.320695
2.128252
1.941730
1.812263
1.634112
1.421437
1.459061
1.605940
1.584502
1.405917
1.182335
0.991708
0.808545
0.629804
0.512132
0.577115
0.574176
0.591977
0.578813
0.647524
0.683914
0.655643
0.583559
0.705494
0.869835
1.067238
1.350095
1.696026
2.039517
2.302901
2.274553
1.965515
1.644572
1.340581
1.066016
0.858838
0.879155
1.074329
1.277925
1.471657
1.573408
1.538352
1.382742
1.188974
1.004707
0.832662
0.724663
0.869366
1.158070
1.553789
2.096024
2.755320
3.497241
4.178542
4.037105
3.242776
2.507030
1.882896
1.373433
0.957967
0.629995
0.384128
0.267969
0.428071
0.617106
0.766458
0.910931
0.952576
0.940844
1.086334
1.055671
0.903681
0.693099
0.503738
0.454938
0.495821
0.505954
0.473037
0.741730
0.899294
0.833435
0.847524
1.136145
1.491689
1.904016
2.416495
3.328749
4.325724
4.698097
4.775611
4.724996
4.379045
3.477230
2.470056
1.817878
1.304380
0.914458
0.605014
0.536969
0.466903
0.368702
0.273391
0.189891
0.173655
0.265493
0.328314
0.328740
0.352112
0.344596
0.423311
0.441767
0.397451
0.481422
0.607966
0.673348
0.641888
0.619024
0.583377
0.527254
0.633500
0.834180
1.044862
1.154686
1.077344
0.881163
0.665619
1.001723
1.243870
1.245234
1.006257
0.606935
0.360605
0.454940
0.593230
0.699654
0.738102
0.843215
1.036362
1.222296
1.515396
1.987635
2.601852
3.285674
3.883566
3.884921
3.291221
2.597761
1.970224
1.451818
1.034297
0.704836
0.466014
0.387786
0.297888
0.379031
0.372440
0.273760
0.160619
0.085139
0.105486
0.119787
0.172739
0.280345
0.389819
0.431685
0.385602
0.275109
0.167734
0.101184
0.176857
0.268016
0.339781
0.362158
0.307743
0.218426
0.155425
0.154984
0.370190
0.538524
0.657196
0.751347
0.615781
0.426870
0.210079
0.176854
0.278459
0.376700
0.419307
0.365871
0.288438
0.222211
0.220761
0.249908
0.397835
0.636191
0.929009
1.189152
1.291131
1.131855
0.904042
0.688207
0.896213
1.251702
1.487836
1.706471
1.957267
1.720516
1.540908
1.411405
1.306816
1.498220
1.724349
1.857357
1.677420
1.547985
1.249589
0.912154
0.621015
0.707809
1.139513
1.341363
1.403156
1.418763
1.412341
1.363421
1.168412
0.708498
0.359483
0.164618
0.051748
0.010994
0.000000
0.000000
0.000000
0.000000
0.000000
0.000000
0.000000
0.000000
0.000000
0.000000
0.000000
0.000000
0.000000
0.000000
0.000000
0.000000
0.000000
0.000000
0.000000
0.000000
0.000000
0.000000
0.000000
0.000000
0.000000
0.000000
0.000000
0.000000
0.000000
0.000000
0.000000
0.000000
0.000000
0.000000
0.000000
0.000000
0.000000
0.000000
0.000000
0.000000
0.000000
0.000000
0.000000
0.000000
0.010735
0.021884
0.013679
0.035050
0.043351
0.024121
0.000733
0.000000
0.000000
0.000000
0.000000
0.000000
0.000000
0.000000
0.000000
0.000000
0.000000
0.000402
0.026371
0.064341
0.066537
0.034699
0.009650
0.005039
0.010659
0.030389
0.073472
0.099919
0.070569
0.019079
0.020395
0.022794
0.025101
0.029836
0.038994
0.039271
0.030963
0.026691
0.024457
0.026254
0.014405
0.011745
0.009221
0.003079
0.000023
0.000036
0.003665
0.007836
0.005406
0.001158
0.000000
0.000000
0.000000
0.000000
0.010873
0.036424
0.074672
0.099431
0.093887
0.061609
0.085073
0.121122
0.170698
0.239017
0.322692
0.405828
0.469087
0.452459
0.377155
0.283916
0.262180
0.352877
0.458233
0.566362
0.728833
0.925155
1.149038
1.382592
1.603267
1.788791
1.903040
1.784051
1.567308
1.314994
1.088244
1.247323
1.498286
1.622031
1.533722
1.310070
1.186311
1.074171
0.946124
1.114808
1.279396
1.389265
1.432081
1.442573
1.606594
1.800365
2.017681
2.225049
2.405969
2.483153
2.396954
2.181726
1.944453
2.002982
2.020568
2.253179
2.333232
2.251757
2.377135
2.559414
2.586983
2.470225
2.258238
2.125615
2.246783
2.418487
2.654022
2.941091
3.240570
3.489800
3.593723
3.527696
3.305252
3.004631
2.890412
3.156291
3.568895
3.818116
3.796266
3.552477
3.150148
2.879352
2.886408
3.193567
3.800654
4.476682
5.020907
5.068683
4.608060
4.032847
3.541031
3.393593
3.392364
3.670613
4.168941
5.067167
6.251087
7.995195
9.019649
9.309182
9.041265
8.026644
6.278974
5.009080
5.234107
5.457306
5.334786
5.357179
5.363662
5.093605
4.612475
4.538783
4.742443
4.810093
5.069809
5.551549
6.179218
6.868762
7.575465
8.175652
8.263292
7.906399
7.241386
6.513525
6.555846
6.993621
7.224550
6.989799
6.614229
6.110298
5.550889
5.012336
4.502688
4.112117
4.078570
4.385396
4.660495
4.855913
4.815550
4.612343
4.284271
3.946812
3.809426
3.901832
3.978428
4.258502
4.395411
4.413823
4.653853
4.732502
4.899415
5.174574
5.259843
5.254193
5.031117
4.904104
5.251010
5.454723
5.507552
5.261939
4.912806
4.547800
4.173699
3.817311
3.504495
3.385533
3.461178
3.664991
3.825152
3.856545
3.799917
3.824365
3.850405
3.719311
3.589008
3.588701
3.763808
3.813231
3.730772
3.500973
3.257130
3.001447
2.770123
2.569864
2.359764
2.130697
1.915471
1.934615
1.907191
1.780610
1.662484
1.795286
1.990027
2.192170
2.341443
2.365370
2.274527
2.182737
2.758850
3.445930
4.070884
4.402930
4.087156
3.883083
4.425788
4.932086
5.049741
4.626192
4.141489
3.988046
3.677742
3.026023
2.625068
2.500298
2.150020
1.958999
1.996242
2.397225
2.745968
2.909212
2.705300
2.435521
2.491913
2.867285
3.143456
3.466675
3.674227
4.023516
4.562279
5.017388
5.188203
4.857152
4.420759
3.957558
3.519326
3.316863
3.035538
2.896517
2.921909
2.897288
2.743106
2.793037
2.693771
2.427121
2.155109
1.708894
1.648747
1.567990
1.517294
1.504775
1.345836
1.460798
2.036830
2.769377
3.719526
4.427413
4.684508
4.669048
4.392432
3.655693
2.700292
2.014735
1.558814
1.392531
1.461847
1.410494
1.391851
1.606748
1.696763
1.528019
1.663244
1.847191
1.986998
2.009815
1.964332
1.868934
1.997533
2.190924
2.374394
2.502146
2.563060
2.458103
2.419020
2.543273
2.559229
2.464069
2.262513
2.091886
2.101671
2.078907
2.279316
2.511132
2.722963
2.847405
2.919429
2.916741
2.796415
2.576414
2.350614
2.142309
1.947604
1.755405
1.784904
1.799883
1.833046
1.771385
1.644188
1.492905
1.331196
1.173558
1.029404
0.916881
0.927534
1.037719
1.151450
1.267628
1.307302
1.392512
1.500207
1.507781
1.429903
1.308867
1.169976
1.070895
1.089276
1.170751
1.239528
1.208146
1.140574
1.095581
0.986735
1.054126
1.391519
1.789274
2.259613
2.801619
3.366336
3.876173
4.376192
4.716431
4.528769
4.855139
5.776070
6.821728
7.789358
8.598634
9.879046
11.978603
12.993480
12.006146
9.940597
8.234521
6.890664
6.559225
6.966977
7.195751
7.628672
8.397871
8.964428
9.314731
9.254067
8.846214
7.928247
7.023192
6.083978
5.225461
4.471578
3.974782
4.530988
4.880760
4.545409
4.098110
3.689259
3.249171
3.194116
3.008089
2.680929
2.311553
2.083815
2.269352
2.508933
2.639100
2.607272
2.492679
2.492733
2.436134
2.409504
2.676379
2.937254
3.133032
3.187251
3.018974
2.698195
2.341790
2.007434
1.704808
1.432566
1.191269
1.259551
1.302935
1.337031
1.364662
1.469709
1.567254
1.704717
1.878201
1.994115
1.980052
1.873398
1.703659
1.828124
2.024737
2.218734
2.361971
2.527229
2.759091
2.895996
2.829788
2.652854
2.415581
2.162029
2.158625
2.236845
2.217360
2.358866
2.527773
2.666517
2.904981
3.107374
3.228612
3.426872
3.572752
3.691973
3.926300
4.141000
4.432361
4.873857
5.227739
5.569517
5.858244
6.172375
6.540640
6.944358
7.295943
7.434874
7.302348
7.017825
6.668626
6.338666
6.582438
6.685141
6.598452
6.270146
6.034688
6.243439
6.381503
6.326222
6.141111
6.051130
6.007782
5.932718
5.804573
5.753981
5.802023
5.870862
5.841234
5.701361
5.484343
5.284360
5.148663
5.172050
5.259649
5.472182
5.672456
5.741707
5.604675
5.387233
5.110381
4.825174
4.873548
4.987912
4.896460
4.729339
5.090389
5.575323
6.086540
6.597658
7.033010
7.272689
7.239106
6.935323
6.506359
6.069253
6.134923
6.201001
6.161741
6.397413
6.861661
7.366070
7.996542
8.688464
9.409842
10.052732
10.280452
10.019591
9.279092
8.440696
7.640016
6.933027
6.343885
5.978133
5.954786
5.726887
5.705086
6.170265
6.582520
6.807036
6.795107
6.575688
6.187011
5.762538
5.325616
4.908074
4.502101
4.102046
3.716687
3.351537
3.014957
2.709811
2.429439
2.168731
1.911676
1.916450
1.988548
1.875227
1.646892
1.392368
1.157632
0.976387
0.864614
0.779559
0.711334
0.870403
1.089504
1.339267
1.521463
1.493349
1.330421
1.133607
1.033862
0.970782
0.807966
0.627900
0.571356
0.764596
1.003581
1.282987
1.549531
1.659999
1.544699
1.286276
1.021260
1.217381
1.377223
1.554912
1.361144
1.038531
0.715422
0.474484
0.279193
0.133845
0.043095
0.002955
0.000000
0.000000
0.000000
0.000000
0.000000
0.000000
0.000000
0.000000
0.000000
0.000000
0.000000
0.000000
0.000000
0.000000
0.000000
0.000000
0.000000
0.000000
0.000000
0.000342
0.031897
0.102724
0.151726
0.267736
0.477488
0.770324
1.122553
0.025855
0.000000
0.000000
0.000000
0.000000
0.000000
0.000000
0.000000
0.000000
