track	type=wiggle_0
fixedStep	chrom=chr	start=1	step=1
0.000000
0.000000
0.000000
0.000000
0.000000
0.000000
0.000000
0.000000
0.000000
0.000000
0.000000
0.005535
0.039489
0.324016
0.691060
0.893157
0.834777
0.620239
0.712141
0.914687
0.660800
0.369573
0.166771
0.061126
0.012752
0.003814
0.002977
0.003630
0.008501
0.007239
0.000059
0.000000
0.000000
0.000308
0.009209
0.015936
0.047635
0.172983
0.464983
0.784403
0.901854
0.845781
0.834029
0.914492
0.873010
0.733246
0.555363
0.521051
0.717075
0.971757
1.267743
1.553997
1.749092
1.653221
1.406940
1.151645
0.901797
0.668914
0.479785
0.350333
0.235423
0.174152
0.104771
0.045367
0.016375
0.004247
0.000000
0.000000
0.000000
0.000000
0.000000
0.027985
0.122651
0.336682
0.712185
0.882884
0.929391
0.936270
0.929391
0.897536
0.784094
0.633258
0.570481
0.467187
0.675878
0.845227
0.978076
1.323566
1.509894
1.484676
1.485943
1.575853
1.605833
1.592504
1.620727
1.705356
1.783446
1.971078
2.182304
2.362463
2.458951
2.417586
2.328444
2.135676
1.911683
1.692843
1.485700
1.299674
1.142717
1.161300
1.228868
1.240760
1.240760
1.240760
1.228868
1.157530
0.908138
0.721167
0.822903
0.932806
1.003845
1.005893
1.155490
1.203438
1.430873
1.760188
2.156578
2.609812
3.112843
3.651244
4.091031
4.292181
3.996749
3.515224
3.232543
3.888125
4.687141
5.578895
6.368011
6.721363
6.347226
5.553891
4.670043
3.896454
3.292375
2.973154
2.598031
2.877700
3.332418
3.575677
3.555062
3.235587
2.777211
2.315051
1.901286
1.540520
1.232060
0.968802
0.746797
0.576400
0.556353
0.568056
0.634252
0.658900
0.682045
0.784251
0.871893
0.697079
0.524666
0.649042
0.786464
0.924287
1.028406
1.120323
1.199328
1.270296
1.313844
1.232936
1.050347
1.206073
1.363892
1.391338
1.293951
1.125584
0.948635
0.799377
0.698465
0.503275
0.405026
0.442614
0.415437
0.361118
0.331921
0.415895
0.507997
0.585781
0.630418
0.631013
0.630291
0.551962
0.493007
0.526183
0.573499
0.568348
0.519979
0.468538
0.549059
0.661546
0.781374
0.880900
0.940676
0.949320
1.003081
1.072210
1.060828
0.967148
0.859814
0.848255
0.970981
1.110680
1.249010
1.343451
1.352352
1.280254
1.153812
1.012735
0.878175
0.759345
0.755858
0.861086
0.921014
0.913054
0.853314
0.760240
0.656879
0.559714
0.467231
0.387550
0.422820
0.388803
0.328169
0.371706
0.408726
0.406459
0.369793
0.394634
0.492812
0.593685
0.677731
0.687401
0.625221
0.521627
0.432849
0.350704
0.264750
0.280969
0.490323
0.772578
1.118745
1.470652
1.634470
1.853148
1.810388
1.389068
0.976207
0.639251
0.398787
0.372540
0.509704
0.637314
0.794495
1.023893
1.288578
1.521561
1.744823
2.013472
2.381619
2.795295
3.183022
3.544401
3.537040
3.153843
2.619889
2.114585
1.980891
2.289462
2.698552
2.973471
2.868236
2.520974
2.067507
1.764832
1.470462
1.099930
0.942566
0.919317
0.951994
1.039438
1.282423
1.411880
1.503842
1.529967
1.527800
1.479807
1.327281
1.015139
0.827688
0.648295
0.648505
0.588736
0.395501
0.385869
0.458180
0.563284
0.670898
0.739657
0.729806
0.799637
0.952385
1.137508
1.324687
1.434708
1.430905
1.313667
1.128356
0.941038
0.773583
0.627343
0.548843
0.730888
0.799819
0.799359
0.727507
0.621945
0.785824
0.905226
0.939269
0.844602
0.677772
0.519179
0.518800
0.691863
0.891171
1.114012
1.271179
1.268154
1.110636
0.887444
0.675766
0.496732
0.350430
0.429015
0.765963
0.815166
0.593284
0.433182
0.280567
0.275728
0.207503
0.100098
0.028637
0.001941
0.000000
0.000000
0.000000
0.000000
0.000000
0.008904
0.059826
0.161902
0.280686
0.309222
0.216846
0.140177
0.127349
0.117428
0.113108
0.110821
0.105959
0.087891
0.060751
0.164900
0.297582
0.428529
0.445884
0.322841
0.170901
0.058683
0.005481
0.000000
0.000000
0.000000
0.000000
0.000000
0.000000
0.000000
0.000000
0.000000
0.000000
0.000000
0.000000
0.000000
0.000000
0.000000
0.000000
0.000000
0.000000
0.000000
0.000000
0.000000
0.000000
0.000000
0.000000
0.000000
0.000000
0.000000
0.000000
0.000000
0.000000
0.000000
0.000000
0.000000
0.000000
0.000000
0.000000
0.000000
0.000000
0.000000
0.000000
0.000000
0.000000
0.000000
0.000000
0.000000
0.000000
0.000000
0.000000
0.000000
0.000000
0.000000
0.000000
0.000000
0.000000
0.000000
0.014609
0.084026
0.229161
0.474901
0.801698
1.002959
0.939850
0.806320
0.684295
0.484405
0.305057
0.205874
0.188345
0.253526
0.438952
0.605986
0.668542
0.594749
0.393765
0.193743
0.115932
0.053663
0.018035
0.002522
0.014174
0.019716
0.072488
0.189861
0.235980
0.185708
0.068305
0.009804
0.000000
0.000000
0.000273
0.001257
0.001241
0.000000
0.000000
0.000000
0.000051
0.000000
0.000000
0.000000
0.000013
0.015261
0.073938
0.194708
0.387056
0.637141
0.892010
0.915453
0.725945
0.481906
0.272893
0.131691
0.161889
0.231955
0.315281
0.411781
0.519095
0.620513
0.687806
0.734007
1.034275
1.388209
1.682838
1.699084
1.406652
1.048346
0.887858
1.053525
1.161752
1.156199
1.044119
0.919976
0.810433
0.725505
0.782590
0.803985
0.805102
0.931801
1.093400
1.271457
1.410283
1.412409
1.271739
1.478463
1.632455
1.670047
1.571361
1.353966
1.137756
1.132910
1.057655
0.999227
1.131506
1.415834
1.763489
2.153689
2.483585
2.644603
2.493128
2.162883
1.835137
1.811652
1.990229
2.038113
2.042413
2.025397
2.177759
2.794756
3.535665
4.369819
5.291028
6.288017
7.881927
8.788444
7.861315
6.179601
5.048669
4.123160
3.465275
3.327216
3.443543
3.700583
4.149875
4.701187
5.038091
4.922290
4.391229
3.799669
3.206544
2.925143
3.418263
3.433972
3.171788
2.859694
2.401146
1.948378
1.474005
1.065932
0.735584
0.478553
0.288042
0.158785
0.068130
0.077925
0.124955
0.147392
0.127604
0.081705
0.040922
0.015284
0.004351
0.000531
0.000000
0.000000
0.000000
0.000933
0.002316
0.000464
0.006184
0.020822
0.034588
0.035213
0.020584
0.009354
0.001681
0.001707
0.002537
0.000202
0.000000
0.000000
0.000000
0.000000
0.000000
0.000000
0.000000
0.000000
0.000736
0.006391
0.019779
0.041161
0.071687
0.113814
0.160288
0.204399
0.244932
0.268068
0.255387
0.214416
0.162931
0.116034
0.107897
0.182119
0.360181
0.618458
0.962717
1.369741
1.779230
1.750387
1.283633
0.867095
0.549945
0.517236
0.526384
0.484211
0.403333
0.327580
0.265691
0.210134
0.161021
0.146642
0.175539
0.174552
0.145613
0.108037
0.075017
0.098505
0.117834
0.134080
0.097342
0.051934
0.049840
0.087536
0.127604
0.156411
0.148472
0.104121
0.061858
0.030845
0.026736
0.037420
0.049885
0.086524
0.132263
0.177852
0.238814
0.319910
0.409166
0.489460
0.500439
0.437470
0.347522
0.260942
0.183612
0.119169
0.068431
0.095419
0.147439
0.210374
0.260815
0.264511
0.213908
0.151634
0.098548
0.116665
0.193381
0.243461
0.222590
0.146421
0.203098
0.296432
0.416659
0.655676
0.845601
0.922071
0.943099
0.947884
0.950984
0.955215
0.951743
0.905100
0.777457
1.007656
1.102213
1.042151
0.963667
1.170498
1.254402
1.395223
1.392248
1.377330
1.177596
1.018219
1.354679
1.675210
2.102145
2.040034
1.479515
1.088473
0.736516
0.458897
0.265091
0.155530
0.131251
0.094828
0.057945
0.040182
0.040941
0.056271
0.045853
0.057713
0.109532
0.113689
0.061721
0.013210
0.014829
0.039312
0.077518
0.124893
0.184718
0.259535
0.339901
0.399913
0.408229
0.369516
0.337363
0.382080
0.388171
0.399220
0.494426
0.600972
0.730316
0.847383
0.921400
0.960907
0.953419
0.864549
0.801474
0.934449
1.037188
1.112989
1.113749
1.043301
0.907978
0.766659
0.637860
0.541685
0.486157
0.468303
0.478993
0.519892
0.557528
0.562940
0.606427
0.604144
0.557848
0.651025
0.757168
0.875901
0.993310
1.260136
1.645442
2.103674
2.649342
3.289765
4.030874
4.898016
5.887296
6.973909
8.000010
8.361704
7.903501
6.858088
5.767956
4.827781
4.097214
4.386022
4.914164
5.094868
5.064410
4.865887
4.930913
5.382652
5.902180
5.894296
5.280787
4.585549
4.912455
4.895447
4.606631
4.269894
4.105701
4.122611
4.133677
4.015849
3.625324
3.299741
3.705623
4.092391
4.627684
5.088982
5.041359
4.550908
3.920038
3.536602
3.914258
4.315263
4.710831
5.019144
5.088871
4.839726
4.607853
4.255726
3.890689
3.637462
3.345225
2.996417
2.660892
2.422429
2.362905
2.445263
2.361811
2.559026
2.657731
2.627646
2.448262
2.216850
2.058294
1.852253
1.618777
1.401375
1.208053
1.146162
1.168721
1.208771
1.401056
1.584435
1.695108
1.701722
1.579397
1.402609
1.279208
1.119940
0.963967
0.833975
0.725370
0.632507
0.606431
0.594890
0.730605
0.792657
0.835291
1.021885
1.133778
0.969044
0.709751
0.465943
0.279655
0.307404
0.414991
0.637875
0.858908
1.056423
1.231524
1.221484
0.996687
0.721804
0.511127
0.635293
0.810003
0.891171
0.831185
0.671042
0.703106
0.921138
1.212035
1.494245
1.708194
1.817367
1.787378
1.615641
1.446884
1.238740
1.705821
2.050743
2.172755
2.165877
2.028549
1.643631
1.263743
1.170648
1.049198
1.095351
1.241451
1.364807
1.416359
1.367043
1.261387
1.136128
1.021023
0.909535
0.804613
0.887576
0.972088
0.986589
0.917410
0.974744
0.984239
0.912823
1.270799
1.821716
2.530759
2.885182
3.014648
3.012052
2.871868
2.495254
1.739570
1.183107
0.778214
0.481899
0.268623
0.123583
0.037596
0.011267
0.000952
0.000000
0.000000
0.000000
0.000000
0.000000
0.000000
0.000000
0.000000
0.000000
0.000000
0.000000
0.000000
0.000000
0.000000
0.000000
0.000000
0.000000
0.000000
0.000000
0.000000
0.000000
0.000000
0.000000
0.000000
0.000000
0.000000
0.000000
0.000000
0.000000
0.000000
0.000000
0.000000
0.001043
0.003826
0.001534
0.000000
0.000022
0.016437
0.062801
0.133286
0.190193
0.164412
0.323048
0.555481
0.865251
1.228835
1.573536
1.688685
1.492436
1.361678
1.330435
1.600739
2.047736
2.485807
3.042212
3.654545
4.229151
4.648378
4.586415
4.075197
3.710092
3.202713
2.728634
2.838418
2.634628
2.120838
1.491086
1.005457
0.640243
0.372041
0.184144
0.065679
0.008193
0.000000
0.000000
0.000000
0.000000
0.000000
0.000000
0.000000
0.000000
0.000000
0.000000
0.000000
0.000000
0.000000
0.000000
0.000000
0.000000
0.000000
0.000000
0.000000
0.000000
0.000000
0.000000
0.000000
0.000000
0.000000
0.000000
0.000000
0.000000
0.000000
0.000000
0.000000
0.000000
0.000000
0.000000
0.000000
0.000000
0.000000
0.000000
0.000000
0.000000
0.000000
0.000000
0.000000
0.000000
0.000000
0.000000
0.000000
0.000000
0.000000
0.000000
0.000000
0.000000
0.000000
0.000000
0.000000
0.030587
0.129835
0.315551
0.618240
0.867169
0.975878
0.968469
0.846447
0.561342
0.300450
0.130746
0.033440
0.085021
0.185826
0.329937
0.518507
0.739787
0.935907
1.031771
0.893569
0.666724
0.718659
0.949455
1.142344
1.375721
1.715266
1.995721
1.930298
1.554575
1.125068
0.856457
0.647144
0.528199
0.442195
0.329451
0.247215
0.171230
0.121548
0.086861
0.072847
0.059083
0.098508
0.139420
0.177750
0.164069
0.118511
0.062574
0.022341
0.005615
0.021345
0.070634
0.111029
0.107905
0.177741
0.319368
0.380682
0.366462
0.326089
0.320902
0.386607
0.362416
0.220384
0.090677
0.078302
0.101405
0.091405
0.065972
0.135544
0.211611
0.239384
0.220051
0.154531
0.078633
0.082964
0.066597
0.035521
0.014775
0.004783
0.004341
0.024101
0.055198
0.092356
0.141372
0.198943
0.265517
0.328514
0.365605
0.336534
0.268558
0.206260
0.152361
0.166207
0.137303
0.080363
0.115313
0.180549
0.270132
0.321669
0.313276
0.269744
0.254440
0.237696
0.405510
0.628977
0.911157
1.241609
1.587859
2.005238
2.302736
2.454754
2.438163
2.535527
3.130012
3.855068
4.517674
4.996489
5.017114
4.532636
3.707470
2.924747
2.266284
1.716379
1.259615
0.890284
0.599539
0.380312
0.243832
0.332022
0.495357
0.645612
0.739080
0.819491
0.748359
0.752063
0.906108
0.976418
1.013210
1.060075
1.079380
1.182256
1.390053
1.494974
1.457554
1.353569
1.157628
1.027844
1.128523
1.316020
1.451596
1.584899
1.619476
1.864055
2.147179
2.216973
2.199060
2.065086
2.164884
2.659539
3.069595
3.028858
2.558926
2.006251
1.508710
1.090157
0.756408
0.494855
0.292987
0.147799
0.093170
0.053949
0.030040
0.032848
0.052716
0.145777
0.188412
0.130870
0.038268
0.000639
0.000000
0.000685
0.008447
0.023948
0.043733
0.062769
0.062977
0.070487
0.103634
0.147061
0.203961
0.270795
0.336405
0.365755
0.334239
0.283315
0.226652
0.161076
0.106300
0.064214
0.032775
0.012489
0.045170
0.086623
0.134558
0.182468
0.230927
0.278788
0.310858
0.307015
0.263084
0.202114
0.154087
0.133554
0.133921
0.143056
0.137750
0.107237
0.062189
0.027152
0.005259
0.000000
0.000000
0.000000
0.000000
0.000000
0.000000
0.000000
0.000000
0.000000
0.000000
0.000000
0.000000
0.006767
0.033913
0.082225
0.149487
0.223129
0.274592
0.238241
0.199485
0.156407
0.120430
0.071172
0.032948
0.016136
0.045060
0.107578
0.202049
0.319562
0.426725
0.432301
0.331237
0.215675
0.120266
0.052569
0.012138
0.049715
0.138914
0.283337
0.488375
0.749611
1.083885
1.501651
1.951698
2.201551
2.023077
1.618731
1.182356
0.809004
0.524831
0.344130
0.153303
0.067352
0.060531
0.104667
0.107771
0.062197
0.016278
0.005910
0.007165
0.029415
0.101120
0.224942
0.331617
0.348802
0.262169
0.129822
0.037795
0.000578
0.031961
0.029161
0.028249
0.016934
0.001551
0.000000
0.000000
0.000000
0.006514
0.030243
0.054404
0.054418
0.065921
0.118046
0.084664
0.031269
0.005778
0.006070
0.023426
0.033589
0.027240
0.024735
0.032049
0.046760
0.083410
0.177421
0.243181
0.288701
0.393687
0.621795
0.904969
1.131170
1.300285
1.316180
1.450186
1.781725
1.929624
1.972811
1.984959
1.971953
1.918522
1.736919
1.325546
0.965254
1.129679
1.492382
1.815762
1.885513
1.826227
1.697187
1.633330
1.951231
2.538192
3.165474
3.549392
3.233060
2.644409
2.021887
1.477545
1.052409
0.815766
0.887383
0.968319
1.096005
1.265264
1.338093
1.156611
0.849936
0.572543
0.600219
0.971388
1.281911
0.975653
0.613714
0.344415
0.172746
0.076864
0.019694
0.000000
0.000000
0.001483
0.004951
0.004465
0.006434
0.012374
0.013557
0.006745
0.001308
0.002466
0.002434
0.000148
0.000000
0.000000
0.000000
0.001006
0.011812
0.034743
0.065952
0.100868
0.132985
0.151232
0.148825
0.120224
0.085553
0.052337
0.060673
0.100913
0.151014
0.202895
0.230232
0.257837
0.257633
0.241287
0.201067
0.216280
0.247025
0.257781
0.486944
0.650335
0.665860
0.563239
0.355566
0.239957
0.200183
0.239450
0.232551
0.177627
0.148992
0.150639
0.126013
0.222849
0.384054
0.577534
0.726039
0.860589
0.993734
1.017824
0.856477
0.640067
0.505599
0.504339
0.679946
1.024381
1.480819
2.072107
2.955106
3.868808
4.247797
4.342757
4.364629
4.387668
4.399471
4.360913
4.024369
3.217516
2.395958
1.904660
1.931214
1.948048
1.721260
1.317764
0.989217
1.332343
1.729739
2.097369
2.290153
2.167730
1.874410
1.866878
2.182225
2.306314
2.230574
2.261621
2.029860
1.716598
1.428596
1.146510
1.060940
1.236363
1.595938
1.882683
2.329746
2.914177
3.412587
3.427453
3.068061
2.613408
2.069914
1.595166
1.239284
1.038307
0.823608
0.586425
0.383915
0.372225
0.413231
0.396909
0.347682
0.393456
0.414795
0.421000
0.414211
0.361463
0.273326
0.322556
0.366314
0.357444
0.325739
0.303527
0.265331
0.329129
0.374156
0.458183
0.545145
0.634300
0.716707
0.744986
0.718006
0.782056
0.853543
0.846666
0.766781
0.650996
0.534097
0.516659
0.636228
0.776989
0.928503
1.066094
1.120130
1.070142
0.916583
0.757238
0.606469
0.470946
0.363331
0.421798
0.526478
0.662544
0.813890
0.974224
1.097495
1.126951
1.038281
0.892313
0.739138
0.658909
0.767316
1.001651
1.188894
1.163089
1.017878
1.182982
1.576910
2.118113
2.753212
3.442449
4.295700
5.477477
7.147136
7.986005
8.200944
7.973433
7.150091
5.531119
4.315999
3.405043
2.672212
2.727747
2.844284
2.751602
2.499515
2.356616
2.436397
2.693261
2.922603
3.148744
3.393876
3.691480
4.259255
4.636398
4.594991
4.146197
3.607782
3.096444
2.825252
2.684481
2.937318
3.057576
2.952125
3.862659
4.157150
3.758580
3.062221
3.310531
3.556230
3.791227
3.919572
3.908702
3.733023
3.517172
3.412313
3.657365
3.776462
3.746094
3.954800
4.185950
4.299328
4.259906
4.142678
4.318608
4.677249
5.077328
5.484811
5.906058
6.342115
6.801098
7.286676
7.647879
7.657062
7.273244
6.876043
6.496812
6.081542
5.734341
5.433762
5.297232
5.426188
5.464407
5.268210
5.047644
5.160039
5.417509
5.554899
5.383709
5.036043
5.046556
5.368501
5.428265
5.238232
4.890493
4.520484
4.194548
3.955015
3.770047
3.930541
4.013095
3.859969
3.597533
3.298528
3.371566
3.375134
3.234587
2.967399
2.725262
2.831356
3.012803
3.107836
3.021895
2.836672
2.741544
2.603508
2.379843
2.403608
3.049885
3.465855
3.766140
3.879830
3.928548
3.925232
3.890434
3.761445
3.512039
2.946374
2.360977
2.197565
2.150215
2.376073
2.788868
3.363364
3.849363
4.106109
3.828926
3.434373
2.940647
3.121455
3.584385
4.009873
4.269992
4.752554
5.376920
5.929402
6.106113
5.769116
5.180937
4.569750
4.060001
3.857328
3.556065
3.226299
3.299830
3.327738
3.109288
2.778571
2.401722
2.076619
2.106214
2.032927
1.826357
1.595447
1.691962
1.682756
1.528221
1.323173
1.127800
1.082469
1.080806
0.911948
0.944926
0.941142
0.994991
1.106713
1.201183
1.276117
1.270676
1.179143
1.063792
1.097151
1.202376
1.342650
1.458591
1.485717
1.391388
1.448732
1.459572
1.354900
1.361802
1.321889
1.192417
1.297636
1.467255
1.653892
1.720987
1.667679
1.604825
1.456072
1.463144
1.407980
1.270576
1.138579
0.985950
0.964595
0.904670
0.822531
0.761929
0.776546
0.929664
1.113922
1.295513
1.455529
1.476500
1.362185
1.163261
1.144446
1.171011
1.073684
1.097088
1.065175
0.962032
0.795333
0.632714
0.519162
0.571849
0.563129
0.495293
0.625566
0.756385
0.781935
0.855608
0.999729
1.243593
1.434807
1.567596
1.629376
1.598613
1.468101
1.374120
1.399313
1.293755
1.353910
1.333255
1.226362
1.110742
0.986183
0.902998
1.019721
1.354674
1.760854
2.223950
2.693884
3.238029
3.821890
4.539381
5.402725
6.310972
7.379168
8.500071
9.221986
9.200724
8.463387
7.338957
6.234984
5.252787
4.388340
3.666865
3.223071
2.848925
2.644739
3.012268
3.117399
2.848997
2.510744
2.266469
2.512887
2.538940
2.284552
1.963100
1.680766
1.442274
1.307495
1.265783
1.222945
1.452166
1.682857
1.905323
2.136922
2.391109
2.668508
2.965669
3.279553
3.591194
3.899609
3.976054
3.831110
3.532445
3.221987
2.921757
2.587698
2.376075
2.535086
2.730744
2.873636
2.801777
2.577185
2.350173
2.451780
2.516014
2.442491
2.238699
2.062776
2.003568
1.983790
1.859198
1.879005
1.910941
1.954656
1.878574
1.728248
1.741463
1.952153
2.093379
2.089709
1.944755
2.068233
2.186749
2.199888
2.113887
1.939485
1.915327
2.092601
2.269679
2.490463
2.712093
2.917901
3.017199
2.951637
2.772869
2.534231
2.394727
2.655959
2.939183
3.218314
3.498694
3.771905
3.941764
4.056927
4.052046
3.887450
3.631558
3.476466
3.662241
3.756465
3.717815
3.611998
3.868849
4.074617
4.085228
3.905584
3.666214
3.434783
3.382343
3.497752
3.393717
3.256693
3.133354
3.052418
2.792411
3.069422
3.446763
3.887896
4.418426
4.997034
5.546608
6.032100
6.352252
6.351240
6.033663
5.560455
5.067618
4.578237
4.105306
3.656650
3.251539
2.945555
3.068869
3.331643
3.470029
3.577608
3.724197
3.801119
4.010384
4.332701
4.647639
4.772532
4.744153
4.687110
4.713551
4.917755
5.216012
5.638084
5.931933
6.024791
5.773495
5.393636
4.950355
4.536571
4.257486
4.315741
4.430367
4.608421
4.825730
5.309248
5.846804
6.411233
6.905922
7.082294
6.881095
6.305256
5.642292
5.001471
4.449464
4.009247
3.752234
3.776027
3.739051
4.130742
4.538398
4.912563
5.154688
5.171130
4.994570
4.649082
4.281347
3.890848
3.518311
3.159699
2.819762
2.496029
2.196536
1.919646
1.671770
1.447918
1.239805
1.051916
1.098481
1.388679
1.477770
1.307402
0.866283
0.517298
0.359061
0.245788
0.209504
0.214890
0.211293
0.266897
0.343403
0.397844
0.385927
0.310298
0.223167
0.220624
0.362334
0.529073
0.679128
0.745336
0.939163
1.230100
1.529124
1.731053
1.833656
1.683254
1.386925
1.300957
1.670155
1.863577
2.010773
1.726569
1.298188
0.898763
0.588530
0.362377
0.187936
0.072270
0.012312
0.000000
0.000000
0.000000
0.000000
0.000000
0.000000
0.000000
0.000000
0.000000
0.000000
0.000000
0.000000
0.000000
0.000000
0.000000
0.000000
0.000000
0.000000
0.000000
0.000000
0.047011
0.001922
0.047775
0.167572
0.375828
0.689794
1.078921
0.000000
0.000000
0.000000
0.000000
0.000000
0.000000
0.000000
0.000000
0.000000
