track	type=wiggle_0
fixedStep	chrom=chr	start=1	step=1
0.000000
0.000000
0.000000
0.000000
0.000000
0.000000
0.000000
0.000000
0.000000
0.000000
0.000000
0.010518
0.032046
0.161194
0.357492
0.380799
0.278513
0.159286
0.061895
0.009831
0.000000
0.025922
0.101131
0.224420
0.444111
0.691005
0.983285
1.319808
1.589451
1.597566
1.331677
1.011789
0.721084
0.569290
0.757412
0.947724
1.079596
1.173996
1.388652
1.671173
1.818535
1.659961
1.328642
1.009125
0.742758
0.525579
0.362223
0.299723
0.319904
0.352758
0.537603
0.837869
0.943311
0.964645
0.935013
0.801121
0.445524
0.188299
0.054774
0.003099
0.000000
0.000000
0.000000
0.000000
0.000000
0.000000
0.000000
0.000000
0.000000
0.000000
0.000000
0.000000
0.023798
0.118931
0.198866
0.195946
0.177437
0.163243
0.155498
0.151164
0.143979
0.120117
0.052718
0.000528
0.000000
0.000000
0.000000
0.000000
0.000000
0.000000
0.000000
0.000000
0.000000
0.000000
0.000000
0.000000
0.000000
0.000000
0.000000
0.000000
0.000000
0.001203
0.036880
0.128454
0.284338
0.512895
0.824359
1.280492
2.126333
2.536616
2.648124
2.648124
2.560185
2.243541
1.537680
1.011960
0.633326
0.370848
0.217726
0.146509
0.155209
0.265738
0.345357
0.321370
0.210110
0.104233
0.034473
0.003335
0.024303
0.074735
0.174007
0.237512
0.183440
0.097018
0.045034
0.026763
0.012428
0.006604
0.003319
0.000835
0.003779
0.024355
0.064296
0.123497
0.189639
0.216963
0.195565
0.129357
0.068713
0.026859
0.009268
0.034297
0.060072
0.056751
0.030081
0.081381
0.243104
0.548614
0.921200
1.016817
0.951008
0.652069
0.357058
0.350995
0.287167
0.215438
0.150643
0.094424
0.133529
0.202851
0.295532
0.410492
0.547021
0.704558
0.875087
1.027043
1.107980
1.027060
0.872828
0.702559
0.566390
0.445369
0.327813
0.228165
0.149146
0.184226
0.285340
0.333422
0.333916
0.228502
0.104294
0.025047
0.011423
0.043842
0.092913
0.133031
0.131006
0.083347
0.030580
0.002651
0.000000
0.000000
0.000000
0.000000
0.000000
0.000000
0.000000
0.000000
0.000000
0.000000
0.013216
0.103420
0.165334
0.181303
0.170961
0.122342
0.030989
0.001051
0.000000
0.000000
0.007921
0.018337
0.000458
0.000000
0.000000
0.000000
0.000000
0.000000
0.000000
0.000000
0.000000
0.000000
0.000000
0.000000
0.000000
0.000000
0.000000
0.000000
0.000000
0.000000
0.000000
0.000000
0.000000
0.000000
0.000000
0.000000
0.000000
0.000000
0.000000
0.004540
0.018717
0.049627
0.069038
0.075676
0.068783
0.049477
0.019104
0.007657
0.002156
0.000000
0.000000
0.000000
0.000000
0.000000
0.000000
0.000000
0.000000
0.016855
0.077775
0.086135
0.038123
0.072223
0.138949
0.200744
0.304793
0.465898
0.644071
0.700093
0.609598
0.440706
0.274246
0.143467
0.195542
0.285529
0.365053
0.425420
0.542473
0.697839
0.831876
0.866355
0.806981
0.653969
0.480619
0.434448
0.382005
0.502417
0.628772
0.704905
0.762372
0.887719
1.198516
1.614133
2.125667
2.695056
3.191111
3.336033
2.964733
2.463280
2.607669
2.549048
2.283947
1.658261
1.074863
0.798910
0.954416
0.938900
0.764190
0.561255
0.378116
0.377515
0.305271
0.198640
0.107421
0.056997
0.117969
0.195027
0.260256
0.286608
0.432012
0.550841
0.592920
0.592920
0.550499
0.434081
0.211958
0.073582
0.009102
0.007052
0.014114
0.029943
0.027465
0.012488
0.000224
0.000000
0.000000
0.000000
0.000000
0.000000
0.000000
0.000000
0.000000
0.000000
0.000000
0.000000
0.000000
0.000000
0.000000
0.000000
0.000000
0.000000
0.000000
0.000000
0.000000
0.000000
0.000000
0.000000
0.000000
0.000000
0.000000
0.017793
0.061031
0.080102
0.121048
0.150497
0.153473
0.150260
0.148254
0.143304
0.125655
0.071001
0.013805
0.008744
0.011792
0.003341
0.007001
0.017206
0.026450
0.032378
0.053586
0.085772
0.127719
0.177320
0.226116
0.243353
0.227354
0.178932
0.130681
0.128502
0.138165
0.123937
0.138130
0.188233
0.250549
0.310611
0.329871
0.307325
0.244368
0.182495
0.208574
0.226255
0.209833
0.160518
0.140062
0.190660
0.262634
0.346686
0.441879
0.549957
0.671263
0.802129
0.926590
0.974861
0.929914
0.805239
0.678411
0.579072
0.558499
0.550387
0.475868
0.393023
0.311596
0.233927
0.166919
0.119425
0.068113
0.036158
0.022736
0.009946
0.032639
0.087887
0.162592
0.294208
0.498415
0.775169
1.132529
1.583003
2.134264
2.811637
3.747105
4.261554
3.772512
3.190995
3.794153
4.475509
5.244490
6.106671
7.038112
7.955978
8.690649
8.862803
8.213031
7.278643
6.287636
5.400455
4.710172
5.625502
6.829148
8.761213
10.153269
10.646326
10.745390
10.646324
10.147970
8.712630
6.651053
5.439433
4.506613
3.939005
4.142008
3.858914
3.312880
2.712023
2.218512
1.948881
2.042865
1.867557
1.522215
1.187212
0.885958
0.639701
0.561110
0.599887
0.706358
0.852372
1.014478
1.180050
1.321304
1.383938
1.587251
1.804152
2.029288
2.224250
2.286848
2.221018
2.063954
1.961591
1.937975
2.019221
2.149642
2.254935
2.266769
2.153119
2.156550
2.288225
2.410913
2.419491
2.304181
2.100053
1.877050
1.663071
1.461201
1.273947
1.100624
1.247296
1.431565
1.583468
1.626398
1.572579
1.407520
1.223291
1.038502
0.892172
0.900427
0.813294
0.682577
0.547378
0.467366
0.506580
0.467189
0.508045
0.752939
1.060537
1.439581
1.897720
2.447751
3.082561
3.801085
4.685125
5.716934
6.922950
8.272990
9.036860
8.453173
7.236529
6.219741
5.504819
5.058753
4.321132
3.588225
3.016240
2.933802
3.072604
3.366729
3.748883
3.953793
4.187203
4.415563
4.769313
5.309242
5.721465
6.501119
7.456502
8.327191
8.711736
8.332844
7.467879
6.468445
5.533033
4.700535
3.970627
3.346914
2.835009
2.360829
1.933495
1.563891
1.244253
0.988632
0.754451
0.553208
0.389351
0.267609
0.174492
0.096735
0.041957
0.028977
0.033706
0.068309
0.117462
0.179922
0.246893
0.287857
0.268554
0.215559
0.151295
0.149761
0.184944
0.234843
0.236654
0.184121
0.189181
0.224153
0.298098
0.362105
0.397769
0.391984
0.358663
0.301039
0.276518
0.351596
0.434448
0.525100
0.611666
0.659295
0.621946
0.540699
0.447738
0.361129
0.285230
0.227422
0.212304
0.213440
0.235528
0.277491
0.491420
0.566503
0.400733
0.265231
0.455674
0.678470
0.867501
1.027265
1.280156
1.466500
1.840050
2.263134
2.483388
2.238417
1.791277
1.358714
0.983125
0.818706
0.855906
0.823890
0.789503
0.907322
1.042616
1.137558
1.142907
1.195619
1.302660
1.342272
1.287426
1.190658
1.077245
1.054004
0.925595
0.823823
0.706135
0.595011
0.509298
0.439425
0.759440
1.066786
1.153282
1.065307
0.762725
0.641377
0.773403
0.924738
1.100103
1.285005
1.449629
1.538814
1.719999
1.911764
2.078142
2.112121
1.995902
2.054277
2.003861
1.841768
1.665055
1.481876
1.301076
1.255469
1.178249
1.062047
0.940657
0.876187
0.800762
0.766640
0.960695
1.145556
1.367633
1.604015
1.864685
2.169805
2.469376
2.699545
2.675693
2.390422
2.047228
1.714227
1.409733
1.138775
0.975223
0.861557
0.792699
0.751392
0.636335
0.485641
0.517493
0.608532
0.695911
0.769336
0.803033
0.779510
0.701121
0.681866
0.997620
1.307554
1.769621
2.301671
2.270037
1.709382
1.396639
1.120458
1.175096
1.299214
1.363260
1.342932
1.231091
1.108755
0.992056
1.049774
1.090603
1.110985
1.069509
0.961727
0.844356
0.749116
0.773373
0.815759
0.844945
0.821982
0.740780
0.648374
0.748606
0.875328
1.019137
1.178149
1.351782
1.528672
1.710115
1.880026
1.996688
2.026326
1.931525
1.762468
1.598712
1.451856
1.366357
1.505730
1.555221
1.528676
1.482958
1.557240
1.512412
1.506748
1.551450
1.657917
1.745602
1.770118
1.737947
1.656126
1.571002
1.467656
1.361978
1.515101
1.681379
1.879586
2.051834
2.120063
2.036032
1.882627
1.717527
1.574787
1.590237
1.671069
1.723770
1.878152
1.891720
1.754057
1.540644
1.329410
1.148241
1.359741
1.588332
1.765996
1.816468
1.760050
1.599372
1.456049
1.389367
1.306931
1.177523
1.077175
1.062215
0.979790
0.878029
0.992309
1.123347
1.405483
1.711666
2.166082
2.667171
3.017298
2.997414
2.726135
2.762338
3.004107
3.215093
3.329784
3.328697
3.385354
3.509426
3.717833
3.876971
4.123423
4.411616
4.508591
4.362131
4.047114
3.670896
3.293791
2.945450
2.676332
3.000041
3.386313
3.798395
4.191443
4.662460
5.183904
5.715008
6.077326
6.116714
5.804877
5.397228
4.913116
4.474070
4.332755
4.310930
4.714767
5.160476
5.729014
6.419213
7.153752
7.848069
8.354592
8.300211
7.769842
7.108617
6.450546
5.836480
5.244930
4.688518
4.159272
3.689166
3.333771
3.306698
3.301310
3.619510
3.885267
3.875159
3.620912
3.243513
2.839371
2.458770
2.129251
1.873509
2.032115
2.256636
2.380158
2.436620
2.443512
2.488134
2.620965
2.855008
3.212369
3.386374
3.175754
2.805888
2.380632
1.998479
1.686009
1.917206
2.103258
2.297607
2.495509
2.692507
2.889010
3.100823
3.331970
3.572909
3.822450
4.079628
4.314077
4.412758
4.253516
3.999520
3.760235
3.587231
3.395360
3.197548
3.026381
2.848861
2.718845
2.669506
2.591084
2.446358
2.305478
2.656129
2.979153
3.297627
3.543926
3.781124
3.891193
3.893231
3.762310
3.523669
3.208535
2.802606
2.239460
1.661532
1.221189
1.108779
1.194978
1.324298
1.356982
1.288132
1.132182
0.984684
0.858472
0.737030
0.620331
0.509885
0.402927
0.310716
0.240563
0.175260
0.126233
0.151161
0.237317
0.355711
0.506855
0.694247
0.920561
1.156478
1.342914
1.409764
1.254888
0.997129
0.756010
0.555145
0.393741
0.284889
0.405589
0.553588
0.708768
0.845164
1.004549
1.050364
0.981875
0.963312
1.151881
1.292158
1.273440
1.138800
0.952225
0.772659
0.613630
0.481564
0.625244
0.682176
0.473773
0.296674
0.202620
0.201877
0.169418
0.162371
0.166701
0.194999
0.259040
0.275890
0.287043
0.450995
0.720389
1.142316
1.636338
1.848579
1.849289
1.624132
1.628270
1.995237
2.298399
2.238722
1.920197
1.535129
1.210600
0.979776
0.774305
0.541932
0.342727
0.191300
0.121811
0.206830
0.281011
0.449562
0.601941
0.717360
0.647917
0.541821
0.386875
0.181076
0.053232
0.002961
0.000000
0.000000
0.000000
0.000000
0.000000
0.000000
0.000000
0.000000
0.000000
0.000000
0.000000
0.000000
0.000000
0.000000
0.000000
0.000000
0.005515
0.063734
0.103869
0.115694
0.118860
0.119314
0.116107
0.101573
0.055565
0.001617
0.000000
0.000000
0.000000
0.000000
0.000000
0.000000
0.000000
0.000000
0.000000
0.000000
0.000000
0.000000
0.000000
0.000000
0.000000
0.000000
0.000000
0.000000
0.000000
0.000000
0.000000
0.000000
0.000000
0.000000
0.000000
0.000000
0.000000
0.000000
0.009757
0.062963
0.165988
0.318923
0.514525
0.793681
1.128578
1.414393
1.424669
1.155593
0.863164
0.864932
0.790363
0.677930
0.738260
1.022582
1.336516
1.697729
2.091492
2.504246
2.684950
2.535316
2.590034
3.030875
3.175129
3.372256
4.001196
4.465629
3.700657
2.843216
2.238583
1.799438
1.404889
1.562669
1.581862
1.330691
1.033646
0.738526
0.549410
0.696445
0.765451
0.705150
0.713493
0.730618
0.792431
0.859411
0.901723
1.019618
1.049411
1.079465
1.067398
1.018468
0.934148
0.911902
1.038574
1.170121
1.316461
1.475849
1.642020
1.810418
1.971581
2.125979
2.228528
2.347914
2.473270
2.495727
2.552471
2.815219
3.099412
3.406054
3.742421
4.092402
4.423632
4.736253
5.049219
5.380097
5.746605
6.191813
6.664343
7.077056
7.255220
7.045039
6.664540
6.266918
5.914407
5.689014
5.737426
5.582248
5.273924
4.903350
4.551064
4.225967
3.912405
3.634946
3.453616
3.455221
3.490616
3.752356
4.033371
4.291589
4.467803
4.492541
4.623930
4.901385
5.108109
5.188863
5.102483
4.923467
4.679665
4.771306
4.800478
4.771799
4.866147
4.805953
4.590913
4.333403
4.084703
3.982213
3.956235
3.938001
3.798699
3.447434
2.822680
2.262995
1.700740
1.464978
1.674689
1.892118
2.070731
2.346592
2.677628
3.026788
3.355885
3.688056
3.932715
3.989069
3.813367
3.539780
3.164486
2.866043
2.589601
2.762158
2.826777
2.766387
3.036535
3.337575
3.664318
4.018415
4.393016
4.713315
4.908990
4.790289
4.601892
4.297968
4.274643
4.282559
4.082512
3.948180
3.642947
3.312698
3.295584
3.703617
4.134369
4.535812
4.986200
5.339252
5.419486
5.227364
4.839261
4.401326
4.105659
4.050366
3.888861
3.605618
3.293581
2.956888
3.228823
3.739446
4.314177
4.906196
5.471542
5.866577
5.864916
5.580250
5.307663
4.910484
4.350389
3.797437
3.304629
2.836168
2.507510
2.559430
2.832923
3.081096
3.172590
3.074903
3.395376
4.178753
5.116512
6.143472
7.064125
7.504087
7.003256
6.042476
5.019371
4.089902
3.303366
3.369577
3.362243
3.180852
2.867054
2.544783
2.254262
2.073044
1.885505
1.751502
1.649666
2.060108
2.558457
2.833112
2.942878
2.907738
2.720952
2.652489
2.653973
2.913215
3.170299
3.404161
3.618348
3.786421
3.854553
3.838280
3.774849
3.780584
3.744569
3.610835
3.385366
3.773794
4.078622
4.078430
3.781144
3.359947
2.996012
3.276409
3.560997
3.771431
3.814941
3.754135
3.598547
3.426676
3.348418
3.186817
2.979035
2.754865
2.518950
2.274518
2.273349
2.482622
2.518813
2.483206
2.739838
2.954791
3.183962
3.405964
3.539047
3.591952
3.476944
3.247665
3.106716
2.908810
2.682233
2.422747
2.163273
1.908520
1.770578
1.905939
1.916766
1.799734
1.916242
2.077270
2.135494
2.115128
2.169034
2.227294
2.409616
2.585752
2.774984
2.903434
2.951435
3.174152
3.377566
3.558140
3.546234
3.337542
3.130986
2.886236
3.055546
3.457024
3.887432
4.271713
4.472574
4.351828
3.976876
3.568506
3.170002
2.783623
2.441339
2.364808
2.039442
2.130107
2.504140
2.753361
2.648072
2.455858
2.081503
1.752741
1.426647
1.340803
1.644369
1.945603
2.078436
2.187253
2.257552
2.150634
2.339236
2.506820
2.542059
2.494212
2.418997
2.335302
2.168767
2.138844
2.225848
2.084883
2.046262
2.308145
2.268926
1.920190
1.476926
1.078302
1.130190
1.413901
1.562105
1.612141
1.628755
1.623455
1.570316
1.346910
0.819708
0.436675
0.210811
0.116735
0.077514
0.090020
0.095921
0.075975
0.051649
0.046668
0.056617
0.063251
0.090937
0.130698
0.177706
0.208316
0.209089
0.179159
0.137533
0.112104
0.093568
0.101811
0.125414
0.135478
0.140474
0.136306
0.120691
0.097309
0.088159
0.067946
0.060997
0.051939
0.024169
0.022890
0.027468
0.019592
0.007325
0.000418
0.000000
0.000000
0.000000
0.000000
0.000000
0.000000
0.014824
0.102791
0.164028
0.183358
0.187618
0.187181
0.186787
0.183150
0.169255
0.125208
0.062662
0.072345
0.167021
0.290015
0.483006
0.481516
0.279924
0.127588
0.053727
0.009693
0.014003
0.056176
0.124963
0.172074
0.186966
0.174819
0.137095
0.084500
0.070009
0.103199
0.168527
0.185082
0.138755
0.044121
0.004826
0.000111
0.005762
0.009166
0.009465
0.009766
0.006072
0.000747
0.000825
0.000664
0.000000
0.000000
0.000000
0.000000
0.000000
0.004635
0.029654
0.072036
0.110949
0.105067
0.063760
0.075603
0.152932
0.275369
0.446277
0.667819
0.915957
1.090508
1.092097
0.915389
0.718625
0.717248
0.712002
0.691635
0.615530
0.444373
0.299489
0.424190
0.659783
0.927841
1.161459
1.292425
1.210315
1.061815
0.858274
1.101034
1.381277
1.428744
1.191818
1.069520
0.890955
0.930746
1.053744
1.275827
1.399370
1.286646
0.961406
1.015686
1.092132
1.012672
0.812117
0.595755
0.479365
0.584967
0.675476
0.670736
1.078025
1.265521
1.256204
1.054754
0.600406
0.387311
0.478209
0.549123
0.597939
0.610278
0.746680
0.803914
0.723040
0.551889
0.541472
0.660041
0.812693
0.983538
1.142300
1.220616
1.202056
1.116657
1.183549
1.200945
1.116952
1.087252
1.238683
1.368376
1.429099
1.408811
1.315485
1.211253
1.330871
1.398556
1.368539
1.244896
1.090942
1.162384
1.263930
1.257255
1.223034
1.349398
1.426695
1.372246
1.436358
1.448219
1.485830
1.441811
1.604554
1.709789
1.699686
1.740176
1.933799
2.071080
2.068037
1.942337
1.750142
1.540723
1.339361
1.145513
0.964398
0.854157
1.018191
1.104104
1.282194
1.568394
1.924508
2.200172
2.367659
2.356214
2.273087
2.030804
1.918708
1.771452
1.837805
2.263737
2.772556
3.389423
4.047418
4.628479
5.022739
5.257334
5.703355
6.704343
7.935725
9.291335
10.600506
11.157238
10.485239
9.128130
7.734471
6.473283
6.296392
7.261374
8.351368
9.497382
10.186800
10.350723
9.845222
8.946485
9.025616
9.379432
9.241037
8.666368
7.716703
6.711343
5.789855
5.354421
5.478777
4.663972
4.652360
5.254743
5.348336
4.818453
4.064511
3.290263
2.598649
2.204095
2.088718
1.882291
1.998267
2.285191
2.553302
2.730391
2.878711
2.986440
3.210287
3.794233
4.503125
5.140393
5.690228
6.052938
6.299469
6.387985
6.190859
5.920410
5.670496
5.242154
4.815441
4.597683
4.719189
4.540495
4.280949
4.089704
3.760886
3.505912
3.497940
3.786760
4.010167
4.199288
4.194164
3.966801
3.649621
3.331713
3.024023
2.751816
2.652677
2.597916
3.108153
3.705630
4.391146
5.166440
6.033664
7.028299
8.150483
9.268762
9.942441
9.842210
9.419800
8.395936
7.332574
6.361743
5.521413
4.831024
4.295689
4.456988
4.251942
3.924329
3.524361
3.454743
3.529357
3.990432
4.604448
5.228061
5.650631
5.549847
5.087076
4.473633
4.179077
4.672722
4.998484
4.875544
4.445462
4.092856
4.276113
4.278360
4.224880
4.081887
3.787808
3.356089
2.846007
2.291946
1.916982
1.718858
1.845998
2.024052
2.225628
2.437818
2.644763
2.754672
2.754867
2.655136
2.528116
2.768355
3.032187
3.105392
3.102890
3.024238
2.744029
2.121603
1.869436
2.086068
2.299887
2.460287
2.533467
2.432599
2.643111
2.915945
3.205666
3.450945
3.595122
3.491548
3.227481
2.937030
2.914918
3.242095
3.511137
3.686283
3.625273
3.391756
3.092175
2.973490
3.366470
3.807521
4.184614
4.369708
4.786057
5.044388
5.034365
4.868909
4.865916
5.084696
5.135894
5.058495
4.832811
4.598028
4.570581
4.897534
5.196171
5.449708
5.621873
5.715054
5.635467
5.850510
6.096620
6.447285
6.770018
6.988238
6.939985
6.735112
6.435843
6.649105
7.589061
8.576289
9.439802
9.873190
9.641031
8.778581
7.840571
7.433368
8.570096
9.913921
11.394552
13.002806
14.682965
16.096230
17.196096
16.639315
15.100291
13.258630
11.446763
12.699684
14.198544
15.526417
16.905148
17.685839
17.238506
16.071766
14.442458
12.855803
11.478360
11.202298
12.313485
13.512671
14.623165
15.204727
14.921311
14.072068
13.027562
12.832850
12.215701
11.373110
11.234674
11.070032
10.457169
9.795889
9.482297
10.032313
10.677257
11.353282
12.052281
12.895715
13.843564
14.801704
15.569840
15.929788
15.521402
14.767828
13.776354
12.777047
11.847507
10.990805
11.228324
11.444330
11.797134
12.117940
12.225657
11.772058
11.118142
10.355885
9.605654
8.910203
9.075664
9.612993
10.151651
10.650798
10.901192
10.915262
10.967836
10.955795
10.542683
10.019149
9.424584
8.870148
8.445757
7.960994
7.577450
7.705895
7.780475
7.942650
8.783197
9.392693
10.037539
10.509708
10.655103
10.397632
10.000409
9.494335
8.958798
8.466529
8.800272
9.153503
9.565488
9.945698
10.061042
9.808580
9.341399
9.065480
9.368726
9.449814
9.339576
9.142303
9.005469
8.657589
8.266721
8.020469
8.403530
8.564770
8.491817
8.143428
7.710392
7.829053
8.096771
8.339597
8.458290
8.720868
8.732330
8.407451
8.014919
7.737150
7.494584
7.135916
6.574180
5.949707
6.036772
5.934976
5.687189
5.401313
5.211794
5.336365
5.358820
5.211022
4.930058
4.643770
4.388494
4.098003
4.022388
4.147900
4.309346
4.282778
4.053699
3.777904
3.542568
3.389753
3.436367
3.238939
3.278775
3.393389
3.450972
3.378466
3.205352
3.003706
2.779979
2.641878
2.443653
2.223268
2.092050
2.115350
2.271167
2.297238
2.247813
1.866422
2.202261
2.578571
2.909362
3.287816
3.719180
4.002207
3.996203
3.696510
3.240614
2.800097
2.430937
2.457200
2.491411
2.333906
2.054750
1.731528
1.440232
1.215690
1.030314
1.440583
1.883583
2.091030
1.901364
1.461013
1.223772
1.363275
1.438519
1.382463
1.473503
1.621538
1.819248
2.019288
2.212363
2.552672
2.816896
2.818384
2.832281
2.801410
2.628119
2.605996
2.694017
2.856268
3.041442
3.126388
3.037441
2.854467
2.742121
2.679393
2.507538
2.737637
2.840589
2.669742
2.366216
2.031650
1.910099
2.036088
2.052974
1.951841
1.791125
1.931797
2.176044
2.403419
2.524009
2.505550
2.422300
2.593133
2.695771
2.597769
2.373863
2.094581
2.101863
2.351234
2.611697
2.860055
3.080240
3.284774
3.373030
3.223503
3.153778
3.244709
3.485620
3.520716
3.405935
3.095427
2.790414
2.539233
2.341757
2.099202
1.866203
1.848382
1.711647
1.666189
1.529133
1.333593
1.135892
0.965332
1.133580
1.473052
1.879438
2.321458
2.667762
2.648702
2.278313
1.928834
2.139718
2.223923
2.367606
2.482408
2.257367
2.541867
2.891219
3.105045
3.157796
3.041731
3.199347
3.533709
3.587700
3.352839
2.993245
2.922943
2.776051
2.868374
3.148786
3.515367
3.935017
4.363864
4.790609
5.143541
5.165935
4.582248
4.419151
4.603558
4.859532
5.299633
5.802650
6.288645
6.784182
7.252038
7.272077
7.393747
7.321028
6.139216
4.700514
3.687111
2.495903
2.293945
2.416160
2.286923
1.922673
1.257522
1.303643
1.508888
1.638211
1.396535
1.121540
1.202772
1.349399
1.376372
1.318977
0.875086
0.782554
0.773398
0.899407
1.013443
0.795986
0.306716
0.234128
0.188138
0.143979
0.139282
0.223525
0.255216
0.267224
0.316289
0.108833
0.000000
0.000000
0.000000
0.000000
0.000000
0.000000
0.000000
0.000000
0.000000
