track	type=wiggle_0
fixedStep	chrom=chr	start=1	step=1
0.000000
0.000000
0.000000
0.000000
0.000000
0.000000
0.000000
0.000000
0.000000
0.000000
0.000000
0.000000
0.000000
0.000000
0.000000
0.000000
0.000000
0.000000
0.000000
0.000000
0.000000
0.005479
0.030550
0.269137
0.709710
0.998403
0.988847
0.809016
0.593011
0.433511
0.311498
0.334525
0.444895
0.451911
0.538995
0.787978
1.021503
1.123106
0.972760
0.716502
0.765995
0.977241
0.928998
0.970059
1.009680
1.269177
1.644116
2.097496
2.644937
3.255236
3.750233
3.777237
3.294263
2.683310
2.139886
1.736062
1.921493
2.272813
2.417519
2.262397
1.929019
1.610336
1.275812
0.961055
0.700734
0.505051
0.421277
0.423533
0.438017
0.472761
0.629481
0.811048
0.973689
1.020837
1.023432
1.001774
0.932376
0.770526
0.419752
0.171304
0.044473
0.000814
0.000000
0.004664
0.020832
0.032925
0.029747
0.012789
0.001144
0.000000
0.000000
0.000000
0.000000
0.000000
0.000000
0.000000
0.000000
0.000000
0.000000
0.000598
0.001992
0.003863
0.003830
0.010859
0.031617
0.060382
0.085323
0.092616
0.083757
0.068162
0.041337
0.023159
0.042968
0.057852
0.065509
0.052307
0.033742
0.015809
0.003803
0.000047
0.000000
0.000000
0.001608
0.009971
0.056645
0.140478
0.240025
0.433707
0.728989
1.191855
2.014380
2.410823
2.518323
2.518323
2.433547
2.128498
1.444873
0.935236
0.568647
0.319033
0.173221
0.109602
0.114209
0.201085
0.270443
0.249411
0.151571
0.063383
0.012382
0.000007
0.017105
0.056786
0.148651
0.207591
0.157284
0.076203
0.032118
0.019129
0.007792
0.003478
0.001290
0.000062
0.000000
0.000000
0.000000
0.000000
0.000000
0.000000
0.000000
0.000000
0.000000
0.000000
0.000000
0.000000
0.000000
0.000000
0.004377
0.062218
0.209828
0.501626
0.851495
0.941538
0.879657
0.599055
0.296856
0.125173
0.030065
0.000000
0.000000
0.000000
0.000000
0.000000
0.000000
0.010058
0.042239
0.067374
0.051753
0.015690
0.000000
0.000772
0.029222
0.107996
0.231205
0.363138
0.437036
0.359143
0.222645
0.097494
0.022316
0.000000
0.000000
0.000000
0.000000
0.000000
0.000000
0.000000
0.000000
0.000000
0.000000
0.000000
0.000000
0.000000
0.000000
0.000000
0.000000
0.000000
0.000000
0.000000
0.000000
0.000000
0.000000
0.000554
0.007404
0.022519
0.045232
0.071698
0.100703
0.141245
0.187840
0.241643
0.286181
0.291606
0.254963
0.203192
0.237458
0.287334
0.302455
0.280406
0.269750
0.335184
0.419285
0.513246
0.615309
0.718618
0.788414
0.779863
0.702211
0.599681
0.506869
0.423368
0.406394
0.505575
0.611585
0.719218
0.797636
0.793190
0.708366
0.612424
0.651547
0.766475
0.909317
1.062614
1.211168
1.307088
1.285078
1.169346
1.012231
0.858801
0.718085
0.828297
0.985854
1.158115
1.347912
1.554218
1.778952
2.019434
2.282331
2.565645
2.871731
3.190494
3.481825
3.723545
3.733423
3.516030
3.216893
2.971776
2.885300
3.148163
3.435127
3.510669
3.796981
4.221491
4.690233
5.197096
5.735937
6.318332
6.951097
7.626795
8.352797
9.120885
9.862323
10.359739
10.359739
9.867078
9.137556
8.372128
7.644709
6.968168
6.334450
5.751006
5.211278
4.703608
4.314796
5.198972
6.225970
7.308643
8.066586
8.097879
7.353502
6.266005
5.233306
4.330680
3.551859
2.906361
2.550970
2.963121
3.234024
3.076821
2.711472
2.249038
1.812491
1.433434
1.110033
0.836814
0.821306
0.742469
0.959308
1.184705
1.320685
1.311197
1.401854
1.481318
1.406329
1.266686
1.087694
0.965084
0.821722
0.674005
0.541860
0.426548
0.324822
0.307269
0.412473
0.543058
0.691527
0.818745
0.895249
0.832295
0.729252
0.596741
0.459935
0.342879
0.245188
0.164585
0.124582
0.107269
0.115203
0.184896
0.265571
0.348535
0.429524
0.518207
0.610568
0.681434
0.713045
0.680918
0.629364
0.674675
0.699396
0.834614
1.089817
1.383003
1.580689
1.566148
1.332971
1.219791
1.267438
1.296055
1.258053
1.163699
1.079770
0.993037
0.884499
0.771239
0.692027
0.599244
0.523936
0.484841
0.466143
0.417133
0.355470
0.411620
0.505171
0.600114
0.674348
0.682235
0.625704
0.537409
0.445946
0.373311
0.376181
0.359595
0.359595
0.355007
0.329319
0.239567
0.253970
0.322415
0.392449
0.433294
0.431503
0.386091
0.317141
0.249199
0.189343
0.136588
0.198448
0.274560
0.429817
0.823625
1.010620
1.062465
1.072648
1.072648
1.072648
1.072648
1.062465
1.010619
0.817934
0.455237
0.383853
0.476352
0.739446
1.030495
1.183746
1.098160
0.870345
0.597866
0.549682
0.560127
0.714384
0.844174
0.872068
0.784351
0.806746
1.049987
1.338313
1.666816
1.995133
2.276800
2.375808
2.717381
3.141471
3.517385
3.595407
3.391651
2.997952
3.345071
3.983502
4.464400
4.833446
4.908267
4.660859
4.191168
4.021224
4.398342
4.898758
5.616845
6.513387
8.409944
9.814317
10.345369
10.498705
10.345371
9.814317
8.384632
6.354610
5.168910
4.216539
3.380177
2.681277
2.587330
2.952869
3.236282
3.342324
3.133070
2.816533
2.447094
2.168590
2.218230
2.394836
2.587728
2.675571
2.553452
2.258503
1.985553
1.890922
1.697491
1.442310
1.201836
1.010309
0.933466
0.803501
0.643432
0.491686
0.360692
0.443074
0.516761
0.540993
0.499635
0.665454
0.988576
1.404983
1.874158
2.300665
2.516087
2.251595
1.755601
1.277251
0.879365
0.779234
0.818634
0.830193
0.821475
0.905953
1.041942
1.114303
1.096059
1.011306
0.869908
0.715027
0.575570
0.453142
0.346956
0.255874
0.179074
0.164844
0.191093
0.170351
0.122727
0.069299
0.034182
0.037710
0.060181
0.058762
0.036530
0.012518
0.012352
0.023948
0.045860
0.073648
0.105433
0.159353
0.242928
0.336831
0.432594
0.521736
0.617317
0.704816
0.759992
0.762178
1.127064
1.609486
2.230758
2.706498
2.297957
1.815974
1.985418
2.457321
2.890010
2.960830
2.715514
2.376330
2.008911
1.837721
1.603828
1.623366
1.960693
2.506896
3.129443
3.638390
3.652748
3.371739
3.046492
2.528154
2.012591
1.584235
1.155263
0.791897
0.507155
0.294249
0.206872
0.159532
0.110246
0.066961
0.038306
0.017160
0.015040
0.035330
0.061653
0.083553
0.113676
0.170186
0.247121
0.331714
0.421782
0.544000
0.687681
0.840871
0.980446
1.107322
1.199108
1.169482
1.045648
0.882939
0.727730
0.596822
0.484664
0.385539
0.309059
0.264549
0.362242
0.437924
0.440979
0.435166
0.426557
0.364611
0.292595
0.237255
0.192948
0.145052
0.131301
0.181566
0.228878
0.284445
0.347173
0.420008
0.509858
0.624322
0.757606
0.895897
1.029188
1.157385
1.405575
1.863698
2.393777
2.901404
3.201940
2.914997
2.400752
1.868912
1.395131
1.005857
0.702550
0.560502
0.614778
0.792911
1.003396
1.129369
1.320822
1.327332
1.558308
1.902902
2.288466
2.686694
3.001152
3.003606
2.698287
2.304051
1.914428
1.572047
1.287970
1.071948
0.966837
1.017241
1.100840
1.017073
0.925982
1.067299
1.208860
1.260695
1.246923
1.423356
1.567775
1.580480
1.447066
1.259733
1.096004
1.135543
1.193080
1.176399
1.083235
0.941448
0.977640
1.139748
1.254802
1.259618
1.163497
1.027533
0.882915
0.743791
0.680943
0.638016
0.819367
0.993231
1.201916
1.426611
1.682984
1.983164
2.270933
2.502361
2.487169
2.204792
1.866502
1.539735
1.247469
0.988666
0.869936
0.762547
0.701049
0.664062
0.611009
0.614262
0.557478
0.538883
0.625279
0.687008
0.718768
0.731756
0.697763
0.667597
0.989368
1.305738
1.773184
2.306250
2.265362
1.694869
1.376438
1.139798
1.140079
1.058167
1.009825
1.109665
1.155679
1.175470
1.294640
1.381676
1.406854
1.370028
1.265386
1.137357
1.003338
0.880026
0.924343
1.056177
1.190902
1.251732
1.254658
1.184232
1.058820
0.927998
0.807000
0.759306
0.872987
0.923463
0.888372
0.833208
0.911078
1.029195
1.160265
1.229404
1.254793
1.213657
1.118468
1.055327
0.966267
1.074946
1.201199
1.269728
1.361470
1.477692
1.602395
1.749303
1.851145
1.862203
1.758913
1.635048
1.523332
1.366089
1.247390
1.137218
1.164461
1.297668
1.417230
1.443324
1.374336
1.400558
1.519060
1.617838
1.661095
1.600039
1.459691
1.336541
1.266442
1.317016
1.519223
1.644356
1.822443
1.901135
2.486244
3.186947
4.027779
5.272653
6.325015
6.332993
5.281206
4.017431
3.168612
2.470207
1.903247
1.484249
1.647046
2.011462
2.426771
2.887231
3.403590
3.943048
4.567026
5.139424
5.548714
5.714479
5.658299
5.294756
4.667825
4.021973
3.429356
3.215665
3.665007
4.097311
4.549042
4.780630
5.554378
5.962056
5.618713
5.246496
5.403542
5.199864
4.715276
4.186251
3.730926
3.381021
3.203206
3.241406
3.527121
3.967992
4.462692
5.107585
5.699525
5.951297
5.685085
5.104267
4.437131
3.846142
3.422980
3.091073
2.788522
2.570498
2.527344
2.530160
2.836210
2.882103
3.009817
3.045770
3.412073
3.645899
3.553930
3.288831
2.917938
2.551934
2.233650
2.015894
1.838478
1.795775
1.668295
1.724358
1.650844
1.699308
1.564070
1.443400
1.265885
1.078824
1.201176
1.336570
1.411468
1.385339
1.301483
1.305361
1.621327
1.986726
2.376449
2.686410
2.813435
2.654517
2.331486
1.944110
1.623095
1.397323
1.378916
1.292276
1.107722
1.230156
1.382482
1.530946
1.681969
1.803906
1.865461
1.951006
2.020121
1.977841
1.835261
1.658243
1.480771
1.343876
1.397165
1.471052
1.498735
1.461998
1.421288
1.360430
1.227139
1.083093
1.045256
0.998078
1.066343
1.137460
1.112117
1.207949
1.340765
1.417174
1.401883
1.320253
1.196817
1.097216
1.118148
1.285061
1.447304
1.515566
1.457128
1.350716
1.224263
1.054131
0.895988
0.945669
1.023418
1.031690
0.953760
0.886682
0.768769
0.633398
0.671013
0.684588
0.670379
0.557733
0.439491
0.454927
0.533754
0.587665
0.590520
0.895881
1.219286
1.407014
1.313892
1.005914
0.804115
0.834598
0.842911
0.788691
0.713077
0.873354
1.093976
1.350407
1.624458
1.869121
2.031556
1.955475
1.730729
1.462142
1.222060
1.401376
1.715768
2.010011
2.099076
1.985336
1.700994
1.423818
1.205291
1.118717
1.231912
1.504740
1.714006
2.039067
2.388509
2.826963
3.274428
3.647490
3.639158
3.527362
4.231151
5.147774
6.157148
7.260911
8.125013
8.158119
7.337940
6.279570
5.345842
4.585534
4.402289
4.577766
4.882044
4.603684
4.140644
3.483491
2.835771
2.270025
1.800855
1.404627
1.069575
0.930207
0.743247
0.727823
0.788896
0.691783
0.572870
0.408779
0.383458
0.336453
0.243976
0.147984
0.071059
0.022631
0.001464
0.000000
0.000000
0.000000
0.000000
0.000000
0.000000
0.000000
0.000000
0.000000
0.000000
0.000000
0.000000
0.010651
0.072858
0.117751
0.139444
0.154700
0.156361
0.153518
0.136657
0.072989
0.003805
0.000000
0.000000
0.000000
0.000000
0.000000
0.000000
0.000000
0.000000
0.000000
0.000000
0.000000
0.000000
0.000000
0.000000
0.000000
0.000000
0.000000
0.000000
0.000000
0.000000
0.000000
0.000000
0.000000
0.000000
0.000000
0.000000
0.000000
0.000000
0.000000
0.003422
0.047003
0.138943
0.276550
0.492064
0.763632
1.003152
1.012902
0.797012
0.573060
0.546378
0.489246
0.415129
0.434891
0.660563
0.920279
1.223190
1.565562
1.958767
2.174466
2.107023
2.487818
2.951173
3.084395
3.313529
3.943884
4.418453
3.641129
2.778032
2.167352
1.709318
1.248490
0.858559
0.552886
0.324889
0.168628
0.174654
0.177889
0.178077
0.174666
0.158871
0.106644
0.025977
0.000000
0.000000
0.000000
0.000000
0.000000
0.000000
0.000000
0.000000
0.000000
0.000000
0.000000
0.008710
0.060165
0.065736
0.022794
0.049628
0.075553
0.077597
0.052493
0.024900
0.007021
0.008216
0.015711
0.021748
0.030983
0.025434
0.052018
0.094436
0.143746
0.202222
0.273147
0.355583
0.451743
0.571462
0.711841
0.846716
0.914470
0.856882
0.820448
0.969635
1.123156
1.268427
1.361209
1.329951
1.219965
1.062026
0.925595
0.808782
0.782546
0.874739
0.923750
1.011083
1.130810
1.189606
1.521710
1.880515
2.339540
2.866818
3.416699
3.818379
3.821206
3.424610
2.872989
2.332862
1.855996
1.614725
1.600096
1.674681
1.682829
1.783877
2.093347
2.321792
2.344631
2.284702
2.398497
2.650661
2.966825
3.324733
3.717068
4.126983
4.573614
5.074820
5.627607
6.209479
6.747339
7.022757
6.943160
6.664192
6.462498
6.367501
6.428508
6.300621
5.992826
5.551451
5.023404
4.739021
4.501095
4.750200
4.802034
4.536261
4.236876
4.632394
5.039018
5.441931
5.742204
6.117489
6.882429
7.454850
7.432990
6.790956
5.987543
5.434576
5.434129
5.195486
4.836793
4.422441
4.573036
5.055618
5.558370
6.045415
6.603247
7.017803
7.160929
6.874197
6.320208
5.780123
5.462078
5.434307
5.371976
5.109607
4.769819
4.461476
4.581234
4.669493
4.650452
4.586431
4.642811
4.727861
4.620698
4.395361
4.349736
4.524134
4.788754
4.949099
4.852232
4.567077
4.368620
4.718536
5.130688
5.483438
5.591086
5.448109
5.127065
5.117413
4.929900
4.876767
5.710693
6.087865
5.643585
4.777420
3.888572
3.579677
3.854326
4.030268
4.027442
3.802596
3.429636
3.052795
2.771355
2.676469
2.569248
2.442249
2.221730
2.264996
2.415133
2.480091
2.341711
2.262831
2.068149
1.910880
1.875791
1.894975
2.080686
2.309106
2.522556
2.612367
2.545781
2.816500
3.164640
3.413177
3.759969
4.166121
4.700569
5.265918
5.620859
5.619373
5.281952
4.740116
4.202296
3.711843
3.253725
2.826169
2.662239
2.412907
2.217715
2.659223
2.674863
2.274931
1.588009
1.099165
1.227892
1.443946
1.646657
1.733016
1.688151
1.538334
1.337657
1.161134
1.193982
1.119093
1.005691
1.195752
1.358021
1.451799
1.390585
1.278438
1.138134
1.127012
1.162871
1.153951
1.205189
1.265252
1.205501
1.071381
0.899845
0.755783
0.761999
0.685584
0.572547
0.449522
0.343714
0.257461
0.341315
0.481216
0.642256
0.791024
0.879092
0.816633
0.665310
0.525667
0.465522
0.442198
0.431033
0.495842
0.629610
0.797224
0.902227
1.021092
1.021241
0.772231
0.509874
0.382782
0.388189
0.422294
0.368551
0.319617
0.482241
0.627171
0.655319
0.642632
0.608881
0.515996
0.394208
0.563406
0.869807
1.244669
1.658072
1.972055
2.023066
1.877247
2.164495
2.318862
2.356789
2.327826
2.291041
2.287619
2.284600
2.450341
2.917739
2.964642
2.524139
2.550143
2.364763
1.959644
1.488487
1.073499
0.983536
1.366338
1.550103
1.608564
1.625569
1.621061
1.581946
1.411900
1.020950
0.574959
0.289601
0.132657
0.056378
0.027099
0.000675
0.000000
0.000000
0.000000
0.000000
0.000000
0.000000
0.000000
0.000000
0.000000
0.000000
0.000000
0.000000
0.000000
0.000000
0.000000
0.000000
0.000000
0.000000
0.000000
0.000000
0.000000
0.000000
0.000000
0.000000
0.000000
0.000000
0.000000
0.000000
0.000000
0.000000
0.000000
0.000000
0.000000
0.000000
0.000000
0.000000
0.000000
0.000000
0.000000
0.000000
0.000000
0.000000
0.000000
0.000596
0.011841
0.021636
0.021739
0.007362
0.000000
0.000000
0.000000
0.000000
0.000000
0.000000
0.000000
0.000000
0.000000
0.000000
0.000000
0.000000
0.000000
0.000000
0.000000
0.000000
0.000000
0.000000
0.040587
0.134239
0.164025
0.122247
0.036647
0.002915
0.000000
0.000000
0.000000
0.000000
0.002982
0.020361
0.052536
0.099684
0.164978
0.223274
0.248737
0.200935
0.143541
0.086466
0.041829
0.013426
0.016018
0.036088
0.032316
0.016341
0.070208
0.100251
0.150507
0.293088
0.495369
0.723152
0.887995
0.885557
0.720444
0.698557
0.699112
0.694168
0.671466
0.586522
0.404023
0.205175
0.365588
0.575562
0.837573
1.078280
1.238030
1.231486
1.231177
1.314601
1.646126
1.971404
1.983925
1.714105
1.474422
1.176273
1.037159
1.175272
1.392789
1.496090
1.353015
1.020552
0.717011
0.458362
0.268735
0.153038
0.086254
0.047071
0.103115
0.121514
0.090665
0.050871
0.101661
0.159833
0.188594
0.172178
0.146071
0.134277
0.124697
0.189348
0.291576
0.390335
0.445629
0.400119
0.316920
0.265873
0.280980
0.255391
0.291649
0.359058
0.460875
0.584748
0.709527
0.805712
0.824394
0.732100
0.747338
0.865572
0.939482
0.953889
0.875165
0.757177
0.640206
0.663392
0.699017
0.767654
0.809658
0.818005
0.924220
1.119953
1.321558
1.451234
1.441592
1.300694
1.240023
1.622491
2.083450
2.529891
2.695421
2.537259
2.258836
1.804496
1.513325
1.172320
1.212820
1.504010
1.748400
1.929672
2.397691
2.541235
2.432144
2.866415
3.406296
3.663455
3.736214
3.540110
3.572761
3.791169
3.985265
4.007811
4.005593
3.965989
3.811496
3.672708
3.509326
3.602623
3.730004
3.942559
4.126645
4.328597
4.563135
4.846457
5.045347
5.048258
4.825940
4.880518
4.770874
4.447096
4.656293
4.224153
4.084957
3.946839
4.117663
4.268020
4.248507
4.403850
4.698246
4.990399
5.091114
5.051309
4.820553
4.925823
4.990267
5.081641
5.234331
5.586668
5.942666
6.185412
6.212993
6.052775
6.400126
6.774942
6.926178
6.817417
6.490746
6.145612
6.368258
7.281848
7.993614
8.412085
8.485221
8.375922
8.533477
8.422637
7.986430
7.404894
7.339966
7.991815
8.797429
9.697093
10.542532
11.222239
11.474315
11.193597
10.568492
10.252834
10.598441
10.564383
10.174523
10.092890
10.930372
11.548075
11.687475
11.200191
10.366553
9.505672
8.917509
8.320325
8.635854
9.319945
10.312761
11.462858
12.580312
13.291047
13.149155
12.365653
12.328943
13.193708
14.502786
16.071606
17.804531
19.733528
21.861740
24.197031
26.734892
29.185112
30.401703
29.575882
27.503107
24.969744
22.511436
20.281061
18.279499
16.472675
14.828986
13.343607
12.269606
12.822694
13.038399
12.542721
11.718888
10.621972
9.534986
8.561266
7.790899
7.428191
6.953617
7.400297
7.904706
7.942331
7.559002
6.993933
6.434216
5.859423
5.422741
5.192187
4.833412
4.650619
4.448232
4.840279
5.071128
4.885258
4.469232
3.741432
3.573863
3.637474
3.739406
3.977694
4.135675
4.205600
4.112506
3.912138
3.726803
3.572732
3.586245
3.810174
4.011088
4.060097
3.974689
3.929018
3.925478
3.757793
3.447067
3.130287
2.830440
2.545724
2.290836
2.484648
2.730463
2.993374
3.314988
3.755579
4.409727
5.160478
5.605831
5.690800
5.577267
5.529412
5.449635
5.109862
4.836125
4.738038
4.617438
5.009595
5.488901
5.953013
6.153311
6.127001
6.364203
6.376822
6.368814
6.611787
6.622561
6.403394
6.498612
6.884195
7.224812
7.297495
7.121583
6.689989
6.205058
5.818128
5.425714
5.021445
4.633313
4.275503
4.007932
3.916296
4.139597
4.243666
4.365385
4.140064
3.736832
3.427780
3.231824
2.897075
2.773934
2.409873
2.055933
2.010764
2.382187
2.817088
3.304107
3.820913
4.336988
4.759531
4.891492
4.794478
4.703172
4.771880
4.512589
4.042520
4.735559
5.498750
6.354873
7.311800
8.317910
9.156775
9.566333
9.101299
8.251348
7.241399
6.309938
5.457017
4.671288
4.660533
4.677369
5.733283
6.059536
5.766547
4.794267
3.784330
3.398285
3.149421
2.827069
2.604152
2.849722
3.238104
3.645263
4.056577
4.470024
4.814289
4.988995
5.080797
4.995300
4.710072
4.381731
3.964016
3.532419
3.114425
2.744737
2.562936
2.528629
2.357693
2.319227
2.500530
2.847641
3.197427
3.340204
3.234323
2.877713
2.500025
2.103737
1.749985
1.876591
1.971429
1.974123
2.137313
2.067367
2.095516
1.958658
1.841941
1.832643
2.002375
2.090873
2.069816
1.922896
1.740080
1.783472
1.998353
2.221616
2.509324
2.760046
2.925500
2.937885
3.045786
3.144673
3.189354
3.066141
2.841978
3.083618
3.286078
3.409972
3.602013
3.768963
3.679528
3.406011
3.137352
2.885895
2.634680
2.693009
2.886362
3.119922
3.298654
3.422002
3.508205
3.626991
3.750229
3.751521
3.633457
3.537639
3.401738
3.147585
2.889432
2.837848
3.002392
3.071509
3.057568
2.942994
2.989943
3.159766
3.417193
3.679208
3.842419
3.886308
3.805405
3.592228
3.344625
3.079327
2.847318
2.650580
2.514911
2.428100
2.510624
2.591958
2.626320
2.607264
2.587079
2.844379
3.129532
3.308038
3.337960
3.264037
3.085445
2.880311
2.795005
2.763685
2.783381
2.753534
2.818107
2.994760
3.189005
3.308064
3.272241
3.079374
2.800843
2.559334
3.026613
3.658163
4.245500
4.701246
5.360262
6.002141
6.181619
5.720530
4.951803
4.104980
3.921613
4.349352
4.878987
5.470844
6.104920
6.734779
7.212524
7.402346
7.099569
6.624604
6.033595
5.436666
4.985514
4.721887
4.580629
4.751985
4.934690
4.969151
4.929452
5.038309
5.387727
5.716816
5.867190
5.601618
5.169528
4.688207
4.250783
4.063087
4.357259
4.572406
4.577645
4.332112
4.210246
4.774868
5.412866
6.007048
6.237548
6.008232
5.420826
4.800129
4.421852
4.752481
5.079161
5.345336
5.393340
5.246369
5.161190
5.203545
5.051054
4.728801
4.470527
4.366189
4.526181
4.480115
4.284832
4.046705
4.208716
4.694644
4.952123
4.703523
4.219244
4.548864
5.020370
5.455235
5.894029
6.284705
6.376822
5.444366
4.090618
4.125666
4.090153
4.259527
4.513019
4.762469
4.909853
4.767871
4.419236
3.852734
3.358767
3.045211
2.918365
2.839634
3.009649
3.168840
3.386865
3.547493
3.524910
3.380772
3.526434
3.460605
3.232505
2.924496
2.605301
2.304072
2.005719
1.692779
1.634072
1.526424
1.583617
1.569143
1.405922
1.186136
1.129153
1.072161
0.878808
0.725664
0.832839
1.052997
1.288593
1.548677
1.853729
2.077881
2.187042
2.065226
1.846146
1.527110
1.622587
1.760667
1.517506
1.043318
1.108449
1.396814
1.625378
1.993622
2.472673
3.035403
3.680622
4.416965
5.249709
6.190357
7.273253
8.447463
9.570142
10.044632
9.736983
8.721056
7.533480
6.425674
5.419209
4.507835
3.688913
3.028151
2.311229
1.245750
0.438669
0.119762
0.042550
0.000218
0.000000
0.000000
0.000000
0.000000
0.000000
0.000000
0.000000
0.001315
0.046805
0.164053
0.408045
0.000000
0.000000
0.000000
0.000000
0.000000
0.000000
0.000000
0.000000
0.000000
