track	type=wiggle_0
fixedStep	chrom=chr	start=1	step=1
0.000000
0.000000
0.000000
0.000000
0.000000
0.000000
0.000000
0.000000
0.000000
0.000000
0.000000
0.005437
0.037123
0.312186
0.667343
0.863059
0.805163
0.593770
0.695431
0.894943
0.644699
0.357281
0.158760
0.124435
0.229011
0.393338
0.613345
0.882389
1.122533
1.162586
0.984641
0.831629
0.722548
0.637148
0.616807
0.568857
0.622331
0.535153
0.402607
0.277024
0.282097
0.309792
0.259661
0.202234
0.175961
0.119605
0.179554
0.343810
0.534526
0.742982
0.894702
0.938649
0.940944
0.920518
0.854983
0.703590
0.374055
0.144017
0.032076
0.002825
0.000646
0.004202
0.006553
0.001519
0.002652
0.001354
0.000000
0.000000
0.000000
0.000000
0.000000
0.024428
0.117042
0.327336
0.696434
0.864042
0.909727
1.039194
1.184517
1.157301
1.196801
1.297143
1.352033
1.429162
1.481205
1.641209
1.770476
1.773884
1.645994
1.717082
1.894647
1.952301
1.915211
1.824585
1.722360
1.718442
1.759398
1.877798
2.071091
2.206404
2.334124
2.355509
2.344069
2.419453
2.368265
2.190878
2.161144
2.496869
2.865656
3.266675
3.709898
4.193923
4.692637
5.171263
5.499567
5.380593
4.967263
4.465951
3.967207
3.504273
3.086571
2.727181
2.740592
3.077678
3.442054
3.829929
4.211792
4.526212
4.640653
4.520364
4.406453
4.207729
3.910189
3.563117
3.213014
2.867540
2.714086
3.013548
3.326603
3.630117
3.891880
3.974417
3.852672
3.607939
3.582801
3.908336
4.294224
4.720040
5.129354
5.478991
5.567285
5.413431
5.033409
4.673151
4.540649
4.628877
4.554807
4.750359
5.174158
5.470483
5.487403
5.738572
6.158342
6.535535
6.556499
6.229584
6.047208
6.371105
6.544853
7.119826
7.855059
8.686659
9.565058
10.314727
10.690249
10.311081
9.996336
9.685720
9.037944
8.319098
7.607755
6.933832
6.299164
5.723709
5.193829
4.697813
4.234893
3.803558
3.457319
3.422910
3.195020
2.978085
2.813138
2.799816
2.773028
2.951048
3.150051
3.240858
3.388585
3.559876
3.755101
4.028744
4.287703
4.428474
4.402529
4.200871
3.962251
4.144350
4.483879
4.804307
5.096230
5.394967
5.475646
5.443320
5.306810
5.032889
4.697335
4.387860
4.156047
4.406809
4.621045
4.741759
4.774518
4.697191
4.450070
4.165504
3.874440
3.585181
3.307622
3.127635
3.318992
3.399601
3.411026
3.330840
3.127177
2.898076
2.663281
2.442755
2.256631
2.071220
1.882604
1.887277
2.029523
2.089850
2.096899
2.037479
1.895574
1.753122
1.624662
1.580600
1.370474
1.142201
1.029826
0.875193
0.730913
0.559339
0.425635
0.345696
0.354001
0.383959
0.381291
0.427153
0.604764
0.821963
1.079778
1.381245
1.737096
2.144037
2.590696
3.049618
3.392832
3.618403
4.042470
4.439948
4.879978
5.645780
6.659142
7.802386
8.974682
9.759509
9.971997
9.901359
9.013210
7.926939
6.884881
5.953050
5.160910
5.476233
6.097816
6.503500
6.555079
6.247094
5.607283
4.974729
4.515925
4.061545
3.574696
3.071504
2.828485
3.184187
3.303673
3.162710
2.813627
2.427100
2.074179
1.801757
1.697371
1.616667
1.964495
1.966958
1.389966
1.280134
1.328659
1.417952
1.604700
1.807399
2.026198
2.259700
2.508409
2.769455
3.018269
3.217954
3.484422
3.800429
4.145122
4.512249
4.897308
5.299571
5.718251
6.115281
6.349083
6.331877
6.085735
5.689065
5.271116
4.869865
4.485323
4.119314
3.773823
3.447872
3.141274
2.851441
2.580833
2.328049
2.089719
1.866753
1.656997
1.469686
1.594019
1.760660
1.845454
1.796692
1.672038
1.500995
1.330550
1.572427
1.777811
1.814562
1.630724
1.386859
1.144164
0.994507
0.873847
0.752495
0.647720
0.626185
0.670411
0.645968
0.579623
0.586332
0.686298
0.875765
1.074656
1.257975
1.369264
1.415274
1.476677
1.485125
1.321739
1.045289
0.719144
0.391950
0.183387
0.105879
0.053869
0.019949
0.005208
0.000107
0.000000
0.000000
0.000000
0.000000
0.000000
0.000000
0.032316
0.140320
0.246109
0.299148
0.314488
0.318009
0.318009
0.313790
0.290260
0.208384
0.056314
0.000627
0.000000
0.000000
0.000000
0.000000
0.000000
0.000000
0.000000
0.000000
0.000000
0.000000
0.000000
0.000000
0.000000
0.000000
0.000000
0.000000
0.000000
0.000000
0.000000
0.000000
0.000000
0.000000
0.000000
0.000000
0.000000
0.000000
0.000000
0.000000
0.000000
0.000000
0.000000
0.000000
0.000000
0.000000
0.000000
0.000000
0.000000
0.000000
0.018224
0.091875
0.243107
0.511886
0.913053
1.146055
1.219070
1.078973
0.719846
0.443912
0.254907
0.132716
0.081701
0.056750
0.111906
0.187033
0.249258
0.341026
0.479803
0.657187
0.871480
1.124438
1.422460
1.763269
2.139457
2.477796
2.676485
2.534306
2.203529
1.823183
1.475376
1.170748
0.911395
0.691282
0.508762
0.367353
0.394712
0.489429
0.542049
0.510244
0.441927
0.327196
0.217479
0.131135
0.069623
0.032680
0.063607
0.178920
0.366689
0.614026
0.868252
0.891206
0.700609
0.456717
0.255298
0.342463
0.441638
0.536795
0.592624
0.666443
0.791358
0.902090
0.948525
0.878860
0.761063
0.633354
0.536431
0.597906
0.705971
0.798230
0.852341
0.975292
1.109844
1.179318
1.135948
1.029810
0.885021
0.741628
0.610915
0.492748
0.387409
0.337780
0.459680
0.562420
0.610156
0.571180
0.559240
0.843586
1.172683
1.441000
1.491213
1.297465
1.017366
0.928950
1.193226
1.504182
1.858163
2.268591
2.740484
3.253712
3.678182
3.864517
3.672024
3.276880
2.911563
2.565413
2.250134
2.089500
2.572649
2.979286
3.184122
3.556021
3.808599
4.292211
5.182247
6.172702
7.748408
8.639895
7.728137
6.065836
4.943130
4.039501
3.413087
3.467346
3.990563
4.584289
5.253101
5.925797
6.419975
6.317759
5.742581
4.988710
4.250756
3.572190
3.361864
3.486945
3.388439
3.287692
3.038121
2.700433
2.194424
1.677544
1.244857
0.892851
0.610938
0.390968
0.228199
0.116857
0.091062
0.122661
0.130536
0.098663
0.053750
0.023997
0.011237
0.004643
0.000064
0.001122
0.008599
0.013446
0.009430
0.000861
0.000000
0.000000
0.000000
0.000000
0.000000
0.002445
0.005399
0.002703
0.000000
0.000000
0.000000
0.000000
0.000000
0.000000
0.000000
0.000000
0.000000
0.000000
0.000000
0.000000
0.000000
0.000000
0.001771
0.012290
0.029801
0.051461
0.075525
0.091105
0.087690
0.093559
0.103832
0.197831
0.369336
0.584625
0.876483
1.264041
1.755993
2.342903
2.988103
2.971607
2.295434
1.716646
1.226690
0.833408
0.531970
0.309196
0.151699
0.053971
0.021799
0.008711
0.003312
0.007025
0.009857
0.012716
0.013173
0.010670
0.006219
0.000710
0.000000
0.000006
0.000017
0.005797
0.024404
0.062431
0.110578
0.137681
0.114027
0.067843
0.025770
0.003668
0.004551
0.004015
0.003049
0.000645
0.016448
0.058731
0.041349
0.077009
0.078299
0.088025
0.077838
0.048261
0.023684
0.006465
0.000017
0.000000
0.000000
0.000703
0.007033
0.025180
0.064548
0.120092
0.156151
0.161773
0.242911
0.357858
0.489766
0.566153
0.581250
0.555566
0.691366
0.875491
1.093001
1.230368
1.210051
1.050036
0.870950
0.663413
0.571239
0.587939
0.518125
0.520537
0.765744
1.034433
1.194372
1.130068
1.400411
1.877120
2.484201
3.054292
3.042357
2.467972
2.004242
1.813528
1.541383
1.728774
2.119430
2.055466
1.490968
1.096005
1.029208
1.031195
0.968003
0.863784
0.796958
0.910734
1.015406
1.154661
1.325592
1.512797
1.707072
1.846837
1.886145
1.814146
1.671379
1.662702
1.897719
2.149506
2.406203
2.645070
2.819939
2.845244
2.724456
2.485128
2.223757
2.139290
2.004459
2.205931
2.339440
2.381282
2.439837
2.501150
2.639864
2.871608
3.137417
3.354553
3.435698
3.504216
3.657715
3.974983
4.190979
4.178615
3.952347
3.610030
3.257501
3.278083
3.554898
3.835145
4.072981
4.189408
4.083321
3.838313
3.617262
3.806966
4.096180
4.398988
4.607870
4.600050
4.731220
4.787939
4.709524
4.493159
4.248672
4.049143
4.007459
3.849329
4.429063
5.344958
6.370443
7.402951
8.309278
8.422625
7.764280
6.744609
5.716375
4.888060
4.621994
5.195294
5.557117
5.309812
4.819337
4.159462
4.296174
4.859926
5.507519
6.227381
6.987300
7.625230
7.844274
7.553043
7.252377
7.442611
7.561169
7.825527
8.205597
8.549694
8.416842
8.220814
9.107677
10.210674
11.332978
12.033065
11.976940
11.185820
10.071583
8.930781
7.902855
7.077628
7.551774
7.806622
7.716363
7.281585
6.842661
6.477695
6.043064
5.648895
5.319024
4.926830
4.496387
4.089833
3.694091
3.653304
4.029696
4.383154
4.643131
4.553283
4.231890
3.872904
3.661862
3.369246
3.065893
3.020952
3.102628
3.403636
3.631026
3.662542
3.498341
3.468956
3.711599
3.797709
3.742123
3.734664
3.620059
3.540495
3.480658
3.503861
3.454204
3.603054
3.925547
4.251292
4.507070
4.466012
4.178637
3.852978
3.557020
3.298865
3.135144
3.219879
3.426489
3.520535
3.459875
3.345034
3.460068
3.457792
3.374253
3.501275
3.658292
3.855659
4.098367
4.305982
4.448418
4.427154
4.265854
4.076696
4.307951
4.587831
4.856308
4.997633
4.943643
4.695682
4.446226
4.556441
4.649014
4.589680
4.388646
4.161866
3.855672
3.555553
3.297443
3.082401
2.862025
2.640214
2.528621
2.420472
2.539609
2.639211
2.630039
2.502450
2.316767
2.200665
2.088358
1.848660
1.837939
2.081926
2.349066
2.617932
2.879022
3.167371
3.480103
3.782275
3.988865
3.982749
3.760498
3.461688
3.531702
3.676546
3.673564
3.508519
3.256056
2.960135
2.648621
2.366092
2.126803
1.903456
1.693267
1.490442
1.301604
1.132360
0.985676
0.991609
1.140427
1.375568
1.539781
1.510136
1.332674
1.235628
0.976871
0.771046
0.752909
0.824543
1.108208
1.243143
1.245322
1.131610
0.864250
0.928314
1.017549
1.267552
1.790507
2.060624
2.146044
2.174850
2.189927
2.186898
2.106717
1.798746
1.126374
0.679602
0.404162
0.275397
0.412841
0.478187
0.402456
0.339464
0.427146
0.485116
0.482921
0.384935
0.255078
0.151204
0.178395
0.213782
0.283327
0.493618
0.795003
1.049856
1.230172
1.301269
1.234444
1.178822
1.116166
1.083286
1.078917
1.012745
0.801080
1.058521
1.283496
1.252042
0.990844
0.698034
0.448822
0.257231
0.123934
0.044504
0.010347
0.001039
0.006489
0.025600
0.057692
0.072346
0.052906
0.017247
0.000221
0.000000
0.000000
0.000000
0.000000
0.000000
0.000000
0.000000
0.000000
0.000000
0.000000
0.009336
0.070413
0.205551
0.442885
0.798160
0.964897
1.024784
1.027096
0.978506
0.849617
0.587148
0.344572
0.112358
0.021554
0.000000
0.000000
0.000000
0.000000
0.000000
0.000000
0.000000
0.000000
0.000000
0.000000
0.000000
0.000000
0.000000
0.000000
0.000000
0.000000
0.000000
0.000000
0.000000
0.000000
0.000000
0.000000
0.000000
0.000000
0.000000
0.000000
0.000000
0.033372
0.142131
0.263355
0.480673
0.786201
0.990963
1.079596
1.088211
1.037406
0.984042
0.921416
0.938690
0.938321
0.900151
0.780571
0.785312
0.851645
0.972282
1.205599
1.320705
1.472038
1.892671
2.338203
2.606703
2.575046
2.397837
2.089514
2.231941
2.135722
1.726348
1.283679
0.891684
0.577664
0.401437
0.331660
0.240784
0.143904
0.072492
0.037553
0.076975
0.129475
0.215174
0.322078
0.447009
0.571595
0.628885
0.588286
0.483259
0.382931
0.309666
0.222087
0.148210
0.085432
0.046945
0.076218
0.105537
0.116072
0.103178
0.085204
0.100218
0.143467
0.198319
0.253481
0.281737
0.282087
0.272030
0.342552
0.442983
0.676124
0.961934
1.148132
1.113703
1.166003
1.304256
1.349658
1.282248
1.124398
0.982767
0.877167
0.784461
0.704913
0.683572
0.674006
0.625384
0.543838
0.467689
0.565504
0.690271
0.822576
0.931857
0.990899
0.977588
0.877307
0.872984
0.823407
0.722002
0.600881
0.643237
0.799908
0.962353
1.069924
1.125605
1.311415
1.510000
1.581518
1.495490
1.288812
1.069931
0.878065
1.020107
1.168849
1.413281
1.801014
2.221238
2.486180
2.746399
2.957895
2.890832
2.526011
2.034637
1.583610
1.224049
1.028483
0.945906
0.978512
1.127823
1.362161
1.676242
2.062205
2.518342
3.043723
3.873076
5.024789
5.645320
5.081254
4.199177
3.577305
2.979579
2.477274
2.114865
2.041562
1.819485
1.592828
1.815726
2.010668
2.138006
2.401918
2.640463
2.685342
2.602282
2.357098
2.005681
1.664778
1.362828
1.106437
0.895107
0.968438
1.159912
1.226347
1.400232
1.536600
1.591507
1.580861
1.650399
1.819059
1.990257
1.998508
1.930925
1.762245
1.532062
1.299731
1.317663
1.815127
2.427543
3.124989
3.818451
3.785233
3.034929
2.334943
1.739117
1.250551
0.859693
0.556574
0.375815
0.508896
0.713323
0.949522
1.181589
1.396180
1.555148
1.490492
1.535869
1.740931
1.962201
1.936774
1.721110
1.405579
1.111157
0.856887
1.063871
1.631043
1.875440
1.748907
1.388828
1.682199
2.162405
2.764909
3.504243
4.351514
5.351378
6.138226
6.185539
5.735894
5.105962
3.968868
2.953093
2.216194
1.631580
1.182981
0.862263
0.696214
0.508421
0.327763
0.237242
0.183039
0.137417
0.107601
0.116045
0.138714
0.233709
0.294222
0.326550
0.332107
0.297170
0.291180
0.296714
0.270139
0.248628
0.304575
0.370136
0.449284
0.522308
0.569482
0.550149
0.500084
0.425248
0.350169
0.343776
0.322280
0.267930
0.247887
0.212035
0.129277
0.091326
0.076726
0.111832
0.151098
0.199705
0.259725
0.321732
0.430256
0.532932
0.610711
0.632056
0.595900
0.515935
0.413601
0.326853
0.247994
0.180061
0.235883
0.323919
0.422457
0.527552
0.633898
0.741575
0.838184
0.879685
0.877492
0.821412
0.716326
0.591625
0.471403
0.375678
0.372449
0.371730
0.349879
0.367747
0.325739
0.249105
0.324387
0.466281
0.638563
0.901971
1.236001
1.649984
2.154258
2.752679
3.463256
4.322742
5.269898
6.120452
6.440930
6.030455
5.148573
4.219695
3.431495
2.808738
2.857587
3.427424
4.024470
4.391127
4.425294
4.325315
3.952421
4.403190
5.016051
5.678848
6.410277
7.215419
7.948298
8.189013
7.909349
7.209008
6.428819
5.690350
5.019238
4.400402
3.833067
3.322227
3.386599
4.081039
4.813686
5.341341
5.333901
4.801501
4.091892
3.445343
2.859720
2.330604
1.877800
1.501095
1.184395
0.923395
0.741791
0.648423
0.495721
0.347026
0.414820
0.474995
0.578841
0.733212
0.902604
1.049597
1.107537
1.030702
0.900569
0.758847
0.658416
0.707194
0.672941
0.604808
0.512948
0.416559
0.327202
0.255919
0.336463
0.413835
0.439523
0.397746
0.330574
0.254838
0.303828
0.399221
0.503716
0.574625
0.582564
0.589788
0.703518
0.820844
0.938203
1.063889
1.206035
1.367170
1.531091
1.643836
1.644310
1.518799
1.342665
1.195390
1.056946
0.925603
0.808730
0.808924
0.884240
0.931836
0.906819
0.855174
0.775590
0.838355
1.310114
1.468624
1.342350
1.385959
1.497940
1.569097
1.549608
1.443644
1.292454
1.142413
1.004028
0.858986
0.717143
0.522944
0.355430
0.403105
0.475130
0.543593
0.588503
0.602832
0.589792
0.527441
0.447586
0.382818
0.353641
0.363950
0.368417
0.353518
0.365714
0.410782
0.462588
0.528635
0.572242
0.659027
0.683831
0.642186
0.538969
0.421250
0.360055
0.397395
0.402087
0.503662
0.642026
0.777055
0.810957
0.751057
0.693181
0.688358
0.815651
0.910283
1.156863
1.353341
1.687249
2.053637
2.417506
2.709641
2.695556
2.391654
2.058258
1.689695
1.353281
1.185979
1.118654
1.024115
1.112177
1.240964
1.214587
1.054232
0.912950
1.120507
1.375480
1.668530
1.986002
2.320136
2.626176
2.874361
3.101879
3.253567
3.100005
2.802148
2.447798
2.121646
2.180962
2.417940
2.666990
2.899838
3.007628
2.941217
2.851812
2.686499
2.533907
2.825037
3.025451
3.070875
3.117969
3.360339
3.645516
3.970716
4.331969
4.710660
5.071651
5.234965
5.109364
4.820094
4.410879
4.020666
3.710761
3.513286
3.684007
3.976804
4.041486
3.877790
3.585195
3.255230
2.948925
2.676886
2.421255
2.186163
2.098527
2.236738
2.365091
2.502953
2.728353
2.946320
3.135613
3.260142
3.206769
3.040538
2.962411
3.297891
3.386729
3.288433
3.028384
2.672685
2.717472
3.165312
3.690001
4.228068
4.731976
4.885302
4.723362
4.186965
3.639240
4.243935
4.951132
5.698732
6.510714
7.288477
7.711428
7.341715
6.838853
6.740710
6.281028
5.123150
3.846128
4.107841
4.525454
4.732745
5.286757
5.203695
4.589400
3.825001
3.131652
2.558379
2.509107
2.368886
2.140699
2.154026
2.486792
2.848260
3.171772
3.317000
3.388948
3.275026
2.997652
2.636828
2.429253
2.230680
2.099451
2.100229
2.097785
2.423135
2.742310
3.036940
3.309914
3.512726
3.562604
3.453599
3.239046
3.028641
3.314671
3.632056
3.970629
4.321795
4.558084
4.551262
4.333302
4.024508
3.721841
3.450430
3.232346
2.954306
2.838896
3.064997
3.205227
3.416784
3.763483
4.042786
4.132379
3.931774
3.582644
3.190698
3.332535
3.490401
3.481478
3.292448
3.022408
2.743978
2.454296
2.170095
1.930430
1.903165
2.015075
2.262326
2.492597
2.634890
2.622509
2.467562
2.274369
2.050375
1.832967
1.625936
1.431942
1.401454
1.341256
1.219025
1.180583
1.082104
0.949905
0.804383
0.677579
0.590849
0.605794
0.619300
0.570182
0.511829
0.617889
0.692200
0.671509
0.620175
0.656020
0.805131
0.781915
0.605946
0.389156
0.299093
0.336101
0.290739
0.351513
0.386093
0.382206
0.338237
0.277589
0.222968
0.180647
0.141381
0.180253
0.294030
0.435726
0.589391
0.673231
0.645287
0.527917
0.379488
0.259619
0.185979
0.214066
0.260579
0.289498
0.472988
0.704898
0.974088
1.276682
1.392211
1.279966
0.978826
0.687605
0.444620
0.451367
0.498464
0.538572
0.534251
0.495052
0.460877
0.553711
0.635157
0.667397
0.769997
0.873229
1.081352
1.377122
1.646485
1.747214
1.775131
1.907768
2.101733
2.258239
2.317108
2.312199
2.223385
2.046976
1.849759
1.669908
1.496809
1.521342
2.107408
2.409418
2.280865
1.815127
1.692693
1.856598
1.967172
2.001732
1.931833
1.746938
1.530081
1.380869
1.505451
1.658931
1.835214
2.023804
2.199327
2.329592
2.401997
2.330830
2.405070
2.594953
2.802344
2.946740
2.969833
2.852477
2.646627
2.581827
2.715127
2.802609
2.732857
2.605735
2.649927
2.549568
2.369027
2.247753
2.139424
1.992196
2.022124
2.125473
2.271049
2.390227
2.388782
2.463467
2.565760
2.603511
2.836835
3.061570
3.369530
3.722899
4.088659
4.350486
4.660526
4.919771
4.983891
4.723810
4.329402
3.942303
4.024075
4.497815
5.040450
5.594187
6.120391
6.463707
6.523846
6.326299
6.887386
7.593662
8.357407
9.200565
10.128857
11.171518
12.411233
13.279805
13.608982
13.237372
12.352251
11.419979
10.358232
9.724016
10.336519
11.015978
11.390120
11.162288
10.525488
9.791416
9.038082
8.381603
8.245804
7.601617
6.878186
6.572958
6.492456
6.705683
7.045692
7.297347
8.004745
8.297563
8.008883
7.222509
6.487138
6.161237
5.985516
6.112484
6.670810
6.927863
6.631771
5.889510
5.128006
4.640866
4.498425
4.727225
5.014069
5.173473
5.365075
5.446624
5.543856
5.307145
4.936440
4.525207
4.117795
3.966413
3.977557
3.962726
4.366717
4.663571
4.751188
4.477750
4.086252
3.659502
3.242751
3.442758
3.718479
4.010144
4.293133
4.454438
4.395970
4.171858
3.956995
4.017182
4.348557
4.675781
4.882946
5.037013
5.197425
5.155623
5.027343
5.311593
5.516628
5.550609
5.470807
5.497279
5.440787
5.399064
5.406921
5.492488
5.439313
5.464406
5.627055
5.813179
5.857753
5.749161
5.996474
6.185330
6.180130
6.167332
5.969939
5.671564
5.884330
6.280797
6.592794
6.932952
7.357759
7.378964
7.172303
6.735407
6.440106
6.367415
6.162867
5.812567
5.334193
5.349000
5.629164
5.956364
6.129091
6.229990
6.315333
6.164347
5.910212
5.936237
6.266487
6.477286
6.489478
6.237935
5.940901
5.771346
5.853832
5.872679
5.919237
6.033226
6.024056
5.829967
5.622281
5.301259
4.818555
4.350368
4.219968
4.292760
4.488820
4.698749
4.750958
4.651401
4.671607
5.598223
6.604081
7.345491
7.371872
6.717433
5.812436
5.836241
6.399112
6.969083
7.529675
8.029958
8.315565
8.313836
8.030305
7.589098
8.109787
8.566256
8.651512
8.366390
7.897862
7.333012
6.726843
6.269237
5.878575
6.153236
6.620634
6.804713
7.136416
7.362116
7.292098
7.189322
6.917727
6.516026
6.092041
5.720582
5.342624
4.960140
4.591778
4.227797
4.271139
4.532489
4.847527
5.176287
5.385360
5.487909
5.544974
5.340410
4.870449
4.205873
3.476968
3.655634
3.732788
3.607774
3.362176
2.954413
2.286205
2.353744
2.482053
2.559620
2.455686
2.196731
2.017631
2.057667
2.021189
1.877699
1.631452
1.456924
1.370844
1.472020
1.346490
1.182280
1.002230
0.940162
0.833217
0.683115
0.680122
0.671044
0.655260
0.573244
0.577229
0.597484
0.535254
0.432281
0.416086
0.671806
0.991053
1.315607
1.515369
1.312394
0.987180
0.668642
0.491378
0.567727
0.658898
0.800999
0.977054
1.166101
1.302494
1.469247
1.594097
1.427900
0.854274
0.754017
0.778713
0.940415
1.163507
1.416418
1.715875
2.046225
2.330245
2.371349
2.582818
2.922157
3.189628
3.304232
3.743198
4.326719
4.993417
5.736735
6.540295
7.419456
8.395326
9.462368
10.583879
11.530879
12.405604
12.407948
9.016113
5.624979
4.621600
3.083566
2.615951
2.722718
2.396870
2.541160
3.093626
3.839739
4.661699
5.083732
3.707498
1.080585
0.147630
0.000000
0.000000
0.000000
0.000000
0.000000
0.000000
0.000000
0.000000
