track	type=wiggle_0
fixedStep	chrom=chr	start=1	step=1
0.000000
0.000000
0.000000
0.000000
0.000000
0.000000
0.000000
0.000000
0.000000
0.000000
0.000000
0.010072
0.052400
0.375643
0.790566
1.021329
0.961660
0.721986
0.808612
1.024000
0.752147
0.441349
0.760413
1.200599
1.669538
2.228114
2.808674
3.435146
3.928525
3.923366
3.425745
2.813628
2.255888
1.810169
2.004509
2.302832
2.451967
2.339196
2.007478
1.625057
1.299491
0.994023
0.731333
0.531135
0.371307
0.253031
0.282337
0.308746
0.307170
0.339015
0.521129
0.815408
0.918985
0.939908
0.910876
0.779498
0.431148
0.178923
0.049623
0.002069
0.000000
0.000000
0.000586
0.005122
0.004790
0.000360
0.000000
0.000000
0.000000
0.000000
0.000000
0.000000
0.002853
0.082427
0.184058
0.221674
0.229755
0.230334
0.229755
0.223155
0.196803
0.112443
0.038147
0.047626
0.045171
0.065592
0.068424
0.052928
0.029197
0.012419
0.017766
0.033517
0.040742
0.040114
0.039496
0.060696
0.062622
0.042506
0.020025
0.013484
0.026879
0.038699
0.036633
0.118327
0.269004
0.491300
0.797816
1.255667
2.095984
2.503458
2.614243
2.614243
2.526872
2.212363
1.510464
0.987431
0.610967
0.353893
0.204247
0.136096
0.143297
0.248055
0.324486
0.301518
0.194619
0.093411
0.028158
0.001656
0.021346
0.068691
0.164977
0.226860
0.174085
0.089931
0.040356
0.023752
0.010776
0.005511
0.002588
0.000504
0.001559
0.018159
0.054096
0.108343
0.169204
0.194957
0.175229
0.115010
0.061497
0.025452
0.005926
0.027439
0.050439
0.047367
0.023772
0.075750
0.233425
0.533203
0.898564
0.992375
0.927604
0.634072
0.357913
0.346745
0.279895
0.209275
0.144929
0.090628
0.139660
0.213757
0.307429
0.417272
0.541961
0.697590
0.866894
1.017636
1.109277
1.038564
0.893989
0.718003
0.562280
0.434819
0.319509
0.222514
0.230098
0.284880
0.387193
0.433135
0.435433
0.310225
0.158840
0.053687
0.010357
0.040830
0.087455
0.123055
0.118690
0.072935
0.024352
0.001102
0.000000
0.000000
0.000000
0.000000
0.000000
0.000000
0.000000
0.000000
0.000000
0.000000
0.011365
0.097707
0.157516
0.172938
0.162791
0.115447
0.027568
0.000503
0.000000
0.000000
0.006262
0.015860
0.000138
0.000000
0.000000
0.000000
0.000000
0.000000
0.000000
0.000000
0.000000
0.000000
0.000000
0.000000
0.000000
0.000000
0.000000
0.000000
0.000000
0.000000
0.000000
0.000000
0.000000
0.000000
0.000000
0.000000
0.000000
0.000000
0.000000
0.003351
0.016119
0.045290
0.063883
0.070274
0.063637
0.045128
0.016440
0.006007
0.001327
0.000000
0.000000
0.000000
0.000000
0.000000
0.000000
0.000000
0.000000
0.014543
0.072503
0.080493
0.034616
0.062799
0.125556
0.184611
0.284952
0.442020
0.615590
0.670080
0.582321
0.417720
0.255523
0.129886
0.175632
0.260143
0.336254
0.396928
0.509840
0.658816
0.787395
0.820711
0.763937
0.617157
0.450884
0.408996
0.359371
0.477277
0.600058
0.675424
0.730947
0.853290
1.160105
1.570003
2.072862
2.634564
3.126535
3.270105
2.904001
2.422385
2.565359
2.506211
2.242349
1.623052
1.043447
0.763010
0.912940
0.898491
0.729668
0.533146
0.355337
0.355965
0.286263
0.184210
0.096950
0.047193
0.103896
0.177078
0.238392
0.263520
0.415703
0.531931
0.573153
0.573153
0.531573
0.417648
0.201371
0.067672
0.007025
0.004429
0.010245
0.024312
0.021854
0.008746
0.000000
0.000000
0.000000
0.000000
0.000000
0.000000
0.000000
0.000000
0.000000
0.000000
0.000000
0.000000
0.000000
0.000000
0.000000
0.000000
0.000000
0.000000
0.000000
0.000000
0.000000
0.000000
0.000000
0.000000
0.000000
0.000000
0.000000
0.015193
0.055659
0.073823
0.114005
0.142661
0.145611
0.142482
0.140508
0.135690
0.118532
0.065673
0.007404
0.004716
0.008294
0.001659
0.002647
0.009767
0.016866
0.021469
0.038888
0.066775
0.104410
0.149461
0.194089
0.209649
0.195153
0.150840
0.107400
0.105293
0.114042
0.105155
0.114737
0.159926
0.216635
0.272688
0.290610
0.269541
0.210810
0.154410
0.179957
0.196897
0.181390
0.136066
0.118476
0.165297
0.231564
0.309272
0.400009
0.502727
0.617334
0.741460
0.857839
0.905915
0.861015
0.743623
0.624245
0.530824
0.511220
0.504248
0.433884
0.356500
0.285776
0.216168
0.153699
0.111092
0.060378
0.045572
0.029458
0.012133
0.027275
0.078213
0.148536
0.275723
0.474838
0.745833
1.097130
1.538848
2.084643
2.763673
3.696094
4.203644
3.721269
3.103262
3.694680
4.364205
5.122259
5.974480
6.891912
7.798606
8.528747
8.698566
8.053765
7.139858
6.159361
5.287267
4.635464
5.543281
6.749815
8.678617
10.063497
10.554300
10.653062
10.554303
10.058311
8.630646
6.572143
5.358976
4.434175
3.864473
4.062312
3.780728
3.241506
2.647135
2.158590
1.887725
1.979825
1.806553
1.466677
1.140976
0.847827
0.604074
0.533391
0.405844
0.422349
0.521023
0.629811
0.745656
0.885679
1.044814
1.221195
1.410881
1.605745
1.772088
1.833880
1.779388
1.647188
1.558787
1.533780
1.605943
1.724337
1.820078
1.829830
1.729266
1.700719
1.773669
1.717352
1.690672
1.630845
1.485482
1.333659
1.163376
0.999793
0.847994
0.772267
0.926662
1.082455
1.206498
1.225040
1.144474
0.998732
0.838720
0.691150
0.561184
0.447058
0.346599
0.259706
0.223045
0.284958
0.338400
0.377888
0.365105
0.315678
0.453571
0.710206
1.034708
1.405474
1.803596
2.373325
3.120240
4.140908
5.555673
6.202316
6.377097
6.377097
6.228197
5.688431
4.474744
3.636068
3.310570
2.831479
2.276831
1.843291
1.770796
1.893929
2.308152
2.804704
3.376812
4.002108
4.572845
5.184022
5.607557
6.377551
7.314819
8.173184
8.553158
8.178862
7.326126
6.344906
5.420771
4.602132
3.881096
3.258159
2.749705
2.282807
1.888388
1.519965
1.194304
0.944461
0.714853
0.596086
0.756216
0.919750
1.031341
1.055994
1.033888
0.975805
0.851062
0.826407
0.973594
1.132319
1.224872
1.191159
1.027320
0.854734
0.747739
0.743333
0.673462
0.742270
0.732132
0.640114
0.600380
0.641566
0.760212
0.896070
0.977958
1.006086
0.927283
0.811612
0.751325
0.853867
0.984242
1.123878
1.263408
1.374743
1.432950
1.495818
1.600086
1.706140
1.709161
1.891235
2.458724
3.126828
3.943016
4.930439
6.015596
6.755585
5.771297
4.679499
3.801476
3.338008
3.122879
2.641245
2.266201
2.148452
2.056456
2.254878
2.407482
2.334222
2.326778
2.095256
1.784047
1.463553
1.257796
1.232828
1.480712
1.761165
2.073889
2.404999
2.701285
2.808659
2.710128
2.418947
2.102022
1.826279
1.570527
1.350236
1.166739
0.961380
0.773552
0.630881
0.530195
0.432423
0.742944
1.043713
1.128366
1.041650
0.831772
0.970801
1.130914
1.310653
1.517478
1.712941
1.867865
1.878584
1.753660
1.624331
1.561758
1.446357
1.308548
1.168792
1.069489
0.991767
0.915384
0.791924
0.827827
0.835450
0.765685
0.652280
0.534423
0.479987
0.535328
0.618304
0.672582
0.697151
0.867748
1.066041
1.294196
1.541464
1.764970
1.937776
1.919647
1.697181
1.437291
1.172882
0.931939
0.720386
0.693026
0.648592
0.633333
0.530458
0.438599
0.338262
0.400806
0.445903
0.501424
0.549796
0.604240
0.523980
0.405090
0.662549
0.973857
1.280357
1.737887
2.268039
2.238869
1.679946
1.365855
1.093788
0.773618
0.494720
0.453103
0.421398
0.364048
0.304567
0.242544
0.177210
0.113269
0.123947
0.115085
0.090423
0.061771
0.064801
0.079604
0.073253
0.055550
0.052468
0.053864
0.040370
0.033185
0.026422
0.051480
0.085173
0.121970
0.171962
0.231692
0.292895
0.335848
0.349995
0.316729
0.256720
0.209736
0.180105
0.164665
0.195437
0.226757
0.226062
0.229531
0.225529
0.227435
0.198458
0.203151
0.242909
0.265424
0.268332
0.250087
0.224805
0.234693
0.222511
0.194225
0.195860
0.235542
0.255167
0.229731
0.174248
0.118174
0.073383
0.071539
0.106621
0.129299
0.196674
0.301766
0.435782
0.594641
0.767897
0.938756
1.015357
0.959343
0.910626
0.798993
0.634765
0.458463
0.314237
0.329387
0.329745
0.278877
0.203284
0.212754
0.274142
0.370594
0.425688
0.596285
0.839377
1.112129
1.414793
1.721345
2.180368
2.684056
3.032704
3.011985
2.742072
2.372272
1.902637
1.498474
1.427141
1.570094
1.679385
1.727874
1.700955
1.624611
1.772881
1.957494
2.155052
2.315479
2.396349
2.457292
2.803801
3.167243
3.610371
4.034410
4.286767
4.143333
3.790857
3.349383
2.920423
2.555086
2.310915
2.129343
1.925610
1.855158
1.846169
1.716238
1.686637
1.902000
2.036052
2.692025
3.148692
2.710124
2.073419
2.143604
2.377859
2.412203
2.202277
1.914676
1.658070
1.512765
1.343472
1.212231
1.133310
1.160707
1.165111
1.211432
1.259249
1.297527
1.337287
1.271351
1.136364
0.975712
0.804093
0.653282
0.682603
0.627759
0.530280
0.495841
0.518151
0.593917
0.642912
0.732952
0.821579
0.807992
0.702062
0.559993
0.433751
0.324729
0.270189
0.262675
0.225523
0.243944
0.310943
0.385855
0.465611
0.545918
0.629440
0.722614
0.829219
0.943790
1.064577
1.194731
1.319219
1.369573
1.298934
1.573338
2.191981
2.595976
2.745409
2.747282
2.593660
2.153208
1.483666
1.120886
1.241799
1.111699
1.120985
1.437750
1.776104
2.012375
2.234903
2.420542
2.518267
2.522052
2.419846
2.236025
1.989212
1.699263
1.264277
0.878852
0.628092
0.984211
1.178206
1.151115
0.866623
0.484198
0.243368
0.125183
0.101607
0.073459
0.063961
0.076710
0.102369
0.136672
0.162453
0.150802
0.136438
0.178214
0.214520
0.225518
0.192405
0.164609
0.188479
0.259522
0.349504
0.454034
0.570706
0.681842
0.759997
0.754062
0.666773
0.582171
0.521103
0.440442
0.348079
0.450413
0.582055
0.731838
0.902864
1.104516
1.320679
1.471520
1.490119
1.384481
1.208311
1.093721
0.943708
0.785542
0.637258
0.502854
0.391605
0.305966
0.376555
0.479195
0.623900
0.809836
1.028913
1.274611
1.583502
1.955301
2.318402
2.648935
2.833339
2.853015
2.621009
3.048711
3.683246
4.405550
5.202209
6.080146
6.682090
6.684494
6.157352
5.487601
4.981873
4.323061
3.682093
3.126253
2.558722
2.046806
1.626945
1.318815
1.024652
0.909354
1.208616
1.534885
1.711820
1.487136
1.110253
0.758147
0.476347
0.266440
0.123536
0.038702
0.004522
0.016905
0.029682
0.018989
0.001758
0.000000
0.000000
0.000000
0.000000
0.000000
0.000000
0.000000
0.000000
0.000000
0.014761
0.078470
0.115147
0.121058
0.120157
0.119041
0.115484
0.100688
0.054808
0.070545
0.117864
0.161172
0.180980
0.156014
0.115897
0.075997
0.048769
0.077609
0.088495
0.070501
0.043924
0.019919
0.004898
0.001882
0.000060
0.000000
0.000000
0.000000
0.000000
0.000000
0.000000
0.000000
0.000000
0.000000
0.000000
0.000000
0.000000
0.000000
0.009202
0.061353
0.161875
0.309626
0.500735
0.775900
1.105409
1.387563
1.398977
1.130090
0.842371
0.841651
0.769677
0.658516
0.708485
0.985995
1.295015
1.650039
2.038446
2.445242
2.623341
2.476096
2.540226
2.980546
3.123460
3.319202
3.940612
4.404435
3.652518
2.811617
2.213436
1.778945
1.386415
1.538691
1.556310
1.305636
1.008341
0.713517
0.472188
0.292179
0.194046
0.181882
0.179501
0.219016
0.270345
0.323384
0.353117
0.433598
0.470319
0.465024
0.456464
0.396068
0.313372
0.252477
0.212810
0.220125
0.272752
0.329561
0.388058
0.462070
0.540933
0.623894
0.677108
0.755777
0.817842
0.818495
0.804363
0.945187
1.105901
1.285455
1.486114
1.696898
1.906370
2.109797
2.320078
2.538076
2.766476
3.044554
3.356344
3.634126
3.757277
3.616457
3.355439
3.083606
2.850422
2.709823
2.793516
2.796852
3.028215
3.134324
3.075074
2.889310
2.662104
2.457013
2.403720
2.550245
2.574881
2.474637
2.434645
2.654366
2.874147
3.078053
3.317981
3.553173
3.733044
3.780295
3.707051
3.556284
3.347597
3.420600
3.399484
3.246506
3.055498
2.991517
3.171091
3.265553
3.206944
3.089411
3.293389
3.604500
3.870582
3.956085
4.141565
4.487743
4.894075
5.357937
5.853430
6.303029
6.699198
7.290823
7.933679
8.548710
9.164749
9.794119
10.268765
10.349295
10.055854
9.513236
8.872690
8.544949
8.296662
8.696897
8.826799
8.458501
7.983057
8.043687
8.603161
9.206893
9.847982
10.421089
11.314955
12.168144
12.195463
11.387029
10.374826
9.862196
10.087575
9.816455
9.336100
8.747207
9.202932
9.931138
10.722401
11.462325
12.264683
12.834376
13.001611
12.637122
11.948646
11.185918
10.623580
10.535738
10.272427
9.731525
9.137811
8.533010
7.935016
7.364010
6.875744
7.262102
7.673373
7.975078
8.030002
7.871261
7.628518
7.623054
7.943959
8.234769
8.298475
8.138268
7.743664
7.857777
8.372907
8.903472
9.232233
9.256394
8.977679
8.625137
8.577291
8.268281
7.767689
7.484431
6.984229
6.451101
6.042733
5.944877
6.153197
6.181051
6.013549
5.674032
5.797719
6.103633
6.381025
6.578902
6.548662
6.325383
6.296889
6.160494
5.882997
5.568848
5.522183
5.384671
5.214509
5.230347
5.377299
5.611903
5.926211
6.139876
6.394977
6.576558
6.606570
6.509243
6.392812
6.400003
6.352151
6.165705
5.858789
5.530111
5.701261
5.704645
5.367238
4.852802
4.339426
3.865180
3.421632
3.003321
2.915672
2.863893
2.730838
2.898500
2.917322
2.490472
2.521051
2.725370
3.007015
3.323612
3.590306
3.746571
3.643481
3.416401
3.117278
3.008342
2.991488
2.804912
2.642843
2.705450
2.585046
2.564327
2.607573
2.481199
2.376934
2.241887
2.032661
2.216099
2.393913
2.477878
2.366836
2.171872
1.915809
1.670110
1.450366
1.413751
1.450123
1.394717
1.533736
1.667028
1.827407
1.933265
1.931412
2.105194
2.269624
2.410477
2.400728
2.235085
2.069446
1.877396
1.978798
2.288693
2.629464
2.934400
3.106060
3.623091
3.666233
3.243288
2.653720
2.192898
2.353361
2.276860
1.936589
1.523788
1.203493
1.354939
1.578748
1.641012
1.514626
1.364866
1.147818
0.918545
1.168017
1.403085
1.546410
1.444197
1.229778
1.095077
1.346922
1.481918
1.391627
1.137457
0.848313
1.040447
1.292629
1.519763
1.531309
1.319287
1.024025
0.731932
0.518165
0.505952
0.674474
0.894124
1.154748
1.429302
1.668992
1.683178
1.572255
1.569045
1.518646
1.303030
0.792992
0.451646
0.349284
0.284947
0.228335
0.156616
0.144190
0.153043
0.118772
0.092727
0.125558
0.204671
0.292142
0.370327
0.391007
0.349659
0.268350
0.186318
0.119220
0.069248
0.034606
0.015087
0.017762
0.029496
0.028985
0.046307
0.054051
0.055705
0.055487
0.055696
0.054183
0.046269
0.023209
0.000128
0.000000
0.000000
0.000000
0.002131
0.008487
0.018007
0.031554
0.046922
0.058447
0.060909
0.082444
0.111356
0.150603
0.201151
0.250075
0.285652
0.330927
0.347325
0.312354
0.287417
0.514844
0.817268
1.185927
1.661314
2.341718
2.556033
2.332408
1.658257
1.186794
0.846679
0.567945
0.366115
0.424098
0.486386
0.499982
0.470253
0.386249
0.245172
0.107477
0.039822
0.018256
0.013316
0.014345
0.005085
0.000004
0.006870
0.026242
0.052234
0.073593
0.080352
0.059952
0.094437
0.145843
0.210337
0.273776
0.308017
0.268981
0.200203
0.129092
0.076767
0.037933
0.014837
0.007146
0.019272
0.018540
0.041585
0.104739
0.212496
0.370833
0.579006
0.810368
0.976602
0.978347
0.810078
0.677489
0.675443
0.673077
0.660227
0.590954
0.421192
0.239559
0.376000
0.608857
0.875546
1.096153
1.216794
1.127567
0.983028
0.795703
1.042564
1.325514
1.371550
1.121422
0.990809
0.839381
0.893625
1.025881
1.253538
1.374286
1.242522
0.917875
0.929732
1.014636
0.946526
0.752570
0.543560
0.406037
0.504167
0.583736
0.642016
1.051591
1.231317
1.228094
1.037536
0.596418
0.684693
0.809850
0.937056
1.059805
1.175244
1.197875
1.146322
1.038828
0.916598
0.802851
0.838322
0.975282
1.117089
1.246954
1.341644
1.383789
1.310042
1.290306
1.269128
1.201831
1.218266
1.370076
1.510287
1.633567
1.721887
1.674907
1.509879
1.500928
1.501456
1.450114
1.344098
1.261800
1.402534
1.600347
1.746642
1.889652
2.058257
2.087444
1.989123
1.789248
1.819094
1.772395
1.951948
2.162851
2.361210
2.444044
2.554752
2.700267
2.835024
2.841505
2.766939
2.581205
2.322074
2.050169
1.788924
1.541355
1.382786
1.473888
1.717944
2.005126
2.293629
2.569515
2.907634
3.209999
3.595855
4.100847
4.477995
4.661839
4.846590
5.355585
5.979239
6.660909
7.357180
7.965878
8.185520
7.937841
7.295119
6.605919
7.281112
8.463310
9.912645
11.455272
12.827631
13.609920
12.803031
11.338409
9.734138
8.257816
7.062869
6.945838
7.855027
8.798890
9.330475
9.275752
8.763233
7.893916
7.251397
7.373598
7.063812
6.565568
5.793014
5.009383
4.305371
4.178514
4.392087
3.906553
4.227879
4.462431
4.609675
4.680610
4.526432
4.276369
4.075897
3.744698
3.440992
3.242701
3.412597
3.388955
3.520504
3.400452
3.616124
3.939614
4.154945
4.288420
4.359991
4.285642
4.537412
4.717390
4.914907
4.811175
4.540160
4.364895
4.057788
3.679811
3.334010
3.608942
3.875518
4.093482
4.200912
4.290666
4.372923
4.288765
4.288786
4.283731
4.524726
4.897540
5.282293
5.656970
5.801000
5.711061
5.372209
4.968580
4.562475
4.154929
3.757973
4.226455
4.985993
5.837744
6.811511
7.910998
8.991588
9.621947
9.499406
9.085496
8.098623
7.089475
6.157276
5.337948
4.663698
4.135652
4.286717
4.083149
3.766306
3.372714
3.469701
3.852369
4.011905
4.439480
5.061430
5.521487
5.501660
5.855340
6.336865
6.554425
6.493886
6.238385
5.940093
5.655942
5.953861
6.377838
6.603298
6.549012
6.229675
5.643342
5.081430
4.532199
3.960489
3.633141
3.896527
4.140122
4.253278
4.157531
3.966408
3.698759
3.459424
3.273000
3.180918
3.560958
3.931453
4.224894
4.358883
4.353695
4.232854
3.932256
3.797618
3.628180
3.502714
3.606032
3.676986
3.690663
3.571592
3.587100
3.716876
3.732343
3.710094
3.837515
3.703654
3.427678
3.136553
3.313445
3.458260
3.681219
3.888674
3.846187
3.734563
3.873266
3.938009
4.049299
4.218177
4.310714
4.228173
4.394178
4.634798
4.807498
4.847633
4.961172
5.003653
4.981091
4.800997
4.945718
4.995730
4.852112
4.647965
4.812652
4.819594
4.945760
5.004410
4.920741
4.917830
5.000480
5.282575
5.563288
5.743217
5.659336
5.435089
5.577277
6.416612
7.337128
8.316267
9.166238
9.582408
9.353208
8.495415
7.505527
7.204958
8.307989
9.604354
11.039258
12.611185
14.264229
15.675819
16.816275
16.297478
14.793186
12.978558
11.197720
12.347661
13.853334
15.156840
16.504143
17.271845
16.834517
15.687498
14.088538
12.544896
11.240880
11.101902
12.498109
13.845113
14.967093
15.527906
15.290530
14.483728
13.505514
13.312168
12.713549
11.890631
11.745454
11.542154
11.001579
10.413852
9.928703
10.645800
11.427228
12.290525
13.208724
14.169214
15.118464
15.984112
16.632301
16.882656
16.369703
15.556043
14.590857
13.671838
12.780063
11.895562
11.098966
10.857277
11.236404
11.429739
11.430579
10.975444
10.395210
9.755309
9.105127
8.469071
7.857422
7.285808
7.764363
8.176667
8.472701
8.567279
8.620541
8.994436
9.301307
9.467909
9.345824
9.019441
8.587276
8.959528
9.400059
9.843361
10.254834
10.645008
11.057385
11.426789
11.580179
11.457377
11.058338
10.571196
10.318788
10.813259
11.352063
11.924863
12.532337
13.181267
13.863329
14.491154
14.891873
14.890567
14.416370
13.793897
13.753307
14.038290
13.965493
13.537833
12.936839
12.328547
11.768193
11.214026
10.666782
10.143047
9.672110
9.610538
9.661429
9.449915
9.010353
8.562722
9.483538
9.818130
9.558533
8.709647
7.879981
7.502567
7.293885
7.377286
7.624509
7.834641
8.012027
8.111535
8.010409
7.782197
7.140465
6.421361
5.598758
4.752560
4.192793
3.739080
3.367961
3.195797
3.073541
3.324090
3.815476
4.047162
4.045297
4.038333
4.208751
4.484822
4.681793
4.671158
4.741873
4.573258
4.516101
4.615829
4.738410
4.675728
4.354914
3.921782
3.612162
3.490418
4.273511
5.061422
5.545696
5.454110
4.839995
4.119432
3.378012
2.734185
2.947895
3.364336
3.801978
4.053977
4.126055
4.628778
5.279054
5.790648
6.158286
6.387619
6.203793
5.180263
3.985029
3.061373
2.954258
3.039537
3.003337
2.769581
2.851352
2.952010
3.115870
3.195397
3.262312
3.049424
2.782816
3.042094
3.213490
3.201097
3.161223
3.091844
2.875422
2.564811
2.293605
2.494910
2.630666
2.594128
2.450548
2.245361
2.016340
1.978760
2.344918
2.613826
2.625989
2.690842
2.835793
2.972415
3.062238
3.367929
3.476297
3.294665
3.540286
3.671322
3.277884
1.984937
1.581999
1.328270
1.440361
1.635348
1.685237
1.360246
1.539397
1.498545
1.309114
1.081382
0.844080
0.785182
0.628498
0.390075
0.492632
0.672015
0.895761
1.154328
1.403221
1.504348
1.389935
1.427080
1.717082
2.017340
2.302841
2.474585
2.439406
2.375013
2.224222
1.683674
1.646939
1.890063
2.253935
2.688294
3.179403
3.734714
4.355883
5.042293
5.799659
6.630257
7.513112
8.387596
9.002814
8.415599
6.864211
6.122317
6.512894
7.408970
8.519470
9.780092
11.206365
12.742438
14.151222
14.510545
12.985885
12.723270
10.322770
7.416473
5.460495
3.264757
2.963911
0.066203
0.000000
0.000000
0.000000
0.000000
0.000000
0.000000
0.000000
0.000000
