track	type=wiggle_0
fixedStep	chrom=chr	start=1	step=1
0.000000
0.000000
0.000000
0.000000
0.000000
0.000000
0.000000
0.000000
0.000000
0.000000
0.000000
0.004754
0.038880
0.327154
0.697959
0.903679
0.845425
0.623820
0.709991
0.909803
0.658200
0.374011
0.649866
1.048080
1.475580
1.993196
2.532100
3.113912
3.588686
3.614625
3.151274
2.568903
2.051437
1.662001
1.844688
2.184289
2.321541
2.173586
1.848837
1.540853
1.220000
0.919761
0.666177
0.479018
0.392609
0.394787
0.408193
0.438035
0.584395
0.757656
0.913743
0.959043
0.961600
0.940910
0.874243
0.718910
0.384084
0.150990
0.035742
0.000135
0.000000
0.000000
0.000026
0.002430
0.001980
0.000000
0.000000
0.000000
0.000000
0.000000
0.000000
0.000000
0.000146
0.061165
0.149085
0.182390
0.189576
0.190084
0.189576
0.183681
0.160275
0.131759
0.152126
0.162416
0.154064
0.186094
0.200666
0.179312
0.139660
0.098326
0.103506
0.120535
0.105905
0.072825
0.046736
0.035050
0.037546
0.026402
0.010882
0.004593
0.008718
0.007160
0.015817
0.084156
0.214161
0.414502
0.696545
1.124366
1.910356
2.290913
2.394529
2.394529
2.317708
2.041520
1.450224
1.692116
1.813457
1.704686
1.687378
1.724987
1.966233
2.341995
2.823749
2.848450
2.354281
1.839947
1.398368
1.112555
1.055436
1.335775
1.599454
1.846499
1.577763
1.237159
0.767958
0.475232
0.260596
0.116166
0.055726
0.030137
0.010183
0.000758
0.006869
0.033066
0.057835
0.043943
0.015415
0.000024
0.000000
0.000000
0.000000
0.000000
0.000000
0.001651
0.030650
0.122511
0.314485
0.667869
1.122043
1.258256
1.168034
0.776775
0.455314
0.232176
0.088872
0.026934
0.043971
0.047354
0.027477
0.006455
0.000000
0.000006
0.009216
0.030967
0.044616
0.032039
0.010719
0.015591
0.020641
0.009910
0.022103
0.085227
0.152581
0.176784
0.182249
0.232427
0.327094
0.365263
0.367574
0.253420
0.120201
0.033640
0.000518
0.000000
0.000000
0.000000
0.000000
0.000000
0.000000
0.000000
0.000000
0.000000
0.000000
0.000000
0.000000
0.000000
0.000000
0.000000
0.000000
0.000000
0.001297
0.070348
0.134704
0.162475
0.180484
0.184454
0.185549
0.182460
0.168053
0.120218
0.027072
0.000000
0.000000
0.000000
0.000000
0.000000
0.000000
0.000000
0.000000
0.000000
0.000000
0.000000
0.000000
0.000000
0.000000
0.000000
0.000000
0.000000
0.000000
0.000000
0.000000
0.000000
0.000000
0.000000
0.000000
0.000000
0.000000
0.000000
0.000000
0.000385
0.007739
0.029528
0.044614
0.049933
0.044427
0.029447
0.008038
0.001639
0.000000
0.000000
0.000000
0.000000
0.000000
0.000000
0.000000
0.000000
0.000000
0.006605
0.050823
0.053842
0.013088
0.014804
0.048824
0.086957
0.202144
0.424614
0.541973
0.576202
0.643395
0.674403
0.712403
0.673901
0.584078
0.584078
0.572166
0.567653
0.737480
0.827103
0.819289
0.861834
0.816733
0.741081
0.588176
0.428069
0.370349
0.472121
0.655936
0.898882
1.143266
1.236836
1.186083
1.068457
1.039269
1.094154
1.482568
1.900102
2.266390
2.271594
2.302117
2.278299
2.042209
1.464852
0.921737
0.829241
0.995806
0.986507
0.811255
0.592824
0.401713
0.281519
0.220235
0.132029
0.060559
0.016027
0.002358
0.002166
0.045398
0.157990
0.353469
0.459326
0.497145
0.497145
0.458993
0.355229
0.162041
0.045677
0.001501
0.000000
0.000971
0.007318
0.006014
0.000594
0.000000
0.000000
0.000000
0.000000
0.000000
0.000000
0.000000
0.000000
0.000000
0.000000
0.000000
0.000000
0.000000
0.000000
0.000000
0.000000
0.000000
0.000000
0.000000
0.000000
0.000000
0.000000
0.000000
0.000000
0.000000
0.000000
0.000000
0.005951
0.036072
0.050531
0.086663
0.111182
0.113657
0.110928
0.109226
0.105075
0.090345
0.045977
0.024589
0.015020
0.007402
0.004001
0.000942
0.000000
0.002279
0.005238
0.015654
0.030416
0.042010
0.039464
0.025870
0.033701
0.067839
0.078542
0.080933
0.093407
0.103149
0.087895
0.078011
0.066032
0.033161
0.016771
0.009304
0.011813
0.025485
0.037161
0.037343
0.025978
0.012284
0.017475
0.036580
0.055048
0.064199
0.051711
0.032155
0.055889
0.096637
0.146993
0.198991
0.225285
0.281933
0.342965
0.374899
0.344458
0.290497
0.246214
0.205676
0.152826
0.186380
0.188538
0.156959
0.192126
0.201168
0.179372
0.136085
0.103281
0.091152
0.084690
0.120792
0.240059
0.407122
0.627845
0.908239
1.257944
1.683675
2.196115
2.894693
3.415396
3.867506
3.831701
3.511767
4.181509
4.938265
5.783743
6.653608
7.282130
7.666628
7.597596
6.966261
6.171779
5.329740
5.442436
6.159721
6.948792
7.788035
8.629433
9.382757
9.843183
9.936309
9.843183
9.375304
8.030826
6.107248
5.461287
4.833108
5.073575
5.496422
5.874852
6.279239
6.584987
6.562767
6.212292
5.660560
5.109609
4.579725
4.090118
3.638355
3.551730
3.815917
3.919813
3.734037
3.464073
3.360887
3.485035
3.664334
3.703238
3.841022
3.978477
4.037786
3.911258
3.703430
3.394416
3.185573
3.482967
3.798885
4.135197
4.490703
4.862130
5.224545
5.509237
5.646976
5.491957
5.193669
4.941040
4.899732
4.675187
4.353671
4.005117
3.668744
3.350543
3.131397
3.108402
2.920978
2.654879
2.535883
2.548657
2.429324
2.200567
2.165546
2.322954
2.344364
2.689128
2.898302
2.730823
2.251993
1.798707
1.536527
1.523705
1.750195
1.776222
1.606336
1.563598
1.686193
1.794375
2.151175
2.854602
3.817188
5.151046
5.759728
5.924273
5.924273
5.784259
5.276512
5.265981
5.068245
4.626748
4.092699
3.582696
3.118170
2.697166
2.318712
2.048351
2.511173
3.042007
3.629310
4.170233
4.744377
5.142077
5.870315
6.762372
7.573678
7.942050
7.578999
6.773165
5.839444
4.965982
4.197524
3.518489
2.933585
2.461458
2.025535
1.697626
1.355675
1.013564
0.786116
0.580941
0.409737
0.271974
0.164549
0.131635
0.191557
0.262986
0.336363
0.394184
0.439324
0.464511
0.436943
0.365120
0.311365
0.363128
0.391972
0.485725
0.591852
0.709399
0.832210
0.922867
0.930173
0.846869
0.729338
0.613453
0.506472
0.412515
0.335968
0.432620
0.536487
0.437603
0.266281
0.314613
0.393217
0.470601
0.513951
0.479658
0.408766
0.329439
0.318902
0.342525
0.385744
0.481494
0.576073
0.652564
0.708993
0.700203
0.631521
0.545690
0.468243
0.402431
0.335153
0.376330
0.586843
0.860471
1.210791
1.623720
2.040427
2.268772
2.046686
1.621589
1.211340
0.869296
0.786285
0.787173
0.711348
0.616087
0.532646
0.663922
0.779190
0.927266
0.924533
0.792057
0.659738
0.629542
0.824587
0.978067
0.973437
0.827145
0.647461
0.485038
0.393553
0.349606
0.384598
0.733967
1.030498
1.114582
1.031281
0.735090
0.497221
0.601668
0.726991
0.876555
1.022259
1.135374
1.138548
1.189252
1.314263
1.421896
1.426609
1.290408
1.122958
0.947827
0.786441
0.671713
0.795893
0.889469
0.891682
0.816418
0.723640
0.633033
0.536133
0.451003
0.469355
0.619561
0.764173
0.940080
1.129273
1.337585
1.577660
1.850855
2.066085
2.066393
1.844332
1.571708
1.295605
1.040732
0.814454
0.749119
0.673684
0.652990
0.901454
1.189392
1.353458
1.278585
1.556700
2.043022
2.688993
3.288274
3.269207
2.668301
2.185117
1.993999
1.701401
1.886509
2.298995
2.240312
1.678506
1.365723
1.093823
1.160043
1.252644
1.293637
1.242195
1.136609
1.030658
0.936353
1.045372
1.101732
1.139139
1.095988
0.990160
0.874001
0.765577
0.738837
0.815272
0.857647
0.839588
0.749455
0.646798
0.724133
0.843097
0.981113
1.135599
1.304178
1.476699
1.654203
1.819631
1.931443
1.963021
1.870954
1.712994
1.564528
1.454060
1.378612
1.478827
1.559311
1.545105
1.449008
1.307729
1.152835
1.009562
0.947197
1.009214
1.035000
1.045535
1.102811
1.268732
1.465047
1.635726
1.715115
1.764269
1.869449
1.918024
1.829369
1.663512
1.463234
1.277330
1.256628
1.353448
1.497975
1.735851
1.975063
2.141173
2.155836
2.010850
1.790394
1.575522
1.391145
1.401756
1.579382
1.671856
1.688570
1.631378
1.474779
1.307241
1.137296
0.990330
0.858294
0.795788
0.700369
0.663543
0.844285
1.075163
1.346153
1.651817
2.002501
2.392910
2.757730
3.034566
3.016393
2.738188
2.363250
1.894050
1.954911
2.051025
2.068742
2.255177
2.543634
2.701006
2.749768
2.600329
2.442592
2.618977
2.785100
2.863250
2.808341
2.643281
2.416328
2.180021
2.051243
1.896655
1.723001
1.553988
1.402208
1.506917
1.746003
1.914450
1.939238
1.845614
1.712109
1.698959
1.547928
1.326226
1.505347
2.010230
2.661976
3.117024
2.684244
2.059892
2.187466
2.416202
2.437605
2.220414
1.911099
1.611260
1.337999
1.098680
0.886726
0.711596
0.549203
0.622279
0.688853
0.795312
0.969412
1.096160
1.126841
1.030893
0.857548
0.681098
0.626126
0.679546
0.624510
0.519528
0.498567
0.463263
0.446188
0.417917
0.416700
0.448670
0.429199
0.362118
0.383909
0.373280
0.417166
0.493648
0.588030
0.691600
0.793299
0.882849
0.922140
1.020911
1.143431
1.267404
1.397811
1.538959
1.689596
1.853119
2.027319
2.194021
2.255566
2.149682
1.966561
2.200524
2.604471
2.756230
2.757777
2.606819
2.161891
1.494403
1.133895
1.253240
1.123532
0.844563
0.995755
1.170941
1.315520
1.484853
1.637681
1.712720
1.709171
1.614823
1.450343
1.230584
1.017562
0.695166
0.445536
0.623527
0.977809
1.170185
1.143300
0.861151
0.482504
0.373032
0.323588
0.319915
0.446140
0.562243
0.609641
0.552367
0.431770
0.310289
0.319434
0.456643
0.549556
0.528810
0.402440
0.457184
0.609447
0.812064
1.021744
1.147400
1.147050
1.009952
0.894858
0.669659
0.470869
0.389570
0.301503
0.315212
0.444727
0.581928
0.710082
0.849683
0.883885
0.803749
0.826637
0.999809
1.113605
1.080203
0.960940
0.791853
0.629667
0.487446
0.370954
0.273515
0.192452
0.153488
0.143742
0.232986
0.296329
0.303272
0.278354
0.259724
0.306005
0.324861
0.294870
0.419457
0.549262
0.711182
1.130266
1.620903
1.832543
1.833410
1.611439
1.613037
1.976839
2.277503
2.218663
1.890136
1.472913
1.092507
0.807274
0.572840
0.375043
0.212527
0.099449
0.063530
0.027762
0.004927
0.000015
0.017833
0.037501
0.014296
0.000000
0.000000
0.000000
0.000000
0.000000
0.000000
0.000000
0.000000
0.000000
0.000000
0.000000
0.000000
0.000000
0.000000
0.000000
0.000000
0.000000
0.000000
0.000000
0.000000
0.000000
0.004316
0.059036
0.099341
0.112348
0.116459
0.117089
0.114138
0.099493
0.053647
0.001245
0.000000
0.000000
0.000000
0.000000
0.000000
0.000000
0.000000
0.000000
0.000000
0.000000
0.000000
0.000000
0.000000
0.000000
0.000000
0.000000
0.000000
0.000000
0.000000
0.000000
0.000000
0.000000
0.000000
0.000000
0.000000
0.000000
0.000000
0.000000
0.000000
0.000000
0.000000
0.000000
0.003651
0.041417
0.090064
0.174493
0.189056
0.145814
0.125923
0.143929
0.126520
0.080663
0.131559
0.249725
0.419476
0.628984
0.855533
1.090073
1.456647
1.920295
2.456885
2.955915
3.107519
3.308528
3.931475
4.393034
3.634136
2.791251
2.192064
1.759476
1.367589
1.519523
1.539696
1.293515
1.002036
0.712222
0.473443
0.294165
0.179411
0.179155
0.176421
0.168995
0.157615
0.153434
0.149067
0.137154
0.103753
0.040780
0.000380
0.000000
0.000000
0.000000
0.000000
0.001599
0.013883
0.036407
0.058994
0.083868
0.096706
0.088736
0.083018
0.079996
0.058125
0.048112
0.055005
0.090422
0.137209
0.195243
0.261771
0.328162
0.414291
0.497558
0.584218
0.678725
0.785004
0.923931
1.085877
1.232693
1.298268
1.221185
1.180207
1.352005
1.539189
1.738009
1.954852
2.196582
2.431197
2.599498
2.644545
2.540106
2.349187
2.178535
2.259274
2.226473
2.227061
2.243180
2.310667
2.439723
2.441355
2.604438
2.906852
3.342492
3.344024
3.351333
3.300425
3.180571
2.990452
2.996259
3.032567
2.932439
2.888182
2.888636
3.059415
3.146749
3.091095
2.982247
3.112947
3.416653
3.684439
3.766868
3.943517
4.272751
4.667799
5.113695
5.578146
6.004028
6.390936
6.986624
7.629344
8.234920
8.838984
9.451418
9.910470
9.985575
9.692826
9.162723
8.514148
8.174506
7.913025
8.293665
8.423519
8.078635
7.613713
7.772652
8.333005
8.916594
9.509920
9.996618
10.633956
11.358746
11.330072
10.536193
9.567328
9.133562
9.347989
9.090188
8.629722
8.068436
8.491696
9.186175
9.935816
10.641399
11.400468
11.944268
12.101803
11.758025
11.098185
10.365957
9.832148
9.751203
9.504017
8.992443
8.430296
7.853497
7.284053
6.919534
6.959075
6.745223
6.392438
6.019377
5.667348
5.900565
5.978982
6.026420
5.950430
5.920082
5.871133
5.911151
5.783635
6.160904
6.610225
6.967381
7.012815
6.759052
6.412108
6.109356
5.739959
5.990975
6.878684
7.265907
6.743772
5.820495
4.855134
3.960312
3.915460
3.931306
4.121622
4.486578
4.357051
4.301099
4.198340
4.160264
4.108569
4.168665
4.148458
4.590147
5.314643
5.693389
5.911226
5.803121
5.687021
5.605792
5.425445
5.802948
6.177666
6.545878
6.877821
7.093111
7.166797
7.082278
6.958218
6.967892
6.939979
6.761432
6.431653
6.063535
5.710663
5.423057
5.249416
5.152558
5.046990
4.747780
4.255458
3.699396
3.721286
3.729187
3.648690
3.484903
3.405490
3.511883
3.712188
3.726811
3.541723
3.244867
2.941302
2.671474
2.650700
2.901577
3.099148
3.247519
3.382752
3.492871
3.554768
3.604402
3.479335
3.252709
3.124607
2.947982
2.753910
2.516579
2.268636
2.030575
1.888784
2.037035
2.195344
2.346636
2.469364
2.556904
2.668684
2.800316
2.871862
2.811604
2.624070
2.776577
2.991567
3.340535
3.704083
3.984344
4.242044
4.450264
4.438545
4.199936
3.953362
3.673198
3.899992
4.353426
4.848146
5.297470
5.537102
5.413100
4.991208
4.523408
4.055128
3.603092
3.173008
2.774204
2.410720
2.091847
2.460568
2.703766
2.600768
2.414058
2.043479
1.721717
1.401892
1.320278
1.613167
1.906558
2.035394
2.132808
2.213452
2.109935
2.293347
2.461146
2.503420
2.459125
2.387227
2.305603
2.141653
2.106535
2.190179
2.051626
2.015068
2.267289
2.215906
1.860929
1.495768
1.824729
2.200100
2.596665
2.881991
2.906072
2.673990
2.323004
1.977701
1.664763
1.398060
1.186170
0.987123
0.825561
0.683856
0.549214
0.619040
0.620422
0.552440
0.503472
0.461533
0.377025
0.490466
0.603536
0.686476
0.772487
0.779011
0.699324
0.581036
0.469936
0.375859
0.293282
0.267542
0.288062
0.328481
0.333069
0.313791
0.278397
0.258309
0.211510
0.136876
0.083732
0.061731
0.041059
0.057684
0.103476
0.108267
0.065491
0.075135
0.105315
0.129672
0.139054
0.152440
0.145850
0.162921
0.208759
0.262447
0.327093
0.387527
0.426639
0.461036
0.450253
0.395588
0.312236
0.280941
0.282779
0.194602
0.282733
0.462681
0.458701
0.265349
0.118013
0.064147
0.086255
0.108483
0.120029
0.117211
0.162281
0.175670
0.162597
0.125162
0.166669
0.208310
0.245000
0.269150
0.277744
0.250801
0.200918
0.154405
0.147642
0.156170
0.118641
0.076702
0.045854
0.008474
0.001922
0.014451
0.040173
0.071046
0.079475
0.057740
0.027607
0.006045
0.001388
0.019727
0.055588
0.089488
0.084543
0.048867
0.060275
0.131225
0.247162
0.414701
0.631992
0.872814
1.040250
1.041864
0.871860
0.694246
0.690129
0.683719
0.660662
0.579130
0.407018
0.266024
0.391464
0.625505
0.893789
1.126617
1.259768
1.177664
1.033385
0.835343
1.077040
1.356490
1.402446
1.163658
1.040650
0.871297
0.911098
1.030303
1.243637
1.355395
1.232094
0.914930
0.983362
1.067748
0.996842
0.791600
0.575146
0.663133
0.752116
0.759704
0.703350
1.083819
1.271157
1.266003
1.068993
0.994227
1.136685
1.275730
1.355341
1.410928
1.415814
1.340873
1.213951
1.326267
1.432634
1.509835
1.518355
1.691217
1.874339
2.024624
2.063495
1.962635
1.795725
1.706503
1.653755
1.516448
1.426721
1.597912
1.753663
1.889574
1.986653
1.934878
1.762972
1.709632
1.712063
1.656270
1.542889
1.448720
1.593079
1.800242
1.975734
2.118689
2.279241
2.323847
2.239456
2.036045
2.054868
2.009416
2.186810
2.403318
2.611866
2.692741
2.782993
2.915328
3.048495
3.036714
2.935686
2.733111
2.472016
2.198232
1.932470
1.681646
1.560903
1.487547
1.493536
1.729423
2.006385
2.305743
2.643988
3.057247
3.593866
4.199520
4.667975
4.881740
5.069605
5.583935
6.216259
6.908190
7.613960
8.217652
8.434530
8.177739
7.525471
6.819472
7.349857
8.443415
9.843812
11.354000
12.725471
13.504214
12.756132
11.357923
9.836110
8.389597
7.208449
7.123535
8.044408
8.990746
9.519177
9.462317
8.944355
8.057084
7.370753
7.452925
7.121412
6.618655
5.850240
5.079098
4.382777
4.129577
4.340042
3.682199
3.024318
3.329898
3.334309
2.911571
2.392781
1.902179
1.442789
1.135061
1.249214
1.290439
1.203899
1.079511
1.169074
1.317702
1.372058
1.297524
1.259328
1.386436
1.485585
1.451859
1.324682
1.151255
1.074518
0.988377
0.869279
0.813045
0.709934
0.625972
0.703967
0.689823
0.619270
0.683307
0.760514
0.750689
0.661454
0.631681
0.643106
0.618994
0.638583
0.735726
0.866266
1.000424
1.055905
1.021157
0.897041
0.756492
0.622021
0.615682
0.869460
1.013204
1.042828
0.940930
0.857157
0.786027
0.901329
1.014161
1.060121
0.969372
0.738041
0.546135
0.363483
0.207068
0.144027
0.252685
0.392313
0.554211
0.711659
0.791109
0.743256
0.873027
0.928850
0.919553
0.945177
1.130341
1.461840
1.887385
2.184282
2.331059
2.310171
2.179901
2.022338
1.876745
2.105434
2.360992
2.512514
2.503485
2.348160
2.067978
1.781405
1.541925
1.314706
1.091085
0.861146
0.786606
0.835578
0.849096
0.935979
1.001087
1.015744
0.965745
0.976406
0.964024
1.017694
1.086735
1.101398
1.108289
1.109736
1.071139
0.996020
1.036101
1.199648
1.255549
1.292923
1.364967
1.300617
1.218239
1.084965
1.110208
1.276518
1.443822
1.545956
1.522169
1.409173
1.488076
1.590664
1.744866
1.787903
1.693440
1.604061
1.747468
1.816375
1.810266
1.963224
2.077276
2.130905
2.096347
2.257707
2.449208
2.514686
2.470984
2.398982
2.476253
2.466916
2.535803
2.472993
2.683217
2.851119
2.897938
2.824207
2.968550
3.126408
3.146351
3.036466
2.796652
2.811292
3.179249
3.728170
4.345402
5.039978
5.815492
6.668584
7.601128
8.582975
9.442638
9.875113
9.643524
8.775788
7.774877
7.425425
8.538450
9.846255
11.285950
12.864491
14.514219
15.896791
16.973118
16.424444
14.906462
13.085080
11.296900
12.503665
14.002590
15.302547
16.650558
17.408575
16.953926
15.774378
14.144410
12.586013
11.298053
11.231614
12.708790
14.107930
15.249722
15.821435
15.584631
14.767828
13.801935
13.603851
13.001848
12.172907
12.029945
11.816124
11.154558
10.336543
9.446941
8.627478
8.085649
7.792554
7.256831
7.844643
8.517152
9.100041
9.548608
9.670802
9.268773
8.684503
8.035656
7.412436
6.813046
6.216760
5.684564
5.552497
5.686302
5.581064
5.211333
4.807173
4.398048
4.022983
3.837446
3.926452
4.025552
3.973514
3.868613
3.963414
4.268125
4.595360
4.913026
5.202995
5.505075
6.037490
6.813788
7.559443
8.011215
8.416314
8.832381
9.260109
9.668403
10.075990
10.537790
10.975032
11.174621
11.076910
10.709795
10.232064
9.942694
10.412929
10.930735
11.471930
12.045352
12.640528
13.233155
13.795670
14.241726
14.280385
13.844337
13.261967
13.171558
13.440712
13.369346
12.960555
12.382492
11.798594
11.266588
10.738554
10.217690
9.723917
9.274094
9.231621
9.283406
9.079689
8.665926
8.332427
9.224562
9.553830
9.308025
8.474794
7.624765
7.254670
7.039872
7.083757
7.260998
7.419564
7.568142
7.662491
7.576094
7.372233
6.772309
6.108834
5.364764
4.620407
4.111163
3.684061
3.249565
3.002468
2.839283
2.856524
3.250105
3.476177
3.567695
4.124490
4.739173
5.292655
5.799048
5.912074
5.941189
6.388588
6.594525
6.251781
5.625447
4.905819
4.581560
5.349137
6.294796
7.398118
8.638188
9.879496
10.766082
10.731355
9.800180
8.563947
7.343812
6.261403
5.376735
5.335953
5.893052
5.959683
5.526721
5.111459
4.633494
4.211592
3.804134
3.579789
3.690555
4.030182
4.247144
4.175661
4.060565
4.163506
4.082035
3.792054
3.464048
3.168031
3.348321
3.687250
4.092023
4.554453
5.046985
5.476776
5.678823
5.624555
5.298033
4.861436
4.366030
3.950481
4.062740
3.913273
3.622464
3.545632
3.352638
3.081218
2.949007
2.889119
2.694983
2.936638
3.198895
3.362511
3.354001
3.248710
3.323009
3.621333
3.726820
3.540992
3.164618
2.774020
2.394762
2.061221
1.767093
1.500700
1.483403
1.656659
1.693440
1.500620
1.684782
1.642256
1.447159
1.207220
0.980069
0.923942
0.754471
0.500204
0.574557
0.766112
0.997847
1.265099
1.519999
1.613180
1.483790
1.589841
1.883471
2.187788
2.494157
2.674282
2.633669
2.568175
2.410180
1.845439
1.804141
2.054820
2.427832
2.873153
3.376709
3.946474
4.579216
5.277076
6.044863
6.889419
7.782112
8.667845
9.289432
8.687653
7.107916
6.345845
6.734201
7.638038
8.755891
10.021564
11.443120
12.971684
14.346250
14.670223
13.111821
12.835671
10.416959
7.485571
5.516583
3.302909
2.998391
0.048196
0.000000
0.000000
0.000000
0.000000
0.000000
0.000000
0.000000
0.000000
