track	type=wiggle_0
fixedStep	chrom=chr	start=1	step=1
0.000000
0.000000
0.000000
0.000000
0.000000
0.000000
0.000000
0.000000
0.000000
0.000000
0.000000
0.000000
0.004288
0.038223
0.132492
0.298304
0.359540
0.292818
0.193868
0.112694
0.054903
0.130798
0.260502
0.438467
0.631117
0.887026
1.123227
1.230327
1.071603
0.815504
0.977245
1.132585
1.194262
1.235922
1.266978
1.544021
1.936263
2.409105
2.977122
3.595268
4.071804
4.068082
3.586729
2.999335
2.467315
2.024821
2.320693
2.557093
2.670478
2.503876
2.167221
1.779250
1.423205
1.117208
0.857326
0.640184
0.464808
0.433534
0.520174
0.581991
0.569801
0.478328
0.445156
0.780433
0.909325
0.938169
0.909325
0.777941
0.435064
0.186065
0.056285
0.004734
0.000000
0.000000
0.000000
0.000000
0.001498
0.002328
0.004169
0.011625
0.029289
0.058442
0.098541
0.143533
0.176094
0.220075
0.469018
0.568724
0.594217
0.598006
0.594217
0.571061
0.485444
0.550922
0.635557
0.676496
0.669124
0.745434
0.751009
0.686134
0.587274
0.483846
0.388323
0.303641
0.230293
0.167688
0.117398
0.172883
0.224053
0.251171
0.231577
0.192151
0.177384
0.190288
0.228739
0.278077
0.368936
0.521943
0.823690
1.259334
2.086064
2.491265
2.601419
2.601420
2.519720
2.225762
1.611102
1.936424
2.079183
2.056608
2.265180
2.841746
3.400976
4.022700
4.534043
4.535804
4.000084
3.301965
2.665221
2.090130
1.609925
1.216221
0.887150
0.619318
0.420005
0.579475
0.746041
0.886684
0.907530
0.811603
0.642793
0.473985
0.334011
0.223745
0.140120
0.077807
0.039476
0.043558
0.033848
0.068190
0.120132
0.171176
0.185286
0.156274
0.121237
0.091252
0.063359
0.178048
0.384445
0.764815
1.245000
1.391464
1.294307
0.883305
0.542047
0.299707
0.135995
0.072237
0.093364
0.090141
0.072989
0.047585
0.055112
0.093377
0.140877
0.188303
0.207206
0.191025
0.144178
0.096121
0.057255
0.043102
0.051563
0.115955
0.149365
0.131099
0.093409
0.154502
0.252871
0.296634
0.302149
0.207206
0.094741
0.022785
0.001473
0.000000
0.000000
0.000000
0.000000
0.000000
0.000000
0.001451
0.009463
0.018765
0.021344
0.012876
0.003930
0.000005
0.000000
0.000000
0.000000
0.000000
0.005906
0.093678
0.168319
0.200573
0.221571
0.226227
0.227510
0.223974
0.207458
0.152253
0.043241
0.001045
0.000000
0.000000
0.000022
0.000001
0.000000
0.000000
0.004684
0.066530
0.117039
0.137188
0.141762
0.137188
0.116294
0.065704
0.008911
0.001463
0.000000
0.000000
0.000000
0.000000
0.000000
0.000000
0.000000
0.000000
0.000000
0.000000
0.000000
0.000000
0.000000
0.000138
0.000000
0.000000
0.000000
0.000000
0.000000
0.000000
0.000000
0.000000
0.000000
0.000400
0.006216
0.005842
0.000216
0.001055
0.017653
0.057735
0.117114
0.182259
0.219028
0.195398
0.276079
0.414686
0.601481
0.835102
1.114249
1.426345
1.703940
1.755225
1.833091
1.780823
1.483061
1.150982
0.852291
0.606515
0.410164
0.257507
0.145857
0.067775
0.020146
0.004147
0.000000
0.000000
0.000000
0.000000
0.000000
0.000045
0.001123
0.000146
0.000161
0.000000
0.000000
0.000000
0.000000
0.000000
0.000000
0.000000
0.000000
0.000000
0.000000
0.000000
0.000000
0.000000
0.000000
0.000000
0.000000
0.000000
0.000000
0.000000
0.000000
0.000000
0.000027
0.024073
0.097980
0.228860
0.417777
0.673475
1.153265
1.592992
1.770722
1.770721
1.592992
1.151896
0.664714
0.390296
0.207381
0.092568
0.023578
0.000153
0.000000
0.000000
0.000000
0.000000
0.000000
0.000000
0.000000
0.000000
0.000000
0.000000
0.000000
0.000000
0.000000
0.000000
0.000000
0.000000
0.000000
0.000000
0.000000
0.000311
0.005423
0.013731
0.018890
0.012952
0.005408
0.001184
0.000000
0.000000
0.000024
0.020055
0.062259
0.081514
0.116929
0.146082
0.149055
0.145890
0.143904
0.138706
0.118535
0.057781
0.046214
0.096653
0.126572
0.095045
0.043636
0.008995
0.000000
0.000000
0.000000
0.000000
0.000000
0.000000
0.001608
0.053902
0.098954
0.118520
0.132050
0.145385
0.145385
0.131876
0.117803
0.096563
0.049636
0.000332
0.000000
0.000000
0.000000
0.000091
0.005589
0.014399
0.015802
0.008883
0.000992
0.000000
0.000000
0.000000
0.000000
0.000000
0.000000
0.000000
0.000000
0.000000
0.000000
0.000000
0.000000
0.000000
0.000000
0.000000
0.002807
0.009223
0.052581
0.124121
0.178504
0.148882
0.082330
0.026722
0.054433
0.118577
0.202865
0.252492
0.392962
0.573020
0.744543
0.966375
1.204634
1.562465
2.017891
2.566241
3.199112
3.850392
4.338959
4.300265
3.740437
3.550908
4.211947
4.840113
5.139440
5.010624
4.422184
3.786702
3.159896
2.610201
2.150638
1.775453
1.582176
1.708521
1.711876
1.634277
1.575023
1.625976
1.884336
1.945153
1.731785
1.482562
1.202270
0.793871
0.593908
0.755042
0.940085
1.141328
1.315350
1.407135
1.357272
1.188348
1.004945
0.812688
0.656722
0.749826
0.912478
1.078438
1.161302
1.107923
0.941446
0.908969
0.883386
0.775904
0.855411
0.984459
1.100087
1.200133
1.329105
1.499993
1.693728
1.907337
2.132808
2.328542
2.510021
2.669473
2.671522
2.517363
2.299874
2.308343
2.568127
2.722177
2.675406
2.585938
2.384563
2.189080
1.975597
2.088243
2.310808
2.524083
2.640872
2.608191
2.416366
2.192930
1.960683
1.975152
1.855148
2.024484
2.292620
2.562772
2.703505
2.618797
2.373706
2.113823
2.114647
2.330616
2.570943
2.820210
3.123049
3.403177
3.627946
3.661812
3.510551
3.457630
3.605462
3.795363
4.366722
5.595476
6.201216
6.375981
6.375981
6.226873
5.687413
4.497531
4.362927
4.113714
4.123326
4.598852
5.186554
5.774225
6.320540
6.423106
6.108941
5.473861
4.800557
4.848529
5.465383
5.881685
6.649773
7.588328
8.460675
8.829363
8.466442
7.599983
6.616896
5.692024
4.870738
4.146018
3.521227
3.008878
2.529909
2.090762
1.708524
1.561033
1.425538
1.527334
1.587137
1.569796
1.424015
1.247825
1.108448
1.050538
0.973408
1.040817
1.020555
0.954654
0.933295
0.952990
1.006703
1.074206
1.127905
1.146053
1.246850
1.230572
1.161217
1.218812
1.221727
1.192511
1.140332
1.159166
1.229100
1.387509
1.555701
1.667911
1.673078
1.581833
1.512264
1.668628
1.741871
1.630375
1.524230
1.382023
1.315305
1.210949
0.997588
0.872006
0.964833
1.063930
1.192058
1.297343
1.379433
1.424126
1.366243
1.271806
1.365075
1.500414
1.665361
1.783462
1.829918
1.744638
1.707866
2.110829
2.558444
2.781457
2.561275
2.099038
1.675263
1.817377
1.907876
1.884889
1.755932
1.601313
1.459437
1.323946
1.220867
1.380641
1.360918
1.193987
1.026958
1.024161
1.261901
1.440550
1.426697
1.246640
1.020002
0.812239
0.806922
0.876084
0.956829
1.017586
1.158791
1.251032
1.158316
0.838292
0.947846
1.088422
1.240836
1.424597
1.595691
1.718899
1.703824
1.709651
1.850024
1.978049
1.987724
1.830889
1.626318
1.413789
1.212555
1.104154
1.240855
1.344398
1.341638
1.247006
1.122817
0.992196
0.851049
0.753853
0.880944
1.024413
1.175882
1.303509
1.462499
1.696023
1.962762
2.267739
2.501693
2.503593
2.258997
1.952974
1.644490
1.358556
1.099461
0.963319
0.881997
0.866532
1.066409
1.370165
1.529816
1.448676
1.707328
2.195246
2.845393
3.452406
3.431878
2.823781
2.333106
2.146350
1.842208
2.010798
2.426819
2.363110
1.805624
1.493483
1.207518
0.878699
0.752303
0.908609
0.959074
0.873858
0.731503
0.572283
0.630939
0.715549
0.682183
0.605635
0.630090
0.592137
0.621246
0.775634
0.855197
0.832488
0.942120
1.012638
0.959653
0.790396
0.679151
0.599852
0.507592
0.441949
0.530589
0.619140
0.681769
0.773303
0.776799
0.717986
0.655166
0.737925
0.854490
0.988753
1.120672
1.212866
1.228128
1.159923
1.035955
0.903507
0.777508
0.662727
0.618020
0.655637
0.645830
0.589488
0.519717
0.456854
0.426520
0.389608
0.360740
0.330376
0.296714
0.247836
0.268618
0.252089
0.211097
0.191911
0.185062
0.222986
0.243187
0.232747
0.190349
0.143906
0.097912
0.076423
0.153759
0.316810
0.549235
0.755298
0.702497
0.637245
0.586826
0.555479
0.538291
0.531109
0.528509
0.723947
0.972452
1.261683
1.599940
1.975060
2.439875
3.007716
3.665419
4.423632
5.268391
6.070867
6.639399
6.646330
6.050152
5.130867
4.244188
3.499676
2.963093
3.042076
3.156234
2.939491
2.561561
2.130928
1.723405
1.919652
2.292081
2.689173
3.067654
3.291398
3.187660
2.868042
2.445791
2.055030
1.728731
1.483216
1.610067
1.611666
1.873689
2.154707
2.343735
2.359588
2.199609
1.958586
1.769492
1.738601
2.123575
2.420607
3.017374
3.823008
4.376575
3.834457
3.051838
2.378392
2.139689
2.232704
2.143994
1.878982
1.597533
1.338692
1.105437
0.902849
0.729805
0.733799
0.881859
1.044292
1.222740
1.358467
1.390034
1.287623
1.106939
0.918065
0.733845
0.570861
0.585853
0.663213
0.695474
0.675710
0.588074
0.494332
0.540360
0.573488
0.707767
0.846693
0.986100
1.097341
1.141413
1.089526
0.957858
0.809112
0.666352
0.537542
0.434238
0.347901
0.271771
0.210455
0.192342
0.264119
0.263613
0.189596
0.192022
0.345317
0.554988
0.841128
1.211749
1.681485
2.303063
2.709782
2.860598
2.858509
2.688347
2.189930
1.442137
0.965915
0.646387
0.418830
0.337500
0.389556
0.367891
0.534180
0.672530
0.694533
0.657113
0.657631
0.559792
0.411398
0.277461
0.172477
0.203856
0.394920
0.663314
1.019842
1.215405
1.187763
0.899797
0.515740
0.271840
0.121167
0.038419
0.003214
0.000000
0.000000
0.000000
0.000000
0.000000
0.000000
0.000000
0.000000
0.000000
0.000000
0.000000
0.000000
0.000000
0.000000
0.000000
0.000000
0.000000
0.000000
0.000000
0.000000
0.000000
0.000000
0.000000
0.000000
0.000000
0.000000
0.000000
0.000000
0.000000
0.000000
0.000000
0.000000
0.000000
0.000000
0.000000
0.000000
0.000000
0.000000
0.000000
0.000000
0.000000
0.000000
0.000000
0.000000
0.000000
0.000000
0.000000
0.000000
0.000000
0.000000
0.000000
0.000000
0.000000
0.000000
0.000000
0.000000
0.000000
0.006397
0.007419
0.000000
0.000000
0.000000
0.000000
0.000000
0.000000
0.000000
0.000000
0.008219
0.017689
0.057821
0.109304
0.088569
0.044299
0.044653
0.064577
0.144503
0.312161
0.448525
0.447642
0.304701
0.132967
0.033904
0.035305
0.044283
0.027934
0.005130
0.000000
0.000000
0.000000
0.000000
0.000000
0.000000
0.000000
0.000000
0.000000
0.000000
0.000000
0.000000
0.015425
0.078788
0.116915
0.126968
0.128275
0.127632
0.123309
0.105309
0.050902
0.000170
0.000000
0.000000
0.000302
0.001356
0.002318
0.002642
0.000113
0.000000
0.000000
0.000000
0.000016
0.000103
0.000000
0.000000
0.000000
0.000000
0.000568
0.019324
0.059783
0.106428
0.120051
0.090725
0.046446
0.024471
0.034381
0.086175
0.165488
0.263816
0.365918
0.549467
0.831961
1.177134
1.621943
2.147335
2.685551
2.686354
2.176525
1.723255
1.338454
1.557508
1.971269
2.447251
2.991828
3.554896
3.971294
4.098390
3.818548
3.280638
2.760745
2.718715
3.341919
3.876999
4.099845
4.197006
4.549695
4.605555
4.053528
3.369420
2.691098
2.103449
1.620452
1.225354
0.893796
0.628936
0.439242
0.434966
0.509508
0.586480
0.548827
0.421935
0.280775
0.164258
0.083335
0.031909
0.014605
0.014628
0.013494
0.020104
0.023825
0.040440
0.064972
0.095297
0.174857
0.318952
0.370994
0.309528
0.339088
0.360525
0.374239
0.339852
0.393896
0.481631
0.575096
0.658262
0.691511
0.670044
0.674271
0.799662
0.945846
1.082809
1.147304
1.244766
1.378126
1.534868
1.711590
1.924189
2.166051
2.425770
2.614938
2.689852
2.617318
2.425989
2.200812
1.981116
1.779836
1.800259
1.781062
1.962521
2.165718
2.370193
2.571185
2.813215
3.069840
3.312875
3.489573
3.531528
3.466130
3.257558
3.005624
2.820558
3.355662
3.811100
3.810148
3.356518
2.791371
2.279089
1.965484
1.879976
1.777045
1.879741
1.898542
1.882154
1.777518
1.629658
1.467541
1.308541
1.272917
1.201495
1.062982
1.216260
1.342219
1.548926
1.805826
2.104221
2.422905
2.755285
3.006254
3.157870
3.190047
3.257598
3.255426
3.317025
3.152555
2.832587
2.991326
3.058069
2.898755
2.585586
2.296490
2.131427
2.265247
2.707599
3.182412
3.601649
3.814327
3.597046
3.211186
2.829120
2.528149
2.281609
2.047436
1.748856
1.457216
1.358795
1.384545
1.458716
1.407056
1.286623
1.214488
1.570392
1.987404
2.497756
3.097372
3.793442
4.569640
5.317982
5.878104
5.874894
5.308744
4.518586
3.751995
3.124301
2.558130
2.065634
1.641781
1.285836
1.287058
1.331837
1.538133
1.703355
1.808873
1.747735
1.657708
1.465781
1.218026
0.968760
0.756466
0.570718
0.429398
0.318968
0.392015
0.438514
0.469212
0.440777
0.386000
0.409911
0.433555
0.402393
0.435693
0.480301
0.516566
0.723981
0.953912
1.103701
1.232296
1.266066
1.228886
1.173678
1.092316
1.032148
0.939205
0.865009
0.901370
0.889924
0.842857
0.813787
0.879975
0.901000
0.872789
0.838935
0.919087
0.993034
1.029085
1.108508
1.089834
1.129825
1.168726
1.131339
1.061061
0.972899
0.880863
0.770299
0.666755
0.760583
0.892216
1.026193
1.137791
1.165657
1.125277
1.055436
1.130174
1.195647
1.352875
1.472456
1.605739
1.609706
1.525527
1.402171
1.269200
1.157457
1.046603
0.926518
0.806236
0.766340
0.797862
0.780931
0.728138
0.682915
0.714484
0.718339
0.715307
0.792180
0.848299
0.897188
0.877004
0.797413
0.699182
0.615637
0.585381
0.689759
0.816896
0.953556
1.091165
1.242319
1.409437
1.580883
1.742376
1.803467
1.728215
1.550394
1.363985
1.369967
1.281874
1.080669
0.899527
0.865030
1.057367
1.263520
1.452597
1.527971
1.473829
1.292470
1.139363
1.388380
1.710765
1.946078
2.143581
2.750227
3.381573
3.933918
3.980743
3.535456
2.940577
2.578879
2.688822
2.615499
2.301758
2.495185
2.908159
3.163339
3.055376
2.871348
2.502944
2.149249
1.798742
1.468029
1.198226
1.613147
2.055355
2.361851
2.432626
2.316525
2.433450
2.607919
2.638579
2.605739
2.537545
2.469311
2.318433
2.024504
1.557998
1.344639
1.260532
1.215372
1.161699
1.036797
0.763404
0.441808
0.226548
0.208658
0.187310
0.127509
0.215764
0.339430
0.482050
0.645897
0.755814
0.757174
0.643685
0.479596
0.326054
0.203947
0.114062
0.056634
0.018586
0.001209
0.000000
0.000000
0.000000
0.000000
0.000000
0.000000
0.000000
0.000000
0.000000
0.000011
0.008793
0.018157
0.016928
0.007775
0.000000
0.000000
0.000000
0.000000
0.000000
0.000259
0.005879
0.017948
0.035891
0.056323
0.076869
0.088105
0.077813
0.051443
0.025156
0.032946
0.046335
0.053979
0.045819
0.026698
0.018626
0.028892
0.042095
0.065013
0.094598
0.130841
0.171349
0.189183
0.177001
0.133433
0.087666
0.049076
0.022210
0.006845
0.000220
0.000000
0.000000
0.000000
0.000014
0.003156
0.021759
0.093040
0.180728
0.236387
0.251205
0.230938
0.173989
0.090234
0.027921
0.011852
0.039155
0.093236
0.114352
0.075224
0.024392
0.001126
0.000000
0.000000
0.000000
0.000000
0.000000
0.000000
0.001066
0.012039
0.036735
0.129940
0.295527
0.572692
0.922874
1.090299
1.130435
1.094753
0.911384
0.549418
0.516843
0.459559
0.304543
0.343661
0.545374
0.797300
1.044940
1.171556
1.106786
0.930572
0.744769
0.602256
0.873088
1.202913
1.437340
1.526768
1.306532
0.983361
0.712116
0.543886
0.587220
0.668502
0.635908
0.615573
0.847205
1.149559
1.426374
1.468142
1.533464
1.482593
1.450324
1.332581
1.147680
1.369519
1.659322
1.992215
2.383136
2.759779
2.903274
2.760563
2.421581
2.031241
1.680558
1.669724
1.929968
2.084827
2.038442
1.784391
1.489921
1.216095
1.083281
0.921768
0.941781
0.999011
1.033439
1.094028
1.098397
1.084559
1.011618
1.149207
1.323715
1.525190
1.749724
1.988892
2.212515
2.355621
2.384489
2.576579
2.672246
2.600017
2.419816
2.458767
2.377686
2.201061
1.946575
1.801851
1.673728
1.724765
1.903965
2.074593
2.146061
2.117076
2.128217
2.286945
2.243827
2.327745
2.292778
2.248174
2.396391
2.469147
2.703294
2.910367
2.996425
2.920641
2.708200
2.455373
2.183136
1.951180
2.185322
2.399321
2.539138
2.519760
2.769830
2.979996
3.023441
2.902621
2.638963
2.357834
2.089010
2.193876
2.661107
3.185853
3.715790
4.083273
4.081951
3.761755
3.308176
2.843220
2.626975
2.526579
2.272203
2.050580
2.463332
3.049835
3.682888
4.294494
4.961782
5.798525
6.721999
7.851663
9.171827
10.599728
11.856910
12.560809
11.755764
10.394255
8.951849
7.592033
6.389113
5.619216
6.319701
7.076658
7.691974
7.732195
7.258534
7.356196
8.047873
8.420963
8.319896
7.947584
7.252007
6.736848
6.433356
5.981881
5.328331
4.669559
4.596064
4.874862
4.955103
5.307949
5.579850
5.606669
5.358055
4.832431
4.261583
3.730737
3.272007
2.888260
2.567601
2.553437
2.380451
2.147682
2.035013
1.975928
1.933346
1.718930
1.573228
1.498067
1.362207
1.208432
1.260621
1.201178
1.142748
1.156260
1.076639
0.957512
0.816594
0.892886
0.975542
0.996092
0.904750
0.786587
0.804719
0.922575
1.012396
1.032466
1.039483
1.199888
1.303636
1.308213
1.212983
1.064620
0.913809
0.763010
0.619245
0.487251
0.370913
0.269000
0.211391
0.335726
0.344785
0.213408
0.118933
0.066658
0.022032
0.077649
0.152033
0.200298
0.208640
0.196663
0.235862
0.225257
0.177861
0.163412
0.202184
0.257715
0.290885
0.309558
0.363151
0.434591
0.520531
0.623708
0.734618
0.819624
0.853074
0.803443
0.708323
0.608291
0.584500
0.632391
0.676452
0.880953
1.193143
1.337416
1.304775
1.145259
0.985296
0.904991
0.822192
0.988330
1.340180
1.724589
2.035067
2.045207
1.739570
1.339690
0.967249
0.707382
0.709861
0.739570
0.782574
0.794847
0.793613
0.758908
0.686859
0.652265
0.650099
0.753411
0.932041
1.012869
1.071472
1.097525
0.901144
0.749459
0.736950
0.716075
0.788176
0.930476
1.063004
1.161390
1.202541
1.162078
1.107651
1.160191
1.313995
1.467866
1.583127
1.653280
1.697055
1.828948
1.954336
2.115427
2.346039
2.610744
2.899441
3.194349
3.441035
3.639230
3.731636
3.633879
3.743796
3.882491
3.869848
3.642350
3.336299
3.073552
2.975954
3.143273
3.328714
3.475752
3.544821
3.517774
3.358503
3.099130
3.191913
3.387522
3.435962
3.681668
4.323837
5.026478
5.670815
6.069279
5.995027
5.431519
4.736710
5.318764
6.002918
6.746245
7.520317
8.310991
9.531695
10.523190
10.778891
10.345419
9.260031
8.566451
9.325637
10.143816
11.358328
12.677820
14.142269
15.668130
17.042351
17.628197
17.327311
16.117704
15.166609
14.498885
15.710836
17.094599
18.314308
18.769627
18.361061
17.092518
15.678415
16.763182
18.002939
18.838156
18.928946
18.038656
16.417479
14.749099
13.260291
11.942200
11.014987
10.629871
9.794083
8.895678
8.569431
9.005371
9.436364
9.610081
9.296888
8.678208
8.337998
8.338283
7.896940
7.319607
6.698830
6.038359
5.418231
4.880077
4.988353
5.403005
5.716283
5.898291
5.785035
5.446847
5.585868
5.986797
6.418468
6.908575
7.436028
7.914485
8.192488
8.206331
7.877158
7.393445
7.663285
7.702513
7.477925
7.419569
7.551319
7.726128
7.777525
7.733469
8.040908
8.340384
8.466625
8.398671
8.092366
7.775658
8.009335
8.075860
8.522295
8.968505
9.405334
9.863486
10.362359
10.808280
11.082716
11.030996
10.589192
10.051668
9.915341
10.133363
10.099818
9.738878
9.232173
8.702886
8.184229
7.703767
7.287453
7.008708
6.943120
6.844851
6.910141
7.127080
7.215639
7.087610
7.086753
7.393533
7.389788
7.309207
7.260204
7.222414
6.992064
6.719187
6.402395
6.307623
6.405831
6.623908
6.689571
6.641813
6.334588
6.111871
5.878527
5.403613
4.919394
4.578075
4.445772
4.290427
4.135326
3.812626
3.557103
3.638566
3.561724
3.370811
3.203032
2.979714
3.270033
3.679928
4.107704
4.588559
5.099402
5.541162
5.811500
5.672687
5.203429
4.626961
4.095724
3.679104
3.978410
4.517453
5.148439
5.851274
6.648463
7.431036
7.989083
8.005702
7.462131
6.689330
5.938345
5.300361
4.696007
4.135017
3.774511
4.293793
4.853605
5.254045
5.446721
5.298817
4.953857
4.793671
5.001123
4.989979
4.807847
4.564876
4.763618
4.580144
4.172609
3.940228
4.263750
4.642445
5.023503
5.449837
5.796037
5.885330
5.676882
5.482176
5.196568
4.856765
4.426275
4.097620
3.879621
3.827768
4.229876
4.703516
4.962223
4.789163
4.332782
3.845521
3.445089
3.556026
3.412052
3.131473
2.871309
3.116817
3.361921
3.411274
3.228698
2.957780
2.613946
2.302565
2.013952
1.872875
2.149212
2.521096
2.949215
3.387580
3.696264
3.619565
3.254636
2.805388
2.377395
1.993805
1.643351
1.732084
1.818196
2.004999
2.224762
2.447757
2.651906
2.890001
3.075614
3.094899
2.801450
2.718321
2.810183
2.759834
2.489328
2.567933
2.733353
2.811792
2.905669
2.838807
2.265388
1.810986
1.855705
2.058089
2.329975
2.623464
2.934338
3.213249
3.303550
2.892883
2.689461
2.460064
2.453239
2.359639
2.491211
2.784340
3.123402
3.495539
3.905871
4.357418
4.849001
5.384909
5.967637
6.581394
7.229316
7.914202
8.641501
9.375296
9.931478
9.736391
8.597602
7.991365
8.298056
9.004949
9.871739
10.854401
11.944128
13.094883
14.347888
15.660574
16.814253
17.092518
14.240255
12.171284
12.548810
13.655860
15.034965
16.242390
16.417479
12.892979
6.449452
3.867673
3.378787
2.906910
2.098312
1.558483
1.768272
2.228681
2.766379
3.170967
2.974626
3.078974
3.640712
4.287301
4.477164
0.000000
0.000000
0.000000
0.000000
0.000000
0.000000
0.000000
0.000000
0.000000
