track	type=wiggle_0
fixedStep	chrom=chr	start=1	step=1
0.000000
0.000000
0.000000
0.000000
0.000000
0.000000
0.000000
0.000000
0.000000
0.000000
0.000000
0.009127
0.053628
0.381899
0.775569
0.913745
0.758465
0.581049
0.430058
0.314445
0.294155
0.314232
0.471899
0.519170
0.616623
0.780537
1.023695
1.302502
1.463070
1.441823
1.238719
0.942545
0.695199
0.519776
0.542396
0.624020
0.699710
0.675893
0.552672
0.430123
0.291337
0.168153
0.079557
0.057401
0.134615
0.208213
0.206321
0.129420
0.086783
0.208857
0.446141
0.782019
0.911251
0.940166
0.911251
0.779449
0.435899
0.184494
0.053927
0.003599
0.000000
0.000000
0.000000
0.000000
0.000000
0.000000
0.000000
0.000000
0.000000
0.000000
0.000000
0.000000
0.002888
0.081565
0.181921
0.217147
0.237573
0.479803
0.689439
0.863427
1.022705
1.180520
1.330664
1.417932
1.420692
1.470713
1.535309
1.458460
1.373052
1.249046
1.091641
1.019448
1.189710
1.343846
1.532837
1.746541
1.927840
2.000564
1.940272
1.800237
1.848311
1.808866
1.924092
1.944502
1.856880
1.938876
2.244422
2.580737
2.948303
3.355145
3.802128
4.287673
4.799839
5.264783
5.461193
5.264784
4.806802
4.339996
3.887936
3.526500
3.444918
4.046589
4.567709
4.564380
4.018117
3.305202
2.665060
2.085514
1.597890
1.264410
1.288168
1.257004
1.208803
1.348814
1.428552
1.519409
1.497348
1.548949
1.463078
1.308943
1.151832
1.058234
1.099167
1.034960
0.922353
0.854149
0.756803
0.659872
0.552996
0.455500
0.383248
0.358477
0.360109
0.365023
0.339424
0.276015
0.382834
0.769212
1.259054
1.407490
1.308914
0.888773
0.541757
0.296881
0.131940
0.052918
0.071430
0.068406
0.081002
0.098767
0.100680
0.102838
0.083088
0.072448
0.062770
0.035354
0.009457
0.026489
0.051678
0.081396
0.108765
0.130264
0.170354
0.220424
0.274928
0.320476
0.345838
0.375690
0.371770
0.329979
0.267990
0.207832
0.175320
0.284229
0.354776
0.425506
0.451111
0.427665
0.363299
0.295780
0.222566
0.153315
0.088953
0.070669
0.032270
0.002691
0.000000
0.000000
0.000755
0.006319
0.011645
0.092158
0.166704
0.198829
0.219628
0.224233
0.225489
0.221969
0.205512
0.150508
0.041633
0.000699
0.000000
0.000000
0.000000
0.000000
0.000000
0.000000
0.003951
0.074397
0.178932
0.214658
0.222803
0.214658
0.178358
0.075950
0.008868
0.000000
0.001194
0.004256
0.002537
0.011920
0.029465
0.043269
0.045547
0.038886
0.022922
0.023391
0.043143
0.059428
0.052924
0.036370
0.045808
0.035010
0.017005
0.003913
0.000000
0.000000
0.000000
0.000039
0.001910
0.001887
0.005818
0.012019
0.010246
0.006048
0.018641
0.046883
0.102394
0.164400
0.200116
0.178591
0.257763
0.392990
0.577003
0.809455
1.089141
1.402529
1.680126
1.732213
1.814659
1.762299
1.462377
1.129738
1.222025
1.485626
1.757324
1.892023
1.868259
1.935110
1.839454
1.559142
1.259364
0.984861
0.752223
0.558308
0.497714
0.598655
0.604739
0.594806
0.578430
0.711805
0.998477
1.342535
1.762932
2.222035
2.607017
2.612511
2.510077
2.499670
2.256362
1.636316
1.065208
1.105067
1.287642
1.273758
1.079431
0.826663
0.598690
0.421184
0.338029
0.251651
0.164264
0.093694
0.111723
0.164924
0.229417
0.304553
0.419580
0.537327
0.579349
0.579349
0.535749
0.410602
0.309608
0.233748
0.169791
0.121029
0.083023
0.063957
0.047468
0.017860
0.000859
0.000000
0.000000
0.000000
0.000000
0.000000
0.000000
0.000000
0.000707
0.000822
0.000000
0.000000
0.000000
0.000000
0.000001
0.000329
0.005339
0.013090
0.016234
0.018029
0.014342
0.032164
0.054273
0.068609
0.066415
0.051073
0.029804
0.018055
0.059702
0.078368
0.114653
0.143472
0.146347
0.143189
0.141231
0.136040
0.115971
0.055741
0.037803
0.084511
0.113340
0.083009
0.035489
0.005370
0.000000
0.000000
0.000000
0.000000
0.000000
0.000000
0.001245
0.052422
0.097288
0.117002
0.130832
0.144409
0.144409
0.130679
0.116354
0.095131
0.048372
0.000191
0.000000
0.000000
0.000000
0.000000
0.000807
0.005511
0.006413
0.002320
0.000000
0.000000
0.000000
0.000000
0.000000
0.000000
0.000000
0.000000
0.000000
0.000000
0.000000
0.000000
0.000000
0.000000
0.000000
0.000000
0.002596
0.007102
0.047611
0.117586
0.171274
0.142209
0.076854
0.023084
0.047133
0.109131
0.190963
0.238990
0.373776
0.552841
0.724942
0.946102
1.186218
1.547768
2.008302
2.562099
3.201181
3.860367
4.351530
4.312506
3.746074
3.534435
4.202627
4.836276
5.137649
5.008860
4.415029
3.777300
3.142086
2.586298
2.123533
1.744271
1.547969
1.672687
1.674544
1.595771
1.591635
1.616944
1.877559
1.939988
1.724905
1.498226
1.214545
0.781509
0.547962
0.704423
0.882661
1.078409
1.253362
1.336536
1.256095
1.106260
0.918417
0.738778
0.638795
0.643596
0.703249
0.753889
0.762406
0.757196
0.705957
0.798464
0.831077
0.784200
0.696613
0.815224
0.858871
0.848666
0.950357
1.096963
1.266746
1.452613
1.647030
1.820280
1.976644
2.119775
2.116860
1.974234
1.891397
2.316622
2.583496
2.738702
2.500550
2.489538
2.407727
2.223929
2.006296
2.065977
2.278073
2.459605
2.572236
2.493587
2.322909
2.107244
2.269165
2.385010
2.315172
2.131053
2.390534
2.988169
3.648698
4.290396
4.674325
4.477501
3.924436
3.257919
2.758500
2.645862
2.938274
3.064585
3.311387
3.410345
3.277851
3.354892
3.578981
3.853678
4.407768
5.665520
6.280056
6.457315
6.457318
6.384530
6.967285
7.344143
7.194139
6.692374
6.029600
5.391067
5.137180
5.735177
6.281574
6.383930
6.068673
5.433114
4.761569
4.832259
5.459555
5.884347
6.663017
7.618322
8.499955
8.875654
8.505810
7.629963
6.629519
5.692276
4.858862
4.125487
3.493626
2.976118
2.498394
2.061567
1.675794
1.360764
1.092976
0.852287
0.765952
0.710854
0.644594
0.571336
0.690611
0.820621
0.945536
1.052556
1.115823
1.183259
1.144568
1.052722
0.981933
1.064052
1.083701
1.221297
1.382594
1.559378
1.740003
1.882053
1.913308
1.816326
1.660243
1.482291
1.311115
1.155339
1.299119
1.387579
1.377443
1.275098
1.105500
0.941248
0.876461
0.928237
0.986846
0.945257
0.848755
0.939594
1.038364
1.101157
1.204448
1.379675
1.549142
1.685554
1.791399
1.799118
1.707346
1.575515
1.439662
1.315990
1.185886
1.309541
1.356746
1.367554
1.591627
1.988075
2.435546
2.668277
2.440285
1.973172
1.511254
1.352165
1.446859
1.440447
1.336707
1.205049
1.083641
0.963489
1.072456
1.233846
1.217760
1.060680
0.903500
0.888424
1.115418
1.288473
1.274075
1.100348
0.885069
0.690672
0.584999
0.525627
0.452677
0.817669
1.138422
1.230046
1.137550
0.817924
0.749363
0.880924
1.034174
1.207485
1.368505
1.485497
1.471312
1.493963
1.629894
1.753206
1.763069
1.612161
1.418165
1.218302
1.032440
0.922014
1.066629
1.174167
1.177794
1.090952
0.982925
0.873885
0.743048
0.616423
0.631911
0.806062
0.970343
1.167306
1.377515
1.604121
1.870545
2.172117
2.406176
2.407436
2.165409
1.864512
1.561166
1.279138
1.026962
0.908770
0.827862
0.813967
1.036279
1.342186
1.504455
1.421828
1.696463
2.190591
2.858953
3.477182
3.461746
2.843824
2.343651
2.153789
1.846940
2.025489
2.447659
2.385576
1.812890
1.490703
1.200134
0.865094
0.705618
0.859657
0.908041
0.821667
0.683669
0.529687
0.597720
0.680686
0.648022
0.500928
0.334374
0.197637
0.097102
0.066215
0.058949
0.048119
0.039944
0.031040
0.011919
0.009951
0.021246
0.031165
0.028790
0.040981
0.070533
0.104957
0.132823
0.156682
0.162692
0.148182
0.121117
0.158557
0.213762
0.281118
0.348292
0.398639
0.407218
0.368112
0.301563
0.233423
0.173607
0.121306
0.124131
0.138713
0.134000
0.109585
0.081733
0.056847
0.034200
0.012510
0.001652
0.003312
0.003492
0.001149
0.000835
0.000000
0.001717
0.001851
0.000024
0.000042
0.000493
0.000074
0.000000
0.000424
0.005051
0.044757
0.143682
0.306173
0.540645
0.750434
0.695555
0.632894
0.582121
0.550834
0.533421
0.525699
0.525415
0.517825
0.482249
0.555025
0.775503
1.033781
1.364452
1.775936
2.271044
2.856983
3.524835
4.144584
4.612830
4.605002
4.088755
3.365347
2.679243
2.129833
1.778124
1.871129
1.972581
1.826952
1.568489
1.257537
0.959588
1.138942
1.420370
1.726708
2.038281
2.238076
2.194399
1.942642
1.610246
1.304472
1.091535
1.362737
1.554278
1.555334
1.360518
1.405214
1.576349
1.668821
1.563956
1.363623
1.302187
1.715536
2.109722
2.412628
3.015568
3.837416
4.412254
3.859450
3.063772
2.371655
2.047344
2.139818
2.050172
1.786814
1.512807
1.262642
1.043074
0.854255
0.690108
0.709409
0.840994
0.998298
1.173298
1.308201
1.340024
1.238899
1.059683
0.870282
0.689141
0.529415
0.401020
0.393749
0.401608
0.361861
0.366576
0.451842
0.495367
0.481090
0.591776
0.719261
0.847998
0.954031
0.995030
0.946154
0.823561
0.684224
0.550287
0.433099
0.339935
0.262582
0.196763
0.145149
0.178623
0.251109
0.250701
0.178237
0.183042
0.336075
0.548138
0.837029
1.214031
1.692264
2.330415
2.748534
2.897250
2.895497
2.726522
2.221835
1.462813
0.973308
0.647495
0.417226
0.334843
0.387104
0.364218
0.527052
0.666207
0.688583
0.582328
0.584527
0.530546
0.440306
0.333172
0.233897
0.198157
0.389884
0.661518
1.025565
1.225812
1.198264
0.905581
0.515755
0.268193
0.118849
0.038234
0.003197
0.000000
0.000000
0.000000
0.000000
0.000000
0.000000
0.000000
0.000000
0.000000
0.000000
0.000000
0.000000
0.000000
0.000000
0.000000
0.000000
0.000000
0.000000
0.000000
0.000000
0.000000
0.000000
0.000000
0.000000
0.000000
0.000000
0.000000
0.000000
0.000000
0.000000
0.000000
0.000000
0.000000
0.000000
0.000000
0.000000
0.000000
0.000000
0.000000
0.000000
0.000000
0.000000
0.000000
0.000000
0.000000
0.009115
0.050238
0.130030
0.254393
0.437463
0.684929
1.004657
1.411986
1.899455
2.446531
2.899740
2.904311
2.460235
1.926236
1.436372
1.035325
0.890202
1.178556
1.483959
1.670365
1.736829
1.522777
1.222060
0.898752
0.629622
0.420748
0.262168
0.144605
0.127646
0.181924
0.318098
0.586130
0.844408
0.829633
0.522851
0.252029
0.111971
0.031240
0.000702
0.000000
0.000000
0.000000
0.000000
0.000000
0.000000
0.000000
0.000000
0.000000
0.000000
0.000000
0.000000
0.000000
0.000000
0.005823
0.064312
0.106716
0.119962
0.124215
0.124974
0.121174
0.103178
0.048831
0.000027
0.000000
0.000000
0.000000
0.000000
0.000000
0.000000
0.000000
0.000000
0.000000
0.000000
0.000000
0.000000
0.000000
0.000000
0.000000
0.000000
0.000003
0.013342
0.048489
0.090853
0.103152
0.075714
0.035549
0.016870
0.023781
0.069987
0.143976
0.236412
0.333675
0.529761
0.812206
1.159317
1.605852
2.140411
2.694404
2.688513
2.159800
1.687164
1.289146
1.446861
1.849070
2.314101
2.845229
3.401128
3.805262
3.936284
3.659305
3.125694
2.611043
2.625254
3.250997
3.794321
4.015449
4.111082
4.478175
4.566934
3.982071
3.291299
2.610909
2.019483
1.535532
1.145752
0.822521
0.567180
0.387160
0.375149
0.446069
0.518706
0.482092
0.362656
0.231737
0.126262
0.056210
0.016217
0.000623
0.000000
0.000000
0.000000
0.000005
0.002800
0.010904
0.050574
0.160466
0.299089
0.348930
0.289279
0.238800
0.256340
0.267632
0.239387
0.259556
0.331699
0.411280
0.482465
0.510947
0.492187
0.499749
0.610116
0.738786
0.860703
0.920449
1.006733
1.130258
1.273931
1.435844
1.631515
1.855499
2.098075
2.276474
2.354410
2.284762
2.103487
1.890051
1.685310
1.495975
1.328076
1.454535
1.631415
1.823850
2.012861
2.194066
2.416288
2.655409
2.882029
3.051947
3.093518
3.032867
2.836389
2.600354
2.668983
3.202717
3.657897
3.659849
3.205838
2.646248
2.193038
1.959853
1.782927
1.619291
1.581847
1.603539
1.587893
1.491753
1.409513
1.225051
1.083454
1.220699
1.143677
0.901519
0.637419
0.423217
0.379884
0.503738
0.811029
1.185036
1.525007
1.538858
1.252748
1.423465
1.673892
1.937705
2.191241
2.358447
2.363113
2.204499
1.991249
1.725222
1.480759
1.304671
1.499694
1.665357
1.725988
1.962653
2.261635
2.498650
2.602960
2.425545
2.128276
1.829698
1.833167
1.809583
1.590867
1.317137
1.202578
1.217685
1.284530
1.239372
1.126255
1.085240
1.430876
1.838847
2.341861
2.933817
3.623623
4.400296
5.171214
5.750501
5.762979
5.212694
4.442248
3.680850
3.052186
2.486064
1.994447
1.571434
1.218070
1.159583
1.224235
1.434255
1.603703
1.709642
1.651130
1.557811
1.368906
1.125975
0.884643
0.680311
0.501425
0.368472
0.256305
0.292931
0.332722
0.358256
0.332989
0.285450
0.308865
0.328498
0.298743
0.316374
0.350242
0.369395
0.553007
0.767780
0.908107
1.017735
1.026313
0.938981
0.865328
0.764976
0.636606
0.581976
0.577575
0.523388
0.533220
0.580875
0.598713
0.578463
0.610315
0.652144
0.617956
0.661870
0.764873
0.855661
0.923063
0.908862
0.916095
0.979847
0.947522
0.871090
0.790715
0.703727
0.603800
0.517808
0.622573
0.741894
0.861672
0.959391
0.986884
0.955455
0.893596
0.964349
1.018803
1.156358
1.257384
1.375912
1.375594
1.290123
1.174942
1.048601
0.930595
0.825702
0.717503
0.611417
0.613592
0.576880
0.535439
0.538503
0.542936
0.570482
0.572593
0.570622
0.640079
0.690827
0.734585
0.715660
0.643785
0.554896
0.481189
0.460717
0.552597
0.667637
0.794152
0.928710
1.074824
1.236732
1.401340
1.552880
1.606793
1.529998
1.349865
1.164369
1.225542
1.143275
0.955622
0.788420
0.742519
0.929888
1.134174
1.315987
1.375556
1.316693
1.137154
1.001239
1.310548
1.635339
1.860226
2.143061
2.767129
3.407734
3.937756
3.950573
3.479776
2.859483
2.385849
2.558410
2.478910
2.153848
2.287383
2.677130
2.929768
2.820184
2.636486
2.276719
1.932845
1.600420
1.283291
1.098508
1.511142
1.961422
2.291620
2.382822
2.277571
2.442045
2.620997
2.665325
2.618356
2.535954
2.450896
2.283839
1.999117
1.534741
1.335952
1.252807
1.208244
1.154887
1.029545
0.755175
0.426501
0.207295
0.153315
0.209514
0.221180
0.173043
0.103311
0.049081
0.015667
0.006702
0.021453
0.057317
0.095569
0.102926
0.081784
0.045845
0.014309
0.001214
0.000000
0.000000
0.000000
0.000000
0.000000
0.000000
0.000000
0.000000
0.000000
0.000000
0.000000
0.000000
0.000000
0.000047
0.021013
0.045898
0.059603
0.063704
0.064255
0.063459
0.063224
0.062522
0.056299
0.035340
0.008833
0.059173
0.106416
0.111456
0.067311
0.013733
0.000000
0.000000
0.000000
0.000000
0.000000
0.000000
0.000000
0.000000
0.000000
0.000000
0.000000
0.000000
0.000000
0.000000
0.000000
0.000000
0.000000
0.000000
0.000000
0.000000
0.000000
0.000000
0.000000
0.000000
0.000000
0.013269
0.076307
0.155906
0.207183
0.221041
0.202717
0.150433
0.073700
0.017884
0.005089
0.019825
0.063456
0.080372
0.048288
0.009539
0.000000
0.000000
0.000000
0.000000
0.000000
0.000000
0.000000
0.000000
0.000000
0.020803
0.100949
0.255103
0.526244
0.860700
1.025985
1.068349
1.031905
0.854364
0.500581
0.454077
0.401218
0.254731
0.253453
0.434553
0.662772
0.891330
1.006658
0.946609
0.781191
0.615628
0.533424
0.812727
1.150680
1.388963
1.435292
1.212748
0.921516
0.636831
0.471943
0.492898
0.563581
0.531974
0.542446
0.795273
1.107267
1.406706
1.457189
1.267628
1.220562
1.186275
1.078004
1.058124
1.280889
1.414841
1.727244
2.093311
2.456364
2.609649
2.469558
2.144316
1.772694
1.440452
1.374145
1.611908
1.753316
1.713462
1.484018
1.317865
1.113564
0.891491
0.751948
0.773262
0.828796
0.884157
0.892672
0.858487
0.915271
0.991708
1.119022
1.262214
1.434806
1.634181
1.837566
2.044136
2.203385
2.222573
2.134231
2.240051
2.250855
2.178152
2.064131
2.042511
2.243510
2.432797
2.557207
2.592847
2.452791
2.233857
2.202804
2.231715
2.351201
2.647133
2.919957
3.140693
3.374188
3.567637
3.646960
3.466240
3.178387
2.843807
2.523681
2.216745
2.143039
2.370152
2.605953
2.705094
2.796858
2.934732
3.070588
3.052696
2.941631
2.717262
2.435419
2.138884
1.858108
1.600508
1.491943
1.428349
1.381967
1.606842
1.878955
2.183839
2.514812
2.869984
3.250808
3.653398
3.999506
4.159922
4.342411
4.819386
5.394148
6.027001
6.694001
7.263177
7.443806
7.188121
6.610474
6.048891
6.995340
8.401343
9.960846
11.558455
12.979707
13.773039
12.997361
11.533606
9.973397
8.486102
7.267940
7.190378
8.148746
9.130349
9.691665
9.640306
9.121788
8.274143
8.409430
8.606944
8.397201
7.742852
6.886455
6.093652
5.472804
4.792158
4.463411
4.114853
4.383023
4.460357
4.786943
5.048398
5.067421
4.831951
4.339210
3.816721
3.337316
2.908317
2.544573
2.403925
2.522169
2.481246
2.359051
2.180605
2.329084
2.372299
2.286497
2.174062
2.191978
2.140315
2.267317
2.493047
2.743381
2.972413
3.129721
3.095978
2.888114
2.624093
2.365693
2.114117
1.916512
2.064080
2.177732
2.334677
2.487057
2.507122
2.414165
2.282734
2.367095
2.589202
2.665636
2.623997
2.420245
2.181661
1.927365
1.672787
1.446990
1.332735
1.323212
1.193150
1.033923
0.909716
0.812591
0.935862
0.867657
0.827435
0.664922
0.548298
0.643385
0.685882
0.779225
1.021194
1.113947
1.113819
1.194894
1.319534
1.475068
1.703245
1.855853
1.987440
2.176005
2.346804
2.498343
2.700446
2.822782
2.886797
2.825852
2.637945
2.417178
2.201518
2.148985
2.242243
2.269066
2.261837
2.584631
2.825501
2.799984
2.669892
2.457940
2.781356
3.255507
3.667025
3.704030
3.836614
3.788669
3.519444
3.205155
2.967839
2.991709
4.000394
5.377882
6.064538
6.256075
6.242104
6.035304
5.384966
4.079178
3.088007
2.331653
1.766321
1.829454
1.770944
1.651621
1.565869
1.562216
1.473007
1.486452
1.685052
1.860957
1.978550
2.160141
2.369222
2.605073
2.837478
2.975164
2.955148
2.922413
2.966826
2.881346
2.776665
2.602169
2.438106
2.524101
2.798469
3.089034
3.394796
3.680914
3.830779
3.817339
3.831780
3.827762
3.746987
3.608329
3.489703
3.372689
3.389904
3.291518
3.026450
2.983498
3.238008
3.562439
3.927153
4.342072
4.748841
4.971740
4.934487
4.694996
4.917818
5.702779
6.562934
7.485301
8.335309
8.803583
8.709787
8.027594
7.119472
7.023434
8.114628
9.389071
10.794257
12.331732
13.942920
15.296185
16.265228
15.521068
13.998755
12.205850
10.460648
9.006238
10.095973
11.090278
12.039373
12.746897
12.356595
11.340564
10.054367
9.019656
8.992549
9.142752
9.973265
11.147603
11.712988
11.544459
11.112057
10.476154
9.739551
10.604249
11.723787
12.905951
13.584538
13.442677
12.720352
11.738995
10.855074
9.901440
9.054913
8.927962
8.393011
7.659922
6.963951
7.028401
7.580901
7.973288
7.956949
7.479995
6.883090
6.519366
6.102163
5.608937
5.199161
5.098834
5.498429
5.841965
6.016132
5.927824
5.650302
5.254793
4.878738
4.693620
5.101157
5.508867
5.911774
6.358399
6.848890
7.251578
7.459434
7.412666
7.095232
6.622988
6.141350
5.689490
5.848905
6.194482
6.546028
6.922143
7.270188
7.592804
7.932175
8.244354
8.392647
8.339726
8.038942
7.643956
7.541203
7.957740
8.413928
8.895049
9.396283
9.915485
10.470049
10.975356
11.295485
11.267612
10.829271
10.276535
10.151772
10.352707
10.303715
9.952603
9.456471
8.970922
8.519100
8.065648
7.615713
7.184217
6.888890
6.784918
6.842175
6.879409
6.938303
6.790162
7.000072
7.354674
7.306084
7.068150
6.969432
6.851542
6.636150
6.387636
6.105760
6.157010
6.460110
6.732712
6.826062
6.711869
6.216729
5.683828
5.109201
4.591279
4.101635
3.534135
3.364920
3.212425
3.093514
2.833811
2.596782
2.657982
2.581069
2.396359
2.233272
2.051955
1.884742
1.841969
1.951249
2.071737
2.252869
2.319908
2.539361
2.800824
3.161485
3.422144
3.875013
4.336594
4.856462
5.496380
6.193456
6.934593
7.746870
8.552862
9.152460
9.155418
8.588951
7.793566
6.979395
6.243131
5.547056
4.910630
4.537613
5.021749
5.454427
5.522064
5.272208
4.889865
4.470896
4.041569
3.795571
3.697354
3.775968
4.069591
4.256313
4.071575
3.684132
3.430331
3.742559
4.137000
4.526034
4.934151
5.271739
5.356876
5.156553
4.964405
4.686150
4.367828
3.951625
3.726824
3.424820
3.384546
3.884273
4.348191
4.598939
4.433785
3.986098
3.509712
3.125580
3.231395
3.105907
2.852591
2.613321
2.840177
3.081509
3.130987
2.956301
2.693880
2.368355
2.078160
1.807124
1.699270
1.986189
2.362428
2.785211
3.216028
3.522594
3.452375
3.089702
2.650337
2.231699
1.859968
1.783633
1.312472
1.088760
0.986438
1.015958
1.238774
1.469845
1.557068
1.423099
1.434499
1.542288
1.746945
1.956929
2.083348
2.273053
2.495106
2.598836
2.500196
1.826351
1.409425
1.168919
1.180441
1.236613
1.253242
1.227333
1.417083
1.693874
2.021053
2.374030
2.761743
3.184838
3.630403
4.055915
4.277451
4.234865
4.657764
5.168097
5.579017
5.368463
4.363094
3.834482
4.071780
4.660236
5.401126
6.237461
7.168687
8.195731
9.339349
10.547400
11.590552
12.185271
10.762706
9.382298
8.923599
7.722426
7.378794
7.967416
8.097653
7.443707
4.786889
3.443798
3.313228
2.932346
0.000000
0.000000
0.000000
0.000000
0.000000
0.000000
0.000000
0.000000
0.000000
