track	type=wiggle_0
fixedStep	chrom=chr	start=1	step=1
0.000000
0.000000
0.000000
0.000000
0.000000
0.000000
0.000000
0.000000
0.000000
0.000000
0.000000
0.008922
0.049548
0.364819
0.769818
0.994577
0.934519
0.697135
0.794175
1.007565
0.738490
0.428696
0.724407
1.152302
1.608177
2.158869
2.729718
3.342248
3.842597
3.870237
3.382917
2.778294
2.255142
2.188325
2.630727
2.995010
3.159158
3.006622
2.588738
2.130985
1.717592
1.361682
1.057026
0.799700
0.590384
0.600355
0.624822
0.514441
0.596878
0.849258
1.271624
1.610632
1.709465
1.721579
1.680431
1.489909
0.966559
0.531713
0.263867
0.105266
0.023336
0.000000
0.002936
0.010586
0.012579
0.004746
0.000000
0.000000
0.000717
0.001740
0.003657
0.013138
0.022531
0.078714
0.178143
0.215074
0.377162
0.664016
0.975862
1.155129
1.319837
1.496089
1.652853
1.723421
1.678225
1.769667
1.781691
1.686124
1.506677
1.319400
1.335172
1.397661
1.349742
1.207733
1.155148
1.273581
1.290522
1.212395
1.080724
1.032561
1.072847
1.047114
1.146264
1.152819
1.067060
0.914785
1.034173
1.262560
2.066677
2.469952
2.579639
2.579640
2.868072
3.211873
3.356269
3.217893
2.879070
2.534262
2.199244
2.657594
3.222524
3.858761
4.388139
4.384881
3.831053
3.122353
2.486953
1.918234
1.440463
1.048859
0.733938
0.644363
0.575451
0.662042
0.802537
0.951290
1.085896
1.154912
1.084638
0.947369
0.799949
0.666728
0.560704
0.479997
0.417713
0.445274
0.429264
0.367205
0.289138
0.217948
0.161964
0.120917
0.095111
0.096645
0.075139
0.151193
0.363229
0.745441
1.230642
1.376191
1.279757
0.862652
0.517198
0.273516
0.112861
0.079756
0.101798
0.098029
0.068602
0.037508
0.019708
0.009405
0.018941
0.047665
0.064479
0.048998
0.021255
0.026644
0.033206
0.018907
0.033597
0.107770
0.184350
0.211100
0.216957
0.271401
0.373699
0.416961
0.420629
0.296038
0.148291
0.047376
0.003401
0.008954
0.017772
0.029292
0.035382
0.029490
0.014527
0.004361
0.000089
0.000000
0.000000
0.000000
0.000000
0.000000
0.000000
0.000000
0.000000
0.000000
0.004309
0.088614
0.161053
0.192432
0.212884
0.217417
0.218654
0.215244
0.199265
0.145854
0.038634
0.000176
0.000000
0.000000
0.000000
0.000000
0.000000
0.000000
0.000000
0.000000
0.000000
0.000000
0.000000
0.000000
0.000000
0.000000
0.000000
0.000000
0.000000
0.000000
0.000000
0.000000
0.000000
0.000000
0.000000
0.000000
0.000000
0.000000
0.000000
0.000000
0.002338
0.040541
0.074778
0.087854
0.074778
0.039594
0.001262
0.000000
0.000000
0.000000
0.000000
0.000000
0.000000
0.000000
0.000000
0.000000
0.007252
0.040170
0.101827
0.195553
0.322578
0.475568
0.612794
0.730501
0.919713
1.190125
1.537335
1.925780
2.277058
2.350346
2.499321
2.428901
2.048357
1.629566
1.501235
1.808803
2.125480
2.284715
2.287816
2.370227
2.266013
1.949820
1.612836
1.283620
0.998173
0.757853
0.603256
0.719693
0.727430
0.735940
0.720400
0.617638
0.870585
1.205006
1.617656
2.058947
2.446461
2.452017
2.488994
2.463884
2.213590
1.598809
1.018209
0.923386
1.103994
1.094986
0.905841
0.670756
0.467757
0.329053
0.261837
0.166928
0.094885
0.151137
0.219333
0.241378
0.217171
0.238047
0.404876
0.520781
0.562193
0.562193
0.520428
0.406776
0.235052
0.167127
0.111011
0.069031
0.037648
0.014779
0.002354
0.000000
0.000000
0.000000
0.000000
0.000000
0.000000
0.000000
0.000000
0.000000
0.000000
0.000000
0.000000
0.000000
0.000000
0.000000
0.000000
0.000000
0.000000
0.000000
0.000000
0.000176
0.005490
0.018821
0.039495
0.059944
0.071642
0.060851
0.041896
0.065942
0.097990
0.135722
0.155911
0.163741
0.200399
0.270997
0.329056
0.329988
0.274422
0.231726
0.195985
0.124279
0.058263
0.039224
0.023844
0.009609
0.002019
0.000000
0.000000
0.000000
0.000000
0.000000
0.000361
0.046104
0.085843
0.098058
0.100773
0.100773
0.100773
0.100638
0.097465
0.083809
0.042998
0.001643
0.000126
0.000000
0.001289
0.005899
0.013981
0.015818
0.007690
0.001188
0.003582
0.006252
0.008167
0.004185
0.005638
0.019647
0.043998
0.078851
0.113063
0.128866
0.123085
0.163685
0.189975
0.175690
0.138762
0.105289
0.084525
0.114259
0.146716
0.150049
0.123515
0.099951
0.091188
0.079475
0.074050
0.064166
0.059511
0.064932
0.152912
0.285348
0.467352
0.705922
1.007220
1.381182
1.832977
2.376094
3.119451
3.659935
4.135847
4.098268
3.758391
4.455619
5.247317
6.131545
7.046750
7.701299
8.102950
8.033036
7.376404
6.541103
5.655309
5.766866
6.510344
7.330715
8.210832
9.092326
9.942639
10.425388
10.522907
10.425388
9.934696
8.523476
6.483442
5.787935
5.135902
5.404175
5.841697
6.237380
6.653900
6.966565
6.945065
6.583484
6.014108
5.443324
4.891798
4.382116
3.912633
3.854405
4.133381
4.241577
4.045060
3.760371
3.639110
3.791790
3.982451
4.019546
4.160047
4.305976
4.365731
4.233190
4.015238
3.691149
3.516695
3.831902
4.166282
4.518972
4.895993
5.286606
5.664479
5.964817
6.109088
5.947872
5.636870
5.363407
5.320094
5.082013
4.744185
4.377433
4.024378
3.686209
3.426781
3.403728
3.206263
2.922214
2.789304
2.803194
2.674654
2.430247
2.384109
2.554784
2.577338
2.891597
3.109704
2.935669
2.431287
1.949131
1.668924
1.660070
1.900972
1.929299
1.768893
1.720879
1.852011
1.966521
2.319811
3.063342
4.080812
5.490542
6.132400
6.305938
6.305941
6.158206
5.622669
5.584053
5.379672
4.918732
4.361604
3.825199
3.340134
2.898893
2.501722
2.212990
2.701213
3.262734
3.881290
4.445936
5.048676
5.470744
6.236244
7.169481
8.018032
8.397995
8.023579
7.180606
6.204481
5.287823
4.477455
3.764673
3.148539
2.646327
2.187709
1.845430
1.477973
1.116978
0.876156
0.656468
0.470021
0.318112
0.201828
0.185553
0.253026
0.336299
0.420044
0.484750
0.535920
0.563111
0.532681
0.452473
0.391814
0.451737
0.488371
0.595237
0.713373
0.843390
0.978075
1.077307
1.085340
0.994192
0.864650
0.736858
0.618117
0.513937
0.428381
0.534606
0.661980
0.558356
0.365098
0.423666
0.514234
0.602444
0.651194
0.613330
0.532195
0.441682
0.453042
0.476326
0.468439
0.549250
0.634159
0.711097
0.757097
0.739261
0.661742
0.571656
0.493214
0.423761
0.476369
0.669954
0.916496
1.160516
1.366773
1.731460
2.146493
2.372157
2.149340
1.715222
1.293476
0.937631
0.803620
0.792668
0.711253
0.617202
0.573103
0.741585
0.865831
1.019834
1.013890
0.877057
0.737655
0.710301
0.913888
1.070229
1.058303
0.900922
0.709292
0.538513
0.445903
0.398827
0.403133
0.754445
1.057690
1.144638
1.057160
0.756696
0.576444
0.688069
0.821203
0.980272
1.130459
1.249607
1.252965
1.298009
1.425989
1.536720
1.544162
1.402231
1.225029
1.042076
0.872374
0.762695
0.892582
0.989187
0.991573
0.912681
0.813940
0.716819
0.600041
0.505148
0.526644
0.684073
0.834633
1.017458
1.213592
1.426990
1.671663
1.948024
2.158658
2.141701
1.905494
1.623755
1.341069
1.081561
0.851015
0.778502
0.701871
0.681777
0.924655
1.217903
1.380474
1.305197
1.582108
2.070242
2.716723
3.318801
3.302469
2.698814
2.213546
2.024279
1.729380
1.913015
2.328303
2.268078
1.703984
1.390748
1.115203
1.026432
1.112862
1.152931
1.104555
1.008786
0.907991
0.809762
0.911569
0.966731
1.009045
0.983750
0.899406
0.794283
0.693978
0.672062
0.743672
0.783784
0.766975
0.680213
0.582947
0.626915
0.740369
0.870100
1.013153
1.169261
1.330553
1.496259
1.652358
1.760040
1.787426
1.699939
1.549918
1.409521
1.306797
1.238319
1.343235
1.415427
1.404652
1.311320
1.177661
1.031932
0.898392
1.148338
1.358128
1.555616
1.660361
1.755097
1.770971
1.711062
1.598462
1.489116
1.528725
1.622651
1.668614
1.590039
1.436658
1.253502
1.170988
1.081315
1.166502
1.248798
1.462142
1.678111
1.827102
1.841627
1.712988
1.511851
1.318408
1.155607
1.179129
1.340970
1.427572
1.443851
1.391368
1.248202
1.134099
1.090428
0.996947
0.874604
0.736939
0.603778
0.616455
0.720686
0.852840
0.991396
1.186069
1.544087
1.990341
2.451299
2.788818
2.777128
2.531614
2.179630
1.735726
1.358444
1.306209
1.316379
1.418948
1.471446
1.473009
1.480850
1.532826
1.629114
1.772249
1.906709
1.969126
1.922543
1.789620
1.610975
1.425253
1.249305
1.131279
1.007168
0.886676
0.776700
0.894335
1.089560
1.303489
1.509062
1.609008
1.549019
1.484163
1.476889
1.487098
1.536080
2.040138
2.691927
3.142889
2.703876
2.073208
1.536382
1.098821
0.928624
0.950164
1.182298
1.376993
1.517062
1.658117
1.681280
1.826582
2.048574
2.019098
1.744181
1.418847
1.106487
0.842224
0.671609
0.606197
0.799648
1.078224
1.451543
1.919948
2.399466
2.672763
2.453352
1.995215
1.537559
1.112487
0.769312
0.517136
0.403742
0.384410
0.401693
0.356046
0.290802
0.386506
0.547884
0.658353
0.663573
0.560409
0.404837
0.267537
0.176570
0.215768
0.194455
0.191400
0.221523
0.305883
0.321298
0.486687
0.755592
1.116216
1.580044
2.200232
2.604301
2.756952
2.759054
2.608143
2.162486
1.495169
1.135212
1.254888
1.126764
0.846915
0.593277
0.441606
0.478869
0.597172
0.620126
0.673524
0.677319
0.617258
0.532438
0.450140
0.373097
0.273529
0.360323
0.621437
0.972995
1.164169
1.137970
0.858632
0.524016
0.508373
0.404107
0.293854
0.194734
0.119411
0.077997
0.140193
0.248552
0.395189
0.569233
0.725597
0.807748
0.707300
0.536362
0.363495
0.251107
0.429294
0.672867
0.957971
1.194368
1.296717
1.121730
0.824485
0.549599
0.339557
0.245181
0.295843
0.311732
0.308281
0.278503
0.351725
0.407200
0.374701
0.291942
0.203700
0.128535
0.141030
0.211981
0.271871
0.258574
0.188344
0.113894
0.056698
0.020128
0.015885
0.044349
0.059726
0.037250
0.008022
0.007964
0.044770
0.118829
0.234436
0.410886
0.653017
0.966525
1.366098
1.846143
2.386336
2.834496
2.838673
2.405339
1.917361
1.571341
1.206693
0.964887
0.751058
0.531002
0.403645
0.261307
0.175830
0.103747
0.041461
0.005108
0.000000
0.000000
0.000000
0.000042
0.019022
0.038730
0.014665
0.000000
0.000000
0.000000
0.000000
0.000000
0.000000
0.000000
0.000000
0.000000
0.000000
0.000000
0.000000
0.000000
0.000000
0.000000
0.000000
0.000000
0.000000
0.000000
0.000000
0.000000
0.004621
0.059884
0.101291
0.114587
0.118001
0.118513
0.115551
0.100713
0.054641
0.001384
0.000000
0.000000
0.000000
0.000000
0.000000
0.000000
0.000000
0.000000
0.000000
0.000000
0.000000
0.000000
0.000000
0.000000
0.000000
0.000000
0.000000
0.000000
0.000000
0.000000
0.000000
0.000000
0.000000
0.000000
0.000000
0.000000
0.000000
0.000000
0.011865
0.067277
0.170569
0.321152
0.513786
0.788477
1.121157
1.404485
1.415817
1.146724
0.856569
0.858178
0.783921
0.674338
0.736613
1.020716
1.333994
1.693406
2.087514
2.497490
2.674008
2.525771
2.580311
3.017036
3.159540
3.349492
3.972633
4.436803
3.685697
2.825196
2.140167
1.591079
1.148913
0.805778
0.555356
0.369575
0.207834
0.093240
0.144440
0.269450
0.303796
0.236326
0.217563
0.225075
0.269131
0.318356
0.330148
0.322248
0.302893
0.275449
0.326758
0.386798
0.454485
0.537877
0.629980
0.729370
0.842426
0.966617
1.097609
1.229085
1.356394
1.471120
1.538787
1.499367
1.436949
1.590222
1.771869
1.984281
2.217927
2.470884
2.751149
3.041909
3.318763
3.574521
3.828977
4.097931
4.391168
4.746882
5.155536
5.541268
5.751800
5.654430
5.363055
5.020813
4.693589
4.428428
4.469332
4.410567
4.213310
3.958168
3.721150
3.523591
3.439427
3.640037
3.927283
4.168202
4.264999
4.171262
3.993265
3.746230
3.589754
3.776639
4.028215
4.303204
4.539404
4.628517
4.548174
4.285293
3.995322
3.804969
3.880230
3.861273
3.927858
3.932528
3.791792
3.613845
3.745195
4.177312
4.537676
4.723422
4.587619
4.078522
4.135868
4.471625
4.872596
5.325589
5.798470
6.231215
6.624965
7.219145
7.851145
8.450762
9.066116
9.695493
10.166636
10.249252
9.958488
9.423760
8.758415
8.417839
8.154538
8.538813
8.673121
8.322144
7.848382
8.054302
8.622631
9.216678
9.826747
10.337678
10.926034
11.671739
11.662107
10.869411
9.882068
9.505225
9.726293
9.466037
8.998976
8.426117
8.838563
9.551125
10.320332
11.038019
11.811709
12.362864
12.520136
12.168028
11.499593
10.750059
10.218529
10.135033
9.880783
9.359109
8.785130
8.195168
7.615506
7.058646
6.526676
5.997529
5.680014
6.016957
5.924629
5.651407
5.307716
4.885242
4.895179
5.031341
4.925962
4.639036
4.455851
4.710617
5.080476
5.421019
5.531653
5.391289
5.085807
5.007324
5.105348
6.119605
6.998596
7.377466
6.847730
5.902532
4.915877
4.030262
3.378758
3.399927
3.282575
3.401596
3.265091
3.273603
3.463551
3.577549
3.529121
3.376230
3.346532
3.928308
4.659757
5.085200
5.455388
5.580921
5.764169
5.710570
5.577178
5.216073
5.378453
5.700460
5.993443
6.189204
6.216462
6.135987
5.992957
5.908305
5.830761
5.641356
5.360462
5.074723
4.978665
5.111005
5.139606
5.062020
4.850974
4.472062
4.060876
3.732029
3.556416
3.410562
3.468520
3.595999
3.685488
3.811270
3.821878
3.670300
3.426254
3.162097
2.945415
2.710661
2.496768
2.667187
2.907596
3.134976
3.358667
3.509411
3.496399
3.418114
3.226947
3.002242
2.783953
2.589508
2.424109
2.290837
2.130810
1.942557
1.745690
1.772860
1.897343
2.023684
2.194464
2.388387
2.597991
2.770071
2.837255
2.811614
2.641831
2.430016
2.197366
1.973993
1.943182
2.131510
2.351094
2.587127
2.781902
3.039739
3.380449
3.690686
4.082675
4.557738
5.058337
5.513786
5.760926
5.634270
5.202647
4.720223
4.247918
3.782886
3.342235
2.933327
2.556749
2.222928
2.559097
2.804578
2.697276
2.510434
2.136161
1.804715
1.476354
1.400309
1.700359
2.004548
2.134327
2.180014
2.248570
2.136266
2.309931
2.496444
2.545520
2.507164
2.430006
2.345995
2.185802
2.187270
2.272364
2.135693
2.090150
2.352145
2.313608
1.963128
1.609433
1.946763
2.333726
2.743377
3.037438
3.056097
2.810898
2.444049
2.085251
1.760477
1.486510
1.266416
1.060499
0.889025
0.737048
0.578930
0.428246
0.303315
0.213755
0.243392
0.234680
0.186466
0.130003
0.079692
0.041380
0.024553
0.034296
0.042211
0.038478
0.078393
0.130059
0.188171
0.236473
0.267453
0.260956
0.227869
0.209442
0.178764
0.140466
0.107596
0.069857
0.057749
0.037024
0.010655
0.062850
0.110546
0.115648
0.071418
0.038186
0.049895
0.070406
0.096094
0.129786
0.174696
0.226266
0.279403
0.340129
0.409665
0.470750
0.511335
0.565154
0.564744
0.507276
0.413775
0.317388
0.232184
0.161233
0.106198
0.062847
0.030669
0.010601
0.001471
0.001417
0.009468
0.017956
0.071221
0.140840
0.175301
0.181640
0.172459
0.136667
0.071307
0.020091
0.022854
0.069841
0.099942
0.102232
0.060260
0.098387
0.121201
0.136461
0.138304
0.138102
0.136488
0.135315
0.133542
0.122964
0.090236
0.096495
0.121073
0.103127
0.063836
0.026784
0.005425
0.014031
0.048159
0.105464
0.183345
0.285146
0.402618
0.513384
0.551739
0.512749
0.657293
0.899461
1.072782
1.074288
1.257149
1.435543
1.442578
1.255623
1.003461
0.771198
0.580277
0.431984
0.416956
0.654907
0.926785
1.162777
1.295030
1.212849
1.064546
0.862827
1.104359
1.385194
1.432745
1.196040
1.072592
0.894553
0.934441
1.057002
1.278765
1.400431
1.284501
0.956612
1.021922
1.105069
1.028433
0.816295
0.595428
0.420069
0.404655
0.553975
0.732459
1.106553
1.297988
1.295070
1.334632
1.279707
1.112128
1.039012
1.295285
1.590433
1.891310
2.152969
2.262973
2.124024
1.847678
1.537863
1.262439
1.066280
0.866177
0.687504
0.788526
0.838984
0.794767
0.782348
0.785044
0.851394
1.001755
1.161659
1.327039
1.484306
1.637934
1.708225
1.778756
1.889512
2.062310
2.219841
2.223678
2.063196
1.958690
1.996155
1.984447
1.840534
1.747784
1.632726
1.457016
1.364504
1.443726
1.443757
1.332854
1.264001
1.398247
1.465578
1.428362
1.304582
1.312415
1.278976
1.162672
1.033214
0.887193
0.743551
0.604849
0.480025
0.481705
0.620386
0.834721
1.107281
1.426788
1.769709
2.044417
2.127000
2.194004
2.393996
2.342366
2.143146
2.214053
2.680799
3.214258
3.840051
4.579635
5.348810
6.015426
6.613822
6.880735
7.227227
8.203378
9.563136
11.047419
12.344832
13.053453
12.207783
10.824464
9.309110
7.887738
6.641117
5.806470
6.538159
7.320673
7.951679
7.980754
7.441098
6.736531
7.123967
7.436472
7.285686
6.889622
6.193097
5.605983
5.070128
4.482983
3.891087
3.330023
2.819862
2.766810
3.184503
3.304035
2.937229
2.447092
1.950860
1.832553
2.034585
2.224521
2.296228
2.236101
2.046175
1.818129
1.591210
1.467283
1.641809
1.763673
1.923507
1.921384
1.777997
1.579592
1.459594
1.398688
1.256595
1.189178
1.063129
0.954297
0.896823
0.833254
0.848920
0.981150
1.086064
1.090612
1.002758
0.843492
0.683997
0.554764
0.585360
0.684155
0.819355
0.966119
1.080482
1.088125
0.990630
0.852759
0.716016
0.589258
0.651340
0.909253
1.056902
1.088081
0.982787
0.890538
0.817732
0.957689
1.073299
1.125107
1.030289
0.791661
0.584214
0.393409
0.228192
0.168791
0.285617
0.434065
0.605364
0.771845
0.855855
0.774137
0.610325
0.574727
0.560681
0.554263
0.641064
0.767607
0.898681
0.992148
1.009374
1.162702
1.482898
1.606045
1.474780
1.177922
1.003907
1.063963
1.103509
1.151467
0.988851
0.763548
0.568751
0.546552
0.472135
0.340582
0.233114
0.167265
0.198485
0.259204
0.320835
0.349149
0.361980
0.386621
0.341445
0.357533
0.389814
0.433921
0.489337
0.505146
0.477913
0.668630
1.011714
1.192463
1.276589
1.310169
1.320352
1.284409
1.125744
0.803601
0.621907
0.748609
0.896288
1.056969
1.174257
1.221068
1.196484
1.350961
1.527744
1.730254
1.951710
2.160339
2.344628
2.421468
2.348179
2.189780
2.204724
2.184801
2.222034
2.380774
2.417979
2.352963
2.368799
2.629456
2.886448
3.113406
3.181160
3.115907
2.967756
3.027801
2.960084
3.014218
3.096725
3.044927
2.903951
2.682993
2.410432
2.159299
2.004936
2.168304
2.554173
3.062950
3.638072
4.281840
4.996255
5.758374
6.418239
6.774520
6.579985
5.921057
5.144622
4.776878
5.456262
6.244956
7.329522
8.522363
9.784845
10.817996
11.149418
10.711661
9.612658
8.269321
7.813210
8.949219
10.188025
11.466286
12.564880
13.766646
14.681942
14.559951
13.511880
12.199127
11.048826
11.532559
12.634635
13.795176
14.802444
15.088620
14.573353
13.485238
12.300049
11.354847
10.464727
10.495936
10.820448
10.652382
10.047347
9.159941
8.269686
7.484020
6.995640
6.585282
5.983463
5.643655
5.447986
5.922138
6.341308
6.457721
6.260604
5.848132
5.320494
4.829071
4.355109
3.897671
3.485096
3.164868
3.291859
3.323225
3.248796
3.196902
3.317163
3.569861
3.758099
3.707439
3.469828
3.414508
3.486446
3.498219
3.650958
3.940871
4.230532
4.499746
4.780848
5.101206
5.648472
6.356615
6.836401
7.248308
7.644052
8.046245
8.424676
8.807898
9.224967
9.594963
9.778699
9.698560
9.366735
8.934028
8.597376
9.036402
9.510293
10.012701
10.548469
11.114182
11.694287
12.219651
12.549995
12.531453
12.087304
11.545347
11.415127
11.666280
11.598359
11.217023
10.677431
10.146126
9.651964
9.166682
8.698483
8.251256
7.846110
7.801540
7.861462
7.695010
7.306839
7.135080
7.980473
8.287673
8.046488
7.264423
6.425992
6.088001
5.901850
5.943587
6.106686
6.252530
6.401175
6.502959
6.453585
6.299454
5.784975
5.244107
4.690808
4.226594
3.884058
3.533747
3.115237
2.865591
2.616406
2.576488
2.654763
2.721996
2.815593
2.959821
3.361741
3.897572
4.407651
4.806186
5.391388
5.907245
6.171445
5.831770
5.211807
4.472242
4.249076
4.987721
5.876589
6.913356
8.082348
9.278109
10.112837
10.087235
9.210997
8.003501
6.828129
5.789989
4.910138
4.742111
5.274303
5.348159
4.952707
4.481243
3.950873
3.600974
3.308578
3.327333
3.609146
3.635308
3.872996
4.041692
4.149816
4.276403
4.208650
3.919790
3.581273
3.277632
3.461779
3.811758
4.227970
4.710934
5.229959
5.703250
5.958383
5.920274
5.580533
5.127528
4.610315
4.191465
4.321519
4.166144
3.874463
3.831497
3.635089
3.353406
3.189317
3.125481
2.921662
3.173801
3.449358
3.624446
3.620500
3.510674
3.556490
3.854848
3.959044
3.765723
3.373099
2.962639
2.568990
2.579390
2.598989
2.496481
2.320045
2.495667
2.770974
3.063091
3.304054
3.390012
3.289304
3.273330
3.463294
3.478351
3.333135
3.068937
2.816735
2.809315
2.711515
2.512224
2.432122
2.487922
2.629930
2.875916
2.967756
2.486055
1.794877
1.813282
1.695269
1.511395
1.322699
1.210521
1.351524
1.466146
1.463925
1.430768
1.585825
1.815204
2.082522
2.374185
2.684623
3.004084
3.274263
3.373128
3.367562
3.097886
2.986378
2.551306
2.271080
2.161358
2.344473
2.629514
2.974086
3.360005
3.787783
4.266496
4.789775
5.344130
5.936186
6.573004
7.233611
7.875483
8.296427
7.824754
6.642608
6.033634
6.249186
6.825025
7.563942
8.425752
9.367769
10.346434
11.418533
12.530875
13.469816
13.485238
10.368872
7.501958
6.468002
6.106368
6.617998
7.315548
7.570788
6.207770
5.706281
4.900111
4.540679
4.673435
3.548216
2.176826
2.140996
2.579418
3.165399
3.579717
3.208327
3.094123
3.554721
4.120595
4.343814
0.000000
0.000000
0.000000
0.000000
0.000000
0.000000
0.000000
0.000000
0.000000
