track	type=wiggle_0
fixedStep	chrom=chr	start=1	step=1
0.000000
0.000000
0.000000
0.000000
0.000000
0.000000
0.000000
0.000000
0.000000
0.000000
0.000000
0.000000
0.003441
0.035025
0.127047
0.291183
0.351459
0.285928
0.185206
0.104217
0.046941
0.112951
0.238607
0.414815
0.607040
0.859385
1.091230
1.197001
1.040981
0.784571
0.891227
1.043738
1.097255
1.142880
1.177617
1.448465
1.840892
2.310976
2.869953
3.485394
3.969862
3.964585
3.476991
2.891795
2.365646
2.387628
2.814598
3.119088
3.309393
3.148832
2.765485
2.303722
1.875089
1.510149
1.198398
0.925532
0.699715
0.532098
0.564437
0.619393
0.563685
0.588103
0.986746
1.487206
1.666997
1.705042
1.666234
1.481977
0.966462
0.537923
0.271902
0.115767
0.067491
0.061297
0.078757
0.106853
0.108209
0.128730
0.208099
0.235044
0.208058
0.176512
0.191093
0.347282
0.523251
0.668429
0.808894
0.926090
0.992315
1.073279
1.223008
1.403558
1.605370
1.809732
1.982479
2.057851
2.011013
2.116390
2.124597
2.012794
1.825210
1.622600
1.427908
1.244347
1.119867
1.035061
0.946653
0.946905
1.088930
1.178831
1.177167
1.254905
1.298887
1.270901
1.383312
1.394680
1.350553
1.517519
1.679946
1.819457
2.056868
2.457514
2.566426
2.791356
3.197628
3.566412
3.718651
3.572802
3.209371
2.839148
2.488260
2.752754
3.314104
3.939873
4.455621
4.452388
3.911835
3.212441
2.579438
2.009502
1.531925
1.135024
1.078259
1.251768
1.441150
1.649295
1.872320
2.102394
2.299986
2.404584
2.298156
2.096348
1.866613
1.643940
1.436801
1.259876
1.223769
1.270605
1.242524
1.136209
0.993598
0.853534
0.724478
0.603440
0.495494
0.406047
0.342831
0.235012
0.367969
0.745690
1.226467
1.371604
1.275547
0.863016
0.523112
0.284140
0.123328
0.078827
0.100462
0.096830
0.089667
0.158880
0.284675
0.431908
0.565690
0.600673
0.559681
0.595973
0.622066
0.726299
0.758154
0.676784
0.920595
1.216697
1.395405
1.303686
1.076157
0.810746
0.584355
0.447507
0.410888
0.286841
0.144582
0.046968
0.019616
0.048002
0.074674
0.098332
0.096059
0.067989
0.039784
0.013399
0.000281
0.000000
0.000000
0.000000
0.000000
0.000000
0.000000
0.000000
0.000000
0.000000
0.004603
0.088025
0.160043
0.191283
0.211679
0.216211
0.217464
0.214063
0.198110
0.144826
0.039344
0.000411
0.000000
0.000000
0.000000
0.000000
0.000000
0.000000
0.000000
0.000000
0.000000
0.000000
0.000000
0.000000
0.000000
0.000000
0.000000
0.000000
0.000000
0.000000
0.000000
0.000000
0.000000
0.000000
0.000000
0.000000
0.000000
0.000000
0.000000
0.000000
0.000000
0.000000
0.000000
0.000000
0.000000
0.000000
0.000000
0.000000
0.000000
0.000000
0.000000
0.000000
0.000000
0.000000
0.006908
0.036833
0.092340
0.174623
0.276649
0.373544
0.434874
0.411012
0.535007
0.733742
0.991802
1.305820
1.670550
2.070911
2.429071
2.494936
2.639393
2.566682
2.176811
1.749517
1.698962
2.025828
2.355640
2.512783
2.504307
2.589757
2.478789
2.143314
1.790259
1.447091
1.147774
0.891931
0.749026
0.877100
0.885708
0.889321
0.872003
0.747659
0.952042
1.286912
1.700571
2.149265
2.536861
2.542454
2.500686
2.477641
2.226877
1.609059
1.039561
1.036008
1.218365
1.208271
1.015606
0.769377
0.548040
0.379404
0.306463
0.201103
0.109640
0.045523
0.053946
0.093047
0.143616
0.204607
0.408474
0.523621
0.564475
0.564475
0.523226
0.410225
0.208344
0.146618
0.096491
0.060190
0.032910
0.012343
0.001591
0.000000
0.000000
0.000000
0.000000
0.000000
0.000000
0.000000
0.000000
0.000000
0.000000
0.000000
0.000000
0.000000
0.000000
0.000000
0.000000
0.000000
0.000000
0.000000
0.000000
0.000000
0.000000
0.000000
0.000000
0.000000
0.000000
0.000000
0.000000
0.000841
0.017863
0.029939
0.067924
0.120751
0.135303
0.136658
0.135315
0.130769
0.114034
0.062619
0.004274
0.000000
0.000000
0.000000
0.000000
0.000000
0.000000
0.000000
0.000000
0.000000
0.000000
0.000000
0.000484
0.047199
0.087118
0.099350
0.102065
0.102065
0.102065
0.101929
0.098753
0.085068
0.044055
0.000087
0.000000
0.000000
0.000000
0.000000
0.000000
0.000000
0.000000
0.000000
0.000000
0.000000
0.000000
0.000000
0.000000
0.000000
0.000000
0.000000
0.000000
0.000000
0.000000
0.000000
0.000000
0.000000
0.000000
0.000000
0.000000
0.000152
0.026186
0.087096
0.128436
0.116723
0.053843
0.010892
0.000458
0.003372
0.033118
0.088316
0.162389
0.293117
0.493724
0.762768
1.111031
1.548438
2.087676
2.746629
3.657440
4.164350
3.682379
2.831138
2.164849
1.624413
1.604838
1.887438
2.174431
2.433491
2.479378
2.219691
1.795293
1.386028
1.044538
0.900310
1.149930
1.439795
1.766077
2.098327
2.320236
2.312204
2.080357
1.771699
1.537478
1.456863
1.180948
0.917463
1.014520
1.221984
1.396303
1.590828
1.759090
1.903207
1.897210
1.724597
1.480051
1.237234
1.013230
0.815702
0.732187
0.877040
0.989540
1.037430
0.963078
0.838207
0.815667
0.947087
1.036324
1.060461
1.148666
1.228449
1.217450
1.137297
1.034802
0.996935
1.153633
1.320558
1.504164
1.702779
1.915717
2.142391
2.366753
2.556746
2.630481
2.617840
2.346745
2.110120
2.078522
1.958269
1.771371
1.566965
1.666568
1.812223
1.820063
1.695199
1.511371
1.566543
1.719984
1.810261
1.726985
1.566182
1.711124
1.953069
2.481255
3.003374
3.214733
3.048367
2.532520
2.054658
1.795067
1.868964
2.044801
2.078950
2.052608
1.995801
2.133350
2.252205
2.373866
3.107101
4.111681
5.504201
6.146029
6.319465
6.319465
6.171791
5.791731
6.029112
5.816080
5.333037
4.757576
4.204336
3.696049
3.235558
2.818898
2.438615
2.921071
3.494858
4.120535
4.691165
5.309942
5.722685
6.487724
7.427870
8.294188
8.660469
8.300168
7.439709
6.455369
5.534772
4.722173
3.999238
3.374159
2.865527
2.391592
1.956735
1.576378
1.247771
0.969712
0.733532
0.537915
0.382258
0.315883
0.324295
0.376958
0.475818
0.574093
0.646992
0.709712
0.739787
0.706463
0.617589
0.612440
0.689897
0.701194
0.829544
0.995030
1.174139
1.342840
1.453847
1.468202
1.377316
1.239130
1.094263
0.944961
0.809028
0.706524
0.858706
1.013291
0.876562
0.616664
0.635282
0.738364
0.840203
0.898086
0.859983
0.771987
0.684435
0.772655
0.807785
0.793322
0.885607
0.928261
0.903917
0.915695
0.955749
0.942537
0.866628
0.776521
0.693399
0.607128
0.789514
1.068966
1.332934
1.547425
1.934178
2.372206
2.597519
2.375149
1.925591
1.479098
1.100488
0.876251
0.816366
0.717737
0.625803
0.736840
0.923309
1.072263
1.233732
1.217040
1.059018
0.898625
0.876502
1.101227
1.274372
1.261606
1.090716
0.879018
0.685038
0.583390
0.528752
0.453305
0.814144
1.132517
1.223097
1.134462
0.819678
0.783862
0.913230
1.067121
1.246240
1.417568
1.553721
1.558500
1.583440
1.725680
1.850565
1.854756
1.698566
1.501555
1.295910
1.104643
0.999599
1.150038
1.260207
1.261310
1.173828
1.063266
0.949981
0.814158
0.682062
0.678738
0.859738
1.029505
1.232820
1.451110
1.685477
1.953841
2.259104
2.495879
2.497699
2.251996
1.944131
1.632025
1.341803
1.082400
0.953333
0.870662
0.856001
1.068776
1.376721
1.545447
1.471001
1.742890
2.241318
2.905193
3.523939
3.503364
2.883389
2.382283
2.192795
1.880668
2.048878
2.468371
2.406843
1.839704
1.521751
1.620731
1.758818
1.870952
1.920489
1.858053
1.732725
1.598299
1.455516
1.591808
1.663354
1.718366
1.685946
1.573126
1.431787
1.293003
1.270594
1.365845
1.420021
1.395778
1.282590
1.146431
1.186543
1.343094
1.517979
1.708598
1.912205
2.119953
2.329788
2.524245
2.654449
2.689381
2.582784
2.391993
2.216302
2.085467
1.995643
2.131023
2.224890
2.211837
2.093409
1.922098
1.732082
1.554904
1.699670
1.829252
1.930849
2.036930
2.077479
2.070361
2.033372
2.201853
2.293890
2.336547
2.438728
2.473689
2.361966
2.164670
1.930678
1.723881
1.708512
1.821046
1.935147
2.204663
2.471387
2.656186
2.674182
2.514188
2.266813
2.024676
1.817113
1.844790
2.046299
2.154910
2.174071
2.107456
1.927313
1.737294
1.540587
1.368746
1.215045
1.138697
1.021707
0.871934
0.750053
0.839994
1.148839
1.506583
1.904348
2.403062
2.931175
3.304483
3.285241
3.030531
2.918869
3.054911
3.203957
3.337069
3.379067
3.565598
3.699366
3.730387
3.756687
3.846546
4.007266
4.235945
4.450626
4.549555
4.479466
4.268541
3.977039
3.667838
3.470685
3.264633
3.033189
2.805946
2.599818
2.542439
2.875288
3.171234
3.239948
3.091825
2.865511
2.626261
2.434981
2.365601
2.165663
2.224619
2.893902
3.345762
3.065802
3.507474
3.966380
4.323049
4.439835
4.185863
3.808655
3.383198
2.971634
2.591093
2.439111
2.554017
2.576802
2.647799
2.862007
3.026424
3.040927
2.885874
2.894774
2.878985
2.737248
2.572799
2.518481
2.569896
2.568363
2.459197
2.265214
2.032035
1.800708
1.596998
1.638585
1.733049
1.717842
1.637168
1.620459
1.664076
1.677494
1.820889
1.978869
2.062026
1.996786
1.847758
1.664959
1.477217
1.303817
1.241517
1.369163
1.510004
1.660717
1.818569
1.985345
2.145517
2.201728
2.104721
1.928019
2.352344
2.770458
2.932012
2.941663
2.782779
2.317415
1.625410
1.288576
1.407095
1.280360
1.026098
0.976076
1.142045
1.282343
1.436499
1.581444
1.651850
1.650639
1.562798
1.405733
1.205610
0.995805
0.691646
0.456271
0.699269
1.068951
1.273092
1.245013
0.946693
0.550456
0.548408
0.484710
0.367037
0.258404
0.166461
0.101539
0.092348
0.177771
0.298292
0.451158
0.609745
0.719884
0.697344
0.547697
0.392669
0.266363
0.265958
0.449694
0.688755
0.942301
1.112438
1.068284
0.823762
0.568385
0.354936
0.198511
0.091769
0.027368
0.053668
0.102043
0.149971
0.163874
0.129631
0.183742
0.269182
0.322009
0.304693
0.250966
0.174895
0.108189
0.111557
0.184311
0.246620
0.251686
0.199484
0.126947
0.064203
0.022072
0.001846
0.000000
0.000000
0.005590
0.044182
0.128879
0.275613
0.494539
0.805704
1.241255
1.763612
1.985125
1.982929
1.750460
1.819561
2.244537
2.563830
2.496006
2.152069
1.708587
1.301069
0.990968
0.724323
0.500311
0.309554
0.168546
0.078134
0.033432
0.005368
0.001786
0.030307
0.053291
0.025233
0.000302
0.000000
0.000000
0.000000
0.000000
0.000000
0.000000
0.000000
0.000000
0.000000
0.000000
0.000000
0.000000
0.000000
0.000000
0.000000
0.000000
0.000000
0.000000
0.000000
0.000000
0.021148
0.091048
0.132312
0.143225
0.144731
0.144925
0.141645
0.124718
0.072499
0.005030
0.000000
0.000000
0.000000
0.000000
0.000000
0.000000
0.000000
0.000000
0.000000
0.000000
0.000000
0.000000
0.000000
0.000000
0.000000
0.000000
0.000000
0.000000
0.000000
0.000000
0.000000
0.000000
0.000000
0.000000
0.000000
0.000000
0.000000
0.000000
0.000000
0.000000
0.000000
0.000000
0.007646
0.054125
0.117826
0.208154
0.223716
0.179276
0.157811
0.176177
0.157941
0.100415
0.193865
0.339718
0.533736
0.763326
1.007804
1.255394
1.640861
2.129025
2.683160
3.187599
3.343981
3.514224
4.134956
4.595996
3.839981
2.966174
2.275538
1.718462
1.263339
0.910868
0.645097
0.441648
0.263360
0.131796
0.049730
0.024272
0.014072
0.003972
0.000000
0.004070
0.005194
0.000000
0.000000
0.000000
0.000000
0.000000
0.000000
0.000000
0.000000
0.001840
0.013036
0.035259
0.070736
0.114398
0.152031
0.190241
0.201180
0.182685
0.132322
0.084426
0.050053
0.063363
0.099930
0.149274
0.212747
0.288329
0.376436
0.473499
0.568887
0.662830
0.761425
0.868079
0.989489
1.144851
1.332897
1.510511
1.612086
1.563581
1.430312
1.270986
1.125463
1.012950
1.048501
1.015175
0.938954
0.869156
0.817591
0.738446
0.700650
0.820226
0.949953
1.056431
1.108077
1.103113
1.411363
1.807646
2.265923
2.737932
3.268325
3.715166
3.716464
3.270455
2.715241
2.212645
1.926980
1.814680
1.644576
1.519552
1.624820
1.681916
1.648387
1.572113
1.435500
1.396503
1.606794
1.713649
1.623600
1.343583
1.069845
0.966959
1.139918
1.348569
1.576407
1.782422
1.936490
2.192441
2.511670
2.857452
3.199828
3.521390
3.734651
3.728453
3.531123
3.264072
2.925493
2.620384
2.372417
2.489596
2.584930
2.762090
3.013215
3.283183
3.574805
3.895962
4.241449
4.523071
4.682420
4.561152
4.378458
4.096650
4.099654
4.100587
3.890169
3.669445
3.380252
3.071018
2.998401
3.380300
3.769979
4.139767
4.561733
4.888833
4.962771
4.785882
4.438884
4.046659
3.783994
3.749794
3.628982
3.362943
3.067840
3.167987
3.678273
4.244363
4.873909
5.532993
6.171687
6.519744
6.425405
6.128083
5.773695
5.329702
4.749711
4.170090
3.645173
3.145160
2.727738
2.351250
2.154403
2.093130
2.360149
2.942655
3.611727
4.407210
5.353621
6.385038
7.290989
7.714238
7.184394
6.247151
5.235872
4.306129
3.513218
2.816317
2.781856
2.803888
2.665395
2.390582
2.239473
2.029739
2.002917
2.097891
2.075129
1.974725
2.236321
2.414556
2.485019
2.357706
2.156136
2.185288
2.421622
2.669844
2.866276
2.936287
2.869274
2.961507
2.941885
2.832706
2.664668
2.493279
2.374508
2.335378
2.204663
2.470815
2.721838
2.720960
2.473637
2.312378
2.543211
2.799299
3.061186
3.256002
3.282719
3.236187
3.160084
2.995078
2.829578
2.741386
2.680017
2.533512
2.379658
2.168572
1.994079
1.798986
1.781077
1.978518
2.144962
2.317713
2.474085
2.721694
2.907620
3.009036
2.880987
2.666030
2.425989
2.207221
2.026652
1.831452
1.620844
1.409831
1.214442
1.133730
1.239377
1.341237
1.432686
1.515525
1.670815
1.798506
1.847044
1.804952
1.659799
1.486859
1.565378
1.809844
2.052323
2.228294
2.384268
2.509267
2.445044
2.244627
2.382499
2.739440
3.110767
3.544077
4.025710
4.494904
4.833471
4.845684
4.531167
4.078567
3.616502
3.191353
2.787444
2.580447
2.255940
2.418596
2.820354
3.074618
2.964435
2.783240
2.419134
2.064277
1.717208
1.389730
1.159460
1.572930
2.016041
2.325049
2.394239
2.278132
2.419725
2.608897
2.665313
2.634992
2.558494
2.469871
2.299144
2.012541
1.550188
1.352207
1.270463
1.225277
1.168127
1.038911
0.758523
0.433792
0.218931
0.211308
0.283386
0.301934
0.247324
0.163990
0.094028
0.044436
0.023727
0.059172
0.112924
0.166956
0.179297
0.153169
0.103876
0.052662
0.020805
0.003374
0.000000
0.000000
0.000000
0.000000
0.000000
0.000000
0.000155
0.001526
0.002258
0.004616
0.007565
0.016565
0.023501
0.033878
0.059152
0.074759
0.080370
0.081222
0.080872
0.081424
0.080661
0.073385
0.049292
0.021159
0.084719
0.139537
0.143937
0.094013
0.028004
0.000293
0.000037
0.000255
0.000000
0.000000
0.000000
0.000000
0.000000
0.000216
0.005017
0.016612
0.033188
0.041043
0.035342
0.017808
0.004513
0.000618
0.002264
0.001060
0.000000
0.000000
0.000000
0.000000
0.000000
0.000007
0.024551
0.099125
0.189487
0.247457
0.264422
0.244062
0.186863
0.098675
0.031849
0.012876
0.022729
0.037164
0.044701
0.038470
0.072179
0.106842
0.128829
0.134143
0.099391
0.057290
0.024670
0.020700
0.048862
0.090671
0.134456
0.159481
0.131583
0.087530
0.043455
0.014628
0.013021
0.018336
0.043163
0.070819
0.069062
0.125591
0.196084
0.333668
0.523864
0.764504
1.024143
1.205794
1.201368
1.016824
0.787209
0.782194
0.776217
0.751149
0.657835
0.460579
0.367270
0.518517
0.783830
1.080962
1.340478
1.484947
1.397617
1.234935
1.020776
1.244802
1.523699
1.554138
1.368704
1.239613
1.029167
1.059380
1.206731
1.488068
1.814151
2.194649
2.589204
2.964515
3.121085
2.971080
2.593799
2.219561
2.358547
2.623390
2.837605
2.840991
2.622490
2.320477
2.020370
1.749044
1.595781
1.769557
1.910331
1.978982
2.031793
2.027252
2.034325
2.020466
2.117499
2.327356
2.580385
2.868069
3.180399
3.506965
3.787603
3.983683
3.979623
3.990204
4.085608
4.060969
3.863968
3.661068
3.477916
3.255594
3.247560
3.099055
2.843468
2.843150
3.064859
3.237175
3.259174
3.106999
2.886682
2.647397
2.413355
2.188463
1.970533
1.858420
1.709373
1.498842
1.470659
1.574731
1.581175
1.472158
1.638476
1.766961
1.762009
1.781562
1.930755
2.123238
2.201320
2.145342
1.979043
1.774852
1.566231
1.362586
1.327803
1.264921
1.515099
1.874725
2.296805
2.766932
3.219747
3.567005
3.620793
3.421210
3.253487
3.183859
3.117781
2.957996
2.743647
2.927975
3.547844
4.262362
5.011667
5.660668
6.374982
7.039257
7.503355
8.506804
9.862113
11.337606
12.631224
13.337943
12.510974
11.103310
9.584806
8.164567
6.913471
6.168739
6.912279
7.712470
8.351635
8.381957
7.839455
7.132430
7.552595
7.880187
7.725728
7.331845
6.626578
6.061407
5.572486
5.008963
4.405186
3.826092
3.277125
3.042499
3.470213
3.596907
3.212666
2.702367
2.187927
1.697822
1.270140
1.150845
1.214876
1.186527
1.160564
1.337356
1.563017
1.807259
1.996367
2.131308
2.280658
2.255413
2.080860
1.852303
1.719348
1.651366
1.494794
1.422615
1.286130
1.172779
1.122792
1.071658
1.169645
1.277744
1.350716
1.353394
1.240958
1.274393
1.387946
1.416969
1.516918
1.694811
1.912817
2.142918
2.308822
2.314714
2.173674
1.957308
1.739097
1.525622
1.314119
1.116829
1.129854
1.174808
1.069378
0.961981
0.918925
1.067707
1.186089
1.251510
1.150163
0.900829
0.661505
0.459290
0.600601
0.880431
1.162756
1.439345
1.602261
1.798502
2.013773
2.226216
2.373453
2.474580
2.494345
2.641451
2.857985
3.123754
3.361035
3.427961
3.332492
3.093193
2.836546
2.645384
3.114396
3.517551
3.836822
3.939133
3.741014
3.373237
2.866038
2.382544
1.947816
1.514308
1.460297
1.498850
1.573072
1.616118
1.567156
1.438515
1.299814
1.256285
1.146329
1.121561
1.374094
1.657071
1.874094
1.964916
1.895006
1.791633
1.679323
1.648022
1.737931
2.221443
2.930391
3.253874
3.155356
2.828313
2.714464
2.829667
2.898555
2.925433
3.049708
3.269316
3.319921
3.176081
3.251589
3.250551
3.101712
3.016242
3.009532
3.265434
3.512554
3.694070
3.895871
4.140807
4.359789
4.530267
4.654025
4.964019
5.263872
5.373215
5.309180
5.156955
5.279721
5.313131
5.378418
5.287340
5.232068
5.515178
5.688550
5.752386
6.037396
6.285797
6.317244
6.156727
5.810186
5.487975
5.584602
6.371706
7.240283
8.214316
9.289454
10.450329
11.670803
12.844566
13.675529
13.574913
12.616821
11.355376
10.500130
11.844138
13.536109
15.404696
17.461170
19.729740
22.247139
24.794458
26.746471
27.510679
25.896259
23.373505
20.871441
18.993114
21.060909
23.224253
25.040329
26.223257
25.734592
24.115685
21.944448
19.876226
18.610161
17.524822
18.045099
19.662987
21.231224
22.185587
22.045897
21.035538
21.573328
21.145893
20.078821
18.859007
17.863935
17.057322
16.144276
14.971724
13.755201
12.945514
12.318047
11.462606
10.537852
9.713649
9.412758
9.266849
9.055851
8.922660
8.785209
8.359961
7.821920
7.547192
7.058902
6.556289
6.337012
6.467731
6.459810
6.542914
6.552024
6.754958
6.994833
7.548995
8.016897
8.152349
7.941884
7.700383
7.784459
7.771108
8.219051
8.769650
9.305643
9.726677
9.909017
9.829186
9.556890
9.309858
9.371745
9.568573
9.931071
10.076552
9.889344
9.783939
10.131439
10.383531
10.413222
10.237700
10.444395
11.011840
11.435687
11.639398
11.993697
12.255468
12.233563
11.925976
12.409898
12.895392
13.182252
13.060609
12.554866
11.968748
11.732874
11.963354
11.922271
11.553176
11.238391
11.535942
11.620752
11.697289
11.840094
11.808290
11.492545
11.039420
10.521852
10.067789
9.783793
9.504768
9.364414
9.355760
8.817296
8.139132
7.344852
6.632442
6.389498
6.392326
6.537594
6.673820
6.814576
6.909876
6.862582
6.690263
6.135183
5.545555
4.913882
4.223271
3.868007
3.652624
3.433424
3.541510
3.427689
3.083864
3.070205
3.173512
3.473759
3.884902
4.418118
4.946433
5.364133
5.336480
5.122082
4.611740
3.975247
3.379291
3.368612
3.950603
4.535963
5.300336
6.212371
7.266378
8.447183
9.623714
10.456911
10.433640
9.537564
8.336621
7.155334
6.157790
5.655491
5.092848
5.626843
5.704117
5.296237
4.819610
4.168400
3.877807
4.395966
4.804384
4.982248
4.747471
4.422935
4.618158
4.389794
3.922923
3.477574
3.360290
3.493890
3.821960
4.172064
4.516905
4.943730
5.457063
6.001854
6.473972
6.702758
6.636534
6.267387
5.783290
5.229433
4.764881
4.876423
4.680802
4.415824
4.632831
4.648167
4.416133
4.067095
3.686826
3.375004
3.557532
3.847664
4.033378
4.027653
3.920575
3.954684
4.265659
4.366858
4.160069
3.739220
3.306382
2.914626
2.642728
2.386673
2.351696
2.605689
2.903134
3.223899
3.543782
3.801698
3.894475
3.790980
3.780522
3.988172
4.005887
3.847674
3.566579
3.306656
3.267169
3.186341
3.467791
3.767902
4.091857
4.423138
4.701239
4.732644
4.449652
3.357957
2.725432
2.669217
2.620288
2.735442
2.957090
3.200158
3.396284
3.415817
3.383497
3.642988
4.002728
4.410792
4.844906
5.286807
5.692556
5.896536
5.442456
5.222005
5.328623
5.364338
4.831250
4.466244
4.325026
4.597212
5.007195
5.493596
6.035897
6.628741
7.285097
7.987463
8.738633
9.534784
10.373827
11.238525
12.078819
12.643164
12.096916
10.639433
9.887771
10.193057
10.974497
11.961136
13.106048
14.342549
15.639869
17.025002
18.496592
19.877083
20.569736
19.249828
14.179447
11.431438
10.878055
11.604789
12.685639
13.306923
11.877224
6.938176
5.327201
5.283184
5.284404
4.001325
2.376387
2.246760
2.663230
3.268820
3.792830
3.600570
3.532976
4.031844
4.616872
4.785334
0.000000
0.000000
0.000000
0.000000
0.000000
0.000000
0.000000
0.000000
0.000000
