track	type=wiggle_0
fixedStep	chrom=chr	start=1	step=1
0.000000
0.000000
0.000000
0.000000
0.000000
0.000000
0.000000
0.000000
0.000000
0.000000
0.000000
0.000000
0.006772
0.048048
0.152670
0.330537
0.396148
0.324741
0.222911
0.135383
0.071036
0.165076
0.312569
0.509216
0.717071
0.988239
1.236475
1.351520
1.181215
0.910621
1.134116
1.302659
1.371664
1.413356
1.445701
1.741476
2.161234
2.661944
3.265252
3.917852
4.416621
4.412740
3.908893
3.289271
2.722695
2.222122
1.767613
1.376956
1.048174
0.775697
0.563819
0.470052
0.508020
0.526556
0.485764
0.385608
0.278506
0.175213
0.102390
0.145220
0.170769
0.139143
0.088340
0.043036
0.017140
0.003926
0.000000
0.002947
0.020286
0.020177
0.002573
0.000000
0.000000
0.000000
0.000000
0.000000
0.000000
0.000000
0.000000
0.000387
0.064565
0.208941
0.414606
0.714768
1.026299
1.250393
1.416567
1.488310
1.466699
1.525540
1.583433
1.741563
1.945724
2.131495
2.281862
2.448423
2.522966
2.459266
2.578787
2.592175
2.461693
2.262753
2.046315
1.840926
1.642467
1.676948
1.912221
2.153920
2.351210
2.417855
2.317602
2.145849
2.022952
1.966139
1.923500
1.776695
2.027889
2.333899
2.669948
3.036366
3.435524
3.876751
4.357173
4.874199
5.412457
5.901820
6.109725
5.901819
5.419854
4.930140
4.449693
4.063062
3.978665
3.959140
3.786544
3.432780
3.061427
2.712892
2.375807
2.071522
1.805273
1.587066
1.568272
1.482814
1.333355
1.303517
1.392121
1.470711
1.528899
1.601613
1.524003
1.364289
1.194380
1.034991
0.908661
0.811370
0.748063
0.783651
0.762270
0.685150
0.581667
0.483142
0.399737
0.336780
0.290775
0.237833
0.267084
0.269778
0.428008
0.833725
1.345820
1.501991
1.398404
0.960505
0.598331
0.341153
0.163831
0.055805
0.057171
0.089551
0.124098
0.150486
0.155793
0.161134
0.137115
0.146834
0.143567
0.109909
0.069229
0.036735
0.018916
0.013176
0.026005
0.047728
0.076106
0.106482
0.127790
0.138593
0.121775
0.093303
0.062222
0.036924
0.018548
0.008932
0.009863
0.011883
0.016112
0.040924
0.093426
0.169292
0.205649
0.192304
0.183548
0.178077
0.151601
0.147499
0.095001
0.030926
0.002316
0.000000
0.000000
0.000008
0.009251
0.106625
0.187415
0.223118
0.247860
0.253529
0.255097
0.251352
0.233559
0.173811
0.053791
0.002947
0.000000
0.000000
0.001518
0.000017
0.000000
0.000000
0.008305
0.079781
0.135775
0.157793
0.162782
0.157793
0.134973
0.078910
0.008743
0.017339
0.035433
0.047954
0.045842
0.031985
0.014370
0.003035
0.007347
0.021976
0.046849
0.081833
0.123194
0.157118
0.161295
0.129809
0.125822
0.113298
0.082556
0.048254
0.022699
0.011627
0.019379
0.031389
0.042299
0.041416
0.028109
0.022452
0.013800
0.033440
0.057410
0.097074
0.170418
0.248717
0.291085
0.262351
0.355745
0.511481
0.718294
0.974609
1.279299
1.617118
1.913474
1.971843
2.047208
1.990693
1.673876
1.315248
0.989738
0.725909
0.533932
0.432359
0.416294
0.385470
0.314525
0.223164
0.134080
0.065361
0.021896
0.003707
0.000014
0.002058
0.012112
0.032180
0.046230
0.088291
0.211766
0.380918
0.551248
0.560297
0.576630
0.528135
0.369140
0.212624
0.096643
0.029121
0.040728
0.093885
0.148222
0.155160
0.106344
0.053681
0.016669
0.000323
0.000000
0.000000
0.000000
0.000964
0.028326
0.098788
0.211370
0.340573
0.463465
0.589085
0.633661
0.633661
0.587390
0.453823
0.209960
0.090165
0.047390
0.039949
0.085876
0.115724
0.091028
0.046816
0.012397
0.000027
0.000000
0.000000
0.000000
0.000000
0.000000
0.000000
0.000000
0.000000
0.000000
0.000000
0.000000
0.000000
0.000000
0.000000
0.000000
0.000000
0.000000
0.000000
0.000000
0.000000
0.000000
0.000000
0.000000
0.000000
0.000000
0.007197
0.035871
0.036637
0.007191
0.000000
0.000000
0.000000
0.000000
0.000000
0.000000
0.000000
0.000000
0.000000
0.000000
0.000000
0.000000
0.000000
0.000000
0.000000
0.000000
0.000000
0.000000
0.000000
0.003389
0.063008
0.108394
0.122373
0.125463
0.125463
0.125463
0.125313
0.121710
0.106383
0.060950
0.003610
0.000000
0.000000
0.000000
0.000000
0.000000
0.000000
0.000000
0.000000
0.000000
0.000000
0.000000
0.000000
0.000000
0.000000
0.000000
0.000000
0.000000
0.000000
0.000000
0.000000
0.000000
0.000000
0.000000
0.000000
0.000000
0.010107
0.054843
0.117657
0.152229
0.136750
0.067491
0.018843
0.009896
0.047009
0.113768
0.214873
0.352779
0.530853
0.744891
0.991658
1.327781
1.738961
2.230353
2.809349
3.474854
4.156754
4.673802
4.632862
4.050344
3.913618
4.611999
5.270175
5.589051
5.452913
4.836041
4.157770
3.492060
2.907319
2.416253
2.018426
1.821415
1.959981
1.962923
1.877676
1.729924
1.816431
2.088927
2.155037
1.933382
1.603543
1.304995
0.922153
0.705027
0.788628
0.978080
1.188462
1.383559
1.486641
1.439042
1.279856
1.091968
0.917971
0.776003
0.672037
0.699156
0.674712
0.704389
0.805003
0.825435
0.755456
0.792593
0.749813
0.836073
0.966817
1.035775
1.015723
0.988661
1.143982
1.313097
1.499256
1.695100
1.868788
2.055118
2.193334
2.196564
2.065089
1.879195
2.200660
2.634964
2.871906
2.580716
2.566241
2.508057
2.331615
2.116483
2.129364
2.325337
2.485729
2.494579
2.354846
2.142048
2.117314
2.310371
2.418753
2.339328
2.163815
1.932171
2.264116
2.828170
3.380373
3.591764
3.428960
2.878753
2.369040
2.083560
2.139747
2.398933
2.433692
2.242871
2.439111
2.673108
2.829206
2.833124
3.400485
4.453826
5.917530
6.600871
6.785564
6.785564
6.628301
6.664658
6.906385
6.690592
6.166246
5.544159
4.940683
4.394150
3.894387
3.434120
3.017858
3.407768
4.023156
4.691812
5.308657
5.964053
6.396379
7.197550
8.181318
9.104915
9.476421
9.110898
8.193443
7.162605
6.194034
5.329126
4.558614
3.889940
3.345283
2.835856
2.367288
1.951026
1.596104
1.461655
1.568037
1.550621
1.417842
1.251690
1.107471
1.183731
1.259840
1.233173
1.124171
0.999821
1.149517
1.273793
1.327358
1.377010
1.349114
1.228473
1.121306
1.309976
1.460771
1.472158
1.342480
1.269583
1.193527
1.077768
0.978227
0.983825
1.063682
1.074521
1.018611
0.923575
0.893242
0.979079
1.124426
1.183528
1.133444
1.091648
1.219735
1.471747
1.709860
1.889710
2.078127
2.268599
2.478417
2.681787
2.855394
2.968650
2.964095
2.832818
2.642236
2.460517
2.298910
2.465736
2.768670
2.711203
2.299224
1.842954
1.970588
2.367667
2.302906
2.135265
2.317785
2.527857
2.734066
2.868385
2.870220
2.730803
2.536461
2.353144
2.167281
1.974316
1.774653
1.603935
1.502088
1.433170
1.369686
1.617364
1.795516
1.793076
1.610972
1.360188
1.095990
0.878279
0.979981
1.089470
1.129466
1.230988
1.326901
1.230106
0.893506
0.824020
0.861869
0.953057
1.074907
1.185215
1.328635
1.512814
1.749355
1.973383
2.155331
2.173370
2.009501
1.791821
1.568120
1.359220
1.211306
1.088285
0.981824
0.937715
0.934206
0.968520
0.961444
0.916211
0.806063
0.851833
1.051195
1.234317
1.452172
1.682730
1.933545
2.221511
2.553790
2.802933
2.803701
2.547740
2.213501
1.880754
1.571208
1.289889
1.112742
1.032750
1.014192
1.189919
1.507959
1.671929
1.592255
1.854937
2.366156
3.031928
3.662418
3.640932
3.008533
2.507430
2.311822
1.990862
2.151131
2.581767
2.516911
1.942044
1.617636
1.314189
0.967464
0.867907
1.034411
1.087932
0.996465
0.843992
0.672206
0.716495
0.810263
0.773264
0.614317
0.428430
0.272262
0.152306
0.069174
0.029571
0.027359
0.016709
0.005363
0.007270
0.013756
0.011745
0.004360
0.000089
0.004136
0.016169
0.033102
0.048723
0.064009
0.068267
0.058945
0.042927
0.061030
0.095717
0.141045
0.186428
0.223186
0.229301
0.201014
0.157176
0.110191
0.071371
0.042874
0.062890
0.074060
0.070195
0.052138
0.032429
0.018850
0.008000
0.002466
0.001222
0.003308
0.003595
0.002060
0.003211
0.001717
0.000002
0.000000
0.000000
0.000000
0.000000
0.000000
0.000000
0.000000
0.000514
0.002297
0.001893
0.000033
0.000000
0.006213
0.080961
0.140171
0.159342
0.163849
0.163935
0.163880
0.165105
0.264579
0.411996
0.596443
0.825594
1.115124
1.473503
1.901100
2.406500
2.998546
3.671863
4.342113
4.861179
4.863771
4.335351
3.600319
2.894756
2.323303
1.954950
2.075140
2.185362
2.030939
1.762559
1.431025
1.112634
1.348087
1.652397
1.982905
2.318896
2.528543
2.479120
2.212451
1.854935
1.523278
1.263681
1.547857
1.753180
1.755125
1.546256
1.663444
1.853784
1.953683
1.852737
1.649537
1.602615
1.855787
2.256460
2.562111
3.178062
4.013528
4.591502
4.026336
3.207223
2.506107
1.924331
1.907692
1.824950
1.598752
1.354078
1.128105
0.943199
0.808756
0.769449
0.792138
0.911357
1.010081
0.998856
1.130248
1.227318
1.208490
1.135925
1.247621
1.268785
1.205371
1.058270
0.909964
0.905044
0.884678
0.940368
0.926689
0.867965
0.756197
0.648776
0.575216
0.515658
0.491762
0.548970
0.577385
0.560156
0.495243
0.392715
0.294594
0.216427
0.151972
0.220491
0.373690
0.590866
0.804190
0.832089
0.669770
0.540985
0.572381
0.680257
0.910758
1.273111
1.778316
2.433735
2.864421
3.021091
3.023145
2.847190
2.329040
1.551924
1.057485
0.875771
0.810963
0.657395
0.491167
0.455892
0.624315
0.774634
0.799524
0.840306
0.840638
0.775128
0.675006
0.542623
0.414305
0.248919
0.434123
0.714619
1.088385
1.295187
1.266637
0.963725
0.562111
0.304497
0.142624
0.050733
0.007462
0.000000
0.000000
0.000000
0.000000
0.000000
0.000000
0.000000
0.000000
0.000000
0.000000
0.000000
0.000000
0.000000
0.000000
0.000000
0.000000
0.000000
0.000000
0.000000
0.000000
0.000000
0.000000
0.000000
0.000000
0.000000
0.000000
0.000000
0.000000
0.000000
0.000000
0.000000
0.000000
0.000000
0.000000
0.000000
0.000000
0.000000
0.000000
0.000000
0.000000
0.000000
0.000000
0.000000
0.000000
0.000444
0.019837
0.072394
0.163928
0.300219
0.495978
0.757514
1.091353
1.507356
2.002709
2.553413
3.007583
3.013309
2.574567
2.034602
1.531947
1.117197
0.993175
1.296959
1.615563
1.813555
1.884464
1.658887
1.348668
1.011640
0.725960
0.500983
0.375953
0.485375
0.526566
0.479349
0.362647
0.626416
0.891994
0.876733
0.560844
0.282953
0.133912
0.044252
0.003632
0.000000
0.000000
0.000473
0.019881
0.049425
0.053322
0.023727
0.000889
0.000000
0.000284
0.008271
0.029895
0.118170
0.275589
0.526517
0.908759
1.090554
1.157422
1.158277
1.106298
0.974791
0.719167
0.542172
0.362909
0.179354
0.102176
0.072347
0.041884
0.023181
0.015364
0.006420
0.012414
0.019475
0.037368
0.046509
0.033978
0.019321
0.029651
0.081191
0.161531
0.270201
0.404624
0.558592
0.695919
0.706496
0.591895
0.475157
0.407737
0.408212
0.541105
0.734614
0.933577
1.126330
1.198345
1.176043
1.251156
1.708102
2.248482
2.800845
2.797481
2.268543
1.791444
1.387579
1.618948
2.041218
2.527901
3.080090
3.647915
4.078096
4.206840
3.921556
3.373164
2.844875
2.796287
3.432162
3.976907
4.203204
4.299807
4.659113
4.702212
4.153196
3.453573
2.765500
2.164686
1.675451
1.269796
0.929831
0.658452
0.463679
0.461224
0.535301
0.611789
0.568816
0.433022
0.284009
0.163198
0.111082
0.111033
0.090311
0.069767
0.050277
0.070780
0.104102
0.140734
0.182924
0.235293
0.296665
0.366864
0.436957
0.468195
0.450801
0.386439
0.322840
0.285528
0.311799
0.387357
0.471138
0.546143
0.576903
0.557541
0.564831
0.680684
0.817419
0.946021
1.008895
1.099869
1.227050
1.377424
1.552165
1.757935
1.991443
2.242167
2.426592
2.506499
2.438070
2.248676
2.025138
1.810235
1.615395
1.440280
1.580325
1.764647
1.964570
2.166370
2.358656
2.584506
2.836530
3.086710
3.287992
3.351072
3.301817
3.101121
2.857258
2.799830
3.355148
3.824589
3.829013
3.364365
2.789451
2.289622
2.024209
1.857015
1.679910
1.737149
1.755436
1.741178
1.639594
1.497345
1.339998
1.189600
1.263457
1.190222
0.953158
0.685333
0.536780
0.489131
0.569568
0.826075
1.187738
1.520254
1.537374
1.315047
1.555121
1.817132
2.087933
2.347356
2.515928
2.518732
2.353940
2.135098
1.860207
1.607840
1.414801
1.617467
1.788017
1.850913
2.090580
2.397015
2.638968
2.744713
2.566167
2.261495
1.959612
1.944029
1.919321
1.696653
1.415866
1.305961
1.320982
1.393159
1.343418
1.220175
1.130371
1.473027
1.880666
2.378486
2.962980
3.643818
4.413675
5.177661
5.755537
5.767828
5.219699
4.463342
3.713517
3.091472
2.531098
2.038157
1.618660
1.264656
1.219999
1.288937
1.503453
1.671313
1.771154
1.699796
1.597891
1.402347
1.158880
0.916452
0.709919
0.528491
0.392554
0.277185
0.330053
0.373429
0.401408
0.375328
0.325840
0.349916
0.370483
0.340370
0.291964
0.320947
0.290356
0.269985
0.280217
0.306448
0.356098
0.389184
0.450685
0.485948
0.457935
0.394606
0.326789
0.319399
0.358226
0.428194
0.510436
0.662585
0.784200
0.903483
0.998063
1.087729
1.209632
1.347093
1.482215
1.549450
1.533979
1.425842
1.290358
1.173035
1.195866
1.158455
1.116176
1.129131
1.161818
1.186672
1.151387
1.062890
1.071347
1.181275
1.291204
1.372920
1.455733
1.630261
1.852546
2.088332
2.257667
2.262182
2.134326
1.979025
1.940464
1.888753
1.773482
1.673669
1.555656
1.474342
1.429258
1.345513
1.243609
1.150676
1.215020
1.213904
1.177274
1.291711
1.418664
1.484727
1.467305
1.368625
1.232031
1.126136
1.116462
1.261700
1.438508
1.628526
1.831042
2.045735
2.271071
2.500585
2.708315
2.782771
2.675184
2.601481
2.576862
2.487383
2.339280
2.042525
1.718023
1.687484
1.982839
2.285653
2.531411
2.594196
2.454259
2.185966
1.935916
1.717549
1.828071
2.066637
2.345864
2.985668
3.713065
4.456392
4.860635
4.651243
4.070377
3.387041
2.849404
2.631195
2.444437
2.916362
3.417797
3.686148
3.711151
3.406992
2.980017
2.543754
2.120957
1.728458
1.370867
1.087710
0.922976
0.941188
1.338468
1.874137
2.355383
2.551788
2.601904
2.570444
2.519598
2.452069
2.289998
2.002828
1.544208
1.342677
1.262902
1.214563
1.160044
1.033755
0.760204
0.434415
0.218372
0.190504
0.154376
0.087009
0.075032
0.150147
0.238744
0.357017
0.470257
0.512125
0.438881
0.325373
0.222232
0.177810
0.107560
0.042954
0.007429
0.000000
0.000000
0.000000
0.000000
0.000000
0.000000
0.000000
0.000000
0.000000
0.000000
0.000000
0.000046
0.000909
0.000783
0.027219
0.054623
0.069469
0.074849
0.075349
0.074151
0.073782
0.073283
0.066783
0.044091
0.015778
0.073814
0.124351
0.129243
0.083223
0.022556
0.000290
0.001441
0.000825
0.000000
0.000000
0.000000
0.000000
0.000000
0.000000
0.000000
0.000000
0.000000
0.000000
0.000000
0.000000
0.000000
0.000000
0.000000
0.000000
0.000000
0.000000
0.000000
0.000000
0.000000
0.000000
0.018832
0.083257
0.156476
0.192710
0.199908
0.190643
0.153084
0.083442
0.027327
0.040506
0.107696
0.153701
0.169083
0.112146
0.118143
0.153462
0.194042
0.243359
0.305769
0.402480
0.398248
0.294172
0.220328
0.162212
0.144031
0.250265
0.361274
0.590821
0.914733
1.077570
1.116086
1.077533
0.896026
0.540643
0.505970
0.449532
0.401148
0.428834
0.523649
0.766982
1.009145
1.134229
1.073782
0.981397
1.120394
1.122692
0.953356
1.188837
1.414713
1.493248
1.278489
0.963556
0.845235
1.104660
1.306733
1.272102
1.047341
0.787179
0.621935
0.518528
0.494289
0.620598
0.765841
1.019978
1.321193
1.697437
2.229973
2.737953
2.933068
2.740895
2.232707
1.711841
1.301675
0.950543
0.678567
0.503569
0.624070
0.743901
0.839709
0.849769
1.152635
1.334470
1.325625
1.117905
0.647537
0.648524
0.725384
0.848765
0.988603
1.125633
1.230036
1.226985
1.148999
1.171648
1.340179
1.545419
1.769201
1.968888
2.102403
2.078256
1.929242
1.781287
1.843649
1.932635
2.172388
2.341937
2.349884
2.209026
1.944670
1.682899
1.655778
1.693827
1.754197
1.946945
2.118217
2.272894
2.533341
2.721307
2.666266
2.697557
2.617605
2.423680
2.577612
2.601797
2.654946
2.848097
2.960205
2.898703
2.714450
2.467959
2.195742
2.371032
2.627665
2.853355
2.996283
2.960128
3.259576
3.481387
3.516328
3.373039
3.087102
2.782972
2.492518
2.700995
3.216660
3.792829
4.367140
4.759418
4.756062
4.417333
3.929402
3.392867
2.956825
2.793637
2.574780
2.641979
3.221045
3.890634
4.589895
5.204122
5.855064
6.475510
6.917357
7.870929
9.154902
10.560616
11.802864
12.491638
11.698617
10.349379
8.921692
7.571988
6.391687
5.655056
6.357577
7.119366
7.725237
7.763995
7.304427
7.409239
8.098042
8.469771
8.368604
7.996094
7.293773
6.760776
6.439029
5.985723
5.334306
4.680695
4.598868
4.858293
4.904682
5.216491
5.463159
5.480197
5.231927
4.721852
4.179003
3.674709
3.226577
2.854505
2.715453
2.862170
2.871098
2.864630
2.727397
2.768723
2.816869
2.868634
2.848624
2.738088
2.732300
2.688302
2.487456
2.277660
2.137897
2.148269
1.992511
1.843633
2.021720
2.165769
2.186293
2.110143
2.051116
2.241691
2.419511
2.485351
2.612062
2.843573
3.139995
3.454149
3.680302
3.747992
3.602684
3.320657
3.019262
2.734020
2.436496
2.150969
1.889743
1.645413
1.419057
1.245520
1.129598
0.987288
1.037101
0.966923
0.914590
0.747356
0.805223
0.903129
0.939185
1.101963
1.350520
1.459643
1.509696
1.629193
1.807829
2.064774
2.310542
2.450650
2.554868
2.609803
2.794246
3.026737
3.273019
3.435234
3.478014
3.342719
3.103552
2.861950
2.728408
3.053293
3.312085
3.385136
3.222075
2.877886
2.453042
2.065064
1.744647
1.464984
1.243720
1.181781
1.366611
1.740301
2.047514
2.060418
1.761507
1.364767
1.010589
1.100103
1.214672
1.302765
1.385129
1.463123
1.522376
1.579641
1.645241
1.913120
2.182695
2.622954
3.052769
3.218374
3.188120
3.260830
2.921141
2.834505
2.852855
2.753252
2.683053
2.599721
2.420920
2.243802
1.910088
1.652609
1.689771
1.867339
2.043728
2.229412
2.429427
2.648003
2.860796
3.054023
3.221777
3.280638
3.230828
3.344999
3.413740
3.422592
3.370609
3.323108
3.165267
3.067003
2.980288
3.089222
3.373533
3.609405
3.703476
3.584943
3.439961
3.387531
3.175217
3.184886
3.310555
3.572577
3.910766
4.289923
4.651496
4.846998
5.529743
6.346724
7.241009
8.193320
9.066870
9.563472
9.472171
8.770611
7.831644
7.677647
8.790488
10.096678
11.540290
13.104515
14.728168
16.074400
16.970634
16.394283
14.887373
13.076399
11.297360
12.673345
14.133256
15.405408
16.740417
17.467316
17.008230
15.874078
14.282674
12.717495
11.355309
10.343454
11.238896
11.788289
12.377741
12.456462
11.958941
11.044820
10.150868
9.723075
9.070731
8.495369
9.014146
9.342351
9.010324
8.384005
7.698221
7.721341
7.419494
6.942359
6.638838
6.219637
5.706981
5.167636
4.671099
4.314734
3.958771
3.570218
3.181956
2.904053
2.893843
3.066944
3.097411
3.173125
3.145160
2.989360
3.279354
3.605004
4.156150
4.471362
4.745004
4.746052
4.523413
4.287372
4.420225
4.448820
4.396097
4.302844
4.569703
4.838934
5.106447
5.391649
5.723835
6.062916
6.342523
6.476590
6.347240
6.452632
6.781127
7.075432
7.358116
7.556769
7.618845
7.429727
7.324780
7.551570
7.467921
7.341087
7.719832
8.167153
8.637316
9.132287
9.618109
9.950611
10.153269
10.030170
9.588865
9.073160
9.084301
9.369255
9.380126
9.116902
8.660477
8.201255
7.784806
7.367671
6.953596
6.548273
6.204768
6.201589
6.096423
5.965261
5.731809
6.035721
6.464979
6.616905
6.398967
5.788567
5.255320
4.994179
4.854665
4.886583
5.029141
5.264544
5.686757
6.083957
6.267005
6.309546
6.098064
6.036872
5.669632
4.891057
4.404003
3.792444
3.152151
2.782820
2.776201
2.809165
2.921204
3.018418
3.167333
3.333338
3.286407
3.010961
2.835754
2.652368
2.438693
2.609203
2.660158
2.472628
2.483329
2.517801
2.169750
2.214321
2.361807
2.912187
3.559798
4.213171
4.727803
4.962572
4.829648
5.417584
5.839385
5.863622
5.466937
4.855815
4.316213
4.140049
3.869626
4.096173
4.264558
4.185585
4.169987
4.516094
4.806348
4.737678
4.529225
4.765599
5.533504
6.059818
6.243735
6.759455
7.033715
6.767566
6.220921
5.621220
5.088830
4.821014
5.024055
5.233352
5.559576
5.842637
5.830311
5.528529
5.103594
4.659296
4.802405
4.808345
4.803343
4.814260
4.662627
4.679008
4.904525
4.671535
4.770444
4.932006
4.878033
4.621167
4.302071
4.099607
4.550161
5.017249
5.351518
5.477438
5.249732
4.869454
4.380949
3.916031
3.472681
3.077445
2.722097
2.691139
3.105741
3.553704
3.862513
3.786841
3.414479
2.964838
2.579019
2.326629
2.284156
2.092686
1.839549
2.002079
2.002796
1.903069
2.120140
2.362189
2.625435
2.899377
3.113329
3.199669
2.812627
2.496469
2.166776
2.237868
2.426354
2.644983
2.808221
2.715920
2.024088
1.360344
1.311568
1.456302
1.652271
1.798153
1.982508
2.224398
2.439982
2.553102
2.578251
2.459588
2.488032
2.397423
2.525197
2.808698
3.138318
3.500562
3.902972
4.347933
4.831014
5.365693
5.920580
6.447175
6.754687
6.682124
6.550515
5.848106
5.829449
5.567675
4.779377
4.572975
4.531881
4.826970
5.350735
5.995671
6.733233
7.520114
8.373560
9.283462
10.165257
10.708066
9.824424
8.850531
8.144553
7.096914
5.793883
5.210434
5.141536
5.055243
4.105235
3.401441
3.241997
2.742839
1.962283
1.517833
1.750759
2.199297
2.651029
2.647031
1.541766
1.121846
1.334933
1.735127
2.158059
0.000000
0.000000
0.000000
0.000000
0.000000
0.000000
0.000000
0.000000
0.000000
