track	type=wiggle_0
fixedStep	chrom=chr	start=1	step=1
0.000000
0.000000
0.000000
0.000000
0.000000
0.000000
0.000000
0.000000
0.000000
0.000000
0.000000
0.000000
0.004297
0.038702
0.134853
0.302683
0.364575
0.297138
0.195611
0.111443
0.052537
0.123267
0.252878
0.431468
0.626567
0.885331
1.126106
1.234382
1.074729
0.814387
0.951523
1.106467
1.165036
1.208298
1.242094
1.520074
1.917108
2.398113
2.973339
3.596575
4.080641
4.076914
3.587948
2.995870
2.461124
2.494689
2.926916
3.240963
3.436607
3.273550
2.879725
2.409334
1.972491
1.591536
1.262348
0.983204
0.751368
0.574467
0.620424
0.674397
0.605691
0.612672
1.019539
1.530905
1.715282
1.754287
1.714508
1.525600
0.998945
0.561341
0.288932
0.127444
0.093354
0.086133
0.105019
0.140466
0.142267
0.161045
0.253522
0.285862
0.257151
0.221899
0.236403
0.403707
0.605723
0.764482
0.915079
1.035088
1.104575
1.190899
1.351375
1.538259
1.743059
1.955678
2.137202
2.212910
2.164059
2.283803
2.292946
2.172768
1.974328
1.759201
1.557684
1.371771
1.196847
1.039470
0.899141
1.040043
1.191940
1.286305
1.283942
1.363277
1.409623
1.382736
1.500371
1.511530
1.501322
1.678413
1.847566
1.994402
2.109949
2.519382
2.630710
2.947181
3.359869
3.735871
3.890413
3.742412
3.371770
2.996676
2.632602
2.843566
3.409664
4.047712
4.569152
4.565824
4.019001
3.305575
2.665434
2.085647
1.597864
1.191156
1.190139
1.373849
1.574036
1.790212
2.025149
2.262917
2.469186
2.577070
2.467210
2.256531
2.019215
1.784632
1.569520
1.381262
1.343918
1.389783
1.359478
1.250554
1.103129
0.959469
0.822883
0.691216
0.574164
0.480496
0.410424
0.291212
0.385393
0.771585
1.259980
1.407980
1.310336
0.892308
0.545229
0.300077
0.134468
0.106563
0.131358
0.126972
0.130392
0.182298
0.315513
0.469493
0.609747
0.646381
0.602876
0.642189
0.669243
0.776169
0.809303
0.724445
0.957908
1.259050
1.441148
1.348060
1.117973
0.848011
0.615568
0.470368
0.431814
0.303078
0.157472
0.054956
0.035714
0.078140
0.115142
0.144783
0.142149
0.107381
0.068366
0.027304
0.004228
0.000036
0.000000
0.000000
0.000000
0.000000
0.000000
0.000000
0.000000
0.000000
0.005845
0.093791
0.168582
0.200962
0.222089
0.226788
0.228072
0.224589
0.208240
0.153459
0.044186
0.001072
0.000000
0.000000
0.000000
0.000000
0.000000
0.000000
0.000000
0.000000
0.000000
0.000000
0.000000
0.000000
0.000000
0.000000
0.000000
0.000000
0.000000
0.000000
0.000000
0.000000
0.000000
0.000000
0.000000
0.000000
0.000000
0.000000
0.000000
0.000000
0.000000
0.000077
0.000000
0.000000
0.000000
0.000000
0.000000
0.000000
0.000000
0.000000
0.000000
0.000000
0.000000
0.000105
0.013289
0.050129
0.112847
0.202416
0.312817
0.416181
0.479723
0.451968
0.582087
0.788662
1.056319
1.380140
1.755908
2.168911
2.533322
2.598634
2.742560
2.667987
2.272707
1.830535
1.798760
2.128877
2.468622
2.631340
2.625307
2.714382
2.601038
2.256852
1.895805
1.540864
1.230416
0.962717
0.819821
0.953484
0.962330
0.965275
0.946793
0.817420
1.006222
1.347327
1.770926
2.232373
2.624683
2.630447
2.551352
2.526243
2.270809
1.644430
1.074504
1.101839
1.288555
1.277704
1.081004
0.825495
0.594978
0.407620
0.331355
0.223070
0.127424
0.153044
0.212727
0.286039
0.371235
0.469029
0.576801
0.683519
0.768755
0.771782
0.693505
0.586190
0.477404
0.378675
0.292715
0.219332
0.158615
0.106167
0.064351
0.033257
0.012609
0.001843
0.000000
0.000000
0.000000
0.000000
0.000120
0.005464
0.014355
0.016463
0.008545
0.001658
0.000000
0.000000
0.000000
0.000000
0.001190
0.005422
0.005807
0.001800
0.005220
0.017540
0.034994
0.048514
0.048384
0.034469
0.017666
0.006135
0.021362
0.034722
0.073910
0.129253
0.144366
0.145749
0.169358
0.169978
0.142250
0.111005
0.105371
0.052886
0.017874
0.007506
0.000000
0.000000
0.000000
0.000000
0.000000
0.000000
0.000000
0.000000
0.001597
0.053923
0.098879
0.118436
0.132053
0.145743
0.145743
0.131899
0.117784
0.096695
0.049784
0.000334
0.000000
0.000000
0.000000
0.000000
0.000000
0.000000
0.000000
0.000000
0.000000
0.000000
0.000000
0.000000
0.000000
0.000000
0.000000
0.000000
0.000000
0.000000
0.004098
0.013146
0.020988
0.015433
0.006707
0.002213
0.001238
0.009264
0.032418
0.098026
0.142085
0.129685
0.062324
0.014031
0.000326
0.000000
0.002441
0.030948
0.094870
0.198790
0.347696
0.547735
0.804423
1.125460
1.519857
2.007126
2.582289
3.139394
3.537067
3.446690
2.983102
2.772142
3.351320
3.916719
4.211958
4.139524
3.675289
3.106090
2.547185
2.167852
2.559537
2.996142
3.486939
4.030612
4.618200
5.211502
5.617383
5.618357
5.206957
4.649662
4.194406
3.864662
3.439076
3.002016
2.833859
3.198319
3.502786
3.813426
4.102151
4.322242
4.312691
4.047430
3.637286
3.224298
2.832202
2.470444
2.142238
2.353748
2.548696
2.635065
2.503938
2.280770
2.142837
2.375930
2.509578
2.541253
2.633874
2.728581
2.798563
2.713347
2.536089
2.295428
2.507332
2.764083
3.035159
3.322053
3.627826
3.950619
4.262856
4.524886
4.634067
4.510380
4.238096
3.925641
3.885596
3.674079
3.403094
3.108356
2.824275
2.550885
2.298271
2.061733
1.839952
1.709255
1.861048
1.955146
1.867128
1.697176
1.825082
2.029838
2.569997
3.102495
3.313887
3.148353
2.621207
2.132922
1.925303
1.996988
2.136684
2.214944
2.186948
2.123837
2.265639
2.388823
2.441974
3.184186
4.199945
5.609275
6.261990
6.438457
6.438458
6.288212
6.021327
6.258688
6.045595
5.550387
4.960680
4.392765
3.869859
3.394844
2.962111
2.572307
3.037503
3.625013
4.261620
4.842726
5.471272
5.896262
6.675552
7.627277
8.509441
8.884902
8.515300
7.638925
6.641902
5.703075
4.868508
4.134663
3.502109
2.979793
2.497761
2.057516
1.666070
1.327525
1.037283
0.792187
0.590728
0.433077
0.378592
0.399075
0.449216
0.554923
0.661444
0.739976
0.809323
0.841409
0.805648
0.710747
0.703535
0.786892
0.799014
0.942518
1.118733
1.308614
1.486166
1.602321
1.617882
1.522441
1.376731
1.222446
1.064766
0.919699
0.810818
0.974350
1.141267
0.997513
0.723029
0.739146
0.845464
0.947932
1.006514
0.964804
0.870195
0.797418
0.890323
0.928629
0.912316
1.013031
1.059084
1.033266
1.047570
1.090079
1.076252
0.995957
0.898402
0.808382
0.713037
0.834510
1.121731
1.391393
1.609450
2.002625
2.446114
2.675734
2.452747
1.996501
1.543229
1.154059
0.971175
0.909517
0.804911
0.706347
0.789232
0.982395
1.140399
1.305527
1.289834
1.124405
0.959708
0.944111
1.176571
1.354221
1.340558
1.162227
0.940851
0.740424
0.633737
0.576270
0.476150
0.846751
1.172257
1.264585
1.171191
0.848764
0.860615
0.998453
1.159650
1.347658
1.526811
1.668278
1.671633
1.692250
1.838934
1.967774
1.972455
1.811905
1.606101
1.392666
1.193306
1.087981
1.244724
1.359949
1.363365
1.271386
1.155434
1.039770
0.898577
0.755391
0.738510
0.926135
1.101601
1.312104
1.536710
1.780976
2.061924
2.380137
2.623411
2.624028
2.371155
2.051558
1.727847
1.427279
1.158076
1.015096
0.932457
0.916246
1.120642
1.438041
1.608635
1.534284
1.806376
2.317945
2.992936
3.620693
3.599756
2.970529
2.459811
2.265906
1.946377
2.113147
2.544096
2.483311
1.905805
1.581220
1.375638
1.501625
1.605152
1.651558
1.594841
1.479180
1.355064
1.208836
1.334411
1.400079
1.447705
1.420801
1.316661
1.189348
1.066007
1.055418
1.141209
1.190697
1.168120
1.065229
0.940145
0.934914
1.071856
1.224470
1.394491
1.585329
1.779459
1.975466
2.154965
2.274251
2.306738
2.209774
2.032041
1.872299
1.754218
1.676137
1.815895
1.897750
1.889332
1.780111
1.625177
1.451203
1.310594
1.458140
1.576959
1.662218
1.739719
1.758615
1.742769
1.687577
1.766335
1.850330
1.876468
1.961454
1.992657
1.897176
1.721189
1.519958
1.365577
1.353958
1.447666
1.516826
1.693498
1.921362
2.078252
2.093960
1.959949
1.744928
1.534230
1.358554
1.412903
1.584523
1.681223
1.698740
1.639534
1.483806
1.314821
1.145484
1.000342
0.876987
0.818449
0.745687
0.950062
1.211322
1.565109
2.002660
2.516660
3.124641
3.826343
4.499088
4.982085
4.960754
4.598766
4.085887
3.429106
2.847181
2.472501
2.503904
2.681528
2.796956
2.828852
2.852373
2.933829
3.072554
3.274925
3.462218
3.543124
3.485026
3.299266
3.047359
2.774246
2.504278
2.336041
2.360604
2.701207
3.075757
3.470731
3.869252
4.223804
4.291925
4.087773
3.788092
3.478638
3.275261
3.168018
2.929163
2.609577
2.982093
3.442846
3.222568
3.678669
4.148102
4.515867
4.640757
4.376495
3.989489
3.553190
3.128696
2.739125
2.379767
2.458878
2.582597
2.639892
2.720889
2.861732
2.870746
2.804571
2.769934
2.728427
2.588520
2.424937
2.372399
2.423454
2.424779
2.335290
2.182882
1.975039
1.764198
1.563082
1.533918
1.678528
1.732283
1.618001
1.442742
1.240466
1.052620
0.978213
1.098777
1.148182
1.094719
0.983236
0.854578
0.726195
0.608527
0.511469
0.513464
0.492395
0.603278
0.564902
0.526894
0.613692
0.899644
1.283795
1.771097
2.417458
2.846853
3.005188
3.007107
2.841661
2.365788
1.665194
1.368431
1.661240
1.717255
1.473569
1.170234
1.125968
1.277948
1.475541
1.627190
1.716120
1.720458
1.624862
1.457641
1.235223
1.017532
0.684862
0.513649
0.750593
1.102386
1.307437
1.278225
0.973090
0.573608
0.313226
0.156754
0.063990
0.017902
0.000343
0.000000
0.000000
0.000369
0.002341
0.008408
0.031012
0.050884
0.041421
0.011946
0.000000
0.000000
0.000000
0.000000
0.003297
0.034646
0.078071
0.078610
0.036168
0.003335
0.007453
0.028472
0.043078
0.047323
0.045633
0.036433
0.013370
0.000000
0.000000
0.000000
0.001655
0.006963
0.005299
0.000491
0.000000
0.000000
0.000000
0.000000
0.001688
0.000752
0.000000
0.000000
0.000000
0.000000
0.000000
0.000000
0.000036
0.004758
0.041845
0.125655
0.273963
0.494608
0.808100
1.249929
1.771984
1.995397
1.997701
1.766147
1.814396
2.237468
2.559767
2.489054
2.136165
1.691588
1.291006
0.982399
0.713482
0.489238
0.299221
0.160361
0.072189
0.029056
0.003640
0.001052
0.027234
0.052789
0.023971
0.000111
0.000000
0.000000
0.000000
0.000000
0.000000
0.000000
0.000000
0.000000
0.000000
0.000000
0.000000
0.000000
0.000000
0.000000
0.000000
0.000000
0.000000
0.000000
0.000000
0.000000
0.021194
0.091292
0.132681
0.143272
0.144575
0.144568
0.141415
0.124594
0.072403
0.004890
0.000000
0.000000
0.000000
0.000000
0.000000
0.000000
0.000000
0.000000
0.000000
0.000000
0.000000
0.000000
0.000000
0.000000
0.000000
0.000000
0.000000
0.000000
0.000000
0.000000
0.000000
0.000000
0.000000
0.000000
0.000000
0.000000
0.000000
0.000000
0.000000
0.000000
0.000000
0.000000
0.007390
0.053377
0.113289
0.204477
0.220972
0.176466
0.154309
0.172701
0.154185
0.098765
0.181200
0.324141
0.515462
0.743492
0.986752
1.234583
1.621244
2.106492
2.657924
3.164579
3.321311
3.502307
4.128251
4.593060
3.834557
2.956850
2.261898
1.703330
1.245811
0.892909
0.628580
0.428064
0.251502
0.122303
0.044042
0.016651
0.010860
0.002339
0.001702
0.016045
0.041701
0.058162
0.053605
0.030095
0.011654
0.000718
0.001922
0.002242
0.009160
0.027068
0.046900
0.055622
0.071477
0.116170
0.157151
0.173179
0.218877
0.262214
0.287692
0.268890
0.313758
0.367833
0.374077
0.457884
0.567475
0.691409
0.829255
0.975631
1.119658
1.266085
1.426381
1.605282
1.789652
2.011106
2.264915
2.502746
2.635509
2.574923
2.404312
2.197391
1.996290
1.840699
1.879087
1.833139
1.714940
1.567980
1.448487
1.352110
1.341839
1.513825
1.700137
1.866287
1.959068
1.915124
1.812328
1.856966
2.321286
2.800514
3.339081
3.791107
3.789961
3.337873
2.773791
2.440000
2.314152
2.348009
2.432834
2.520680
2.657866
2.734252
2.695035
2.609250
2.435663
2.252716
2.516026
2.644355
2.535757
2.183108
1.769187
1.376284
1.250127
1.399553
1.626629
1.834615
1.997550
2.258168
2.576209
2.918169
3.273845
3.613650
3.839729
3.837095
3.634621
3.355837
3.001266
2.679229
2.428557
2.540602
2.637782
2.809012
3.067285
3.357848
3.678247
4.018913
4.374318
4.666665
4.830548
4.731611
4.579247
4.315636
4.251419
4.244844
4.024387
3.870931
3.680423
3.366282
3.106582
3.494740
3.894093
4.270575
4.696870
5.036317
5.123718
4.969198
4.698757
4.316859
4.003224
3.908135
3.766660
3.479339
3.171836
3.259032
3.780313
4.355220
4.995846
5.668499
6.314514
6.669075
6.582250
6.293629
5.990243
5.564755
4.981262
4.373903
3.821762
3.306421
2.873438
2.486269
2.284513
2.217252
2.476451
3.075642
3.753484
4.523059
5.464968
6.512745
7.426073
7.856101
7.331439
6.460046
5.448286
4.498784
3.675483
2.952883
2.335831
2.201613
2.078091
1.837388
1.700569
1.553042
1.502986
1.592012
1.874927
2.377434
2.962104
3.272338
3.380455
3.305458
3.056611
2.993221
3.064992
3.305264
3.443179
3.522471
3.460644
3.337719
3.249671
3.259016
3.401629
3.562479
3.648185
3.574355
3.407044
3.192553
2.978148
2.906466
2.937450
2.845394
3.118067
3.386800
3.638351
3.752484
3.775100
3.981081
4.200217
4.417214
4.556125
4.714993
4.773880
4.630620
4.368153
4.030725
3.772650
3.488358
3.468734
3.750193
4.034497
4.303777
4.514343
4.592742
4.495456
4.399508
4.208487
3.975912
3.742842
3.528081
3.371387
3.229976
3.036503
2.812854
2.746403
2.921894
3.121513
3.306709
3.446950
3.433196
3.553288
3.733693
3.796183
3.717061
3.535317
3.392800
3.177818
2.926562
2.659200
2.400824
2.238702
2.480900
2.671001
2.953375
3.345768
3.771491
4.230139
4.714036
5.220675
5.690281
6.010820
5.906776
5.499414
5.015992
4.538513
4.079289
3.635695
3.215014
2.824062
2.468823
2.816664
3.072466
2.963546
2.775548
2.406860
2.050102
1.707426
1.642715
1.857824
1.839695
2.039364
2.358701
2.432962
2.311254
2.458131
2.636341
2.683289
2.652910
2.573152
2.485113
2.315137
2.026159
1.560298
1.359429
1.277331
1.233172
1.180860
1.055662
0.778085
0.446542
0.225956
0.166630
0.225417
0.236420
0.185939
0.114558
0.058292
0.021687
0.027480
0.057312
0.100733
0.155656
0.216393
0.272354
0.292948
0.262927
0.208022
0.155713
0.129236
0.130778
0.107871
0.082226
0.062970
0.061091
0.081429
0.111003
0.114775
0.125298
0.187929
0.242334
0.239776
0.218442
0.169547
0.098571
0.077419
0.078479
0.077817
0.077463
0.075922
0.068947
0.045881
0.016587
0.076849
0.128651
0.132701
0.084439
0.022586
0.000000
0.000000
0.000000
0.000000
0.000000
0.000000
0.000000
0.000000
0.000000
0.000000
0.000000
0.000000
0.000000
0.000000
0.000000
0.000000
0.000000
0.000000
0.000000
0.000000
0.000000
0.000000
0.000000
0.000000
0.000000
0.021642
0.094017
0.182207
0.238462
0.255212
0.235145
0.179218
0.093979
0.028868
0.010754
0.019450
0.032605
0.039248
0.012785
0.001180
0.000000
0.000000
0.000000
0.000000
0.000000
0.000000
0.000000
0.000000
0.000000
0.000000
0.000000
0.000000
0.000000
0.000000
0.000000
0.000000
0.000000
0.000000
0.000000
0.000000
0.000000
0.000000
0.000000
0.000026
0.020324
0.074773
0.131325
0.149276
0.100334
0.037401
0.061098
0.058046
0.092377
0.102766
0.077923
0.038995
0.011597
0.000179
0.000000
0.000000
0.000000
0.000291
0.008295
0.042640
0.119080
0.248351
0.436079
0.684809
0.991134
1.341336
1.794778
2.341096
2.868979
3.073834
2.869790
2.338695
1.794605
1.365032
0.998420
0.688922
0.441061
0.499943
0.610269
0.670421
0.790711
1.209541
1.400406
1.392313
1.178421
0.690374
0.370265
0.288166
0.427880
0.599942
0.797344
0.973116
1.060490
0.986453
0.791021
0.586666
0.550432
0.683166
0.826352
0.961726
1.053266
1.057282
1.074933
1.125761
1.123977
1.048350
0.983243
0.896943
0.934263
1.013416
1.010517
0.941089
0.888818
1.051754
1.250038
1.469856
1.716424
1.936940
2.097469
2.049106
1.876670
1.664731
1.442315
1.261016
1.156504
1.290151
1.451050
1.618610
1.820705
2.055566
2.230991
2.246215
2.203676
2.143430
2.133348
2.157063
2.067326
1.886879
1.682778
1.478793
1.279446
1.092685
1.212402
1.477211
1.827270
2.236215
2.693353
3.141353
3.481923
3.536081
3.339414
3.171329
3.101794
3.042386
2.897928
2.717074
2.881477
3.465165
4.173872
4.917593
5.560236
6.262997
6.923564
7.383911
8.374930
9.721154
11.193737
12.477873
13.179545
12.354263
10.960254
9.456900
8.041380
6.815428
7.396680
8.349306
9.350263
10.111265
10.246383
9.757534
9.222206
9.005155
9.278905
9.029695
8.426938
7.539804
6.657456
5.823471
5.073272
4.422395
4.630147
3.951671
3.797975
3.751944
3.670353
3.329213
3.061787
2.906494
3.204457
3.475496
3.782331
4.049449
4.098974
4.039914
4.094296
4.437354
4.882970
5.351114
5.797588
6.179144
6.293726
6.103986
5.655387
5.186296
4.704642
4.239447
3.807666
3.591893
3.799310
3.851845
3.766109
3.530431
3.250007
2.938702
2.607435
2.322833
2.088449
2.047106
2.262699
2.486041
2.653631
2.686337
2.555286
2.369069
2.341081
2.551137
3.107709
3.737995
4.448450
5.237844
6.074002
6.832834
7.267959
6.865615
6.123024
5.320705
4.521087
3.782019
3.128778
2.565346
2.080027
1.678428
1.391994
1.496477
1.521362
1.408796
1.265881
1.118716
1.169724
1.148344
1.359042
1.643549
1.946373
2.247633
2.448119
2.427883
2.199089
1.888618
1.669017
1.564167
1.401058
1.573134
1.700435
1.571185
1.914172
2.133010
2.266207
2.189686
2.086431
1.929510
1.677638
1.402311
1.096099
1.010464
0.961620
0.850323
0.759602
0.780675
0.769452
0.712101
0.618846
0.561936
0.785486
0.969199
1.124399
1.316555
1.581743
1.969313
2.159217
2.146029
2.057547
2.016699
1.851640
1.731795
1.650000
1.502522
1.392636
1.578917
1.757971
1.912143
1.981490
1.990429
2.079786
2.061042
1.910767
2.016415
2.152848
2.178766
2.314897
2.500985
2.577694
2.610160
2.727852
2.923508
3.021730
3.122713
3.309607
3.458366
3.490540
3.654327
3.933127
4.160763
4.331541
4.312714
4.114263
4.007096
4.310771
4.606925
4.815408
4.826454
4.606042
4.356772
4.499454
4.910017
4.915023
4.571676
4.381592
4.397768
4.521263
4.445507
4.088626
3.654137
4.113419
4.779849
5.287484
5.782712
5.760536
5.233981
4.585561
4.209913
4.808758
5.787968
6.906666
8.164756
9.585916
11.173350
12.845572
14.129481
14.130578
13.047035
11.509031
9.944262
9.675817
10.990875
12.396240
13.736172
14.872818
15.060951
14.321214
13.102836
11.648550
10.413629
9.911958
10.944943
12.079848
13.214070
14.044628
14.189874
13.483449
13.314082
12.987055
12.248535
11.471033
10.920846
10.619267
10.169698
9.336095
8.446199
7.601815
6.978669
6.373805
6.047724
5.605792
5.150357
4.890568
5.035495
5.047874
4.865054
5.299041
5.435937
5.283195
4.770365
3.746688
4.056860
4.353179
4.461845
4.508176
4.403235
4.247652
4.299374
4.633223
4.867101
4.916116
4.750595
4.618845
4.636287
4.732771
5.104601
5.500175
5.816648
6.038911
6.138385
6.081655
5.953643
6.430406
6.825408
7.201066
7.579166
7.974314
8.350264
8.709273
9.068659
9.381348
9.505497
9.410690
9.073623
8.661504
8.516582
8.957283
9.433749
9.935888
10.470072
11.027162
11.589152
12.102657
12.416831
12.365943
11.899184
11.324613
11.152276
11.409623
11.397374
11.019077
10.506725
9.992759
9.513038
9.040553
8.576497
8.290368
8.033029
7.692699
7.762911
7.605776
7.219940
7.361672
8.067649
8.288208
8.016630
7.231058
6.395958
6.052458
5.920705
6.018473
6.299949
6.789480
7.364956
7.805998
8.018807
7.946730
7.448889
6.950005
6.288078
5.393249
4.769433
4.093301
3.417641
3.441996
3.331236
3.656319
3.920798
4.120677
4.339087
4.557765
4.510636
4.832963
5.242528
5.219201
5.004360
4.502569
3.875726
3.291159
3.293178
3.867817
4.443654
5.202693
6.103781
7.141087
8.316007
9.480026
10.306704
10.287651
9.405622
8.215127
7.042933
6.026932
5.540497
5.036375
5.679853
5.998743
5.891204
5.549355
4.912931
4.779963
5.194350
5.348915
5.172415
4.737769
4.347288
4.520167
4.296263
3.831763
3.430353
3.737447
4.073124
4.392630
4.626238
4.712151
4.830181
5.334018
5.886951
6.361517
6.593804
6.530164
6.160545
5.678706
5.136257
4.677040
4.792393
4.637551
4.981623
5.268976
5.360630
5.329322
5.438365
5.249559
4.924570
4.542016
4.168567
3.972519
3.956815
3.835840
3.884294
4.192961
4.312191
4.095663
3.698950
3.257560
2.841635
2.478361
2.672650
2.789641
2.890241
3.038539
3.299649
3.763074
4.085655
4.006873
3.624587
3.151499
2.873199
2.891665
2.754567
2.815810
3.006183
3.132610
3.037826
2.749980
2.356632
2.070170
1.803809
1.877296
1.765338
1.443913
1.497453
1.658012
1.421957
1.126777
1.301850
1.400176
1.426629
1.602517
1.728110
1.733822
1.665873
1.694003
1.956701
2.210136
2.351743
2.437043
2.255853
2.086385
1.758541
1.510594
1.431907
1.592011
1.843784
2.106179
2.262511
2.446198
2.734477
3.110552
3.540258
4.030199
4.572646
5.153503
5.739029
6.205994
6.161464
5.564682
5.387990
5.763512
6.380414
7.085656
7.797923
8.340875
8.555185
9.313746
10.290511
11.295193
11.984334
11.337773
9.535810
7.818723
5.268501
4.550573
4.787196
5.498871
5.637633
5.661658
6.331518
6.577090
6.115607
4.442026
3.042357
3.073394
3.305434
3.803339
3.944605
2.722803
2.533547
0.000000
0.000000
0.000000
0.000000
0.000000
0.000000
0.000000
0.000000
0.000000
