track	type=wiggle_0
fixedStep	chrom=chr	start=1	step=1
0.000000
0.000000
0.000000
0.000000
0.000000
0.000000
0.000000
0.000000
0.000000
0.000000
0.000000
0.000000
0.000000
0.000000
0.000000
0.000000
0.000000
0.000000
0.000000
0.000000
0.000929
0.021689
0.062840
0.114034
0.137035
0.308183
0.370626
0.302279
0.200105
0.114376
0.049919
0.019719
0.032929
0.089811
0.182879
0.338698
0.508105
0.544976
0.435629
0.607763
0.805288
0.951539
1.046069
1.085377
1.111495
1.370432
1.747103
2.210833
2.749736
3.345126
3.813836
3.822447
3.351893
2.763331
2.247697
1.840565
2.146764
2.372800
2.483648
2.318298
1.992476
1.617571
1.278294
0.988078
0.744510
0.543204
0.381790
0.264107
0.310096
0.348026
0.298435
0.223908
0.457916
0.798794
0.929796
0.959120
0.929797
0.796235
0.447554
0.294932
0.334250
0.288555
0.209181
0.127392
0.064827
0.062246
0.082338
0.212831
0.425136
0.665726
0.842765
0.993127
1.083115
1.096183
1.026937
1.042354
1.183490
1.320500
1.398981
1.493156
1.672525
1.880440
2.108034
2.344382
2.542048
2.625322
2.571692
2.696724
2.707733
2.578653
2.361837
2.126693
1.904235
1.697987
1.499269
1.404679
1.598177
1.816561
2.003350
2.078151
2.015985
1.874542
1.924762
1.882295
2.000417
2.023097
1.931269
2.009257
2.323273
2.667657
3.043322
3.459866
3.914140
4.406891
4.927409
5.400173
5.599077
5.400174
4.934468
4.460094
4.001616
3.635023
3.551625
4.104073
4.627984
4.624687
4.075385
3.358259
2.709254
2.124653
1.629246
1.321305
1.344408
1.314289
1.415133
1.554805
1.680348
1.736175
1.678636
1.620602
1.533571
1.375282
1.209219
1.108692
1.150429
1.084272
0.968677
0.905582
0.801760
0.708547
0.613061
0.539085
0.410420
0.405009
0.488181
0.589606
0.701655
0.811004
0.897625
0.958173
1.280939
1.431174
1.331895
0.907699
0.556490
0.406979
0.329580
0.308514
0.333308
0.333154
0.332348
0.342696
0.339574
0.300923
0.244410
0.185497
0.134787
0.091532
0.120695
0.186399
0.249509
0.319817
0.373643
0.416501
0.490091
0.575335
0.663133
0.734216
0.772324
0.817757
0.812886
0.749530
0.652973
0.556358
0.472412
0.623145
0.757566
0.858406
0.909243
0.859828
0.781353
0.671527
0.565374
0.450407
0.371249
0.349140
0.268747
0.151486
0.242941
0.345510
0.401919
0.386085
0.490274
0.660069
0.866075
1.134016
1.430078
1.648801
1.648802
1.430077
1.133227
0.859154
0.633037
0.452188
0.301776
0.185856
0.102355
0.086818
0.084747
0.064441
0.150051
0.360742
0.478952
0.521256
0.530177
0.521256
0.477444
0.358868
0.220728
0.289770
0.359402
0.401994
0.398942
0.353709
0.283034
0.318357
0.339858
0.349894
0.441482
0.544696
0.648979
0.723128
0.722703
0.765338
0.801791
0.760003
0.652630
0.534316
0.425940
0.335969
0.327182
0.401884
0.454376
0.446747
0.389633
0.311178
0.241257
0.198820
0.207321
0.183338
0.137297
0.094181
0.069948
0.148928
0.261642
0.411368
0.603516
0.840463
1.124785
1.443268
1.726421
1.778818
1.859595
1.806270
1.503413
1.164380
1.265639
1.533537
1.809718
1.946870
1.921823
1.988603
1.890563
1.607234
1.300693
1.019853
0.780529
0.582847
0.525467
0.629157
0.635622
0.624430
0.607695
0.731941
1.022739
1.370654
1.794164
2.258731
2.646610
2.652146
2.541913
2.531305
2.285932
1.660029
1.085033
1.140966
1.326177
1.311590
1.113438
0.855892
0.624513
0.443504
0.354202
0.264258
0.174079
0.101384
0.079915
0.075215
0.171184
0.290002
0.432405
0.552044
0.594672
0.594672
0.550425
0.423215
0.187940
0.070420
0.033996
0.040118
0.061117
0.070063
0.052609
0.021258
0.001769
0.000000
0.000000
0.000000
0.000000
0.000000
0.000000
0.000000
0.000000
0.000000
0.000000
0.000000
0.000000
0.000000
0.000000
0.000000
0.000000
0.000000
0.000000
0.000000
0.000000
0.000000
0.000000
0.000000
0.000000
0.000000
0.000022
0.020582
0.063455
0.083028
0.120963
0.150822
0.153888
0.150659
0.148618
0.143248
0.122530
0.060020
0.043675
0.093814
0.123025
0.092222
0.041160
0.007815
0.000000
0.000000
0.000000
0.000000
0.000000
0.000000
0.001872
0.056116
0.102358
0.122427
0.136489
0.150538
0.150538
0.136301
0.121663
0.099814
0.051456
0.000421
0.000000
0.000000
0.000000
0.000000
0.002324
0.008869
0.010006
0.004631
0.000020
0.000000
0.000000
0.000000
0.000000
0.000000
0.000000
0.000000
0.000000
0.000000
0.000000
0.000000
0.000000
0.000000
0.000000
0.000000
0.003307
0.008796
0.052017
0.124502
0.179472
0.149424
0.082226
0.026101
0.052015
0.117164
0.201831
0.251591
0.391237
0.574544
0.749431
0.974462
1.218706
1.582619
2.048248
2.611778
3.260603
3.925352
4.420505
4.380643
3.811013
3.611299
4.286097
4.928097
5.233690
5.103418
4.501265
3.853445
3.211830
2.650803
2.179643
1.795304
1.596717
1.724758
1.726820
1.646748
1.614075
1.648547
1.912068
1.974139
1.756534
1.519690
1.233454
0.803162
0.577544
0.738464
0.922594
1.124323
1.302831
1.387171
1.304345
1.150787
0.960111
0.774342
0.661830
0.674910
0.736445
0.787976
0.796361
0.792191
0.934164
1.068048
1.142383
1.107336
0.983096
1.060866
1.195863
1.301328
1.424633
1.590721
1.795888
2.020036
2.257999
2.488591
2.660401
2.768019
2.765218
2.596724
2.375647
2.352898
2.622514
2.779885
2.912379
2.959300
2.898345
2.701854
2.472951
2.569393
2.796992
2.953373
2.953594
2.798820
2.553988
2.592261
2.798689
2.932341
2.843381
2.667277
3.271551
3.970666
4.771555
5.557146
5.859527
5.576517
4.797201
4.057070
3.586502
3.594184
3.905323
3.898591
3.567040
3.191797
3.459371
3.671538
3.724379
4.074507
4.435440
5.732426
6.370019
6.542958
6.832014
7.557179
8.177229
8.452039
8.187747
7.585260
6.862461
6.163836
5.522641
4.935065
4.393639
3.901082
4.139609
4.507079
4.472473
4.952917
5.564215
5.988791
6.774715
7.732564
8.622842
8.994349
8.628611
7.743952
6.740887
5.794669
4.954397
4.210666
3.556122
2.975192
2.474237
2.044143
1.683022
1.503846
1.311669
1.293035
1.345420
1.364350
1.266712
1.135383
1.232094
1.329807
1.405895
1.470187
1.508146
1.571505
1.512683
1.373843
1.292412
1.429721
1.452462
1.639166
1.859108
2.096966
2.320278
2.463533
2.475968
2.358345
2.178047
1.991518
1.791551
1.597635
1.450805
1.394692
1.470016
1.401883
1.324150
1.410003
1.437153
1.268295
1.209947
1.163677
1.287836
1.438271
1.555790
1.604157
1.744389
1.933819
2.113312
2.264245
2.365508
2.348871
2.224554
2.057822
1.900127
1.755341
1.602207
1.448564
1.283694
1.445348
1.671259
2.074847
2.527927
2.759813
2.532403
2.060903
1.592135
1.559389
1.661304
1.657995
1.551178
1.407178
1.277326
1.162863
1.170598
1.339275
1.322652
1.159536
0.995379
0.987144
1.225452
1.407081
1.394062
1.211990
0.985211
0.778810
0.667358
0.602486
0.482892
0.849830
1.176324
1.269449
1.178486
0.853138
0.887022
1.027152
1.180883
1.366593
1.544335
1.686163
1.688778
1.707523
1.854842
1.985712
1.991714
1.832152
1.626582
1.412910
1.210653
1.106580
1.270919
1.390432
1.394938
1.303032
1.185715
1.065559
0.923007
0.780346
0.757148
0.946389
1.123293
1.333270
1.556074
1.798328
2.077022
2.398459
2.642471
2.643140
2.392882
2.072065
1.748964
1.448974
1.179342
1.026752
0.944836
0.929324
1.129067
1.441193
1.606425
1.524526
1.794389
2.299981
2.970335
3.596097
3.573738
2.944724
2.440564
2.253223
1.940045
2.108127
2.536245
2.472111
1.896256
1.570178
1.271310
0.929285
0.803851
0.966072
1.017682
0.928524
0.780384
0.614978
0.671033
0.760758
0.725981
0.571334
0.424070
0.393426
0.342839
0.309498
0.285199
0.260166
0.221084
0.176801
0.149618
0.159634
0.199434
0.229279
0.224080
0.256202
0.324532
0.394795
0.446077
0.490059
0.499847
0.475169
0.424545
0.493807
0.590303
0.701829
0.805628
0.881230
0.894734
0.837935
0.734364
0.624252
0.522132
0.428994
0.423888
0.450134
0.441678
0.396451
0.341510
0.286797
0.225465
0.155589
0.112493
0.115148
0.123445
0.102731
0.103794
0.099192
0.126862
0.128072
0.102180
0.105633
0.115764
0.106436
0.082097
0.133591
0.213575
0.296830
0.336218
0.332549
0.555736
0.681606
0.590333
0.385848
0.270440
0.233000
0.213655
0.205398
0.204636
0.290588
0.443922
0.634018
0.868556
1.136568
1.480805
1.909571
2.416664
3.018236
3.688081
4.326882
4.807277
4.803872
4.276191
3.543824
2.844857
2.276232
1.913152
2.026979
2.132254
1.976969
1.712187
1.386277
1.074330
1.294174
1.591247
1.916980
2.251906
2.467578
2.428506
2.166838
1.815315
1.490523
1.230629
1.518084
1.721997
1.724889
1.520054
1.624917
1.812464
1.909099
1.798963
1.581468
1.406450
1.831236
2.229744
2.535447
3.151497
3.985413
4.562611
4.003890
3.194036
2.492242
2.296568
2.389089
2.294564
2.017488
1.724059
1.451547
1.208463
0.998888
0.818075
0.708848
0.722434
0.805669
0.960748
1.076439
1.078739
0.975669
0.821868
0.661580
0.509481
0.377187
0.327120
0.324278
0.329691
0.292253
0.265666
0.337413
0.375537
0.379543
0.486097
0.601108
0.717446
0.810308
0.844502
0.797702
0.686676
0.563217
0.447059
0.343423
0.263389
0.197763
0.142516
0.099828
0.067245
0.061209
0.045808
0.040263
0.041055
0.082314
0.180365
0.339884
0.577324
0.897612
1.297026
1.562141
1.662580
1.658728
1.526948
1.154133
0.662274
0.397180
0.212633
0.107980
0.119875
0.180379
0.270504
0.352804
0.453723
0.532786
0.581133
0.583894
0.529789
0.439956
0.333376
0.233316
0.222792
0.420388
0.697420
1.067742
1.272003
1.243801
0.944949
0.547445
0.294286
0.137897
0.050175
0.007511
0.000000
0.000000
0.000000
0.000000
0.000000
0.000000
0.000000
0.000000
0.000000
0.000000
0.000000
0.000000
0.000000
0.000000
0.000000
0.000000
0.000000
0.000000
0.000000
0.000000
0.000000
0.000000
0.000000
0.000000
0.000000
0.000000
0.000000
0.000000
0.000000
0.000000
0.000000
0.000000
0.000000
0.000000
0.000000
0.000000
0.000000
0.000000
0.000000
0.000000
0.000000
0.000000
0.000000
0.000000
0.000406
0.019345
0.070877
0.161336
0.295274
0.488127
0.746032
1.077814
1.492633
1.984744
2.537250
2.986379
2.992660
2.552284
2.013436
1.517444
1.105626
0.982921
1.284850
1.600167
1.794595
1.864236
1.639902
1.328432
0.993514
0.712333
0.488567
0.316730
0.186238
0.146517
0.202768
0.343341
0.614981
0.879001
0.864346
0.549857
0.275163
0.128837
0.041548
0.002864
0.000000
0.000000
0.000000
0.000000
0.000000
0.000000
0.000000
0.000000
0.000000
0.000000
0.000000
0.000000
0.000000
0.000000
0.008244
0.072347
0.117649
0.132306
0.136422
0.138370
0.135497
0.119394
0.068207
0.003924
0.000000
0.000000
0.000000
0.000000
0.000000
0.000000
0.000000
0.000000
0.000000
0.000000
0.000000
0.000000
0.000000
0.000000
0.000000
0.000000
0.000000
0.000000
0.000000
0.000000
0.000000
0.000000
0.000384
0.009885
0.011180
0.016247
0.077859
0.189179
0.354780
0.582462
0.871233
1.226493
1.678735
2.216391
2.768514
2.763796
2.232633
1.758538
1.357448
1.579086
1.993905
2.474755
3.021317
3.586848
4.006205
4.134796
3.853909
3.312614
2.789487
2.749642
3.381527
3.926659
4.153390
4.249527
4.608943
4.662146
4.099240
3.405594
2.719353
2.123515
1.637885
1.239496
0.905728
0.639400
0.449678
0.445095
0.519937
0.599217
0.561002
0.431476
0.288701
0.170603
0.086975
0.034670
0.007072
0.000551
0.000922
0.004110
0.004034
0.008584
0.025228
0.060056
0.174897
0.319153
0.370852
0.308848
0.331026
0.343157
0.343711
0.305595
0.242695
0.180904
0.244834
0.319252
0.404631
0.506672
0.628953
0.765824
0.910945
1.044351
1.107742
1.203261
1.333403
1.486193
1.659860
1.869288
2.108075
2.364910
2.552681
2.629482
2.556713
2.366892
2.144235
1.928100
1.728835
1.550433
1.712917
1.901751
2.107152
2.307346
2.498911
2.730853
2.984766
3.218459
3.389617
3.434031
3.373300
3.165731
2.922585
2.795359
3.331469
3.785581
3.785697
3.331811
2.768662
2.256176
1.964203
1.856057
1.718970
1.820072
1.843222
1.829444
1.725986
1.582116
1.420853
1.265435
1.261743
1.192375
0.963655
0.696862
0.568452
0.522975
0.587475
0.840970
1.211669
1.549961
1.565583
1.344958
1.586238
1.849426
2.120064
2.380538
2.551514
2.552172
2.385626
2.165474
1.888347
1.633655
1.438170
1.640511
1.813721
1.877820
2.119311
2.427047
2.668053
2.775401
2.596519
2.290232
1.985964
1.971294
1.946856
1.722585
1.439224
1.329667
1.344925
1.418763
1.372040
1.252106
1.164667
1.515155
1.931794
2.439823
3.037546
3.730525
4.514692
5.286695
5.871809
5.885259
5.330021
4.557735
3.796296
3.166592
2.595350
2.092648
1.664744
1.304362
1.260661
1.328888
1.548050
1.720350
1.831453
1.769857
1.676782
1.479202
1.227888
0.978334
0.763901
0.575075
0.432404
0.327223
0.401651
0.447856
0.478274
0.449222
0.393497
0.418550
0.441380
0.408945
0.438004
0.478358
0.505173
0.710534
0.952681
1.103624
1.224643
1.232474
1.138693
1.056471
0.942676
0.800659
0.739688
0.740125
0.678659
0.690865
0.735249
0.754575
0.739548
0.777857
0.824339
0.785374
0.829385
0.943518
1.044868
1.117626
1.101612
1.098696
1.168988
1.136798
1.054914
0.971811
0.883512
0.771943
0.668309
0.761554
0.892874
1.026729
1.137515
1.164562
1.122469
1.054226
1.129740
1.196174
1.354922
1.473453
1.606892
1.607109
1.512616
1.390426
1.257180
1.129667
1.016149
0.897389
0.779478
0.757807
0.743664
0.695929
0.624932
0.681044
0.711238
0.712340
0.709018
0.783937
0.840319
0.887511
0.865986
0.787300
0.688433
0.606072
0.578849
0.679590
0.804563
0.941065
1.086573
1.242299
1.413215
1.588902
1.748814
1.807933
1.726610
1.535469
1.335472
1.352565
1.268677
1.078062
0.906013
0.876148
1.080946
1.294811
1.480697
1.543486
1.480413
1.294569
1.140063
1.398601
1.723364
1.961263
2.172921
2.791839
3.434897
3.995620
4.046565
3.592646
2.984836
2.589189
2.717619
2.635873
2.309507
2.480953
2.887384
3.143928
3.030993
2.845184
2.480651
2.123054
1.772107
1.440513
1.191876
1.612014
2.063656
2.378011
2.452484
2.337509
2.477657
2.680115
2.732221
2.696987
2.614164
2.522753
2.349785
2.057349
1.589313
1.383714
1.300955
1.255220
1.199697
1.070176
0.786730
0.447697
0.222671
0.218394
0.283819
0.296092
0.239225
0.156729
0.088555
0.040877
0.021341
0.054246
0.105762
0.155371
0.164158
0.135548
0.088017
0.042403
0.014839
0.001243
0.000000
0.000000
0.000000
0.000000
0.000000
0.000000
0.000000
0.000000
0.000000
0.000000
0.000000
0.000000
0.000569
0.026352
0.053020
0.068000
0.073079
0.073830
0.072836
0.072694
0.072111
0.065592
0.042920
0.014742
0.072366
0.122908
0.127372
0.080906
0.020664
0.000000
0.000000
0.000000
0.000000
0.000000
0.000000
0.000000
0.000000
0.000000
0.000000
0.000000
0.000000
0.000000
0.000000
0.000000
0.000000
0.000000
0.000000
0.000000
0.000000
0.000000
0.000000
0.000000
0.000000
0.000000
0.018953
0.088115
0.173973
0.229163
0.245983
0.226291
0.171351
0.088278
0.025992
0.010173
0.033216
0.084916
0.104319
0.066661
0.019273
0.001784
0.005394
0.006060
0.001300
0.000000
0.000000
0.000000
0.000000
0.001013
0.032433
0.122808
0.286402
0.565418
0.912975
1.084687
1.126584
1.090091
0.905756
0.541915
0.502472
0.445262
0.289968
0.307776
0.496157
0.738265
0.980096
1.103493
1.041150
0.869343
0.691606
0.582325
0.865547
1.205236
1.444467
1.507746
1.281474
0.970610
0.690120
0.522114
0.554478
0.631775
0.598538
0.584097
0.843965
1.157393
1.448533
1.496571
1.432654
1.383466
1.353076
1.238337
1.115395
1.340555
1.573379
1.897376
2.281229
2.658577
2.809892
2.672948
2.337237
1.952677
1.601450
1.562139
1.813904
1.962959
1.919781
1.674840
1.399759
1.151728
1.031254
0.925827
1.022268
1.054344
1.091919
1.083418
1.090259
1.081837
1.178105
1.335124
1.528195
1.750747
1.999047
2.261596
2.502946
2.647303
2.651990
2.627131
2.732800
2.704610
2.586413
2.685076
2.614691
2.567709
2.635139
2.575743
2.364139
2.137902
2.329058
2.484422
2.526774
2.411637
2.449090
2.643690
2.683000
2.558932
2.643116
2.876949
2.973475
2.893890
2.787810
2.810284
2.641096
2.424854
2.675342
2.782132
2.712487
2.593240
2.849303
3.022874
3.052799
2.928101
2.736125
2.568488
2.316477
2.049058
1.792321
1.853239
2.200877
2.651531
3.171388
3.752905
4.332697
4.725701
4.728925
4.386395
3.893138
3.353091
2.913040
2.882526
3.299911
3.775970
4.290190
4.802991
5.136899
5.221574
5.893919
6.538222
6.993730
7.967515
9.279228
10.717596
11.991331
12.703912
11.890698
10.508237
9.043778
7.666828
6.506450
6.345784
7.234813
8.137376
8.643398
8.573000
8.087495
7.311581
7.404570
7.630813
7.448109
6.851078
6.037549
5.258059
4.634172
3.978584
4.027632
3.386583
3.124889
3.671243
3.800627
4.086719
4.073051
3.614291
3.032523
2.460811
1.982582
1.654585
1.369637
1.142001
1.061903
1.139951
1.129300
1.132967
1.162002
1.374336
1.607076
1.704804
1.825969
2.026791
2.142170
2.274948
2.435662
2.646764
2.856052
3.017703
2.991400
2.795650
2.555202
2.355972
2.150813
2.225275
2.193162
2.240768
2.333750
2.428961
2.462417
2.403778
2.680901
2.975060
3.185914
3.233391
3.088305
2.826160
2.554842
2.282030
2.009404
1.780928
1.661845
1.566211
1.375461
1.308826
1.296856
1.114345
0.973389
0.729444
0.704980
0.713095
0.783553
0.877310
0.916409
1.061688
1.176762
1.337106
1.398852
1.534809
1.697734
1.938318
2.219065
2.381417
2.492129
2.557427
2.743928
2.981328
3.229411
3.395018
3.431861
3.294574
3.051738
2.804947
2.641119
2.954575
3.172294
3.166847
2.970861
3.055990
3.229119
3.036140
2.696475
2.211904
1.744597
1.343600
1.253472
1.250750
1.569238
1.780854
1.740310
1.629081
2.018146
2.681788
3.621362
4.890080
5.509229
5.698321
5.700104
5.513955
4.915657
3.699095
2.770137
2.057215
1.490474
1.038931
0.835812
0.778739
0.723470
0.818393
0.911089
1.006636
1.063297
1.037014
0.960505
0.832523
0.907024
0.907460
1.037709
1.158557
1.176602
1.252886
1.367764
1.450317
1.538478
1.850245
2.262124
2.404615
2.571428
2.790904
2.902461
2.868468
2.961216
3.095749
3.127365
3.328164
3.434218
3.375881
3.273686
3.150516
3.193483
3.335191
3.508425
3.613343
3.511523
3.555929
3.674755
3.656380
3.507559
3.460474
4.065884
4.742370
5.491132
6.318264
7.221885
8.184110
9.074302
9.572590
9.482390
8.772236
7.821405
7.687686
8.819734
10.151273
11.621435
13.218056
14.871345
16.245087
17.197224
16.607317
15.071005
13.218011
11.405120
12.309473
13.765652
15.032860
16.040909
16.614559
15.909168
14.617839
13.077991
11.747158
11.525905
11.231771
11.807487
12.882587
13.866400
14.387546
14.419387
14.395818
13.968560
13.099008
11.944398
10.814299
9.858411
9.317370
8.596997
7.778389
7.184668
7.353829
7.615338
7.489357
6.966279
6.400228
6.134956
5.861445
5.880488
5.655679
5.291870
5.160824
5.292467
5.136175
4.600956
3.512056
2.895442
2.926297
2.907641
2.886947
2.873913
2.661235
2.418368
2.316196
2.229117
2.043602
2.066007
2.300302
2.488001
2.635049
2.703547
2.556314
2.703804
2.964483
3.255282
3.749702
4.411778
4.986182
5.402706
5.786043
6.176860
6.653407
7.359807
8.565892
10.119049
11.175976
11.647407
11.692266
11.341892
10.866637
10.746815
11.254843
11.805242
12.381093
12.996243
13.643600
14.297976
14.895288
15.278603
15.264071
14.761122
14.105370
13.970382
14.247033
14.177578
13.754061
13.157542
12.575644
12.042974
11.494010
10.945999
10.412825
9.931796
9.898538
9.954276
9.734622
9.290644
8.937065
9.888819
10.235550
9.966628
9.088039
8.199391
7.809168
7.631793
7.731367
8.017376
8.558322
9.144883
9.543624
9.638875
9.403481
8.619746
7.702902
6.576694
5.623143
4.779862
4.042593
3.312026
2.822459
2.840773
3.018448
3.218354
3.384109
3.578136
3.775157
3.730827
3.431989
3.216553
3.001676
2.721182
2.365994
2.334774
2.388201
2.562041
2.705436
2.790526
2.884144
3.214777
3.566921
3.986085
4.528639
5.163433
5.874373
6.676341
7.462189
8.024372
8.039230
7.487623
6.694711
5.918484
5.253598
4.641892
4.078153
3.700078
4.157488
4.546203
4.584066
4.316865
3.925286
3.512660
3.109921
2.865870
2.750803
2.788006
3.020722
3.164350
2.967473
2.619319
2.356762
2.547915
2.898109
3.234731
3.558178
3.867747
3.948933
3.794739
3.674471
3.603161
3.726088
3.855283
3.895752
3.747969
3.742446
4.179999
4.659424
4.918878
4.743556
4.283037
3.789449
3.397358
3.513712
3.383427
3.118938
2.868359
3.114622
3.364529
3.415040
3.231048
2.959404
2.617472
2.307335
2.024330
1.897115
2.198267
2.593263
3.033960
3.482718
3.796342
3.721948
3.346410
2.892015
2.456384
2.066086
1.710958
1.568575
1.672366
1.800513
1.977497
2.181501
2.398568
2.606966
2.767818
2.730422
2.581198
2.641610
2.630627
2.457818
2.363381
2.332062
2.350573
2.348595
2.506061
2.729405
2.967122
3.152985
3.151374
2.754734
2.629970
2.664383
2.534723
2.570518
2.753148
2.950560
3.206853
3.484040
3.698090
3.670034
3.260545
3.095790
3.263340
3.522923
3.780192
3.848161
3.343336
3.085433
3.215256
3.479390
3.695803
3.570823
2.887008
2.847194
3.059000
3.279532
3.332175
3.359280
2.974330
2.879689
2.998218
3.178342
3.490404
3.867111
4.248986
4.529509
4.390159
3.764015
3.292536
3.368087
3.688595
4.102627
4.572095
5.082963
5.629969
6.205305
6.808019
7.353829
7.542107
6.434650
5.014539
4.045558
2.962744
2.857595
2.867972
2.286183
1.928773
1.568647
1.494525
1.761024
1.917739
1.511057
0.923606
0.931702
1.105322
1.239232
1.330711
1.022685
1.013779
1.234869
1.494381
1.529433
1.031376
0.603225
0.346889
0.182768
0.200219
0.223184
0.394639
0.545858
0.575692
0.504132
0.180211
0.000000
0.000000
0.000000
0.000000
0.000000
0.000000
0.000000
0.000000
0.000000
