track	type=wiggle_0
fixedStep	chrom=chr	start=1	step=1
0.000000
0.000000
0.000000
0.000000
0.000000
0.000000
0.000000
0.000000
0.000000
0.000000
0.000000
0.009175
0.055937
0.392648
0.825664
1.068368
1.010693
0.774736
0.825105
1.034570
0.767908
0.459518
0.854653
1.327520
1.842131
2.422308
3.016529
3.642960
4.127497
4.123796
3.634414
3.039365
2.503936
2.059889
2.359951
2.596074
2.709222
2.541853
2.204204
1.811994
1.454388
1.145890
0.884659
0.663440
0.494042
0.472228
0.549492
0.610780
0.597351
0.503087
0.449269
0.786839
0.916948
0.946089
0.916948
0.784192
0.438811
0.188334
0.057406
0.027331
0.004821
0.000030
0.000147
0.000294
0.003939
0.005129
0.001363
0.000000
0.005517
0.047780
0.118324
0.182311
0.219985
0.221290
0.473440
0.574444
0.600157
0.603965
0.600157
0.576825
0.532201
0.641176
0.733510
0.782099
0.776229
0.856399
0.862276
0.792936
0.687224
0.574932
0.470356
0.376220
0.293221
0.222822
0.166612
0.228345
0.284317
0.318332
0.298307
0.255957
0.235113
0.252098
0.295330
0.302248
0.389515
0.531416
0.834935
1.275922
2.117033
2.528714
2.640680
2.640680
2.557576
2.258793
1.635568
1.965082
2.110006
2.086212
2.300669
2.881641
3.446223
4.081122
4.597394
4.599114
4.058238
3.346298
2.703594
2.126356
1.640462
1.242907
0.907931
0.636999
0.442824
0.606096
0.775696
0.920206
0.941398
0.842492
0.779549
0.670796
0.556070
0.453218
0.381551
0.323497
0.285227
0.306777
0.292062
0.246857
0.257332
0.289815
0.273290
0.287717
0.334355
0.322021
0.277109
0.308359
0.404472
0.772880
1.261935
1.410846
1.312377
0.893826
0.547114
0.418571
0.317414
0.298708
0.339770
0.333461
0.288894
0.229544
0.235039
0.310518
0.394309
0.472318
0.505343
0.487830
0.442272
0.313895
0.303389
0.265091
0.242796
0.264670
0.309233
0.374225
0.443248
0.497131
0.721774
0.945958
1.019382
0.837020
0.580747
0.361428
0.259604
0.203718
0.216313
0.241732
0.270127
0.332865
0.408041
0.493820
0.582972
0.658921
0.694309
0.660761
0.583155
0.491705
0.407968
0.346653
0.276792
0.213273
0.195705
0.220195
0.210126
0.201095
0.222248
0.226949
0.228233
0.224692
0.208113
0.228470
0.301556
0.385842
0.481080
0.585154
0.687101
0.751255
0.752572
0.692542
0.587489
0.498060
0.542142
0.653643
0.785983
0.928800
1.053639
1.110278
1.058131
0.932950
0.789757
0.655354
0.535000
0.429505
0.337194
0.256424
0.188149
0.131428
0.086107
0.052166
0.026621
0.010259
0.003506
0.011587
0.029820
0.054073
0.070410
0.064602
0.045315
0.022882
0.007265
0.000377
0.000000
0.001468
0.009508
0.009055
0.001108
0.002542
0.022380
0.065489
0.127027
0.194192
0.232587
0.209898
0.292528
0.433217
0.623278
0.859872
1.142056
1.455735
1.733354
1.785857
1.865795
1.812974
1.510371
1.174307
0.872321
0.623587
0.425188
0.270915
0.155890
0.074829
0.024482
0.004154
0.000000
0.000000
0.000000
0.000000
0.000000
0.000712
0.002863
0.001035
0.001019
0.000000
0.000000
0.000000
0.000000
0.000000
0.000000
0.000000
0.000000
0.000000
0.000000
0.000000
0.000000
0.000000
0.000000
0.000000
0.000000
0.000000
0.000000
0.000000
0.000000
0.000000
0.000145
0.026314
0.102175
0.235288
0.426901
0.683951
1.168504
1.614767
1.795349
1.795349
1.614766
1.167127
0.675043
0.398789
0.213313
0.096648
0.025812
0.000369
0.000000
0.000000
0.000000
0.000000
0.000000
0.000000
0.000000
0.000000
0.000000
0.000000
0.000000
0.000000
0.000000
0.000000
0.000000
0.000000
0.000000
0.000000
0.000000
0.003021
0.012558
0.024065
0.030830
0.023077
0.012501
0.005124
0.000448
0.000000
0.000109
0.021283
0.063552
0.083202
0.117624
0.147095
0.150145
0.146988
0.145005
0.139744
0.119363
0.058009
0.052504
0.105680
0.135306
0.104021
0.049839
0.012333
0.000000
0.000000
0.000000
0.000000
0.000000
0.000000
0.001499
0.053933
0.099219
0.118879
0.132499
0.146166
0.146166
0.132345
0.118226
0.097031
0.049788
0.000318
0.000000
0.000000
0.000000
0.001223
0.009931
0.021004
0.022731
0.014259
0.003293
0.000000
0.000000
0.000000
0.000000
0.000000
0.000000
0.000000
0.000000
0.000000
0.000060
0.003357
0.004464
0.001403
0.000000
0.000000
0.002822
0.010730
0.056393
0.129734
0.183587
0.154775
0.086761
0.029357
0.059733
0.126285
0.213413
0.264262
0.407127
0.591063
0.764555
0.989612
1.231429
1.590694
2.049690
2.603941
3.242423
3.899094
4.391192
4.352037
3.788066
3.603578
4.264699
4.897456
5.198560
5.069631
4.476266
3.838412
3.210324
2.669640
2.268028
2.092338
1.954253
1.965698
2.214904
2.556838
3.075833
3.679135
4.183949
4.440845
4.126653
3.585898
3.011770
2.474567
2.008248
1.662395
1.622298
1.813806
2.088365
2.285180
2.348821
2.225554
2.016336
1.981034
2.206277
2.508821
2.771413
2.914357
2.844716
2.548201
2.215181
1.888795
1.589886
1.521540
1.465288
1.616722
1.862717
2.101763
2.218739
2.172551
1.970288
1.964371
2.107042
2.182118
2.213484
2.398865
2.655281
2.944871
3.212728
3.425871
3.428237
3.214053
3.296457
3.399729
3.384789
3.286803
3.528084
3.828734
4.114981
4.297566
4.267786
4.019290
3.725138
3.411361
3.110514
2.830039
2.568241
2.327507
2.177153
2.402999
2.418365
2.228826
1.969912
1.842834
2.100389
2.352438
2.618879
2.845646
3.147375
3.462256
3.696543
3.729436
3.577163
3.515379
3.662252
3.844628
4.430964
5.682598
6.299442
6.477386
6.477386
6.325582
5.776432
4.564226
4.422748
4.170619
4.172008
4.653609
5.241199
5.831623
6.378287
6.480872
6.166292
5.530210
4.856371
4.909018
5.529968
5.953480
6.734211
7.680826
8.560118
8.920720
8.565923
7.692487
6.700841
5.761806
4.931030
4.201469
3.571141
3.050701
2.570933
2.134025
1.750237
1.434588
1.161845
0.938352
0.900758
0.805393
0.717860
0.760648
0.826878
0.929479
1.038240
1.104808
1.098291
1.030245
0.990848
1.030117
1.029026
0.978219
1.001612
0.984872
0.909697
0.872759
0.992598
1.096030
1.129248
1.101621
1.022283
0.993574
1.131840
1.294804
1.450992
1.542340
1.538301
1.446749
1.289347
1.139531
1.134637
1.136239
1.199433
1.155247
1.045186
0.982135
0.817743
0.697849
0.752101
0.860391
0.975753
1.078910
1.170470
1.208738
1.175641
1.091859
1.110510
1.258206
1.411195
1.540261
1.587571
1.524161
1.642033
2.043730
2.493196
2.718699
2.492404
2.027062
1.564109
1.569290
1.666279
1.660454
1.551154
1.409061
1.274269
1.133665
1.135641
1.292313
1.272697
1.110305
0.948380
0.932624
1.159349
1.331663
1.317596
1.143215
0.927074
0.729696
0.622551
0.579577
0.643064
0.816957
1.135883
1.225631
1.136537
0.818251
0.816965
0.951776
1.106778
1.281598
1.445272
1.562046
1.546118
1.560513
1.694038
1.816576
1.826954
1.676429
1.482306
1.276783
1.077014
0.953514
1.078785
1.175319
1.172476
1.081158
0.965382
0.848077
0.716173
0.604249
0.719901
0.852252
0.992009
1.121809
1.324736
1.546613
1.802183
2.093867
2.321959
2.323624
2.087459
1.796019
1.500298
1.227935
0.982716
0.876249
0.796669
0.781100
1.001605
1.301352
1.460564
1.377295
1.648306
2.135357
2.787971
3.393747
3.373615
2.766912
2.278820
2.092755
1.796610
1.972885
2.388942
2.327412
1.762493
1.447117
1.165507
0.839330
0.678085
0.829374
0.876854
0.793093
0.660981
0.509142
0.575921
0.658399
0.626924
0.483358
0.480354
0.446317
0.538769
0.683375
0.759612
0.737198
0.841242
0.907970
0.859231
0.697845
0.542933
0.471951
0.391279
0.323851
0.401126
0.478205
0.566372
0.703803
0.707651
0.575351
0.509202
0.585705
0.689389
0.812441
0.934139
1.018704
1.031245
0.968107
0.855189
0.734062
0.621705
0.518514
0.468369
0.501817
0.493020
0.443468
0.382600
0.327437
0.306543
0.275335
0.250750
0.225332
0.197671
0.181702
0.184790
0.175162
0.146223
0.141627
0.138528
0.172562
0.190557
0.180789
0.143337
0.103604
0.064775
0.057050
0.141124
0.300791
0.530467
0.736608
0.683063
0.621773
0.572253
0.541173
0.524787
0.518763
0.517646
0.676064
0.915306
1.198044
1.530392
1.903591
2.364370
2.925101
3.581631
4.340595
5.190599
6.004217
6.575794
6.574056
5.967639
5.042960
4.155646
3.415294
2.882448
2.944665
3.056870
2.844942
2.471980
2.044964
1.643292
1.815552
2.179197
2.565009
2.932443
3.152962
3.048802
2.732068
2.321892
1.940887
1.627262
1.389381
1.533889
1.536154
1.752643
2.023097
2.206642
2.224882
2.070130
1.838830
1.658037
1.691803
2.082200
2.382081
2.981336
3.795722
4.365648
3.816944
3.027452
2.343991
2.026379
2.119302
2.030331
1.772420
1.499897
1.250478
1.026001
0.830110
0.663760
0.659552
0.802169
0.957189
1.128328
1.257561
1.284956
1.187757
1.017709
0.835054
0.659512
0.505356
0.504000
0.577577
0.607558
0.587425
0.505377
0.427673
0.469926
0.494755
0.619203
0.749278
0.881139
0.989784
1.032829
0.982606
0.854484
0.715290
0.579532
0.458767
0.363582
0.283941
0.215918
0.161894
0.171553
0.241769
0.241348
0.170516
0.175492
0.324802
0.533814
0.818040
1.187215
1.658590
2.287144
2.695867
2.843565
2.842600
2.668674
2.168580
1.421087
0.939904
0.622414
0.397102
0.313437
0.363971
0.342614
0.496337
0.632593
0.654459
0.601838
0.602591
0.507900
0.367984
0.242668
0.144563
0.189047
0.376285
0.643307
0.999131
1.192228
1.164340
0.879033
0.497406
0.255951
0.108708
0.031191
0.001318
0.000000
0.000000
0.000000
0.000000
0.000000
0.000000
0.000000
0.000000
0.000000
0.000000
0.000000
0.000000
0.000000
0.000000
0.000000
0.000000
0.000000
0.000000
0.000000
0.000000
0.000000
0.000000
0.000000
0.000000
0.000000
0.000000
0.000000
0.000000
0.000000
0.000000
0.000000
0.000000
0.000000
0.000000
0.000000
0.000000
0.000000
0.000000
0.000000
0.000000
0.000000
0.000000
0.000000
0.000000
0.000000
0.000000
0.000000
0.000000
0.000000
0.000000
0.000000
0.000000
0.000000
0.000000
0.000000
0.000000
0.000000
0.004287
0.005346
0.000000
0.000000
0.000000
0.000000
0.000000
0.000000
0.000000
0.000000
0.004507
0.012051
0.051144
0.100915
0.079922
0.037897
0.038445
0.056822
0.132653
0.296220
0.429718
0.429184
0.289300
0.121759
0.028000
0.023733
0.031299
0.017797
0.001431
0.000000
0.000000
0.000000
0.000000
0.000000
0.000000
0.000000
0.000000
0.000000
0.000000
0.000000
0.000000
0.012472
0.072025
0.108635
0.118096
0.119122
0.118777
0.114889
0.097553
0.045412
0.000000
0.000000
0.000000
0.000000
0.000000
0.000006
0.000031
0.000000
0.000000
0.000000
0.000000
0.000000
0.000000
0.000000
0.000000
0.000000
0.000000
0.000000
0.009686
0.041207
0.080472
0.091924
0.066600
0.029163
0.012203
0.017795
0.058748
0.127071
0.213897
0.307229
0.511987
0.787663
1.130505
1.573450
2.101718
2.646551
2.647606
2.133285
1.676691
1.289674
1.447889
1.852492
2.321088
2.856659
3.409171
3.813254
3.940980
3.662387
3.130360
2.618905
2.627424
3.252147
3.795774
4.017273
4.114872
4.482495
4.570156
3.983326
3.292212
2.612941
2.024877
1.538713
1.149093
0.824722
0.570082
0.391542
0.378438
0.448717
0.522477
0.487175
0.365894
0.234508
0.128441
0.058020
0.017451
0.000877
0.000393
0.000178
0.001554
0.003203
0.010906
0.025063
0.052743
0.163882
0.302641
0.353958
0.293778
0.256781
0.275015
0.286621
0.257355
0.284374
0.358747
0.441237
0.514082
0.542745
0.523409
0.529671
0.642595
0.774404
0.899970
0.959716
1.047402
1.172988
1.318663
1.483726
1.682530
1.909412
2.153671
2.332108
2.404761
2.336776
2.155096
1.942238
1.736056
1.548054
1.559001
1.539279
1.691480
1.882552
2.072906
2.261041
2.489476
2.731750
2.961861
3.127677
3.167713
3.105997
2.909243
2.668504
2.693344
3.224077
3.677237
3.679904
3.230379
2.669801
2.182478
1.925909
1.760395
1.587500
1.602820
1.620643
1.604821
1.506732
1.384273
1.222461
1.078689
1.190165
1.126667
0.939674
1.092149
1.213043
1.410294
1.656360
1.945580
2.249518
2.561381
2.803164
2.957725
2.993445
3.069106
3.071931
3.131453
2.970446
2.657076
2.813945
2.878700
2.709931
2.392534
2.110099
1.956699
2.122195
2.546162
2.993447
3.399963
3.619013
3.429340
3.059278
2.686473
2.389302
2.145591
1.922864
1.630807
1.346833
1.238622
1.264403
1.336893
1.287379
1.170379
1.141946
1.495551
1.910989
2.421227
3.021621
3.719325
4.498195
5.250782
5.807510
5.806503
5.237567
4.447816
3.676343
3.044976
2.478915
1.984718
1.565367
1.213552
1.264648
1.293133
1.431252
1.593608
1.698483
1.638304
1.546362
1.380239
1.378593
1.228090
1.049204
0.888613
0.755554
0.643686
0.541164
0.448278
0.401773
0.368242
0.381722
0.412228
0.496843
0.576706
0.621724
0.600212
0.532674
0.590618
0.771825
0.907139
1.032067
1.068426
1.036374
0.988947
0.910739
0.856525
0.775564
0.711389
0.739894
0.732012
0.694913
0.718982
0.824598
0.892038
0.873443
0.802349
0.761010
0.827790
0.883330
0.945277
0.935450
0.921218
0.955579
0.921143
0.855143
0.778150
0.706439
0.657900
0.647789
0.611046
0.720247
0.839278
0.939850
0.966344
0.931696
0.864312
0.930533
0.985350
1.128492
1.237488
1.361353
1.365250
1.288127
1.172517
1.050479
0.948883
0.848240
0.739663
0.631640
0.611263
0.622874
0.606670
0.559817
0.540631
0.567587
0.569431
0.567996
0.637819
0.689375
0.731719
0.713791
0.641017
0.552738
0.480035
0.460545
0.552267
0.666509
0.790854
0.924072
1.069364
1.227625
1.391377
1.541668
1.597911
1.527287
1.361849
1.189216
1.246408
1.161894
0.969947
0.797413
0.750752
0.933256
1.127212
1.307979
1.381242
1.330024
1.157642
1.012670
1.296418
1.611089
1.836476
2.080316
2.689702
3.326864
3.877642
3.927646
3.483161
2.882059
2.431340
2.602099
2.530421
2.217331
2.380832
2.783744
3.038738
2.928843
2.744833
2.384783
2.031850
1.690820
1.366743
1.144656
1.561014
2.007863
2.318617
2.388411
2.267802
2.395068
2.575480
2.622908
2.591276
2.524359
2.462398
2.321972
2.041932
1.565643
1.345624
1.252748
1.200363
1.141721
1.015972
0.743947
0.424177
0.549983
0.726021
0.862132
0.894421
0.780069
0.616760
0.469109
0.623306
0.743261
0.758912
0.661032
0.499524
0.339959
0.211915
0.116078
0.050513
0.013048
0.000086
0.000000
0.000000
0.000000
0.000000
0.000000
0.000000
0.000000
0.000000
0.000000
0.000000
0.000035
0.002033
0.001818
0.024523
0.050957
0.065518
0.070021
0.070656
0.069921
0.069285
0.067985
0.059248
0.031504
0.024231
0.038371
0.046510
0.039077
0.020830
0.005671
0.010692
0.019100
0.024126
0.019267
0.008544
0.002437
0.007116
0.014711
0.028821
0.049857
0.077871
0.110411
0.124870
0.114317
0.080503
0.045450
0.019349
0.004357
0.000000
0.000000
0.000000
0.000000
0.000000
0.000000
0.000000
0.017052
0.085349
0.170387
0.224699
0.238948
0.219569
0.163909
0.082516
0.022770
0.008204
0.029781
0.079656
0.098856
0.062379
0.016764
0.000000
0.000000
0.000000
0.000000
0.000000
0.000000
0.000000
0.000000
0.001986
0.029047
0.116665
0.278213
0.557473
0.905542
1.076452
1.119149
1.082837
0.894746
0.531273
0.493235
0.437481
0.282911
0.303358
0.495987
0.741799
0.984715
1.108157
1.044932
0.871263
0.689971
0.570143
0.841340
1.176442
1.423944
1.510751
1.290906
0.971271
0.678915
0.508469
0.540421
0.617277
0.585816
0.564986
0.817487
1.122519
1.405911
1.453876
1.406382
1.357104
1.326923
1.227870
1.116423
1.352732
1.582465
1.911768
2.295416
2.665453
2.800427
2.639166
2.296547
1.919041
1.588255
1.553482
1.795591
1.928288
1.874531
1.626995
1.349931
1.115682
0.992862
0.845069
0.680068
0.535697
0.598523
0.671386
0.839306
0.904370
0.818376
0.898125
1.057864
1.240060
1.441187
1.628704
1.761628
1.759359
1.623974
1.608460
1.837236
2.067609
2.249154
2.318608
2.240547
2.064158
1.859237
1.857393
1.806942
1.666187
1.490620
1.508416
1.674281
1.795321
2.012769
2.166934
2.124663
2.156736
2.133308
2.141602
2.274802
2.311873
2.543250
2.744628
2.826672
2.753145
2.546828
2.300794
2.080033
1.931510
2.099544
2.307971
2.419647
2.389974
2.622662
2.826467
2.869614
2.748948
2.486885
2.209231
1.947105
2.120816
2.586946
3.115912
3.647525
4.010062
3.994235
3.622895
3.095176
2.565788
2.096132
1.702703
1.609869
1.871088
2.209941
2.599981
3.008360
3.327023
3.404201
3.176724
3.116448
3.536963
3.871390
4.153384
4.654083
5.296558
5.678339
5.656288
5.330076
4.833200
4.325046
3.862450
3.430982
3.038695
3.138684
3.416039
3.451600
3.243157
2.852936
3.134525
3.319837
3.271111
2.999957
2.570673
2.682337
3.425050
4.322728
4.495276
4.368342
4.654502
4.761717
5.123141
5.372755
5.363084
5.095511
4.572960
4.025924
3.530885
3.108694
2.737848
2.559545
2.657699
2.541005
2.260763
2.303052
2.459388
2.473165
2.260234
2.249379
2.163707
2.006051
1.801091
1.789719
1.844685
1.777323
1.750893
1.642084
1.460113
1.279256
1.318950
1.375687
1.359480
1.252632
1.075643
0.897152
0.732181
0.751707
0.728238
0.647198
0.675974
0.762213
0.824031
0.828635
0.766479
0.641098
0.509757
0.585039
0.827185
0.932998
0.904800
0.740537
0.829692
0.745775
0.484329
0.267382
0.123776
0.087242
0.079023
0.099320
0.153639
0.214257
0.298863
0.403246
0.350685
0.257933
0.190065
0.104364
0.094603
0.091718
0.121809
0.194217
0.225728
0.262338
0.333432
0.401937
0.446301
0.426428
0.365857
0.351697
0.399064
0.405303
0.364778
0.353259
0.523775
0.731850
0.767562
0.849864
0.920207
1.095260
1.424085
1.788282
1.980263
1.958064
2.184197
2.544498
2.552001
2.366082
2.536872
2.488672
2.349359
2.352044
2.352507
2.317756
2.242445
2.181542
2.119178
2.009635
1.924219
1.781368
1.609431
1.468900
1.322630
1.239753
1.249904
1.089504
1.032991
0.941166
0.924654
0.944881
1.050899
1.188906
1.299734
1.349833
1.332303
1.521073
1.719523
1.907195
2.048161
2.139597
2.138348
2.061929
2.107151
2.108570
2.027937
2.180022
2.412374
2.675895
2.972379
3.256295
3.465745
3.554530
3.459165
3.544471
3.680647
3.669559
3.455993
3.158696
2.922602
2.774375
2.939280
3.120186
3.266565
3.342306
3.314000
3.153199
2.897443
3.027490
3.220213
3.265910
3.596242
4.249364
4.958133
5.613733
6.011100
5.936656
5.372658
4.670073
5.194072
5.872383
6.615916
7.394861
8.346943
9.602585
10.634189
10.984654
10.531895
9.428323
8.427065
9.155895
10.070604
11.298682
12.644271
14.141134
15.688879
17.082405
17.672853
17.358232
16.138100
15.158684
14.470798
15.826073
17.251844
18.314505
18.685055
18.273653
16.996527
15.568811
16.765785
18.021299
18.872509
18.955835
18.050934
16.429430
14.831100
13.566815
12.726011
12.417475
12.375102
11.631237
10.989435
10.662035
10.920501
11.388028
11.517960
11.109163
10.393939
10.070144
10.107902
9.609216
8.918357
8.203218
7.489722
6.816239
6.153010
6.311945
6.300616
6.026899
5.863636
5.588330
5.170352
5.278378
5.695273
6.157018
6.637718
7.103535
7.489390
7.719106
7.724855
7.425849
7.019612
7.366094
7.453102
7.247539
7.192348
7.323674
7.499013
7.549463
7.505361
7.757075
8.053207
8.179790
8.116982
7.815550
7.530438
7.777646
7.813186
8.253510
8.703480
9.137708
9.597013
10.090253
10.527708
10.807439
10.754567
10.314934
9.781689
9.656852
9.878428
9.850183
9.493498
8.994883
8.462704
7.943770
7.465067
7.050469
6.758369
6.692095
6.597600
6.651387
6.868379
6.953854
6.826420
6.831371
7.145174
7.147532
7.048406
6.995720
6.958979
6.732340
6.458069
6.147388
6.054274
6.148089
6.362321
6.429864
6.390765
6.089463
5.861922
5.630250
5.165223
4.685751
4.346115
4.212458
4.063340
3.915598
3.601817
3.348179
3.428737
3.356898
3.170223
3.002937
2.784242
3.145007
3.555255
3.976757
4.449902
4.961268
5.399503
5.683254
5.611342
5.310033
5.087094
4.996593
4.797745
5.145471
5.818888
6.550764
7.320451
8.164856
8.975528
9.556231
9.537937
8.939385
8.122478
7.296071
6.550059
5.854522
5.228250
4.899388
5.428941
5.884990
5.955944
5.683969
5.265592
4.795475
4.518917
4.715437
4.721735
4.566551
4.382095
4.558728
4.340821
3.920841
3.653693
3.969763
4.379614
4.810987
5.256525
5.615293
5.705405
5.498376
5.309873
5.022387
4.686826
4.261776
3.967601
3.720122
3.666982
4.104199
4.579250
4.837225
4.665230
4.210146
3.725492
3.327678
3.433408
3.293051
3.016238
2.759372
2.994305
3.236373
3.284694
3.107586
2.841429
2.505758
2.199167
1.912562
1.778835
2.052654
2.421163
2.842247
3.273279
3.583451
3.509259
3.146698
2.701608
2.276618
1.897644
1.555665
1.559397
1.720796
1.676687
1.385499
1.454082
1.638775
1.861881
2.043175
1.975995
1.360569
1.245923
1.367785
1.514920
1.288846
1.059370
1.069050
1.211396
1.348201
1.351531
1.358983
1.366007
1.459080
1.404410
1.513924
1.763496
2.077910
2.433197
2.811569
3.220858
3.659889
4.094717
4.601870
5.194072
5.872383
6.615916
7.394861
8.156954
8.764830
8.586235
7.386685
6.765725
7.130613
7.940929
8.947194
10.070604
11.298682
12.644271
14.141134
15.688879
17.082405
17.621710
14.960795
12.896451
13.197787
14.021660
15.152384
16.382593
16.688366
12.755708
5.874672
3.135640
2.666046
2.234272
1.476458
0.000000
0.000000
0.000000
0.000000
0.000000
0.000000
0.000000
0.000000
0.000000
