track	type=wiggle_0
fixedStep	chrom=chr	start=1	step=1
0.000000
0.000000
0.000000
0.000000
0.000000
0.000000
0.000000
0.000000
0.000000
0.000000
0.000000
0.000000
0.006094
0.045769
0.150080
0.328191
0.394038
0.322501
0.218658
0.130469
0.066678
0.156400
0.300187
0.492107
0.695485
0.965862
1.214354
1.328380
1.159786
0.889153
1.092253
1.258957
1.325329
1.367395
1.398976
1.691162
2.107865
2.604928
3.202949
3.850628
4.349611
4.345762
3.841702
3.226541
2.667215
2.203223
2.532135
2.781544
2.902575
2.726247
2.368581
1.956205
1.574255
1.248661
0.972388
0.737100
0.544347
0.401952
0.457845
0.503932
0.444003
0.348512
0.483674
0.833584
0.969032
0.999339
0.969032
0.830860
0.472762
0.209401
0.068632
0.009034
0.000000
0.000000
0.000000
0.000000
0.000000
0.000000
0.000198
0.005575
0.069986
0.205345
0.419645
0.717671
1.052181
1.287296
1.489005
1.647062
1.735520
1.849019
2.049748
2.279506
2.526486
2.778119
2.992342
3.083475
3.025989
3.160942
3.171322
3.032460
2.795215
2.540577
2.293339
2.059968
1.843421
1.645612
1.825772
2.057915
2.255122
2.334915
2.269236
2.112106
2.159796
2.126555
2.254828
2.274908
2.180840
2.239851
2.571379
2.932235
3.325386
3.759906
4.234213
4.746631
5.285513
5.773580
5.976385
5.773580
5.292821
4.801836
4.325425
3.943473
3.860053
3.841284
3.670805
3.321973
2.956837
2.611088
2.279464
1.979926
1.719605
1.506163
1.488010
1.402440
1.255465
1.219516
1.308246
1.384774
1.434779
1.507215
1.429977
1.274519
1.109786
0.955425
0.833539
0.739012
0.679228
0.713398
0.692404
0.617692
0.517826
0.425100
0.347059
0.288337
0.245663
0.196820
0.222810
0.225398
0.420206
0.822777
1.327717
1.481955
1.379728
0.948247
0.588384
0.332701
0.156945
0.051535
0.035394
0.061440
0.090483
0.113824
0.118514
0.123089
0.101978
0.117260
0.114356
0.084009
0.048720
0.022257
0.006048
0.005508
0.011627
0.027602
0.050346
0.075818
0.093987
0.103541
0.089318
0.065100
0.039300
0.019226
0.006310
0.001534
0.001883
0.002908
0.004993
0.026084
0.070698
0.131570
0.164197
0.152040
0.143503
0.137245
0.121487
0.116969
0.070872
0.018108
0.000038
0.000000
0.000000
0.000000
0.008528
0.104969
0.185010
0.219339
0.241505
0.246404
0.247743
0.244052
0.226741
0.168581
0.051943
0.002581
0.000000
0.000000
0.000874
0.000000
0.000000
0.000000
0.007642
0.077190
0.131748
0.153246
0.158112
0.153246
0.130947
0.076287
0.008024
0.006921
0.019542
0.029375
0.027711
0.017083
0.005106
0.000068
0.001499
0.010524
0.029450
0.058569
0.094138
0.124547
0.128289
0.099946
0.098987
0.087776
0.060994
0.031960
0.011797
0.004109
0.009033
0.017880
0.026728
0.026077
0.016001
0.015455
0.006232
0.020915
0.041239
0.082016
0.151713
0.226159
0.267460
0.241236
0.331768
0.483216
0.684988
0.936056
1.234986
1.567561
1.859129
1.916226
1.993054
1.937339
1.623607
1.270853
0.952296
0.693097
0.505554
0.406015
0.389325
0.359588
0.292322
0.203935
0.119392
0.055090
0.015923
0.000603
0.000000
0.000193
0.006316
0.022281
0.034185
0.082630
0.202991
0.369551
0.538509
0.547419
0.560744
0.511537
0.355432
0.202418
0.089661
0.025143
0.033014
0.082388
0.133830
0.140283
0.093745
0.044839
0.011856
0.000000
0.000000
0.000000
0.000000
0.000279
0.023615
0.090553
0.200761
0.326926
0.457796
0.582020
0.626157
0.626157
0.580335
0.448251
0.204327
0.085025
0.043289
0.031562
0.073732
0.101808
0.078474
0.037919
0.007863
0.000000
0.000000
0.000000
0.000000
0.000000
0.000000
0.000000
0.000000
0.000000
0.000000
0.000000
0.000000
0.000000
0.000000
0.000000
0.000000
0.000000
0.000000
0.000000
0.000000
0.000000
0.000000
0.000000
0.000000
0.000000
0.000000
0.005698
0.032554
0.033265
0.005666
0.000000
0.000000
0.000000
0.000000
0.000000
0.000000
0.000000
0.000000
0.000000
0.000000
0.000000
0.000000
0.000000
0.000000
0.000000
0.000000
0.000000
0.000000
0.000000
0.003037
0.062838
0.111779
0.132810
0.147292
0.161738
0.161738
0.147129
0.132120
0.109456
0.058364
0.001200
0.000000
0.000000
0.000000
0.000000
0.000000
0.000000
0.000000
0.000000
0.000000
0.000000
0.000000
0.000000
0.000000
0.000000
0.000000
0.000000
0.000000
0.000000
0.000000
0.000000
0.000000
0.000000
0.000000
0.000000
0.000000
0.007644
0.048400
0.108211
0.141337
0.126486
0.060486
0.015213
0.005610
0.037042
0.099322
0.196060
0.329420
0.503019
0.711965
0.955797
1.287872
1.693264
2.179493
2.755447
3.420071
4.101687
4.613978
4.573301
3.989387
3.833354
4.529341
5.188369
5.503936
5.368679
4.751000
4.078723
3.416255
2.835159
2.350240
1.956499
1.759145
1.898675
1.902732
1.816602
1.680590
1.771286
2.039754
2.105963
1.883908
1.583150
1.287923
0.887271
0.661469
0.735291
0.919393
1.124111
1.314795
1.415464
1.369026
1.213645
1.030352
0.861256
0.742908
0.631406
0.659168
0.634911
0.657764
0.756855
0.776874
0.697949
0.733407
0.691981
0.769097
0.896158
0.962194
0.942814
0.909868
1.056827
1.221168
1.402579
1.593445
1.764999
1.942849
2.079086
2.081504
1.952196
1.771107
2.165800
2.597343
2.832303
2.543889
2.439574
2.382646
2.210550
2.000440
2.016179
2.210252
2.367068
2.376017
2.240343
2.028583
2.007976
2.195967
2.305130
2.228058
2.053787
1.827347
2.212035
2.774851
3.330233
3.540131
3.378540
2.824874
2.315106
2.033067
2.089880
2.344547
2.378098
2.189099
2.345132
2.575186
2.729234
2.736016
3.363249
4.412719
5.866341
6.544169
6.727279
6.727279
6.571339
6.527751
6.773595
6.553706
6.034354
5.421702
4.830098
4.284595
3.788107
3.336922
2.921455
3.331899
3.942928
4.605819
5.217112
5.867589
6.297465
7.092193
8.071073
8.988715
9.364241
8.994992
8.083544
7.057331
6.096191
5.237842
4.474232
3.810956
3.270560
2.763551
2.296193
1.882839
1.534234
1.369347
1.470915
1.453368
1.324363
1.163764
1.024528
1.095121
1.168424
1.142613
1.037680
0.919644
1.077291
1.200150
1.250603
1.299428
1.270414
1.152946
1.052542
1.238821
1.386020
1.397134
1.269111
1.169149
1.094773
0.983395
0.888345
0.892866
0.967096
0.976923
0.923589
0.833166
0.799197
0.880565
1.021530
1.078869
1.045459
0.983850
1.110267
1.353822
1.575349
1.751055
1.926793
2.114398
2.316610
2.516486
2.685267
2.796602
2.792605
2.663667
2.479015
2.303206
2.143671
2.416259
2.715281
2.661686
2.252977
1.798723
1.944365
2.339682
2.277126
2.001151
2.180849
2.385255
2.585790
2.719300
2.721898
2.579756
2.388674
2.211111
2.032132
1.844812
1.650450
1.484444
1.386828
1.318699
1.307989
1.550905
1.725273
1.723138
1.546108
1.298652
1.042890
0.831139
0.908604
1.026348
1.082590
1.228208
1.325942
1.229950
0.893927
0.805803
0.843180
0.933323
1.054159
1.164502
1.306745
1.489056
1.726016
1.951446
2.130759
2.147985
1.983925
1.766618
1.543458
1.335602
1.185872
1.063083
0.955527
0.913049
0.909340
0.953850
0.946128
0.901006
0.790210
0.835746
1.033659
1.217582
1.436469
1.669151
1.916572
2.203646
2.533366
2.783660
2.786655
2.528091
2.198229
1.865579
1.553955
1.276249
1.099937
1.019230
1.002808
1.183911
1.504133
1.668213
1.588234
1.849539
2.360060
3.030764
3.662108
3.640622
3.008105
2.505113
2.309745
1.988218
2.150561
2.581501
2.516433
1.940537
1.616204
1.312954
0.965684
0.857343
1.024327
1.079251
0.986177
0.831820
0.661589
0.709216
0.800557
0.764682
0.607581
0.422049
0.266203
0.147400
0.066015
0.023563
0.021594
0.012625
0.003666
0.004935
0.010455
0.008655
0.002573
0.000000
0.002236
0.012290
0.028041
0.042160
0.055561
0.059271
0.050811
0.036660
0.054030
0.086527
0.129990
0.174177
0.210111
0.216364
0.189789
0.146767
0.100671
0.064332
0.036516
0.054960
0.065956
0.062225
0.045197
0.026890
0.014761
0.005462
0.001136
0.000376
0.001730
0.001929
0.000891
0.001659
0.000666
0.000000
0.000000
0.000000
0.000000
0.000000
0.000000
0.000000
0.000000
0.000078
0.001214
0.000935
0.000000
0.000000
0.006156
0.080898
0.140088
0.159308
0.163849
0.163935
0.163880
0.165093
0.259950
0.407242
0.591137
0.821264
1.109923
1.467376
1.896539
2.402327
2.995184
3.669688
4.340369
4.859926
4.862774
4.334504
3.599284
2.892594
2.319969
1.949492
2.067469
2.177644
2.021234
1.749364
1.422358
1.107208
1.334931
1.638098
1.968580
2.304664
2.513905
2.464981
2.199904
1.843370
1.514129
1.254810
1.538956
1.743000
1.743615
1.535603
1.648523
1.838760
1.935990
1.835772
1.632335
1.588764
1.852055
2.254948
2.561482
3.178101
4.013864
4.592921
4.026674
3.207178
2.505441
1.922512
1.896495
1.808011
1.580455
1.340639
1.114955
0.946072
0.858903
0.754790
0.778214
0.901314
1.001436
0.999360
1.120915
1.220327
1.215035
1.140667
1.225603
1.246530
1.183831
1.039256
0.892539
0.894939
0.862409
0.916534
0.911172
0.854296
0.743733
0.637579
0.562874
0.504095
0.481808
0.540014
0.568661
0.551813
0.486706
0.384971
0.286893
0.209544
0.145746
0.220950
0.375993
0.596210
0.810226
0.838211
0.673497
0.543266
0.574761
0.682711
0.913853
1.276212
1.785384
2.444643
2.881617
3.041899
3.043498
2.875927
2.392522
1.661063
1.142701
0.873354
0.809207
0.655269
0.488029
0.443902
0.623397
0.777049
0.805057
0.821862
0.822115
0.756761
0.657112
0.525662
0.399383
0.237157
0.437936
0.720050
1.093725
1.299880
1.271134
0.967981
0.565449
0.306081
0.144003
0.050992
0.007437
0.000000
0.000000
0.000000
0.000000
0.000000
0.000000
0.000000
0.000000
0.000000
0.000000
0.000000
0.000000
0.000000
0.000000
0.000000
0.000000
0.000000
0.000000
0.000000
0.000000
0.000000
0.000000
0.000000
0.000000
0.000000
0.000000
0.000000
0.000000
0.000000
0.000000
0.000000
0.000000
0.000000
0.000000
0.000000
0.000000
0.000000
0.000000
0.000000
0.000000
0.000000
0.000000
0.000000
0.000000
0.000351
0.019343
0.071719
0.163073
0.299172
0.495384
0.757444
1.092323
1.510825
2.010057
2.566350
3.020967
3.027813
2.583012
2.039327
1.535818
1.119307
0.992752
1.301734
1.621116
1.819001
1.889363
1.658041
1.343860
1.003379
0.716216
0.490249
0.361397
0.470115
0.510292
0.462627
0.347585
0.622940
0.888263
0.873801
0.559271
0.281377
0.132699
0.043004
0.003236
0.000000
0.000000
0.000197
0.017773
0.046053
0.049849
0.021398
0.000477
0.000000
0.000000
0.005148
0.028825
0.117264
0.276889
0.535469
0.933758
1.119965
1.177689
1.166291
1.108081
0.973978
0.717057
0.539728
0.361120
0.177145
0.091362
0.062748
0.034659
0.022500
0.014648
0.003939
0.008869
0.014687
0.030369
0.038701
0.027364
0.015202
0.026076
0.074998
0.152737
0.259059
0.391215
0.543096
0.678419
0.687489
0.573297
0.459113
0.393951
0.394694
0.523261
0.713462
0.909916
1.099749
1.170763
1.148835
1.240537
1.696547
2.238020
2.789029
2.787218
2.255485
1.778075
1.373485
1.593863
2.013125
2.497215
3.048607
3.617084
4.042411
4.173024
3.888725
3.339679
2.812080
2.774139
3.407260
3.950983
4.176532
4.277157
4.640154
4.688748
4.127443
3.421715
2.718070
2.110225
1.615145
1.216725
0.883257
0.618531
0.431188
0.422356
0.494168
0.567476
0.526170
0.395527
0.253846
0.140498
0.072473
0.072910
0.056086
0.040509
0.026531
0.042461
0.070824
0.105112
0.144481
0.192066
0.247693
0.312305
0.377775
0.407424
0.391565
0.331551
0.281727
0.245704
0.263902
0.334215
0.412780
0.483547
0.511729
0.492657
0.499785
0.609458
0.738371
0.860719
0.921173
1.009917
1.132075
1.276999
1.442529
1.641753
1.868184
2.114714
2.295357
2.373738
2.308046
2.123350
1.906154
1.699652
1.512411
1.343991
1.180151
1.310838
1.469719
1.602000
1.761679
1.953676
2.158482
2.367143
2.465996
2.454461
2.329618
2.129174
2.237149
2.720833
3.272157
3.735111
3.742177
3.283692
2.714583
2.252625
1.992429
1.797194
1.621998
1.423476
1.414555
1.418595
1.448087
1.411444
1.228232
1.079034
1.217350
1.146715
0.914225
0.792587
0.785113
0.860117
0.998754
1.156990
1.270780
1.492081
1.508439
1.578988
1.812733
2.082788
2.370289
2.670360
2.980239
3.298896
3.568433
3.825203
3.959476
3.965980
3.753057
3.745551
3.937874
3.880615
3.551565
3.178203
2.845100
3.039226
3.478209
3.972064
4.460490
4.769114
4.753997
4.408814
3.895432
3.404865
2.962293
2.567991
2.207711
1.875844
1.572256
1.335046
1.523712
1.791814
2.026508
2.132395
2.041337
2.423487
2.810405
2.833568
2.460100
1.969413
1.520105
1.161752
0.887641
0.759224
0.941493
1.025697
0.988510
0.855019
0.767774
0.619212
0.576776
0.523227
0.470998
0.406174
0.303409
0.242050
0.192204
0.219309
0.290059
0.379444
0.481625
0.580892
0.646815
0.653980
0.670224
0.663414
0.641310
0.609400
0.529260
0.455667
0.485139
0.468921
0.497181
0.496372
0.534043
0.555200
0.503829
0.438517
0.454759
0.496055
0.562096
0.733527
0.909471
1.036466
1.263555
1.547196
1.707023
1.831969
1.911873
1.829201
1.563104
1.411255
1.489666
1.683098
1.900661
2.107124
2.283367
2.364527
2.324727
2.220823
2.056832
1.867062
1.684759
1.509647
1.351257
1.209060
1.075423
1.052835
1.141205
1.159672
1.127478
1.113466
1.234866
1.309170
1.297921
1.310219
1.255777
1.227230
1.137062
1.024476
0.914609
0.804604
0.691852
0.577111
0.492984
0.433303
0.534289
0.640082
0.769039
0.891944
1.022569
1.175249
1.311410
1.376307
1.358009
1.266013
1.136976
1.026195
1.030843
1.169131
1.339398
1.525450
1.722310
1.930388
2.148668
2.369549
2.570767
2.639481
2.530780
2.285846
2.278506
2.372164
2.232866
1.948759
1.634844
1.592738
1.877229
2.171307
2.410179
2.472947
2.338128
2.078703
1.836080
1.623976
1.756162
1.992402
2.282790
2.913545
3.631863
4.370955
4.775838
4.563179
3.989160
3.311643
2.774319
2.559749
2.356389
2.819499
3.311972
3.578811
3.606625
3.314178
2.891834
2.458448
2.042143
1.658867
1.308726
1.033120
0.873213
0.915976
1.312230
1.841526
2.315452
2.505810
2.561225
2.533240
2.482914
2.415463
2.256617
1.973570
1.516480
1.318912
1.239891
1.192240
1.138658
1.014704
0.745339
0.422850
0.210139
0.176259
0.142241
0.105344
0.113276
0.133911
0.217942
0.331406
0.440112
0.481308
0.410743
0.300391
0.203756
0.203281
0.183985
0.142753
0.101533
0.078279
0.081589
0.087735
0.068861
0.085923
0.116637
0.154681
0.166649
0.168369
0.176916
0.254922
0.336624
0.365071
0.328801
0.267854
0.183707
0.200185
0.274104
0.333836
0.329807
0.273891
0.207027
0.206397
0.267403
0.330697
0.376622
0.402687
0.391894
0.351516
0.309848
0.369402
0.410458
0.413774
0.371776
0.305964
0.255518
0.307397
0.325302
0.310807
0.259654
0.216443
0.212448
0.226426
0.266526
0.261292
0.212018
0.154834
0.223478
0.404236
0.674375
0.871098
0.849097
0.655777
0.406602
0.302506
0.331985
0.465972
0.676212
0.916156
1.194295
1.535218
1.946818
2.444026
3.020694
3.699250
4.448379
5.094289
5.395212
5.183842
4.587065
3.909605
3.277298
2.891435
3.117318
3.410775
3.389788
3.045191
2.722310
2.286119
1.621818
1.677541
1.915821
2.090748
2.341749
2.358876
2.146745
1.868185
1.849586
2.075100
2.203626
2.079689
1.845100
1.716115
1.504316
1.295818
1.428500
1.571160
1.780375
2.040087
2.231765
2.166419
1.893391
1.557209
1.393903
1.466994
1.252009
0.942341
0.818441
1.074880
1.274956
1.240205
1.094849
1.216698
1.264060
1.199123
1.127221
1.109972
1.121552
1.060799
1.289301
1.665298
2.189807
2.690549
2.882762
2.693410
2.194467
1.680939
1.273727
0.926804
0.928561
1.053196
1.188332
1.337686
1.517011
1.721709
1.928883
2.124250
2.311604
2.466840
2.553919
2.464415
2.296494
2.211295
2.039851
1.872905
1.811957
1.711178
1.676896
1.644548
1.749829
1.926913
2.026305
2.071579
2.284075
2.489326
2.646294
2.737761
2.750430
2.967278
3.136149
3.143222
2.985355
2.802034
2.631288
2.389298
2.285958
2.170007
2.110171
2.123743
2.093821
2.209889
2.466860
2.647020
2.594416
2.375780
2.117822
2.346803
2.495275
2.519447
2.570882
2.760416
2.869821
2.808031
2.627112
2.386789
2.120329
2.292671
2.543368
2.765137
2.905177
2.868640
3.164019
3.376621
3.404559
3.259602
2.980493
2.683326
2.398264
2.637374
3.146378
3.715626
4.284091
4.670090
4.667998
4.333376
3.850456
3.318931
2.887275
2.728235
2.513012
2.586448
3.161696
3.823780
4.521726
5.126506
5.771132
6.386468
6.827369
7.775015
9.049028
10.445161
11.680666
12.373197
11.582673
10.243889
8.817477
7.476298
6.303806
5.558472
6.255919
7.011917
7.616289
7.654037
7.192219
7.290089
7.974082
8.341460
8.235583
7.864298
7.163365
6.635704
6.312688
5.863601
5.219626
4.578505
4.488358
4.746388
4.794277
5.092712
5.338289
5.352410
5.107281
4.605161
4.074045
3.580992
3.141908
2.776313
2.637329
2.783334
2.791695
2.786445
2.652961
2.694287
2.740977
2.788224
2.769198
2.661948
2.646804
2.603937
2.403825
2.209913
2.079366
2.088655
1.937042
1.785348
1.960608
2.100594
2.121151
2.047060
1.980895
2.169336
2.342632
2.408204
2.531137
2.758510
3.050082
3.357168
3.579521
3.643507
3.501824
3.226075
2.930381
2.650232
2.362055
2.081425
1.824785
1.583812
1.362368
1.196979
1.083075
0.941784
1.014213
0.942873
0.893622
0.727851
0.765593
0.857314
0.886108
1.037710
1.275596
1.378615
1.420621
1.537829
1.712503
1.960331
2.198073
2.333585
2.434880
2.491373
2.669468
2.897084
3.138784
3.297771
3.341012
3.206801
2.974713
2.739169
2.605844
2.919255
3.172758
3.248004
3.086461
2.754326
2.341903
1.961645
1.650897
1.379261
1.166084
1.104443
1.333667
1.702387
2.007089
2.021308
1.724855
1.332965
0.966083
1.022573
1.131632
1.216359
1.295662
1.372174
1.431468
1.484471
1.546841
1.809715
2.071720
2.506037
2.931424
3.097470
3.072264
3.144775
2.815228
2.724701
2.741440
2.643846
2.573170
2.490217
2.317973
2.147985
1.824138
1.578976
1.614523
1.787552
1.960644
2.144302
2.338892
2.553470
2.761690
2.951583
3.116943
3.176025
3.129543
3.240676
3.311246
3.320358
3.264751
3.216248
3.060675
2.966779
2.882447
2.994560
3.274511
3.505404
3.602458
3.484684
3.339720
3.286103
3.076344
3.091481
3.212051
3.468499
3.803368
4.176559
4.532528
4.721688
5.431141
6.238174
7.120955
8.066029
8.931939
9.418499
9.326008
8.632977
7.700807
7.559163
8.665245
9.963696
11.395975
12.946416
14.549216
15.882035
16.795641
16.225882
14.745689
12.954699
11.184285
12.504539
13.960289
15.230642
16.555288
17.278097
16.820147
15.680210
14.095575
12.545732
11.195446
10.178872
11.062128
11.617683
12.208910
12.288388
11.802016
10.893869
9.998530
9.572268
8.922928
8.346396
8.855721
9.184869
8.851976
8.229760
7.551299
7.568723
7.266794
6.794164
6.495201
6.084973
5.579197
5.042284
4.554847
4.197003
3.848296
3.466754
3.084954
2.811236
2.808025
2.976509
3.003640
3.074962
3.049474
2.889116
3.173688
3.492778
4.034416
4.344524
4.610716
4.613432
4.396106
4.607933
4.876012
5.158551
5.479178
5.811631
6.147250
6.466465
6.794508
7.149023
7.555579
7.970950
8.342240
8.518803
8.394654
8.393304
8.763814
9.123643
9.462329
9.695237
9.768881
9.544335
9.596707
9.889894
9.811141
9.672658
9.970894
10.489465
11.033560
11.605509
12.156414
12.541901
12.770308
12.631736
12.134226
11.551327
11.628725
11.976329
11.993605
11.700994
11.174946
10.646872
10.162704
9.680058
9.198400
8.719543
8.277297
7.962536
8.106609
8.003358
7.718804
7.695150
8.248456
8.424973
8.121703
7.327257
6.450544
5.964748
5.955491
6.281575
6.514004
6.917629
7.476185
7.941198
8.116008
8.110078
7.846889
7.747745
7.268166
6.283179
5.692739
4.993840
4.262729
3.859441
3.933310
4.064740
4.225019
4.346020
4.525613
4.723206
4.667149
4.337365
4.104165
3.870451
3.577839
3.177235
2.850505
2.574394
2.212316
2.186704
2.426785
2.717696
3.014883
3.096274
3.142184
3.296791
3.684263
4.054112
4.610211
5.231603
5.709192
5.850903
5.522936
4.968168
5.067660
5.372863
5.343809
5.921267
6.409676
6.422248
6.009817
5.640523
5.747689
5.593721
5.443146
5.213144
5.463867
5.978829
6.113416
6.604180
6.873054
6.610223
6.073092
5.690094
5.638709
5.436963
5.119270
5.168181
5.419192
5.693497
5.685786
5.391209
4.980684
4.562725
4.621727
4.559329
4.430573
4.460847
4.425863
4.581029
4.802942
4.570902
4.642057
4.799359
4.746028
4.492065
4.178330
4.010149
4.451567
4.906872
5.235891
5.360364
5.133686
4.758862
4.276885
3.815038
3.384629
2.998686
2.652049
2.627681
3.035726
3.475418
3.782933
3.708904
3.341761
2.896901
2.513696
2.264397
2.203476
2.015648
1.780780
1.937563
1.940704
1.838321
2.048788
2.285126
2.544389
2.809971
3.020979
3.108087
2.728659
2.416372
2.094476
2.164775
2.349397
2.562726
2.725133
2.635940
1.958876
1.310128
1.263597
1.406005
1.598246
1.740541
1.920978
2.155079
2.367283
2.481434
2.502797
2.387889
2.418862
2.328870
2.450719
2.733938
3.057067
3.409477
3.804218
4.242096
4.719840
5.243570
5.794508
6.315425
6.613853
6.546861
6.417868
5.723289
5.707711
5.450341
4.673534
4.469939
4.426325
4.718094
5.236302
5.880273
6.606168
7.383580
8.222122
9.117917
10.003722
10.553206
9.675339
8.706696
8.012056
6.974111
5.694099
5.120554
5.054006
4.969128
4.028386
3.334049
3.184433
2.691586
1.921579
1.486555
1.716662
2.161110
2.608704
2.607312
1.514842
1.101196
1.313407
1.712972
2.136524
0.000000
0.000000
0.000000
0.000000
0.000000
0.000000
0.000000
0.000000
0.000000
