track	type=wiggle_0
fixedStep	chrom=chr	start=1	step=1
0.000000
0.000000
0.000000
0.000000
0.000000
0.000000
0.000000
0.000000
0.000000
0.000000
0.000000
0.000000
0.004138
0.037315
0.134974
0.304322
0.356694
0.290233
0.111352
0.022364
0.001671
0.000000
0.011547
0.064381
0.151874
0.289501
0.409729
0.413841
0.304494
0.173327
0.116751
0.166658
0.194018
0.203971
0.207173
0.313622
0.489603
0.721264
1.010286
1.353089
1.622516
1.630714
1.365103
1.039222
0.747159
0.600870
0.793915
0.986664
1.120581
1.217154
1.435657
1.721933
1.869232
1.710491
1.374552
1.050034
0.778924
0.557351
0.395729
0.329151
0.329397
0.362935
0.544259
0.842713
0.948415
0.969771
0.940176
0.806135
0.452074
0.194115
0.058057
0.017930
0.003525
0.000000
0.000000
0.000000
0.000000
0.000000
0.000130
0.000000
0.000000
0.000000
0.000000
0.000000
0.026242
0.123137
0.202655
0.199225
0.180556
0.166098
0.158241
0.153852
0.146619
0.122540
0.054333
0.000804
0.000000
0.000000
0.000000
0.000000
0.000000
0.000000
0.000000
0.000000
0.000000
0.000000
0.000000
0.000000
0.000000
0.000000
0.000000
0.000000
0.000000
0.002064
0.041383
0.135843
0.293690
0.521007
0.831526
1.288976
2.133725
2.543991
2.655489
2.655489
2.567467
2.250726
1.546185
1.018936
0.640147
0.379681
0.227429
0.155472
0.166322
0.279936
0.360897
0.336352
0.224138
0.114375
0.040084
0.005526
0.025696
0.079244
0.180346
0.244824
0.189864
0.101990
0.048814
0.028452
0.013969
0.007822
0.004213
0.001315
0.008122
0.034213
0.079850
0.144041
0.213886
0.243027
0.220819
0.150650
0.084664
0.037207
0.014644
0.043763
0.071922
0.068284
0.038992
0.086283
0.250287
0.554894
0.927451
1.023047
0.957370
0.658784
0.400544
0.394001
0.326542
0.249454
0.177808
0.116238
0.156428
0.230640
0.328947
0.449622
0.591953
0.755791
0.933298
1.091240
1.177145
1.091307
0.931068
0.753844
0.612424
0.486765
0.366643
0.271698
0.211459
0.191718
0.293463
0.344437
0.344625
0.236493
0.110658
0.028813
0.016111
0.052596
0.105293
0.147272
0.145105
0.094942
0.037761
0.005057
0.000000
0.000000
0.000000
0.000000
0.000000
0.000000
0.000000
0.000000
0.000000
0.000000
0.015285
0.108451
0.171583
0.187781
0.177069
0.127004
0.033390
0.001565
0.000000
0.000000
0.009076
0.019755
0.001114
0.000000
0.000000
0.000000
0.000000
0.000000
0.000000
0.000000
0.000000
0.000000
0.000000
0.000000
0.000000
0.000000
0.000000
0.000000
0.000000
0.000000
0.000000
0.000000
0.000000
0.000000
0.000000
0.000000
0.000000
0.000000
0.000000
0.000000
0.012630
0.048777
0.071169
0.078565
0.071638
0.051977
0.020824
0.008863
0.002828
0.000000
0.000000
0.000000
0.000000
0.000000
0.000000
0.000000
0.000000
0.017859
0.079711
0.088036
0.039482
0.082136
0.152937
0.216834
0.322775
0.486206
0.667265
0.724068
0.632356
0.460318
0.291015
0.156789
0.217995
0.312550
0.395384
0.458936
0.577940
0.735025
0.872159
0.907412
0.846788
0.690446
0.513801
0.459751
0.403936
0.529031
0.659035
0.735430
0.792852
0.916070
1.232921
1.651753
2.162827
2.730755
3.224565
3.370398
2.997643
2.477538
2.621134
2.561248
2.295050
1.667978
1.085419
0.832986
0.992194
0.976124
0.798991
0.591054
0.402562
0.393728
0.320140
0.212784
0.118088
0.070139
0.137246
0.220432
0.288907
0.316757
0.436960
0.556476
0.599084
0.599084
0.556069
0.438771
0.216288
0.077581
0.010817
0.011275
0.019638
0.037688
0.034736
0.017398
0.001250
0.000000
0.000000
0.000000
0.000000
0.000000
0.000000
0.000000
0.000000
0.000000
0.000000
0.000000
0.000000
0.000000
0.000000
0.000000
0.000000
0.000000
0.000000
0.000000
0.000000
0.000000
0.000000
0.000000
0.000000
0.000000
0.000000
0.020266
0.064352
0.083426
0.123687
0.153276
0.156217
0.152942
0.150897
0.145892
0.128037
0.072692
0.027629
0.016842
0.016241
0.008905
0.017291
0.032007
0.044060
0.051061
0.076545
0.114190
0.162070
0.217611
0.271311
0.290414
0.272615
0.219359
0.165918
0.162660
0.173435
0.157250
0.173148
0.228560
0.295557
0.359471
0.380212
0.355714
0.288646
0.221848
0.247795
0.267519
0.249179
0.195174
0.172596
0.228976
0.305506
0.395192
0.496147
0.610353
0.737708
0.874970
1.003964
1.053016
1.007424
0.877388
0.745264
0.641372
0.620885
0.612253
0.533464
0.446383
0.358737
0.274660
0.201785
0.141072
0.091650
0.053724
0.032175
0.016532
0.038596
0.097170
0.173102
0.307811
0.515487
0.794048
1.152656
1.603201
2.152996
2.824364
3.759464
4.275919
3.784631
3.279241
3.885681
4.570745
5.344591
6.214763
7.148559
8.067875
8.802911
8.976802
8.326776
7.385491
6.393248
5.504707
4.765259
5.666731
6.851052
8.771661
10.163219
10.656179
10.755194
10.656178
10.158015
8.723533
6.682963
5.479646
4.549237
3.997698
4.193798
3.905752
3.360309
2.765261
2.272229
2.003164
2.096799
1.921906
1.572904
1.231545
0.925518
0.673567
0.608370
0.653162
0.771189
0.925648
1.093024
1.263483
1.410222
1.479211
1.690316
1.916567
2.148744
2.346565
2.410641
2.342707
2.183703
2.076898
2.050251
2.133630
2.269056
2.376912
2.389134
2.272624
2.282920
2.421666
2.543568
2.552730
2.434116
2.226881
1.992898
1.770531
1.562896
1.368072
1.189166
1.331689
1.521666
1.678508
1.722775
1.667226
1.496842
1.306861
1.118689
0.960958
0.969528
0.878721
0.742859
0.602460
0.513276
0.553146
0.513142
0.532180
0.782436
1.096492
1.479325
1.939806
2.487998
3.121381
3.838584
4.722125
5.751152
6.948767
8.292182
9.047573
8.472354
7.261185
6.231976
5.548931
5.101458
4.364137
3.632061
3.066106
2.997724
3.135486
3.447016
3.836403
4.044540
4.285447
4.519795
4.882163
5.423671
5.826886
6.603961
7.560188
8.438401
8.817101
8.444160
7.571754
6.570557
5.635322
4.806611
4.072219
3.434770
2.912116
2.430206
1.994293
1.611119
1.279971
0.994929
0.759364
0.576856
0.454196
0.377776
0.276227
0.191581
0.141132
0.116457
0.071344
0.076597
0.129263
0.195702
0.271474
0.335324
0.342892
0.300075
0.268322
0.210388
0.229031
0.294400
0.321344
0.306682
0.265537
0.291060
0.378680
0.447503
0.477046
0.467490
0.437712
0.382366
0.369394
0.454789
0.548263
0.647581
0.741937
0.792645
0.752253
0.659131
0.559359
0.464708
0.380855
0.317229
0.300132
0.311079
0.341712
0.339971
0.503595
0.579707
0.414870
0.303251
0.500153
0.729231
0.920731
1.094376
1.347845
1.527430
1.896753
2.327058
2.550045
2.330625
1.880416
1.432375
1.050372
1.051459
1.101482
1.062126
1.023926
1.155572
1.289798
1.395482
1.405394
1.498791
1.618816
1.665648
1.606290
1.499751
1.374123
1.250283
1.203854
1.089321
0.955388
0.827008
0.724467
0.641669
0.800781
1.117147
1.208923
1.119650
0.807089
0.820584
0.968079
1.134475
1.326616
1.527545
1.709268
1.803302
2.013345
2.219089
2.395080
2.430207
2.304822
2.386532
2.333062
2.159912
1.972159
1.772081
1.573050
1.500782
1.417037
1.290604
1.156707
1.027166
0.934503
0.918329
1.130551
1.328211
1.563115
1.815919
2.095218
2.422544
2.736732
2.975678
2.948944
2.648871
2.281645
1.929504
1.609618
1.317653
1.100089
0.978305
0.902467
0.855981
0.733988
0.571832
0.461146
0.530130
0.607073
0.673355
0.705500
0.683874
0.613218
0.740218
1.061907
1.373649
1.835758
2.371388
2.343698
1.785248
1.472761
1.188865
1.073814
1.190365
1.250499
1.232882
1.126042
1.010497
0.897834
0.936699
0.974951
0.992638
0.954462
0.855390
0.748881
0.658757
0.692526
0.734310
0.761678
0.736570
0.657344
0.570150
0.618751
0.731948
0.862232
1.005364
1.162012
1.325390
1.490785
1.646857
1.750659
1.774733
1.689894
1.532546
1.381852
1.254754
1.194561
1.320587
1.366417
1.341802
1.362899
1.434813
1.395242
1.395554
1.437533
1.536993
1.635394
1.693601
1.731485
1.775234
1.868874
1.917250
1.866833
1.736126
1.636303
1.689332
1.848734
1.914070
1.836034
1.694501
1.541043
1.409485
1.432776
1.515993
1.547723
1.504024
1.425838
1.317281
1.140186
1.013261
0.963442
1.249626
1.473608
1.648982
1.699032
1.642018
1.479354
1.332167
1.247867
1.152713
1.023227
0.825346
0.772651
0.757853
0.721701
0.821196
0.976203
1.313685
1.710446
2.201240
2.718612
3.074610
3.064883
2.684358
2.235235
2.445023
2.626935
2.730746
2.729999
2.790425
2.906961
3.090575
3.236638
3.451566
3.708163
3.802642
3.672851
3.393426
3.057914
2.724401
2.505592
2.820652
3.164656
3.558984
3.994205
4.461021
4.962319
5.491441
6.013782
6.377611
6.413288
6.088651
5.670500
5.176041
4.720376
4.571355
4.540537
4.954165
5.408336
5.982146
6.684207
7.442673
8.158495
8.669292
8.606501
8.073586
7.407412
6.729478
6.098452
5.491671
4.920635
4.378833
3.899098
3.531532
3.499518
3.503246
3.839133
4.110488
4.100298
3.839388
3.456073
3.038999
2.642949
2.298150
2.028315
2.204033
2.437464
2.567838
2.627237
2.634335
2.677239
2.810790
3.015345
3.384052
3.568247
3.347078
2.965865
2.526687
2.132298
2.011414
2.301766
2.518874
2.734184
2.953489
3.168623
3.381801
3.610964
3.857804
4.121137
4.385663
4.655695
4.915127
5.017045
4.854053
4.577306
4.314922
4.113412
3.909147
3.696331
3.499491
3.305447
3.105552
2.942397
2.859764
2.709712
2.631787
2.976420
3.286508
3.606495
3.871367
4.118542
4.233249
4.232944
4.094638
3.847892
3.519133
3.087466
2.494586
1.862968
1.390032
1.253955
1.352117
1.489895
1.523497
1.451539
1.285957
1.127291
0.990388
0.860287
0.734073
0.613787
0.495092
0.392577
0.314075
0.238669
0.180646
0.182990
0.276835
0.404050
0.564010
0.761982
0.998333
1.243945
1.437781
1.503483
1.345792
1.079938
0.827513
0.615951
0.444606
0.334572
0.464670
0.623651
0.787790
0.936135
1.102968
1.151710
1.078351
1.062018
1.261791
1.407629
1.388654
1.247484
1.050856
0.861173
0.692980
0.551621
0.646722
0.704414
0.498476
0.318866
0.229732
0.229153
0.194507
0.183842
0.188261
0.221095
0.288527
0.306202
0.321393
0.474932
0.748336
1.168980
1.665711
1.879510
1.882151
1.657639
1.696027
2.070063
2.371389
2.312186
1.992476
1.602954
1.271384
1.034954
0.826846
0.587005
0.377647
0.217714
0.132015
0.218955
0.297238
0.468627
0.626033
0.742588
0.669902
0.561019
0.404241
0.195205
0.062569
0.005586
0.000000
0.000000
0.000000
0.000000
0.000000
0.000000
0.000000
0.000000
0.000000
0.000000
0.000000
0.000000
0.000000
0.000000
0.000000
0.000000
0.007760
0.070650
0.112988
0.125917
0.129239
0.130493
0.127299
0.111385
0.063006
0.003023
0.000000
0.000000
0.000000
0.000000
0.000000
0.000000
0.000000
0.000000
0.000000
0.000000
0.000000
0.000000
0.000000
0.000000
0.000000
0.000000
0.000000
0.000000
0.000000
0.000000
0.000000
0.000000
0.000000
0.000000
0.000000
0.000000
0.000000
0.000000
0.015025
0.074578
0.183447
0.337785
0.534639
0.814712
1.147112
1.431295
1.443868
1.176523
0.884659
0.888902
0.814496
0.705128
0.771724
1.059994
1.378624
1.744531
2.141998
2.551773
2.734232
2.583981
2.626981
3.063912
3.206666
3.387655
4.001346
4.456231
3.706503
2.863612
2.263529
1.829396
1.433827
1.604463
1.625374
1.373268
1.070670
0.771234
0.531193
0.675749
0.744014
0.687293
0.697001
0.715439
0.776525
0.843141
0.886078
1.004493
1.033533
1.064087
1.049335
1.000799
0.919243
0.886785
1.009176
1.138356
1.283934
1.440103
1.603788
1.769250
1.930426
2.080686
2.182141
2.305354
2.428860
2.451002
2.497231
2.756096
3.034177
3.335587
3.667279
4.013672
4.342158
4.644969
4.937507
5.239825
5.570578
5.973660
6.415537
6.812548
6.987002
6.782354
6.413658
6.027965
5.687238
5.469052
5.520132
5.370403
5.074362
4.717977
4.371319
4.052710
3.756691
3.493929
3.342365
3.375996
3.453080
3.710994
3.982337
4.227146
4.391651
4.392839
4.487696
4.745272
4.946768
5.018525
4.934321
4.763054
4.523384
4.615339
4.644235
4.621680
4.715849
4.655467
4.443604
4.191446
3.951706
3.850096
3.827263
3.811338
3.674396
3.327738
2.722305
2.175554
1.626353
1.487485
1.725947
1.946638
2.126601
2.403442
2.734547
3.083313
3.415406
3.749357
3.994736
4.049963
3.872132
3.597078
3.217760
2.865748
2.561435
2.425591
2.648397
2.833139
3.105923
3.409065
3.734812
4.094245
4.472748
4.796417
4.994475
4.872643
4.682768
4.373168
4.346351
4.350630
4.129596
3.839616
3.538162
3.399137
3.539343
3.831453
4.210474
4.600812
5.043411
5.394573
5.473506
5.283858
4.897931
4.464489
4.168028
4.109574
3.947856
3.662342
3.348294
3.009833
3.272773
3.782509
4.356083
4.947042
5.512241
5.905270
5.900198
5.611680
5.341464
4.948333
4.391740
3.838900
3.348751
2.876777
2.565225
2.637250
2.902446
3.147428
3.241392
3.143977
3.379070
4.143110
5.059620
6.065121
6.960059
7.384283
6.888508
5.960546
4.968004
4.059933
3.284174
3.436294
3.427943
3.244779
2.927345
2.606055
2.312943
2.125782
1.935807
1.812655
1.656104
1.972561
2.389760
2.647435
2.788206
2.780909
2.774548
2.797800
2.843443
3.029902
3.257037
3.484887
3.701303
3.869718
3.941233
3.922149
3.858074
3.867945
3.828910
3.693737
3.468822
3.824661
4.130978
4.131769
3.832588
3.414219
3.067165
3.350348
3.637836
3.850037
3.893875
3.832992
3.676553
3.504488
3.427142
3.264602
3.058440
2.835531
2.596366
2.349484
2.328914
2.538384
2.573728
2.554590
2.820045
3.046518
3.296688
3.546283
3.693041
3.753962
3.638522
3.402608
3.252074
3.044658
2.818431
2.553508
2.283565
2.018303
1.861047
1.985597
1.990449
1.867901
1.980206
2.141606
2.198639
2.188351
2.243007
2.288296
2.471723
2.649507
2.833251
2.966174
3.009433
3.233204
3.440409
3.618615
3.605600
3.391631
3.185532
2.937368
3.105254
3.505900
3.937275
4.325035
4.534482
4.414793
4.042662
3.627715
3.227642
2.836986
2.471901
2.366198
2.048898
2.152409
2.525454
2.777791
2.673873
2.478781
2.100148
1.770662
1.446985
1.370331
1.675397
1.978901
2.108412
2.188325
2.257603
2.146794
2.319396
2.484416
2.520718
2.475948
2.405734
2.324167
2.157396
2.148275
2.229573
2.092979
2.047160
2.298170
2.249881
1.901526
1.465175
1.071826
1.108251
1.382513
1.528800
1.583473
1.600108
1.594172
1.541318
1.323443
0.806541
0.434623
0.281535
0.361146
0.370994
0.303377
0.218891
0.184941
0.145343
0.132075
0.147662
0.158063
0.200570
0.259325
0.327290
0.371269
0.372191
0.330548
0.270076
0.235713
0.207534
0.219462
0.254764
0.269644
0.277563
0.270556
0.247997
0.213338
0.194691
0.164295
0.102215
0.072339
0.075782
0.098664
0.107552
0.090656
0.060670
0.032582
0.012438
0.006757
0.011921
0.013620
0.010365
0.019887
0.020158
0.109417
0.171503
0.190881
0.195243
0.195077
0.194296
0.189100
0.175489
0.130053
0.067211
0.076945
0.172242
0.293309
0.483710
0.484004
0.286716
0.133885
0.058470
0.011913
0.016535
0.059908
0.129486
0.177360
0.193411
0.180489
0.141752
0.089002
0.074706
0.108058
0.174066
0.190279
0.142912
0.047651
0.006392
0.023274
0.050129
0.059698
0.060944
0.061911
0.051966
0.031261
0.032475
0.031964
0.056485
0.070143
0.052233
0.026278
0.006395
0.006852
0.034898
0.080131
0.120706
0.115191
0.071824
0.083321
0.164734
0.289253
0.462742
0.685610
0.933830
1.109970
1.112532
0.934918
0.720234
0.718513
0.714849
0.696267
0.617123
0.438927
0.304408
0.429474
0.670671
0.940064
1.172135
1.301620
1.220110
1.071212
0.869984
1.103362
1.376214
1.422936
1.197328
1.076338
0.899087
0.942837
1.070392
1.292124
1.404190
1.275906
0.949220
1.015724
1.096412
1.024032
0.823812
0.608799
0.495485
0.606341
0.700377
0.698099
1.074341
1.257961
1.252210
1.051084
0.602954
0.408435
0.494040
0.561864
0.608511
0.618049
0.748825
0.805648
0.725239
0.557023
0.558573
0.688096
0.848749
1.023324
1.185112
1.263375
1.243529
1.156925
1.175845
1.278866
1.298536
1.210818
1.289224
1.421004
1.483664
1.456375
1.351524
1.335371
1.475416
1.576354
1.589640
1.509247
1.357260
1.204495
1.306347
1.299403
1.262208
1.389769
1.467325
1.510049
1.480155
1.485465
1.504048
1.601389
1.619667
1.697461
1.705221
1.621724
1.661812
1.817990
1.908900
1.870504
1.718088
1.521233
1.323876
1.133500
0.954956
1.019139
1.178450
1.251719
1.272435
1.547446
1.898651
2.171616
2.337201
2.325759
2.244492
2.005030
1.900535
1.753268
1.808171
2.222537
2.720441
3.324470
3.970528
4.539750
4.919990
5.141470
5.568765
6.537451
7.727193
9.053119
10.327652
10.856282
10.215599
8.900570
7.548402
6.322067
6.191996
7.138553
8.201940
9.324163
10.000041
10.151999
9.630436
8.673754
9.219294
9.809327
9.923514
9.448902
8.472304
7.473821
6.497299
5.624943
5.353178
4.506612
3.737455
4.392928
5.123656
5.430826
5.099363
4.474801
3.731045
3.430978
3.238460
3.088797
3.403198
3.765733
4.119232
4.381434
4.551631
4.672152
4.804383
5.205443
5.663970
6.174871
6.669358
6.995079
7.263288
7.242212
6.944777
6.731499
6.339030
5.850392
5.402602
5.100216
4.916474
4.669938
4.427402
4.304110
4.096715
3.799279
3.751100
4.018075
4.208427
4.375532
4.327816
4.080598
3.755345
3.430017
3.125932
2.844974
2.766570
2.707277
3.115908
3.704808
4.380169
5.146070
6.003634
6.980299
8.075259
9.157276
9.787485
9.675783
9.244443
8.242762
7.208901
6.258288
5.436711
4.764114
4.234938
4.405203
4.201149
3.881270
3.486535
3.404961
3.685240
3.933057
4.535032
5.147877
5.560615
5.461432
5.008997
4.407739
4.157978
4.610785
4.926918
4.804577
4.382811
4.078510
4.254004
4.233620
4.163081
4.011519
3.717038
3.297677
2.797233
2.253897
1.884716
1.687448
1.815350
1.982518
2.179238
2.387453
2.590194
2.700346
2.703653
2.608037
2.484697
2.688726
2.937178
3.010405
3.014899
2.946768
2.675997
2.090841
1.845086
2.059577
2.269474
2.427057
2.498621
2.399921
2.619964
2.943405
3.375497
3.957460
4.582276
4.760478
4.572517
4.228833
4.194958
4.485811
4.759513
4.963847
4.878207
4.603281
4.251662
4.114008
4.386201
4.530194
4.519258
4.496277
4.832311
5.076408
5.081653
4.923556
4.924062
5.146369
5.199013
5.120197
4.895496
4.659585
4.637463
4.969220
5.273612
5.532216
5.702509
5.787495
5.711119
5.918021
6.164783
6.512642
6.832484
7.050211
7.000666
6.794960
6.505604
6.648724
7.575098
8.555447
9.408071
9.830356
9.596631
8.744722
7.818332
7.381217
8.482315
9.778481
11.201267
12.749022
14.367552
15.720283
16.702843
16.164526
14.676986
12.904131
11.201756
12.484566
13.950342
15.237791
16.582365
17.329752
16.889969
15.751773
14.169309
12.624130
11.280811
11.077338
12.164243
13.343013
14.429412
14.987555
14.719977
13.881689
12.874102
12.678434
12.073160
11.242341
11.110853
10.949574
10.331542
9.670938
9.362824
9.907133
10.545110
11.214843
11.904078
12.741025
13.678158
14.624843
15.387681
15.735046
15.320172
14.578528
13.612556
12.625598
11.707046
10.859691
11.082301
11.301084
11.656479
11.976663
12.084502
11.629234
10.977618
10.226360
9.483691
8.798425
8.976830
9.597932
10.374819
11.404741
12.381583
12.831718
13.054940
12.978333
12.390963
11.744730
11.108123
10.559378
10.077426
9.543227
9.070398
9.402031
9.879839
10.352087
10.854938
11.422694
12.028591
12.577469
12.905220
12.763073
12.351503
11.787981
11.176713
10.585180
10.197503
10.723449
11.090187
11.205275
11.118207
10.649084
10.147770
9.956656
10.034650
10.019516
9.885034
9.690445
9.552828
9.206828
8.825693
8.969938
9.201418
9.317763
9.193662
9.175606
9.098487
8.805921
9.065228
9.318803
9.668303
10.202497
10.369982
9.922214
9.307016
8.705696
8.414758
7.837515
7.122012
7.014284
6.876567
6.668165
6.386478
6.070281
6.059218
6.134900
6.033957
5.764343
5.445490
5.185597
5.004610
4.772161
4.874847
4.917230
5.020648
4.852980
4.579855
4.269857
4.089120
3.920213
3.652830
3.407107
3.476069
3.589666
3.652354
3.580009
3.498357
3.388076
3.157694
3.018799
2.844412
3.131861
3.847428
4.582397
5.048452
5.002995
4.456943
3.778071
3.079715
2.943779
3.327925
3.779753
4.261922
4.560416
4.524095
4.209295
3.750392
3.296236
2.874295
2.835320
2.877649
2.711360
2.397930
2.044728
1.736179
1.753034
1.786616
1.796089
2.168015
2.359885
2.513561
2.650389
2.667885
2.688612
3.042379
3.355568
3.518501
3.479287
3.668652
3.867593
3.964003
3.995564
3.837996
3.591926
3.347386
3.201694
3.102890
3.248044
3.260523
3.445200
3.634947
3.731365
3.633587
3.443046
3.429829
3.329783
3.103075
2.830967
2.885375
2.950186
3.054142
2.970239
2.750702
2.697345
2.703236
2.559569
2.410142
2.680476
2.967388
3.267986
3.510259
3.579612
3.441745
3.461583
3.645900
3.695395
3.941876
4.023704
3.855077
3.979411
4.247002
4.573880
4.886642
5.072225
4.763788
3.550325
3.091600
3.207903
3.445971
3.476068
3.319234
3.050076
2.759188
2.511016
2.313500
2.075797
1.854457
1.692749
1.580710
1.734913
1.762167
1.749972
1.922061
2.155405
2.399122
2.649032
2.928181
3.214672
3.464138
3.537239
3.676157
3.610929
3.133758
3.105227
3.052969
2.898599
3.026023
3.352400
3.753701
4.162030
4.514364
4.559119
4.811897
5.255186
5.780961
6.364112
6.993741
7.631283
8.162699
8.197700
7.368774
6.955929
7.253299
7.831571
8.556346
9.300735
10.111339
10.992317
11.745112
11.784851
11.783398
11.242341
9.619897
7.722885
6.414422
5.989939
5.541890
4.806968
4.013618
3.436599
2.867881
2.730099
3.162634
3.509706
3.183390
2.016954
1.900352
2.103586
2.046124
2.244088
2.537514
2.722897
2.428470
1.973889
1.772183
0.954456
0.271962
0.239943
0.373855
0.118713
0.000000
0.000000
0.000000
0.000000
0.000000
0.000000
0.000000
0.000000
