track	type=wiggle_0
fixedStep	chrom=chr	start=1	step=1
0.000000
0.000000
0.000000
0.000000
0.000000
0.000000
0.000000
0.000000
0.000000
0.000000
0.000000
0.000000
0.003687
0.037210
0.133651
0.303577
0.365211
0.298063
0.191084
0.106610
0.047069
0.106888
0.230641
0.407021
0.603617
0.865209
1.103856
1.211297
1.054392
0.791030
0.857662
1.031036
1.064415
1.109438
1.148880
1.423141
1.817543
2.289985
2.855003
3.480456
3.986566
4.014545
3.521026
2.895132
2.334632
1.914667
2.140549
2.509127
2.655994
2.496681
2.131988
1.792278
1.440717
1.109052
0.826600
0.596829
0.479415
0.481972
0.497606
0.528959
0.689255
0.861802
1.031536
1.080671
1.083403
1.060974
0.988976
0.820250
0.454724
0.192251
0.056153
0.007607
0.030290
0.068184
0.113924
0.140350
0.133180
0.092376
0.050187
0.018546
0.002483
0.000000
0.000000
0.000000
0.000000
0.000000
0.000000
0.000000
0.000000
0.000000
0.000000
0.000000
0.000000
0.000226
0.007274
0.023496
0.039403
0.044854
0.039498
0.029005
0.012897
0.005150
0.016288
0.025982
0.031263
0.022315
0.011403
0.002659
0.000000
0.000000
0.000000
0.000000
0.000000
0.000589
0.032882
0.122130
0.275523
0.500170
0.808095
1.264834
2.103551
2.510736
2.621443
2.621443
2.533992
2.219335
1.518864
0.994438
0.619573
0.360233
0.209555
0.138811
0.146490
0.252806
0.330869
0.307258
0.198322
0.094781
0.028267
0.001593
0.021917
0.070032
0.167171
0.229764
0.176370
0.091568
0.041068
0.024459
0.011299
0.005915
0.002894
0.000653
0.000000
0.000000
0.000000
0.000000
0.000000
0.000000
0.000000
0.000000
0.000000
0.000000
0.000000
0.000000
0.000000
0.000000
0.008878
0.076860
0.235384
0.537172
0.903698
0.997790
0.933119
0.639251
0.328109
0.146442
0.041008
0.000923
0.000000
0.000000
0.000000
0.000000
0.001036
0.025075
0.069037
0.100779
0.081256
0.033793
0.003108
0.005022
0.045036
0.135824
0.269545
0.408858
0.487933
0.404549
0.260332
0.123959
0.036194
0.001407
0.000000
0.000000
0.000000
0.000000
0.000000
0.000000
0.000000
0.000000
0.000000
0.000000
0.000000
0.000000
0.000000
0.000000
0.000000
0.000000
0.000000
0.000000
0.000000
0.000000
0.000000
0.000000
0.000000
0.000000
0.000000
0.000000
0.000000
0.000000
0.000000
0.000000
0.000000
0.000000
0.000000
0.000000
0.000000
0.000000
0.000000
0.000000
0.000000
0.000000
0.000000
0.000000
0.000000
0.000000
0.000000
0.000000
0.000000
0.000000
0.000000
0.000000
0.000000
0.000000
0.000000
0.000000
0.000000
0.000000
0.000000
0.000000
0.000000
0.000000
0.000000
0.000007
0.004783
0.012508
0.011873
0.003909
0.000000
0.000000
0.007378
0.048673
0.124935
0.263245
0.454051
0.634480
0.640142
0.457470
0.265126
0.184641
0.272846
0.381776
0.467342
0.677904
0.959451
1.309417
1.733358
2.241612
2.815177
3.352535
3.651985
3.664276
3.302807
2.693176
2.075362
2.249431
2.581736
2.946611
3.345635
3.777659
4.249620
4.754508
5.244895
5.609646
5.609650
5.248425
4.766548
4.263366
3.790390
3.357457
2.957685
2.591890
2.258729
1.954922
1.679605
1.427551
1.208091
1.342664
1.629879
1.626946
1.339288
0.976478
0.658017
0.410841
0.348547
0.396749
0.388082
0.316038
0.277196
0.272666
0.218428
0.129980
0.057573
0.027521
0.051621
0.069015
0.068124
0.048692
0.025446
0.092597
0.178305
0.201468
0.422754
0.541019
0.583121
0.581873
0.539417
0.423761
0.204348
0.068464
0.007238
0.001585
0.001417
0.008862
0.004408
0.000000
0.002930
0.013229
0.022224
0.020566
0.009090
0.000927
0.000000
0.000000
0.000000
0.001304
0.002699
0.001460
0.013992
0.040927
0.074945
0.114927
0.160836
0.215818
0.274193
0.318332
0.337885
0.314602
0.263425
0.233617
0.229081
0.340794
0.500841
0.700947
0.843231
0.831830
0.662944
0.532552
0.542426
0.558971
0.541719
0.484676
0.417553
0.366406
0.303832
0.242520
0.196050
0.189597
0.152227
0.111672
0.093808
0.079085
0.073769
0.057667
0.090373
0.115933
0.148178
0.169226
0.168477
0.189818
0.166400
0.140068
0.182505
0.204507
0.181212
0.171070
0.227021
0.266475
0.282928
0.310062
0.310947
0.268150
0.304158
0.333197
0.318040
0.314840
0.497549
0.768191
1.106461
1.498698
2.037281
2.879061
3.869585
4.271948
4.376509
4.395609
4.395609
4.376509
4.271948
3.869586
2.865624
1.995355
1.477803
1.216325
1.262308
1.412827
1.377552
1.225304
0.967235
0.691423
0.920414
1.209738
1.540029
1.835776
1.917075
1.965882
2.351223
2.785917
3.264595
3.720092
3.974965
3.954222
3.674802
3.598245
3.973815
4.131384
4.061397
3.790321
3.384100
3.617284
4.277228
4.765716
5.148831
5.227112
4.971439
4.494226
4.326393
4.716939
5.229065
5.962388
6.841317
8.695546
10.135304
10.675934
10.829940
10.675936
10.135303
8.669724
6.618584
5.401198
4.437521
3.587172
2.869037
2.487880
2.267257
1.905413
1.543873
1.219239
1.008493
0.800955
0.570776
0.376429
0.251132
0.322507
0.366240
0.328472
0.246329
0.186969
0.215133
0.288673
0.372933
0.469745
0.577898
0.693730
0.794403
0.857000
0.807308
0.710873
0.594587
0.484518
0.385919
0.299947
0.378981
0.481838
0.597706
0.720661
0.842034
0.909331
0.876887
0.784184
0.738946
0.829758
0.938186
1.049673
1.104185
1.111783
1.206797
1.359976
1.469623
1.463974
1.367664
1.197554
1.014267
0.847101
0.697007
0.562543
0.445012
0.340943
0.285266
0.325221
0.286687
0.218553
0.145902
0.085529
0.041256
0.013280
0.000869
0.005520
0.039701
0.086843
0.205903
0.413157
0.747375
1.266957
1.551416
1.660234
1.660234
1.787215
1.952195
1.803033
1.477065
1.204154
1.149518
1.121803
1.097889
1.011755
0.882355
1.007912
1.252227
1.413400
1.395568
1.510417
1.590096
1.514470
1.799425
2.196995
2.621951
2.837602
2.748956
2.338907
2.671531
3.287642
3.798385
3.812694
3.537880
3.203036
2.679783
2.145173
1.700251
1.255734
0.877534
0.578754
0.351683
0.186645
0.077192
0.090779
0.109006
0.158867
0.224203
0.284657
0.297149
0.282372
0.264398
0.288598
0.343994
0.384400
0.363339
0.341883
0.443423
0.562888
0.672166
0.774637
0.873511
0.940509
0.891022
0.789549
0.660616
0.537308
0.445870
0.361458
0.288784
0.254966
0.325552
0.404236
0.492846
0.576106
0.637695
0.629497
0.551891
0.455505
0.361536
0.280827
0.217223
0.170935
0.175828
0.226275
0.282353
0.343586
0.412735
0.498561
0.603873
0.728970
0.857434
0.985173
1.172043
1.567872
2.045496
2.590977
3.127899
3.428617
3.141867
2.602153
2.049247
1.554203
1.147074
0.828155
0.713953
0.775182
0.971824
1.198328
1.351781
1.553960
1.560529
1.870078
2.255189
2.676466
3.105080
3.434793
3.433477
3.108642
2.684644
2.262081
1.892136
1.581233
1.341735
1.228948
1.262475
1.193446
1.100596
1.192115
1.352332
1.506514
1.559525
1.578799
1.798351
1.960105
1.981661
1.836835
1.616003
1.428160
1.446691
1.512214
1.489641
1.382933
1.219226
1.286834
1.472155
1.602659
1.607906
1.500390
1.345146
1.174274
1.006338
0.858741
0.872208
1.034895
1.229262
1.459887
1.708962
1.988502
2.311226
2.625757
2.865232
2.837605
2.534859
2.164462
1.807309
1.488953
1.203541
1.027901
0.907112
0.834767
0.792396
0.674256
0.622108
0.630859
0.743368
0.844194
0.923746
0.927001
0.868424
0.771554
0.732543
1.064178
1.389213
1.865350
2.406875
2.363734
1.781427
1.461204
1.180904
1.155085
1.080891
1.192809
1.333342
1.475954
1.617439
1.729250
1.717169
1.600397
1.513021
1.383348
1.238657
1.099707
0.972236
0.957681
1.090024
1.230262
1.312761
1.379393
1.373741
1.363383
1.444141
1.447962
1.347002
1.285463
1.174317
1.051441
1.104236
1.208971
1.296885
1.461172
1.665301
1.882567
2.084116
2.226405
2.212729
2.078552
1.896363
1.700657
1.491415
1.538122
1.729827
1.890078
2.043586
2.155384
2.158300
2.043430
1.994490
2.172447
2.233378
2.153129
1.998913
1.879918
1.873860
2.045511
2.127523
2.212061
2.241919
2.164135
2.012822
1.897471
1.757087
1.618070
1.772662
1.895682
1.936108
1.863686
1.736467
1.591338
1.897630
2.475595
3.164412
4.004514
5.268978
6.144964
6.177078
5.414417
4.323416
3.460365
3.179776
3.820106
4.499317
5.118474
5.618392
5.525202
4.944437
4.604643
5.284251
5.885251
6.132323
6.056050
6.064629
6.187970
5.986165
5.531286
5.193861
4.662277
4.010406
3.826393
4.265348
4.730075
4.928177
5.704112
6.118694
5.816417
5.976545
5.805110
5.587004
5.109414
4.572259
4.096892
4.110691
4.292837
4.283636
4.086278
4.184599
4.684956
5.337088
5.920453
6.137425
5.839666
5.238699
4.554618
3.948745
3.572894
3.232564
2.895715
2.666645
2.630473
2.604466
2.904230
2.969237
3.100378
3.149587
3.529302
3.765959
3.670990
3.397415
3.019047
2.648760
2.322872
2.098288
1.908242
1.860438
1.814427
1.832818
1.766550
1.754175
1.626403
1.532107
1.359098
1.167159
1.073226
1.099585
1.058623
1.136671
1.268084
1.362613
1.688772
2.069601
2.476132
2.800734
2.930751
2.765063
2.434388
2.039493
1.707130
1.470900
1.453164
1.362229
1.165865
1.233807
1.377621
1.499035
1.627631
1.825503
2.000127
2.174342
2.361207
2.543236
2.662636
2.633138
2.475272
2.280977
2.084011
1.887760
1.695573
1.519015
1.417735
1.298871
1.184717
1.061488
0.986119
0.977196
1.052704
1.026434
1.059151
1.147229
1.265184
1.331391
1.307546
1.209280
1.075541
0.953188
0.985878
1.146809
1.305661
1.374891
1.319948
1.217991
1.126243
0.936197
0.787793
0.834972
0.911063
0.915711
0.859045
0.773333
0.659964
0.530808
0.566974
0.579508
0.518707
0.440694
0.355130
0.268046
0.238320
0.257069
0.239890
0.197083
0.247482
0.267597
0.298695
0.381879
0.497754
0.617288
0.681702
0.636354
0.582246
0.725555
0.926159
1.160757
1.415626
1.642444
1.794714
1.719912
1.506675
1.250693
1.018487
0.861080
0.985110
1.127135
1.173640
1.085715
0.923767
0.751683
0.590844
0.586248
0.829974
1.125645
1.466770
1.859034
2.310909
2.801290
3.272107
3.656302
3.649508
3.544558
4.262616
5.191392
6.229767
7.364476
8.255132
8.281019
7.434637
6.349481
5.377085
4.574140
4.338776
4.500202
4.792315
4.505661
4.045571
3.396815
2.760660
2.204999
1.743020
1.353453
1.024146
0.902996
0.719296
0.708470
0.768677
0.673571
0.557281
0.651081
0.810756
0.912404
0.895033
0.755660
0.574095
0.404236
0.266562
0.157729
0.079684
0.029502
0.004591
0.000000
0.000000
0.000000
0.000000
0.000000
0.000000
0.000000
0.000000
0.009442
0.068391
0.109486
0.128140
0.156475
0.174552
0.232536
0.355973
0.424726
0.455005
0.464260
0.465509
0.456551
0.424832
0.323944
0.139327
0.037816
0.004084
0.000948
0.000000
0.000000
0.000000
0.000000
0.000000
0.000000
0.000000
0.000000
0.000000
0.000000
0.000000
0.000000
0.000000
0.000000
0.000000
0.000000
0.000000
0.000000
0.000000
0.000000
0.002082
0.040888
0.128425
0.262253
0.471310
0.736631
0.970646
0.981511
0.769001
0.550404
0.521710
0.465199
0.398016
0.410231
0.629551
0.881968
1.175722
1.510153
1.890537
2.100467
2.033604
2.410321
2.864128
2.994171
3.220251
3.841532
4.310068
3.551004
2.702261
2.097818
1.650322
1.198389
0.820271
0.524107
0.303155
0.153033
0.164953
0.168107
0.168276
0.165272
0.150336
0.100149
0.116118
0.139739
0.143966
0.163838
0.171896
0.167361
0.139896
0.109671
0.100250
0.139132
0.193240
0.255944
0.323242
0.384936
0.418408
0.389787
0.318465
0.291260
0.367194
0.467049
0.573115
0.660747
0.700478
0.648045
0.560501
0.656730
0.794839
0.951413
1.094104
1.245451
1.418399
1.615245
1.824655
2.048361
2.309874
2.605510
2.882893
3.039997
2.967428
2.749034
2.485161
2.236860
2.137959
2.234039
2.167975
1.999748
1.843504
1.904349
1.962669
1.907891
1.763528
1.848401
2.021588
2.105700
2.061041
1.928970
2.044578
2.055619
2.397223
2.850150
3.207160
3.211786
2.848882
2.577042
2.393075
2.177876
2.238039
2.349714
2.371733
2.402688
2.342329
2.374925
2.474537
2.439008
2.710758
3.002213
3.274315
3.481653
3.788009
4.202263
4.586634
4.876913
4.973239
5.146817
5.624385
6.113811
6.372740
6.305803
6.058104
5.985835
6.008563
6.456270
6.936066
7.378127
7.757534
8.090702
8.216875
8.197389
8.619389
8.790946
8.633061
8.119321
7.624333
7.140036
7.873176
8.745066
9.680024
10.586359
11.241728
11.212049
10.496498
9.546164
9.273642
9.273936
8.943776
8.440843
7.838076
8.367370
9.054267
9.771430
10.453546
11.148523
11.549436
11.396003
10.760050
9.953224
9.148607
8.418273
7.729883
7.109141
7.113698
7.681596
8.059551
8.121733
7.853019
7.346736
6.786376
6.433607
6.817527
7.253358
7.638567
7.869372
7.823953
8.171243
8.382589
8.490872
8.319260
8.212722
8.608740
9.108141
9.559327
9.692200
9.475400
9.509446
9.536023
9.304466
8.828154
8.247216
7.639216
7.051497
6.498564
5.993051
5.522449
5.092423
5.034091
4.924766
4.934121
5.171029
5.404326
5.548460
5.469489
5.260965
5.336512
5.280468
5.039979
4.692271
4.556784
4.476403
4.716705
4.883856
4.844615
4.780683
4.860431
4.974783
5.208534
5.304152
5.169461
4.917606
4.648326
4.452267
4.548324
5.002442
5.539722
6.189341
6.859818
7.305535
7.268801
6.827221
6.193143
5.568957
4.994345
4.449146
3.934070
3.463179
3.655750
4.307595
4.793590
4.728196
4.218842
3.593413
2.999413
2.789180
3.123151
3.383956
3.423136
3.247978
2.969225
2.667470
2.505250
2.510689
2.369349
2.304855
2.587687
2.798635
2.828172
2.696174
2.503013
2.293978
2.375052
2.369356
2.385721
2.475995
2.491948
2.341896
2.094478
1.820335
1.570749
1.357529
1.143270
0.950172
0.807302
0.720733
0.695939
0.700674
0.715406
0.773833
0.900511
1.043620
1.095192
1.042752
0.902440
0.768322
0.660904
0.711219
0.879621
1.093006
1.329360
1.654940
2.089907
2.147844
1.791234
1.345042
0.995900
0.997550
1.065747
1.002526
0.817981
1.015703
1.243904
1.299944
1.278706
1.270075
1.128021
0.931941
0.818562
0.849871
1.061868
1.192003
1.253128
1.219025
1.652081
2.054458
2.221167
2.267045
2.239123
2.202397
2.197321
2.192072
2.353448
2.809868
2.860374
2.430799
2.442486
2.262818
1.868066
1.409872
1.007310
0.940640
1.312024
1.490152
1.550387
1.568748
1.564237
1.525606
1.360504
0.980265
0.545970
0.268784
0.117941
0.046840
0.020470
0.006634
0.000089
0.000000
0.000000
0.000000
0.000000
0.000000
0.000000
0.000000
0.000000
0.000000
0.000000
0.000000
0.000000
0.000000
0.000000
0.000000
0.000000
0.000000
0.000000
0.000000
0.000000
0.000000
0.000000
0.000000
0.000000
0.000000
0.000000
0.000000
0.000000
0.000000
0.000000
0.000000
0.000000
0.000000
0.000000
0.000000
0.000000
0.004856
0.065056
0.111803
0.126892
0.133332
0.140210
0.149910
0.154545
0.153860
0.140798
0.105308
0.071500
0.138113
0.257004
0.428938
0.409504
0.211542
0.078382
0.021663
0.000446
0.003715
0.032213
0.082986
0.119919
0.132403
0.123150
0.093997
0.056509
0.045685
0.079224
0.137729
0.152594
0.111490
0.031974
0.001890
0.000000
0.000000
0.000000
0.000000
0.001298
0.013899
0.042204
0.086312
0.143615
0.199720
0.236341
0.206402
0.147487
0.085230
0.040466
0.013732
0.003850
0.014920
0.012636
0.007403
0.050487
0.080459
0.112771
0.231584
0.397295
0.590949
0.733288
0.730479
0.584304
0.581893
0.582964
0.580054
0.559630
0.486450
0.343567
0.271286
0.284980
0.466619
0.695356
0.908885
1.049588
1.042752
1.041253
1.118510
1.412762
1.704155
1.725617
1.496176
1.309404
1.067006
0.962096
1.104899
1.322753
1.422189
1.283797
0.955426
0.645528
0.414056
0.388582
0.281564
0.189692
0.153627
0.189231
0.217070
0.186381
0.254280
0.302094
0.315758
0.295657
0.237035
0.173682
0.144285
0.144012
0.144354
0.160639
0.227121
0.253387
0.296088
0.343345
0.372112
0.396320
0.404471
0.363637
0.350506
0.399881
0.399849
0.394977
0.463326
0.485921
0.453081
0.424860
0.507764
0.585299
0.609062
0.555443
0.486243
0.580790
0.655601
0.650279
0.613878
0.537544
0.428902
0.416836
0.399951
0.439880
0.569854
0.714716
0.781653
1.021726
1.372748
1.821618
2.287451
2.475826
2.323960
2.120970
1.681610
1.342999
1.034148
1.080283
1.349029
1.583248
1.807179
2.251682
2.388640
2.286475
1.926331
1.986316
2.249398
2.487887
2.557705
2.748094
2.970737
3.157990
3.250040
3.251426
3.286717
3.170540
3.059463
3.071480
3.234998
3.365907
3.417683
3.331535
3.453518
3.627500
3.695922
3.688567
3.489330
3.189269
3.283474
3.277525
3.988668
4.314734
3.892233
3.392239
3.866636
4.308720
4.725549
5.098232
5.304987
5.414009
5.390031
5.195746
4.892148
4.597240
4.712621
5.060530
5.239462
5.369226
5.711950
6.096938
6.389607
6.555664
6.497158
6.793114
7.269499
7.576446
7.674197
7.396504
7.001456
7.243150
7.736462
8.083449
8.196494
8.150243
7.856695
7.947229
8.046426
7.868792
7.358747
7.020129
7.575945
8.185022
8.842043
9.532987
10.136454
10.455971
10.441375
10.106080
9.535896
9.776376
9.534397
9.044693
9.412616
10.095057
10.790569
11.214646
11.340380
10.884078
10.072879
9.290118
8.795905
8.326237
8.908021
9.843325
10.833397
11.714547
12.284457
12.441801
11.949153
11.322131
12.124334
13.336693
14.804107
16.450159
18.360950
20.637503
23.251413
25.929941
28.359976
29.480066
29.194324
27.114822
24.618097
22.249249
20.083399
18.135538
16.370876
14.756638
13.259967
11.879411
10.594839
9.421731
8.375943
7.418991
6.577726
6.062111
6.635729
6.923439
6.774201
6.347411
5.800042
5.514797
5.248309
4.745212
4.248816
3.851419
3.670188
3.733533
3.507821
3.138978
3.224641
3.363636
3.375884
3.265089
3.021396
2.647690
2.257188
2.136070
2.324226
2.548222
2.741823
2.825227
2.714463
2.552008
2.372887
2.392504
2.595881
2.753414
2.817589
2.830759
2.743437
2.593991
2.602748
2.516128
2.532714
2.717860
2.813869
2.829926
2.693933
2.490418
2.642926
2.966523
3.312040
3.666631
3.955543
4.068202
4.103579
3.867398
3.519497
3.284421
3.091723
2.912758
2.671515
2.458475
2.579204
2.574158
2.451389
2.449669
2.669039
2.911746
3.177797
3.439996
3.562161
3.764490
3.989092
3.937314
3.652656
3.765692
4.014970
4.240182
4.284092
4.138469
3.885559
3.572336
3.302633
3.218353
3.087796
2.915709
2.683602
2.455625
2.252589
2.168499
2.117457
2.043010
1.770907
2.010513
2.436768
2.792040
3.074627
2.988851
2.649744
2.218106
2.402777
3.182998
3.661383
3.877204
4.209170
5.189791
6.297446
7.429869
8.300112
8.425508
7.676340
6.570472
5.491692
5.694591
6.643137
7.676020
8.747643
9.602439
9.793109
9.356498
8.404982
7.323422
6.322415
5.432076
4.644146
3.966082
4.350688
4.362860
5.423272
5.732909
5.453887
4.529735
3.563103
3.039565
3.220463
3.193914
2.962672
2.618413
2.274564
2.503459
2.836262
3.191220
3.537919
3.866215
4.380672
4.889824
5.413503
5.834266
5.937811
5.664313
5.247701
4.776542
4.324700
3.925179
3.609611
3.419831
3.125903
3.099437
3.459435
3.632257
3.561270
3.227800
2.875036
2.495366
2.153116
2.074874
2.315736
2.612926
2.847407
2.971455
2.845212
2.611819
2.349925
2.076555
1.927446
1.775427
1.737422
1.766774
1.940224
2.128932
2.315192
2.503295
2.701435
2.871380
2.934118
2.891871
2.875494
2.815080
2.796213
2.891271
2.808894
2.988730
3.237096
3.524847
3.832600
4.148634
4.399866
4.488355
4.419041
4.219601
4.064752
4.416947
4.767832
5.112876
5.410692
5.650339
5.931075
6.116634
6.118678
5.969216
5.684411
5.350452
5.040411
4.960600
4.940754
4.833805
4.992907
5.267485
5.091043
4.742250
4.433483
4.249815
4.056499
4.246576
4.412714
4.461018
4.337171
4.096611
3.828295
3.609776
3.355127
3.101645
2.955352
2.809492
2.809414
2.878206
2.944513
3.001217
3.120508
3.498431
3.885827
4.089230
4.115173
4.005354
3.777061
3.569468
3.480742
3.402431
3.413844
3.366725
3.530688
3.757839
3.968271
4.074589
3.977483
3.722344
3.401538
3.321369
3.714721
4.194726
4.743049
5.281268
5.746562
5.978383
5.924925
5.976114
6.321683
6.524611
6.908237
7.597751
8.430823
9.280264
10.142308
10.987133
11.648752
11.923653
11.602382
10.981872
10.187084
9.416298
8.765111
8.212883
7.706012
7.239631
7.414971
7.767030
7.657793
7.107983
6.738799
7.019319
7.201449
6.994368
6.611691
6.123132
5.625969
5.158403
5.135916
5.020841
4.878957
5.257016
5.659242
5.818456
5.689209
5.539084
5.205950
4.748017
4.200562
3.710312
3.309412
3.410869
3.514373
3.768724
4.010297
4.138646
4.303162
4.626251
4.876956
5.079878
5.102497
4.876005
4.475804
3.977105
3.753865
3.413350
3.762865
4.211967
4.571824
4.493118
4.069716
3.554896
3.066732
2.641868
2.395194
2.580461
2.611004
2.478103
2.286889
1.994656
1.696470
1.564320
1.352573
1.039519
0.942162
0.909584
0.801843
0.792960
0.773477
0.676097
0.576990
0.532120
0.489377
0.634921
0.782698
0.886746
0.952209
1.061589
1.091757
1.133999
0.966767
0.390027
0.377102
0.409640
0.504901
0.636257
0.817940
1.049768
1.332700
1.649570
1.968392
2.221770
2.549020
2.966435
3.267065
3.056189
2.309960
1.921817
2.058510
2.423579
2.893443
3.442383
4.059909
4.739163
5.442464
5.995312
6.457788
6.876832
6.293977
4.848396
3.728577
2.548292
2.601105
3.045120
3.439428
3.096667
1.965366
2.081130
2.480436
2.663650
2.583374
2.525874
1.487078
0.861802
0.000000
0.000000
0.000000
0.000000
0.000000
0.000000
0.000000
0.000000
