track	type=wiggle_0
fixedStep	chrom=chr	start=1	step=1
0.000000
0.000000
0.000000
0.000000
0.000000
0.000000
0.000000
0.000000
0.000000
0.000000
0.000000
0.000000
0.005235
0.041977
0.140799
0.310704
0.373483
0.305109
0.205740
0.121418
0.060619
0.143523
0.280508
0.466248
0.663321
0.927358
1.172275
1.283027
1.119246
0.853839
1.034820
1.196561
1.259316
1.300277
1.332841
1.618459
2.021890
2.503642
3.086883
3.727809
4.221196
4.217403
3.719073
3.110027
2.564576
2.114935
2.428951
2.672384
2.789234
2.616722
2.269284
1.868425
1.500269
1.184138
0.916226
0.689628
0.503512
0.367599
0.419619
0.464408
0.407994
0.317791
0.463323
0.808722
0.941512
0.971228
0.941512
0.806076
0.452731
0.196862
0.061642
0.006438
0.000000
0.000000
0.000000
0.000000
0.000279
0.008300
0.020787
0.027071
0.068715
0.186808
0.380360
0.656288
0.965824
1.188177
1.385141
1.536467
1.620416
1.721514
1.913477
2.135068
2.375115
2.621786
2.830458
2.917769
2.860433
2.987197
2.998002
2.864040
2.633307
2.388556
2.154556
1.937346
1.726871
1.530133
1.712630
1.936819
2.126522
2.203285
2.140114
1.991956
2.040790
2.004050
2.126727
2.145815
2.056098
2.121178
2.438450
2.786441
3.167086
3.583817
4.043429
4.545844
5.073734
5.552151
5.752373
5.552153
5.080898
4.599679
4.132016
3.762910
3.689576
4.155718
4.673590
4.670225
4.126387
3.409848
2.761659
2.173135
1.677409
1.420184
1.448890
1.417231
1.375962
1.522237
1.606233
1.699578
1.676462
1.744618
1.656229
1.493126
1.322882
1.226004
1.270036
1.203467
1.083011
1.005555
0.905454
0.798995
0.681660
0.573914
0.493286
0.465204
0.467919
0.474599
0.449377
0.391907
0.403565
0.794476
1.287467
1.438074
1.338503
0.917304
0.567524
0.317287
0.146915
0.091899
0.112299
0.122964
0.142454
0.167067
0.169927
0.172878
0.147192
0.109019
0.081462
0.050195
0.037668
0.069667
0.108711
0.150474
0.186639
0.215011
0.264434
0.325500
0.392371
0.448160
0.475765
0.509716
0.505457
0.457436
0.386132
0.315427
0.252377
0.199129
0.161100
0.156171
0.143784
0.158488
0.165987
0.138881
0.124112
0.115187
0.100294
0.098869
0.056460
0.011099
0.000000
0.000000
0.000000
0.001809
0.009416
0.099262
0.176723
0.210108
0.231777
0.236577
0.237888
0.234272
0.217337
0.160544
0.047681
0.001936
0.000374
0.001109
0.002816
0.003610
0.001673
0.000056
0.006208
0.072230
0.124817
0.145640
0.150352
0.145640
0.124037
0.071372
0.015145
0.004308
0.012100
0.019270
0.017107
0.008820
0.001203
0.000000
0.000007
0.004333
0.018034
0.041178
0.070025
0.091878
0.092172
0.071823
0.078141
0.066982
0.042684
0.018835
0.004603
0.000004
0.001049
0.008058
0.016049
0.016097
0.010563
0.009948
0.002463
0.013233
0.029740
0.069229
0.133030
0.202717
0.242723
0.218705
0.303302
0.448415
0.641784
0.885540
1.174789
1.497609
1.783261
1.837829
1.916959
1.862715
1.555152
1.210346
0.901145
0.652242
0.470981
0.375640
0.358453
0.330225
0.266474
0.183534
0.104543
0.045966
0.011276
0.000017
0.000000
0.000000
0.002953
0.015272
0.025377
0.073801
0.188898
0.350464
0.515450
0.524025
0.533446
0.485008
0.333914
0.186579
0.079755
0.019921
0.025652
0.070210
0.119192
0.125418
0.080905
0.038372
0.018763
0.004587
0.000171
0.000000
0.000000
0.000000
0.018973
0.081002
0.185713
0.307677
0.438215
0.559227
0.602309
0.602309
0.557598
0.428999
0.194269
0.077192
0.037341
0.041832
0.074757
0.087063
0.067794
0.031580
0.005630
0.000000
0.000000
0.000000
0.000009
0.000000
0.000000
0.000000
0.000000
0.000000
0.000000
0.000000
0.000000
0.000000
0.000000
0.000000
0.000000
0.000000
0.000000
0.000000
0.000000
0.000000
0.000342
0.002647
0.011556
0.043372
0.124893
0.256955
0.392163
0.423529
0.306581
0.179298
0.169760
0.159031
0.153768
0.149996
0.140589
0.109557
0.053470
0.018053
0.027281
0.011184
0.000062
0.000000
0.000000
0.000000
0.000000
0.000000
0.000000
0.000000
0.002291
0.058394
0.105343
0.125651
0.139716
0.153794
0.153794
0.139557
0.124980
0.103088
0.054090
0.000694
0.000000
0.000000
0.000000
0.000000
0.000000
0.000120
0.000281
0.000000
0.000000
0.000000
0.000000
0.000000
0.000000
0.000000
0.000000
0.000000
0.000000
0.000000
0.000000
0.000000
0.000000
0.000000
0.000000
0.000000
0.003860
0.012428
0.060761
0.136868
0.193323
0.162959
0.092430
0.032379
0.063558
0.132936
0.222367
0.274316
0.423038
0.611961
0.789891
1.020110
1.265876
1.631495
2.100156
2.664084
3.310355
3.976213
4.474761
4.434802
3.864404
3.697152
4.373461
5.018044
5.326313
5.194888
4.590837
3.937245
3.293237
2.729245
2.257012
1.872141
1.673331
1.803461
1.805537
1.723526
1.629903
1.698800
1.962887
2.024882
1.808075
1.535139
1.247479
0.841365
0.641023
0.808613
0.998436
1.206869
1.390645
1.478134
1.392880
1.233501
1.036138
0.845420
0.701218
0.732491
0.795640
0.848473
0.857018
0.855081
0.800888
0.660071
0.677061
0.635155
0.706424
0.828045
0.894941
0.882042
0.934908
1.060909
1.222217
1.401361
1.591164
1.761533
1.933095
2.072876
2.076053
1.941825
1.963729
2.388598
2.653057
2.811110
2.491546
2.296097
2.238178
2.068385
1.867695
1.902195
2.090439
2.234069
2.238763
2.106654
1.902361
1.892543
2.070014
2.176474
2.100140
1.930608
1.712446
2.126698
2.675640
3.215928
3.427350
3.262820
2.724195
2.227504
1.950937
2.000622
2.250498
2.282282
2.097436
2.246245
2.458809
2.622416
2.661173
3.266382
4.287786
5.706122
6.368195
6.547175
6.547178
6.394850
6.287912
6.527756
6.313100
5.808736
5.215260
4.637489
4.106264
3.620798
3.177077
2.778090
3.198220
3.791092
4.439328
5.034266
5.672678
6.096601
6.882260
7.842212
8.740029
9.112354
8.745820
7.853879
6.848216
5.900841
5.059105
4.311935
3.666070
3.138972
2.646280
2.194360
1.794429
1.456776
1.230180
1.211261
1.151209
1.083195
1.006629
0.830170
0.853931
0.997029
1.126882
1.225844
1.300367
1.339879
1.293385
1.161894
1.036900
1.022935
1.060639
1.158309
1.348548
1.552427
1.742182
1.864829
1.878962
1.780083
1.624912
1.459524
1.289445
1.133528
1.114231
1.051312
1.014491
0.964551
0.864083
0.955920
1.086999
1.205646
1.266204
1.218773
1.102681
1.061837
1.153354
1.192360
1.146530
1.050745
1.015443
1.123666
1.237326
1.314208
1.333495
1.269527
1.163883
1.058432
0.954941
0.953546
1.209684
1.488288
1.710570
2.118406
2.574479
2.802589
2.579645
2.108688
1.636488
1.228590
0.903625
0.918054
0.871516
0.806640
0.888577
1.094507
1.264227
1.437221
1.418932
1.251251
1.082369
1.086231
1.334025
1.520125
1.504391
1.317791
1.083253
0.868144
0.755981
0.686137
0.558683
0.872548
1.204964
1.300087
1.205048
0.874888
0.657230
0.677400
0.815779
0.979918
1.164135
1.363923
1.589893
1.821741
1.969147
2.102246
2.107382
1.943845
1.733310
1.513465
1.305769
1.133538
0.986742
0.833758
0.858090
0.968440
1.037300
1.078814
1.049010
0.936856
0.804699
0.674925
0.651918
0.799162
0.869570
0.855642
1.015195
1.313174
1.623638
1.820599
1.801729
1.610086
1.401854
1.161767
1.005199
0.968420
0.962500
1.029335
1.165743
1.481915
1.644269
1.565033
1.823911
2.328288
2.995181
3.622489
3.606364
2.974099
2.359426
1.801418
1.339656
0.999917
0.854006
0.716804
0.586926
0.535040
0.721824
0.915639
1.160226
1.291561
1.264014
1.079390
0.874164
0.665142
0.796429
1.003872
1.079768
0.977749
0.796789
0.623610
0.517302
0.487816
0.378440
0.257831
0.153809
0.075521
0.025589
0.013288
0.025729
0.036563
0.034360
0.043827
0.073081
0.107020
0.133669
0.156458
0.162465
0.147772
0.122619
0.148361
0.200898
0.266931
0.335364
0.386042
0.394183
0.355556
0.292469
0.226569
0.169347
0.119618
0.146643
0.160061
0.155604
0.132139
0.102123
0.073976
0.048140
0.021237
0.002814
0.000000
0.000322
0.002789
0.007702
0.009728
0.018000
0.033188
0.051167
0.066548
0.074640
0.081353
0.077597
0.064926
0.053974
0.063030
0.173436
0.345990
0.588058
0.800062
0.748800
0.677112
0.624130
0.591108
0.572988
0.566613
0.566747
0.558862
0.522754
0.668507
0.905905
1.175342
1.519982
1.947906
2.456436
3.052940
3.721964
4.356536
4.849400
4.849946
4.328650
3.602180
2.898645
2.311248
1.869472
2.059542
2.151736
1.954861
1.655552
1.317941
1.093319
1.356926
1.659207
1.989080
2.315787
2.465236
2.342025
2.064556
1.724808
1.411395
1.155385
0.974822
0.975560
1.193277
1.431379
1.668887
1.837356
1.851188
1.702352
1.505723
1.425506
1.850518
2.248848
2.548506
3.161692
3.993901
4.562664
4.006918
3.201382
2.507510
2.349039
2.443377
2.351466
2.074367
1.780692
1.511259
1.270373
1.057980
0.876363
0.903270
1.066389
1.250477
1.445176
1.592287
1.628697
1.520151
1.324163
1.115937
0.910998
0.727397
0.577595
0.581189
0.615831
0.606781
0.553958
0.656525
0.708809
0.759333
0.909656
1.067398
1.223544
1.348467
1.396883
1.339676
1.191694
1.028537
0.864431
0.715813
0.595675
0.491032
0.396140
0.313618
0.269196
0.306454
0.304181
0.222535
0.217557
0.377878
0.594732
0.889785
1.270742
1.752193
2.390526
2.817450
2.974490
2.978343
2.804076
2.288649
1.519384
1.031138
0.699476
0.463410
0.394324
0.438680
0.417386
0.601903
0.747937
0.772312
0.756564
0.757184
0.651004
0.489984
0.342270
0.224065
0.224555
0.422066
0.698939
1.068754
1.272934
1.244718
0.945575
0.548816
0.295414
0.137110
0.047888
0.006407
0.000000
0.000000
0.000000
0.000000
0.000000
0.000000
0.000000
0.000000
0.000000
0.000000
0.000000
0.000000
0.000000
0.000000
0.000000
0.000000
0.000000
0.000000
0.000000
0.000000
0.000000
0.000000
0.000000
0.000000
0.000000
0.000000
0.000000
0.000000
0.000000
0.000000
0.000000
0.000000
0.000000
0.000000
0.000000
0.000000
0.000000
0.000000
0.000000
0.000000
0.000000
0.000000
0.000000
0.000000
0.001284
0.024244
0.079432
0.173494
0.312478
0.510375
0.772784
1.104762
1.521131
2.014839
2.567493
3.017790
3.023262
2.586860
2.047812
1.547462
1.131164
0.808215
0.588693
0.496344
0.378543
0.283596
0.189069
0.106209
0.036274
0.068575
0.122671
0.097851
0.043409
0.021706
0.001434
0.000501
0.000000
0.000000
0.000000
0.000000
0.000000
0.000000
0.000000
0.000000
0.000000
0.000000
0.000000
0.000000
0.000000
0.000000
0.000000
0.000000
0.000000
0.000000
0.000000
0.000000
0.000000
0.000000
0.009611
0.076541
0.123188
0.138253
0.142104
0.142539
0.138401
0.119240
0.059735
0.000990
0.000000
0.000000
0.000000
0.000000
0.000000
0.000000
0.000000
0.000000
0.000000
0.000000
0.000000
0.000000
0.000000
0.000000
0.000000
0.005272
0.034315
0.091098
0.170525
0.245540
0.260560
0.205100
0.132997
0.103764
0.120528
0.210098
0.329726
0.464263
0.596096
0.648705
0.634064
0.544937
0.411762
0.608547
0.892529
0.891703
0.618968
0.358499
0.238847
0.327256
0.507662
0.736695
1.014184
1.345307
1.703784
1.965341
2.023946
1.828282
2.234617
2.791410
3.425862
3.971065
4.193527
4.290727
4.648280
4.691653
4.140895
3.447638
2.764108
2.164587
1.678146
1.274475
0.933782
0.662674
0.470306
0.470378
0.546327
0.628008
0.588410
0.456408
0.309180
0.185920
0.098030
0.042125
0.010768
0.007342
0.014017
0.030420
0.052823
0.079243
0.111279
0.151821
0.199340
0.326307
0.378769
0.393078
0.429394
0.416635
0.363981
0.398424
0.478859
0.573249
0.673859
0.754716
0.779965
0.738398
0.692962
0.794030
0.938255
1.074481
1.138927
1.233248
1.364181
1.516902
1.695585
1.908579
2.143794
2.402294
2.588696
2.666548
2.594708
2.403276
2.175606
1.957010
1.756770
1.612775
1.774436
1.964739
2.162139
2.352853
2.536827
2.773079
3.026287
3.264482
3.438902
3.479061
3.418086
3.211908
2.966456
2.800497
3.335735
3.788064
3.789572
3.338334
2.774845
2.265763
1.962108
1.866885
1.756419
1.859804
1.880507
1.865255
1.761276
1.615537
1.453206
1.295614
1.265462
1.193845
0.960125
0.694264
0.578529
0.531536
0.593497
0.828454
1.192978
1.526190
1.543800
1.347119
1.587164
1.850142
2.120131
2.379968
2.549268
2.553643
2.389119
2.170325
1.896143
1.644132
1.449623
1.652124
1.819605
1.881011
2.121374
2.427930
2.668485
2.775103
2.595017
2.288901
1.985613
1.965516
1.942459
1.718799
1.437841
1.329956
1.345191
1.441252
1.600879
1.614938
1.481891
1.509174
1.919903
2.421011
3.013305
3.705879
4.485482
5.248704
5.830120
5.845414
5.294132
4.529312
3.770453
3.143893
2.576333
2.081161
2.161128
2.289082
2.242980
2.120987
2.039740
1.868886
1.883233
1.787768
1.688311
1.482435
1.232292
0.983585
0.769488
0.580433
0.511263
0.613271
0.713619
0.777388
0.819777
0.783359
0.705825
0.742254
0.776023
0.728590
0.705411
0.764966
0.760439
0.977126
1.267920
1.458546
1.590677
1.600498
1.495796
1.410772
1.260944
1.095953
1.030339
1.068627
0.995470
1.027569
1.083900
1.096135
1.065667
1.088369
1.094825
1.012053
0.900804
0.979877
1.054708
1.215591
1.396177
1.548712
1.632762
1.595013
1.498494
1.393647
1.281234
1.148859
1.022954
1.121435
1.275364
1.434048
1.562819
1.594365
1.547351
1.448841
1.518748
1.485571
1.443256
1.452484
1.511674
1.511084
1.462464
1.355173
1.245051
1.162394
1.021045
0.973922
1.093290
1.146080
1.060562
1.440839
1.819517
1.829718
1.475044
1.034548
0.901506
0.958403
0.942344
0.873657
0.808812
0.782052
0.844853
0.820665
0.763279
0.724716
0.685505
0.771572
0.885205
1.013886
1.167354
1.323850
1.467774
1.521940
1.450466
1.280093
1.098591
0.978252
0.977073
0.970338
0.954273
0.997214
1.009893
1.046712
1.156276
1.230993
1.175805
1.030909
1.098055
1.355692
1.678558
1.913880
2.161932
2.778449
3.412269
3.948584
3.972808
3.516350
2.914469
2.510959
2.646331
2.568044
2.245775
2.409448
2.809194
3.060357
2.952114
2.770515
2.406894
2.053727
1.711119
1.388864
1.156468
1.572021
2.020732
2.344358
2.432767
2.321161
2.464783
2.640255
2.679728
2.641572
2.561326
2.475052
2.299162
2.006542
1.544328
1.342963
1.263246
1.216023
1.160949
1.034678
0.759705
0.433168
0.216539
0.194854
0.257275
0.269256
0.216262
0.138082
0.074656
0.031591
0.015940
0.042039
0.088489
0.134935
0.143033
0.117140
0.073026
0.031182
0.007775
0.000000
0.000000
0.000000
0.000000
0.000000
0.000000
0.000000
0.000000
0.000000
0.000000
0.000000
0.000000
0.000000
0.000332
0.024077
0.049935
0.063788
0.068815
0.069502
0.068363
0.068143
0.067456
0.061215
0.039719
0.012051
0.066143
0.114908
0.119300
0.073920
0.017440
0.000000
0.000000
0.000000
0.000000
0.000000
0.000000
0.000000
0.000000
0.000000
0.000000
0.000000
0.000000
0.000000
0.000000
0.000000
0.000000
0.000000
0.000000
0.000000
0.000000
0.000000
0.000000
0.000000
0.000000
0.000000
0.017054
0.083710
0.166422
0.219780
0.236129
0.216942
0.163783
0.083531
0.023434
0.008511
0.028583
0.077684
0.096930
0.061362
0.016061
0.000000
0.000685
0.000877
0.000000
0.000000
0.000000
0.000000
0.000000
0.000451
0.029058
0.116163
0.275724
0.548969
0.889095
1.053830
1.090514
1.051546
0.871732
0.516815
0.476821
0.422596
0.273270
0.284708
0.472339
0.708948
0.943583
1.063752
1.005153
0.837323
0.662387
0.557125
0.831653
1.162357
1.396064
1.450776
1.229366
0.929604
0.651690
0.490152
0.518284
0.593325
0.564621
0.562391
0.812483
1.118119
1.403359
1.449308
1.350308
1.300333
1.269054
1.160528
1.071604
1.294429
1.510753
1.838316
2.216266
2.582969
2.727296
2.590418
2.262042
1.884343
1.545078
1.500452
1.743848
1.890000
1.848989
1.613981
1.346202
1.118109
0.989519
0.844111
0.923362
0.982397
1.041609
1.051794
1.014632
1.085074
1.169825
1.305538
1.457333
1.639454
1.849205
2.062853
2.251943
2.416428
2.434022
2.343979
2.456872
2.467420
2.390683
2.277771
2.257117
2.467711
2.663690
2.794720
2.830956
2.689777
2.458121
2.429201
2.458933
2.569914
2.874872
3.151838
3.377943
3.619011
3.815490
3.895707
3.708921
3.414788
3.072114
2.742226
2.427625
2.332999
2.564018
2.805668
2.906565
2.997549
3.134815
3.279166
3.262240
3.144282
2.915230
2.626170
2.320904
2.030890
1.765036
1.635705
1.569246
1.519234
1.749736
2.029073
2.343040
2.680031
3.032286
3.394232
3.781363
4.125256
4.286890
4.477320
4.968395
5.553585
6.198503
6.869118
7.439091
7.620405
7.361380
6.783832
6.208703
7.025872
8.419202
9.954025
11.505025
12.905047
13.671088
12.936702
11.491884
9.976735
8.534781
7.359839
7.298866
8.237370
9.207634
9.746487
9.698875
9.206087
8.372572
8.531895
8.740035
8.546990
7.908710
7.069357
6.274045
5.642982
4.951176
4.441213
4.306891
4.578359
4.656047
4.990829
5.251325
5.274340
5.036131
4.537136
4.008072
3.517333
3.078931
2.711769
2.576652
2.696748
2.656832
2.531129
2.343107
2.494729
2.533840
2.444413
2.338825
2.359713
2.316725
2.496955
2.729816
2.984593
3.218903
3.381421
3.346495
3.133740
2.862167
2.596579
2.333370
2.115131
2.268446
2.385322
2.546825
2.700603
2.721386
2.624902
2.487647
2.578856
2.805648
2.886295
2.843943
2.633041
2.387783
2.123013
1.859213
1.623459
1.504725
1.496039
1.360405
1.191840
1.056987
0.931976
0.982486
0.913371
0.863746
0.701124
0.674162
0.776555
0.822342
0.962921
1.225572
1.338329
1.366586
1.465556
1.603790
1.771818
2.021369
2.184828
2.299883
2.494756
2.666230
2.811579
2.999062
3.111158
3.178733
3.121336
2.928306
2.698670
2.691096
3.035937
3.178062
3.187036
3.109764
2.941741
2.881142
2.863278
2.738788
2.474453
2.363676
2.381059
2.499967
2.458459
2.506469
2.457663
2.349262
2.462894
2.759699
2.990174
3.971491
5.312063
6.003728
6.209984
6.195207
5.989275
5.348238
4.063653
3.091825
2.625903
2.600660
2.482628
2.391473
2.472427
2.369103
2.464734
2.615282
2.742753
2.823470
2.799773
2.780141
2.874853
2.735293
2.342251
2.380828
2.543986
2.704549
2.784474
2.954452
3.041971
3.021220
2.957433
3.033691
3.257907
3.528925
3.799411
3.972392
3.982880
4.093763
4.248028
4.246263
4.223742
4.317976
4.254609
4.023129
3.989873
4.245129
4.534913
4.797157
4.932901
4.860362
4.893064
5.050787
5.034863
4.854317
4.593401
4.441671
4.614809
5.348424
6.152923
7.040231
7.988233
8.861540
9.349985
9.255231
8.555737
7.620077
7.513659
8.623831
9.935421
11.383186
12.948462
14.565763
15.914744
16.851627
16.273008
14.764656
12.945216
11.166718
12.447816
13.910833
15.185206
16.521788
17.249151
16.791901
15.651559
14.062110
12.494484
11.129713
10.056789
10.901111
11.444647
12.042037
12.135142
11.650378
10.701663
9.652286
8.711691
7.995690
7.314483
6.842660
6.442197
5.962466
6.615655
7.543922
8.159578
8.272998
7.928679
7.374140
6.833508
6.845049
6.547811
6.045053
5.511042
5.669928
5.660319
5.488853
5.186964
5.385769
5.758593
6.071649
6.293016
6.383986
6.746566
6.942377
7.093612
7.293888
7.381724
7.615151
7.581161
7.458805
7.982689
8.504616
8.906453
9.106205
8.914938
8.458366
7.896711
7.334120
6.828242
6.404593
6.497874
6.952136
7.389925
7.800950
8.245744
8.542448
8.491438
8.110390
7.701917
7.989309
8.423517
8.628675
8.506501
8.115286
7.651809
7.158695
6.684777
6.261231
6.440517
6.838050
7.167774
7.203758
7.007740
6.688300
6.418692
6.242685
6.359649
6.559612
6.895918
7.312087
7.737558
8.064030
8.165977
8.081913
8.057866
8.097545
8.389483
8.416621
8.153447
7.865032
7.868840
8.630398
9.023130
8.931050
8.534772
7.801912
7.300699
6.980217
6.686324
6.465153
6.393684
6.200805
5.902488
5.584352
5.313541
5.066442
5.102395
4.985597
4.791564
4.410716
4.121510
3.908425
3.647285
3.246140
3.292721
3.215830
2.989047
2.737902
2.532466
2.568715
2.533061
2.374933
2.181202
2.020657
2.079839
2.261640
2.326026
2.535626
2.613866
2.368770
2.317222
2.715143
3.387929
4.134387
4.860986
5.390439
5.547380
5.070385
4.427918
3.668638
3.011006
2.663740
2.972530
3.275988
3.597805
4.018227
4.499814
5.029766
5.583016
6.065230
6.285742
6.071831
5.682740
5.212015
4.722681
4.399113
4.236350
4.223893
4.489832
4.671981
4.478695
4.093683
4.263914
4.505675
4.839091
5.018152
4.930153
4.569778
4.163708
3.814457
4.080260
4.522988
4.880729
5.072532
4.879724
4.475118
4.529742
5.118096
5.638751
5.871915
5.581896
5.089534
4.634725
4.216620
4.316247
4.150806
3.796819
3.354757
2.929008
2.558053
2.186985
1.841691
1.803969
1.906322
1.858155
1.815851
1.913963
1.992382
2.383663
2.819084
3.191634
3.403238
3.198710
2.830302
2.501960
2.148341
2.111740
2.016400
1.478496
1.259931
1.364207
1.289424
1.363877
1.561193
1.779761
2.043453
2.335894
2.645886
2.926613
3.046728
2.622878
2.401820
2.537996
2.733004
2.726731
2.087394
1.857322
1.962186
2.006471
2.114034
2.033178
1.760495
1.782646
2.065832
2.415298
2.795375
3.213108
3.674521
4.181126
4.734067
5.358968
6.070633
6.836927
7.582901
8.147770
7.922038
6.723604
6.097353
6.426057
7.190876
8.141745
9.204951
10.379930
11.670081
13.099318
14.625159
16.043934
16.783796
14.698611
11.771354
9.575416
6.722365
6.361108
6.574273
5.591393
4.262164
3.632283
4.121782
4.925997
5.410973
0.000000
0.000000
0.000000
0.000000
0.000000
0.000000
0.000000
0.000000
0.000000
