track	type=wiggle_0
fixedStep	chrom=chr	start=1	step=1
0.000000
0.000000
0.000000
0.000000
0.000000
0.000000
0.000000
0.000000
0.000000
0.183939
0.263220
0.113070
0.035436
0.039083
0.228138
0.354057
0.386913
0.493551
0.521248
0.783115
1.017560
1.085212
1.099127
1.099127
1.099127
1.074836
1.001654
0.773023
0.512734
0.399865
0.249000
0.129355
0.107027
0.166769
0.252554
0.331449
0.359786
0.558981
0.764178
0.848293
0.723887
0.509200
0.596477
0.785990
0.550405
0.286326
0.110681
0.027907
0.000673
0.000000
0.000543
0.001587
0.003015
0.000436
0.000000
0.000000
0.000000
0.000000
0.000000
0.000000
0.000000
0.003496
0.016370
0.021219
0.009700
0.000392
0.022294
0.051201
0.065869
0.079961
0.101985
0.192863
0.360436
0.644706
0.779222
0.818404
0.825995
0.812418
0.752284
0.610566
0.302964
0.094838
0.010064
0.000000
0.000000
0.000000
0.000000
0.000000
0.000000
0.000000
0.000000
0.000000
0.000000
0.000000
0.000000
0.001719
0.011302
0.025652
0.067008
0.139147
0.199936
0.227964
0.228060
0.200758
0.164230
0.122064
0.138928
0.181812
0.196190
0.225864
0.286837
0.340905
0.354054
0.314922
0.260818
0.301008
0.314148
0.308410
0.323060
0.361195
0.397195
0.485047
0.592117
0.692444
0.748620
0.721963
0.672934
0.575066
0.460554
0.354639
0.264880
0.190293
0.141167
0.204271
0.237599
0.299086
0.380468
0.385498
0.306458
0.207005
0.123851
0.066535
0.035845
0.026476
0.022890
0.053291
0.096017
0.123626
0.115587
0.222514
0.293384
0.258746
0.155593
0.296216
0.397721
0.512635
0.383612
0.354355
0.505826
0.741228
1.058404
1.449895
1.803130
1.934552
1.744148
1.384420
1.009995
0.708451
0.497247
0.429944
0.430804
0.593333
0.730296
0.785446
0.758705
0.632452
0.453598
0.292693
0.170787
0.085728
0.030563
0.097424
0.233737
0.408565
0.608153
0.865543
1.066901
1.161832
1.164320
1.046922
0.917353
0.697422
0.430459
0.525193
0.601764
0.667166
0.768356
0.827411
0.958369
1.119880
1.197199
1.142029
1.035928
0.740731
0.573388
0.433319
0.311342
0.211913
0.252246
0.387857
0.554231
0.705663
0.789179
0.698258
0.532209
0.377818
0.279904
0.121721
0.051981
0.017354
0.020176
0.016783
0.008313
0.005814
0.025491
0.115763
0.274633
0.317323
0.223498
0.047168
0.033616
0.068713
0.078563
0.046010
0.040315
0.039252
0.059018
0.081505
0.126648
0.174267
0.213166
0.231163
0.252202
0.260133
0.321237
0.385855
0.429860
0.421013
0.389012
0.431435
0.449708
0.419784
0.356403
0.310830
0.322079
0.306742
0.331278
0.320165
0.279332
0.339453
0.386856
0.402325
0.390243
0.369362
0.308511
0.288261
0.277796
0.251076
0.276950
0.348395
0.444246
0.538520
0.599634
0.584616
0.496611
0.396270
0.341848
0.287147
0.297652
0.311156
0.279721
0.231499
0.228600
0.306181
0.457854
0.477637
0.335954
0.310018
0.348252
0.329656
0.341885
0.481120
0.648553
0.844980
1.072349
1.320812
1.564797
1.736830
1.710022
1.756965
2.208523
2.668480
2.943941
2.913544
2.700656
3.086268
3.601194
4.073299
4.638342
5.319785
6.041348
6.517849
6.690735
6.536168
6.044105
5.295202
4.517974
3.858941
4.155555
4.707313
5.465059
6.504692
7.769071
9.206952
10.751144
12.046043
12.046045
10.750441
9.248316
7.844589
6.703785
5.988319
5.702160
5.712608
5.607801
5.077110
4.294042
3.533111
3.968241
4.620185
5.250940
5.561752
5.439669
4.939810
4.294200
3.673570
3.394601
3.905100
4.455999
4.979312
5.235229
5.169837
4.766680
4.248703
3.782216
3.750439
3.571510
3.284706
2.961653
2.609205
2.297134
2.242186
2.071164
1.973170
1.998696
1.821673
1.473089
1.124815
0.836915
0.716068
1.017512
1.428835
1.945299
2.574002
3.327734
4.194137
5.086845
5.081353
4.173161
3.312980
2.575341
1.947553
1.433391
1.029626
0.752948
0.657889
0.535187
0.399916
0.284790
0.161433
0.068287
0.016665
0.002848
0.007294
0.064263
0.154585
0.213103
0.176777
0.083830
0.016381
0.000000
0.000000
0.000000
0.000000
0.000000
0.000000
0.000000
0.000000
0.000000
0.000000
0.000000
0.000000
0.000000
0.000000
0.000000
0.000000
0.000000
0.000000
0.000000
0.000000
0.000000
0.000000
0.000000
0.000000
0.000000
0.000000
0.000000
0.000000
0.000000
0.000000
0.000000
0.000000
0.000000
0.000000
0.000000
0.000000
0.000000
0.000000
0.000000
0.000000
0.000000
0.000000
0.000000
0.000000
0.000000
0.000000
0.000000
0.000000
0.000000
0.000000
0.000000
0.000000
0.000000
0.000000
0.013070
0.070550
0.121682
0.106075
0.048711
0.004466
0.000000
0.000000
0.000000
0.000357
0.024312
0.075709
0.181112
0.354146
0.601536
0.932501
1.356293
1.871197
2.464377
3.079800
3.114830
2.546295
1.961931
1.449667
1.271757
1.533140
1.782087
1.982583
1.971523
1.779260
1.493618
1.143042
0.849602
0.660053
0.491697
0.570292
0.936778
1.179285
1.281702
1.350846
1.438904
1.439047
1.336263
1.212397
0.942901
0.535517
0.313678
0.248342
0.299842
0.415996
0.551036
0.592512
0.521793
0.372383
0.210627
0.091910
0.240517
0.493609
0.792847
1.112322
1.261842
1.314209
1.284332
1.122222
0.742788
0.689510
0.844665
0.994165
1.139958
1.238809
1.201170
1.070834
0.903975
0.756473
0.678401
0.627393
0.540834
0.579538
0.743991
0.927779
1.096346
1.176744
1.099898
0.939380
1.011844
1.024724
1.006203
0.902466
0.767748
0.644234
0.524614
0.628962
0.656310
0.586127
0.453982
0.400873
0.493668
0.570674
0.582378
0.680106
0.864468
1.049675
1.378912
1.719909
1.917286
1.839124
1.580252
1.941269
2.300199
2.471560
2.297540
2.207757
2.227980
2.201355
2.237808
2.678803
3.286484
3.990708
4.794548
6.157597
6.764209
6.934515
6.934514
6.786728
6.227161
4.920341
4.334239
3.836407
3.366962
2.892102
2.798857
2.662725
2.569273
2.580176
3.015986
3.255969
3.196597
2.959360
2.624502
2.253669
2.307135
2.181497
1.889061
1.532364
1.196740
0.907175
1.325576
1.720574
1.781367
1.597883
1.393013
1.571249
1.610495
1.408714
1.107782
0.790971
0.968392
1.142169
1.257520
1.264040
1.163740
1.160809
1.216494
1.109280
0.938968
0.853186
0.955189
0.941693
0.795192
0.621569
0.471606
0.344128
0.263242
0.227234
0.174458
0.116025
0.065912
0.027498
0.007257
0.000107
0.000000
0.000000
0.000000
0.000000
0.000000
0.000000
0.000000
0.000000
0.000000
0.000000
0.000000
0.000000
0.000000
0.000000
0.000000
0.000000
0.000000
0.000082
0.000409
0.000012
0.000000
0.000000
0.000626
0.005181
0.013974
0.052040
0.163905
0.301460
0.496201
0.580452
0.578449
0.639791
0.962684
1.313099
1.672271
1.622261
1.159619
0.748645
0.442775
0.231734
0.094570
0.020369
0.000051
0.001017
0.006526
0.013903
0.022142
0.027863
0.032255
0.050493
0.083528
0.116853
0.122682
0.104118
0.073585
0.054872
0.032489
0.009010
0.003708
0.000113
0.000000
0.000000
0.000000
0.000000
0.000460
0.004309
0.002900
0.000000
0.003889
0.024031
0.060313
0.110724
0.174364
0.252370
0.336640
0.416689
0.426709
0.359677
0.271328
0.189464
0.122303
0.070849
0.032293
0.008221
0.011042
0.033484
0.068435
0.114901
0.172973
0.243094
0.325046
0.423743
0.535255
0.631988
0.692165
0.655668
0.560355
0.598636
0.785780
0.914083
0.893793
0.768478
0.618842
0.450018
0.373128
0.389745
0.330333
0.376466
0.592138
0.838085
0.990222
0.946388
1.202302
1.664945
2.255205
2.817187
2.803616
2.249097
1.798270
1.606148
1.370149
1.556241
1.931326
1.875527
1.717139
2.013395
2.317340
2.559594
2.572219
2.357750
2.060574
1.749565
1.480182
1.368771
1.386436
1.488865
1.445201
1.571662
1.783985
2.011568
2.250608
2.509827
2.790935
3.081831
3.340590
3.433203
3.293613
3.297246
3.161716
2.942941
3.021664
3.266723
3.484341
3.587893
3.486383
3.539802
3.421546
3.178129
3.140169
3.395885
3.594694
3.826751
3.902021
3.845050
3.756560
3.925245
4.146084
4.143094
3.883090
3.543766
3.200254
3.413445
3.697963
4.030432
4.410663
4.761151
4.974985
5.150133
5.476929
5.802982
6.131266
6.501128
6.884980
7.217781
7.525220
7.617271
7.618904
7.560112
7.308932
6.930880
6.595652
6.240047
5.854857
5.650486
6.763383
7.912695
8.827292
9.016799
8.404262
7.290685
6.612435
6.704187
6.508787
7.028356
7.766085
7.967178
7.651189
6.816730
6.658052
7.072252
7.442715
7.519203
7.329517
7.464609
7.630421
7.405688
7.086942
6.759312
6.505838
6.149735
6.201456
6.179510
5.753664
5.390510
5.936990
6.477308
7.224049
7.784134
7.714609
7.271109
7.834139
8.429894
9.080812
9.768226
10.467742
11.089437
11.636341
11.780856
11.627754
11.100176
10.490463
9.886486
9.262155
8.743613
8.838958
8.616125
8.792230
9.394941
9.804310
9.737269
9.281630
8.591305
7.950365
7.303308
6.643306
6.031616
5.457787
4.984174
4.607100
4.647674
5.011328
5.404984
5.587281
5.518947
5.180697
4.846737
4.451306
4.031292
3.621511
3.253146
3.028673
2.998986
2.973162
2.820589
2.630399
2.409676
2.442199
2.502478
2.684832
2.846066
2.921954
2.847435
2.682237
2.485193
2.324204
2.309391
2.436127
2.542795
2.745835
2.926566
3.099014
3.278308
3.478251
3.730861
3.991420
4.164609
4.313078
4.312640
4.165715
4.127337
4.149841
4.233218
4.219485
4.089727
3.860445
3.794945
3.951167
4.140139
4.332242
4.433904
4.356865
4.170234
3.978104
3.953591
3.829105
3.653868
3.504678
3.298474
3.080012
2.856578
2.642523
2.446218
2.376563
2.259816
2.096720
1.934500
1.765578
1.638941
1.718086
1.915686
2.107165
2.291621
2.460527
2.699179
2.969685
3.189860
3.283625
3.186987
2.979653
2.790674
2.807850
2.705313
2.551301
2.360767
2.144979
2.105446
2.120924
1.990626
1.849815
1.670048
1.482813
1.293932
1.111506
0.938090
0.774834
0.629176
0.559939
0.493616
0.406018
0.316073
0.353166
0.301807
0.241465
0.186915
0.136116
0.091762
0.055250
0.043935
0.031204
0.019686
0.015616
0.013387
0.061148
0.129918
0.250284
0.315254
0.336155
0.342396
0.343121
0.337093
0.369075
0.457546
0.494934
0.447538
0.444917
0.541010
0.603365
0.584653
0.488551
0.395077
0.556613
0.683276
0.745294
0.808470
0.825262
0.931649
1.201129
1.505090
1.923874
2.550488
3.484026
4.408486
4.853888
5.075670
5.234654
5.160461
4.690269
4.675911
5.229801
5.956976
6.246009
5.900524
5.116673
4.306999
3.582707
2.953633
2.400128
1.912172
1.495189
1.155821
0.930495
1.060297
1.035779
0.883745
0.676041
0.480503
0.320243
0.195778
0.104499
0.043426
0.008812
0.000000
0.000000
0.000000
0.000000
0.000000
0.000000
0.000000
0.000000
0.000000
0.000000
0.000000
0.000034
0.031216
0.061291
0.071123
0.073255
0.073211
0.070019
0.056607
0.019914
0.000000
0.000000
0.000000
0.000000
0.000000
0.000000
0.000000
0.000000
0.000000
0.000000
0.000000
0.000000
0.000000
0.000000
0.000000
0.000000
0.000000
0.000000
0.000000
0.000000
0.000000
0.000000
0.000000
0.000000
0.000000
0.000000
0.000000
0.000000
0.000000
0.000000
0.000000
0.000000
0.000000
0.000000
0.000000
0.000000
0.000000
0.000000
0.000000
0.002557
0.013608
0.010855
0.000000
0.000000
0.000000
0.000000
0.000000
0.000000
0.001174
0.032799
0.111444
0.210483
0.356554
0.515221
0.806401
1.149052
1.251871
1.058511
0.602333
0.325938
0.193440
0.117389
0.046400
0.044221
0.094488
0.172177
0.278281
0.414314
0.572182
0.713740
0.775942
0.703531
0.554095
0.399072
0.273459
0.174377
0.097838
0.047317
0.024984
0.009211
0.012336
0.054345
0.129463
0.209125
0.258507
0.310526
0.263158
0.205302
0.377148
0.621517
0.941415
1.342352
1.829361
2.348760
2.757591
2.768213
2.357010
1.814755
1.331696
0.944333
0.812292
0.859596
0.979448
1.107214
1.152886
1.085585
0.972602
0.975145
0.911648
1.067544
1.289811
1.525545
1.720480
1.784013
1.688166
1.580503
1.916276
2.261242
2.486725
2.789554
2.909867
2.840009
2.611648
2.382317
2.071297
1.982634
1.965454
1.803584
1.547651
1.657107
2.085519
2.547634
2.907345
2.911044
2.559724
2.102150
1.687500
1.656884
1.910172
2.163241
2.341663
2.394229
2.282830
2.103437
1.825747
1.593742
1.345755
1.197620
1.092109
0.975566
0.977882
1.016136
1.038735
1.086722
1.213449
1.511696
1.897649
2.339888
2.834750
3.420305
4.070802
4.705577
5.174467
5.160718
4.675439
4.006169
3.375004
2.812514
2.355721
2.468639
2.545725
2.606949
2.535612
2.646778
2.570022
2.357572
2.103058
1.918286
1.622729
1.323937
1.222661
1.159694
0.972199
0.761293
0.567081
0.493533
0.664797
0.857483
1.046238
1.188088
1.267244
1.369295
1.380214
1.474188
1.442037
1.315333
1.383620
1.397006
1.433787
1.371070
1.204657
1.002587
0.811529
0.647530
0.505104
0.384677
0.291413
0.232284
0.329733
0.490159
0.628142
0.712002
0.789886
0.710521
0.591428
0.518976
0.410279
0.304930
0.291660
0.274714
0.314155
0.308837
0.349665
0.546722
0.867197
1.274961
1.770484
2.418735
3.439319
4.147943
4.266512
3.823741
2.769711
1.962308
1.412190
1.153965
1.150611
1.006907
1.061251
1.079877
1.000514
0.799059
0.559822
0.367051
0.233745
0.124883
0.086106
0.209422
0.419608
0.601779
0.670157
0.609289
0.421691
0.188755
0.095346
0.143371
0.198983
0.244433
0.282149
0.298658
0.324333
0.368414
0.382109
0.362196
0.293106
0.242037
0.220494
0.175160
0.133968
0.101164
0.091029
0.122072
0.197015
0.237687
0.210853
0.200174
0.263273
0.312763
0.318408
0.302603
0.221796
0.225793
0.188233
0.143550
0.187499
0.340085
0.557630
0.842074
1.144864
1.521798
2.007429
2.628317
3.384950
4.207183
4.919717
4.916075
4.211776
3.390100
2.639874
2.014744
1.497813
1.078857
0.756725
0.524980
0.509185
0.536241
0.497483
0.400926
0.306549
0.260759
0.299426
0.323591
0.309941
0.347794
0.324486
0.325425
0.346233
0.373222
0.357910
0.339972
0.385821
0.525825
0.699648
0.907060
1.160861
1.455605
1.732078
1.862336
1.980451
2.186668
2.193475
2.001477
1.767585
1.518765
1.293284
1.081278
1.115963
1.134858
1.135584
1.204974
1.244137
1.137688
0.951303
0.752069
0.569924
0.421947
0.629367
0.970112
1.403218
1.896069
2.376542
2.498214
3.018714
3.654354
3.919585
3.994225
4.027454
4.048374
4.066134
4.015212
3.979251
4.533994
4.412453
3.748391
3.771358
3.612639
3.174200
3.351627
3.495999
3.325236
2.858596
2.340089
1.874067
1.533158
1.744126
2.027838
2.587261
2.982558
2.918517
3.330071
3.694681
3.723623
3.405772
2.963724
2.494992
2.060022
1.683342
1.376270
1.139392
0.922371
0.767210
0.648598
0.608773
0.521414
0.409538
0.304009
0.252600
0.348061
0.361826
0.344394
0.401515
0.425980
0.410328
0.362732
0.301888
0.240771
0.261647
0.242307
0.213724
0.160298
0.167224
0.250491
0.326712
0.397565
0.408618
0.346358
0.300281
0.242301
0.175423
0.121985
0.081465
0.063825
0.092155
0.118509
0.147482
0.207941
0.259829
0.284166
0.260746
0.217915
0.206749
0.277342
0.354872
0.437961
0.518071
0.539604
0.512835
0.464387
0.419394
0.360150
0.394364
0.486940
0.554665
0.555659
0.493228
0.409024
0.337817
0.286624
0.343999
0.391130
0.429959
0.445648
0.426401
0.413780
0.450337
0.439012
0.393782
0.336628
0.292437
0.400601
0.670130
1.043564
1.531024
2.176844
2.656170
2.848654
2.893016
2.894833
2.891153
2.871970
2.823853
2.648691
2.216264
1.512459
1.041216
0.925407
0.885534
0.667510
0.448544
0.297520
0.252200
0.289157
0.420430
0.581100
0.769722
0.961731
1.102443
1.064947
0.886590
0.672779
0.486957
0.338976
0.333299
0.360578
0.467556
0.500900
0.469272
0.390597
0.379636
0.484901
0.625326
0.783190
0.942811
1.141562
1.297335
1.320290
1.184759
0.992613
0.785261
0.723599
0.869145
1.030561
1.201316
1.372099
1.565453
1.779061
1.881318
1.858180
1.926868
2.158938
2.436350
2.716403
2.990739
3.253872
3.408520
3.387779
3.184520
2.900980
2.704331
2.716388
3.132921
3.506374
3.662281
3.628730
3.957451
4.316673
4.600660
4.676518
5.184905
5.701819
6.039188
6.116397
5.892766
5.399212
5.032269
4.653169
4.172544
3.741099
3.647577
3.471862
3.689215
3.779542
3.685954
3.764479
4.085101
4.248436
4.460190
4.890947
5.281147
5.577024
5.556336
5.271782
4.875523
4.465845
4.140342
4.099330
3.928500
3.915700
3.574347
3.668516
3.745249
4.007959
4.356321
4.757750
5.211755
5.635427
6.156266
7.906483
8.906428
9.185233
8.930943
7.988923
6.300304
5.045704
4.150191
4.314049
4.492204
4.446308
4.586368
4.663161
4.528190
4.229980
4.059496
4.127012
4.373388
4.880379
5.431468
5.996728
6.430019
6.405600
5.919195
5.320957
4.773744
4.320808
3.949106
3.582132
3.346837
4.113343
4.335289
3.896944
2.774881
2.554907
2.851049
3.142699
3.250990
3.162530
2.882132
2.544902
2.210567
1.964569
2.160416
2.297305
2.328626
2.212305
2.079616
2.154039
2.183238
2.114576
2.059262
1.905025
1.701163
1.499914
1.373451
1.559640
1.512872
1.399842
1.451368
1.514077
1.541571
1.585772
1.529576
1.555190
1.686708
1.825875
1.854896
1.852290
1.979339
2.033124
2.080080
2.270978
2.402750
2.351005
2.238509
2.077658
1.894741
1.721402
1.695812
1.569229
1.490499
1.353826
1.178359
1.059294
1.119958
1.134806
1.185779
1.271651
1.305003
1.260449
1.131200
0.982349
0.953315
0.888532
0.885048
0.886920
0.816730
0.795913
0.889082
1.048040
1.418327
1.764825
1.880164
1.740210
1.384431
1.018566
0.717423
0.499585
0.568253
0.785417
1.043554
1.317035
1.495582
1.426762
1.210154
1.079456
0.958267
0.831370
0.929063
1.084578
1.350638
1.660269
2.015061
2.394338
2.739572
2.983145
3.012023
2.762573
3.229209
3.779920
4.459864
5.024711
5.232320
4.870322
4.271881
3.607802
3.076204
3.002877
3.177579
3.075022
2.804529
2.526718
2.726768
2.780520
2.488614
2.075100
1.773501
1.389468
1.040548
0.748634
0.950394
1.311538
1.789984
2.385222
3.046044
3.560139
3.552420
3.031616
2.378489
1.797276
1.368572
1.085680
0.902146
0.626998
0.548261
0.441593
0.300950
0.511416
0.650430
0.813676
0.965637
1.014185
0.887390
0.553589
0.383849
0.371753
0.313996
0.254781
0.216371
0.219424
0.303831
0.390152
0.425503
0.406594
0.403559
0.506643
0.638418
0.766640
0.780019
0.709268
0.638780
0.620991
0.579388
0.614747
0.646772
0.662843
0.602704
0.501696
0.393088
0.301202
0.218541
0.197468
0.220929
0.238692
0.274134
0.340588
0.372132
0.325020
0.258920
0.187102
0.124884
0.136219
0.122541
0.095677
0.116310
0.115666
0.121044
0.106626
0.071533
0.064490
0.091127
0.092690
0.077432
0.146306
0.221913
0.327600
0.472856
0.641613
0.797971
0.877205
0.958191
0.941236
1.130940
1.447393
1.820585
2.259272
2.781316
3.383717
4.031520
4.626923
4.890537
4.690597
4.106935
3.459640
3.090546
3.663907
4.372904
4.909797
4.898905
4.335862
3.579852
2.860971
2.247225
1.721679
1.287628
1.180975
1.183916
1.121629
0.984842
1.105211
1.012644
0.828334
0.670363
0.822170
0.847535
0.744636
0.584308
0.458130
0.436089
0.484551
0.490278
0.484855
0.510238
0.457266
0.371360
0.320501
0.349741
0.555417
0.561057
0.403628
0.416981
0.382260
0.335393
0.248687
0.126838
0.062054
0.038866
0.049527
0.041547
0.026514
0.009168
0.023964
0.088565
0.210101
0.393961
0.572564
0.820543
0.906408
0.825038
0.571747
0.382534
0.194635
0.074311
0.191574
0.300371
0.362907
0.371569
0.378414
0.466960
0.570636
0.685803
0.806499
0.932204
1.060882
1.175083
1.242446
1.298255
1.282314
1.177746
1.038635
0.904823
0.920716
1.045709
1.137266
1.185224
1.126007
1.034528
0.954483
0.974456
0.912446
0.938682
0.970787
0.932771
0.852333
0.806923
0.881847
1.112266
1.431035
1.679311
1.842803
1.891302
1.850505
1.834922
1.816348
1.733137
1.657223
1.843664
2.001642
2.126965
2.288095
2.402496
2.423692
2.715198
2.941673
2.990730
2.851694
2.868319
2.833928
2.664239
2.520234
2.387759
2.387799
2.543946
2.766692
2.809985
2.597877
2.393008
2.376826
2.276966
2.209385
2.190447
2.295580
2.480148
2.659432
2.719776
2.654390
2.437291
2.406530
2.689914
3.319424
4.035179
4.596099
4.643970
4.146058
3.489076
3.582343
3.711518
3.929584
4.220055
4.544189
4.844728
4.956916
4.826833
4.490919
4.102236
3.720544
3.345208
2.997283
2.684170
2.824650
3.054693
3.382629
3.825577
4.299387
4.670257
4.827947
4.596940
4.188993
3.688801
3.223317
2.809483
2.539248
2.553352
2.622051
2.524461
2.332398
2.045685
1.991002
2.259155
2.513340
2.831567
3.063169
3.314265
3.352089
3.223107
3.081197
2.835166
2.541209
2.241104
2.093233
1.824931
1.685840
1.487942
1.404616
1.438433
1.439824
1.291295
1.255281
1.105673
1.030625
0.951065
0.871860
0.968499
1.109049
1.274607
1.470006
1.658353
1.769500
1.810050
1.757888
1.721716
1.711261
1.573728
1.387041
1.203794
1.076807
0.962765
0.915397
1.182040
1.438828
1.542661
1.425065
1.164216
0.901209
1.080601
1.228463
1.385970
1.208222
0.917161
0.619055
0.401590
0.317852
0.260177
0.253810
0.239053
0.270071
0.343462
0.374671
0.436428
0.512993
0.644928
0.792078
0.870274
0.861443
0.757539
0.591755
0.435595
0.317022
0.229667
0.148274
0.086608
0.040954
0.011537
0.008247
0.031175
0.069720
0.115382
0.141098
0.133207
0.167421
0.153545
0.093867
0.043607
0.009085
0.023707
0.107410
0.254482
0.426740
0.650677
0.820792
0.843201
0.857981
1.046702
1.447259
1.917958
2.500065
3.189052
3.937202
4.579468
4.646495
4.123237
3.690360
3.401279
2.902344
2.428252
2.311684
1.849238
1.342795
0.913845
0.579466
0.326115
0.344472
0.425706
0.317542
0.121093
0.062347
0.032643
0.004436
0.000005
0.000000
0.002320
0.014482
0.008765
0.000248
0.000000
0.000000
0.003096
0.046710
0.067666
0.049059
0.032445
0.016455
0.000000
0.000000
0.000000
0.004986
0.058567
0.150074
0.314372
0.572564
0.000000
0.000000
0.000000
0.000000
0.000000
0.000000
0.000000
0.000000
0.000000
