track	type=wiggle_0
fixedStep	chrom=chr	start=1	step=1
0.000000
0.000000
0.000000
0.000000
0.000000
0.000000
0.000000
0.000000
0.000000
0.000000
0.000000
0.000000
0.000000
0.000000
0.083644
0.456931
0.860003
1.203344
1.339690
1.179493
0.909234
0.890121
1.109278
0.829587
0.821444
1.194790
1.679616
2.153644
2.660786
3.265731
3.920748
4.420747
4.416863
3.911788
3.289836
2.723778
2.257617
2.595604
2.846381
2.967826
2.788164
2.428571
2.009898
1.623422
1.293208
1.011953
0.771642
0.574157
0.427736
0.487325
0.534720
0.472367
0.374592
0.495420
0.850779
0.988323
1.019092
0.988324
0.848026
0.484375
0.215554
0.071486
0.010250
0.000000
0.000000
0.000000
0.000000
0.000000
0.000000
0.000000
0.000000
0.015347
0.044865
0.083927
0.127114
0.158707
0.267767
0.581124
0.928294
1.426343
1.811536
2.113368
2.372135
2.625150
2.884206
3.103854
3.196527
3.138348
3.284110
3.295854
3.153675
2.917061
2.658822
2.406420
2.168234
1.943228
1.733990
1.906398
2.142172
2.339500
2.421264
2.354852
2.197089
2.244025
2.208830
2.337157
2.357027
2.261018
2.317151
2.651632
3.018886
3.416917
3.850328
4.324916
4.845173
5.395564
5.894551
6.105900
5.894552
5.402950
4.901622
4.417274
4.036300
3.962308
3.940970
3.771020
3.418678
3.045166
2.695040
2.358663
2.060571
1.793231
1.573405
1.552324
1.467381
1.318889
1.286009
1.377352
1.455882
1.508078
1.582054
1.503155
1.343564
1.174460
1.016190
0.892344
0.796186
0.733379
0.769053
0.747707
0.669882
0.567272
0.469752
0.387292
0.325287
0.280081
0.228180
0.256848
0.259693
0.430758
0.838628
1.349780
1.505965
1.402440
0.965822
0.601770
0.342732
0.163959
0.055532
0.051998
0.082636
0.115900
0.141881
0.147057
0.152019
0.128919
0.144344
0.147847
0.116348
0.064105
0.032982
0.012368
0.012311
0.022091
0.042746
0.069974
0.099468
0.120113
0.130916
0.114827
0.087112
0.056812
0.032131
0.014673
0.006616
0.007437
0.009280
0.013132
0.037422
0.088012
0.160993
0.196654
0.183610
0.174999
0.169354
0.145362
0.140803
0.089051
0.027626
0.001423
0.000000
0.000000
0.000000
0.009231
0.109069
0.191155
0.226262
0.248827
0.253800
0.255158
0.251352
0.233539
0.173733
0.053665
0.002850
0.000000
0.000000
0.001388
0.000009
0.000000
0.000000
0.008218
0.090116
0.204833
0.244456
0.256512
0.253966
0.228580
0.129947
0.041453
0.014107
0.030797
0.042914
0.041001
0.027721
0.011509
0.001954
0.005499
0.018911
0.042504
0.076182
0.116350
0.149498
0.153493
0.122733
0.119845
0.107581
0.077604
0.044102
0.019781
0.009420
0.016474
0.027628
0.038120
0.037261
0.024476
0.021983
0.011623
0.029992
0.053127
0.093511
0.167049
0.245301
0.288038
0.259707
0.351365
0.507175
0.715485
0.973066
1.277938
1.614698
1.911811
1.969582
2.046332
1.989700
1.671702
1.312658
0.986621
0.723841
0.531416
0.428577
0.411984
0.381655
0.310830
0.219698
0.131259
0.064197
0.021041
0.002702
0.000000
0.001471
0.010651
0.029921
0.043705
0.087852
0.211421
0.380776
0.551508
0.560541
0.576439
0.527819
0.368632
0.212278
0.096338
0.028945
0.039069
0.091813
0.146489
0.153298
0.104165
0.052218
0.016030
0.000243
0.000000
0.000000
0.000000
0.000812
0.027479
0.097663
0.210465
0.339233
0.468607
0.596298
0.641554
0.641554
0.594593
0.458928
0.210874
0.089899
0.047011
0.038185
0.082953
0.113120
0.088046
0.044716
0.011444
0.000000
0.000000
0.000000
0.000000
0.000000
0.000000
0.000000
0.000000
0.000000
0.000000
0.000000
0.000000
0.000000
0.000000
0.000000
0.000000
0.000000
0.000000
0.000000
0.000000
0.000000
0.000000
0.000000
0.000000
0.000000
0.000000
0.006634
0.034674
0.035431
0.006637
0.000000
0.000000
0.000000
0.000000
0.000000
0.000000
0.000000
0.000000
0.000000
0.000000
0.000000
0.000000
0.000000
0.000000
0.000000
0.000000
0.000000
0.000000
0.000000
0.003420
0.065280
0.115531
0.137261
0.152407
0.167427
0.167427
0.152208
0.136451
0.112837
0.060279
0.001381
0.000000
0.000000
0.000000
0.000000
0.000000
0.000000
0.000000
0.000000
0.000000
0.000000
0.000000
0.000000
0.000000
0.000000
0.000000
0.000000
0.000000
0.000000
0.000000
0.000000
0.000000
0.000000
0.000000
0.000000
0.000000
0.009509
0.053033
0.114585
0.148682
0.133394
0.065102
0.017720
0.008538
0.043893
0.110492
0.211303
0.348927
0.526317
0.740577
0.987502
1.325150
1.736928
2.229494
2.810385
3.478140
4.168602
4.688773
4.647667
4.055233
3.909815
4.612721
5.277251
5.596809
5.460371
4.837612
4.157669
3.488588
2.901006
2.411393
2.012577
1.812770
1.954405
1.958520
1.870990
1.722066
1.816336
2.088825
2.154611
1.932494
1.612021
1.311968
0.920660
0.698305
0.784846
0.971710
1.176769
1.370693
1.473527
1.426385
1.268146
1.081296
0.909858
0.770776
0.667050
0.694524
0.669759
0.697251
0.797956
0.818590
0.744092
0.781315
0.739140
0.822018
0.953228
1.021469
1.001580
0.971472
1.126427
1.297163
1.479802
1.676536
1.851741
2.031281
2.171132
2.172363
2.038903
1.854460
2.208128
2.648511
2.887600
2.594417
2.535719
2.478099
2.303025
2.090735
2.106583
2.304949
2.465221
2.474778
2.337070
2.121246
2.098646
2.290881
2.399569
2.320790
2.145051
1.913120
2.265279
2.832936
3.388511
3.600819
3.437316
2.883508
2.370396
2.083720
2.137591
2.396362
2.430494
2.238959
2.423690
2.657315
2.813038
2.817861
3.408469
4.467870
5.944212
6.631248
6.816919
6.816919
6.658961
6.662650
6.902739
6.688525
6.162188
5.539386
4.935738
4.383953
3.877710
3.417822
3.000655
3.404768
4.022240
4.691650
5.308657
5.964442
6.398789
7.207331
8.201954
9.130318
9.507695
9.136312
8.214096
7.172417
6.195791
5.327125
4.556501
3.887948
3.341414
2.829509
2.357738
1.945942
1.620878
1.804090
1.911219
1.882848
1.723545
1.533734
1.372794
1.469185
1.554753
1.525588
1.395585
1.245007
1.100144
0.981251
1.024825
1.193061
1.334930
1.353015
1.438267
1.639319
1.763173
1.751473
1.591742
1.397770
1.271610
1.132856
1.009261
0.960785
0.953768
0.939283
0.868614
0.799091
0.841117
0.957060
1.121825
1.179241
1.042659
1.004213
1.085453
1.289284
1.491697
1.658231
1.832809
2.012564
2.214466
2.407856
2.575372
2.686789
2.683948
2.557781
2.375220
2.201685
2.046750
2.393667
2.691357
2.636825
2.227250
1.773751
1.941717
2.341999
2.282210
1.930733
2.094746
2.291033
2.486731
2.615627
2.617529
2.480905
2.293286
2.116680
1.943331
1.764989
1.574324
1.408824
1.310087
1.244305
1.267245
1.509281
1.682016
1.678480
1.504330
1.258785
1.007349
0.799413
0.853131
0.968170
1.023144
1.224608
1.321124
1.223812
0.887201
0.762470
0.799344
0.887050
1.006036
1.114293
1.254354
1.434674
1.665820
1.887734
2.064986
2.080794
1.917878
1.707598
1.489157
1.283277
1.135555
1.014825
0.909812
0.868446
0.863972
0.920933
0.911309
0.867190
0.759082
0.802345
0.995947
1.177360
1.392249
1.623168
1.869790
2.151428
2.474599
2.721845
2.722680
2.466702
2.142420
1.818487
1.514606
1.236851
1.072317
0.991000
0.973328
1.167029
1.484638
1.650099
1.566913
1.833747
2.348403
3.026893
3.660289
3.639145
3.004264
2.495736
2.303331
1.980361
2.145667
2.579756
2.515616
1.933174
1.607551
1.300646
0.952774
0.834432
0.999434
1.053408
0.962143
0.810056
0.640310
0.692465
0.782719
0.747007
0.590857
0.407349
0.254616
0.138708
0.060241
0.015058
0.012719
0.006535
0.002011
0.001668
0.005290
0.004027
0.000442
0.000000
0.000216
0.006160
0.018101
0.029554
0.041447
0.044901
0.037690
0.025501
0.040741
0.069487
0.109061
0.149932
0.183323
0.189156
0.164364
0.124474
0.082411
0.049779
0.024820
0.040538
0.049686
0.046802
0.032288
0.017016
0.007564
0.001578
0.000001
0.000000
0.000065
0.000112
0.000000
0.000046
0.000000
0.000000
0.000000
0.000000
0.000000
0.000000
0.000000
0.000000
0.000000
0.000000
0.000006
0.000000
0.000000
0.000000
0.005132
0.078884
0.138119
0.156706
0.160449
0.160619
0.161092
0.161860
0.248759
0.392822
0.572913
0.800964
1.088475
1.444868
1.872434
2.378350
2.974986
3.653918
4.328119
4.843324
4.842885
4.311207
3.571729
2.863527
2.292439
1.925505
2.037036
2.148064
1.993585
1.721958
1.395632
1.079805
1.300878
1.601831
1.928764
2.260439
2.470994
2.420628
2.154491
1.800800
1.473253
1.226850
1.510024
1.714423
1.715516
1.509250
1.600402
1.788017
1.885674
1.786801
1.585906
1.541300
1.837980
2.241479
2.550275
3.171050
4.014215
4.598109
4.023513
3.198255
2.496118
1.910358
1.852940
1.768870
1.542772
1.303502
1.081153
0.903569
0.817468
0.724018
0.748111
0.879383
0.978350
0.950953
1.067756
1.160796
1.154807
1.084670
1.168821
1.190066
1.128212
0.983950
0.839569
0.859346
0.817369
0.872439
0.865067
0.808049
0.700362
0.597764
0.527347
0.468288
0.447847
0.502803
0.529755
0.514013
0.450825
0.351842
0.257837
0.185166
0.126063
0.212273
0.366346
0.584087
0.798914
0.825080
0.659022
0.529973
0.563064
0.672410
0.901475
1.262252
1.772517
2.432063
2.864678
3.024534
3.023317
2.855534
2.374635
1.644548
1.126167
0.838491
0.774948
0.624143
0.461163
0.429302
0.602169
0.750389
0.777850
0.753298
0.754594
0.692500
0.596153
0.472608
0.353389
0.225302
0.427023
0.708515
1.083895
1.292514
1.264478
0.961185
0.557331
0.298424
0.137455
0.046797
0.005805
0.000000
0.000000
0.000000
0.000000
0.000000
0.000000
0.000000
0.000000
0.000000
0.000000
0.000000
0.000000
0.000000
0.000000
0.000000
0.000000
0.000000
0.000000
0.000000
0.000000
0.000000
0.000000
0.000000
0.000000
0.000000
0.000000
0.000000
0.000000
0.000000
0.000000
0.000000
0.000000
0.000000
0.000000
0.000000
0.000000
0.000000
0.000000
0.000000
0.000000
0.000000
0.000000
0.000000
0.000000
0.000028
0.016008
0.065041
0.153740
0.287448
0.481002
0.741044
1.073757
1.491632
1.989838
2.544460
3.004177
3.009529
2.566661
2.020557
1.517994
1.101438
0.966281
1.268000
1.587543
1.782971
1.850964
1.623630
1.311358
0.973915
0.691832
0.470753
0.341143
0.447529
0.485985
0.440360
0.341893
0.615508
0.880764
0.865399
0.549737
0.273799
0.126879
0.039410
0.002313
0.000000
0.000000
0.000003
0.014802
0.041503
0.045240
0.018289
0.000101
0.000000
0.000000
0.002542
0.025987
0.111992
0.270926
0.533002
0.940910
1.129399
1.181979
1.163242
1.103514
0.968841
0.712419
0.535696
0.357811
0.173388
0.077964
0.051949
0.026712
0.020781
0.013400
0.001373
0.004728
0.008957
0.022081
0.029119
0.019575
0.010661
0.021147
0.066675
0.141150
0.244080
0.373466
0.521941
0.655605
0.665414
0.553905
0.441062
0.374805
0.374628
0.497692
0.684324
0.876998
1.064257
1.134727
1.113496
1.224818
1.680196
2.222397
2.776212
2.773127
2.241754
1.764361
1.360254
1.560229
1.979166
2.460013
3.002959
3.571717
3.994363
4.126306
3.842711
3.296839
2.769149
2.749133
3.386648
3.937095
4.164349
4.261457
4.626987
4.692055
4.110438
3.395908
2.691352
2.086276
1.593348
1.195044
0.863667
0.601061
0.416893
0.403517
0.472842
0.543950
0.505325
0.378731
0.239880
0.129776
0.058052
0.055531
0.040912
0.027313
0.015749
0.029968
0.054322
0.084733
0.120182
0.164179
0.215994
0.307808
0.358639
0.365881
0.350557
0.294462
0.254359
0.219903
0.231113
0.297039
0.371146
0.439533
0.466510
0.448896
0.455626
0.561658
0.685708
0.804162
0.861378
0.945849
1.068138
1.211575
1.378170
1.582366
1.806630
2.050967
2.229527
2.309058
2.242684
2.061021
1.848451
1.646092
1.460990
1.292074
1.408431
1.581126
1.771282
1.962560
2.146546
2.359439
2.592397
2.820446
3.005247
3.061300
3.010378
2.817322
2.586507
2.698113
3.261253
3.735341
3.741208
3.279621
2.709692
2.275517
2.011573
1.781837
1.605261
1.549455
1.568692
1.552953
1.456221
1.394316
1.213411
1.070464
1.207442
1.134879
0.900696
0.639337
0.433419
0.391537
0.505621
0.808227
1.172552
1.507906
1.525288
1.244385
1.426509
1.675433
1.938228
2.189211
2.352165
2.354551
2.197304
1.984071
1.721109
1.477906
1.305100
1.499236
1.663033
1.722935
1.954935
2.252829
2.486988
2.589692
2.417475
2.123759
1.829131
1.830054
1.807470
1.589009
1.317263
1.203571
1.218364
1.284369
1.236902
1.118007
1.066748
1.402283
1.802180
2.293622
2.875074
3.552548
4.316691
5.070622
5.638749
5.652678
5.113852
4.357234
3.612046
2.997789
2.443557
1.957044
1.544234
1.198642
1.138905
1.203120
1.409094
1.572831
1.668827
1.599679
1.499573
1.312062
1.076368
0.843034
0.644628
0.472151
0.342506
0.232416
0.242008
0.277001
0.301850
0.279601
0.236052
0.258380
0.275940
0.249956
0.242033
0.306521
0.238985
0.191549
0.201010
0.215251
0.253288
0.283003
0.334311
0.371282
0.346259
0.290050
0.232138
0.222840
0.259940
0.315256
0.390884
0.518774
0.624854
0.730604
0.814422
0.898871
1.011528
1.136071
1.257713
1.319687
1.306061
1.204650
1.080097
0.975598
0.999171
0.959653
0.866018
0.756793
0.692244
0.618935
0.673980
0.777118
0.888051
0.989408
1.092958
1.170496
1.247363
1.407352
1.609071
1.817185
1.968301
1.972048
1.851181
1.705619
1.547085
1.400573
1.274307
1.136076
0.993514
0.848741
0.721268
0.700415
0.838143
0.965436
1.024009
1.021821
0.990062
1.096510
1.215604
1.276509
1.260376
1.169598
1.042277
0.935077
0.945666
1.081135
1.245560
1.419546
1.601115
1.798523
2.007507
2.221385
2.416058
2.487343
2.386841
2.149603
2.181015
2.272390
2.137139
1.861032
1.552630
1.502957
1.778046
2.066522
2.305901
2.363912
2.231854
1.979779
1.739908
1.533366
1.693402
1.932258
2.236973
2.867293
3.586973
4.318700
4.715637
4.494806
3.928860
3.247289
2.706692
2.495202
2.264912
2.721544
3.208163
3.474715
3.496824
3.207389
2.789926
2.364346
1.956268
1.582325
1.243807
0.976721
0.822083
0.898484
1.297073
1.827270
2.302016
2.493837
2.545934
2.513729
2.464875
2.401513
2.239597
1.958297
1.501751
1.310079
1.229710
1.184443
1.129586
1.007614
0.737019
0.413163
0.199516
0.156358
0.124309
0.069429
0.075690
0.112552
0.189888
0.296343
0.400084
0.439537
0.371621
0.267052
0.179275
0.149252
0.131829
0.097782
0.064250
0.050047
0.052323
0.057030
0.042104
0.050954
0.082426
0.115249
0.124974
0.125722
0.132846
0.188439
0.257659
0.283900
0.252091
0.201293
0.129262
0.157048
0.223508
0.277983
0.274522
0.223395
0.163060
0.153760
0.206726
0.263076
0.303278
0.328803
0.319528
0.283556
0.243751
0.297044
0.334018
0.336656
0.298838
0.240296
0.200144
0.245907
0.261864
0.249735
0.204113
0.165804
0.162011
0.168516
0.203636
0.199762
0.156881
0.107591
0.211315
0.389540
0.657767
0.851877
0.830176
0.639387
0.393386
0.289034
0.297205
0.427491
0.630235
0.862354
1.133091
1.469271
1.876914
2.369112
2.934886
3.604148
4.347396
4.998156
5.304138
5.087954
4.498954
3.823391
3.196572
2.855191
3.081215
3.373453
3.352466
3.009549
2.687832
2.254458
1.593909
1.580859
1.812667
1.976003
2.220990
2.238536
2.032760
1.761523
1.732041
1.953987
2.075751
1.958215
1.733505
1.610172
1.407266
1.206984
1.328365
1.466505
1.684188
1.937143
2.125663
2.064630
1.794222
1.464244
1.357677
1.422108
1.209356
0.912081
0.776513
1.027293
1.220047
1.186648
0.991196
1.107157
1.153322
1.090960
1.023250
1.007169
1.019072
0.961197
1.237366
1.620804
2.141173
2.640911
2.835002
2.648874
2.145311
1.634397
1.231670
1.055951
1.201903
1.345713
1.500447
1.667937
1.868095
2.099980
2.330915
2.546475
2.755044
2.927445
3.024895
2.931342
2.757987
2.685711
2.497545
2.335798
2.268975
2.167294
2.131309
2.098276
2.123364
2.317079
2.429312
2.447869
2.683101
2.909784
3.082560
3.180229
3.177374
3.415466
3.593807
3.600038
3.428553
3.240753
3.054673
2.791377
2.698204
2.567855
2.515390
2.544670
2.547682
2.887297
3.189178
3.398754
3.340976
3.083720
2.760764
2.857721
3.019133
3.041278
3.076381
3.287454
3.407680
3.341928
3.140086
2.873158
2.616544
2.852561
3.139466
3.389661
3.543150
3.501096
3.794205
4.026647
4.054994
3.898027
3.583587
3.252998
3.256857
3.815751
4.453831
5.157665
5.866782
6.322398
6.310578
5.873311
5.201380
4.497008
3.865544
3.358423
2.885911
2.515338
3.080976
3.739240
4.433797
5.037781
5.678350
6.295232
6.741705
7.702874
8.984529
10.388258
11.633963
12.323469
11.523225
10.204580
8.755183
7.410241
6.229661
5.442728
6.135830
6.878919
7.487788
7.530228
7.069155
7.140977
7.816924
8.185582
8.080273
7.707200
7.008384
6.469790
6.143521
5.691791
5.053691
4.419789
3.884552
3.582720
4.105840
4.456420
4.944340
4.951760
4.447931
3.811813
3.185015
2.704198
2.395473
2.164261
2.028207
2.095055
2.115616
2.160517
2.060064
2.093122
2.282813
2.495605
2.738785
2.972235
3.108865
3.064264
2.859684
2.616941
2.403893
2.185428
1.978043
1.817396
1.706354
1.553890
1.649924
1.706093
1.830086
2.013440
2.181677
2.243724
2.364993
2.583741
2.861073
3.150087
3.368280
3.436436
3.298959
3.030430
2.745648
2.465279
2.182256
1.912860
1.667105
1.440493
1.234979
1.074562
0.962655
0.825438
0.922306
0.888924
0.845623
0.700634
0.668269
0.755837
0.760145
0.836816
0.942002
1.113745
1.203332
1.361810
1.536774
1.782427
2.011722
2.142330
2.240708
2.295929
2.470567
2.690182
2.924356
3.076339
3.111900
2.980627
2.754604
2.527234
2.406845
2.704007
2.944421
3.009200
2.849422
2.534243
2.120864
1.730197
1.390115
1.089259
0.874393
0.981873
1.297447
1.665657
1.964380
1.977283
1.685472
1.293894
0.930817
0.830606
0.857149
0.968233
1.108682
1.203967
1.277670
1.336363
1.396962
1.647065
1.891441
2.301415
2.701630
2.859760
2.852861
2.921222
2.603558
2.503111
2.513128
2.419779
2.352964
2.274594
2.110628
1.952657
1.644339
1.294985
1.470612
1.627718
1.759527
1.957258
2.158142
2.368499
2.569284
2.752942
2.909889
2.960890
2.921118
3.000891
3.082009
3.087948
3.045976
2.992313
2.855238
2.768288
2.687455
2.812474
3.083249
3.309005
3.400717
3.285228
3.139126
3.086421
2.888786
2.905848
3.020885
3.269382
3.593220
3.957009
4.304667
4.558966
5.284322
6.084327
6.960038
7.899162
8.758507
9.239553
9.148229
8.464830
7.538691
7.437702
8.542086
9.836954
11.268564
12.820587
14.437976
15.790301
16.775858
16.207003
14.705217
12.890938
11.104409
12.321142
13.771788
15.039352
16.362207
17.098349
16.649578
15.504484
13.922019
12.370920
11.023811
9.972175
10.849054
11.394637
11.967073
12.038127
11.555020
10.653893
9.773384
9.349483
8.708977
8.119529
8.620026
8.944311
8.617574
8.004026
7.334303
7.350646
7.051919
6.588179
6.291795
5.887647
5.389052
4.862410
4.383962
4.033777
3.693203
3.318605
2.942833
2.673129
2.656797
2.823752
2.851875
2.920656
2.892659
2.727181
2.998769
3.301928
3.821027
4.123107
4.381976
4.385747
4.174128
4.312600
4.571843
4.844797
5.156418
5.480472
5.808358
6.115899
6.435067
6.780213
7.177532
7.589021
7.963810
8.153379
8.036360
8.023183
8.388612
8.733490
9.065838
9.301732
9.366832
9.143740
9.227800
9.510906
9.437952
9.303237
9.579359
10.085365
10.622247
11.184978
11.726114
12.103028
12.328971
12.194839
11.707287
11.131939
11.213749
11.552191
11.568879
11.284622
10.770271
10.249698
9.774879
9.298535
8.822074
8.353159
7.915587
7.601802
7.742911
7.641322
7.366657
7.332905
7.871446
8.050111
7.755814
6.977899
6.122262
5.641331
5.639343
5.953853
6.180802
6.568166
7.114497
7.564716
7.736638
7.736771
7.477581
7.379115
6.913050
5.968383
5.406377
4.727318
4.018110
3.613763
3.684172
3.806872
3.954951
4.070464
4.248287
4.445667
4.390733
4.072148
3.850196
3.621456
3.339841
2.952142
2.639076
2.375799
2.028730
2.076860
2.311316
2.597711
2.887103
2.969521
3.019112
3.178360
3.560773
3.927061
4.476582
5.092326
5.561234
5.703675
5.377538
4.826847
4.905222
5.203441
5.176003
5.797028
6.281703
6.289848
5.873863
5.443974
5.538323
5.381758
5.233000
5.003856
5.393549
5.905961
5.886365
6.361128
6.631647
6.370559
5.839938
5.402852
5.351681
5.153149
4.888433
4.941648
5.155209
5.434733
5.428272
5.141914
4.744059
4.337739
4.427150
4.365195
4.239140
4.263556
4.232325
4.431630
4.650182
4.426691
4.393563
4.547077
4.497597
4.252600
3.942562
3.847116
4.278474
4.726427
5.051043
5.172800
4.949347
4.581955
4.109418
3.657782
3.234978
2.856775
2.518067
2.516229
2.917248
3.340256
3.642411
3.566047
3.205240
2.771165
2.394411
2.154379
1.834205
1.674832
1.654049
1.806660
1.808209
1.690761
1.894244
2.122818
2.374037
2.633438
2.838352
2.923843
2.560475
2.259722
1.950601
2.018294
2.197284
2.403186
2.560876
2.474837
1.822668
1.202257
1.156480
1.292454
1.477158
1.616320
1.791633
2.019762
2.225310
2.333357
2.358037
2.243736
2.272968
2.186849
2.309430
2.583031
2.900977
3.247714
3.634297
4.063440
4.526636
5.039909
5.578686
6.090808
6.394212
6.326026
6.199510
5.521828
5.507693
5.259654
4.503031
4.308129
4.268143
4.558114
5.065050
5.695382
6.412961
7.180622
8.020465
8.914517
9.783830
10.319124
9.460172
8.518360
7.839351
6.815758
5.553625
4.992555
4.934460
4.856592
3.937620
3.256175
3.109375
2.627797
1.872432
1.443929
1.675324
2.121980
2.568701
2.571481
1.489954
1.082526
1.299354
1.698789
2.124238
0.000000
0.000000
0.000000
0.000000
0.000000
0.000000
0.000000
0.000000
0.000000
