track	type=wiggle_0
fixedStep	chrom=chr	start=1	step=1
0.000000
0.000000
0.000000
0.000000
0.000000
0.000000
0.000000
0.000000
0.000000
0.000000
0.000000
0.000000
0.000000
0.000000
0.000000
0.000000
0.000000
0.000000
0.000000
0.000000
0.000311
0.017619
0.055109
0.343491
0.860812
1.197704
1.198683
1.007867
0.771190
0.590368
0.430863
0.308064
0.246635
0.422070
0.614315
0.869445
1.106852
1.214105
1.056271
0.799480
0.950322
1.096255
1.152606
1.195172
1.228301
1.501991
1.895009
2.365383
2.933055
3.553679
4.032972
4.029312
3.545327
2.955390
2.423788
1.984052
2.262373
2.496417
2.607724
2.443525
2.110052
1.724809
1.371974
1.070600
0.814385
0.600913
0.428028
0.398003
0.481740
0.541761
0.530043
0.441319
0.438022
0.774264
0.902708
0.931432
0.902708
0.771707
0.427894
0.180259
0.052714
0.003576
0.000000
0.000000
0.000000
0.000000
0.000000
0.000035
0.003510
0.014721
0.031846
0.053907
0.072258
0.112474
0.142849
0.214600
0.463649
0.563085
0.588472
0.592275
0.588472
0.565411
0.480095
0.488413
0.570204
0.609164
0.599937
0.672557
0.677332
0.615116
0.520001
0.421208
0.331613
0.252943
0.185246
0.129343
0.091889
0.142445
0.188855
0.214187
0.196205
0.159972
0.147305
0.157728
0.193157
0.248894
0.337328
0.508750
0.809324
1.252267
2.082113
2.488034
2.598440
2.598441
2.516663
2.222508
1.604125
1.917793
2.062024
2.032706
2.235766
2.809968
3.371595
4.002774
4.517079
4.513824
3.974539
3.269430
2.635254
2.061189
1.577926
1.176720
0.847921
0.584341
0.387105
0.539709
0.703137
0.841630
0.862022
0.767172
0.601188
0.438528
0.302944
0.197950
0.118992
0.061719
0.027610
0.031058
0.023173
0.051105
0.097538
0.143796
0.156846
0.130526
0.098378
0.071483
0.058588
0.170676
0.376301
0.758686
1.241215
1.387862
1.290723
0.877375
0.533700
0.292280
0.129808
0.053350
0.073091
0.072674
0.056390
0.028879
0.011830
0.009605
0.042209
0.069266
0.060140
0.033756
0.006302
0.000507
0.020002
0.041730
0.049063
0.107400
0.139762
0.122222
0.084669
0.149088
0.247168
0.288239
0.295481
0.200159
0.088570
0.019208
0.000306
0.000000
0.000287
0.000663
0.001211
0.000147
0.000000
0.000000
0.000000
0.000000
0.000277
0.000000
0.000000
0.000000
0.000000
0.000000
0.000805
0.006459
0.011771
0.089098
0.162793
0.197260
0.223943
0.237852
0.252241
0.269688
0.289339
0.097129
0.041098
0.000684
0.000000
0.000000
0.000000
0.000000
0.000000
0.000000
0.003921
0.063756
0.113000
0.132516
0.136940
0.132516
0.112269
0.062962
0.004211
0.000000
0.001328
0.004449
0.002691
0.011994
0.029611
0.043374
0.045611
0.038963
0.023078
0.023336
0.042889
0.058926
0.052494
0.036306
0.045571
0.034887
0.017085
0.004011
0.000000
0.000000
0.000000
0.000081
0.002050
0.002035
0.005533
0.011591
0.009860
0.005952
0.018289
0.045350
0.098943
0.159336
0.195386
0.175687
0.252383
0.386723
0.568242
0.798627
1.075884
1.383967
1.659126
1.711077
1.792942
1.740782
1.444826
1.114342
1.205236
1.465175
1.733493
1.865904
1.842115
1.908845
1.813505
1.535766
1.239673
0.967497
0.740413
0.550339
0.491772
0.589844
0.596376
0.586240
0.570597
0.699668
0.984057
1.325671
1.740968
2.195596
2.579097
2.584522
2.476017
2.465680
2.225922
1.614335
1.050881
1.090147
1.272617
1.258986
1.064822
0.815388
0.590773
0.414116
0.333406
0.247009
0.161310
0.092565
0.110683
0.163372
0.228286
0.303120
0.413340
0.529115
0.570162
0.570163
0.527549
0.404448
0.308041
0.232537
0.168123
0.119828
0.082429
0.061488
0.044969
0.016661
0.000709
0.000000
0.000000
0.000000
0.000000
0.000000
0.000000
0.000000
0.000826
0.000964
0.000000
0.000000
0.000000
0.000000
0.000007
0.000459
0.005631
0.013265
0.016380
0.018416
0.014653
0.032438
0.054408
0.068944
0.067172
0.051814
0.030330
0.017855
0.058451
0.077187
0.112696
0.141188
0.144071
0.140958
0.139016
0.133897
0.114111
0.054736
0.036981
0.082891
0.110724
0.081403
0.034698
0.005257
0.000000
0.000000
0.000000
0.000000
0.000000
0.000000
0.001123
0.050744
0.094424
0.113501
0.126778
0.140153
0.140153
0.126626
0.112863
0.092290
0.046732
0.000139
0.000000
0.000000
0.000000
0.000000
0.000845
0.005559
0.006455
0.002355
0.000000
0.000000
0.000000
0.000000
0.000000
0.000000
0.000000
0.000000
0.000000
0.000000
0.000000
0.000000
0.000000
0.000000
0.000000
0.000000
0.002288
0.006962
0.047049
0.116391
0.169802
0.140930
0.076027
0.022782
0.046125
0.107431
0.188592
0.236111
0.368584
0.545780
0.714077
0.932804
1.172659
1.530706
1.986884
2.533840
3.166729
3.816915
4.302873
4.263886
3.703758
3.493774
4.151740
4.782606
5.080238
4.952633
4.362538
3.728954
3.105397
2.556505
2.099009
1.723890
1.526055
1.650939
1.653712
1.577158
1.573023
1.594319
1.854615
1.915094
1.701184
1.481283
1.200728
0.768107
0.545336
0.700676
0.880002
1.076977
1.247343
1.336789
1.287047
1.123850
0.944880
0.757389
0.627071
0.699868
0.858697
1.023411
1.105049
1.052826
0.886469
0.839215
0.814151
0.709872
0.774276
0.900624
1.012262
1.109672
1.233527
1.392373
1.577842
1.787807
2.013285
2.208070
2.383476
2.541384
2.543561
2.391666
2.178591
2.290935
2.554437
2.708100
2.542267
2.453303
2.270839
2.066493
1.852818
1.976064
2.196340
2.404488
2.519286
2.487201
2.298828
2.080224
1.850436
1.871987
1.755096
1.939524
2.202525
2.467701
2.605930
2.522643
2.282205
2.027384
2.024072
2.238670
2.474854
2.721020
3.020519
3.300818
3.523692
3.556249
3.405049
3.351522
3.499267
3.770832
4.354133
5.592805
6.200815
6.376199
6.376199
6.226607
5.685448
4.485905
4.262864
4.015124
4.026313
4.505665
5.092943
5.679945
6.222696
6.324197
6.010571
5.376190
4.704550
4.780711
5.402501
5.818606
6.586761
7.528336
8.399734
8.770626
8.405478
7.539812
6.553994
5.629164
4.810712
4.080749
3.433634
2.869238
2.375562
1.958103
1.610848
1.423654
1.341295
1.467614
1.571552
1.554328
1.413923
1.235824
1.084638
1.028324
0.948049
0.987324
0.971118
0.895854
0.879646
0.888478
0.886262
0.943060
0.994002
1.092520
1.171656
1.148225
1.109257
1.168145
1.170347
1.130173
1.059794
1.058021
1.180649
1.338783
1.505610
1.617388
1.624080
1.534294
1.370998
1.516700
1.612794
1.513704
1.414034
1.281850
1.206945
1.101276
0.899144
0.782489
0.820738
0.938992
1.060430
1.165192
1.260961
1.297909
1.262135
1.173394
1.241131
1.379013
1.537920
1.657625
1.704901
1.628764
1.687464
2.093558
2.544500
2.765380
2.530456
2.057681
1.589015
1.599054
1.700142
1.694040
1.584846
1.440818
1.306401
1.178864
1.157954
1.317172
1.299160
1.134906
0.969207
0.953475
1.186080
1.362710
1.349737
1.173950
0.954325
0.751001
0.641981
0.595371
0.659630
0.830651
1.152610
1.242976
1.150108
0.831139
0.849004
0.985042
1.133587
1.310289
1.477007
1.598471
1.582432
1.596505
1.733375
1.859067
1.866817
1.715509
1.516463
1.309899
1.113419
0.996385
1.129415
1.229487
1.226812
1.133560
1.011491
0.890676
0.757908
0.645973
0.766405
0.901604
1.045520
1.167082
1.376533
1.603729
1.868705
2.167718
2.400935
2.398870
2.159663
1.859910
1.558616
1.276485
1.026261
0.908356
0.827492
0.812547
1.033310
1.333039
1.494332
1.411410
1.681795
2.173609
2.831538
3.436321
3.417337
2.811370
2.320070
2.131754
1.829859
2.004705
2.423013
2.360095
1.793133
1.475336
1.190024
0.859603
0.705459
0.857837
0.906162
0.820363
0.682782
0.529128
0.595493
0.679565
0.647474
0.501277
0.516942
0.481961
0.563834
0.712623
0.790777
0.768253
0.873935
0.942814
0.893460
0.728832
0.576611
0.503717
0.418983
0.351400
0.431333
0.511623
0.588061
0.728215
0.729506
0.601994
0.543285
0.621611
0.729997
0.856151
0.981574
1.066470
1.080458
1.016049
0.900660
0.775648
0.658277
0.551502
0.500428
0.534626
0.526075
0.474434
0.411360
0.355157
0.330289
0.298505
0.274112
0.247177
0.217526
0.195923
0.199742
0.184183
0.148116
0.140176
0.135058
0.167627
0.185491
0.176021
0.138939
0.099039
0.061614
0.056361
0.145099
0.306859
0.537769
0.742389
0.687215
0.625655
0.576702
0.546523
0.529756
0.521430
0.520902
0.676690
0.917654
1.202782
1.537598
1.909333
2.372056
2.934916
3.590580
4.346622
5.191988
5.999271
6.567076
6.565606
5.968972
5.048542
4.163704
3.424229
2.891638
2.951776
3.065749
2.851815
2.477334
2.051265
1.647679
1.817638
2.183109
2.579072
2.951402
3.172246
3.063225
2.745513
2.335192
1.951024
1.631964
1.390423
1.539685
1.541065
1.757973
2.031765
2.216206
2.234579
2.078559
1.841647
1.659179
1.695961
2.085044
2.382270
2.981898
3.792896
4.357563
3.810181
3.017595
2.340398
2.029547
2.120950
2.030499
1.771285
1.497591
1.246417
1.022214
0.827421
0.661607
0.653861
0.795429
0.951723
1.123565
1.252349
1.280288
1.180232
1.008521
0.828133
0.667842
0.602708
0.546131
0.594274
0.590089
0.534880
0.445906
0.420856
0.461055
0.447309
0.553219
0.679312
0.805212
0.906145
0.941920
0.892902
0.773426
0.641201
0.515767
0.402849
0.314907
0.241351
0.178577
0.129313
0.171929
0.242160
0.241888
0.171454
0.177155
0.327637
0.536492
0.820799
1.189597
1.658997
2.287474
2.696786
2.847235
2.848735
2.678725
2.184611
1.436716
0.954680
0.634098
0.406649
0.324086
0.375301
0.353224
0.511909
0.649594
0.671742
0.548031
0.540939
0.450576
0.318394
0.202135
0.114535
0.194810
0.382924
0.649605
1.007419
1.203436
1.176665
0.890440
0.507969
0.264650
0.117240
0.037951
0.003246
0.000000
0.000000
0.000000
0.000000
0.000000
0.000000
0.000000
0.000000
0.000000
0.000000
0.000000
0.000000
0.000000
0.000000
0.000000
0.000000
0.000000
0.000000
0.000000
0.000000
0.000000
0.000000
0.000000
0.000000
0.000000
0.000000
0.000000
0.000000
0.000000
0.000000
0.000000
0.000000
0.000000
0.000000
0.000000
0.000000
0.000000
0.000000
0.000000
0.000000
0.000000
0.000000
0.000000
0.000000
0.000000
0.000000
0.000000
0.000000
0.000000
0.000000
0.000000
0.000000
0.000000
0.000000
0.000000
0.000000
0.000000
0.005288
0.006430
0.000000
0.000000
0.000000
0.000000
0.000000
0.000000
0.000000
0.000000
0.004158
0.010241
0.041451
0.088641
0.065465
0.030588
0.036361
0.066105
0.151021
0.327715
0.511827
0.613599
0.756180
0.799410
0.672551
0.765994
0.828175
0.728914
0.555881
0.389216
0.254633
0.152343
0.078253
0.028790
0.003758
0.000000
0.000000
0.000000
0.000000
0.000000
0.000000
0.013537
0.074751
0.112080
0.121853
0.123700
0.124393
0.120550
0.102781
0.048783
0.067439
0.113481
0.167195
0.216558
0.233161
0.255119
0.257263
0.214093
0.159503
0.156858
0.165565
0.190504
0.195939
0.170988
0.156137
0.128429
0.092160
0.064870
0.071171
0.103647
0.153702
0.210836
0.271158
0.291088
0.265882
0.205464
0.147399
0.132327
0.220185
0.314830
0.516328
0.792621
1.135092
1.576529
2.101409
2.636538
2.633240
2.116058
1.654369
1.263679
1.411711
1.806188
2.266228
2.791144
3.337486
3.737921
3.869075
3.591638
3.066915
2.564146
2.582302
3.195807
3.727042
3.942699
4.035928
4.397654
4.481614
3.908428
3.228316
2.559937
1.980196
1.506855
1.122605
0.804953
0.554226
0.377702
0.362967
0.433641
0.504851
0.468851
0.351640
0.223393
0.120384
0.059044
0.046041
0.035146
0.032846
0.058273
0.086906
0.109150
0.113507
0.104113
0.081717
0.160391
0.297910
0.347495
0.288532
0.236940
0.254473
0.265099
0.237152
0.256026
0.327534
0.406371
0.475796
0.504146
0.485959
0.492879
0.601193
0.730014
0.850753
0.908493
0.995773
1.115613
1.254900
1.418456
1.616987
1.837434
2.080160
2.254523
2.330106
2.262764
2.084491
1.872225
1.669634
1.489520
1.493934
1.478737
1.620600
1.807623
1.995958
2.177509
2.401390
2.638393
2.862499
3.025866
3.068935
3.011409
2.814025
2.577211
2.641337
3.167162
3.609830
3.608321
3.163712
2.612340
2.148289
1.895239
1.722756
1.558164
1.532022
1.557122
1.543915
1.444116
1.359891
1.180051
1.039962
1.185205
1.117583
0.902299
1.043404
1.159232
1.352906
1.594361
1.877793
2.180361
2.496459
2.735427
2.878963
2.910032
2.975767
2.977698
3.035285
2.876680
2.569929
2.727901
2.795261
2.640280
2.340075
2.065420
1.906906
2.067178
2.494218
2.949244
3.353549
3.557443
3.350088
2.974669
2.607403
2.317466
2.080800
1.861001
1.573935
1.295379
1.186194
1.214876
1.288712
1.240557
1.123627
1.099290
1.444743
1.849319
2.343497
2.930804
3.614946
4.378235
5.119881
5.668768
5.673410
5.129433
4.371709
3.627196
3.012149
2.454831
1.969217
1.552730
1.205134
1.191826
1.230943
1.429870
1.590423
1.695909
1.636660
1.543601
1.358543
1.118666
0.881217
0.678798
0.502326
0.370587
0.258739
0.294831
0.334993
0.362335
0.337834
0.291361
0.314296
0.334381
0.305373
0.323170
0.358297
0.395709
0.582390
0.783394
0.920235
1.039608
1.072911
1.040019
0.994125
0.915081
0.858813
0.774022
0.711464
0.743398
0.732229
0.688563
0.661817
0.719854
0.738934
0.713615
0.691529
0.764083
0.833265
0.857847
0.930888
0.914627
0.952323
0.987937
0.949200
0.879058
0.793226
0.708091
0.608399
0.517286
0.616354
0.733642
0.855301
0.957291
0.983893
0.947595
0.879486
0.948265
1.005207
1.149569
1.260039
1.384705
1.388556
1.310588
1.194386
1.071905
0.971267
0.869070
0.759310
0.649686
0.627089
0.593855
0.554041
0.532953
0.554718
0.581499
0.581742
0.580560
0.649888
0.703215
0.745821
0.727598
0.654863
0.565171
0.491780
0.470827
0.564147
0.680077
0.806055
0.938942
1.086041
1.245442
1.408427
1.561461
1.616623
1.545350
1.376929
1.200762
1.256072
1.169825
0.979029
0.808385
0.760691
0.943246
1.139971
1.321213
1.392742
1.343158
1.168448
1.021397
1.300317
1.613845
1.838910
2.074282
2.677565
3.308631
3.852062
3.899926
3.457837
2.863443
2.439819
2.599781
2.528284
2.217119
2.386312
2.787689
3.041472
2.931679
2.749860
2.390562
2.041047
1.699942
1.375745
1.146929
1.559712
2.001715
2.307378
2.379251
2.264220
2.390701
2.578702
2.635905
2.594215
2.534283
2.475302
2.314473
2.023281
1.550896
1.333093
1.244888
1.194528
1.139455
1.015999
0.747014
0.428679
0.216153
0.211373
0.275626
0.288004
0.232851
0.152029
0.084837
0.037728
0.019372
0.050546
0.101009
0.151247
0.160815
0.133834
0.086946
0.040927
0.014049
0.001025
0.000000
0.000000
0.000000
0.000000
0.000000
0.000000
0.000000
0.000000
0.000000
0.000000
0.000000
0.000000
0.000588
0.026397
0.052983
0.067676
0.072868
0.074070
0.073353
0.073103
0.071724
0.065386
0.042808
0.015463
0.073265
0.124662
0.128856
0.082362
0.021712
0.000000
0.000000
0.000000
0.000000
0.000000
0.000000
0.000000
0.000000
0.000000
0.000000
0.000000
0.000000
0.000000
0.000000
0.000000
0.000000
0.000000
0.000000
0.000000
0.000000
0.000000
0.000000
0.000000
0.000000
0.000000
0.019392
0.088481
0.174243
0.229064
0.244861
0.224719
0.169572
0.087139
0.025454
0.009992
0.033460
0.085073
0.104563
0.066999
0.019505
0.000179
0.000981
0.004843
0.003738
0.002358
0.000005
0.000000
0.000000
0.001085
0.032571
0.122796
0.285418
0.561192
0.907707
1.076986
1.117333
1.079225
0.895738
0.536578
0.501030
0.444633
0.291188
0.315553
0.508454
0.754160
0.997887
1.123518
1.060628
0.886896
0.705254
0.580917
0.852175
1.190657
1.437695
1.513246
1.292329
0.978455
0.699178
0.528232
0.559982
0.635289
0.601929
0.573973
0.825157
1.126189
1.405034
1.450539
1.438757
1.391569
1.363752
1.257232
1.111217
1.341097
1.599538
1.926180
2.311022
2.687469
2.841564
2.702677
2.367220
1.982240
1.631155
1.596536
1.843461
1.985299
1.932663
1.682075
1.401566
1.146624
1.025918
0.905836
0.999178
1.027982
1.060206
1.056581
1.060371
1.049658
1.150270
1.302549
1.490614
1.707443
1.949028
2.204054
2.444895
2.588149
2.596329
2.558764
2.663110
2.627008
2.676249
2.756434
2.667997
2.539330
2.548622
2.483962
2.294434
2.094908
2.186270
2.350889
2.404109
2.317136
2.449980
2.622882
2.602998
2.479367
2.547737
2.777975
2.873450
2.794832
2.679837
2.702186
2.535950
2.359853
2.607928
2.714740
2.644372
2.515656
2.774684
2.950528
2.979748
2.852859
2.661735
2.642721
2.548925
2.310909
2.045875
1.907038
2.266560
2.734447
3.273712
3.868843
4.466570
4.869074
4.867235
4.513669
3.995633
3.437464
2.972671
2.953618
3.378929
3.865454
4.398356
4.929367
5.277076
5.240599
5.816158
6.454132
6.908709
7.878939
9.189469
10.617055
11.876520
12.579559
11.767693
10.403440
8.950027
7.582269
6.428753
6.265074
7.143441
8.039798
8.547102
8.482443
8.020167
7.270151
7.381849
7.611818
7.433848
6.838419
6.031202
5.254834
4.633799
3.985121
4.021663
3.385817
3.126240
3.672364
3.802363
4.100775
4.087950
3.629993
3.045866
2.471441
2.007118
1.678576
1.391484
1.162733
1.084551
1.166518
1.191732
1.276572
1.317400
1.306072
1.332433
1.373908
1.639790
1.661222
1.562208
1.390552
1.369148
1.411287
1.350072
1.331768
1.239882
1.102061
0.976157
0.973124
1.023167
1.040805
0.944424
0.807190
0.859418
0.898677
0.969293
1.109937
1.284414
1.463001
1.575997
1.594001
1.493781
1.321452
1.140646
0.967009
0.797110
0.824081
0.927900
0.901345
0.739202
0.823513
0.738259
0.481978
0.268548
0.126740
0.041451
0.073552
0.150686
0.241878
0.336040
0.459811
0.617783
0.604913
0.524384
0.505727
0.604154
0.768926
0.898720
0.988847
1.059017
1.090019
1.211442
1.366369
1.531142
1.650994
1.689698
1.613326
1.462199
1.315172
1.284183
1.346350
1.364044
1.395737
1.528051
1.479281
1.240462
1.007999
0.847518
0.786210
0.760433
0.976679
1.329700
1.711042
2.017263
2.028923
1.729376
1.328681
0.955019
0.816979
0.859166
0.932105
0.958959
0.896423
0.796571
0.693135
0.636639
0.566328
0.507260
0.435891
0.333530
0.256100
0.216692
0.207991
0.189428
0.176281
0.152868
0.119757
0.170226
0.232207
0.306667
0.398451
0.505496
0.609264
0.669394
0.668748
0.632747
0.633003
0.629056
0.594734
0.608314
0.736619
0.936897
1.294961
1.485150
1.776511
2.037464
2.288920
2.527592
2.694123
2.751439
2.641908
2.847218
3.104363
3.427416
3.706885
3.809524
3.709089
3.412282
3.079557
2.850207
2.963554
3.042732
2.990065
3.131133
3.350516
3.917365
4.561042
5.287001
6.091984
6.975474
7.923191
8.797958
9.285130
9.190784
8.491112
7.555562
7.461764
8.577844
9.888324
11.343464
12.918817
14.545547
15.905536
16.886045
16.301598
14.777730
12.947872
11.157599
9.615572
10.643357
11.692817
12.716320
13.523733
13.246105
12.437169
11.199710
10.002819
9.938135
10.133692
10.986164
12.226359
12.878809
12.729842
12.349615
11.660526
10.801375
11.730901
12.921000
14.182281
14.867167
14.638996
13.693326
12.286407
10.886980
9.647141
8.658626
8.405880
7.801093
7.042410
6.354217
6.419178
6.935434
7.339047
7.326118
6.873269
6.268560
5.862463
5.461029
5.001673
4.691445
5.145937
5.594004
5.987528
6.188714
6.043712
5.685645
5.217618
4.812797
4.600081
4.989547
5.380901
5.734147
6.131466
6.582560
6.952257
7.126795
7.087576
6.772341
6.316146
5.819995
5.372256
5.049923
5.159862
5.491248
5.840684
6.293105
6.993800
8.130236
9.512330
10.275381
10.470425
10.227234
9.783298
9.683171
10.162365
10.675515
11.221036
11.782332
12.347482
12.923495
13.436357
13.757875
13.715277
13.226090
12.607746
12.480483
12.703832
12.651329
12.251142
11.673349
11.073631
10.500469
9.945098
9.418584
8.936893
8.517557
8.448191
8.510469
8.510242
8.557627
8.355202
8.530617
8.927665
8.879787
8.668799
8.547494
8.354447
8.091062
7.736032
7.356801
7.453512
7.848577
8.193992
8.311426
8.154861
7.546236
6.878927
6.131051
5.385010
4.889328
4.503898
4.372481
4.211042
4.051968
3.731094
3.477681
3.557301
3.480062
3.291878
3.122599
2.903419
3.218384
3.631407
4.055613
4.529423
5.036257
5.479165
5.745189
5.604951
5.132537
4.559597
4.033339
3.614904
3.923455
4.458076
5.087615
5.787407
6.579878
7.357383
7.913577
7.928171
7.386650
6.613965
5.872115
5.239844
4.640224
4.079571
3.702423
4.158470
4.547600
4.586763
4.322270
3.935932
3.530319
3.133306
3.152284
3.117087
2.906428
3.046937
3.190612
2.993813
2.645281
2.387449
2.580252
2.931867
3.270049
3.594200
3.906658
3.988858
3.819026
3.644894
3.462866
3.375067
3.429872
3.654422
3.606538
3.671072
4.141507
4.614560
4.870861
4.699988
4.244688
3.757879
3.363896
3.471888
3.331949
3.055304
2.797446
3.030547
3.272792
3.322062
3.146038
2.879928
2.541547
2.233010
1.947348
1.814720
2.087067
2.456412
2.879574
3.311732
3.618236
3.544349
3.183617
2.738985
2.316078
1.937291
1.591458
1.292769
1.320460
1.492197
1.670225
1.856852
2.040889
2.218016
2.393973
2.484226
2.251834
2.044896
2.051014
2.036398
2.068143
2.038606
2.007002
1.692387
1.574486
1.647562
1.769495
1.959533
2.173395
2.399776
2.600158
2.625721
2.721393
2.938234
3.168399
3.391082
3.583909
3.859388
4.110723
4.187154
3.588039
3.102257
3.016745
2.876212
2.899863
3.031013
2.928894
2.639126
2.183320
1.559017
1.417588
1.385361
1.527761
1.721373
1.926521
2.188542
2.446580
2.659007
2.759525
2.936544
3.209443
3.475327
3.508826
3.705779
4.050341
4.403090
4.565625
4.147516
3.593212
3.480524
3.680654
4.034597
4.478717
4.975400
5.494872
6.017988
6.471830
6.593418
6.692519
6.442272
5.286416
5.152503
5.546228
6.074867
6.764310
7.339047
7.209061
4.745285
2.169689
1.617434
1.427043
1.307258
1.178995
1.315853
1.554412
1.648018
1.422186
1.301513
1.027656
1.184343
1.472043
1.674189
1.312714
0.500585
0.273520
0.134101
0.142284
0.228177
0.308988
0.507604
0.665579
0.711682
0.336558
0.240150
0.000000
0.000000
0.000000
0.000000
0.000000
0.000000
0.000000
0.000000
0.000000
