track	type=wiggle_0
fixedStep	chrom=chr	start=1	step=1
0.000000
0.000000
0.000000
0.000000
0.000000
0.000000
0.000000
0.000000
0.000000
0.056072
0.209456
0.295497
0.261344
0.154967
0.084886
0.037792
0.027794
0.172943
0.342176
0.556695
0.820578
1.058465
1.162737
1.009299
0.749596
0.794175
1.007565
0.918453
0.999773
1.065097
1.332334
1.716865
2.179568
2.734307
3.353581
3.856991
3.884515
3.393362
2.773322
2.222776
1.810891
2.005564
2.363913
2.510357
2.353159
2.011734
1.685628
1.342476
1.019893
0.747667
0.543210
0.446611
0.448573
0.462628
0.495328
0.654664
0.842324
1.010137
1.058766
1.061533
1.039185
0.967384
0.800024
0.437484
0.180674
0.049710
0.001810
0.000000
0.000000
0.001678
0.007431
0.006645
0.001040
0.000000
0.000000
0.000000
0.000000
0.000000
0.000000
0.002004
0.078779
0.178176
0.215074
0.223015
0.223585
0.223015
0.216476
0.190416
0.107345
0.021930
0.025448
0.023695
0.038100
0.043961
0.035330
0.018235
0.006039
0.003773
0.012509
0.017186
0.016520
0.015090
0.025878
0.023809
0.012518
0.002209
0.000000
0.000000
0.000019
0.026011
0.107393
0.253859
0.473484
0.777664
1.233805
2.066677
2.469952
2.579639
2.579640
2.493142
2.181972
1.485882
0.965714
0.593634
0.338614
0.189498
0.122763
0.127548
0.222276
0.294623
0.272571
0.170997
0.076270
0.018755
0.000119
0.019136
0.063183
0.157358
0.217923
0.166248
0.083610
0.035327
0.021296
0.009184
0.004419
0.001877
0.000229
0.000000
0.000000
0.000000
0.000000
0.000000
0.000000
0.000000
0.000000
0.000000
0.000000
0.000000
0.000000
0.000000
0.000000
0.006029
0.068693
0.223210
0.522029
0.883952
0.977035
0.913051
0.622723
0.313679
0.135032
0.034516
0.000188
0.000000
0.000000
0.000000
0.000000
0.000000
0.016356
0.053965
0.082099
0.064835
0.023324
0.000530
0.002251
0.035997
0.120426
0.249345
0.385440
0.461972
0.381325
0.240510
0.109308
0.028264
0.000207
0.000000
0.000000
0.000000
0.000000
0.000000
0.000000
0.000000
0.000000
0.000000
0.000000
0.000000
0.000000
0.000000
0.000000
0.000000
0.000000
0.000000
0.000000
0.000000
0.000000
0.000000
0.000000
0.000000
0.000000
0.000000
0.000000
0.000000
0.000000
0.000000
0.000000
0.000000
0.000000
0.003031
0.013136
0.000003
0.000000
0.000000
0.000000
0.000000
0.000000
0.000000
0.000000
0.000000
0.000000
0.000000
0.000000
0.000000
0.000000
0.000000
0.000000
0.000000
0.000000
0.000000
0.000000
0.000000
0.000000
0.000000
0.000000
0.000000
0.000000
0.000000
0.000000
0.000000
0.000000
0.000348
0.000516
0.000569
0.000803
0.001527
0.003479
0.009388
0.063449
0.166102
0.252115
0.228804
0.140231
0.256977
0.415612
0.622428
0.883135
1.196490
1.547331
1.880130
2.132565
2.253441
2.773128
3.407394
4.033909
4.364620
4.539218
4.104270
3.389671
2.668166
2.041227
2.220340
2.612583
3.044222
3.469826
3.849049
4.293496
4.533174
4.463402
4.416995
4.042564
3.512260
3.267286
2.844712
2.400797
2.471772
2.494854
2.329983
2.057032
1.941067
1.707782
2.015719
2.577530
3.070306
3.212360
2.849849
2.391614
2.532662
2.473882
2.212681
1.599295
1.016517
0.786824
0.859399
0.844717
0.675832
0.486323
0.313764
0.324495
0.258305
0.194419
0.252800
0.307980
0.353433
0.363387
0.451243
0.552969
0.644216
0.694095
0.644367
0.561027
0.519488
0.406569
0.267443
0.189046
0.125230
0.075048
0.038919
0.015053
0.028892
0.049148
0.073839
0.119211
0.160383
0.156018
0.111042
0.062255
0.026833
0.028293
0.018461
0.007268
0.000738
0.000236
0.000194
0.000563
0.013225
0.035493
0.050365
0.033724
0.054248
0.087201
0.128797
0.179293
0.236384
0.298778
0.361988
0.409128
0.549476
0.807289
1.024173
1.115126
1.184804
1.313240
1.446726
1.510386
1.485443
1.390979
1.290936
1.202971
1.087862
0.962268
0.866344
0.764748
0.679222
0.637478
0.614707
0.556824
0.457482
0.409292
0.500308
0.599953
0.692062
0.727882
0.705604
0.620370
0.524502
0.532850
0.558850
0.533652
0.567861
0.671505
0.792436
0.902294
0.942335
0.909036
0.797102
0.677759
0.744186
0.788722
0.765373
0.670775
0.638378
0.750730
0.891378
1.047902
1.217683
1.401707
1.603389
1.818324
2.008889
2.079867
2.014298
1.823942
1.616060
1.443696
1.414845
1.380246
1.252723
1.092921
0.934790
1.076253
1.230501
1.145594
1.060261
1.230208
1.337103
1.331292
1.252280
1.575718
1.817886
1.872754
2.173808
2.583158
3.046033
3.552999
4.032063
4.310141
4.451782
4.297925
4.117581
4.031787
4.410970
5.011771
5.825418
6.691183
7.637292
8.638721
9.740335
10.467372
10.539989
9.883444
8.769505
7.743749
7.035442
6.520687
6.981203
8.831408
10.479011
11.401443
12.031404
11.401447
10.473720
8.783021
7.181258
6.387142
6.278473
5.891508
5.336347
4.690299
4.073452
3.509337
3.006097
2.558696
2.164824
1.809165
1.501106
1.252861
1.055485
0.842948
0.847744
1.001063
1.166384
1.328256
1.431388
1.436134
1.364525
1.323853
1.439473
1.632156
1.814092
1.957386
1.969949
1.867244
1.739451
1.610519
1.680037
1.901393
2.137993
2.388570
2.656625
2.935963
3.204724
3.348609
3.317396
3.154041
2.931587
2.684410
2.427547
2.174049
2.150812
2.378807
2.630488
2.831611
2.895178
2.750493
2.502641
2.258945
1.994760
1.744528
1.516750
1.310050
1.119941
0.946600
0.951778
1.022453
0.952975
0.818448
0.662754
0.563724
0.540183
0.453845
0.367296
0.355582
0.486015
0.704439
1.043360
1.491649
2.149956
3.114279
3.580249
3.708117
3.708934
3.608471
3.251602
2.490055
1.911903
1.712421
1.396269
1.040291
1.096976
1.307892
1.688336
2.127497
2.554521
2.864714
3.179930
3.509530
3.691130
4.029130
4.653910
5.388239
6.063051
6.368964
6.021064
5.296725
4.487369
3.740287
3.717786
3.731965
3.450761
3.120583
2.594989
2.070363
1.634474
1.199079
0.967915
0.927960
0.783446
0.633586
0.694652
0.852308
1.034541
1.239669
1.438816
1.583056
1.582931
1.444538
1.289400
1.246878
1.322247
1.322912
1.214854
1.072892
0.908207
0.765200
0.757932
0.898158
1.026013
1.081908
1.035756
0.930201
0.826782
0.726998
0.726801
0.677783
0.596405
0.518640
0.572083
0.670373
0.781763
0.894671
0.973625
0.972262
0.872842
0.751411
0.632461
0.548483
0.475858
0.433589
0.406596
0.425442
0.418441
0.364941
0.429278
0.526099
0.645471
0.781702
0.920081
1.051805
1.176403
1.287243
1.396881
1.427890
1.372489
1.255103
1.115207
0.972477
0.846032
0.761079
0.706146
0.641397
0.672903
0.782439
0.895194
0.969938
0.959253
0.887623
1.085279
1.360585
1.676127
2.031990
2.408904
2.711614
2.723795
2.443304
2.075989
1.712141
1.396297
1.137957
0.941222
0.855971
1.066641
1.151835
1.064528
0.826667
0.963983
1.094645
1.143868
1.126649
1.002933
0.861915
0.757727
0.631559
0.653053
0.809951
0.997611
1.145043
1.195674
1.107975
0.959808
0.833631
0.706534
0.635229
0.664614
0.792791
0.909407
0.908352
0.853718
0.782302
0.746071
0.940504
1.124793
1.344606
1.582027
1.845518
2.153636
2.449045
2.678100
2.655150
2.366670
2.020962
1.687079
1.382806
1.111665
0.956102
0.843732
0.776696
0.737187
0.624689
0.473852
0.373102
0.457896
0.518878
0.568340
0.622558
0.540872
0.418879
0.680857
0.997035
1.308158
1.771546
2.304561
2.274626
1.712680
1.397055
1.121228
0.794409
0.510725
0.301525
0.161053
0.068382
0.014686
0.012756
0.023303
0.038503
0.050850
0.049182
0.031724
0.038619
0.066758
0.108099
0.156038
0.200771
0.210669
0.182026
0.130176
0.084783
0.051852
0.032519
0.026054
0.030704
0.046865
0.076238
0.114062
0.158224
0.203609
0.225177
0.217733
0.180463
0.141574
0.111852
0.080826
0.105830
0.140682
0.168396
0.206576
0.315726
0.415058
0.512834
0.601313
0.659449
0.666548
0.610049
0.535745
0.472214
0.383977
0.283158
0.208243
0.135226
0.099047
0.075718
0.063833
0.084820
0.128079
0.149329
0.142261
0.110264
0.051697
0.014264
0.010758
0.023765
0.037832
0.068896
0.090430
0.085235
0.061535
0.031086
0.045311
0.065823
0.072307
0.075168
0.079615
0.137703
0.254877
0.396288
0.518466
0.588874
0.723430
1.067639
1.235094
1.240153
1.500429
1.857047
2.361500
2.887953
3.141600
3.067671
2.798844
2.600078
3.047786
3.569968
4.177199
4.854887
5.580392
6.340416
7.103384
7.614574
7.574330
7.008529
6.358463
6.064501
5.463992
4.671525
3.894816
3.693348
4.104723
4.520722
4.866212
4.854022
5.153408
5.408944
5.146332
4.624132
4.036139
3.515229
3.001044
2.610526
2.386494
2.372484
2.473545
2.495525
2.722771
2.990284
3.202497
3.266126
3.121247
2.808369
2.478659
2.198171
2.016802
1.934692
1.841371
1.789439
1.657812
1.509013
1.423605
1.358962
1.299785
1.168316
1.059452
0.955224
0.954879
0.950291
0.961308
0.935864
0.834514
0.697654
0.559899
0.466468
0.432712
0.362002
0.320696
0.291545
0.264578
0.341473
0.402352
0.423436
0.645963
0.893799
1.091850
1.086912
0.873863
0.616608
0.534720
0.549588
0.504089
0.426198
0.341897
0.289669
0.293344
0.287164
0.273824
0.261441
0.299498
0.345856
0.407552
0.436652
0.423528
0.427053
0.428178
0.469637
0.481620
0.444396
0.385177
0.327125
0.436866
0.630937
0.990195
1.552855
2.176381
2.711268
3.221904
3.563719
3.887482
4.142177
4.290317
4.302965
4.165012
3.914175
3.573656
3.140388
2.524132
1.882834
1.345886
1.007276
1.202470
1.174223
0.885138
0.496091
0.249813
0.098520
0.020214
0.000000
0.000000
0.000000
0.002140
0.003676
0.029240
0.085050
0.159735
0.217128
0.205149
0.129854
0.099014
0.174436
0.283840
0.402226
0.476821
0.470898
0.380372
0.333244
0.224278
0.110139
0.036716
0.048582
0.086723
0.115236
0.186887
0.271790
0.355407
0.375525
0.319681
0.361040
0.479053
0.553316
0.526679
0.452518
0.350017
0.253823
0.174028
0.135358
0.070018
0.032132
0.023431
0.053243
0.091769
0.102673
0.080366
0.122829
0.199730
0.293161
0.330567
0.292974
0.324217
0.480173
0.746570
1.182756
1.690867
1.911767
1.915417
1.688747
1.689060
2.068597
2.382596
2.323072
1.994830
1.598271
1.260212
1.022120
0.812209
0.598462
0.692667
0.682617
0.579349
0.447877
0.318575
0.473062
0.632014
0.751737
0.680910
0.571177
0.410964
0.196486
0.061138
0.004614
0.000000
0.000000
0.000000
0.000000
0.000000
0.000000
0.000000
0.000000
0.000000
0.000000
0.000000
0.000000
0.000000
0.000000
0.000000
0.000000
0.022222
0.093947
0.135522
0.144858
0.142526
0.137077
0.131518
0.115399
0.064885
0.003165
0.001141
0.000000
0.000000
0.000000
0.000000
0.000000
0.000000
0.000000
0.000000
0.000000
0.000000
0.000000
0.000000
0.000000
0.000000
0.000000
0.000000
0.000000
0.000000
0.000000
0.000000
0.000000
0.000000
0.000000
0.000000
0.000000
0.000000
0.000000
0.016199
0.078303
0.191602
0.352718
0.557642
0.849492
1.199448
1.497474
1.507511
1.226132
0.923323
0.924713
0.846720
0.730368
0.796652
1.092449
1.416815
1.784595
2.183271
2.605046
2.789795
2.635440
2.691679
3.140373
3.278190
3.478483
4.119552
4.593078
3.811124
2.942622
2.335272
1.904753
1.511574
1.680532
1.703227
1.435437
1.117504
0.801046
0.543133
0.366104
0.314955
0.224831
0.216037
0.205987
0.191200
0.184525
0.176630
0.160277
0.125016
0.066263
0.009682
0.009467
0.008681
0.011549
0.010232
0.011560
0.032018
0.067122
0.114292
0.170354
0.232144
0.283561
0.280624
0.248686
0.282248
0.282049
0.257933
0.338202
0.435036
0.549291
0.680893
0.825088
0.968582
1.113075
1.273176
1.440572
1.617555
1.831539
2.069989
2.280255
2.377256
2.272702
2.076008
1.887486
1.893252
2.099880
2.255265
2.323695
2.241890
2.087435
1.996919
2.103983
2.061385
1.928338
1.759526
1.816443
1.839736
1.732096
1.782876
2.228745
2.737022
3.302215
3.882733
4.311563
4.313551
3.882007
3.298487
2.900384
2.687162
2.688631
2.896165
2.997148
3.033156
3.033869
2.907576
2.771152
2.792057
2.937690
3.059582
3.339263
3.690939
4.085243
4.517065
4.962243
5.444311
5.984114
6.581317
7.199613
7.767536
8.053170
7.986231
7.705202
7.625650
7.654234
8.159601
8.687568
9.156763
9.564100
9.830055
9.845385
9.390411
9.736609
10.024515
9.935930
9.443118
8.919506
8.323145
9.124579
10.066415
11.061996
12.018383
12.710830
12.687383
11.932758
10.928361
11.120742
11.384947
11.094202
10.571391
9.905844
10.436244
11.262114
12.134199
12.935820
13.727260
14.196385
14.028378
13.319822
12.408371
11.509884
10.697984
9.923874
9.189095
8.579561
7.979905
8.205351
8.242409
8.103312
8.374925
8.766133
8.904216
9.304507
9.781170
10.193723
10.331694
10.176061
10.147598
10.463630
10.528111
10.295775
10.264802
10.719361
11.217942
11.652276
11.787688
11.551014
11.489259
11.539253
11.297482
10.786207
10.146749
9.482539
8.839751
8.233180
7.677401
7.221901
7.455359
7.541551
7.347942
7.373165
7.675229
7.963007
8.216026
8.225303
8.042758
7.992701
8.009242
7.772991
7.397085
7.176602
7.209488
7.498009
7.701855
7.632447
7.461854
7.531003
7.716939
8.014565
8.193881
8.166496
7.948995
7.613438
7.272856
7.138624
6.978428
6.825611
7.540265
8.291006
8.793615
8.792300
8.326990
7.622672
6.913212
6.246512
5.626283
5.042014
4.506588
4.017392
3.610418
3.474766
3.306134
3.357127
3.770916
4.210333
4.651326
5.079518
5.414019
5.643910
5.525276
5.227062
4.830738
4.619446
4.614862
4.409295
4.327929
4.716292
4.983407
5.004555
4.791206
4.451842
4.171045
4.346305
4.381240
4.407884
4.469280
4.459988
4.238198
3.900537
3.523474
3.166820
2.836819
2.518340
2.216539
1.954328
1.759903
1.711819
1.592258
1.543556
1.779669
2.021445
2.226240
2.311996
2.239263
2.031992
1.822455
1.636202
1.640640
1.943008
2.265982
2.597205
3.094718
3.618554
3.663969
3.240139
2.651857
2.193024
2.356941
2.283889
1.964027
2.042288
2.409883
2.659986
2.555139
2.373614
2.036634
1.869301
1.963855
1.933102
1.974830
2.220266
2.223819
2.124423
2.191125
2.078599
2.276333
2.437275
2.477894
2.443982
2.398364
2.384329
2.369911
2.568130
3.026706
3.065157
2.626296
2.704440
2.523911
2.107891
1.626968
1.196909
1.025639
1.423254
1.610537
1.669418
1.683889
1.676408
1.622696
1.401907
0.874030
0.476078
0.240849
0.116011
0.139878
0.109104
0.064523
0.031095
0.012496
0.000714
0.000000
0.001213
0.009023
0.025144
0.041897
0.047326
0.037926
0.020794
0.006808
0.003175
0.006871
0.019067
0.027499
0.020798
0.010250
0.002455
0.000000
0.000000
0.000000
0.005976
0.022899
0.043449
0.060405
0.085128
0.095049
0.088625
0.069011
0.052448
0.029316
0.012396
0.012823
0.009986
0.010166
0.027523
0.051865
0.109723
0.178739
0.202008
0.207384
0.205820
0.204424
0.202107
0.197983
0.192805
0.187231
0.372864
0.612646
0.920119
1.398119
1.558017
1.396419
0.887229
0.510386
0.259462
0.105954
0.119998
0.089275
0.040810
0.018001
0.010884
0.027172
0.052813
0.084971
0.120997
0.142647
0.146477
0.164530
0.164826
0.134306
0.156604
0.234603
0.344825
0.465444
0.548101
0.542679
0.446532
0.313087
0.269493
0.346324
0.382606
0.345374
0.263062
0.177727
0.119962
0.133567
0.130488
0.099260
0.092216
0.105032
0.098148
0.139074
0.130935
0.174351
0.348645
0.615148
0.757099
0.819813
1.057770
1.267230
1.329130
1.174337
0.943833
0.702209
0.722176
0.865794
1.004338
1.084701
1.056990
0.956286
0.833249
0.708698
0.687441
0.709442
0.730278
0.729583
0.861397
0.988409
1.015194
0.955922
0.834067
0.992138
1.327092
1.473204
1.333054
1.134696
1.281482
1.465817
1.669133
1.893945
2.138977
2.403080
2.672236
2.910691
3.069685
3.078815
3.065780
2.905887
3.170434
3.460048
3.694632
3.816183
3.815291
3.961655
4.143960
4.447000
4.755216
5.028200
5.264367
5.668353
6.161506
6.673353
7.176122
7.708154
8.260217
8.841915
9.396868
9.736531
9.750412
9.464068
8.992632
8.381029
7.744532
7.123994
6.552711
6.065272
6.461453
6.902748
7.411837
7.930424
8.239174
8.328789
8.429682
8.302597
8.338526
8.636866
8.732663
8.502236
8.042605
7.510735
6.977189
6.458188
5.985157
5.572999
5.187150
4.922996
5.016689
4.891825
4.695568
4.408633
4.936085
5.457667
5.827940
6.189884
6.558578
6.920113
7.306345
7.720747
8.137901
8.476095
8.583256
8.491666
8.400091
8.690225
9.037724
9.216566
9.041547
8.649631
8.169314
7.703852
7.275243
6.748005
6.027437
5.119844
4.075380
3.545809
3.325790
3.233540
3.063515
2.948526
3.686956
4.463589
4.807848
4.466592
3.587737
2.831648
2.163228
1.989796
1.925802
2.348805
2.885830
3.394569
3.727988
3.889611
4.017684
4.229575
4.103820
3.656009
3.140455
3.201641
3.472932
3.760860
3.915440
4.025700
4.270412
3.635599
3.738489
4.105326
4.428599
4.591539
4.662737
4.833053
4.981108
4.955198
4.690703
4.350099
3.965999
3.720762
3.909206
4.053884
4.388957
4.736413
4.917834
4.876983
4.697687
4.353913
4.259457
4.288976
4.131272
3.768314
3.562970
3.964814
4.172844
4.110089
4.235770
4.095776
3.739653
3.393139
3.127029
2.939334
3.111450
3.105638
2.931210
3.239713
3.853060
4.496179
4.959644
5.065765
4.884068
4.664191
4.536691
4.910226
5.434023
6.279003
7.321955
8.515723
9.847425
11.340079
12.966740
14.491891
15.232569
14.471045
13.085818
11.496836
9.984062
8.619428
7.418935
6.395647
5.548773
4.860739
4.237341
4.251772
4.845214
5.401012
5.819624
6.013413
6.236668
6.381201
6.421059
6.012106
5.393624
4.722699
4.073854
4.240266
4.744515
5.139952
5.250978
4.947359
4.471162
4.019918
3.535300
3.131615
2.741004
2.347502
1.998895
1.747683
1.619806
1.712115
1.642260
1.422393
1.179792
1.056124
1.024289
1.132861
1.295628
1.470320
1.612419
1.675093
1.674333
1.913586
2.272516
2.592115
2.632141
2.527971
2.305619
2.054663
1.835433
1.874742
2.033805
2.274008
2.500661
2.660867
2.716937
2.751269
2.935381
3.055332
3.006979
2.835477
2.829953
3.018250
3.212124
3.490487
3.807560
4.116404
4.324404
4.549212
4.865177
5.056059
5.032585
4.768081
4.415808
4.107630
4.307866
4.474799
4.432123
4.349702
4.404387
4.237015
3.991501
3.766870
3.765577
3.794141
3.635488
3.382103
3.083560
2.774285
2.506938
2.336040
2.262839
2.197846
2.110515
1.995214
2.294171
2.662369
2.953886
3.190000
3.265831
3.183003
3.183251
3.213596
3.173458
2.918132
2.786271
2.637013
2.382460
2.565249
2.632563
2.761587
3.041024
3.142893
3.200189
3.653322
4.165153
4.690309
5.324378
6.008971
6.733267
7.357151
7.672505
7.549023
8.364051
9.222132
9.665125
9.261206
8.395175
7.633991
8.385125
9.337689
10.309121
11.122233
11.371533
10.915313
10.013052
8.982491
8.007774
7.105996
6.279835
6.542390
6.644828
6.106716
5.324861
5.388664
5.689318
5.491329
4.874542
4.296549
4.014322
4.557728
4.698475
4.287122
3.751457
4.566560
4.998273
5.120401
4.991529
4.539450
3.515092
2.683554
2.043108
1.736299
2.026270
2.205082
2.243906
2.104733
1.876055
1.654921
1.382846
1.139372
0.927529
0.982588
1.184111
1.252908
1.273036
1.110823
1.042073
1.374151
1.732558
2.134737
2.447020
2.694116
2.902304
3.086811
3.172395
3.111052
2.909531
2.764828
2.841599
2.820224
2.723908
2.741897
2.930747
3.176355
3.437120
3.686326
3.872486
3.992812
4.261984
4.597459
4.933714
5.235882
5.545812
5.840773
6.165330
6.477063
6.701097
6.710367
6.468104
6.125878
5.766001
5.419109
5.070119
4.728435
4.407714
4.123497
4.124401
4.184147
4.100986
3.868012
3.591638
3.324655
3.395919
3.386403
3.259264
3.463113
3.503507
3.400259
3.525719
3.625440
3.636928
3.521761
3.548596
3.865504
4.204980
4.423199
4.211962
3.981444
3.534376
3.201445
2.864430
2.719060
2.585259
2.373036
2.253229
2.222379
2.153415
2.193696
2.211227
2.164443
2.118743
1.993595
2.308753
2.612255
2.862323
2.885334
3.038292
3.350798
3.622363
3.684439
3.674365
3.987375
4.484122
5.073755
5.764710
6.535624
7.373950
8.308384
9.220950
9.859550
9.873935
9.264079
8.388658
7.598909
7.056482
6.618245
6.080429
6.296004
6.942283
7.479159
7.598403
7.294371
6.799808
6.255853
5.708577
5.338538
5.243729
5.286443
5.578162
5.726614
5.550563
5.068702
4.902362
5.316417
5.785836
6.304635
6.853436
7.349804
7.573485
7.538656
7.350883
7.035325
6.560928
6.028548
5.517623
5.073449
4.680007
4.389790
4.913676
5.134956
4.954049
4.435916
4.308671
4.211156
3.944836
3.802803
3.549597
3.254625
3.544209
3.752970
3.749552
3.539695
3.165360
2.824827
2.635714
2.762559
2.977841
3.236740
3.523145
3.812450
4.118246
4.436766
4.730337
4.843161
4.591056
3.839482
3.125307
2.890716
2.662313
2.169885
2.399848
2.644855
2.769119
2.762106
2.645468
2.871019
3.045254
2.989773
2.719490
2.214454
1.735286
1.623254
1.693389
1.787870
1.808970
2.023254
2.167916
2.194813
2.165528
2.030007
1.842503
2.129860
2.422030
2.694681
2.823414
2.514664
2.233115
1.985095
1.772503
1.520174
1.474627
1.660447
1.888684
2.001993
2.107628
2.374552
2.719396
3.079798
3.345906
3.445749
3.790416
4.139438
4.153090
4.361103
4.631102
5.081501
5.639937
6.237645
6.610927
6.827502
7.011997
7.334111
8.051707
8.777746
9.438663
9.396873
6.713603
4.537298
4.250196
4.021351
4.154934
4.683782
5.455106
5.595781
5.555768
6.260648
6.514314
6.107869
4.439937
3.047890
2.875940
3.293117
3.867867
3.987290
2.671525
2.544583
0.000000
0.000000
0.000000
0.000000
0.000000
0.000000
0.000000
0.000000
0.000000
