track	type=wiggle_0
fixedStep	chrom=chr	start=1	step=1
0.000000
0.000000
0.000000
0.000000
0.000000
0.000000
0.000000
0.000000
0.000000
0.182906
0.262900
0.116111
0.040404
0.046718
0.246006
0.371883
0.348311
0.245897
0.362836
0.770352
1.001603
1.068325
1.082051
1.082051
1.082051
1.077911
1.059667
0.983565
0.735234
0.578333
0.394899
0.244305
0.169735
0.231458
0.330492
0.418401
0.444140
0.626680
0.817954
0.904060
0.776318
0.557964
0.609441
0.789972
0.562966
0.308532
0.183724
0.179716
0.154385
0.134400
0.189807
0.294825
0.356140
0.329629
0.272819
0.194551
0.142472
0.194179
0.282806
0.366926
0.406799
0.532671
0.729722
0.957526
1.084111
0.958473
0.726381
0.519767
0.358172
0.275489
0.230974
0.304621
0.408002
0.647884
0.781606
0.871764
0.946467
0.851502
0.756053
0.617957
0.373448
0.245404
0.140940
0.155777
0.173528
0.133558
0.075212
0.206517
0.393873
0.544301
0.604037
0.573659
0.499075
0.415225
0.358690
0.446349
0.517542
0.550472
0.609877
0.763725
0.805795
0.812054
0.805795
0.776895
0.674517
0.676903
0.630452
0.546088
0.517079
0.602946
0.722498
0.857464
0.984481
1.085419
1.139175
1.092367
1.003585
0.888727
0.823696
0.806140
0.766877
0.880440
1.013103
1.112255
1.159308
1.105244
1.022462
0.918098
0.796893
0.691914
0.569820
0.717834
0.908776
1.130538
1.381580
1.662125
1.947970
2.156284
2.190431
2.025816
1.779530
1.525082
1.277813
1.071628
0.915235
1.014084
1.279590
1.565875
1.818166
1.969660
2.009572
2.379550
2.833405
3.338037
3.744374
3.932778
3.657744
3.211191
2.939330
3.547434
4.285516
5.112911
5.852834
6.183350
5.833299
5.089583
4.269595
3.557216
3.011566
2.721486
2.360171
1.955844
1.565361
1.218205
0.934640
0.727730
0.648025
0.520299
0.371606
0.247853
0.256359
0.378306
0.508896
0.613807
0.688040
0.639437
0.549462
0.428591
0.484290
0.593470
0.720774
0.863276
1.006943
1.101227
1.127742
1.053413
0.916292
0.776553
0.644156
0.533457
0.459623
0.380697
0.315839
0.374032
0.451531
0.508357
0.555005
0.557400
0.639244
0.684517
0.667969
0.589508
0.538604
0.654670
0.751285
0.763147
0.689835
0.611096
0.576352
0.659470
0.691241
0.657236
0.569360
0.481547
0.406216
0.353608
0.367396
0.380908
0.412972
0.478252
0.564733
0.663735
0.772972
0.883912
0.985936
1.027999
1.010004
0.997771
0.938055
0.867159
0.770130
0.682372
0.615275
0.529188
0.459244
0.505760
0.500388
0.464404
0.454359
0.405099
0.334911
0.273001
0.236291
0.349090
0.535743
0.608921
0.624523
0.607354
0.527739
0.325638
0.303240
0.289124
0.281129
0.235871
0.260995
0.364576
0.495961
0.657488
0.828286
0.944121
0.943425
0.827656
0.756980
0.782802
0.744749
0.723901
0.646594
0.551815
0.489129
0.480025
0.453689
0.431088
0.505712
0.587848
0.663670
0.705918
0.756180
0.814776
0.823061
0.775473
0.687472
0.588496
0.497817
0.556421
0.710989
0.868562
1.014637
1.057430
1.019188
1.042429
0.946285
1.285953
1.692404
1.940479
1.936287
1.674120
1.587186
1.707107
1.834192
1.903411
1.744057
1.501765
1.249572
1.034277
0.859463
0.837650
0.810649
0.719258
0.639892
0.778430
0.838755
0.797970
0.643035
0.577978
0.679711
0.738621
0.733096
0.759520
0.875559
0.977142
1.026230
1.034638
1.331666
1.471085
1.376371
1.573699
1.802469
2.039921
2.296005
2.554711
2.756938
2.829005
2.698184
2.435558
2.161412
2.092975
2.096173
1.973948
1.746153
1.509255
1.288820
1.277963
1.570913
1.568090
1.274664
1.200236
1.446474
1.713949
1.966356
2.135530
2.113312
2.213040
2.560315
2.961281
3.398038
3.906498
4.472643
5.040851
5.417217
5.416701
5.041580
4.476134
3.909894
3.396104
2.934242
2.514957
2.139628
1.809478
1.512044
1.245217
1.009039
0.802729
0.624573
0.473350
0.345601
0.239288
0.154205
0.088844
0.042410
0.013412
0.000850
0.000000
0.000000
0.000000
0.000873
0.022079
0.063440
0.082264
0.085181
0.084169
0.083135
0.081197
0.074578
0.053263
0.017845
0.000000
0.000000
0.000000
0.000000
0.000000
0.000000
0.000000
0.000000
0.000000
0.000000
0.000000
0.000000
0.000000
0.000000
0.000000
0.000000
0.000000
0.000000
0.000000
0.000000
0.000000
0.000000
0.000000
0.000000
0.000000
0.000000
0.000000
0.000000
0.000000
0.000000
0.000000
0.000000
0.000000
0.000000
0.000000
0.000000
0.000000
0.000000
0.000000
0.000000
0.000000
0.000000
0.000000
0.000000
0.000000
0.000000
0.000000
0.000000
0.000000
0.023153
0.087569
0.143773
0.138468
0.073040
0.015824
0.000000
0.000000
0.000000
0.000009
0.014495
0.065099
0.156319
0.292226
0.480556
0.729551
1.071407
1.507807
2.021741
2.484613
2.764446
2.688153
2.292418
1.823720
1.452974
1.097449
0.782204
0.524341
0.325131
0.178666
0.078935
0.021089
0.000342
0.000000
0.000000
0.000000
0.000000
0.000000
0.000000
0.000000
0.000000
0.000000
0.000000
0.000000
0.000000
0.000000
0.000000
0.000000
0.000000
0.000000
0.000000
0.000000
0.000000
0.000000
0.000000
0.000000
0.000000
0.000000
0.000000
0.000000
0.006159
0.028550
0.028550
0.006516
0.000000
0.000000
0.000000
0.000000
0.000000
0.000000
0.000000
0.000000
0.000000
0.000000
0.000000
0.000326
0.006949
0.017483
0.018847
0.010109
0.001357
0.000000
0.000000
0.000000
0.000000
0.000000
0.000000
0.000000
0.000000
0.000000
0.000000
0.000000
0.001370
0.003140
0.019906
0.053042
0.102012
0.166054
0.252269
0.360236
0.487603
0.623269
0.731869
0.941598
1.254802
1.562727
1.752660
1.673315
1.386178
1.093380
1.094898
1.319111
1.626735
1.944389
2.255578
2.381478
2.341310
2.107728
1.794429
1.601289
1.763217
1.806611
1.810007
1.785293
1.945194
2.511353
3.191825
3.953943
4.799046
5.701027
7.186005
8.032278
7.175991
5.633798
4.588239
3.738739
3.134773
3.011033
2.938326
3.323156
3.785725
4.311706
4.634098
4.525097
4.019236
3.413201
2.838885
2.636951
3.087741
3.099847
2.847885
2.564846
2.108740
1.662936
1.295293
0.924600
0.690204
0.857031
1.048743
1.266499
1.486429
1.680212
1.819810
1.920514
1.810827
1.586002
1.366204
1.169059
1.011554
0.848956
0.691004
0.553071
0.433920
0.336148
0.308423
0.258870
0.191056
0.128003
0.080108
0.043486
0.016984
0.002674
0.000053
0.000640
0.003593
0.012700
0.021868
0.039054
0.063563
0.091168
0.102441
0.090569
0.059779
0.030375
0.037959
0.045833
0.038612
0.031775
0.031845
0.022263
0.010140
0.005060
0.013900
0.037782
0.060579
0.070998
0.075602
0.078748
0.084640
0.154721
0.321097
0.557038
0.871014
1.259923
1.663405
1.648396
1.207503
0.805762
0.505060
0.283458
0.133130
0.042581
0.003703
0.000361
0.005566
0.012917
0.019831
0.025284
0.034337
0.043631
0.043742
0.032611
0.017710
0.006646
0.000144
0.000660
0.001655
0.000237
0.000000
0.000000
0.006415
0.014652
0.009261
0.000426
0.000000
0.000009
0.006443
0.025054
0.057744
0.107521
0.175490
0.260183
0.361446
0.469263
0.567691
0.660508
0.676467
0.601445
0.496618
0.391419
0.295510
0.213187
0.145507
0.100000
0.124226
0.128179
0.100217
0.097940
0.127894
0.130360
0.202791
0.307233
0.429211
0.501054
0.523311
0.499558
0.623404
0.797304
1.003040
1.134612
1.115035
0.965730
0.795940
0.607682
0.530249
0.555141
0.492140
0.491466
0.727357
0.985251
1.135263
1.069665
1.327229
1.776242
2.363022
2.912363
2.897573
2.346551
1.900207
1.716934
1.456133
1.637866
2.011524
1.948093
1.411343
1.029358
0.863040
0.851291
0.774371
0.680504
0.582025
0.484483
0.478608
0.548175
0.667364
0.795916
0.957109
1.128005
1.278643
1.357845
1.345258
1.243407
1.111142
1.213340
1.403509
1.581838
1.710266
1.729750
1.646909
1.466585
1.434972
1.558167
1.663798
1.766031
1.941006
2.100914
2.277253
2.380343
2.538514
2.788948
3.069674
3.310643
3.420173
3.443426
3.709300
4.026924
4.233345
4.209733
3.970569
3.619570
3.264132
2.939221
2.662482
2.455223
2.286556
2.252111
2.441645
2.552516
2.508894
2.397714
2.551927
2.759686
2.980716
3.171708
3.370660
3.608513
3.845306
4.076011
4.226358
4.189898
4.005694
4.163895
5.003282
5.971706
7.067471
8.192583
9.108521
9.237558
8.634538
7.580805
6.466451
5.642382
6.502092
7.359094
8.093661
8.218354
7.739337
6.894876
5.976679
5.142319
4.441614
4.637340
5.119135
5.535193
5.614429
5.340317
4.948704
4.425823
3.870952
3.741904
4.081797
4.240572
4.374550
4.371099
4.221237
3.976894
3.683569
3.630516
3.992057
4.386804
4.795981
5.229570
5.708320
6.220649
6.758157
7.307290
7.871408
8.344707
8.685682
8.562107
8.191351
7.655208
7.050993
6.469986
5.935874
5.445363
4.981583
4.586596
4.824539
5.208503
5.500177
5.520200
5.256668
5.114306
4.806051
4.452812
4.093584
3.762738
3.613448
3.908779
4.272158
4.630713
4.903933
4.972330
4.843401
4.627623
4.397532
4.093087
4.372589
4.653075
4.908406
5.028318
4.969483
4.752975
4.477211
4.174701
3.839828
3.500316
3.402180
3.623349
3.807216
3.856138
3.717870
3.463528
3.187072
3.061846
3.330161
3.359766
3.136888
3.213306
3.424638
3.663041
3.896147
4.086451
4.150381
4.346709
4.544022
4.600646
4.697871
4.667582
4.951758
5.254283
5.518183
5.653406
5.788773
5.753820
5.548889
5.054464
4.378231
3.874141
3.610842
3.628995
3.871585
4.084375
4.268749
4.321589
4.241160
4.028372
4.252443
4.429735
4.623356
4.755620
4.717730
4.541277
4.296362
4.058739
3.855681
3.685575
3.643940
3.949005
4.247261
4.518486
4.663852
4.714756
4.771930
5.019994
5.166931
5.070330
4.778331
4.490409
4.463250
4.316827
4.222168
4.063615
3.813735
3.808892
3.935733
3.933917
3.784285
3.593942
3.329055
3.051080
2.841481
2.671109
2.431842
2.182515
1.947447
1.726909
1.521452
1.339229
1.292791
1.334518
1.300485
1.178584
1.042062
0.893501
0.744536
0.615041
0.502772
0.403534
0.317375
0.239072
0.170956
0.120226
0.158924
0.227629
0.300624
0.367512
0.397100
0.381085
0.356227
0.328517
0.291133
0.233430
0.223906
0.188834
0.141244
0.093546
0.055666
0.028450
0.036938
0.102623
0.190389
0.250673
0.245484
0.281660
0.500346
0.794409
1.142740
1.476068
1.582966
1.395812
1.281934
1.253965
1.555144
1.981464
2.481327
3.051378
3.650199
4.112056
4.279127
3.917897
3.363655
2.905605
2.414299
1.937344
1.573402
1.699025
1.609324
1.332971
1.061721
0.867196
0.725970
0.681767
0.503440
0.307320
0.267594
0.282148
0.286774
0.293066
0.292723
0.260576
0.147669
0.033452
0.000087
0.000000
0.001667
0.009148
0.015890
0.013585
0.003053
0.000050
0.006026
0.035586
0.067286
0.098644
0.155886
0.225318
0.305655
0.377514
0.423777
0.397089
0.330135
0.247916
0.172662
0.112106
0.089175
0.081400
0.056458
0.032293
0.013100
0.003843
0.011817
0.012143
0.003916
0.009903
0.030069
0.064601
0.107385
0.134294
0.132964
0.103807
0.070730
0.057734
0.041431
0.041174
0.029873
0.015439
0.005968
0.058610
0.171151
0.350669
0.606415
0.950404
1.440792
2.149580
2.698671
2.693701
2.145854
1.460370
1.062160
1.150963
1.502926
1.920251
2.409116
2.975164
3.570440
4.043004
4.206791
4.008611
3.531587
2.941466
2.665633
3.264938
4.034091
4.883471
5.633906
5.914490
5.361632
4.495948
3.645257
2.888477
2.258907
1.730140
1.294388
0.949196
0.952916
1.184795
1.381309
1.463551
1.511074
1.380070
1.174465
1.203238
1.435450
1.690443
1.785048
1.691537
1.451519
1.442577
1.646500
1.865481
2.108226
2.377970
2.666116
2.976395
3.310352
3.646954
3.964988
4.100054
3.989502
3.730707
3.431965
3.082581
2.763744
2.895755
2.908795
2.501563
1.939035
1.568509
1.530745
1.467149
1.459905
1.419832
1.430642
1.605583
1.803949
2.039779
2.312344
2.623605
2.945188
3.251258
3.556093
3.859804
4.167352
4.507146
4.892221
5.315701
5.749159
6.106711
6.284338
6.262479
5.996647
5.626830
5.237965
4.874594
4.512055
4.185347
3.904654
3.626828
3.350399
3.075484
2.878748
2.719213
2.815953
2.593812
2.470128
2.653356
3.237427
3.687760
3.640846
4.025373
4.503479
4.781141
4.416601
3.726942
3.024388
2.502889
2.324998
2.072920
1.788680
1.557731
1.730939
1.977384
2.230649
2.474375
2.553777
2.455944
2.488969
2.643622
2.613560
2.497904
2.540165
2.638362
2.909070
3.245499
3.573351
3.852373
4.299844
4.739521
5.022026
4.921547
4.518538
4.034305
3.566293
3.204798
2.953454
2.880063
3.166846
3.584819
4.061943
4.420711
4.410784
4.016263
3.480978
2.977857
2.542428
2.160379
1.906620
2.323128
2.338854
1.936139
1.484802
1.120446
1.012966
0.929367
0.997123
1.181335
1.203370
1.053218
0.790709
0.778802
0.999582
1.421429
1.967946
2.503025
2.505892
1.969866
1.404158
0.953256
0.604870
0.389127
0.475289
0.538952
0.634859
0.759719
0.889898
0.984024
1.024406
1.108754
1.160208
1.107829
0.991177
0.844783
0.701573
0.569753
0.454081
0.468054
0.491932
0.491614
0.427423
0.461878
0.508812
0.508363
0.448347
0.359783
0.329994
0.379021
0.377866
0.342939
0.279763
0.257536
0.330877
0.381099
0.438785
0.455102
0.406006
0.329922
0.263180
0.213043
0.178804
0.141362
0.111733
0.079550
0.101347
0.105576
0.105526
0.114566
0.135579
0.126739
0.083474
0.097907
0.111538
0.106025
0.180151
0.286570
0.422350
0.580479
0.712350
0.737239
0.619624
0.463171
0.367599
0.487741
0.553193
0.537088
0.423747
0.296161
0.176117
0.099296
0.137899
0.181825
0.180941
0.139246
0.079155
0.031596
0.053867
0.150289
0.304557
0.519405
0.790838
1.158809
1.634876
2.219903
2.863286
3.432203
3.428316
2.861419
2.214072
1.624823
1.147826
0.772792
0.490659
0.307825
0.411241
0.610321
0.833129
1.010396
1.010382
0.828008
0.595651
0.396128
0.295519
0.369295
0.355448
0.331933
0.446468
0.550296
0.736141
0.963045
1.189074
1.313442
1.177975
0.954167
0.725143
0.547202
0.686581
0.897376
1.128632
1.242575
1.202214
1.039761
0.844327
0.666864
0.493018
0.565800
0.718514
0.851192
0.856982
0.745708
0.586255
0.488575
0.391077
0.462601
0.597627
0.752877
0.905213
1.021298
1.021841
1.055414
1.122333
1.125935
1.090528
1.422406
1.752510
1.901938
1.944630
1.959742
1.947081
1.892671
1.710751
1.299416
0.941591
1.092797
1.448999
1.778472
1.826362
1.675848
1.386583
1.008643
0.972620
1.385920
1.867776
2.235277
2.024237
2.283648
2.240653
1.916592
1.527882
1.183645
1.455749
1.942875
2.420976
2.827881
3.038737
2.774749
2.276470
1.756213
1.960115
2.706852
3.319770
2.725656
2.033420
1.488734
1.023859
0.656401
0.383078
0.269343
0.220232
0.162239
0.092842
0.026121
0.005503
0.008841
0.008519
0.007138
0.003263
0.007025
0.025202
0.049852
0.051040
0.029404
0.040544
0.041723
0.026366
0.009247
0.024420
0.044884
0.066736
0.075153
0.059256
0.035000
0.033448
0.026457
0.010021
0.002579
0.053565
0.178893
0.399463
0.741989
1.099369
1.226989
1.133784
0.861085
1.041382
1.379734
1.684432
2.392855
3.119009
3.430192
3.414915
3.071089
2.315192
1.547472
1.072436
0.734173
0.454424
0.246117
0.359050
0.551377
0.795621
1.090433
1.381297
1.541760
1.494056
1.224786
0.956594
0.844261
0.678709
0.512002
0.677062
1.012369
1.479664
2.083384
2.963819
3.847682
4.211958
4.309879
4.338849
4.360342
4.377973
4.343499
4.004198
3.213905
2.489336
2.333598
2.565016
2.402015
1.985529
1.508425
1.117075
0.845210
0.849341
0.862740
0.736832
0.883724
1.155847
1.323270
1.326289
1.177281
0.948095
0.698800
0.498069
0.482844
0.461150
0.371156
0.308634
0.244066
0.303578
0.419749
0.654170
1.005982
1.326736
1.286497
0.981062
0.880802
1.046037
1.080874
0.993087
0.881669
0.833765
0.962506
1.100902
1.181336
1.157125
1.100525
1.255282
1.415224
1.593115
1.798772
2.022585
2.220968
2.291677
2.209738
1.990289
1.741106
1.516501
1.559374
1.681841
1.762144
1.898553
2.104784
2.348245
2.601781
2.877162
3.176904
3.482119
3.679486
3.708436
3.548154
3.251898
2.930485
2.617187
2.376557
2.540424
2.550618
2.428263
2.210487
1.943245
1.711106
1.636457
1.747478
1.941524
2.122867
2.279353
2.311012
2.233462
2.069502
2.111528
2.023375
1.939652
1.784361
1.820313
1.911816
2.206117
2.430281
2.546938
2.635401
2.554067
2.388281
2.348700
2.457184
2.482288
2.403579
3.084789
3.816438
4.756977
6.045550
7.866325
8.895274
9.184537
8.900632
7.869661
6.056223
4.774112
3.890023
4.211532
4.481349
4.341475
3.917685
3.434848
3.129081
3.225433
3.368001
3.710434
4.298234
4.973955
5.568223
5.815266
5.604202
5.183030
5.266665
5.361688
5.176536
4.658991
4.099082
3.504129
2.946748
3.891089
4.220561
3.812789
2.806796
2.846809
3.138366
3.441726
3.731395
3.950391
3.991124
3.785953
3.438215
3.087017
2.813745
2.754922
2.774982
2.622659
2.401133
2.472060
2.609077
2.613978
2.681805
2.761280
2.671905
2.490853
2.235908
1.989704
2.047163
2.089127
2.279833
2.520836
2.623255
2.560255
2.315567
2.057871
1.923223
1.929543
2.107520
2.365324
2.604208
2.821054
2.961542
3.352228
3.536091
3.555838
3.463780
3.187259
2.893124
2.897841
2.878730
3.048834
3.077106
2.923157
2.706107
2.467782
2.264134
2.177867
2.039537
2.059994
2.052305
2.276620
2.466964
2.590100
2.560110
2.780834
2.823783
2.687814
2.492584
2.448143
2.348988
2.144458
2.326988
2.477099
2.968486
3.623223
4.383991
5.242614
6.205704
7.229312
7.961626
7.945375
7.219831
6.216674
5.294083
4.603084
4.337456
3.958006
3.466718
2.973921
3.005462
3.469874
3.975190
4.238647
3.958226
3.553210
3.045873
2.773577
3.309485
3.764738
4.115297
4.596767
5.278185
5.871854
6.132658
5.808205
5.187786
4.527032
3.974960
3.757457
3.464873
3.318001
3.322868
3.203523
3.014603
2.919326
2.758825
2.649013
2.568403
2.422590
2.353676
2.394025
2.377895
2.364408
2.213501
2.364414
2.493536
2.586920
2.587410
2.499301
2.735883
3.008461
3.288406
3.462898
3.437450
3.218761
2.826479
2.499201
2.671871
2.773469
2.859513
2.776002
2.807077
3.050334
3.335437
3.600988
3.741850
3.714721
3.523026
3.223607
3.375463
3.688590
3.933432
3.964229
3.775235
3.574422
3.563959
3.872178
4.368816
4.755376
4.834957
5.177272
5.570052
5.750443
5.621917
5.298213
4.919512
4.540174
4.217885
4.038833
3.801311
3.535307
3.934043
4.398623
4.853735
5.186749
5.274394
5.010006
4.646900
4.191474
3.838691
3.769683
3.892329
3.829532
3.684350
3.450011
3.241739
3.014593
2.996780
2.942866
2.902665
2.901225
2.798544
2.643766
2.814394
3.263962
3.759118
4.249136
4.642373
4.767306
4.715114
4.707714
4.412426
4.806400
5.643215
6.826631
8.448916
10.572122
11.881250
12.356615
12.378838
13.433853
13.880244
13.412243
12.228497
10.903341
9.620394
8.364473
7.193551
6.598262
6.049982
5.775054
5.263462
4.745353
4.724172
4.889889
4.723981
4.329883
3.834520
3.662934
3.409190
3.058624
2.809195
2.403865
2.093615
1.985592
1.750054
1.546947
1.512224
1.480521
1.484761
1.552737
1.520400
1.363515
1.385592
1.607592
1.809672
1.874226
2.009550
2.278605
2.596669
2.951979
3.311181
3.692535
4.054942
4.156739
4.024214
3.670118
3.285594
2.875846
2.503928
2.152599
1.832303
1.579591
1.987599
2.314512
2.657813
2.941415
3.045932
3.307545
3.572154
3.711848
3.752868
3.780579
4.195304
4.613102
4.830936
5.126215
5.369500
5.673614
5.806109
5.716439
5.422182
5.301743
5.209021
5.401871
5.451174
5.439831
5.728590
5.860990
5.695628
5.355897
5.092975
4.877944
4.730538
4.436454
4.109151
3.982854
4.112996
4.100881
4.105905
4.121671
4.204721
4.343575
4.325040
4.156124
4.225146
4.460368
4.780929
5.090884
5.423393
5.752102
5.924626
5.813053
5.590689
5.577491
5.901290
6.086476
6.049929
5.817138
5.498028
5.183616
4.970483
5.146845
5.118241
4.871994
4.637931
5.022659
5.260930
5.168453
5.012495
5.543627
6.131180
6.746771
7.314342
7.749142
7.813854
7.404810
6.860275
6.303634
5.830338
5.579552
5.349091
4.982265
4.666240
4.772951
4.678032
4.880571
4.923069
4.741790
4.484767
4.599686
4.807136
5.086504
5.075863
4.820732
4.512093
4.663756
4.815020
4.837325
4.689785
4.937185
5.153663
5.128429
4.853180
4.447526
4.439091
4.774359
4.901945
4.874091
5.133396
5.269320
5.635727
6.178073
6.793365
7.439243
8.025346
8.224298
7.994800
7.359171
6.666910
6.021052
5.422415
4.894289
4.538404
4.548342
4.347198
4.292994
4.708737
5.237230
5.691520
5.970203
5.885339
5.549488
5.141676
4.694525
4.263092
3.858303
3.470397
3.094650
2.743192
2.429000
2.433905
2.336417
2.345257
2.543273
2.691007
2.845387
3.010917
3.039999
2.909112
2.644068
2.421921
2.625350
2.750585
2.706487
2.538163
2.364172
2.592532
2.712821
2.788872
2.837335
2.717299
2.476413
2.217395
2.182099
2.384526
2.630159
2.896680
3.118520
3.181135
2.863456
2.676030
2.755028
2.857275
3.016609
3.102823
3.267094
3.376890
3.127194
2.651734
2.113974
1.948186
1.929310
1.709653
1.175840
0.987418
0.870236
0.724616
0.736415
0.768288
0.875540
1.028723
1.154388
1.121663
1.154235
1.147618
0.892687
0.849617
0.885335
0.868053
0.974470
1.111345
1.234966
1.324487
1.293271
1.334310
1.265889
1.118558
1.142735
1.212411
1.148924
0.866479
0.909306
1.072572
1.270924
1.435757
1.544382
1.754264
1.997399
2.205724
2.138982
2.233186
2.472220
2.756445
2.967488
2.778138
2.417198
2.824506
3.564652
4.243104
4.512009
4.910935
4.685710
4.180445
3.409441
2.679574
2.231171
1.828803
1.730949
1.462989
0.636871
0.462264
0.451676
0.394392
0.291137
0.181260
0.095762
0.032993
0.001412
0.000000
0.000000
0.000000
0.000000
0.000000
0.000000
0.000000
0.000000
0.001621
0.041444
0.062255
0.043627
0.003429
0.000000
0.000000
0.674517
0.368098
0.173278
0.071042
0.032532
0.140947
0.319064
0.000000
0.000000
0.000000
0.000000
0.000000
0.000000
0.000000
0.000000
0.000000
