track	type=wiggle_0
fixedStep	chrom=chr	start=1	step=1
0.000000
0.000000
0.000000
0.000000
0.000000
0.000000
0.000000
0.000000
0.000000
0.000000
0.000000
0.000000
0.000000
0.017448
0.290325
0.693394
1.083841
1.231534
1.093159
0.833343
0.834258
1.047367
0.776375
0.643015
1.040728
1.470484
1.972729
2.471753
3.048794
3.677004
4.159277
4.155606
3.668420
3.071708
2.531476
2.084513
2.384101
2.622776
2.737061
2.567749
2.225620
1.831673
1.469180
1.156665
0.891831
0.669243
0.488337
0.355351
0.403538
0.447197
0.391546
0.303129
0.459264
0.799587
0.930652
0.959990
0.930652
0.796989
0.448854
0.193604
0.059776
0.005810
0.000000
0.000000
0.000000
0.000000
0.000000
0.000000
0.000000
0.000000
0.007087
0.025960
0.055472
0.092181
0.118819
0.125207
0.339171
0.640407
1.011850
1.489535
1.797010
2.072284
2.312788
2.551344
2.752831
2.838346
2.784909
2.909569
2.918188
2.787897
2.565869
2.325184
2.092502
1.876863
1.673341
1.480920
1.668631
1.886605
2.071782
2.146677
2.083940
1.937838
1.986374
1.950093
2.070819
2.090279
2.001461
2.065747
2.377922
2.722296
3.098100
3.510389
3.962890
4.455923
4.976761
5.448658
5.647745
5.448663
4.983855
4.509119
4.049999
3.686350
3.607543
4.119770
4.640500
4.637146
4.090854
3.375613
2.729988
2.144249
1.651644
1.380050
1.407452
1.376315
1.335195
1.478292
1.557959
1.649434
1.627023
1.693618
1.606041
1.445812
1.283802
1.186298
1.229558
1.163264
1.044422
0.969039
0.870797
0.766991
0.653213
0.548656
0.469983
0.441748
0.443481
0.448467
0.420280
0.351236
0.395014
0.785416
1.279786
1.430524
1.330720
0.907664
0.557609
0.309654
0.141618
0.082619
0.104986
0.111493
0.130400
0.153701
0.156239
0.159248
0.135061
0.098719
0.076648
0.046515
0.031603
0.060836
0.097580
0.136871
0.171313
0.199192
0.245454
0.303273
0.366533
0.420421
0.448752
0.482124
0.478337
0.431853
0.362185
0.293805
0.246475
0.372783
0.457995
0.535937
0.567249
0.536403
0.466907
0.387971
0.304367
0.219340
0.140012
0.107741
0.058455
0.013239
0.000276
0.002526
0.011747
0.025648
0.035442
0.094530
0.170038
0.202677
0.223911
0.228629
0.229918
0.226364
0.209722
0.154057
0.044453
0.001198
0.001117
0.000223
0.001195
0.001758
0.000567
0.000000
0.005128
0.078257
0.183480
0.219176
0.228263
0.223001
0.192393
0.095678
0.028220
0.004272
0.011972
0.019390
0.015410
0.030543
0.056500
0.075066
0.077973
0.069203
0.047263
0.048812
0.075540
0.096720
0.088415
0.064737
0.076279
0.062214
0.037567
0.016091
0.003447
0.000000
0.000436
0.005769
0.012792
0.012738
0.016773
0.026514
0.023999
0.018148
0.036591
0.064668
0.126184
0.193360
0.231081
0.207604
0.290927
0.432291
0.623508
0.863270
1.150375
1.470546
1.754177
1.807242
1.885749
1.831957
1.527647
1.186566
1.305045
1.574630
1.848237
1.985798
1.957460
2.025412
1.925935
1.640998
1.333593
1.052398
0.813001
0.613568
0.561291
0.665697
0.672342
0.658603
0.641574
0.753567
1.045258
1.394349
1.818894
2.282205
2.671085
2.676745
2.542922
2.532400
2.287807
1.662233
1.090400
1.170957
1.356158
1.341945
1.144425
0.886952
0.652253
0.466019
0.368154
0.277939
0.185164
0.111901
0.161840
0.224165
0.297906
0.382278
0.477044
0.570063
0.646299
0.648380
0.576858
0.483308
0.387817
0.302798
0.229833
0.172974
0.127416
0.083765
0.062864
0.028301
0.007050
0.000346
0.000000
0.000000
0.000000
0.000000
0.000082
0.004253
0.010987
0.011412
0.005196
0.000541
0.000000
0.002022
0.006700
0.010345
0.024114
0.038269
0.043492
0.047540
0.040616
0.068168
0.099104
0.118427
0.115539
0.094741
0.064608
0.038326
0.065738
0.085524
0.119733
0.149038
0.151890
0.148600
0.146573
0.141284
0.120786
0.059002
0.051779
0.105030
0.135492
0.103360
0.049088
0.011617
0.000000
0.000000
0.000000
0.000000
0.000000
0.000000
0.001713
0.055014
0.100698
0.120624
0.134643
0.148673
0.148673
0.134487
0.119966
0.098503
0.050850
0.000392
0.000000
0.000000
0.000000
0.000657
0.008308
0.018684
0.020307
0.012266
0.002310
0.000000
0.000000
0.000000
0.000000
0.000000
0.000000
0.000000
0.000000
0.000000
0.000000
0.000000
0.000000
0.000000
0.000000
0.000000
0.003048
0.010723
0.056468
0.130172
0.185316
0.155264
0.086910
0.029269
0.059461
0.126654
0.214402
0.265351
0.409329
0.594733
0.769282
0.995350
1.239417
1.603267
2.069316
2.627477
3.272115
3.936118
4.432341
4.392907
3.822872
3.638503
4.309398
4.951672
5.256737
5.125967
4.523608
3.876695
3.240923
2.680922
2.211931
1.829739
1.633833
1.766569
1.770738
1.689992
1.617155
1.672819
1.936107
1.997927
1.781928
1.522679
1.235873
0.822167
0.614471
0.779443
0.969288
1.172563
1.350329
1.436135
1.352773
1.198236
1.007103
0.819041
0.682166
0.709128
0.771622
0.824432
0.832670
0.828618
0.792448
0.892467
0.926491
0.876935
0.791863
0.917132
0.962609
0.971437
1.078330
1.228890
1.406389
1.600821
1.803602
1.982539
2.144905
2.293435
2.289414
2.141026
1.952283
2.370378
2.637877
2.795457
2.691620
2.680516
2.597492
2.409019
2.184024
2.238765
2.457419
2.644180
2.758843
2.677130
2.502403
2.278890
2.440653
2.557966
2.484654
2.297392
2.462175
3.064895
3.730958
4.381029
4.765837
4.565703
4.009849
3.337940
2.834838
2.737630
3.027208
3.227311
3.480069
3.577247
3.443645
3.515198
3.738635
4.019019
4.470742
5.729609
6.349591
6.528389
6.528389
6.581551
7.171926
7.544576
7.393054
6.893714
6.225988
5.578100
5.304357
5.913211
6.468795
6.572855
6.252618
5.605273
4.916093
4.962353
5.593941
6.017767
6.796579
7.752877
8.641781
9.011969
8.647686
7.764613
6.762808
5.824009
4.987766
4.246243
3.605639
3.080262
2.595709
2.153759
1.763706
1.445671
1.168907
0.922692
0.915118
0.897591
0.812707
0.676000
0.797289
0.934403
1.070786
1.182648
1.259761
1.327038
1.290770
1.193123
1.128034
1.204541
1.231237
1.381293
1.550493
1.733943
1.923605
2.071092
2.104171
2.002355
1.840431
1.652689
1.475336
1.314521
1.472509
1.587490
1.590779
1.490497
1.309422
1.131120
1.104233
1.107463
1.170901
1.124686
1.216935
1.313722
1.378035
1.483971
1.634454
1.813784
1.986262
2.137806
2.252195
2.269439
2.171841
2.027003
1.873921
1.737679
1.600654
1.750547
1.839414
1.798131
1.686065
2.067662
2.527670
2.752994
2.530218
2.063460
1.696313
1.862272
1.980500
2.001538
1.909523
1.764244
1.616907
1.468700
1.313087
1.388371
1.368917
1.204048
1.035913
0.990261
1.227153
1.404374
1.385266
1.205648
0.985790
0.786018
0.700404
0.642887
0.620817
0.854528
1.183746
1.278064
1.183364
0.856358
0.973649
1.131982
1.311219
1.508413
1.692701
1.836791
2.103202
2.376213
2.567611
2.754360
2.777800
2.595495
2.340521
2.077899
1.827719
1.606506
1.400486
1.201241
1.028219
0.881299
0.893920
0.886968
0.842581
0.736836
0.777034
0.967164
1.144343
1.355670
1.579743
1.820654
2.098569
2.416423
2.658616
2.661417
2.409796
2.090830
1.770344
1.471458
1.199988
1.041503
0.960046
0.944111
1.132257
1.442711
1.606542
1.525643
1.786494
2.288590
2.953722
3.570628
3.554409
2.932827
2.431156
2.242685
1.928233
2.091643
2.517032
2.454465
1.885388
1.565269
1.267630
0.927844
0.784746
0.946269
0.979694
0.893894
0.735879
0.556617
0.475168
0.534609
0.499124
0.441086
0.461831
0.429674
0.372057
0.322772
0.293996
0.260873
0.224966
0.183700
0.152642
0.183773
0.225017
0.255579
0.248699
0.281414
0.352869
0.423893
0.474171
0.518414
0.524675
0.492059
0.439985
0.498758
0.594596
0.707693
0.819417
0.896851
0.909550
0.851622
0.748213
0.637253
0.534556
0.441864
0.431577
0.460008
0.454885
0.411006
0.355756
0.301035
0.238137
0.165056
0.120917
0.081799
0.094848
0.112254
0.112391
0.092113
0.110556
0.105141
0.081730
0.053340
0.046493
0.061697
0.087461
0.137629
0.217256
0.299530
0.340858
0.328791
0.567662
0.776934
0.725522
0.655518
0.604325
0.573076
0.555125
0.547907
0.546655
0.540493
0.504906
0.632609
0.863361
1.130284
1.469265
1.892610
2.393331
2.984905
3.654937
4.273848
4.750216
4.746068
4.227237
3.500945
2.809059
2.248715
1.889072
2.003278
2.107603
1.956238
1.695397
1.376794
1.068339
1.288001
1.584072
1.904106
2.230952
2.435142
2.386060
2.128964
1.783960
1.464532
1.205583
1.487941
1.689867
1.690873
1.488699
1.593441
1.777320
1.874759
1.767402
1.554764
1.380277
1.799797
2.193558
2.492260
3.101190
3.920888
4.488495
3.938763
3.140149
2.450689
2.255646
2.350261
2.260195
1.988550
1.700602
1.436556
1.204350
1.002462
0.827663
0.868684
1.012592
1.181094
1.368696
1.509390
1.539699
1.433165
1.246192
1.044458
0.847387
0.670865
0.526380
0.550949
0.558775
0.511596
0.498129
0.596050
0.646175
0.632653
0.769741
0.913287
1.056306
1.170645
1.211923
1.156338
1.021516
0.870782
0.722136
0.587019
0.479011
0.387412
0.307940
0.243850
0.217897
0.297169
0.297166
0.217731
0.213011
0.372867
0.590747
0.883739
1.264708
1.746119
2.384851
2.803764
2.959426
2.957522
2.782601
2.273946
1.511721
1.024124
0.693087
0.457357
0.381375
0.437069
0.417244
0.601300
0.747149
0.771167
0.660533
0.661132
0.563823
0.415058
0.281690
0.176057
0.221122
0.416966
0.691661
1.056337
1.258859
1.230850
0.933998
0.541787
0.291406
0.136320
0.049706
0.007704
0.000000
0.000000
0.000000
0.000000
0.000000
0.000000
0.000000
0.000000
0.000000
0.000000
0.000000
0.000000
0.000000
0.000000
0.000000
0.000000
0.000000
0.000000
0.000000
0.000000
0.000000
0.000000
0.000000
0.000000
0.000000
0.000000
0.000000
0.000000
0.000000
0.000000
0.000000
0.000000
0.000000
0.000000
0.000000
0.000000
0.000000
0.000000
0.000000
0.000000
0.000000
0.000000
0.000000
0.000000
0.000515
0.019851
0.071466
0.161990
0.295800
0.488154
0.745066
1.073721
1.483183
1.972632
2.515120
2.964001
2.969695
2.534806
1.994142
1.501683
1.091096
0.764273
0.519251
0.332545
0.219192
0.264356
0.382032
0.444779
0.430297
0.390969
0.316670
0.236933
0.148571
0.075207
0.022679
0.008456
0.026281
0.042477
0.086460
0.157016
0.239967
0.342793
0.451720
0.489862
0.421344
0.299519
0.186435
0.101323
0.043842
0.010611
0.000000
0.000000
0.000000
0.000000
0.000000
0.000000
0.000000
0.000000
0.007959
0.071257
0.116191
0.130425
0.134022
0.134596
0.130538
0.111888
0.054928
0.017885
0.044135
0.079435
0.116037
0.148779
0.179305
0.178711
0.144017
0.100764
0.092597
0.110682
0.134623
0.140905
0.119044
0.100978
0.070606
0.040271
0.017286
0.030581
0.078157
0.128672
0.143195
0.110761
0.061368
0.037023
0.052032
0.113042
0.202607
0.310476
0.419902
0.577504
0.865761
1.216454
1.665679
2.195844
2.741257
2.737738
2.213904
1.743376
1.346959
1.570781
1.986145
2.463072
3.001464
3.563797
3.980953
4.103830
3.824497
3.288520
2.769163
2.725901
3.355347
3.892022
4.112195
4.208519
4.565840
4.611964
4.062385
3.376622
2.699726
2.108639
1.629530
1.232376
0.899821
0.636196
0.447020
0.364851
0.299087
0.268536
0.272297
0.284498
0.273889
0.244895
0.369499
0.476762
0.481215
0.373114
0.224805
0.107879
0.036047
0.004682
0.013966
0.029758
0.052155
0.083441
0.123314
0.165481
0.201681
0.226259
0.266779
0.251282
0.256344
0.325856
0.401912
0.470059
0.498179
0.480319
0.482176
0.588574
0.711226
0.828025
0.882072
0.962706
1.076586
1.210583
1.365740
1.555352
1.772459
2.004822
2.167473
2.226155
2.158421
1.984998
1.784071
1.593848
1.418368
1.279482
1.446209
1.616618
1.803138
1.986331
2.160625
2.371691
2.604317
2.820202
2.986299
3.028984
2.970859
2.774179
2.544637
2.809660
3.346526
3.796818
3.796138
3.345034
2.782810
2.274105
1.957781
1.875971
1.702586
1.560129
1.581499
1.570299
1.530784
1.494644
1.308238
1.135545
1.269427
1.191050
0.954507
0.690565
0.472832
0.497245
0.618212
0.816973
1.163480
1.478194
1.490422
1.373325
1.614248
1.878872
2.151504
2.416165
2.589611
2.592518
2.426205
2.205440
1.929576
1.674280
1.473870
1.675802
1.846277
1.909683
2.151179
2.456539
2.694841
2.798520
2.622156
2.318997
2.015865
1.993708
1.970922
1.746638
1.463847
1.356822
1.372035
1.445308
1.398162
1.278501
1.177311
1.529723
1.942483
2.443396
3.032302
3.709323
4.476295
5.258309
5.841606
5.854708
5.301669
4.537120
3.782481
3.153890
2.585439
2.090965
1.666767
1.308330
1.270180
1.339672
1.557881
1.730795
1.839652
1.778967
1.686214
1.489349
1.240125
0.989858
0.773921
0.585755
0.443456
0.346125
0.422669
0.470541
0.498693
0.469181
0.414422
0.438235
0.463414
0.432425
0.467268
0.508168
0.531280
0.726457
0.977370
1.134095
1.254387
1.264069
1.168842
1.083102
0.954309
0.809585
0.748110
0.762073
0.700745
0.718314
0.762047
0.780716
0.767134
0.805075
0.852246
0.812900
0.858926
0.972027
1.074571
1.147798
1.134672
1.134002
1.206284
1.174435
1.093821
1.009245
0.918307
0.805683
0.700127
0.792249
0.926037
1.060206
1.170607
1.198729
1.158785
1.090502
1.167464
1.234754
1.393613
1.517439
1.650628
1.650337
1.556498
1.431958
1.294634
1.166465
1.052095
0.932808
0.813323
0.782721
0.776308
0.727781
0.655574
0.709238
0.738236
0.740436
0.738156
0.813756
0.869723
0.917933
0.897154
0.816681
0.717496
0.632932
0.603486
0.707395
0.836056
0.973785
1.113861
1.268259
1.431317
1.596620
1.754717
1.811575
1.730241
1.539794
1.336292
1.348227
1.256829
1.058641
0.881814
0.847636
1.048895
1.258186
1.439629
1.502228
1.440768
1.256636
1.103230
1.366100
1.687030
1.920074
2.133315
2.742289
3.380888
3.936247
3.983707
3.537779
2.937926
2.542712
2.670378
2.588925
2.265284
2.434461
2.838167
3.089055
2.978439
2.795041
2.428198
2.076672
1.731662
1.403616
1.166179
1.580573
2.022991
2.330797
2.403418
2.291903
2.426696
2.628172
2.680245
2.642065
2.563133
2.477792
2.306447
2.014592
1.551433
1.347134
1.254997
1.197294
1.137303
1.011591
0.741642
0.421906
0.211446
0.204259
0.267490
0.279130
0.224823
0.145891
0.080568
0.035571
0.017706
0.046843
0.095152
0.143285
0.152247
0.126074
0.080789
0.036531
0.011327
0.000425
0.000000
0.000000
0.000000
0.000000
0.000000
0.000000
0.000000
0.000000
0.000000
0.000000
0.000000
0.000000
0.000421
0.025455
0.051966
0.066347
0.070790
0.071455
0.070797
0.070893
0.069941
0.063240
0.041244
0.014160
0.070695
0.121191
0.124788
0.078784
0.019930
0.000000
0.000000
0.000000
0.000000
0.000000
0.000000
0.000000
0.000000
0.000000
0.000000
0.000000
0.000000
0.000000
0.000000
0.000000
0.000000
0.000000
0.000000
0.000000
0.000000
0.000000
0.000000
0.000000
0.000000
0.000000
0.017959
0.086392
0.170794
0.224400
0.238802
0.219794
0.164772
0.083701
0.023935
0.009130
0.030585
0.080341
0.099544
0.063414
0.017500
0.001700
0.005052
0.005755
0.001100
0.000000
0.000000
0.000000
0.000000
0.000754
0.030135
0.117843
0.277470
0.549516
0.892040
1.060101
1.101861
1.067467
0.883335
0.527039
0.490046
0.434182
0.282416
0.304103
0.493944
0.735718
0.975965
1.097310
1.036843
0.867131
0.687998
0.567078
0.834947
1.170749
1.412102
1.490236
1.274423
0.963546
0.690157
0.523332
0.554400
0.628939
0.597151
0.569688
0.820447
1.126908
1.407248
1.448445
1.437108
1.390968
1.363379
1.257583
1.108379
1.330010
1.586645
1.911606
2.294762
2.668675
2.817995
2.681683
2.345315
1.960254
1.614259
1.583372
1.833436
1.986755
1.941333
1.690845
1.402271
1.137709
1.012470
0.907296
0.999950
1.028916
1.060941
1.059811
1.063387
1.055944
1.145693
1.299340
1.490260
1.711885
1.958273
2.213906
2.451539
2.592598
2.594096
2.569018
2.674341
2.659786
2.549680
2.628424
2.559610
2.376280
2.419070
2.432620
2.287311
2.073295
2.189798
2.376871
2.447907
2.418000
2.399477
2.589721
2.552437
2.595362
2.554916
2.564890
2.707599
2.742800
2.994985
3.215937
3.306728
3.229368
3.004990
2.736138
2.515821
2.342723
2.509852
2.737429
2.853008
2.808365
3.038884
3.226296
3.256094
3.121479
2.841928
2.546945
2.324783
2.670405
3.061005
3.631309
4.199424
4.577396
4.564501
4.214088
3.716759
3.186209
2.759093
2.603200
2.417931
2.489492
3.056882
3.714137
4.409090
5.019880
5.671866
6.301855
6.750666
7.707317
8.989659
10.397817
11.642386
12.338200
11.544044
10.198581
8.762259
7.411776
6.234006
6.678019
7.583455
8.518888
9.247540
9.347183
8.835700
8.239387
8.781417
9.602356
9.656269
9.191022
8.277606
7.375910
6.635416
5.960319
5.234510
4.562835
4.461833
4.736021
4.807475
5.152090
5.417304
5.437643
5.193487
4.675735
4.111906
3.590400
3.141106
2.769088
2.607901
2.744600
2.746491
2.740738
2.605915
2.643898
2.692500
2.743413
2.721759
2.739057
2.857154
2.862343
2.857848
3.059801
3.282602
3.445867
3.409786
3.196014
2.920565
2.649106
2.383686
2.131348
2.252426
2.400953
2.581290
2.744437
2.772860
2.678912
2.528764
2.606215
2.795840
2.807461
2.648261
2.459419
2.239854
1.978087
1.712985
1.485057
1.450337
1.388570
1.223595
1.066708
0.953028
0.868731
0.992885
0.922709
0.875883
0.710211
0.664487
0.746752
0.808293
0.935182
1.189630
1.287924
1.245580
1.307308
1.459374
1.697445
1.945707
2.093894
2.194919
2.245807
2.403424
2.595458
2.805459
2.945962
2.981307
2.850883
2.630518
2.408116
2.226451
2.145722
2.256508
2.310653
2.288965
2.585033
2.751769
2.585811
2.279254
1.841260
1.639856
1.926524
2.184091
2.165444
2.222298
2.204383
2.046039
1.843341
1.936907
2.586206
3.504335
4.747983
5.383441
5.652138
5.834616
5.879111
5.361958
4.113994
3.144506
2.393541
2.253130
2.322523
2.257281
2.125566
2.030775
2.028788
1.929141
1.906390
2.129596
2.327327
2.452459
2.638328
2.838979
3.060341
3.288054
3.423025
3.399411
3.357367
3.407538
3.321883
3.206997
3.023114
2.849206
2.922071
3.213824
3.525903
3.850865
4.154366
4.311745
4.298792
4.314200
4.313451
4.229895
4.084356
3.956949
3.833910
3.852413
3.747649
3.464944
3.402158
3.679301
4.016286
4.389758
4.826452
5.251431
5.482872
5.444358
5.192846
5.395336
6.204502
7.097757
8.049191
8.921853
9.411447
9.315210
8.610538
7.672592
7.563788
8.675097
9.985356
11.427618
12.996796
14.622818
15.974951
16.911253
16.333519
14.813402
12.976480
11.177363
9.636006
10.668605
11.700257
12.709297
13.499705
13.209174
12.398327
11.164454
9.956407
9.871041
10.043393
10.867156
12.074842
12.703253
12.539852
12.131621
11.445450
10.591816
11.491896
12.655429
13.897146
14.566638
14.340057
13.406838
12.015566
10.639685
9.425324
8.450945
8.187161
7.594344
6.817281
6.025545
5.691010
6.352175
6.907675
7.004691
6.621737
6.072840
5.700422
5.359647
5.034992
5.251903
6.374255
7.245481
7.832623
8.101452
7.972271
7.637823
7.161100
6.719799
6.627523
7.112167
7.599157
8.067398
8.593137
9.183704
9.658360
9.881765
9.771509
9.298610
8.690329
8.096881
7.569685
7.625394
8.020992
8.423142
8.841721
9.235987
9.619292
9.999777
10.343241
10.495975
10.435014
10.106778
9.670247
9.576496
10.051164
10.560494
11.106136
11.666908
12.243368
12.851177
13.408349
13.771562
13.748026
13.267809
12.657163
12.535857
12.756208
12.699663
12.306769
11.753489
11.210870
10.710168
10.199430
9.696714
9.206365
8.818079
8.735104
8.795383
8.807881
8.858281
8.654764
8.859962
9.263948
9.207005
8.987747
8.857811
8.659059
8.391467
8.027050
7.628503
7.715238
8.074007
8.364782
8.448602
8.270584
7.650983
6.971102
6.193501
5.408771
4.878759
4.506959
4.363850
4.186851
4.008320
3.655183
3.383086
3.443091
3.347712
3.138211
2.949891
2.753921
3.105351
3.496546
3.902576
4.364606
4.863783
5.295993
5.557050
5.419595
4.954648
4.391319
3.872434
3.463715
3.777730
4.303563
4.919910
5.612226
6.396020
7.161668
7.703220
7.717016
7.187554
6.439109
5.770710
5.299914
5.030015
4.869089
4.761834
5.366865
5.847102
5.916281
5.655632
5.261192
4.834605
4.637513
4.849687
4.833961
4.631085
4.417210
4.605902
4.419484
4.020037
3.771719
4.089079
4.460172
4.838161
5.256037
5.594725
5.683223
5.479408
5.284813
5.000221
4.670343
4.245664
3.958028
3.707728
3.660165
4.103268
4.573499
4.828864
4.658820
4.209064
3.729640
3.336656
3.447437
3.317983
3.058337
2.812135
3.059284
3.303209
3.353448
3.173368
2.902974
2.565983
2.263623
2.025491
2.200731
2.402199
2.633678
2.982473
3.422828
3.732215
3.656014
3.289883
2.839417
2.775595
2.534798
2.512600
2.703750
2.932803
3.198074
3.505923
3.833333
4.134281
4.313451
4.133926
3.423335
2.723799
2.686335
2.770198
2.770976
2.685337
2.704442
2.638625
2.579826
2.495140
2.625561
2.892201
3.199114
3.501563
3.884804
4.293733
4.658724
4.741261
4.485824
4.000355
3.219366
3.104067
3.136042
2.959891
3.040089
3.318991
3.710433
4.116222
4.458300
4.506583
4.598088
4.942230
5.268425
5.099855
5.264337
5.725021
6.215621
6.435615
5.832832
5.170484
5.148487
5.615245
6.269022
7.017034
7.769621
8.355220
9.098149
10.025307
10.821725
11.370157
11.213536
9.501274
9.541287
10.301003
11.257436
12.410747
13.432526
13.241392
8.941057
4.341343
3.320579
2.937047
2.530078
1.902945
2.022054
2.505201
3.123021
3.657327
3.669978
2.918248
3.457765
0.000000
0.000000
0.000000
0.000000
0.000000
0.000000
0.000000
0.000000
0.000000
