track	type=wiggle_0
fixedStep	chrom=chr	start=1	step=1
0.000000
0.000000
0.000000
0.000000
0.000000
0.000000
0.000000
0.000000
0.000000
0.000000
0.000000
0.000000
0.000000
0.003498
0.031989
0.124501
0.289841
0.349386
0.284395
0.178802
0.096181
0.039643
0.089048
0.205131
0.370748
0.560985
0.815792
1.051761
1.155581
1.002986
0.743159
0.786342
0.998578
0.961622
1.006012
1.047756
1.311608
1.692422
2.150982
2.702091
3.317798
3.818681
3.845803
3.356945
2.740672
2.193774
1.785511
1.974663
2.331367
2.476579
2.319200
1.980069
1.656645
1.317469
0.998870
0.729856
0.529406
0.441808
0.444484
0.458916
0.491957
0.650954
0.835299
1.001263
1.049344
1.051986
1.030100
0.959945
0.795051
0.436398
0.180774
0.049526
0.001633
0.000000
0.000000
0.000617
0.004929
0.004238
0.000252
0.000000
0.000000
0.000000
0.000000
0.000000
0.000000
0.002051
0.079015
0.178274
0.215094
0.223015
0.223585
0.223015
0.216532
0.190704
0.108147
0.015894
0.018931
0.017098
0.029550
0.035100
0.026987
0.012561
0.002939
0.001458
0.007954
0.011886
0.011341
0.009804
0.019145
0.017445
0.007801
0.000501
0.000000
0.000000
0.000000
0.024205
0.104759
0.250061
0.467431
0.770107
1.225078
2.049283
2.448218
2.556665
2.556666
2.471117
2.163245
1.474446
0.958226
0.587956
0.334414
0.185873
0.118867
0.123415
0.217711
0.289894
0.268126
0.165964
0.072259
0.016519
0.000165
0.019859
0.062850
0.157539
0.217997
0.166397
0.083162
0.035920
0.022092
0.009717
0.004789
0.002126
0.000327
0.000000
0.000000
0.000000
0.000000
0.000000
0.000000
0.000000
0.000000
0.000000
0.000000
0.000000
0.000000
0.000000
0.000000
0.006000
0.068586
0.222326
0.518554
0.876288
0.968197
0.904855
0.617542
0.311688
0.134166
0.034156
0.000151
0.000000
0.000000
0.000000
0.000000
0.000000
0.013979
0.049845
0.076961
0.060200
0.020519
0.000178
0.001735
0.033775
0.116215
0.242771
0.378225
0.453656
0.374030
0.234079
0.105486
0.026350
0.000072
0.000000
0.000000
0.000000
0.000000
0.000000
0.000000
0.000000
0.000000
0.000000
0.000000
0.000000
0.000000
0.000000
0.000000
0.000000
0.000000
0.000000
0.000000
0.000000
0.000000
0.000000
0.000000
0.000000
0.000000
0.000000
0.000000
0.000000
0.000000
0.000000
0.000000
0.000000
0.000000
0.003479
0.014303
0.000322
0.000000
0.000000
0.000000
0.000000
0.000000
0.000000
0.000000
0.000000
0.000000
0.000000
0.000000
0.000000
0.000000
0.000000
0.000000
0.000000
0.000000
0.000000
0.000000
0.000000
0.000000
0.000000
0.000000
0.000000
0.000000
0.000000
0.000000
0.000000
0.000010
0.000464
0.000656
0.000715
0.000971
0.001747
0.003790
0.009834
0.063215
0.166080
0.251874
0.228616
0.131480
0.246029
0.402197
0.605784
0.860878
1.170998
1.521801
1.853857
2.103381
2.225947
2.744233
3.374401
3.998219
4.326223
4.511496
4.077485
3.368862
2.650687
2.026627
2.176815
2.563334
2.989341
3.408248
3.784546
4.229466
4.466147
4.407818
4.361723
3.989436
3.458260
3.217484
2.797324
2.360243
2.428231
2.450570
2.286180
2.011171
1.895046
1.663425
2.005188
2.561338
3.050733
3.191782
2.831074
2.373992
2.515301
2.458246
2.199491
1.591040
1.014403
0.752811
0.838808
0.824384
0.659352
0.473050
0.302884
0.318968
0.253677
0.175758
0.231689
0.284656
0.326976
0.335372
0.422134
0.520454
0.608794
0.656992
0.609202
0.556121
0.515448
0.404132
0.245082
0.170806
0.110854
0.064233
0.030356
0.011551
0.021316
0.038999
0.064202
0.107057
0.146276
0.142262
0.099373
0.053462
0.021479
0.022776
0.014077
0.004731
0.000121
0.000000
0.000000
0.000041
0.009518
0.029345
0.042784
0.026804
0.041767
0.070184
0.107976
0.154441
0.207934
0.266820
0.326931
0.371758
0.506553
0.755872
0.966143
1.054329
1.118904
1.243427
1.373573
1.434759
1.410238
1.317812
1.218466
1.133359
1.020859
0.899087
0.810849
0.710051
0.628431
0.587648
0.566433
0.511135
0.415604
0.372314
0.458992
0.554685
0.643843
0.678509
0.656408
0.574335
0.482710
0.493117
0.518073
0.493892
0.527943
0.628178
0.744860
0.853750
0.893147
0.860545
0.749408
0.634187
0.700405
0.743616
0.722205
0.631797
0.595318
0.703141
0.839710
0.995172
1.167018
1.350345
1.546363
1.754893
1.943747
2.013773
1.948935
1.760412
1.558984
1.392248
1.358762
1.324822
1.194134
1.035020
0.880175
1.062270
1.215308
1.130532
1.027123
1.196071
1.302271
1.297022
1.225875
1.543274
1.780100
1.834383
2.133404
2.543481
3.004457
3.502646
3.976708
4.250512
4.389237
4.271898
4.092237
4.002212
4.343211
4.959011
5.764386
6.625548
7.565373
8.567678
9.668544
10.388419
10.453959
9.807060
8.693548
7.667459
6.967742
6.456752
6.933651
8.774264
10.408385
11.319736
11.941835
11.319740
10.403116
8.726284
7.092508
6.309098
6.198470
5.815631
5.261660
4.621825
4.015500
3.461938
2.964984
2.517500
2.122111
1.768556
1.460386
1.213341
1.019755
0.813542
0.796951
0.950986
1.117147
1.277576
1.377445
1.383225
1.314926
1.274120
1.372763
1.560871
1.739937
1.879037
1.891930
1.793463
1.665268
1.540189
1.616030
1.831045
2.063323
2.313206
2.576664
2.853783
3.118407
3.262543
3.230850
3.069190
2.849927
2.606405
2.351434
2.103375
2.085621
2.313390
2.563123
2.758920
2.822318
2.679426
2.433227
2.192488
1.931497
1.688250
1.463533
1.257709
1.071683
0.902924
0.914590
0.983803
0.915828
0.784347
0.632766
0.493012
0.370356
0.267042
0.243499
0.288310
0.480094
0.698341
1.035266
1.481865
2.136581
3.092289
3.554568
3.681393
3.682208
3.582520
3.228496
2.472100
1.899222
1.700526
1.388124
1.034246
0.969912
1.284478
1.662396
2.099000
2.522980
2.830814
3.144145
3.471847
3.652551
3.988741
4.609160
5.335402
6.003865
6.306985
5.961909
5.244398
4.443995
3.701697
3.690022
3.704607
3.424483
3.098375
2.574427
2.055991
1.623904
1.188650
0.820526
0.531130
0.437885
0.577381
0.719843
0.825500
0.845991
0.796727
0.718749
0.782519
0.750798
0.750003
0.889853
1.008638
1.131369
1.203109
1.137436
1.017057
0.868584
0.741182
0.727885
0.871392
0.996898
1.052642
1.007570
0.904186
0.801058
0.702202
0.699453
0.651011
0.569939
0.491367
0.476220
0.573703
0.676646
0.773049
0.839488
0.831647
0.740679
0.625422
0.518993
0.437290
0.382056
0.365411
0.350775
0.384739
0.389755
0.342386
0.397077
0.490220
0.605392
0.737591
0.872485
1.002702
1.128004
1.241689
1.349731
1.381618
1.330840
1.216243
1.078198
0.934584
0.808663
0.723271
0.666944
0.603917
0.547096
0.472769
0.496665
0.518470
0.637749
0.834502
1.067530
1.340931
1.660124
2.018206
2.394122
2.697883
2.710073
2.429279
2.062332
1.697540
1.379190
1.118763
0.921350
0.835287
1.121754
1.210419
1.121012
0.808518
0.942014
1.072942
1.121997
1.104095
0.981293
0.839811
0.736853
0.613328
0.629939
0.783932
0.970089
1.118465
1.170698
1.083705
0.935668
0.808661
0.683400
0.611352
0.640624
0.777323
0.892366
0.891056
0.835685
0.767591
0.728800
0.922620
1.104509
1.323139
1.562454
1.828848
2.136442
2.434133
2.667109
2.641491
2.352144
2.008071
1.673037
1.369031
1.097181
0.957266
0.844035
0.777954
0.739447
0.623585
0.469744
0.368919
0.488281
0.552384
0.603553
0.658925
0.575299
0.437820
0.709222
1.038203
1.362700
1.846775
2.401603
2.369186
1.782155
1.449303
1.165084
0.827504
0.530599
0.318235
0.171207
0.074123
0.016586
0.007129
0.014843
0.027486
0.038129
0.036674
0.021746
0.029031
0.054520
0.092225
0.137549
0.180150
0.189338
0.162579
0.112962
0.070166
0.040062
0.023079
0.017716
0.020948
0.034739
0.060956
0.095719
0.137093
0.179700
0.200330
0.192860
0.157554
0.120619
0.092721
0.064441
0.085760
0.116999
0.139767
0.165680
0.255236
0.335664
0.419469
0.498574
0.552591
0.560092
0.507739
0.440000
0.381731
0.303559
0.214241
0.149011
0.087138
0.059597
0.041805
0.040136
0.047748
0.081147
0.098801
0.093353
0.067809
0.025990
0.002779
0.001427
0.011291
0.022862
0.053180
0.072217
0.063866
0.043481
0.018707
0.051317
0.073313
0.080179
0.083064
0.087186
0.125132
0.240249
0.379906
0.500143
0.571780
0.750852
1.108554
1.278914
1.236187
1.497546
1.861867
2.377063
2.919700
3.175721
3.101244
2.812374
2.543081
2.980017
3.506278
4.111847
4.793022
5.523328
6.289009
7.061855
7.586532
7.544384
6.970095
6.459156
6.143060
5.535175
4.719191
3.926920
3.586358
4.002507
4.412166
4.753552
4.737003
5.115779
5.370547
5.113570
4.581724
3.987011
3.462790
2.946686
2.553550
2.293945
2.273722
2.373267
2.383050
2.603342
2.867527
3.289484
3.142072
2.996435
2.689345
2.362110
2.092928
1.913857
1.832241
1.736301
1.684400
1.556357
1.411575
1.327988
1.253937
1.196562
1.069021
0.963360
0.862802
0.867333
0.861615
0.870230
0.845597
0.749541
0.617446
0.487215
0.403200
0.370844
0.305069
0.261637
0.235408
0.219486
0.291275
0.349121
0.415456
0.637831
0.888906
1.090731
1.086791
0.866575
0.606721
0.449639
0.462490
0.420113
0.348344
0.271282
0.220322
0.224570
0.219239
0.207833
0.197451
0.231863
0.270635
0.325919
0.351169
0.339700
0.343983
0.344824
0.383121
0.393226
0.358895
0.304789
0.252396
0.349838
0.527149
0.873216
1.408882
2.008279
2.513645
3.009794
3.337663
3.655843
3.902423
4.047132
4.061515
3.926324
3.677121
3.344451
2.929634
2.332448
1.728067
1.212368
1.044001
1.243871
1.215301
0.919871
0.517489
0.260543
0.103507
0.021458
0.000000
0.000000
0.000000
0.000000
0.001529
0.022554
0.074321
0.145957
0.201765
0.188888
0.115628
0.082281
0.152513
0.258235
0.373100
0.446044
0.439337
0.379890
0.333658
0.222116
0.106941
0.033337
0.031287
0.063426
0.092161
0.158308
0.236340
0.315449
0.334089
0.281250
0.317101
0.429071
0.500006
0.474654
0.403336
0.305970
0.215896
0.165627
0.145592
0.078007
0.021325
0.012877
0.036850
0.070631
0.080175
0.068153
0.112376
0.189276
0.282700
0.319798
0.283148
0.303290
0.476652
0.766500
1.223308
1.741104
1.966029
1.971610
1.741516
1.691886
2.076985
2.396645
2.337763
2.000642
1.596260
1.252906
1.013593
0.799108
0.556123
0.634365
0.625838
0.525800
0.399453
0.312982
0.494848
0.659162
0.781993
0.708070
0.594745
0.429519
0.206391
0.065549
0.005535
0.000000
0.000000
0.000000
0.000000
0.000000
0.000000
0.000000
0.000000
0.000000
0.000000
0.000000
0.000000
0.000000
0.000000
0.000000
0.000000
0.020925
0.091012
0.131093
0.141216
0.142812
0.143361
0.139882
0.123539
0.070739
0.004301
0.000000
0.000000
0.000000
0.000000
0.000000
0.000000
0.000000
0.000000
0.000000
0.000000
0.000000
0.000000
0.000000
0.000000
0.000000
0.000000
0.000000
0.000000
0.000000
0.000000
0.000000
0.000000
0.000000
0.000000
0.000000
0.000000
0.000000
0.000000
0.014404
0.076037
0.188300
0.348195
0.547357
0.827516
1.167485
1.459925
1.469987
1.192103
0.891575
0.890166
0.812910
0.698014
0.753319
1.044077
1.363804
1.725423
2.119218
2.534297
2.715364
2.561483
2.632010
3.091333
3.252852
3.513059
4.191726
4.691380
3.886253
2.989919
2.357551
1.900353
1.483443
1.628790
1.649424
1.385844
1.071714
0.763857
0.512785
0.339728
0.289896
0.212793
0.208759
0.199323
0.185961
0.179937
0.173004
0.161644
0.132247
0.091784
0.092245
0.089552
0.086095
0.084525
0.089514
0.103972
0.142535
0.182257
0.246402
0.323583
0.394689
0.415330
0.458708
0.529854
0.581437
0.581016
0.563108
0.681786
0.821748
0.980865
1.160941
1.352440
1.540965
1.728823
1.936313
2.150711
2.371613
2.636332
2.930597
3.191184
3.311051
3.183483
2.941640
2.697709
2.493861
2.551995
2.622908
2.573788
2.402422
2.238703
2.291429
2.316400
2.198646
2.108325
2.316408
2.479535
2.530796
2.421142
2.253808
2.284106
2.710146
3.275232
3.856771
4.287255
4.286885
3.857260
3.269332
2.992254
2.815474
3.028160
3.183108
3.216136
3.251034
3.159292
2.986463
2.777526
2.736109
2.838640
2.959993
3.236696
3.582758
3.974146
4.402830
4.845062
5.324999
5.859333
6.446640
7.064689
7.629374
7.915934
7.851798
7.571380
7.495415
7.518559
8.022400
8.545821
9.022143
9.424986
9.684610
9.697678
9.249812
9.594295
9.873956
9.777484
9.291851
8.771897
8.178658
8.981109
9.920011
10.911264
11.873806
12.571779
12.546688
11.785859
10.777615
10.956395
11.207977
10.916672
10.398625
9.748743
10.283190
11.102888
11.970477
12.769630
13.558505
14.020032
13.846375
13.145526
12.241776
11.347818
10.539098
9.770674
9.041734
8.432877
7.827114
8.029607
8.066025
7.924407
8.188139
8.579550
8.713815
9.109918
9.579716
9.992755
10.129136
9.967278
9.956578
10.274686
10.344419
10.106136
10.086411
10.535224
11.031726
11.460971
11.597676
11.366332
11.302622
11.353435
11.117937
10.608229
9.968471
9.310870
8.671091
8.068943
7.518481
7.042098
7.277333
7.362130
7.162793
7.196957
7.497145
7.782561
8.035031
8.045885
7.862801
7.818761
7.836319
7.601249
7.226672
6.984065
7.030877
7.320831
7.521010
7.451617
7.277422
7.355408
7.530156
7.826677
8.012242
7.985668
7.766146
7.432704
7.086410
6.958989
6.799508
6.706993
7.415149
8.160453
8.658725
8.655400
8.195691
7.499949
6.797677
6.136302
5.522087
4.944529
4.412005
3.930777
3.528485
3.388663
3.220504
3.266615
3.676590
4.107651
4.546712
4.971116
5.305104
5.529932
5.415565
5.119969
4.727125
4.516534
4.513999
4.309590
4.218719
4.602254
4.870550
4.885388
4.673360
4.343058
4.056558
4.229563
4.261763
4.288116
4.345557
4.339247
4.116930
3.782696
3.409636
3.057445
2.731641
2.418037
2.120298
1.862626
1.670186
1.622116
1.505408
1.480788
1.711207
1.947452
2.151154
2.237946
2.167542
1.962432
1.756136
1.571528
1.581164
1.879063
2.194606
2.526205
3.129974
3.658003
3.705358
3.277470
2.675992
2.201980
2.361372
2.290850
1.966531
2.022093
2.389175
2.642369
2.542157
2.353544
2.011487
1.834502
1.926489
1.895447
1.934689
2.175437
2.177169
2.152396
2.220848
2.106064
2.334083
2.500087
2.537610
2.503100
2.455871
2.441309
2.423132
2.611257
3.085337
3.129786
2.679160
2.731787
2.542093
2.120344
1.630023
1.195721
1.052876
1.456491
1.650103
1.710673
1.727931
1.719697
1.663298
1.437262
0.898644
0.486165
0.243756
0.098346
0.121006
0.091544
0.051448
0.022020
0.007050
0.000000
0.000000
0.000000
0.001708
0.014046
0.026348
0.026317
0.019244
0.007664
0.000628
0.000000
0.000394
0.005746
0.010901
0.006785
0.001496
0.000000
0.000000
0.000000
0.000000
0.000583
0.009822
0.024750
0.038021
0.058045
0.066592
0.061586
0.046882
0.034564
0.016641
0.004238
0.003549
0.001841
0.002061
0.012652
0.031352
0.104612
0.169294
0.190766
0.196583
0.195877
0.195605
0.196501
0.194536
0.186924
0.176693
0.356955
0.589767
0.896083
1.380165
1.556099
1.393357
0.872306
0.499047
0.251687
0.098580
0.082521
0.057515
0.019227
0.004889
0.001438
0.009582
0.026594
0.050878
0.079131
0.097289
0.100771
0.115960
0.116708
0.090933
0.118385
0.201801
0.304823
0.420167
0.501666
0.495683
0.401001
0.275143
0.228877
0.300682
0.334048
0.298028
0.220845
0.143778
0.096530
0.108706
0.105609
0.078087
0.061126
0.072265
0.089203
0.129125
0.119485
0.149806
0.330802
0.589336
0.728925
0.777449
0.993007
1.195016
1.256139
1.105314
0.882943
0.650989
0.639223
0.774773
0.906013
0.982190
0.956040
0.860007
0.742285
0.626458
0.584351
0.604252
0.623460
0.639706
0.762583
0.886223
0.911405
0.856165
0.728400
0.952745
1.283945
1.429899
1.290465
1.012129
1.150556
1.326208
1.521056
1.737241
1.975667
2.228018
2.489159
2.719829
2.869052
2.874484
2.864791
2.717697
2.972780
3.250852
3.477455
3.595140
3.591827
3.738447
3.916533
4.214685
4.514214
4.781864
5.013606
5.408871
5.886044
6.388633
6.872737
7.390729
7.941325
8.511172
9.057637
9.388391
9.399935
9.117905
8.653223
8.057774
7.437270
6.826619
6.268299
5.779565
6.160408
6.592117
7.086945
7.595550
7.896148
7.983809
8.082299
7.955946
7.986225
8.279104
8.374678
8.150015
7.699351
7.180479
6.660705
6.153311
5.693075
5.288381
4.907092
4.642758
4.732689
4.614125
4.425009
4.144029
4.634449
5.133946
5.492586
5.843821
6.202839
6.554730
6.931993
7.335230
7.741541
8.070253
8.174998
8.087617
7.998353
8.278145
8.611353
8.782156
8.619577
8.239014
7.770924
7.312861
6.884372
6.371287
5.680811
4.809445
3.803294
3.315552
3.106750
3.009622
2.852256
2.875740
3.602339
4.381600
4.717952
4.378365
3.500430
2.752666
2.096466
1.902447
1.840564
2.261211
2.788823
3.289680
3.615604
3.773482
3.898086
4.102310
3.979805
3.541300
3.035491
3.013838
3.277097
3.555137
3.704860
3.940124
4.180680
3.554540
3.539108
3.898089
4.214720
4.374234
4.444192
4.605417
4.756134
4.732208
4.474519
4.137861
3.762020
3.532398
3.715958
3.860026
4.188333
4.530118
4.712807
4.676523
4.499568
4.165965
4.072516
4.101392
3.945763
3.592353
3.416488
3.808444
4.010966
3.949550
4.066993
3.928117
3.576025
3.244480
2.987840
2.768833
2.935607
2.931023
2.762682
3.115237
3.720297
4.353015
4.813265
4.916001
4.732688
4.520936
4.393329
4.757125
5.267029
6.107925
7.136670
8.309633
9.624488
11.100159
12.708720
14.219583
14.954223
14.201805
12.834472
11.265032
9.766986
8.413389
7.233907
6.218405
5.391602
4.716670
4.102595
4.109532
4.694771
5.237462
5.647516
5.835119
6.051967
6.193796
6.234298
5.830918
5.224761
4.575291
3.936245
4.080903
4.575443
4.963738
5.073018
4.774137
4.310019
3.867227
3.392381
2.994076
2.613177
2.229171
1.890291
1.696815
1.946856
2.121676
2.169866
2.017065
1.746107
1.484145
1.261728
1.391014
1.570974
1.763379
1.914421
1.987925
1.994893
2.250169
2.629387
2.938849
2.964169
2.832556
2.589774
2.324131
2.043667
2.160278
2.411711
2.667843
2.882026
3.031284
3.022359
3.192528
3.378256
3.494800
3.425517
3.236228
3.315126
3.530617
3.733986
4.036405
4.379237
4.713500
4.949339
5.200070
5.541893
5.745049
5.693603
5.394658
5.008705
4.671989
4.864154
5.041548
5.000342
4.929503
4.984130
4.803390
4.538208
4.259243
4.275560
4.301089
4.135080
3.866378
3.543879
3.209112
2.916549
2.731047
2.653484
2.578239
2.477748
2.333554
2.158300
2.309510
2.624265
2.972902
3.341306
3.686863
3.939751
3.927462
3.664015
3.440656
3.190629
2.878313
2.652910
2.389911
2.226754
2.399085
2.766988
3.112815
3.346704
3.483200
4.026287
4.616438
5.215290
5.833135
6.523904
7.134323
7.448640
7.327577
8.148942
9.000282
9.436901
9.041217
8.187161
7.413304
8.154669
9.088762
10.037136
10.832992
11.080379
10.633486
9.742975
8.737945
7.779488
6.892833
6.083908
6.366998
6.471948
5.941951
5.173608
5.249300
5.545815
5.352464
4.744902
4.177020
3.918049
4.461125
4.600479
4.192550
3.675521
4.485816
4.911181
5.030894
4.898398
4.447935
3.435339
2.616274
1.985816
1.644407
1.926658
2.098860
2.136283
2.001796
1.781193
1.563279
1.299900
1.063375
0.859515
0.924219
1.119596
1.186249
1.204012
1.045753
0.812625
1.065696
1.390624
1.744772
2.012194
2.237580
2.426000
2.596162
2.675901
2.624758
2.445816
2.362842
2.515962
2.680052
2.764388
2.718461
2.711303
2.942562
3.198968
3.443096
3.626974
3.736680
3.994816
4.329530
4.654265
4.946301
5.251100
5.538858
5.855848
6.158167
6.377907
6.387894
6.147423
5.808920
5.461055
5.121823
4.781526
4.453645
4.136849
3.858990
3.853988
3.917401
3.842864
3.617938
3.352731
3.088660
3.148953
3.137746
3.039795
3.233694
3.273753
3.173849
3.295063
3.369233
3.380766
3.272242
3.290031
3.599486
3.925417
4.155541
3.934931
3.713803
3.300653
2.979496
2.640030
2.496919
2.369563
2.166720
2.053102
2.024767
1.958830
2.000062
2.016493
1.972088
1.929638
1.880002
2.186646
2.484149
2.728445
2.750983
2.902475
3.210273
3.476313
3.536546
3.528661
3.839307
4.331725
4.911541
5.585103
6.342309
7.167330
8.088689
8.989205
9.615121
9.627268
9.027898
8.168355
7.389657
6.855278
6.420328
5.888333
6.084610
6.723091
7.248242
7.353755
7.055659
6.579701
6.044233
5.510619
5.143807
5.051774
5.095034
5.384830
5.528076
5.357980
4.880853
4.683343
5.088472
5.545714
6.049599
6.589506
7.070429
7.291950
7.256680
7.066641
6.760589
6.298842
5.780861
5.281816
4.846521
4.465235
4.225776
4.740528
4.961033
4.782655
4.278313
4.110445
4.012408
3.753055
3.614727
3.368506
3.107563
3.390909
3.596013
3.594528
3.389511
3.021184
2.807070
2.963706
3.188429
3.459592
3.766612
4.087546
4.404424
4.739616
5.085041
5.403739
5.523173
5.249088
4.447341
3.678247
3.133991
2.588588
2.056812
2.245998
2.482765
2.603659
2.595483
2.482870
2.710418
2.880904
2.850398
2.655010
2.204408
1.636043
1.529245
1.573295
1.665061
1.699040
1.906585
2.064050
2.094248
2.102804
2.123293
2.426016
2.761802
3.111859
3.419981
3.513632
2.960973
2.247329
1.950665
1.656570
1.680172
1.865671
2.107429
2.226754
1.801569
1.580099
1.704908
1.973342
2.301094
2.654784
3.009161
3.448639
3.916780
4.317931
4.593523
4.589370
4.938833
5.458872
6.040364
6.407945
6.621103
6.805314
7.126998
7.830895
8.541581
9.191570
9.154460
6.524678
4.393629
4.113796
3.892714
4.025753
4.572320
5.332004
5.472003
5.420969
6.116173
6.368235
5.963923
4.330385
2.966217
2.795805
3.212144
3.781085
3.902291
2.607718
2.486781
0.000000
0.000000
0.000000
0.000000
0.000000
0.000000
0.000000
0.000000
0.000000
