track	type=wiggle_0
fixedStep	chrom=chr	start=1	step=1
0.000000
0.000000
0.000000
0.000000
0.000000
0.000000
0.000000
0.000000
0.000000
0.001136
0.020861
0.116923
0.291238
0.356138
0.294905
0.192181
0.111183
0.053565
0.108232
0.247653
0.426619
0.628081
0.889865
1.133320
1.241867
1.080689
0.817045
0.856012
1.082029
1.155452
1.212298
1.248331
1.525758
1.923763
2.403267
2.980328
3.613489
4.102378
4.098691
3.604934
3.002842
2.466296
2.511435
2.948675
3.261050
3.457532
3.292145
2.898011
2.423898
1.984144
1.600897
1.272244
0.991741
0.759305
0.582030
0.626423
0.682204
0.613821
0.612973
1.019650
1.530905
1.715282
1.754287
1.714508
1.525600
0.998945
0.561377
0.289139
0.128542
0.044299
0.052393
0.046592
0.065803
0.086709
0.089132
0.102623
0.170554
0.203302
0.190966
0.168701
0.222067
0.370708
0.654266
0.860645
1.035644
1.115006
1.209993
1.372685
1.561329
1.766890
1.978402
2.159474
2.235747
2.185797
2.298898
2.306682
2.187169
1.989709
1.776887
1.571142
1.379265
1.203890
1.049411
0.910920
1.055650
1.206999
1.298343
1.298910
1.379243
1.425802
1.397795
1.514826
1.525607
1.518882
1.698280
1.868839
2.015659
2.116777
2.527075
2.638639
2.959930
3.378423
3.756436
3.910078
3.763043
3.390608
3.009369
2.647139
2.853051
3.423190
4.060184
4.583117
4.579838
4.031559
3.319756
2.676171
2.095439
1.603194
1.196253
1.206829
1.389904
1.588104
1.807625
2.043027
2.281018
2.487496
2.594977
2.485553
2.274552
2.036960
1.802018
1.583416
1.399171
1.362958
1.410335
1.380153
1.268073
1.117156
0.969571
0.834371
0.703981
0.580791
0.471989
0.381261
0.320386
0.386332
0.774179
1.262462
1.410726
1.312866
0.895097
0.546346
0.300302
0.134509
0.109332
0.134543
0.130254
0.135533
0.183863
0.317435
0.471706
0.611509
0.648200
0.605810
0.646214
0.674219
0.781940
0.815432
0.730232
0.966730
1.268871
1.452602
1.358223
1.127383
0.855959
0.619128
0.472940
0.434792
0.305540
0.158426
0.055175
0.038217
0.082509
0.119791
0.149381
0.146689
0.111771
0.072486
0.029570
0.005294
0.000151
0.000000
0.000000
0.000000
0.000000
0.000000
0.000000
0.000000
0.000000
0.005845
0.093791
0.168582
0.200962
0.222089
0.226788
0.228072
0.224589
0.208240
0.153459
0.044186
0.000908
0.000000
0.000000
0.000000
0.000000
0.000000
0.000000
0.000000
0.000000
0.000000
0.000000
0.000000
0.000000
0.000000
0.000000
0.000000
0.000000
0.000000
0.000000
0.000000
0.000000
0.000000
0.000000
0.000000
0.000000
0.000000
0.000000
0.000000
0.000000
0.000000
0.000080
0.000000
0.000000
0.000000
0.000000
0.000000
0.000000
0.000000
0.000000
0.000000
0.000000
0.000000
0.000208
0.014377
0.052289
0.116428
0.207758
0.317428
0.421803
0.485697
0.457753
0.587315
0.796119
1.063875
1.388775
1.766823
2.179133
2.544217
2.608699
2.755198
2.680517
2.281962
1.839943
1.810005
2.143811
2.481863
2.644789
2.639732
2.727982
2.612420
2.266507
1.901079
1.547396
1.238048
0.970578
0.829270
0.964622
0.972922
0.975918
0.957203
0.825868
1.009823
1.351711
1.777323
2.239203
2.630380
2.636002
2.565787
2.540818
2.284321
1.653393
1.077579
1.110059
1.299710
1.289858
1.090796
0.836082
0.604039
0.412453
0.334918
0.226305
0.128961
0.158014
0.218471
0.292304
0.379425
0.477199
0.586845
0.695504
0.780849
0.783858
0.705383
0.596208
0.485614
0.386833
0.299036
0.225225
0.163654
0.110565
0.067636
0.035428
0.013895
0.002379
0.000000
0.000000
0.000000
0.000000
0.000345
0.006538
0.016074
0.018297
0.009906
0.002285
0.000000
0.000000
0.000000
0.000000
0.001811
0.006641
0.007023
0.002496
0.006742
0.020137
0.038098
0.051980
0.051846
0.037546
0.020233
0.007659
0.021583
0.034998
0.073950
0.129296
0.144400
0.145772
0.177261
0.177963
0.148877
0.116603
0.108558
0.055145
0.018494
0.008081
0.000000
0.000000
0.000000
0.000000
0.000000
0.000000
0.000000
0.000000
0.001592
0.053916
0.098879
0.118436
0.132053
0.145743
0.145743
0.131899
0.117803
0.096755
0.049932
0.000377
0.000000
0.000000
0.000000
0.000000
0.000000
0.000000
0.000000
0.000000
0.000000
0.000000
0.000000
0.000000
0.000000
0.000000
0.000000
0.000000
0.000000
0.000013
0.004959
0.014767
0.023012
0.017159
0.007871
0.003000
0.001853
0.010706
0.033058
0.099072
0.143415
0.130946
0.063126
0.014448
0.000429
0.000000
0.002799
0.032179
0.096624
0.201216
0.349806
0.549490
0.806794
1.129381
1.531320
2.021096
2.596152
3.151570
3.550273
3.458148
2.993824
2.778941
3.357097
3.924893
4.220404
4.147622
3.682521
3.114429
2.556618
2.181773
2.575175
3.014175
3.501120
4.049053
4.638939
5.226265
5.631582
5.632271
5.221357
4.670330
4.213209
3.879892
3.452721
3.018165
2.848670
3.218488
3.521530
3.833938
4.129051
4.348758
4.338600
4.071650
3.655889
3.242832
2.846924
2.486063
2.157363
2.372335
2.572314
2.659219
2.522340
2.297128
2.159885
2.394601
2.528235
2.562024
2.653899
2.751617
2.818713
2.732724
2.556679
2.311908
2.537197
2.795148
3.066933
3.354113
3.657721
3.980599
4.293466
4.555939
4.662143
4.541389
4.269536
3.955680
3.915285
3.702090
3.430571
3.134182
2.848162
2.577827
2.326106
2.089174
1.865291
1.723254
1.876269
1.970197
1.882641
1.712793
1.840236
2.039781
2.584411
3.123603
3.332422
3.169814
2.639302
2.144661
1.936243
2.012929
2.141932
2.231944
2.203725
2.141531
2.282465
2.405894
2.453497
3.201480
4.222884
5.637871
6.293606
6.470841
6.470841
6.319967
6.060731
6.293758
6.085755
5.588183
4.993036
4.415808
3.894340
3.420277
2.987723
2.594558
3.054487
3.639224
4.279468
4.864049
5.496051
5.919465
6.701053
7.659506
8.545550
8.918422
8.551673
7.671721
6.667814
5.726867
4.892695
4.154127
3.515643
2.997105
2.512153
2.067077
1.675075
1.335773
1.046991
0.801298
0.595283
0.438028
0.381351
0.409009
0.455761
0.563466
0.670579
0.749881
0.817924
0.850097
0.813984
0.720898
0.714923
0.797602
0.803307
0.930233
1.070532
1.221727
1.368551
1.468290
1.478092
1.385779
1.246265
1.099645
0.949196
0.812122
0.709511
0.863983
1.019911
0.880858
0.621101
0.645765
0.751027
0.853543
0.908644
0.866627
0.767012
0.665668
0.746882
0.786186
0.783265
0.884227
0.930070
0.907742
0.919407
0.959253
0.946742
0.870068
0.779977
0.697354
0.610152
0.795124
1.079067
1.346178
1.564042
1.954409
2.400346
2.631463
2.404861
1.946747
1.495982
1.110994
0.863419
0.803442
0.703565
0.612111
0.743302
0.933402
1.080579
1.241309
1.224832
1.063861
0.903252
0.880624
1.107717
1.279905
1.266250
1.092002
0.878777
0.684511
0.581804
0.526689
0.461067
0.832286
1.154530
1.246230
1.156518
0.834612
0.779218
0.909072
1.063785
1.245918
1.417337
1.553763
1.556928
1.583776
1.726237
1.852089
1.857525
1.700735
1.502594
1.296717
1.102538
0.994093
1.145239
1.256151
1.258471
1.170269
1.057873
0.944706
0.810488
0.677132
0.677444
0.859348
1.030574
1.234511
1.453630
1.690513
1.961103
2.273543
2.513063
2.513911
2.266914
1.954955
1.639969
1.350168
1.087554
0.961558
0.877950
0.861547
1.084705
1.397164
1.568866
1.492217
1.771613
2.280404
2.959484
3.590055
3.567573
2.936181
2.426317
2.231367
1.912891
2.086872
2.517733
2.455460
1.873930
1.547372
1.251472
1.349849
1.447863
1.493177
1.439164
1.330375
1.212269
1.078119
1.197337
1.260041
1.305586
1.279623
1.180868
1.060925
0.944568
0.929766
1.013672
1.061841
1.040702
0.943189
0.824659
0.831444
0.959762
1.106222
1.269670
1.450799
1.637661
1.824712
1.999302
2.115988
2.148586
2.055020
1.886002
1.732541
1.619421
1.542247
1.671714
1.752262
1.744057
1.639266
1.489495
1.324060
1.179985
1.319892
1.432976
1.513573
1.588269
1.608507
1.589613
1.536857
1.648959
1.729753
1.759205
1.844001
1.874944
1.781775
1.608163
1.411285
1.260682
1.249845
1.343965
1.409581
1.588351
1.810651
1.964728
1.980014
1.848983
1.638291
1.433055
1.263083
1.309535
1.479277
1.571559
1.587863
1.530652
1.381669
1.218285
1.059140
0.919958
0.798273
0.740124
0.709407
0.909594
1.165252
1.516616
1.948368
2.457408
3.062425
3.764622
4.442967
4.924786
4.899568
4.523684
4.010368
3.354664
2.776630
2.343579
2.321816
2.485214
2.596046
2.593606
2.551578
2.451265
2.507611
2.646966
2.803241
2.870115
2.773291
2.574159
2.415596
2.446139
2.335460
2.172430
2.250677
2.578973
2.944378
3.328551
3.717372
4.067030
4.132717
3.932653
3.640326
3.339508
3.138248
3.031296
2.797435
2.486568
2.950884
3.414294
3.104901
3.554489
4.014204
4.374993
4.495063
4.238229
3.859966
3.429312
3.011226
2.629141
2.276232
2.317645
2.439437
2.490808
2.584652
2.723128
2.729946
2.678848
2.644603
2.583181
2.448506
2.290411
2.238928
2.286760
2.289999
2.193295
2.011587
1.796219
1.583269
1.401543
1.296690
1.218761
1.170198
1.087808
1.032837
1.075943
1.044115
0.977803
1.098950
1.155076
1.102060
0.991894
0.862092
0.730107
0.605166
0.505990
0.482363
0.466266
0.575086
0.540123
0.503195
0.593396
0.876386
1.258745
1.746849
2.399642
2.824215
2.978065
2.978959
2.815234
2.342205
1.639688
1.331398
1.626774
1.682524
1.438322
1.137875
0.993600
1.134941
1.320371
1.463463
1.545998
1.548903
1.459387
1.305355
1.094071
0.894507
0.588362
0.465735
0.718808
1.085387
1.291298
1.269748
0.999941
0.674019
0.454981
0.255763
0.269385
0.276506
0.262274
0.216954
0.118057
0.024527
0.001025
0.020144
0.058679
0.090325
0.079244
0.034561
0.004532
0.000000
0.000000
0.000273
0.023350
0.082554
0.152961
0.161885
0.106759
0.036631
0.005930
0.025022
0.038805
0.042819
0.041250
0.032552
0.011059
0.000000
0.000000
0.000000
0.000000
0.000000
0.000000
0.000000
0.000000
0.000000
0.000000
0.000000
0.001264
0.003544
0.000401
0.000000
0.000000
0.000000
0.000000
0.000000
0.000000
0.002411
0.034515
0.115094
0.261466
0.479650
0.790501
1.233318
1.756839
1.978709
1.975962
1.742923
1.764612
2.184265
2.505087
2.439286
2.089265
1.645339
1.246973
0.941475
0.679291
0.460383
0.276334
0.142589
0.060372
0.021549
0.001264
0.000465
0.024249
0.048493
0.020818
0.000000
0.000000
0.000000
0.000000
0.000000
0.000000
0.000000
0.000000
0.000000
0.000000
0.000000
0.000000
0.000000
0.000000
0.000000
0.000000
0.000000
0.000000
0.000000
0.000000
0.000000
0.018539
0.086125
0.126675
0.137288
0.139354
0.139021
0.135182
0.118815
0.067302
0.003574
0.000000
0.000000
0.000000
0.000000
0.000000
0.000000
0.000000
0.000000
0.000000
0.000000
0.000000
0.000000
0.000000
0.000000
0.000000
0.000000
0.000000
0.000000
0.000000
0.000000
0.000000
0.000000
0.000000
0.000000
0.000000
0.000000
0.000000
0.000000
0.000000
0.000000
0.000000
0.000000
0.006133
0.049558
0.105848
0.195730
0.211960
0.167284
0.145914
0.164536
0.146340
0.094649
0.163954
0.301880
0.487458
0.710618
0.949448
1.194385
1.577716
2.064099
2.618028
3.127462
3.283146
3.476613
4.111179
4.580723
3.809181
2.927531
2.232949
1.672003
1.213497
0.860357
0.599490
0.404278
0.232784
0.108958
0.036023
0.009540
0.006731
0.000655
0.000019
0.008230
0.028465
0.042441
0.038300
0.018685
0.005035
0.000000
0.000000
0.000000
0.002580
0.015316
0.030748
0.037908
0.050844
0.088841
0.124887
0.139465
0.169126
0.207944
0.230001
0.213172
0.270744
0.321065
0.326759
0.387359
0.488672
0.604206
0.733970
0.872692
1.010956
1.149166
1.301725
1.474002
1.653214
1.869819
2.116325
2.346370
2.474495
2.414994
2.245739
2.040073
1.847981
1.700719
1.732821
1.691011
1.575960
1.437963
1.322982
1.229998
1.212059
1.375904
1.556071
1.715136
1.803677
1.759402
1.659635
1.795414
2.256475
2.734045
3.273967
3.731882
3.733426
3.274973
2.709543
2.255815
2.133970
2.174137
2.255369
2.339375
2.473935
2.547575
2.509304
2.425929
2.255949
2.076262
2.321742
2.446148
2.347803
2.014051
1.629440
1.252095
1.141499
1.306858
1.527628
1.724004
1.878921
2.136534
2.451835
2.789995
3.138582
3.473215
3.695708
3.693866
3.495307
3.219250
2.863780
2.548553
2.293976
2.406469
2.484390
2.659734
2.918591
3.206877
3.519029
3.851684
4.201312
4.490358
4.654465
4.556273
4.405403
4.146944
4.081203
4.075650
3.857080
3.719684
3.531937
3.223254
2.977460
3.360776
3.758215
4.127107
4.545873
4.875861
4.962248
4.811510
4.545011
4.167398
3.856986
3.767591
3.627384
3.346046
3.043602
3.150840
3.663895
4.230449
4.863293
5.529143
6.171996
6.523356
6.433995
6.150033
5.847803
5.428318
4.850375
4.249868
3.705087
3.197739
2.771736
2.389696
2.224186
2.156067
2.423568
3.021192
3.699675
4.471173
5.411637
6.462295
7.386296
7.836555
7.328997
6.437674
5.406475
4.445503
3.615929
2.893943
2.281951
2.043732
1.924506
1.690792
1.555269
1.416779
1.367530
1.453018
1.725682
2.211939
2.779528
3.079873
3.181535
3.108857
2.868031
2.804823
2.879597
3.113199
3.250425
3.324465
3.257576
3.133546
3.040262
3.039638
3.180024
3.337579
3.426248
3.358640
3.198195
2.980433
2.760617
2.698874
2.734507
2.649727
2.921644
3.180748
3.418320
3.536719
3.553773
3.750720
3.969150
4.177569
4.309376
4.463041
4.520751
4.383731
4.131944
3.798831
3.553576
3.278199
3.232910
3.505185
3.780198
4.041089
4.247355
4.322675
4.228757
4.132136
3.945913
3.722453
3.496694
3.291502
3.140824
3.004370
2.815845
2.600531
2.551781
2.722593
2.914791
3.094018
3.227482
3.210357
3.322984
3.489361
3.548954
3.471273
3.308092
3.189169
2.990500
2.749495
2.493412
2.241881
2.129229
2.366600
2.551735
2.822787
3.204167
3.608479
4.045026
4.514219
5.014597
5.482970
5.796425
5.693129
5.301197
4.825086
4.358758
3.911970
3.476104
3.067427
2.683127
2.341487
2.734691
2.985144
2.874867
2.685153
2.320604
1.970635
1.631765
1.541904
1.759116
1.753931
1.998630
2.313406
2.385004
2.266294
2.425994
2.602893
2.654425
2.619808
2.536372
2.451393
2.287150
2.003855
1.541650
1.347909
1.265169
1.217797
1.166028
1.045291
0.771631
0.440243
0.219520
0.143885
0.199199
0.210324
0.162023
0.094457
0.043254
0.012606
0.009871
0.031394
0.066494
0.113890
0.167056
0.216682
0.234492
0.207331
0.158176
0.112880
0.090118
0.091506
0.072447
0.051654
0.036449
0.034786
0.050659
0.073870
0.077919
0.086925
0.143314
0.187110
0.185152
0.166695
0.124658
0.068195
0.073035
0.073512
0.072325
0.071921
0.070610
0.064140
0.042218
0.013349
0.069551
0.120020
0.125185
0.077763
0.018624
0.000000
0.000000
0.000000
0.000000
0.000000
0.000000
0.000000
0.000000
0.000000
0.000000
0.000000
0.000000
0.000000
0.000000
0.000000
0.000000
0.000000
0.000000
0.000000
0.000000
0.000000
0.000000
0.000000
0.000000
0.000000
0.018684
0.089040
0.176339
0.231224
0.247446
0.228368
0.171701
0.088114
0.025391
0.008439
0.015885
0.028482
0.034874
0.010623
0.000596
0.000000
0.000000
0.000000
0.000000
0.000000
0.000000
0.000000
0.000000
0.000000
0.000000
0.000000
0.000000
0.000000
0.000000
0.000000
0.000000
0.000000
0.000000
0.000000
0.000000
0.000000
0.000000
0.000000
0.000000
0.014906
0.064125
0.116821
0.134705
0.087983
0.028216
0.049425
0.047108
0.078815
0.089023
0.066453
0.030579
0.007022
0.000000
0.000000
0.000000
0.000000
0.000000
0.004952
0.034750
0.105871
0.229787
0.412475
0.657431
0.959425
1.306822
1.757835
2.302797
2.832190
3.037108
2.840667
2.313784
1.774475
1.347396
0.984625
0.676489
0.427999
0.499180
0.613035
0.672832
0.792837
1.206380
1.393124
1.383135
1.175060
0.691127
0.364361
0.259849
0.394707
0.561574
0.754957
0.927331
1.010854
0.939949
0.749017
0.550938
0.490691
0.616342
0.754124
0.884886
0.973973
0.977903
0.991669
1.040031
1.034577
0.946142
0.862353
0.800891
0.718057
0.720012
0.685062
0.680307
0.823989
0.983764
1.176542
1.393980
1.636949
1.852855
2.010601
1.963044
1.793216
1.586156
1.367177
1.189520
1.087300
0.960404
0.977532
1.111453
1.272638
1.461536
1.584973
1.595040
1.616375
1.760422
1.944228
2.011180
1.946079
1.785607
1.589207
1.391215
1.197422
1.043014
1.160339
1.422426
1.771091
2.176981
2.632301
3.075273
3.412587
3.465973
3.271825
3.104261
3.022490
2.957350
2.801155
2.591342
2.807896
3.420160
4.126686
4.869111
5.511341
6.211992
6.877470
7.340875
8.337951
9.696771
11.177292
12.471119
13.184804
12.352990
10.960891
9.445738
8.024785
6.775586
5.986542
6.724922
7.520165
8.146711
8.175660
7.631600
6.929084
7.337669
7.658767
7.507682
7.117166
6.423977
5.864389
5.375536
4.810202
4.210386
3.635365
3.524711
3.684099
3.639545
3.547201
3.209670
2.934132
2.773522
3.063562
3.338284
3.653381
3.927989
3.969223
3.918433
3.973403
4.310761
4.753600
5.216514
5.661078
6.038461
6.133719
5.950119
5.498531
5.013435
4.539070
4.084969
3.674929
3.470030
3.672822
3.722264
3.637690
3.399012
3.116743
2.819958
2.501569
2.219368
1.990059
1.944772
2.155452
2.376467
2.543761
2.573302
2.445636
2.262659
2.235646
2.494733
3.048354
3.677460
4.390205
5.175236
6.013418
6.774576
7.205437
6.802135
6.056841
5.258385
4.458287
3.722512
3.071153
2.510120
2.029491
1.630341
1.342613
1.444547
1.469399
1.357583
1.215330
1.074412
1.125865
1.101627
1.292483
1.569903
1.869023
2.168650
2.369266
2.348776
2.125308
1.819110
1.557644
1.454245
1.299372
1.546054
1.672922
1.540352
1.795884
2.006840
2.137058
2.061616
1.962346
1.808856
1.564006
1.299422
1.002496
0.921526
0.875725
0.767784
0.683381
0.704200
0.692889
0.636991
0.548278
0.488500
0.709102
0.882290
0.984509
1.056016
1.051140
1.047701
1.026413
0.968459
0.948654
1.042165
1.237620
1.346715
1.421304
1.426263
1.389317
1.477201
1.654288
1.807359
1.873397
1.877049
1.958027
1.931332
1.783269
1.885405
2.028207
2.062528
2.182740
2.363124
2.434268
2.470434
2.593001
2.784250
2.877055
2.976769
3.156974
3.304511
3.336329
3.490609
3.767841
3.991097
4.156869
4.139352
3.942703
3.832045
4.134677
4.428987
4.633438
4.641314
4.421659
4.173021
4.319512
4.726095
4.734991
4.396204
4.203734
4.223939
4.344452
4.270885
3.921989
3.496089
4.042182
4.709342
5.214841
5.708597
5.680439
5.153594
4.508358
4.103047
4.767878
5.755864
6.877872
8.134741
9.563172
11.168242
12.864243
14.158278
14.172100
13.055739
11.504593
9.920465
9.581489
10.905281
12.320016
13.660032
14.801648
14.986757
14.238313
13.023318
11.571448
10.324244
9.784836
10.820512
11.956739
13.091314
13.918139
14.061211
13.359447
13.160379
12.837330
12.102604
11.329200
10.777932
10.482639
10.035175
9.201172
8.311807
7.466438
6.849584
6.250054
5.918985
5.479836
5.027115
4.772750
4.908670
4.920570
4.805755
5.303513
5.434968
5.270884
4.725127
3.613192
3.047905
3.111598
3.137006
3.211510
3.256292
3.403959
3.720553
4.300214
4.654700
4.760457
4.602350
4.486812
4.500136
4.601885
4.954975
5.326381
5.619668
5.834048
5.938419
5.899960
5.796253
6.225142
6.609147
6.979366
7.353036
7.747313
8.117938
8.475984
8.836685
9.152863
9.265759
9.168431
8.834661
8.427654
8.298954
8.731792
9.206015
9.703763
10.236450
10.798725
11.360298
11.874082
12.190130
12.136139
11.669784
11.095968
10.933604
11.184901
11.175775
10.802101
10.292297
9.779561
9.306693
8.840112
8.376882
8.067146
7.812571
7.492722
7.566336
7.406771
7.032474
7.152421
7.849945
8.071697
7.800668
7.024138
6.194179
5.856799
5.726397
5.822177
6.105495
6.588574
7.155857
7.593566
7.812666
7.738955
7.246696
6.750762
6.093881
5.229437
4.614352
3.946953
3.281353
3.356968
3.244800
3.494868
3.757226
3.953620
4.168786
4.383834
4.338262
4.752644
5.161145
5.137380
4.926235
4.420992
3.793778
3.211348
3.241019
3.810742
4.392105
5.153917
6.056990
7.103446
8.278730
9.450614
10.276160
10.255187
9.375640
8.170454
6.995017
5.941810
5.434594
4.917376
5.445689
5.520555
5.119342
4.645654
4.005301
3.664825
4.169680
4.566523
4.733556
4.497781
4.204237
4.403034
4.182749
3.730565
3.304943
3.609776
3.931191
4.226984
4.440679
4.523470
4.681731
5.194160
5.749927
6.228924
6.456299
6.394265
6.026652
5.547466
5.004576
4.551580
4.670928
4.519372
4.848432
5.135624
5.226158
5.187376
5.300571
5.111663
4.791983
4.413839
4.045959
3.855946
3.840624
3.724678
3.774914
4.085276
4.200747
3.984261
3.597343
3.158990
2.748708
2.387131
2.548239
2.666087
2.772547
2.920941
3.209151
3.667798
3.988142
3.913621
3.529691
3.063561
2.807697
2.830886
2.685976
2.714155
2.902269
3.034196
2.947006
2.731955
2.541619
2.575291
2.381951
2.180113
2.302189
2.032103
1.595783
1.644563
1.412666
1.073137
1.230009
1.326367
1.344228
1.516405
1.627912
1.608259
1.470567
1.546159
1.789315
2.057540
2.340892
2.615668
2.796098
2.652808
2.540555
2.364594
2.297146
1.917161
1.670032
1.565551
1.715442
1.952609
2.245289
2.575600
2.943604
3.360894
3.821720
4.315701
4.843678
5.403963
5.991196
6.577845
7.015936
6.807241
5.800475
5.230003
5.409606
5.933091
6.607124
7.396967
8.265222
9.171950
10.156516
11.207402
12.217115
12.848976
12.343493
10.580086
8.763222
5.871212
5.642339
5.652057
6.326296
6.556764
6.037239
5.205971
5.008457
5.122734
3.878987
2.288652
2.166911
2.585366
3.187589
3.707591
3.523502
3.462234
3.962328
4.549790
4.725127
0.000000
0.000000
0.000000
0.000000
0.000000
0.000000
0.000000
0.000000
0.000000
