track	type=wiggle_0
fixedStep	chrom=chr	start=1	step=1
0.000000
0.000000
0.000000
0.000000
0.000000
0.000000
0.000000
0.000000
0.000000
0.000000
0.000000
0.000000
0.000000
0.022513
0.319307
0.755317
1.170779
1.328470
1.184318
0.914373
0.894974
1.111664
0.833372
0.731368
1.163180
1.629175
2.164201
2.689433
3.290572
3.950080
4.452011
4.448114
3.940944
3.314510
2.752757
2.291762
2.635907
2.886307
3.009539
2.829787
2.469396
2.050588
1.666370
1.330706
1.043623
0.800664
0.600362
0.451269
0.514455
0.563505
0.500167
0.400047
0.496030
0.851152
0.988700
1.019433
0.988701
0.848399
0.484979
0.216598
0.072583
0.011042
0.000000
0.000000
0.000000
0.000000
0.000211
0.000449
0.000000
0.000000
0.015081
0.050798
0.100259
0.150224
0.185122
0.190341
0.464124
0.830728
1.256474
1.803712
2.152212
2.458823
2.720283
2.978718
3.195881
3.289796
3.233289
3.371999
3.381876
3.239216
2.999001
2.738960
2.487636
2.253157
2.027020
1.814513
1.971691
2.210709
2.411545
2.494131
2.426686
2.267163
2.309866
2.278795
2.409294
2.429603
2.332650
2.378446
2.716930
3.086230
3.484512
3.923259
4.402740
4.922304
5.467533
5.957894
6.163348
5.957893
5.474969
4.978416
4.495161
4.109168
4.031249
4.008905
3.838477
3.486379
3.111264
2.759060
2.420635
2.120315
1.852506
1.631443
1.613712
1.526493
1.376856
1.345236
1.435960
1.516212
1.578617
1.650240
1.573643
1.412698
1.239488
1.077471
0.950157
0.851109
0.786798
0.823943
0.802521
0.723205
0.617080
0.515478
0.429719
0.364559
0.316747
0.262303
0.293483
0.296498
0.432653
0.840485
1.351072
1.507337
1.403851
0.968057
0.604631
0.344539
0.165326
0.064219
0.071879
0.107227
0.144608
0.173033
0.178418
0.184255
0.159111
0.167872
0.168645
0.151132
0.082287
0.046790
0.021402
0.019880
0.037167
0.062144
0.093843
0.127104
0.150157
0.161830
0.143706
0.112755
0.078621
0.050147
0.028107
0.016103
0.017230
0.019820
0.025163
0.050891
0.108462
0.193595
0.232187
0.218033
0.208442
0.202051
0.169383
0.165114
0.109535
0.039820
0.005136
0.000012
0.000212
0.001080
0.009634
0.108699
0.190509
0.225897
0.250029
0.255489
0.256989
0.253169
0.235138
0.174641
0.054524
0.003152
0.000000
0.000000
0.001667
0.000037
0.000000
0.000000
0.008740
0.089972
0.205978
0.245160
0.255071
0.249174
0.215365
0.108602
0.035833
0.025174
0.046234
0.060240
0.057998
0.042297
0.021625
0.006865
0.012542
0.030306
0.058358
0.096383
0.140920
0.177140
0.181559
0.147946
0.142253
0.129346
0.096428
0.058998
0.029991
0.017637
0.026922
0.040648
0.052940
0.052047
0.036769
0.028431
0.019068
0.041235
0.067400
0.106021
0.183008
0.264558
0.307200
0.278397
0.370991
0.529723
0.737616
0.995292
1.301786
1.641461
1.939527
1.998565
2.073422
2.016610
1.697805
1.336964
1.009195
0.743064
0.548854
0.446426
0.431545
0.400381
0.327630
0.234620
0.142995
0.071618
0.025725
0.006917
0.000754
0.003924
0.016216
0.038333
0.053630
0.090192
0.213858
0.383486
0.554120
0.563192
0.585746
0.538075
0.376356
0.219540
0.102201
0.032488
0.045367
0.100632
0.156167
0.163144
0.113065
0.058481
0.019558
0.000907
0.000000
0.000000
0.000000
0.001558
0.030939
0.103423
0.218439
0.347895
0.468682
0.596165
0.641691
0.641691
0.594460
0.459003
0.211841
0.091809
0.048630
0.045217
0.092862
0.123500
0.098275
0.052328
0.015581
0.000322
0.000000
0.000000
0.000000
0.000000
0.000000
0.000000
0.000000
0.000000
0.000000
0.000000
0.000000
0.000000
0.000000
0.000000
0.000000
0.000000
0.000000
0.000000
0.000000
0.000000
0.000000
0.000000
0.000000
0.000000
0.000000
0.007342
0.035988
0.036755
0.007336
0.000000
0.000000
0.000000
0.000000
0.000000
0.000000
0.000000
0.000000
0.000000
0.000000
0.000000
0.000000
0.000000
0.000000
0.000000
0.000000
0.000000
0.000000
0.000000
0.003627
0.066336
0.116780
0.138429
0.153455
0.168387
0.168387
0.153277
0.137687
0.114304
0.061465
0.001678
0.000000
0.000000
0.000000
0.000000
0.000000
0.000000
0.000000
0.000000
0.000000
0.000000
0.000000
0.000000
0.000000
0.000000
0.000000
0.000000
0.000000
0.000000
0.000000
0.000000
0.000000
0.000000
0.000000
0.000000
0.000000
0.011312
0.057347
0.119881
0.154803
0.139128
0.069010
0.020268
0.012208
0.051855
0.121862
0.226283
0.367492
0.547070
0.761608
1.008461
1.348333
1.762910
2.256905
2.838325
3.506602
4.189403
4.707902
4.666370
4.083403
3.951482
4.653974
5.315289
5.635298
5.498163
4.879512
4.197569
3.528340
2.940980
2.447447
2.047250
1.850749
1.990405
1.993405
1.907707
1.760811
1.841191
2.112887
2.178232
1.955589
1.618068
1.317238
0.940292
0.729385
0.821968
1.012209
1.220816
1.417979
1.522483
1.474587
1.313797
1.124125
0.950782
0.793120
0.695446
0.725283
0.700091
0.730243
0.831375
0.852635
0.788506
0.826743
0.783086
0.872774
1.005445
1.075743
1.055707
1.033116
1.190655
1.363085
1.549794
1.747509
1.922142
2.112647
2.251717
2.255269
2.122924
1.935225
2.219150
2.653563
2.892838
2.599417
2.631185
2.572417
2.393520
2.175926
2.187492
2.383023
2.544656
2.553141
2.412698
2.199984
2.172868
2.366517
2.477983
2.397544
2.218512
1.986849
2.288111
2.856739
3.413304
3.626749
3.462299
2.907620
2.393646
2.109257
2.168940
2.429743
2.464725
2.272666
2.479706
2.714684
2.872333
2.879130
3.428520
4.488638
5.961251
6.651092
6.837542
6.837541
6.678771
6.720914
6.961320
6.747438
6.221842
5.600379
5.000392
4.450406
3.946498
3.488190
3.067417
3.444874
4.063281
4.734526
5.353777
6.009199
6.437310
7.245295
8.235721
9.164565
9.542872
9.170719
8.248073
7.209946
6.234112
5.371417
4.600437
3.929402
3.382277
2.870910
2.400801
1.986517
1.649704
1.361527
1.285426
1.280839
1.169706
1.036486
0.899189
0.958692
1.027229
1.003736
0.908030
0.820623
0.840213
0.873801
1.037479
1.200824
1.305871
1.285375
1.163721
1.000707
1.055854
1.143604
1.238053
1.244416
1.159275
1.030186
0.915726
0.915451
1.001898
1.018753
0.969179
0.872929
0.832510
0.884048
0.967840
1.019411
0.957011
1.012136
1.149629
1.410113
1.643993
1.822456
2.003197
2.187220
2.395591
2.593313
2.765989
2.880291
2.876219
2.744698
2.557913
2.381694
2.222054
2.434004
2.735165
2.678516
2.270161
1.816254
1.956740
2.351093
2.289516
2.056978
2.250077
2.460135
2.660705
2.792009
2.794013
2.651289
2.459833
2.339489
2.408906
2.317355
2.138028
1.945652
1.788562
1.685972
1.582159
1.580579
1.753918
1.750755
1.572771
1.323504
1.065607
0.853201
0.947600
1.066312
1.122442
1.232445
1.327964
1.230549
0.893412
0.834202
0.872688
0.964962
1.088764
1.200007
1.343124
1.526458
1.762907
1.985456
2.166883
2.187212
2.021524
1.803586
1.578542
1.368710
1.224257
1.099416
0.990136
0.947761
0.944135
0.976240
0.968293
0.925220
0.814905
0.859942
1.060635
1.245011
1.464821
1.698748
1.947275
2.234904
2.565947
2.816995
2.817370
2.559548
2.227186
1.890182
1.570268
1.275666
1.091145
1.011558
0.992482
1.171170
1.487293
1.653269
1.571937
1.833446
2.343511
3.015623
3.639731
3.621979
2.991762
2.489737
2.297568
1.976304
2.137078
2.566645
2.502494
1.928402
1.601679
1.297342
0.953786
0.917172
1.182749
1.440846
1.683532
2.006636
2.409439
2.813505
3.138066
3.104540
2.745542
2.267519
1.826680
1.447641
1.129414
0.858870
0.636851
0.453617
0.303575
0.192996
0.108281
0.049280
0.014409
0.003268
0.015131
0.034628
0.058562
0.078673
0.097263
0.102740
0.091319
0.071441
0.090421
0.131653
0.185271
0.242930
0.286024
0.292495
0.259516
0.206662
0.153478
0.106934
0.069057
0.091473
0.103556
0.099415
0.078427
0.052779
0.035265
0.018541
0.004533
0.000001
0.000000
0.000045
0.000856
0.002738
0.002369
0.000392
0.000000
0.000000
0.000000
0.000000
0.000000
0.000000
0.000000
0.000000
0.000000
0.000000
0.000000
0.000000
0.005287
0.078070
0.136673
0.155432
0.159494
0.159568
0.160044
0.160634
0.255175
0.399817
0.581996
0.809132
1.096022
1.451508
1.875868
2.378421
2.967306
3.641140
4.311169
4.827900
4.829254
4.303658
3.569176
2.866283
2.295855
1.929675
2.046510
2.155370
1.999779
1.730281
1.405787
1.091556
1.318608
1.616120
1.942405
2.275591
2.482609
2.434102
2.170982
1.818439
1.494256
1.241816
1.523411
1.726628
1.726739
1.521663
1.626705
1.814499
1.911468
1.813122
1.612312
1.568266
1.837301
2.235859
2.541731
3.162048
3.999780
4.575325
4.005936
3.183468
2.485964
1.907122
1.871445
1.784512
1.561573
1.323845
1.101692
0.916754
0.780447
0.750055
0.772529
0.893067
0.990654
0.965809
1.092016
1.186268
1.167760
1.097474
1.207555
1.229782
1.166183
1.021112
0.876242
0.880767
0.855494
0.909173
0.895669
0.837383
0.727389
0.624927
0.552083
0.492471
0.471265
0.527095
0.554478
0.537589
0.473763
0.373980
0.277737
0.202445
0.140136
0.213465
0.363350
0.573836
0.783995
0.809313
0.644823
0.517542
0.550010
0.657068
0.880642
1.235019
1.737634
2.391355
2.822620
2.977415
2.978537
2.802061
2.286215
1.515740
1.023963
0.818014
0.755089
0.608137
0.448315
0.413321
0.586444
0.730735
0.754734
0.726152
0.730175
0.670585
0.575543
0.453818
0.338880
0.220749
0.418498
0.696441
1.067369
1.271404
1.242894
0.942738
0.544566
0.290113
0.132574
0.044906
0.005310
0.000000
0.000000
0.000000
0.000000
0.000000
0.000000
0.000000
0.000000
0.000000
0.000000
0.000000
0.000000
0.000000
0.000000
0.000000
0.000000
0.000000
0.000000
0.000000
0.000000
0.000000
0.000000
0.000000
0.000000
0.000000
0.000000
0.000000
0.000000
0.000000
0.000000
0.000000
0.000000
0.000000
0.000000
0.000000
0.000000
0.000000
0.000000
0.000000
0.000000
0.000000
0.000000
0.000000
0.000000
0.000000
0.014328
0.061249
0.147465
0.278160
0.468146
0.723935
1.052841
1.464738
1.954134
2.503811
2.952375
2.957045
2.516852
1.981253
1.485420
1.078050
0.944595
1.241868
1.554129
1.744905
1.812233
1.586448
1.280354
0.951501
0.675431
0.457885
0.328898
0.431737
0.470503
0.426346
0.333680
0.603901
0.864570
0.849199
0.538428
0.265708
0.121881
0.037430
0.001891
0.000000
0.000000
0.000000
0.013726
0.039030
0.042384
0.016448
0.000020
0.000000
0.000000
0.001791
0.024838
0.108280
0.259468
0.503320
0.879006
1.056659
1.122877
1.126211
1.078290
0.949006
0.697396
0.523078
0.347859
0.168009
0.072589
0.047522
0.025415
0.019769
0.012653
0.000733
0.003406
0.007017
0.018980
0.025515
0.016419
0.008807
0.019222
0.062789
0.134768
0.235046
0.362133
0.508049
0.640478
0.650802
0.543997
0.431851
0.362283
0.361750
0.482717
0.665560
0.855836
1.039020
1.107497
1.086046
1.206401
1.654045
2.186800
2.753302
2.855692
2.607306
2.643483
2.637447
3.050124
3.476559
2.946226
2.953951
3.514067
3.927793
4.061454
3.776916
3.237310
2.718764
2.734945
3.334731
3.872756
4.093630
4.189813
4.554944
4.619576
4.054371
3.364842
2.680929
2.087355
1.604039
1.207052
0.876490
0.612811
0.424842
0.413363
0.484988
0.556846
0.517257
0.389593
0.248669
0.135474
0.060004
0.016963
0.001990
0.000042
0.003360
0.013889
0.030429
0.051896
0.079398
0.115227
0.163720
0.301289
0.350959
0.291315
0.229834
0.238897
0.241262
0.212659
0.181295
0.227854
0.277534
0.302418
0.282430
0.281090
0.362763
0.464861
0.568009
0.628437
0.711491
0.819351
0.938953
1.071540
1.223109
1.405698
1.627014
1.877040
2.112227
2.214892
2.151148
1.967365
1.759526
1.557809
1.375480
1.214896
1.306465
1.473340
1.660408
1.851856
2.040626
2.258298
2.496748
2.744584
2.934095
2.991304
2.941431
2.749566
2.517916
2.652525
3.198066
3.658324
3.665283
3.211506
2.647707
2.229338
1.968063
1.738662
1.562814
1.478040
1.494810
1.478684
1.387594
1.355046
1.176571
1.037377
1.172011
1.102831
0.871300
0.616439
0.408748
0.358279
0.488297
0.783721
1.141222
1.471369
1.488375
1.212065
1.377660
1.619977
1.876950
2.122846
2.286683
2.290157
2.133355
1.924462
1.666657
1.428335
1.260808
1.451285
1.612430
1.672064
1.900192
2.194279
2.426497
2.527059
2.356064
2.066494
1.775940
1.779370
1.757352
1.542687
1.276389
1.160920
1.176160
1.246210
1.389642
1.394979
1.264422
1.366003
1.756219
2.238096
2.808201
3.471105
4.221180
4.970564
5.531185
5.543406
5.013299
4.271409
3.539610
2.934763
2.388817
1.910036
1.940827
2.060601
2.017707
1.899176
1.823434
1.661762
1.671471
1.573462
1.470902
1.277394
1.043995
0.815497
0.621163
0.451722
0.325414
0.220121
0.227694
0.263029
0.286797
0.264462
0.220557
0.246752
0.263180
0.235122
0.235831
0.299284
0.232746
0.253051
0.299161
0.349138
0.412039
0.489688
0.567949
0.611736
0.599506
0.536714
0.445820
0.431190
0.477441
0.569030
0.659282
0.823287
0.952808
1.053324
1.100834
1.086155
1.097188
1.184074
1.293032
1.412019
1.466547
1.449976
1.421722
1.436104
1.604119
1.716499
1.635848
1.334717
1.259650
1.281248
1.241530
1.199821
1.339087
1.453321
1.562561
1.592153
1.567742
1.618503
1.794030
1.910348
1.982683
1.976668
2.110188
2.233271
2.255534
2.169881
2.027210
1.881951
1.756949
1.657883
1.502536
1.446048
1.398424
1.311498
1.187514
1.051158
0.988564
1.094641
1.210905
1.269509
1.249809
1.160393
1.038719
0.941876
0.946454
1.084783
1.248364
1.419616
1.607490
1.808825
2.024111
2.237247
2.433774
2.504490
2.398445
2.316113
2.293996
2.280062
2.144165
1.865744
1.558103
1.513019
1.799896
2.098380
2.341526
2.406000
2.273598
2.016052
1.777292
1.570383
1.716170
1.953662
2.253217
2.882072
3.600725
4.337267
4.742218
4.525628
3.955045
3.266829
2.720527
2.505770
2.274444
2.732790
3.221813
3.491662
3.517176
3.225127
2.807836
2.378846
1.971339
1.591129
1.246373
0.975006
0.818945
0.895126
1.293247
1.821273
2.292189
2.485366
2.535505
2.505483
2.455564
2.388888
2.230380
1.951230
1.496725
1.305572
1.225375
1.180218
1.123402
0.999957
0.731677
0.410904
0.199099
0.156560
0.124818
0.065249
0.048599
0.111672
0.190443
0.297842
0.402156
0.441866
0.374517
0.268014
0.180187
0.140582
0.078783
0.025224
0.001384
0.000000
0.000000
0.000000
0.000000
0.000000
0.000000
0.000000
0.000000
0.000000
0.000000
0.000000
0.000000
0.000000
0.000234
0.022940
0.047822
0.061571
0.066459
0.067175
0.066373
0.066306
0.065289
0.058956
0.038021
0.010416
0.062876
0.110513
0.115668
0.070434
0.015908
0.000000
0.000000
0.000000
0.000000
0.000000
0.000000
0.000000
0.000000
0.000000
0.000000
0.000000
0.000000
0.000000
0.000000
0.000000
0.000000
0.000000
0.000000
0.000000
0.000000
0.000000
0.000000
0.000000
0.000000
0.000000
0.015128
0.075180
0.144310
0.179704
0.185591
0.177132
0.142883
0.076705
0.083501
0.193394
0.337573
0.470356
0.496603
0.378360
0.293913
0.329900
0.334868
0.335933
0.334639
0.334743
0.334414
0.333683
0.324099
0.279472
0.209927
0.315106
0.380977
0.580188
0.882463
1.037257
1.075362
1.039028
0.862015
0.512556
0.472222
0.418117
0.269594
0.299643
0.470274
0.699463
0.933016
1.052276
0.993380
0.827569
0.760420
0.872231
0.889572
1.139073
1.371411
1.439946
1.222878
0.921027
0.772682
1.021514
1.214453
1.181646
0.960843
0.713274
0.561578
0.464169
0.435187
0.555666
0.693346
0.939427
1.231098
1.617980
2.140095
2.639673
2.834348
2.648242
2.144210
1.632790
1.228611
0.886346
0.602791
0.427130
0.504100
0.612046
0.699458
0.731692
1.112470
1.289915
1.280818
1.077970
0.619337
0.548554
0.648990
0.755603
0.844315
0.900275
0.984088
0.990325
0.920357
0.981179
1.140499
1.333379
1.541090
1.726177
1.852229
1.829702
1.688908
1.547847
1.602431
1.705090
1.930883
2.091797
2.100580
1.967888
1.716680
1.468531
1.417947
1.385802
1.499866
1.680927
1.844896
2.049872
2.298813
2.475199
2.424394
2.379555
2.299299
2.141752
2.288265
2.309382
2.351146
2.534134
2.639554
2.580024
2.404645
2.174428
1.920170
2.107780
2.352665
2.568568
2.705459
2.670613
2.947578
3.156623
3.187999
3.051213
2.779084
2.490979
2.215866
2.523692
3.027014
3.585527
4.148164
4.528911
4.527516
4.196279
3.714482
3.191941
2.770740
2.611926
2.399080
2.501311
3.069870
3.721809
4.409093
5.010268
5.649531
6.265895
6.709764
7.661400
8.935726
10.334044
11.575237
12.264215
11.471161
10.138144
8.712305
7.375469
6.207497
5.429882
6.125546
6.866424
7.469113
7.513677
7.051096
7.124209
7.799830
8.168587
8.063043
7.685288
6.986853
6.456498
6.135742
5.683176
5.043746
4.410713
4.294641
4.545755
4.588624
4.884141
5.131500
5.147582
4.903120
4.408002
3.881782
3.400455
2.971683
2.615995
2.472955
2.616614
2.624436
2.619770
2.490425
2.523305
2.570101
2.619737
2.602426
2.498600
2.421493
2.377357
2.209377
2.059381
1.944882
1.959033
1.806841
1.622850
1.791856
1.928290
1.947944
1.877621
1.790928
1.972059
2.139175
2.202083
2.323529
2.544794
2.827718
3.126984
3.342796
3.405599
3.265758
2.995643
2.710281
2.437944
2.159414
1.890735
1.645709
1.414593
1.204078
1.047789
0.939494
0.843713
0.966538
0.898599
0.852041
0.690038
0.639667
0.726398
0.745690
0.889566
1.126203
1.225296
1.254718
1.360276
1.523389
1.764451
1.985351
2.113836
2.211804
2.266930
2.440843
2.660839
2.893763
3.046535
3.088365
2.957498
2.734281
2.504143
2.376827
2.671777
2.911986
2.980317
2.831261
2.518499
2.124375
1.763735
1.470713
1.216267
1.015904
0.976062
1.286727
1.654194
1.956629
1.968467
1.675899
1.289309
0.927210
0.887691
0.988641
1.067797
1.143737
1.213813
1.269538
1.319074
1.377068
1.627934
1.866553
2.266939
2.656028
2.810732
2.806406
2.875011
2.555669
2.448158
2.458738
2.367970
2.303467
2.227134
2.063339
1.908746
1.603451
1.379775
1.446957
1.602460
1.742788
1.918667
2.108393
2.313099
2.512392
2.695047
2.853449
2.912153
2.867215
2.977802
3.039604
3.051694
2.999127
2.950916
2.805418
2.719299
2.639015
2.765699
3.039569
3.262024
3.355087
3.237897
3.093538
3.041023
2.842724
2.861158
2.978456
3.227160
3.551617
3.916423
4.266325
4.535914
5.261336
6.058257
6.936591
7.875637
8.740399
9.222268
9.131392
8.438037
7.511286
7.413031
8.520484
9.816988
11.243109
12.794500
14.403772
15.748147
16.704840
16.140995
14.642443
12.834901
11.060604
12.286371
13.731910
14.996909
16.316950
17.043552
16.584835
15.444910
13.868455
12.323666
10.984449
9.936377
10.804229
11.354929
11.936227
12.013442
11.533195
10.635333
9.750446
9.327607
8.682808
8.096550
8.599322
8.924294
8.599656
7.987014
7.317660
7.331227
7.032955
6.575341
6.275375
5.873814
5.376637
4.851849
4.372896
4.023576
3.684651
3.308033
2.934362
2.662318
2.648162
2.812270
2.839394
2.906891
2.880999
2.714336
2.985306
3.288189
3.802794
4.098311
4.355218
4.356080
4.141068
3.911333
4.028422
4.063239
4.013903
3.826378
4.081805
4.338997
4.595561
4.865291
5.188407
5.523587
5.798151
5.932583
5.811030
5.891062
6.208856
6.493715
6.766222
6.962055
7.023107
6.837791
6.785337
6.999675
6.915975
6.791851
7.129584
7.559918
8.015459
8.504503
8.968750
9.292183
9.494287
9.375497
8.946226
8.453109
8.477448
8.754574
8.757148
8.508136
8.072364
7.628739
7.222505
6.822883
6.422914
6.027351
5.669797
5.655344
5.565119
5.475370
5.252435
5.494708
5.907002
6.062241
5.851889
5.268586
4.757528
4.508893
4.377752
4.420737
4.557659
4.781805
5.170844
5.548717
5.733895
5.773347
5.571648
5.511908
5.161951
4.450912
3.991097
3.411689
2.805887
2.433385
2.425668
2.447955
2.553760
2.644503
2.783980
2.938306
2.893588
2.638437
2.476341
2.304429
2.249416
2.453228
2.501899
2.314541
2.407451
2.442853
2.097730
2.036193
2.245912
2.797998
3.428580
4.077201
4.589643
4.817013
4.677964
5.149518
5.564820
5.588285
5.197640
4.601175
4.073829
3.897544
3.635489
3.911804
4.071360
3.993245
3.875507
4.202650
4.469768
4.390375
4.220098
4.591200
5.392995
5.906532
5.851532
6.353540
6.626553
6.364171
5.833791
5.254038
4.742212
4.407081
4.584054
4.791509
5.111494
5.394580
5.387763
5.095517
4.688262
4.319745
4.458324
4.464478
4.460343
4.471082
4.323695
4.400827
4.619861
4.394875
4.343684
4.498039
4.446651
4.201227
3.897291
3.812578
4.247622
4.697353
5.023684
5.147635
4.924935
4.556796
4.084033
3.639532
3.213494
2.829052
2.489121
2.496281
2.891702
3.316584
3.618142
3.549220
3.190345
2.752830
2.373197
2.130697
1.994939
1.816648
1.626040
1.778645
1.781016
1.654769
1.852100
2.078987
2.329755
2.588994
2.795975
2.878680
2.513625
2.216058
1.909899
1.979086
2.158088
2.365879
2.524014
2.439775
1.788622
1.170407
1.127425
1.262747
1.447106
1.585031
1.759199
1.986357
2.192674
2.302521
2.329276
2.217715
2.244951
2.159330
2.281314
2.556207
2.876079
3.221641
3.610983
4.037556
4.506564
5.022193
5.566482
6.075922
6.374827
6.310244
6.185910
5.509757
5.494695
5.243757
4.486462
4.289709
4.250043
4.535887
5.044228
5.680007
6.397492
7.163131
7.990353
8.876872
9.752311
10.296525
9.434973
8.488616
7.809348
6.795485
5.532970
4.973129
4.915137
4.839198
3.922095
3.238129
3.089656
2.611710
1.861291
1.437849
1.666631
2.107289
2.554530
2.556905
1.482920
1.078408
1.293009
1.691737
2.115380
0.000000
0.000000
0.000000
0.000000
0.000000
0.000000
0.000000
0.000000
0.000000
