track	type=wiggle_0
fixedStep	chrom=chr	start=1	step=1
0.000000
0.000000
0.000000
0.000000
0.000000
0.000000
0.000000
0.000000
0.000000
0.112427
0.221004
0.222498
0.121486
0.065983
0.029953
0.021374
0.123838
0.309281
0.536981
0.810191
1.050729
1.154057
1.000406
0.742284
0.782436
0.993199
0.829631
0.949165
1.045592
1.321746
1.706472
2.169378
2.718165
3.330722
3.827523
3.854676
3.369859
2.756789
2.212801
1.800650
1.989669
2.343509
2.489642
2.329862
1.990549
1.667156
1.331056
1.011933
0.742002
0.538876
0.442396
0.445076
0.459534
0.491574
0.649111
0.828739
0.993891
1.041706
1.044302
1.022301
0.951494
0.786601
0.430769
0.177878
0.048440
0.001546
0.000000
0.000000
0.001877
0.007699
0.006889
0.001187
0.000000
0.000000
0.000000
0.000000
0.000000
0.000000
0.001745
0.077023
0.175244
0.211838
0.219702
0.220268
0.219702
0.213229
0.187463
0.105333
0.021981
0.025463
0.023695
0.038100
0.043981
0.035360
0.018309
0.006174
0.003865
0.012591
0.017257
0.016587
0.015096
0.025911
0.023915
0.012586
0.002232
0.000000
0.000000
0.000000
0.024600
0.104996
0.249870
0.466159
0.765951
1.218341
2.042922
2.441721
2.550161
2.550161
2.464656
2.156932
1.467405
0.952798
0.583983
0.333139
0.186320
0.120056
0.126099
0.220266
0.292650
0.270876
0.169531
0.075885
0.018705
0.000066
0.018443
0.061334
0.154273
0.214057
0.163096
0.081508
0.034186
0.020779
0.008898
0.004252
0.001789
0.000196
0.000000
0.000000
0.000000
0.000000
0.000000
0.000000
0.000000
0.000000
0.000000
0.000000
0.000000
0.000000
0.000000
0.000000
0.005860
0.067512
0.218709
0.513793
0.869734
0.961270
0.898601
0.613724
0.308338
0.133347
0.034073
0.000159
0.000000
0.000000
0.000000
0.000000
0.000000
0.015948
0.053414
0.081368
0.064213
0.022992
0.000524
0.002247
0.035856
0.118884
0.244488
0.378548
0.454015
0.374542
0.235861
0.108018
0.028157
0.000212
0.000000
0.000000
0.000000
0.000000
0.000000
0.000000
0.000000
0.000000
0.000000
0.000000
0.000000
0.000000
0.000000
0.000000
0.000000
0.000000
0.000000
0.000000
0.000000
0.000000
0.000000
0.000000
0.000000
0.000000
0.000000
0.000000
0.000000
0.000000
0.000000
0.000000
0.000000
0.000000
0.002851
0.012807
0.000000
0.000000
0.000000
0.000000
0.000000
0.000000
0.000000
0.000000
0.000000
0.000000
0.000000
0.000000
0.000000
0.000000
0.000000
0.000000
0.000000
0.000000
0.000000
0.000000
0.000000
0.000000
0.000000
0.000000
0.000000
0.000000
0.000000
0.000000
0.000000
0.000000
0.000275
0.000427
0.000475
0.000687
0.001359
0.003209
0.008901
0.061598
0.162805
0.247702
0.224821
0.139168
0.255670
0.413415
0.617123
0.871765
1.180800
1.532897
1.865142
2.114797
2.234942
2.755109
3.386822
4.006402
4.332932
4.500899
4.073337
3.367661
2.652390
2.031636
2.212293
2.601478
3.029115
3.447964
3.824699
4.270933
4.508806
4.447764
4.400213
4.025515
3.494192
3.242179
2.821367
2.384638
2.464554
2.488142
2.325234
2.047652
1.933356
1.700704
2.007241
2.561728
3.049551
3.190440
2.829424
2.362432
2.502176
2.444013
2.185275
1.577961
1.005753
0.786224
0.850647
0.836558
0.669973
0.482376
0.312316
0.322486
0.256335
0.193893
0.252586
0.307719
0.353357
0.363343
0.450710
0.550876
0.641612
0.690170
0.641725
0.552863
0.512217
0.401000
0.265583
0.188519
0.125165
0.075104
0.038919
0.015053
0.029055
0.049202
0.073896
0.118910
0.159849
0.155714
0.111153
0.062406
0.027123
0.028572
0.018683
0.007526
0.000818
0.000213
0.000173
0.000603
0.013348
0.035600
0.050436
0.033536
0.053614
0.086499
0.127312
0.177263
0.234061
0.296559
0.360583
0.407650
0.543833
0.800363
1.014110
1.103441
1.175220
1.303386
1.437196
1.499749
1.474480
1.380155
1.278186
1.190795
1.076327
0.952428
0.859982
0.756959
0.672417
0.632929
0.610919
0.553673
0.453788
0.405939
0.497560
0.595602
0.686561
0.722509
0.699772
0.615328
0.520743
0.529555
0.555352
0.530493
0.563771
0.667138
0.787942
0.897464
0.937769
0.904183
0.792578
0.674079
0.742909
0.787323
0.763606
0.668643
0.628408
0.737941
0.877405
1.036107
1.211097
1.397393
1.596504
1.808377
1.999864
2.070367
2.005260
1.813979
1.609359
1.440033
1.406390
1.372090
1.238474
1.076632
0.919743
1.063381
1.215113
1.131637
1.058546
1.226100
1.334952
1.329427
1.240079
1.559963
1.797533
1.852231
2.164813
2.576959
3.038586
3.535004
4.007822
4.283760
4.425943
4.252659
4.075011
3.993954
4.389464
4.975968
5.783408
6.643591
7.585745
8.581965
9.678823
10.402198
10.475270
9.822203
8.711752
7.690259
6.984721
6.472296
6.930489
8.769789
10.407163
11.319448
11.941835
11.319454
10.401893
8.721733
7.132061
6.343241
6.233251
5.851894
5.300040
4.661511
4.052890
3.498605
3.000066
2.551164
2.155069
1.801528
1.495543
1.244434
1.049640
0.839966
0.841724
0.996800
1.163136
1.324838
1.425339
1.431463
1.363111
1.322476
1.426135
1.614365
1.795045
1.936429
1.949418
1.848914
1.719093
1.594090
1.670922
1.887465
2.122035
2.374678
2.640786
2.919856
3.185637
3.326231
3.299338
3.135886
2.914804
2.669649
2.412728
2.162408
2.140562
2.367016
2.616381
2.811511
2.875100
2.735468
2.486962
2.244212
1.984136
1.739188
1.511712
1.302922
1.113798
0.941749
0.951719
1.022380
0.952957
0.818652
0.662486
0.518732
0.393848
0.287780
0.199679
0.292439
0.483735
0.699980
1.034732
1.477467
2.127793
3.083279
3.544907
3.671561
3.672376
3.572878
3.219580
2.464972
1.894782
1.699003
1.387515
1.034732
0.989151
1.306002
1.685205
2.119505
2.543464
2.852242
3.165378
3.497221
3.680735
4.015995
4.632427
5.355672
6.020092
6.323241
5.978312
5.263653
4.466301
3.728687
3.682397
3.696541
3.417748
3.091519
2.572931
2.055049
1.623489
1.190270
0.824430
0.534725
0.315770
0.164051
0.242445
0.311697
0.403663
0.529170
0.656029
0.745256
0.733157
0.643629
0.573643
0.629386
0.697963
0.718619
0.649940
0.554963
0.442197
0.347128
0.357454
0.458586
0.552374
0.596449
0.563862
0.490911
0.419491
0.351237
0.350265
0.315257
0.261445
0.210053
0.212024
0.275189
0.345663
0.414981
0.460969
0.457531
0.393887
0.320115
0.266563
0.248359
0.235815
0.279326
0.337456
0.388753
0.396376
0.345064
0.277442
0.261062
0.344972
0.444285
0.549982
0.652238
0.750399
0.843641
0.933116
0.962883
0.932044
0.860216
0.751948
0.711350
0.711285
0.606867
0.612861
0.622692
0.565784
0.488972
0.458762
0.512529
0.655706
0.854711
1.089981
1.367515
1.690470
2.051480
2.433429
2.740989
2.752712
2.469178
2.097720
1.728214
1.408498
1.146111
0.946236
0.860980
1.121066
1.208546
1.117748
0.829274
0.968312
1.101929
1.151375
1.133783
1.006871
0.863625
0.760315
0.632614
0.652943
0.811059
1.000038
1.149523
1.198232
1.110793
0.963122
0.835357
0.707457
0.635414
0.664619
0.796405
0.913040
0.911277
0.856434
0.785731
0.746922
0.943833
1.129446
1.352240
1.591669
1.861569
2.175042
2.472924
2.704889
2.678408
2.386154
2.038198
1.699759
1.392842
1.118449
0.973284
0.858439
0.791450
0.750873
0.633076
0.478420
0.377117
0.488155
0.551654
0.603458
0.660188
0.577048
0.439392
0.711891
1.042282
1.364666
1.845660
2.396060
2.366100
1.782320
1.451060
1.166412
0.829980
0.536348
0.321216
0.173821
0.075160
0.017112
0.010448
0.020277
0.034764
0.046561
0.044943
0.028165
0.035604
0.063372
0.103932
0.151482
0.195869
0.205622
0.178089
0.126272
0.080947
0.048371
0.029526
0.023421
0.027047
0.042566
0.071214
0.108503
0.152313
0.197077
0.218666
0.210887
0.174031
0.135355
0.105685
0.075089
0.098532
0.131901
0.156752
0.182803
0.276540
0.360424
0.446951
0.530443
0.587672
0.594264
0.541967
0.471324
0.413879
0.331119
0.235386
0.166542
0.100966
0.070706
0.050717
0.047267
0.058107
0.094688
0.113098
0.106986
0.079708
0.032706
0.005268
0.002823
0.014909
0.026339
0.058216
0.078163
0.071304
0.049765
0.022873
0.051560
0.073638
0.080596
0.083686
0.087775
0.130026
0.246357
0.388639
0.510468
0.582171
0.752513
1.109214
1.279642
1.245840
1.510102
1.876124
2.389719
2.928711
3.189830
3.112173
2.828203
2.563852
3.015946
3.547158
4.156834
4.842302
5.572373
6.339358
7.113506
7.636617
7.596292
7.021380
6.468764
6.154878
5.547074
4.736660
3.945890
3.636478
4.049772
4.463377
4.812093
4.798804
5.159458
5.414530
5.152389
4.621755
4.026654
3.501463
2.984834
2.587818
2.327128
2.320170
2.420787
2.433746
2.660623
2.925600
3.290987
3.200045
3.053413
2.741951
2.414942
2.135166
1.954380
1.874681
1.780284
1.728683
1.596984
1.448698
1.364522
1.293669
1.235071
1.106250
0.999842
0.897199
0.899947
0.895079
0.903520
0.879012
0.780498
0.646411
0.513334
0.425023
0.392155
0.323484
0.281441
0.253900
0.235183
0.308867
0.367774
0.421907
0.645630
0.897264
1.101490
1.096942
0.877235
0.616100
0.478932
0.491969
0.448483
0.374536
0.294621
0.242284
0.247036
0.241729
0.229710
0.218817
0.254310
0.295140
0.352937
0.379381
0.367377
0.371607
0.371999
0.411365
0.423352
0.388341
0.331510
0.277975
0.380121
0.564758
0.918723
1.466552
2.076827
2.595233
3.097307
3.436084
3.755518
4.009542
4.156520
4.169705
4.034051
3.783680
3.443673
3.021067
2.410752
1.792502
1.265191
1.044641
1.244364
1.215420
0.919992
0.518850
0.261743
0.104371
0.021930
0.000000
0.000000
0.000000
0.000062
0.002364
0.025458
0.079440
0.152765
0.209835
0.196978
0.122128
0.089513
0.162468
0.269471
0.386621
0.459661
0.452399
0.385946
0.337806
0.226848
0.110264
0.035868
0.036712
0.071043
0.099411
0.167246
0.248874
0.330422
0.350015
0.295806
0.332326
0.447119
0.518711
0.493694
0.422549
0.322888
0.230768
0.165647
0.145714
0.078174
0.024716
0.016077
0.042092
0.078302
0.088141
0.071869
0.118065
0.196275
0.290680
0.328550
0.291221
0.313694
0.478789
0.769100
1.224007
1.741644
1.966500
1.971806
1.741780
1.706660
2.090012
2.412092
2.352133
2.016907
1.608564
1.264182
1.024176
0.809263
0.564904
0.656106
0.646713
0.544810
0.415545
0.313559
0.495395
0.659927
0.783243
0.709096
0.595558
0.429865
0.206787
0.066126
0.005746
0.000000
0.000000
0.000000
0.000000
0.000000
0.000000
0.000000
0.000000
0.000000
0.000000
0.000000
0.000000
0.000000
0.000000
0.000000
0.000000
0.020955
0.090912
0.130951
0.141052
0.142853
0.143609
0.140270
0.123953
0.071072
0.004383
0.000002
0.000000
0.000000
0.000000
0.000000
0.000000
0.000000
0.000000
0.000000
0.000000
0.000000
0.000000
0.000000
0.000000
0.000000
0.000000
0.000000
0.000000
0.000000
0.000000
0.000000
0.000000
0.000000
0.000000
0.000000
0.000000
0.000000
0.000000
0.015747
0.077957
0.191272
0.351948
0.554069
0.836667
1.177198
1.468176
1.479612
1.202235
0.903361
0.902241
0.825760
0.709828
0.770252
1.062660
1.384436
1.749659
2.145434
2.560984
2.744469
2.590095
2.650473
3.107263
3.271132
3.518234
4.190769
4.687315
3.880877
2.987884
2.359069
1.905495
1.489427
1.640529
1.657764
1.394667
1.081389
0.771847
0.521474
0.348345
0.298462
0.212360
0.208156
0.199031
0.185821
0.179843
0.172384
0.160426
0.131054
0.105683
0.105920
0.103107
0.098898
0.096742
0.102146
0.117286
0.158515
0.199733
0.262264
0.341653
0.414580
0.441009
0.484764
0.559320
0.612214
0.611870
0.592204
0.714350
0.857555
1.019124
1.199805
1.396954
1.587547
1.779203
1.990551
2.208507
2.432876
2.700509
2.995737
3.258064
3.377517
3.250518
3.008518
2.760563
2.554620
2.615888
2.687536
2.637252
2.461178
2.291894
2.350740
2.376993
2.258214
2.170783
2.381038
2.545878
2.599827
2.490451
2.317003
2.353307
2.734382
3.300793
3.885859
4.315880
4.317080
3.887291
3.297883
3.074552
2.894082
3.109820
3.265766
3.296383
3.331310
3.241934
3.066341
2.854074
2.768107
2.899837
3.019572
3.294171
3.641324
4.036540
4.467311
4.915588
5.396080
5.933820
6.529100
7.145914
7.712840
7.998978
7.931219
7.652105
7.576929
7.611772
8.116562
8.645051
9.115662
9.523297
9.786408
9.799803
9.346439
9.683972
9.972010
9.882513
9.389191
8.867646
8.265637
9.065906
10.009993
11.008935
11.973221
12.666289
12.635335
11.877428
10.869060
11.065588
11.329291
11.036145
10.514473
9.857771
10.388260
11.209216
12.081571
12.886588
13.683025
14.151017
13.978250
13.273392
12.368857
11.464187
10.650473
9.874714
9.137094
8.525636
7.925266
8.151151
8.186558
8.042973
8.311188
8.703898
8.842652
9.240917
9.720345
10.137994
10.276867
10.118491
10.097227
10.413992
10.484508
10.245334
10.221889
10.673770
11.175526
11.606385
11.746957
11.515658
11.446220
11.502746
11.261875
10.757311
10.119280
9.451083
8.804391
8.198614
7.641114
7.167698
7.405203
7.499611
7.297913
7.326784
7.632580
7.921741
8.172724
8.185865
8.000443
7.951945
7.972172
7.737239
7.354188
7.129788
7.158376
7.447331
7.651297
7.585163
7.415242
7.476316
7.663483
7.960400
8.140288
8.113311
7.897524
7.564773
7.224197
7.092085
6.933448
6.783007
7.498102
8.242746
8.752884
8.747645
8.279699
7.578177
6.872212
6.211339
5.588505
5.009217
4.471607
3.980772
3.576643
3.440923
3.272428
3.320870
3.735976
4.176580
4.618766
5.044838
5.382207
5.611761
5.493108
5.196283
4.804379
4.589172
4.590035
4.384468
4.297966
4.686789
4.958070
4.973068
4.758930
4.425908
4.143433
4.315369
4.345722
4.372335
4.431599
4.426143
4.204769
3.865479
3.490545
3.130704
2.801086
2.483864
2.181725
1.919585
1.724632
1.675134
1.556823
1.517477
1.754353
1.997690
2.201862
2.290772
2.215945
2.008287
1.797733
1.611846
1.614664
1.915313
2.236748
2.568380
3.138726
3.672313
3.718426
3.293292
2.693816
2.220101
2.382117
2.306500
1.982004
2.049505
2.417544
2.671704
2.569768
2.380038
2.036017
1.862421
1.955251
1.923783
1.964762
2.209399
2.211394
2.161312
2.231599
2.114036
2.334611
2.500547
2.537897
2.502862
2.456449
2.442490
2.427351
2.620101
3.090358
3.133471
2.684122
2.743543
2.556346
2.135197
1.646039
1.206847
1.055043
1.458487
1.652277
1.712887
1.729999
1.722374
1.666939
1.440469
0.901154
0.489733
0.247982
0.107495
0.130887
0.100510
0.058057
0.026389
0.009559
0.000098
0.000000
0.000082
0.004871
0.019017
0.033144
0.037038
0.028793
0.013897
0.003065
0.000892
0.002862
0.011996
0.018961
0.013554
0.005300
0.000442
0.000000
0.000000
0.000000
0.002799
0.016384
0.034731
0.050163
0.072655
0.082439
0.076766
0.060077
0.045794
0.024786
0.008833
0.007880
0.005276
0.005599
0.020667
0.044412
0.111098
0.174904
0.195114
0.199439
0.198921
0.198943
0.202076
0.205982
0.205236
0.198073
0.390542
0.633183
0.944752
1.427464
1.585410
1.409659
0.882929
0.509179
0.264288
0.110911
0.113017
0.080955
0.033631
0.013163
0.007079
0.018818
0.039191
0.066817
0.098529
0.118533
0.122154
0.138445
0.139340
0.110701
0.130915
0.217677
0.324848
0.443217
0.524014
0.518261
0.423403
0.294375
0.248696
0.323173
0.358043
0.321400
0.241972
0.160608
0.108343
0.120989
0.117971
0.088625
0.075240
0.086862
0.092396
0.132275
0.123943
0.162160
0.333820
0.595414
0.734281
0.790580
1.026772
1.231752
1.294137
1.140423
0.913674
0.675312
0.679468
0.819677
0.954273
1.033134
1.005065
0.907637
0.786743
0.666894
0.631799
0.651811
0.671289
0.682625
0.808486
0.931865
0.959371
0.901733
0.775099
0.965521
1.294621
1.443541
1.305975
1.067753
1.209942
1.389221
1.585389
1.809406
2.050536
2.309750
2.574148
2.806797
2.961431
2.972334
2.959059
2.808727
3.066171
3.349892
3.580291
3.699739
3.697944
3.843444
4.025032
4.327594
4.631168
4.898807
5.132189
5.533022
6.016764
6.521571
7.019905
7.545450
8.096998
8.675585
9.221168
9.554705
9.568996
9.286596
8.821645
8.214086
7.585528
6.968626
6.404243
5.906502
6.299332
6.731782
7.237167
7.746846
8.053300
8.145892
8.248000
8.121399
8.146501
8.446527
8.545025
8.315975
7.859848
7.333999
6.804817
6.290374
5.821817
5.416337
5.033617
4.767380
4.861493
4.742032
4.549553
4.265492
4.769714
5.278615
5.642897
5.999635
6.365286
6.714980
7.094786
7.505251
7.921856
8.268329
8.378287
8.289666
8.196959
8.477250
8.815846
8.989213
8.820409
8.431999
7.966450
7.515944
7.084100
6.559240
5.845300
4.952686
3.927164
3.425215
3.212547
3.112409
2.951439
2.891598
3.619578
4.395483
4.739161
4.398217
3.531729
2.781365
2.120351
1.941299
1.876742
2.297255
2.830868
3.331054
3.642115
3.760763
3.815730
3.978552
3.935206
3.550098
3.065714
3.100647
3.369275
3.653977
3.804982
3.960655
4.200621
3.575151
3.637624
4.002307
4.323112
4.481190
4.551258
4.718413
4.868354
4.841332
4.581917
4.245616
3.866236
3.622871
3.808684
3.951740
4.285240
4.628129
4.809206
4.770290
4.594222
4.259775
4.162274
4.191942
4.037282
3.676755
3.481299
3.878115
4.080815
4.018650
4.148189
4.008051
3.653553
3.312208
3.052395
2.847188
3.014262
3.007676
2.836584
3.170024
3.775864
4.411649
4.870008
4.977076
4.796782
4.579718
4.452260
4.821534
5.338834
6.171031
7.202602
8.384481
9.701731
11.178024
12.794137
14.298817
15.030311
14.281004
12.911069
11.335929
9.835868
8.484185
7.301219
6.287696
5.453125
4.773398
4.157965
4.168599
4.752923
5.303536
5.716131
5.908087
6.129526
6.273108
6.310205
5.910662
5.300459
4.638158
3.996546
4.154932
4.653299
5.044163
5.153927
4.851587
4.382378
3.938449
3.458347
3.057400
2.669739
2.284531
1.942445
1.694555
1.567853
1.659026
1.590540
1.373830
1.135005
0.986282
0.955735
1.059379
1.217182
1.386388
1.521899
1.574431
1.540365
1.703988
1.912057
2.135351
2.320516
2.335302
2.170581
1.953776
1.800142
1.838770
1.943526
2.177191
2.398256
2.558843
2.615088
2.645991
2.827374
2.944403
2.896421
2.724071
2.729017
2.913246
3.103940
3.377424
3.690693
3.995114
4.199407
4.416296
4.728714
4.918148
4.895212
4.633009
4.281587
3.974896
4.156734
4.321961
4.285396
4.205171
4.258930
4.095173
3.855449
3.623477
3.633655
3.654334
3.496794
3.253200
2.956267
2.652617
2.392903
2.227942
2.156722
2.090774
2.007423
1.891082
2.183218
2.540703
2.825390
3.055861
3.127924
3.048691
3.092066
3.122502
3.042756
2.790317
2.659177
2.513239
2.269093
2.498316
2.566584
2.693754
2.970190
3.071506
3.127306
3.575376
4.079466
4.600658
5.226221
5.901696
6.612284
7.225340
7.540350
7.415221
8.219929
9.082176
9.524092
9.132916
8.274468
7.517818
8.262437
9.203232
10.158487
10.955841
11.197522
10.744745
9.851697
8.840873
7.880603
6.990878
6.178092
6.431713
6.536804
6.008650
5.234571
5.301650
5.598831
5.402897
4.794135
4.223413
3.943496
4.483967
4.627684
4.219892
3.697405
4.508561
4.933598
5.052998
4.906651
4.434447
3.383080
2.547518
1.961662
1.652319
1.960259
2.151547
2.190315
2.053642
1.828636
1.609180
1.341030
1.099942
0.891556
0.947889
1.145764
1.212718
1.234229
1.075924
0.976133
1.299716
1.642806
2.034388
2.334742
2.576850
2.780113
2.960341
3.043360
2.985659
2.789534
2.647466
2.726227
2.699969
2.605324
2.620193
2.807486
3.046897
3.307090
3.555284
3.741820
3.853699
4.115692
4.454712
4.784801
5.080483
5.388761
5.680631
6.002533
6.310835
6.530910
6.539178
6.295364
5.951231
5.598505
5.257167
4.912976
4.579892
4.258481
3.976325
3.971896
4.036119
3.959940
3.730500
3.458090
3.191207
3.256287
3.244934
3.136767
3.333916
3.374922
3.274264
3.404249
3.482969
3.493903
3.383475
3.403774
3.718610
4.051071
4.275929
4.058418
3.832260
3.407453
3.078333
2.737561
2.594536
2.465010
2.259263
2.141225
2.112881
2.046559
2.088142
2.103117
2.057359
2.013483
1.929516
2.243133
2.545370
2.792784
2.815689
2.964592
3.274846
3.545356
3.608049
3.599107
3.911458
4.404567
4.993149
5.673599
6.437241
7.266420
8.191491
9.097170
9.729040
9.743923
9.132117
8.230882
7.376110
6.710564
6.216013
5.820508
6.111485
6.801517
7.358284
7.467312
7.169783
6.688439
6.148026
5.607684
5.237437
5.144619
5.189136
5.480834
5.628479
5.453343
4.972672
4.786138
5.199298
5.661398
6.173316
6.719427
7.207782
7.429587
7.395491
7.205431
6.894436
6.431595
5.908677
5.398897
4.956611
4.567635
4.303950
4.822841
5.043076
4.863702
4.351310
4.200965
4.103580
3.841325
3.702341
3.451352
3.172664
3.460488
3.666875
3.665574
3.459095
3.087870
2.753474
2.565831
2.713079
2.948840
3.205032
3.495638
3.795068
4.101265
4.416296
4.728714
4.918148
4.695240
4.273159
3.307019
2.881441
2.645010
2.317930
2.312658
2.554295
2.679686
2.670703
2.559034
2.785192
2.965590
2.932148
2.739765
2.438341
1.835131
1.586036
1.624219
1.717647
1.752798
1.964787
2.113743
2.135943
2.117246
2.052215
1.941615
2.235544
2.545784
2.847110
3.048874
2.843774
2.405835
2.238013
1.962018
1.715936
1.464733
1.558459
1.784676
2.017590
2.193706
2.464184
2.819423
3.203854
3.556244
3.639655
3.888085
4.255295
4.428210
4.280702
4.470380
4.640461
5.092684
5.615873
6.186510
6.556901
7.037445
7.480681
8.223459
9.130956
9.952911
10.447175
9.379667
5.715208
4.824118
4.719980
4.633870
5.066991
5.637171
5.812884
5.464931
6.170920
6.416533
6.022347
5.189401
3.206821
2.934901
3.307502
3.943496
4.483967
4.044773
3.054196
3.557566
0.000000
0.000000
0.000000
0.000000
0.000000
0.000000
0.000000
0.000000
0.000000
