track	type=wiggle_0
fixedStep	chrom=chr	start=1	step=1
0.000000
0.000000
0.000000
0.000000
0.000000
0.000000
0.000000
0.000000
0.000000
0.189899
0.273986
0.120960
0.038646
0.042927
0.235554
0.354016
0.322510
0.207732
0.372782
0.798810
1.037263
1.106040
1.120215
1.120215
1.120215
1.107310
1.050986
0.856711
0.471600
0.228699
0.116582
0.041951
0.006163
0.000156
0.000000
0.000000
0.000000
0.007453
0.019792
0.038935
0.053782
0.038356
0.017395
0.003650
0.001365
0.000000
0.000000
0.000000
0.000000
0.010156
0.080732
0.192986
0.293936
0.382900
0.418911
0.388609
0.293400
0.202064
0.124918
0.066483
0.079929
0.076734
0.045164
0.023356
0.037695
0.056402
0.090502
0.162422
0.265409
0.391207
0.527925
0.642727
0.750738
0.984629
1.267363
1.549016
1.691071
1.567169
1.295334
1.004050
0.746652
0.534146
0.361583
0.226803
0.248866
0.218149
0.148277
0.084346
0.035618
0.027805
0.010844
0.002783
0.000000
0.000000
0.020579
0.105105
0.267690
0.574762
1.099475
1.362881
1.432924
1.445472
1.432924
1.375827
1.174665
0.720341
0.386776
0.170090
0.050160
0.004658
0.003793
0.019830
0.018655
0.001350
0.000000
0.000000
0.000000
0.000000
0.008481
0.069299
0.183862
0.213969
0.186128
0.078934
0.028544
0.004344
0.000000
0.000000
0.000000
0.000000
0.000000
0.000000
0.000000
0.000000
0.000000
0.000000
0.000000
0.000000
0.000000
0.000000
0.000000
0.000000
0.000000
0.000000
0.000856
0.032027
0.113221
0.250462
0.443880
0.656027
0.753828
0.654168
0.442416
0.254034
0.136121
0.135634
0.174018
0.137686
0.142268
0.255542
0.440394
0.700422
0.974303
1.093168
0.985161
0.707813
0.444976
0.247526
0.120354
0.074843
0.089780
0.094850
0.094850
0.094850
0.094850
0.095136
0.142577
0.189288
0.164289
0.112282
0.108934
0.104653
0.167276
0.239133
0.311012
0.452237
0.450609
0.308826
0.262617
0.264346
0.402485
0.553855
0.818360
1.116258
1.269137
1.093902
0.873106
1.088198
1.322961
1.541373
1.632543
1.572430
1.446761
1.089393
0.874282
0.686669
0.670974
0.686451
0.637853
0.556453
0.469709
0.592698
0.722968
0.883171
1.049839
1.182018
1.210894
1.133018
0.978923
0.824988
0.838771
0.750969
0.615741
0.763184
0.774318
0.609460
0.464505
0.445935
0.427391
0.533565
0.764309
1.042433
1.206382
1.434560
2.078190
3.190511
3.721532
3.887697
3.937314
3.852104
3.054670
1.736270
1.276138
0.885411
0.736453
0.932714
1.067056
1.012080
0.834548
1.045740
1.363608
1.712057
1.975725
2.009679
1.821126
1.468835
1.132504
0.850697
0.631115
0.846624
0.962788
0.841729
0.631650
0.419879
0.316658
0.440932
0.598891
0.747553
0.790532
0.726600
0.610996
0.525227
0.474652
0.653233
0.878276
0.907147
0.772617
0.682187
0.604572
0.549255
0.488213
0.372577
0.516929
0.722653
0.934902
1.135217
1.202028
1.153343
1.000128
1.206520
1.385713
1.319710
1.070437
1.184593
1.603478
2.013318
2.192225
1.958613
1.517904
1.146784
0.839249
0.759813
0.916193
1.034344
1.078215
0.938567
0.697600
0.488863
0.458071
0.451283
0.438224
0.426031
0.519633
0.628357
0.698773
0.720240
0.728167
0.732290
0.739030
0.751232
0.774888
0.806636
0.925521
0.987128
1.049490
1.070242
1.075804
1.090525
0.979145
0.826037
1.004363
1.129672
1.416469
1.503973
1.358957
1.081624
0.783748
0.527746
0.341765
0.353306
0.530553
0.696878
0.804973
0.856792
0.802971
0.688723
0.625633
0.519553
0.610494
0.906208
1.274160
1.652954
1.804462
1.665207
1.289197
0.931083
0.645977
0.468660
0.377569
0.259207
0.250856
0.242839
0.241425
0.273629
0.236471
0.147619
0.080631
0.046746
0.059636
0.068922
0.059485
0.035760
0.012309
0.006328
0.009411
0.031561
0.068740
0.084916
0.104056
0.154931
0.117906
0.128577
0.085767
0.012069
0.000000
0.000000
0.000000
0.000000
0.000000
0.000000
0.000000
0.000000
0.022432
0.097129
0.199361
0.235424
0.179043
0.130201
0.142687
0.187064
0.340735
0.590320
0.737175
0.697459
0.460726
0.226091
0.117955
0.039772
0.002440
0.000000
0.000000
0.000033
0.022812
0.048320
0.057283
0.059425
0.057881
0.051758
0.032291
0.006116
0.000000
0.000000
0.000000
0.000000
0.000000
0.000000
0.000000
0.000000
0.000000
0.000000
0.000000
0.000000
0.000000
0.000000
0.000000
0.000000
0.000000
0.000000
0.000000
0.000000
0.000000
0.000000
0.000000
0.000000
0.000000
0.000000
0.000000
0.000000
0.000000
0.000000
0.000000
0.000000
0.000000
0.000000
0.000000
0.000000
0.000000
0.000000
0.000000
0.000000
0.000000
0.000000
0.000000
0.002416
0.034190
0.107039
0.227040
0.425427
0.701342
1.059996
1.502952
2.110422
3.046880
3.707222
4.090255
3.932440
3.231384
2.592651
1.956734
1.448039
1.012606
0.669974
0.420227
0.541389
0.594209
0.538844
0.381081
0.175284
0.053549
0.038775
0.063876
0.094751
0.137902
0.184438
0.224528
0.225508
0.187721
0.142031
0.101447
0.065765
0.036550
0.015961
0.007435
0.006073
0.002478
0.000001
0.000955
0.005324
0.005875
0.000747
0.000000
0.000000
0.000000
0.000767
0.036147
0.134196
0.302412
0.531926
0.769032
0.769918
0.572929
0.355394
0.195964
0.103945
0.045527
0.003786
0.000000
0.000000
0.000000
0.000000
0.005404
0.022988
0.053239
0.110721
0.186983
0.214390
0.283226
0.360420
0.413303
0.456465
0.458139
0.396136
0.305900
0.223537
0.154694
0.098428
0.054982
0.024405
0.030190
0.048371
0.046528
0.059132
0.059747
0.072266
0.107839
0.173345
0.215233
0.290710
0.344532
0.501091
0.599196
0.602750
0.620426
0.700531
0.816940
0.913857
0.924895
1.131459
1.556734
2.098132
2.766750
3.612489
4.752317
6.259651
6.901472
7.074721
7.074723
6.909097
6.292764
4.878149
4.001880
3.867731
3.414857
2.842584
2.385296
1.935336
1.892194
1.821388
2.121650
2.297745
2.290424
2.187653
2.279385
2.234039
2.367464
2.267964
1.968368
1.601837
1.260099
0.962879
1.369985
1.772864
1.835121
1.649032
1.444746
1.624144
1.663852
1.460615
1.154280
0.809513
0.948448
1.016402
1.010374
0.908710
0.771063
0.672675
0.844530
1.034496
1.223223
1.379387
1.392171
1.269285
1.172835
1.114138
1.044247
1.065211
0.976723
0.825960
0.678951
0.545145
0.424516
0.316016
0.225890
0.151796
0.092976
0.048112
0.017606
0.002137
0.001378
0.011746
0.018756
0.013899
0.002179
0.001762
0.011757
0.029646
0.053436
0.074980
0.086903
0.117606
0.131746
0.116766
0.079492
0.045276
0.019036
0.003138
0.000000
0.000000
0.000000
0.002244
0.033227
0.102796
0.234208
0.435550
0.712541
1.072100
1.528452
2.062428
2.693166
2.718763
2.068984
1.511186
1.050438
0.687204
0.415325
0.221209
0.093157
0.068846
0.115827
0.173223
0.230785
0.297452
0.350602
0.388587
0.460017
0.501719
0.494880
0.434201
0.361073
0.287484
0.214178
0.141673
0.083039
0.063040
0.047624
0.039422
0.026520
0.006497
0.000000
0.000000
0.000000
0.000000
0.000000
0.000000
0.011708
0.048685
0.014717
0.024203
0.025225
0.008771
0.005981
0.000336
0.000000
0.000000
0.000000
0.000420
0.007877
0.013286
0.012557
0.024906
0.047659
0.083808
0.131953
0.190920
0.264950
0.355216
0.462544
0.585747
0.710634
0.806346
0.823134
0.763649
0.878300
1.018648
0.997755
0.856537
0.688343
0.506222
0.426891
0.507503
0.636429
0.763567
0.850042
0.929627
1.092523
1.044641
1.324061
1.821221
2.444941
3.021557
3.006945
2.424518
1.946067
1.741808
1.488321
1.687578
2.090213
2.028972
1.455407
1.353232
1.588361
1.884540
2.201119
2.514179
2.759913
2.842444
3.185895
3.677592
4.136611
4.368970
4.182611
3.739912
3.209176
2.715539
2.270745
1.877975
1.830099
2.052137
2.239964
2.468302
2.694594
2.787346
2.733014
2.562366
2.514693
2.728371
2.849564
2.777569
2.930495
3.180784
3.270786
3.172731
2.897151
2.697300
2.633431
2.492222
2.473123
2.413305
2.582050
2.613116
2.518493
2.535526
2.669127
2.695534
2.672364
2.867554
3.020353
3.063501
3.072297
2.992369
3.110202
3.033822
2.909170
2.736499
2.491710
2.581251
2.795563
2.955161
3.176967
3.412994
3.609974
3.776167
3.852700
3.891678
4.106326
4.393341
4.656715
5.597501
6.708035
7.864378
8.776407
8.899026
8.280172
7.176140
6.055482
5.087313
4.428650
4.179354
4.568483
4.467560
4.012785
3.401103
3.697268
4.159573
4.499949
4.821021
5.303253
5.759028
6.101548
6.012457
5.970049
6.458928
6.709700
7.017563
7.294168
7.525369
7.222151
6.634736
6.886305
7.813737
8.754297
9.459302
9.497632
8.835635
7.885255
6.910004
6.040156
6.138253
6.502599
6.561224
6.225048
5.758374
5.356373
4.982851
4.614022
4.190174
3.762938
3.360707
3.054585
3.042928
3.202681
3.490080
3.531549
3.284370
2.973528
2.635727
2.298991
2.335654
2.274248
2.135287
2.207449
2.102823
1.894245
1.720099
1.635605
1.516651
1.388377
1.317610
1.311222
1.384137
1.497086
1.507013
1.389904
1.250149
1.252006
1.183735
1.073605
0.963138
0.858565
1.108021
1.522992
2.027608
2.618229
3.151070
3.280801
2.941969
2.431514
1.886008
1.415930
1.051632
0.843946
0.737196
0.776892
0.791832
0.775065
0.717666
0.666551
0.670560
0.766690
0.831497
0.920121
1.041296
1.164577
1.240319
1.241435
1.173260
1.209709
1.283655
1.433634
1.450507
1.316279
1.168825
1.253042
1.285980
1.223842
1.124696
1.077374
1.054597
0.978211
0.888728
0.780506
0.670811
0.598135
0.917847
1.388588
1.641437
1.651079
1.425861
0.984357
0.650568
0.456991
0.381544
0.321253
0.249749
0.231641
0.281938
0.331895
0.374038
0.378749
0.361087
0.384397
0.347077
0.251815
0.110755
0.105186
0.093498
0.096477
0.079374
0.057155
0.091440
0.121571
0.137406
0.124206
0.091215
0.055312
0.027560
0.011376
0.004054
0.002286
0.017502
0.038599
0.044771
0.039373
0.026844
0.015170
0.004255
0.002136
0.014548
0.045392
0.090609
0.133699
0.130854
0.084122
0.110228
0.102266
0.065705
0.079705
0.156933
0.290334
0.365318
0.389715
0.398946
0.403404
0.399544
0.365222
0.244184
0.140390
0.082295
0.042803
0.065212
0.159030
0.284376
0.394487
0.420714
0.458503
0.524265
0.478295
0.527174
0.842894
1.275940
1.707329
1.945006
2.070982
2.121905
2.039529
1.807162
1.483934
1.371476
1.702618
2.174585
2.667054
3.165662
3.503882
3.773422
3.901185
4.244716
4.295271
4.043840
3.559401
2.935698
2.888023
2.689426
2.173742
1.539380
1.088064
1.350970
1.558574
1.573053
1.366840
1.151656
0.921944
0.683343
0.482892
0.323282
0.197842
0.107410
0.046973
0.011758
0.000104
0.000000
0.000000
0.000000
0.000000
0.008683
0.067628
0.203154
0.446448
0.809076
0.975319
1.032925
1.030252
0.978865
0.849975
0.589781
0.354402
0.126950
0.052004
0.091301
0.141183
0.195895
0.243585
0.247961
0.206023
0.146909
0.098088
0.060255
0.032625
0.051892
0.071923
0.077592
0.060323
0.039885
0.069855
0.116089
0.166429
0.211485
0.241228
0.237925
0.198038
0.140064
0.090330
0.054884
0.030768
0.014085
0.003727
0.040616
0.148862
0.342842
0.653391
0.919620
1.063396
1.143073
1.564316
1.923587
1.976802
1.725187
1.333954
0.990304
0.729389
1.023576
1.356566
1.657441
1.773300
1.619844
1.367584
1.742097
2.216294
2.675920
2.805678
3.017644
3.612276
4.061806
3.344815
2.552061
2.032708
1.794190
1.415322
1.041217
0.711104
0.807966
1.236439
1.417987
1.466721
1.468896
1.427897
1.267595
0.889367
0.487746
0.587583
0.673865
0.815049
0.907649
0.898878
0.781785
0.598786
0.577024
0.777626
1.025285
1.218816
1.279175
1.112661
0.851975
0.610234
0.553053
0.831911
1.189317
1.630404
2.165163
2.756690
3.197645
3.239562
2.823560
2.232424
1.689703
1.242998
0.998412
0.987547
1.002361
1.116010
1.196521
1.225833
1.164824
1.282614
1.341161
1.259357
1.359799
1.566162
1.648681
1.603227
1.453131
1.673081
2.037162
2.394591
2.611507
2.588809
2.367435
2.047228
1.801457
1.870040
2.035406
2.167244
2.166927
2.007251
1.744405
1.522053
1.925265
2.358531
2.682286
2.681655
2.373076
2.001990
1.647757
1.593413
1.831655
2.073172
2.252861
2.303039
2.189860
2.010550
1.743418
1.508955
1.271304
1.136985
1.057650
0.971370
0.935884
0.866424
0.818151
0.935362
1.129461
1.359454
1.577733
1.733042
2.159476
2.789855
3.649136
4.757337
5.310877
4.722545
3.734430
3.150330
2.600461
2.157399
1.896453
1.867056
1.749087
1.721681
1.626298
1.821420
2.143968
2.512994
2.898250
3.059226
2.957955
2.562476
2.135732
1.714071
1.364510
1.077061
0.962818
1.341370
1.802211
2.320688
2.719100
2.714625
2.287968
1.748455
1.272984
0.898030
0.602395
0.376015
0.208227
0.091713
0.023417
0.001532
0.002406
0.005238
0.011212
0.047489
0.068357
0.035677
0.000890
0.000000
0.000000
0.000000
0.000000
0.000000
0.000000
0.000000
0.000000
0.000000
0.000000
0.000000
0.000000
0.000000
0.000000
0.000000
0.000000
0.000000
0.000000
0.000000
0.000000
0.000000
0.000000
0.000000
0.000000
0.000000
0.000000
0.000000
0.000000
0.000000
0.000000
0.000000
0.000000
0.002063
0.003810
0.004040
0.002703
0.004940
0.006299
0.010755
0.012316
0.013304
0.013225
0.013328
0.013589
0.014021
0.013408
0.009337
0.000766
0.000000
0.000000
0.000000
0.000000
0.000000
0.000000
0.000000
0.000000
0.013437
0.057907
0.133710
0.182680
0.141221
0.114800
0.202924
0.333339
0.498578
0.667721
0.798901
0.845323
0.800499
0.659901
0.722052
0.775781
0.727314
0.562592
0.393543
0.251543
0.142769
0.094665
0.207779
0.377281
0.608340
0.880226
1.239588
1.700195
2.266246
2.877577
3.468592
4.037494
4.023873
3.408132
2.698913
2.051797
1.515499
1.079148
0.732172
0.474817
0.397309
0.577284
0.716802
0.750604
0.626197
0.435328
0.268600
0.149527
0.068566
0.024627
0.015889
0.021894
0.019818
0.039836
0.146392
0.322753
0.305857
0.134331
0.124526
0.131689
0.195007
0.280972
0.388684
0.521131
0.680701
0.858536
1.026495
1.103349
1.070352
0.922458
0.754523
0.592562
0.447982
0.325184
0.496418
0.698475
0.798294
0.746329
0.685482
0.764974
0.901856
0.863222
0.715353
0.528447
0.503438
0.686476
0.881211
1.015265
1.140998
1.265516
1.749649
1.965800
2.029865
2.048067
2.043884
2.018268
1.913654
1.696982
1.673770
1.523691
1.698742
2.025280
2.082728
2.007942
1.859604
1.788489
2.071739
2.639438
3.266483
3.634734
3.319710
2.744838
2.126846
1.578491
1.138247
0.812652
0.933681
1.095837
1.165156
1.064784
0.863308
0.635197
0.440436
0.291782
0.185426
0.189556
0.294846
0.291353
0.312456
0.299796
0.285120
0.253216
0.306448
0.391601
0.451313
0.449137
0.383958
0.306694
0.231157
0.237751
0.327279
0.396377
0.420044
0.381932
0.324100
0.260166
0.230631
0.308054
0.402596
0.491888
0.558880
0.665718
0.765752
0.881345
0.944817
0.906480
0.774511
0.631382
0.496365
0.372437
0.274200
0.254373
0.315270
0.357591
0.407094
0.443253
0.495843
0.502735
0.426803
0.605413
0.948430
1.388459
2.059282
2.517898
2.684569
2.723559
2.729584
2.692231
2.525254
2.073580
1.414608
1.013071
0.778775
0.637080
0.685204
0.673508
0.700895
0.977048
1.306902
1.643787
1.799647
1.734955
1.441074
1.122419
0.854642
0.667279
0.812832
1.189343
1.672904
2.281125
3.164547
4.015295
4.377287
4.470014
4.491616
4.483693
4.449208
4.347641
3.993620
3.184369
2.243919
1.721927
1.846976
2.135731
2.063130
1.729343
1.327136
1.568308
1.990230
2.372100
2.549061
2.396071
2.421403
2.715363
2.837035
2.609253
2.268420
1.916565
1.623280
1.335453
1.095568
1.261169
1.434049
1.430737
1.263914
1.160136
1.182458
1.143919
1.060684
0.954377
0.833701
0.714602
0.811675
0.946715
1.034298
1.038878
1.083840
1.040875
1.100547
1.137329
1.057077
1.110523
1.106789
1.125350
1.266633
1.418022
1.593158
1.789975
1.948442
1.986860
1.896659
1.711180
1.501006
1.514887
1.699285
1.845414
1.882876
1.828922
2.044776
2.267034
2.512108
2.785497
3.076761
3.275866
3.278951
3.115360
2.845683
2.550686
2.251505
2.012866
2.175354
2.197041
2.094481
2.031248
1.874321
1.723639
1.565266
1.669793
1.933452
2.174504
2.373839
2.467039
2.411191
2.176209
1.864640
1.563459
1.524950
1.804150
2.114738
2.445215
2.720923
2.874737
2.788069
2.530411
2.196214
1.916477
1.715462
1.933846
2.393011
2.839562
3.356183
4.015001
4.802905
5.541995
6.024672
6.904186
7.150235
6.932275
6.156836
4.817415
3.757147
4.171832
4.809191
5.305016
5.516273
5.365939
4.940963
4.437515
3.886750
3.366892
2.912325
3.166691
3.579081
3.955709
4.430792
4.565564
4.231400
3.731777
3.172898
2.660781
2.291778
1.970966
2.131325
2.760103
3.760529
4.125462
3.817807
2.864934
2.105524
1.869915
2.171017
2.433492
2.607567
2.599882
2.390167
2.094156
1.793356
1.837961
2.038486
2.142317
2.081859
2.301204
2.428568
2.420875
2.330527
2.244463
2.034130
2.079078
2.225280
2.180736
1.955155
1.785808
1.960708
2.151794
2.283174
2.273602
2.123881
1.899592
1.655806
1.670277
1.872738
1.976336
1.888198
1.862711
1.811906
2.109639
2.604340
3.008558
3.367593
3.729114
4.053577
4.260181
4.340600
4.184884
3.894435
3.550313
3.623976
3.757015
3.888001
3.863468
3.653248
3.344890
2.998837
2.678176
2.386861
2.415832
2.455545
2.656207
2.946012
3.198390
3.307687
3.218643
3.214465
3.509449
3.613526
3.610374
3.467542
3.267154
3.540577
4.272490
5.100561
6.045554
7.038650
7.736353
7.719920
7.028044
6.065074
5.166450
4.453074
4.012829
3.748408
3.293314
3.288917
3.634673
4.310003
4.955837
5.289842
5.883524
6.393893
6.490330
6.116717
6.031099
6.390326
6.403764
6.059783
5.499982
5.043251
4.767757
4.464745
4.484108
4.690875
4.870983
5.273094
5.436495
5.343823
5.019705
4.493709
3.908601
3.381449
3.823537
4.419218
5.013648
5.438490
5.434688
4.994013
4.343711
3.715314
3.196663
2.722368
2.334994
2.114400
2.023268
1.973607
1.906621
1.667163
1.466840
1.414264
1.243741
1.175177
1.129990
1.009609
1.064934
1.135371
1.101826
0.976218
0.860830
0.803726
1.085050
1.295741
1.225585
1.083489
1.204383
1.274205
1.415241
1.558255
1.705143
1.889973
1.991302
1.884238
1.706846
1.684323
2.010674
2.336409
2.370550
2.258524
2.077945
1.860633
1.648287
1.454275
1.287706
1.163721
1.019142
0.933370
0.968448
0.927091
1.040840
1.176317
1.313176
1.436234
1.535956
1.543664
1.430448
1.258134
1.109927
1.003617
1.000865
1.011767
0.961658
0.878765
0.726141
0.784766
0.927988
1.076829
1.226457
1.385409
1.542129
1.651844
1.669704
1.619241
1.584123
1.474519
1.342305
1.234413
1.224438
1.349325
1.413045
1.423412
1.334011
1.148166
0.953526
0.726914
0.553357
0.726210
0.916907
1.047010
1.227296
1.217283
1.024333
0.776909
0.555496
0.680370
0.945389
1.196042
1.426595
1.723726
1.803949
1.716773
1.448427
1.029848
0.730653
0.617700
0.555135
0.521742
0.504167
0.498292
0.494076
0.483288
0.450314
0.343539
0.152996
0.048906
0.026354
0.009365
0.027007
0.065915
0.117904
0.179292
0.246494
0.310717
0.318572
0.271326
0.222639
0.200046
0.210416
0.232138
0.251512
0.337449
0.400455
0.377602
0.288725
0.220496
0.166771
0.203670
0.304125
0.427295
0.580620
0.753432
0.892627
0.894211
0.762373
0.866107
0.896965
0.911148
0.907697
0.871042
0.741956
0.464371
0.471781
0.659745
0.773281
0.780284
0.712880
0.635042
0.628470
0.660831
0.748617
0.775519
0.763573
0.727181
0.816719
0.938461
1.050537
1.107454
1.249624
1.396240
1.546209
1.694180
1.858921
2.002610
2.056882
1.986158
2.141312
2.684900
3.263076
3.738693
4.105162
4.380352
4.494069
4.390548
4.187570
3.972790
4.056080
4.453583
4.940434
5.303668
5.672741
6.033794
6.399364
6.812536
7.246783
7.572051
7.673976
7.465572
7.072900
6.688386
6.381316
6.667808
6.663581
6.388990
5.920783
5.382551
4.971081
5.036448
5.168616
5.023738
4.760852
4.466812
4.299615
4.120855
4.452947
4.737216
5.002875
5.163855
5.099874
4.821772
5.042031
5.107643
4.912750
5.187178
5.328396
5.243849
5.265115
5.612858
6.010718
6.426657
6.844430
7.086080
7.051667
7.440928
7.952644
8.352028
8.372035
8.014031
7.562965
7.458581
7.546937
7.349010
6.961697
6.916341
7.459173
8.095466
8.737081
9.345670
9.758493
9.641967
9.189217
9.668050
10.381777
11.190813
11.939899
12.226139
11.909678
11.103900
10.219731
9.382305
8.603823
7.908636
7.436140
7.440701
7.156941
7.024119
7.414560
8.069120
8.676079
9.080046
9.009313
8.627848
8.173769
7.624856
7.078001
6.542601
6.011883
5.476617
5.284893
5.279607
5.091705
4.810412
4.505843
4.205232
4.051809
3.932135
3.679325
3.594173
3.592319
3.573335
3.752254
4.004449
4.239909
4.290305
4.397305
4.589523
4.616896
4.981387
5.331112
5.550111
5.462466
5.184539
4.813684
4.420789
4.058393
3.762255
3.543303
3.654329
3.596335
3.411816
3.179498
2.926893
2.643895
2.302694
1.716935
1.251525
1.435520
1.250766
0.930489
0.618535
0.537227
0.531051
0.473874
0.293988
0.270295
0.374015
0.476277
0.513952
0.589128
0.706537
0.800334
0.832900
0.766899
0.617742
0.467338
0.337213
0.228143
0.140623
0.075554
0.117443
0.121859
0.089113
0.058900
0.094882
0.125722
0.174136
0.244878
0.268333
0.241644
0.219909
0.172646
0.136221
0.074868
0.038865
0.128397
0.280278
0.505228
0.810347
1.196475
1.654383
2.068609
2.330780
2.265231
2.188225
2.188646
2.437137
2.824443
3.417787
3.990534
4.043710
3.596611
3.271751
3.095135
2.653739
2.268800
2.187207
1.736553
1.243385
0.830976
0.521294
0.294600
0.147397
0.165254
0.131701
0.073192
0.040582
0.017684
0.000525
0.000000
0.000000
0.000000
0.000000
0.000000
0.000000
0.000000
0.000000
0.002649
0.045496
0.066318
0.047089
0.004786
0.000000
0.000000
1.174665
0.580172
0.236064
0.109724
0.283355
0.540573
0.866107
0.000000
0.000000
0.000000
0.000000
0.000000
0.000000
0.000000
0.000000
0.000000
