track	type=wiggle_0
fixedStep	chrom=chr	start=1	step=1
0.000000
0.000000
0.000000
0.000000
0.000000
0.000000
0.000000
0.000000
0.000000
0.183391
0.263561
0.116550
0.040110
0.046859
0.253546
0.395779
0.438674
0.561272
0.602498
0.793845
1.030901
1.099273
1.113360
1.113360
1.113360
1.088830
1.014970
0.783888
0.672543
0.551312
0.379303
0.232442
0.150557
0.226695
0.327298
0.415496
0.427742
0.627248
0.826379
0.914096
0.784968
0.574319
0.612413
0.795175
0.565819
0.305816
0.128689
0.040810
0.012534
0.087356
0.260977
0.460208
0.586622
0.625299
0.575301
0.459124
0.353377
0.361488
0.461637
0.556558
0.566608
0.590055
0.726843
0.862494
0.884144
0.792604
0.722281
0.796052
0.757586
0.630966
0.471691
0.440646
0.615775
0.846854
1.116893
1.379114
1.558306
1.472492
1.252891
1.017799
0.783296
0.571687
0.402943
0.287245
0.185901
0.139168
0.082206
0.182832
0.327680
0.449336
0.501213
0.482015
0.410522
0.327855
0.314870
0.379944
0.440324
0.469558
0.616986
0.775461
0.817483
0.823788
0.817483
0.788302
0.684610
0.574448
0.516882
0.420396
0.358923
0.449236
0.562576
0.695112
0.824710
0.912549
0.923873
0.863179
0.746970
0.627252
0.524875
0.462557
0.429818
0.438942
0.466951
0.557475
0.646141
0.678653
0.630073
0.534087
0.432548
0.346882
0.420880
0.508433
0.794446
1.019751
1.081516
1.092377
1.092377
1.139338
1.167403
1.053020
0.906564
0.738692
0.580453
0.550754
0.685905
0.862701
1.013988
1.050550
1.240843
1.540493
1.904239
2.328126
2.811660
3.318873
3.723891
3.910210
3.635597
3.192019
2.925122
3.539300
4.281863
5.109372
5.846688
6.176975
5.827167
5.086053
4.266138
3.549957
3.003264
2.716355
2.354076
1.953552
1.565601
1.218982
0.935673
0.757105
0.748126
0.640543
0.510963
0.440671
0.589974
0.753790
0.909107
0.954642
0.914670
0.826632
0.756906
0.665221
0.842022
1.066527
1.348040
1.681186
2.042253
2.364028
2.543043
2.365130
2.051008
1.797479
1.894790
1.790935
1.905428
1.855195
1.719289
1.509599
1.405688
1.271712
1.032471
0.859619
0.851207
0.913525
0.852582
0.739419
0.687992
0.698005
0.737608
0.722749
0.677689
0.798920
0.927887
1.045214
1.091400
1.045340
0.928359
0.805933
0.818316
0.925013
1.007027
1.006549
0.939153
0.848484
0.743329
0.694734
0.675547
0.778380
0.847632
0.865547
0.814615
0.709097
0.607034
0.602989
0.689058
0.766763
0.821804
0.810686
0.739078
0.675025
0.690626
0.670419
0.622608
0.615130
0.639759
0.619959
0.600606
0.572829
0.506957
0.429451
0.395862
0.360901
0.295479
0.250889
0.283277
0.295017
0.324001
0.361027
0.332783
0.275351
0.308993
0.303581
0.355868
0.427177
0.426434
0.357143
0.264120
0.222963
0.309688
0.396629
0.421394
0.398736
0.321607
0.241011
0.184390
0.162083
0.109999
0.093410
0.080719
0.073742
0.087294
0.099925
0.133650
0.210512
0.250544
0.309536
0.453097
0.589566
0.730770
0.880777
1.063916
1.268556
1.560066
1.965108
2.420632
2.865365
3.423077
3.796192
3.688647
3.283500
2.763547
2.245322
2.039733
2.354664
2.761720
3.073250
3.009577
2.664726
2.257754
1.989565
1.710436
1.645412
1.706796
1.579685
1.326974
1.065479
1.129809
1.248546
1.334698
1.364003
1.371098
1.334787
1.167553
0.805822
0.553015
0.621461
0.693637
0.619799
0.456221
0.293152
0.152917
0.120161
0.163391
0.176707
0.180190
0.180190
0.180190
0.180670
0.180075
0.176198
0.154455
0.122519
0.082572
0.055650
0.026103
0.018132
0.013785
0.041386
0.079364
0.146844
0.217202
0.215297
0.140265
0.055682
0.008512
0.000000
0.000000
0.000000
0.000000
0.000000
0.000000
0.000000
0.000000
0.000000
0.000000
0.000134
0.017418
0.060725
0.163097
0.359222
0.662276
0.706911
0.504899
0.354112
0.198716
0.137889
0.085835
0.012064
0.000000
0.000000
0.000000
0.000000
0.000000
0.000000
0.000000
0.000000
0.000000
0.001417
0.022907
0.034414
0.026903
0.021498
0.004026
0.000000
0.000000
0.000000
0.000000
0.000000
0.000000
0.000000
0.000000
0.000158
0.039854
0.121358
0.178006
0.243625
0.260361
0.119515
0.032715
0.006098
0.002405
0.000000
0.003367
0.057614
0.179435
0.246001
0.265402
0.269210
0.269210
0.265402
0.242990
0.165132
0.030292
0.000000
0.000000
0.000000
0.000000
0.000000
0.000000
0.000000
0.000000
0.000000
0.000000
0.000000
0.000000
0.000000
0.000000
0.000000
0.000000
0.000000
0.000000
0.000000
0.000000
0.000000
0.000000
0.000000
0.000000
0.000000
0.000000
0.000000
0.000000
0.000000
0.000000
0.000000
0.000000
0.000000
0.000000
0.000000
0.009108
0.056432
0.149402
0.295473
0.501719
0.776732
1.129612
1.565562
2.045973
2.448637
2.458046
2.107787
1.692990
1.287142
1.244841
1.619677
1.971665
2.081776
1.939327
1.584038
1.213892
0.894455
0.635327
0.433068
0.480423
0.681637
1.014452
1.190825
1.244601
1.256988
1.256988
1.256988
1.241474
1.172533
0.943761
0.564597
0.387521
0.321267
0.220906
0.225224
0.193474
0.081260
0.058833
0.132382
0.194908
0.195834
0.135064
0.060370
0.012879
0.002419
0.036921
0.128506
0.285232
0.498864
0.722321
0.727319
0.515314
0.301521
0.140220
0.042523
0.002155
0.000000
0.000018
0.001767
0.001501
0.006011
0.022180
0.042041
0.052625
0.043287
0.025494
0.016550
0.018809
0.012364
0.005997
0.006815
0.007388
0.003512
0.000233
0.003557
0.014105
0.020299
0.012717
0.003457
0.001335
0.003247
0.009713
0.009315
0.021480
0.056605
0.108926
0.166662
0.201913
0.195849
0.150595
0.236724
0.330920
0.354654
0.285697
0.171813
0.111055
0.084811
0.140808
0.195547
0.208621
0.207305
0.403801
0.726937
1.209899
1.614913
1.778744
1.822676
1.826048
1.800991
1.947421
2.521558
3.205609
3.972186
4.826056
5.743845
7.269981
8.127316
7.259751
5.675882
4.614311
3.765995
3.197245
3.422743
3.460125
3.545698
3.887831
4.429502
4.648893
4.462851
3.946609
3.344007
2.778211
2.278069
1.841935
1.627091
1.444772
1.634274
1.677285
1.482976
1.166280
0.821929
0.631384
0.791924
0.973250
1.176215
1.378350
1.530065
1.553884
1.452542
1.246279
1.032541
0.853755
0.714404
0.646903
0.555052
0.439864
0.337418
0.246421
0.171505
0.120470
0.084831
0.048477
0.020802
0.006777
0.000743
0.000000
0.000000
0.000000
0.000000
0.000000
0.000000
0.000000
0.000000
0.000000
0.000000
0.000000
0.000000
0.000000
0.000000
0.000680
0.004500
0.004498
0.000603
0.000000
0.000000
0.000512
0.000526
0.001291
0.007375
0.017872
0.063664
0.178161
0.322319
0.525259
0.612259
0.612924
0.715806
1.042250
1.393001
1.746466
1.693556
1.237049
0.829607
0.520901
0.293792
0.139480
0.045958
0.004570
0.000000
0.000000
0.005823
0.036140
0.063307
0.096035
0.112444
0.108528
0.078293
0.039211
0.080126
0.128850
0.145668
0.107387
0.057599
0.023535
0.009104
0.011865
0.014789
0.008615
0.000403
0.000000
0.000053
0.007186
0.026170
0.058087
0.106418
0.169923
0.249083
0.342823
0.450224
0.561455
0.661652
0.679854
0.612719
0.514365
0.410018
0.314656
0.230159
0.157871
0.099080
0.060918
0.040216
0.057470
0.105921
0.135916
0.156855
0.211479
0.315960
0.437784
0.507410
0.529115
0.504867
0.629606
0.805370
1.015936
1.153138
1.135012
0.984854
0.814423
0.621718
0.540074
0.559288
0.493233
0.492552
0.728762
0.988673
1.142999
1.081324
1.346555
1.805991
2.409216
2.973752
2.957789
2.393502
1.940623
1.752084
1.489310
1.674169
2.060848
2.001153
1.451461
1.066363
1.197731
1.364967
1.381490
1.225933
1.028319
0.843702
0.853923
1.064242
1.288538
1.437661
1.339926
1.156464
0.937679
0.735893
0.686484
0.793381
0.900604
0.991034
1.116322
1.262086
1.375761
1.403812
1.341005
1.183457
1.078328
1.103705
1.040059
1.012143
1.113587
1.159734
1.182957
1.177232
1.264857
1.391718
1.538655
1.631939
1.611010
1.724942
1.921823
2.129963
2.257843
2.226674
2.047390
1.807188
1.570835
1.357334
1.183897
1.069047
1.227230
1.414041
1.603664
1.745330
1.762519
1.749923
1.885688
2.047541
2.209002
2.353254
2.507732
2.650790
2.813273
2.981709
3.116851
3.116623
2.985722
2.806714
2.611625
2.414097
2.567281
3.171532
3.749982
3.895679
3.618290
2.992710
2.493511
2.553254
2.668786
2.664344
2.555583
2.662802
2.511777
2.245513
2.648126
3.199648
3.717799
3.740942
3.299856
2.790088
2.711925
2.559314
2.292806
2.086467
2.031876
2.345727
2.649542
2.689326
2.518825
2.906111
3.257470
3.593216
4.036073
4.308691
4.227866
3.820613
3.326662
3.055403
3.291082
3.645705
4.017498
4.400640
4.786839
5.137338
5.397784
5.359145
5.063155
4.658166
4.565991
4.952578
5.289428
5.342797
5.176956
4.968742
4.815828
4.662323
4.835276
4.815180
4.509477
4.112089
3.685505
3.278098
2.909550
2.714644
2.935843
3.107041
3.177094
3.335883
3.420760
3.306238
3.055821
2.786355
2.504753
2.324534
2.221028
2.119272
1.924041
2.136622
2.388427
2.603793
2.769719
2.960600
3.015583
2.908262
2.693382
2.424057
2.265546
2.097887
1.951607
1.784577
1.632757
1.489478
1.359800
1.339346
1.256724
1.197274
1.106049
0.956963
0.810372
0.887028
0.983971
1.083995
1.138918
1.130053
1.065129
1.008914
0.951740
0.900216
0.932907
0.896449
0.871194
0.859920
0.891686
0.887748
0.855983
0.933798
1.522280
1.923082
2.063509
2.063162
1.930648
1.562662
1.017817
0.670335
0.560763
0.809810
0.950006
0.874147
0.805590
0.836792
0.913168
1.039361
1.168782
1.101592
1.038540
0.942564
0.850444
0.752271
0.632728
0.830627
1.072220
1.193075
1.604881
2.173455
2.620436
2.840506
2.934083
2.924317
2.791889
2.442476
1.728496
1.185609
0.784085
0.488491
0.274578
0.128296
0.053438
0.106772
0.121924
0.089492
0.036517
0.044059
0.044330
0.046111
0.081109
0.153440
0.198480
0.161257
0.084824
0.024038
0.000928
0.006733
0.015332
0.018076
0.020775
0.015817
0.008075
0.012238
0.017046
0.023537
0.085386
0.186769
0.242735
0.261375
0.263554
0.245825
0.232054
0.317448
0.301395
0.239878
0.214376
0.265853
0.330575
0.414315
0.461978
0.440870
0.377495
0.301368
0.204371
0.226572
0.408613
0.737435
1.160788
1.498618
2.045403
2.702220
3.130410
3.313119
3.316155
3.142737
2.729978
2.186917
1.872031
1.582223
1.208242
0.900665
0.806805
0.989531
1.039942
1.147646
1.203869
1.360988
1.582309
1.695320
1.659106
1.483775
1.234378
0.987945
0.760874
0.561659
0.394724
0.259841
0.154443
0.077399
0.027954
0.003329
0.002798
0.052892
0.181821
0.429551
0.570828
0.611517
0.610377
0.573765
0.458986
0.274742
0.268634
0.282682
0.428300
0.712201
0.857922
0.914640
0.913653
0.864068
0.740566
0.502234
0.292379
0.094126
0.011417
0.000000
0.000000
0.000000
0.000000
0.000000
0.000000
0.000000
0.000000
0.000000
0.000000
0.000000
0.000000
0.000000
0.000000
0.000000
0.000000
0.000000
0.000000
0.000000
0.000000
0.000000
0.000000
0.000000
0.000000
0.000000
0.000000
0.000000
0.000000
0.023770
0.112847
0.285646
0.571248
0.819761
0.958629
1.032523
1.412227
1.748379
1.807257
1.566015
1.194059
0.872343
0.630807
0.875545
1.182279
1.461743
1.566853
1.422744
1.206827
1.554708
2.001228
2.441078
2.563796
2.787656
3.360326
3.794922
3.098229
2.311455
1.698694
1.264738
0.911043
0.603191
0.586337
0.760349
0.954012
1.144551
1.238090
1.382721
1.569377
1.681084
1.604472
1.369371
1.110005
0.884452
0.870319
0.906027
0.855328
0.708448
0.567608
0.493908
0.373880
0.436902
0.544124
0.659709
0.789460
0.934497
1.102861
1.292284
1.492366
1.678454
2.115765
2.734954
3.393867
3.891519
3.896271
3.400717
2.724037
2.108520
1.598447
1.567158
1.509726
1.363301
1.426335
1.358476
1.210169
1.079774
0.979539
1.088463
1.256364
1.348315
1.575688
1.875859
2.215577
2.602740
3.036552
3.493728
3.960144
4.265821
4.226704
3.883142
3.420408
3.230628
3.081376
2.750981
2.525417
2.210683
2.083142
2.295957
2.694315
3.227134
3.814642
4.273165
4.272723
3.818658
3.220242
2.652651
2.166313
1.750203
1.440282
1.669041
1.916967
2.166284
2.388221
2.430367
2.293562
2.062805
2.185489
2.300304
2.273405
2.120931
1.897422
1.669297
1.456233
1.264940
1.396992
1.620371
1.833452
1.895049
1.812687
1.611351
1.724038
1.865685
1.849288
1.679078
1.450062
1.234557
1.038669
0.856534
0.685425
0.582378
0.674605
0.677141
0.623171
0.706114
0.796628
0.814926
0.760102
0.638506
0.581326
0.687516
0.685279
0.585326
0.490205
0.653130
0.742027
0.708223
0.716736
0.903803
0.910546
0.728603
0.482064
0.277418
0.265267
0.264677
0.231554
0.180505
0.128294
0.167843
0.175117
0.157654
0.123469
0.100456
0.132332
0.215523
0.347417
0.409443
0.382502
0.300245
0.200127
0.114856
0.054623
0.018634
0.001699
0.002294
0.012257
0.018963
0.013300
0.002047
0.000000
0.000000
0.000000
0.000000
0.000000
0.000000
0.010368
0.058737
0.177510
0.391956
0.701505
0.842557
0.758605
0.491713
0.222245
0.087225
0.016416
0.008664
0.010377
0.004426
0.000000
0.000716
0.003487
0.003075
0.000142
0.000000
0.000000
0.000000
0.000000
0.001440
0.024555
0.047605
0.026183
0.002969
0.000000
0.000000
0.000000
0.000000
0.000000
0.000000
0.000000
0.000000
0.000000
0.000000
0.003726
0.017869
0.040766
0.048793
0.033275
0.025420
0.010086
0.000198
0.005763
0.026394
0.040953
0.087717
0.149672
0.199643
0.272681
0.297624
0.249510
0.160679
0.080610
0.027906
0.056581
0.141110
0.274770
0.463479
0.721178
1.052832
1.454343
1.958914
2.575721
3.318118
4.131905
4.833330
4.830375
4.139990
3.329184
2.584273
1.961414
1.446676
1.031415
0.701193
0.463217
0.333972
0.236535
0.147939
0.068054
0.014967
0.051420
0.109904
0.226223
0.321928
0.311100
0.210268
0.102402
0.083159
0.090284
0.160309
0.244338
0.301747
0.294413
0.235229
0.218568
0.190782
0.126722
0.084012
0.146156
0.204497
0.224394
0.197975
0.157502
0.152439
0.111851
0.061238
0.023450
0.026818
0.084385
0.163298
0.206300
0.187476
0.111854
0.044110
0.139053
0.209872
0.255558
0.286229
0.429248
0.662868
0.880539
1.095677
1.392104
1.782816
1.993381
2.039417
1.990995
1.941149
1.891328
1.822218
1.640726
1.244761
1.182326
1.185558
1.458345
1.741928
1.797520
1.726204
1.599004
1.524128
1.803705
2.335501
2.921069
3.280032
2.993823
2.454891
1.875170
1.367350
0.961801
0.669758
0.515498
0.457802
0.412232
0.463199
0.447618
0.326872
0.179396
0.072616
0.030085
0.125586
0.244663
0.152341
0.047989
0.002642
0.000000
0.000000
0.000000
0.000000
0.000165
0.000397
0.000000
0.000000
0.000000
0.000000
0.000070
0.006406
0.015957
0.016188
0.008249
0.005194
0.005201
0.007700
0.010726
0.018292
0.017592
0.019865
0.045841
0.078035
0.099068
0.089754
0.094608
0.145460
0.208910
0.274902
0.326080
0.324247
0.271027
0.219778
0.241286
0.257043
0.239278
0.191399
0.277129
0.506557
0.816236
1.216777
1.833277
2.254226
2.413086
2.454279
2.459973
2.438341
2.325552
2.051436
1.622814
1.900266
2.031544
1.843689
1.487375
1.152824
1.506923
1.921040
2.398256
2.861640
3.194895
3.211642
2.883518
2.416629
2.063367
1.869609
1.543160
1.525154
1.628606
1.924845
2.770620
3.635998
4.001495
4.100374
4.135725
4.160153
4.174914
4.137843
3.806381
3.034114
2.259986
1.813222
2.020902
2.097177
1.901412
1.517010
1.162536
0.854194
0.711633
0.713716
0.696700
0.659525
0.534283
0.408532
0.424451
0.577546
0.753466
0.937988
1.042178
1.034100
0.897836
0.713106
0.530013
0.399761
0.412505
0.328530
0.379644
0.458248
0.470827
0.458393
0.470458
0.623395
0.866781
1.215480
1.665157
2.116390
2.309170
2.126675
1.674673
1.223349
0.869073
0.679904
0.712184
0.762661
0.727648
0.651013
0.583677
0.621826
0.706216
0.752954
0.731708
0.779684
0.781777
0.767510
0.753134
0.718798
0.778288
0.843662
0.932733
1.058804
1.202868
1.358101
1.546201
1.763401
1.994927
2.236820
2.471380
2.651956
2.683739
2.575179
2.375107
2.164525
1.967847
1.777997
1.656006
1.805558
1.976183
2.166161
2.378636
2.604057
2.832942
3.047089
3.128646
3.041995
2.824217
2.572446
2.323972
2.091625
2.228027
2.335951
2.288876
2.110212
1.888578
1.827505
1.828625
1.979830
2.092005
2.064196
2.300135
2.501392
2.585644
3.267858
4.140689
5.312512
6.891943
7.687653
7.902458
7.686616
6.889944
5.323977
4.165537
3.349322
2.707556
2.846897
2.901431
2.926643
2.775505
2.518330
2.405602
2.600885
2.923663
3.035615
3.491458
4.068802
4.555302
4.780414
4.457662
3.957624
3.388771
3.297976
3.565949
3.773474
4.060419
4.362243
4.769904
5.252237
5.664739
5.710954
5.373146
4.865166
4.332033
3.844671
3.416209
3.279494
3.330482
3.670423
4.008507
4.020553
3.784240
3.795408
4.047290
4.699718
5.417673
6.321819
7.373353
8.509156
9.529783
9.985908
9.411805
8.286612
7.121150
6.035279
5.193084
4.995882
4.707591
4.577442
4.305313
3.936020
3.876668
3.857793
3.922427
4.201300
4.544029
4.787196
4.701599
4.500417
4.444761
4.951321
5.445000
5.941881
6.442247
6.935311
7.297727
7.345880
7.035906
6.601011
6.140367
5.714463
5.346732
5.671773
5.967398
6.078027
5.849930
5.488040
5.083854
4.660682
4.260690
3.919206
3.778510
3.953159
4.132389
4.126546
3.917870
3.662282
3.415419
3.557289
3.576554
3.552402
3.717429
3.763994
3.660016
3.679731
3.911728
4.104768
4.208235
4.182257
4.119761
4.246045
4.189381
4.048306
3.799575
3.698015
3.690937
3.892178
4.095037
4.565995
4.878443
4.818827
4.904648
4.821722
4.618464
4.470805
4.705535
5.012747
5.243704
5.241406
5.099329
4.877233
4.619952
4.692104
4.862482
4.903294
4.781499
4.914091
5.046730
5.211868
5.286411
5.137697
4.894002
4.667284
4.640177
4.438452
4.131793
3.843950
3.673467
3.627403
3.680137
3.794651
3.817060
3.692632
3.386894
2.949679
2.412017
1.861634
1.787945
2.020946
2.189141
2.177719
2.001301
1.731425
1.462747
1.389441
1.468256
1.633792
1.848123
2.080127
2.309087
2.493937
2.608418
2.506107
2.308920
2.362161
2.636018
2.860337
3.062120
3.247542
3.483886
3.637620
3.523777
3.292798
3.083196
3.293465
3.411990
3.321345
3.126801
2.973540
2.867172
2.742820
2.832047
3.230499
3.596690
3.840359
3.851846
3.627648
3.265872
2.917437
3.008034
3.305659
3.430487
3.313804
3.006409
2.646553
2.301608
1.991934
1.718634
1.468749
1.242951
1.185755
1.540600
1.947860
2.347550
2.681288
2.751973
2.582812
2.188017
1.917422
1.835671
2.208938
2.574914
2.704992
2.541632
2.171779
1.964688
2.484455
2.865082
3.454191
4.303738
5.455877
6.923284
7.678996
7.937909
7.984859
7.926946
7.677239
7.022437
5.765067
6.149316
6.926204
7.468588
7.384408
6.867572
6.054433
5.187781
4.271936
5.031715
5.346554
4.875951
3.759763
2.831170
2.101873
1.517968
1.049565
0.953027
0.949751
0.900888
0.973532
0.960279
0.858216
0.779557
0.720749
0.575270
0.578590
0.708474
0.807798
0.858273
0.847924
0.793002
0.846188
0.893569
0.798456
0.731453
0.896844
1.076503
1.270942
1.474440
1.616777
1.592535
1.412233
1.180550
0.955742
0.759960
0.585935
0.441064
0.425563
0.534358
0.638757
0.673142
0.650648
0.562076
0.466500
0.449341
0.424684
0.465475
0.505623
0.473084
0.388947
0.317564
0.296689
0.395072
0.555529
0.696245
0.797048
0.929514
1.084952
1.248208
1.352992
1.332619
1.207487
1.058372
0.972777
1.021186
1.110260
1.208838
1.334607
1.388344
1.357484
1.279482
1.191244
1.252070
1.276777
1.362627
1.547494
1.778920
2.013941
2.175096
2.376947
2.597667
2.850912
3.102316
3.350470
3.619128
3.889966
4.051523
4.054824
3.913071
3.718943
3.653935
4.116326
4.787847
5.288846
5.574372
5.506792
5.088593
4.514307
4.014050
3.568029
3.287154
3.095152
2.888039
2.582454
2.262733
1.782964
1.368762
1.167905
1.134795
1.150462
1.129868
1.044061
1.060409
1.082929
1.131148
1.249952
1.337711
1.340955
1.498874
1.586823
1.821684
1.887202
1.733570
1.819329
1.975278
2.088099
2.275014
2.836257
3.513653
4.238427
4.749899
4.741031
4.208385
3.489001
3.353947
3.727226
4.081005
4.402155
4.637069
4.653056
4.425624
4.423216
4.799991
5.031564
5.042721
5.294182
5.661236
5.936138
5.942071
6.314393
6.436796
6.338612
6.930642
7.480449
7.663633
7.453128
6.864318
6.214702
5.600821
5.039523
4.538684
4.221825
4.233636
4.043772
3.982635
4.353674
4.840956
5.300723
5.618213
5.575439
5.295803
4.947896
4.544832
4.143870
3.754502
3.370673
2.990629
2.636701
2.328651
2.055773
2.153842
2.351186
2.465504
2.476972
2.327834
2.111444
1.878419
1.769946
1.692870
1.542305
1.422218
1.445057
1.546472
1.729859
1.807331
1.776812
1.670417
1.852664
1.941056
1.876448
1.718353
1.527684
1.326055
1.143650
0.995524
0.885168
0.936974
0.895836
1.097016
1.191869
1.087020
0.864905
0.684833
0.941219
1.158056
1.331267
1.155190
0.922554
0.925134
0.999679
1.042903
0.883858
0.475148
0.411963
0.375917
0.215934
0.188415
0.222709
0.247409
0.306045
0.393050
0.491681
0.580810
0.581497
0.366806
0.304107
0.302196
0.274502
0.325612
0.390905
0.431007
0.350355
0.119181
0.062910
0.009758
0.000000
0.000000
0.000000
0.000000
0.000000
0.000000
0.000000
0.000000
0.005453
0.033579
0.083865
0.175671
0.265355
0.348040
0.341219
0.544508
0.828265
1.189950
1.645339
2.205668
2.856571
3.563335
4.177451
4.236100
3.732148
3.331989
3.064201
2.588559
2.195560
2.100988
1.658434
1.180506
0.781111
0.476219
0.251718
0.288387
0.255094
0.118500
0.062492
0.028336
0.035647
0.016503
0.000000
0.000000
0.000000
0.000000
0.000000
0.000000
0.000000
0.000000
0.001377
0.038792
0.058221
0.040393
0.002934
0.000000
0.000000
0.684610
0.371001
0.172206
0.069459
0.028152
0.129348
0.296908
0.000000
0.000000
0.000000
0.000000
0.000000
0.000000
0.000000
0.000000
0.000000
