track	type=wiggle_0
fixedStep	chrom=chr	start=1	step=1
0.000000
0.000000
0.000000
0.000000
0.000000
0.000000
0.000000
0.000000
0.000000
0.000000
0.000000
0.005470
0.037927
0.317764
0.678575
0.877387
0.819044
0.604426
0.704615
0.907176
0.653536
0.363984
0.162784
0.130247
0.237874
0.405236
0.630063
0.904544
1.147312
1.187982
1.008348
0.853136
0.741448
0.650613
0.630001
0.586784
0.640064
0.552757
0.416047
0.289208
0.292496
0.320830
0.269704
0.217844
0.190185
0.130696
0.186092
0.352443
0.544998
0.754742
0.908423
0.953007
0.955599
0.935245
0.869915
0.717111
0.382016
0.147868
0.033816
0.004464
0.001249
0.005582
0.008227
0.002316
0.003632
0.002054
0.000000
0.000000
0.000000
0.000000
0.000000
0.025907
0.121043
0.334375
0.707282
0.877391
0.978010
1.228874
1.395813
1.366179
1.422509
1.532320
1.591099
1.671206
1.727553
1.895923
2.036517
2.040869
1.902881
1.993144
2.186923
2.249762
2.209797
2.110234
1.997689
1.994650
2.042925
2.163302
2.373587
2.524173
2.663616
2.689137
2.689627
2.771756
2.716266
2.521045
2.496801
2.859968
3.261684
3.699175
4.172213
4.682833
5.209581
5.719646
6.069104
5.945945
5.507418
4.972496
4.440200
3.943064
3.497905
3.111366
3.102435
3.464889
3.853570
4.258405
4.663729
4.998325
5.118886
4.988654
4.864203
4.655443
4.340789
3.974392
3.604431
3.240890
2.901888
3.111403
3.429431
3.738131
3.997537
4.078686
3.952344
3.701687
3.673290
3.997615
4.393134
4.816389
5.227245
5.581507
5.674462
5.518108
5.135595
4.777182
4.637681
4.724203
4.647611
4.845838
5.273844
5.575454
5.591838
5.846348
6.263714
6.644584
6.664944
6.334734
6.145588
6.470793
6.646271
7.224990
7.963859
8.803315
9.687799
10.440117
10.819496
10.436371
10.123212
9.810608
9.158594
8.435802
7.721252
7.046977
6.411616
5.829183
5.288767
4.785706
4.318006
3.882865
3.491603
3.403519
3.585312
3.524069
3.275013
2.968831
2.682349
2.653247
2.902564
3.164875
3.445088
3.719365
3.910808
3.969521
3.964708
4.074269
3.980703
3.771816
4.044609
4.353712
4.599231
4.725011
4.750245
5.036564
5.246842
5.322868
5.246223
5.170746
4.963241
4.679581
4.549251
4.422731
4.388221
4.577184
4.612922
4.485240
4.317289
4.077257
3.779357
3.482361
3.195203
3.239602
3.351735
3.314043
3.274202
3.133855
2.974538
2.829921
2.680347
2.487272
2.278648
2.076430
1.890797
1.986663
2.066466
2.041100
2.015411
1.921591
1.855843
1.757474
1.618798
1.533682
1.549908
1.443193
1.274177
1.018847
0.812107
0.628546
0.471057
0.384005
0.392795
0.417902
0.401940
0.365862
0.528545
0.729505
0.972565
1.248469
1.519272
1.723369
1.879460
2.108118
2.316666
2.787137
3.358909
4.038941
4.825069
5.720811
6.736004
7.880589
9.060056
9.847314
10.087165
10.016191
9.123815
8.032310
6.977017
6.033727
5.237351
5.553925
6.179675
6.586960
6.637594
6.326037
5.686746
5.053338
4.591197
4.131437
3.635557
3.126803
2.885737
3.246526
3.365288
3.224071
2.870395
2.481980
2.127497
1.851501
1.743936
1.662269
1.985437
1.987991
1.406682
1.325105
1.374572
1.361170
1.543064
1.736341
1.945966
2.174220
2.423458
2.686434
2.961877
3.255562
3.568392
3.899554
4.248774
4.619047
5.007789
5.415030
5.838998
6.241291
6.477915
6.460466
6.211147
5.808869
5.386672
4.980594
4.592360
4.223569
3.875825
3.545090
3.233305
2.940692
2.666515
2.405162
2.156937
1.929534
1.721331
1.537343
1.664153
1.834656
1.920915
1.871175
1.743684
1.569649
1.396158
1.620261
1.827630
1.864727
1.679812
1.430347
1.184335
1.051858
0.929055
0.803602
0.693844
0.673422
0.718860
0.693843
0.624933
0.633175
0.736964
0.931659
1.137108
1.330044
1.445342
1.492860
1.550657
1.558692
1.390874
1.102004
0.766230
0.426596
0.207170
0.125361
0.067061
0.028219
0.008797
0.001023
0.000000
0.000000
0.000000
0.000000
0.000000
0.000000
0.034464
0.144471
0.252024
0.305803
0.321342
0.324901
0.324901
0.320637
0.296815
0.213816
0.058910
0.000990
0.000047
0.000000
0.000000
0.000000
0.000000
0.000000
0.000000
0.000000
0.000000
0.000000
0.000000
0.000000
0.000000
0.000000
0.000000
0.000000
0.000000
0.000000
0.000000
0.000000
0.000000
0.000000
0.000000
0.000000
0.000000
0.000000
0.000000
0.000000
0.000000
0.000000
0.000000
0.000000
0.000000
0.000000
0.000000
0.000000
0.000000
0.000000
0.019644
0.095444
0.251028
0.524427
0.928776
1.163619
1.236328
1.093773
0.731497
0.454606
0.263162
0.138442
0.084985
0.064518
0.123163
0.201017
0.264544
0.358826
0.502026
0.684137
0.902476
1.159821
1.457991
1.804700
2.188004
2.531576
2.731546
2.587024
2.252576
1.865057
1.511616
1.207026
0.944063
0.719609
0.531904
0.385711
0.414581
0.510640
0.563927
0.531591
0.462226
0.344790
0.232201
0.143749
0.079920
0.039856
0.067149
0.184717
0.374589
0.623977
0.881983
0.905363
0.712143
0.466198
0.278233
0.370794
0.472228
0.568462
0.625948
0.700326
0.828016
0.941452
0.988584
0.917416
0.796977
0.666814
0.567826
0.641880
0.754327
0.845761
0.893463
1.017221
1.155426
1.231795
1.186134
1.074236
0.923947
0.776881
0.642961
0.521891
0.414572
0.357858
0.482505
0.588063
0.637343
0.597368
0.574958
0.861799
1.192935
1.463359
1.514651
1.318967
1.036083
0.958581
1.226791
1.538906
1.899845
2.316530
2.798029
3.319581
3.747190
3.934710
3.739558
3.342011
2.970416
2.618564
2.297306
2.122483
2.606819
3.016228
3.248180
3.624153
3.871296
4.339908
5.239788
6.234293
7.824270
8.722791
7.803811
6.126556
4.997870
4.085063
3.452495
3.521474
4.051901
4.650755
5.321402
5.993294
6.490300
6.387230
5.814834
5.056133
4.316556
3.628009
3.396760
3.522460
3.423704
3.323670
3.072713
2.735443
2.223197
1.701597
1.268238
0.913820
0.630086
0.406259
0.238752
0.124734
0.102387
0.135700
0.144099
0.110594
0.063128
0.030408
0.015586
0.007543
0.000692
0.002543
0.012265
0.018074
0.013303
0.002254
0.000000
0.000000
0.000000
0.000000
0.000031
0.004817
0.008729
0.005168
0.000079
0.000000
0.000000
0.000000
0.000000
0.000000
0.000000
0.000000
0.000000
0.000000
0.000000
0.000000
0.000000
0.000077
0.005002
0.019595
0.040604
0.065435
0.092535
0.109814
0.106011
0.097170
0.106942
0.205918
0.379110
0.597666
0.892421
1.283403
1.778745
2.366094
3.006203
2.973972
2.295118
1.724966
1.240287
0.847105
0.542976
0.314899
0.156564
0.057505
0.031469
0.015109
0.005225
0.009972
0.014875
0.021749
0.021474
0.016117
0.008818
0.001656
0.000141
0.001069
0.000350
0.008259
0.029483
0.070649
0.121738
0.149313
0.124447
0.075426
0.030695
0.005962
0.007072
0.006961
0.005675
0.002063
0.017427
0.060007
0.045712
0.082875
0.084254
0.099409
0.088605
0.057131
0.030107
0.009978
0.000550
0.000000
0.000000
0.000823
0.007764
0.026733
0.071809
0.128803
0.163820
0.166627
0.248468
0.364288
0.496606
0.574155
0.588901
0.562601
0.702542
0.887307
1.103717
1.242611
1.220561
1.060555
0.881082
0.674036
0.581628
0.597867
0.525309
0.528283
0.775779
1.045995
1.206292
1.141056
1.413586
1.887207
2.502378
3.077523
3.058388
2.481950
2.015593
1.826125
1.554584
1.744417
2.135724
2.067948
1.502567
1.105864
1.056540
1.058336
0.992490
0.888160
0.821441
0.935587
1.041418
1.182220
1.356011
1.547303
1.744811
1.884410
1.924184
1.851986
1.707241
1.690131
1.927314
2.181135
2.438954
2.680224
2.857547
2.882146
2.760417
2.523787
2.258028
2.173409
2.038588
2.240213
2.374317
2.417521
2.473366
2.521910
2.655094
2.885363
3.151719
3.368007
3.445315
3.519250
3.669159
3.983677
4.199121
4.191510
3.964726
3.621804
3.269611
3.289958
3.571497
3.852686
4.087967
4.206007
4.094480
3.849272
3.632539
3.821815
4.108821
4.412442
4.619673
4.619588
4.750143
4.805650
4.728255
4.512887
4.269238
4.066949
4.026945
3.867002
4.437783
5.348785
6.374156
7.411996
8.323650
8.438220
7.780829
6.757608
5.724046
4.894860
4.630167
5.202557
5.568089
5.319198
4.827228
4.166400
4.302937
4.866092
5.516872
6.239126
6.997430
7.631547
7.848121
7.555838
7.255735
7.448750
7.575472
7.843839
8.216263
8.559018
8.427003
8.231855
9.118240
10.226933
11.354304
12.046831
11.998909
11.207136
10.084327
8.942058
7.908115
7.083379
7.559778
7.820947
7.729538
7.296660
6.858946
6.491504
6.060960
5.660734
5.335211
4.944706
4.517289
4.101511
3.705580
3.663335
4.036959
4.388027
4.645047
4.550207
4.220381
3.842443
3.628231
3.335876
3.037060
2.988158
3.071645
3.371268
3.599022
3.632015
3.467708
3.434795
3.679025
3.762024
3.707147
3.700236
3.585843
3.505192
3.447039
3.469180
3.419871
3.571107
3.891139
4.215614
4.468481
4.427884
4.141850
3.816972
3.525336
3.266848
3.104327
3.193522
3.395367
3.487159
3.424064
3.309720
3.424608
3.422401
3.340017
3.465898
3.622731
3.818530
4.057016
4.261281
4.400640
4.378500
4.222307
4.036104
4.266031
4.543320
4.805674
4.948785
4.896621
4.651665
4.404028
4.511525
4.605260
4.546739
4.346987
4.119483
3.814248
3.515436
3.258528
3.042972
2.827407
2.608526
2.498218
2.390488
2.507914
2.606896
2.597818
2.471116
2.287049
2.167817
2.058342
1.821001
1.815643
2.057461
2.320944
2.586843
2.846393
3.134067
3.445761
3.745698
3.949733
3.943452
3.722775
3.425904
3.496965
3.638520
3.635718
3.471825
3.221500
2.928101
2.619756
2.337106
2.098635
1.877405
1.669163
1.466870
1.279655
1.112787
0.967800
0.974833
1.127689
1.362059
1.523875
1.492992
1.323065
1.225640
0.968259
0.762298
0.742907
0.813861
1.094717
1.230257
1.236259
1.120697
0.856742
0.918284
1.009295
1.254574
1.775103
2.046488
2.137838
2.168845
2.180184
2.173284
2.095261
1.786453
1.114381
0.670800
0.397905
0.269541
0.407587
0.473625
0.397394
0.335364
0.422652
0.479909
0.478638
0.380944
0.250923
0.149039
0.175576
0.210344
0.280322
0.488072
0.789839
1.045370
1.226293
1.294214
1.222797
1.166837
1.102908
1.071919
1.070627
1.006140
0.794458
1.046506
1.270188
1.240715
0.980832
0.688616
0.440435
0.252290
0.120364
0.042026
0.009038
0.000674
0.005660
0.023763
0.055294
0.070176
0.051244
0.016249
0.000132
0.000000
0.000000
0.000000
0.000000
0.000000
0.000000
0.000000
0.000000
0.000000
0.000000
0.008627
0.068474
0.201689
0.439197
0.792210
0.955081
1.015764
1.018986
0.973441
0.844846
0.580273
0.340067
0.110638
0.020601
0.000000
0.000000
0.000000
0.000000
0.000000
0.000000
0.000000
0.000000
0.000000
0.000000
0.000000
0.000000
0.000000
0.000000
0.000000
0.000000
0.000000
0.000000
0.000000
0.000000
0.000000
0.000000
0.000000
0.000000
0.000000
0.000000
0.000000
0.031122
0.137337
0.258009
0.475468
0.777005
0.980187
1.071402
1.081359
1.028375
0.971711
0.911753
0.929460
0.927735
0.891378
0.770833
0.776318
0.841568
0.961425
1.191773
1.305929
1.457338
1.878365
2.322351
2.586325
2.555289
2.379865
2.071723
2.213395
2.122022
1.714784
1.269726
0.879089
0.568268
0.412005
0.348901
0.255581
0.168893
0.154674
0.206647
0.312527
0.409020
0.443024
0.391758
0.289860
0.191195
0.115134
0.060841
0.027541
0.014019
0.012834
0.086607
0.146492
0.169129
0.191738
0.288879
0.392895
0.433131
0.379801
0.246610
0.119868
0.146727
0.213652
0.284348
0.333946
0.419039
0.555621
0.558830
0.558651
0.552727
0.516843
0.594807
0.730465
0.865488
0.984502
1.025134
0.965844
0.830949
0.710566
0.622780
0.546217
0.481008
0.464504
0.457424
0.425342
0.410171
0.443173
0.580212
0.749734
0.949135
1.157991
1.351058
1.443236
1.377903
1.237379
1.103937
1.015075
0.857669
0.713400
0.818599
0.935187
1.043156
1.105981
1.290938
1.487933
1.558573
1.474471
1.270745
1.053645
0.859893
1.004106
1.151391
1.397782
1.782396
2.201983
2.463988
2.723410
2.935712
2.868496
2.499800
2.004449
1.547049
1.183690
0.985562
0.898937
0.917194
1.064751
1.296326
1.603815
1.982613
2.429856
2.948763
3.813654
4.950572
5.563308
5.003678
4.075898
3.457429
2.869915
2.384742
2.035633
1.964955
1.745740
1.509334
1.722054
1.913217
2.038285
2.287615
2.507488
2.543630
2.462168
2.232344
1.900627
1.573252
1.284379
1.036068
0.831690
0.917719
1.106205
1.169343
1.312880
1.444842
1.499151
1.486090
1.550799
1.707668
1.872708
1.884686
1.822323
1.662024
1.438906
1.213048
1.278966
1.769097
2.374207
3.065509
3.756333
3.720502
2.976851
2.282242
1.691685
1.210484
0.827233
0.531402
0.338646
0.475930
0.674628
0.906431
1.133530
1.342719
1.496013
1.430996
1.474036
1.668442
1.882958
1.858743
1.647861
1.339627
1.052302
0.804386
1.038553
1.598171
1.841725
1.714556
1.350084
1.640101
2.105051
2.700533
3.429934
4.269261
5.273728
6.043966
6.089801
5.649796
5.028043
3.906168
2.895242
2.165738
1.586879
1.145112
0.823903
0.661279
0.477107
0.302501
0.188002
0.140519
0.100846
0.076970
0.084310
0.107309
0.185932
0.240616
0.267393
0.273535
0.242947
0.262399
0.267844
0.241763
0.199320
0.249481
0.305430
0.376846
0.443243
0.486054
0.469457
0.425422
0.358981
0.296140
0.296600
0.277296
0.226069
0.239666
0.203776
0.122959
0.086133
0.069939
0.081926
0.116625
0.160256
0.210238
0.267674
0.362544
0.459610
0.534121
0.556184
0.523293
0.447631
0.353218
0.274156
0.202965
0.142029
0.188228
0.267930
0.357894
0.451711
0.548952
0.650299
0.741660
0.776193
0.771068
0.712803
0.609049
0.491809
0.381939
0.299247
0.297282
0.298069
0.277955
0.295348
0.260287
0.194137
0.287572
0.425348
0.590923
0.842245
1.153741
1.536164
2.013879
2.598170
3.303482
4.138119
5.085257
5.926552
6.241032
5.870531
5.016362
4.104750
3.330157
2.715970
2.742460
3.298740
3.881563
4.247954
4.279295
4.180473
3.814442
4.214740
4.813661
5.459490
6.176655
6.967590
7.690428
7.925821
7.649237
6.956110
6.188643
5.474194
4.819506
4.214017
3.670044
3.182879
3.315226
3.993468
4.694200
5.201105
5.187473
4.660274
3.960545
3.322751
2.749513
2.233671
1.793563
1.423479
1.112627
0.859257
0.686858
0.595647
0.450040
0.309707
0.358911
0.415062
0.507506
0.651362
0.811198
0.951111
1.006270
0.934299
0.813440
0.685518
0.596403
0.645119
0.614487
0.551235
0.463015
0.372252
0.286331
0.220525
0.294349
0.366490
0.390483
0.351494
0.287950
0.218212
0.261674
0.351005
0.449294
0.516085
0.523572
0.525007
0.632083
0.741446
0.853027
0.976252
1.113557
1.268484
1.423696
1.534119
1.533420
1.414259
1.244347
1.103727
0.971144
0.846724
0.734965
0.728689
0.801725
0.844155
0.808950
0.764749
0.751966
0.944253
1.283598
1.441859
1.536782
1.676162
1.803381
1.891946
1.876984
1.760782
1.595181
1.425947
1.269410
1.104793
0.935485
0.712272
0.521231
0.588756
0.676505
0.759189
0.818970
0.822214
0.806860
0.731748
0.632972
0.555402
0.519261
0.530233
0.535033
0.513301
0.524035
0.578669
0.640707
0.720771
0.773838
0.875239
0.903453
0.853874
0.733773
0.589786
0.413324
0.359986
0.364339
0.461532
0.594618
0.724737
0.757330
0.699869
0.643985
0.665561
0.792678
0.867134
1.107691
1.301267
1.614909
1.972720
2.329721
2.615614
2.602819
2.306524
1.979762
1.660980
1.289264
1.243435
1.310966
1.356586
1.320311
1.166454
1.048846
1.143531
1.332494
1.580867
1.878174
2.224422
2.597487
2.994422
3.378395
3.720689
4.023120
4.229865
4.053511
3.706964
3.292596
2.902308
2.557491
2.442529
2.648762
2.907824
3.172920
3.352594
3.367234
3.186081
3.237246
3.541909
3.770607
3.822983
3.751132
4.021800
4.341888
4.710215
5.106172
5.516207
5.913510
6.104954
5.970289
5.651063
5.190922
4.769268
4.454131
4.293434
4.361761
4.690547
4.782964
4.632174
4.302502
3.940099
3.608915
3.770117
3.982815
4.077088
3.978676
3.743948
3.459708
3.286585
3.462670
3.569241
3.703786
3.833762
3.824174
4.312037
4.785603
5.067071
5.018245
4.640720
4.145627
3.892652
3.558784
3.333639
3.753067
4.163811
4.563827
4.673405
4.499693
4.204724
4.096630
4.392352
4.704848
5.441175
6.299115
7.099144
7.530262
7.158155
6.744406
6.651572
6.195804
5.048267
4.481102
4.064838
4.398865
4.622467
5.174690
5.094439
4.485351
3.726599
3.040756
2.964804
2.919216
2.713474
2.653303
2.733848
2.917953
3.283631
3.418261
3.284854
3.484826
3.800275
4.040248
4.177942
4.081244
3.992128
3.815029
3.831598
3.713400
3.479025
3.365796
3.688406
4.039628
4.283366
4.315706
4.331720
4.219989
3.894826
3.830538
4.191130
4.584587
4.972723
5.239130
5.276544
5.093440
4.898588
4.857491
4.965267
4.936373
4.677916
4.519069
4.731718
5.001225
5.403445
5.856912
6.230969
6.336764
6.083832
5.626559
5.110135
4.961299
5.169684
5.160280
4.918430
4.579727
4.366748
4.189448
3.814250
3.397785
3.302071
3.315543
3.530136
3.828051
4.003858
3.986471
3.786721
3.546007
3.261007
2.977652
2.765273
2.537419
2.522494
2.447863
2.442583
2.458736
2.331409
2.090546
1.821291
1.606821
1.464965
1.471793
1.492237
1.415822
1.350514
1.498522
1.596699
1.875043
2.452279
3.058020
3.429120
3.387273
2.917444
2.318065
1.749413
1.306190
0.930363
0.619533
0.524766
0.515747
0.474354
0.414538
0.432525
0.614053
0.827547
1.074738
1.356155
1.664659
1.977394
2.118133
2.051875
1.783445
1.468363
1.188938
0.984896
0.809786
0.626994
0.552920
0.721434
0.904498
1.051333
1.210390
1.314273
1.210428
0.911368
0.623239
0.611747
0.806950
0.955252
1.045340
1.044650
0.970314
0.839487
0.710358
0.670568
0.701353
0.742730
0.760050
0.775486
0.899142
0.941783
0.954846
1.025782
1.131315
1.120540
1.019724
0.932027
0.817869
0.691588
0.545270
0.411175
0.546300
0.908388
1.407606
2.030052
2.348328
2.234246
1.776579
1.554559
1.398588
1.297787
1.352196
1.353519
1.460101
1.554627
1.598567
1.690691
1.843130
2.028032
2.213240
2.327228
2.337411
2.215361
1.986196
1.741764
1.541719
1.598426
1.693697
1.703648
1.871459
2.109216
2.317942
2.475696
2.486603
2.357864
2.160016
1.940983
1.725676
1.573749
1.509223
1.457619
1.388472
1.456798
1.549119
1.670865
1.766910
1.764856
1.653964
1.500672
1.450517
1.662598
1.910388
2.172763
2.447411
2.694376
2.808648
2.808898
2.889438
2.856141
2.665112
2.358812
2.227520
2.562989
2.924954
3.313254
3.760057
4.264916
4.800827
5.318781
5.923671
6.600254
7.333632
8.112660
8.947905
9.865082
10.934102
12.150662
13.006210
13.284840
12.919512
12.050711
11.132829
10.093855
9.470725
10.074686
10.734126
11.078483
10.813894
10.163450
9.447385
8.684775
7.996228
7.884661
7.315305
6.638907
6.331099
6.290251
6.459984
6.794942
6.961179
7.606359
7.732337
7.371235
6.552985
5.827041
5.529634
5.350404
5.448863
5.931997
6.149225
5.778392
5.021719
4.290761
3.693561
3.395938
3.287409
3.524919
3.707307
3.994889
4.347789
4.845146
4.863914
4.600153
4.239533
3.849644
3.501445
3.542744
3.805863
4.196833
4.486648
4.568403
4.295863
3.917690
3.502901
3.097294
3.122198
3.389342
3.676086
3.947995
4.101413
4.147889
4.215689
4.379256
4.680147
5.049962
5.434018
5.782986
6.058680
6.157586
6.323108
6.658350
6.993752
7.227422
7.260356
7.017502
6.693457
6.453370
6.677144
6.830903
6.814449
6.566190
6.249952
6.053509
5.778327
5.631764
5.529565
5.733030
5.853993
5.830771
5.813452
5.606707
5.306530
5.522004
5.940849
6.266476
6.685253
7.042140
7.137745
6.949642
6.353786
5.881030
5.780262
5.654526
5.426420
5.324593
5.578863
5.942944
6.247094
6.409794
6.343136
6.215617
5.942832
5.648211
5.658845
5.975821
6.171288
6.181351
5.938020
5.653787
5.482314
5.558173
5.562807
5.578960
5.630732
5.588487
5.411440
5.161719
4.785689
4.358283
3.863457
3.727266
3.714030
3.573703
3.721781
3.716523
3.666523
4.341223
5.214868
6.155832
6.884063
6.899468
6.227771
5.350374
4.556642
4.994068
5.422719
5.838173
6.220222
6.480536
6.474973
6.188539
6.067506
6.614848
7.073044
7.267337
7.300641
7.273783
6.959493
6.467782
6.056513
5.673606
5.949669
6.409297
6.590240
6.847775
7.069596
7.001090
6.895118
6.630809
6.233866
5.822457
5.457967
5.094242
4.725471
4.368772
4.014678
4.113963
4.316071
4.597915
4.911022
5.113866
5.223851
5.307624
5.174504
4.925727
4.592860
4.246243
3.913673
3.596949
3.514688
3.290822
3.056890
2.777375
2.526867
2.336031
2.418089
2.350346
2.129697
1.906225
1.928130
1.899645
1.767974
1.584098
1.388308
1.298231
1.396404
1.322419
1.465773
1.567806
1.541719
1.166729
0.987860
0.860819
0.813934
0.952741
1.082270
1.116346
1.031314
1.076563
1.073349
1.112862
1.184451
1.137517
1.281131
1.475913
1.277383
0.957573
0.785149
0.654205
0.660932
0.761739
0.899410
1.020401
1.103589
1.103994
0.927955
0.925662
0.957033
1.096276
1.264770
1.415368
1.527348
1.701176
1.810518
1.801137
1.864940
1.817366
1.352342
1.153409
1.265859
1.489113
1.768566
2.092452
2.445665
2.818927
3.206150
3.581446
3.946100
4.404527
4.919748
5.484603
6.080739
6.684792
7.362767
8.095292
8.814336
9.359536
9.124658
7.607476
7.623617
8.265609
9.097049
9.732305
9.447385
7.812170
7.475199
6.828032
5.065216
4.918950
4.928683
4.619733
5.125550
5.910417
6.805645
7.606359
7.667699
5.440185
3.307633
2.572294
2.694953
3.236738
3.921276
4.555583
4.681901
3.426627
2.540374
1.762555
0.000000
0.000000
0.000000
0.000000
0.000000
0.000000
0.000000
0.000000
0.000000
