track	type=wiggle_0
fixedStep	chrom=chr	start=1	step=1
0.000000
0.000000
0.000000
0.000000
0.000000
0.000000
0.000000
0.000000
0.000000
0.002514
0.000130
0.007630
0.088699
0.233787
0.479277
0.635382
0.682282
0.692857
0.682529
0.664674
0.615099
0.456666
0.559561
0.914835
1.322084
1.814988
2.339831
2.904263
3.360387
3.369013
2.914675
2.348988
1.835372
1.398876
1.037230
0.741366
0.504740
0.391001
0.383833
0.354211
0.255938
0.170277
0.162446
0.126223
0.141255
0.208626
0.324753
0.491563
0.644595
0.641322
0.474194
0.285391
0.161233
0.088373
0.070326
0.096538
0.111462
0.093994
0.177987
0.253660
0.259120
0.185281
0.101928
0.091795
0.070368
0.033240
0.021567
0.004776
0.054386
0.165412
0.347485
0.620824
1.031333
1.790781
2.264510
2.399976
2.427348
2.427348
2.427348
2.411332
2.320581
1.975969
1.217863
0.704675
0.405933
0.205358
0.077583
0.064028
0.115935
0.176519
0.220108
0.242587
0.222861
0.194926
0.191842
0.131240
0.058671
0.029877
0.075689
0.143755
0.236340
0.354613
0.501279
0.677095
0.882511
1.100754
1.250619
1.282467
2.084260
2.464401
2.566069
2.566069
2.478568
2.162875
1.456587
1.684518
2.093105
2.579949
3.140938
3.785296
4.520473
5.293602
5.915416
6.108919
5.648345
4.954170
4.180684
4.259192
5.125188
6.093793
7.136098
7.814622
7.135511
6.058551
5.005979
4.074234
3.309732
2.708159
2.149652
2.250343
2.366211
2.239847
1.959012
1.655118
1.448541
1.779360
2.038670
2.255374
2.491944
2.392188
2.100844
1.741884
1.402194
1.127957
0.968276
0.795548
0.628800
0.615792
0.793173
0.984158
1.101711
1.144838
1.402258
1.542974
1.662153
1.764789
1.764846
1.455827
1.052219
0.699299
0.501328
0.388393
0.387527
0.505243
0.629543
0.697196
0.665060
0.574761
0.590426
0.591419
0.492002
0.336691
0.225633
0.195913
0.205051
0.253521
0.367500
0.542644
0.753077
0.937212
1.098662
1.569573
1.588482
1.168299
0.781135
0.483265
0.292705
0.192738
0.149918
0.211222
0.355412
0.550471
0.844913
1.050215
0.869987
0.526245
0.401639
0.534454
0.613706
0.544578
0.368387
0.198433
0.093618
0.135643
0.167806
0.168809
0.138477
0.102473
0.076366
0.064104
0.086672
0.085002
0.065933
0.053617
0.039113
0.021982
0.019654
0.035031
0.040012
0.029830
0.015314
0.004018
0.000014
0.000000
0.001600
0.003481
0.001537
0.000000
0.000000
0.000000
0.000000
0.000000
0.000000
0.000910
0.010671
0.019702
0.012299
0.003652
0.000020
0.000000
0.000000
0.000000
0.000000
0.000000
0.000000
0.000146
0.000000
0.000000
0.000251
0.004473
0.008582
0.006965
0.012666
0.029740
0.017886
0.000656
0.000036
0.005091
0.011927
0.013964
0.011224
0.005245
0.002403
0.000571
0.022999
0.084459
0.166789
0.231505
0.315451
0.480580
0.688159
0.934143
1.187786
1.390058
1.426984
1.355841
1.338384
1.445808
1.597324
1.614040
1.410043
1.511523
1.914381
2.387233
2.720724
2.776641
2.640832
2.702619
3.536798
4.091445
4.488370
5.182930
5.184535
4.502545
4.134637
3.660207
2.956804
3.068813
3.562150
3.837155
3.561913
3.063480
2.508483
2.004571
1.572061
1.211789
0.916336
0.995358
1.023700
1.185351
1.407412
1.670674
1.961133
2.265835
2.549611
2.658015
2.549612
2.266349
1.965915
1.721164
1.706803
1.689087
1.518117
1.322759
1.108030
0.914719
0.761286
0.738712
0.661367
0.642374
0.608004
0.604843
0.535655
0.442498
0.418702
0.477802
0.498826
0.473446
0.455833
0.468829
0.432588
0.358329
0.265148
0.181056
0.113899
0.065550
0.093817
0.105159
0.126846
0.163352
0.181625
0.159713
0.124968
0.104630
0.148000
0.187282
0.212880
0.195231
0.158339
0.114103
0.074747
0.044046
0.092935
0.206514
0.332660
0.405720
0.328139
0.201703
0.118400
0.180792
0.260365
0.255463
0.169862
0.084874
0.025399
0.011700
0.069691
0.197208
0.332693
0.220302
0.151187
0.130806
0.118967
0.248196
0.341133
0.370869
0.377211
0.376901
0.376901
0.376901
0.376901
0.372186
0.344991
0.248998
0.072491
0.022067
0.033599
0.015032
0.000000
0.000000
0.000000
0.000112
0.000854
0.001070
0.001070
0.001070
0.001002
0.000725
0.000092
0.000000
0.000000
0.000000
0.000000
0.000000
0.000000
0.000000
0.000000
0.000000
0.000000
0.000000
0.000000
0.000000
0.000000
0.000000
0.000000
0.000321
0.000385
0.002726
0.013174
0.049641
0.105635
0.211937
0.377190
0.609952
0.920110
1.317528
1.809693
2.385545
3.041708
3.709751
3.713298
3.073821
2.494389
2.013010
2.202444
2.720815
3.234415
3.699943
4.027297
3.836697
3.371851
2.791055
2.249303
1.782969
1.387253
1.293557
1.854230
2.627093
3.220056
3.448506
3.498827
3.442984
3.184349
2.490731
1.649813
1.141695
0.760618
0.471375
0.260247
0.118237
0.036191
0.004099
0.000271
0.000000
0.000000
0.000076
0.000578
0.000000
0.000000
0.002861
0.012713
0.027429
0.058137
0.102762
0.161872
0.235753
0.323919
0.427594
0.542940
0.661729
0.751060
0.755087
0.674021
0.606853
0.738606
0.885519
1.048382
1.204459
1.289321
1.277453
1.164015
1.010503
0.871823
0.912488
0.954295
0.894287
0.789259
0.675693
0.820218
0.957740
1.021875
0.974674
0.841292
0.698779
0.727554
0.701517
0.716575
0.860015
1.104897
1.397892
1.738016
2.126161
2.569820
3.071427
3.636184
4.227602
4.649628
4.653435
4.244485
3.671910
3.176918
2.791136
2.398734
2.005955
1.832613
2.138450
2.413961
2.752964
3.144511
3.543619
3.786717
3.699595
3.420490
3.074666
2.864588
2.585364
2.253078
1.946704
1.655288
1.387023
1.146249
0.933262
0.835775
0.814335
0.683808
0.591586
0.622352
0.772917
0.886969
1.156148
1.535085
1.955333
2.265220
2.295335
2.096192
2.383614
2.722439
3.175366
3.683765
3.700836
3.436560
3.104568
2.623280
2.142916
1.640983
1.586901
1.837819
2.125926
2.445128
2.790811
3.126388
3.334084
3.334084
3.123505
2.787337
2.465256
2.565163
2.810167
2.961881
3.060664
3.033537
3.015329
2.946851
2.730667
2.433525
2.131213
1.855183
1.610253
1.420439
1.431028
1.550473
1.611945
1.578375
1.438579
1.258011
1.081010
1.140029
1.231066
1.313099
1.396404
1.383050
1.547327
1.686831
1.794627
1.849647
1.836932
2.026770
2.200168
2.344613
2.414219
2.359363
2.167109
2.177431
2.183162
2.181056
2.048034
1.924310
2.118381
2.336562
2.769592
3.299415
4.043525
4.970315
5.993783
7.162889
7.291380
6.142587
5.071343
4.115209
3.293492
2.595318
2.485542
2.395365
2.308158
2.348025
2.343761
2.374309
2.291325
2.118356
1.952607
1.822973
1.756996
1.788380
1.940348
2.076682
2.283964
2.584530
2.774205
2.824925
2.743629
2.501890
2.202144
1.934731
1.954975
2.289632
2.623923
2.904018
2.948019
2.799173
3.055779
3.359874
3.649728
3.972519
4.321038
4.705392
5.082366
5.274322
5.228902
4.955595
4.603067
4.230587
3.871839
3.541286
3.309476
3.107671
2.961395
2.783680
2.639005
2.778116
2.910180
3.193518
3.370847
3.376219
3.265615
3.178683
3.312859
3.374714
3.500679
3.681653
3.771464
3.945267
4.219491
4.285546
4.302323
4.297710
4.265059
4.174590
3.883338
3.241779
3.453335
3.741505
4.057998
4.390629
4.706475
4.932405
4.968982
4.780565
4.454828
4.168483
3.902042
3.649026
3.391047
3.142250
2.899310
2.651405
2.388105
2.126645
1.991567
1.867313
2.023505
2.242881
2.424177
2.557283
2.805561
3.052674
3.206360
3.268840
3.128362
3.217371
3.500783
3.823189
4.166217
4.495576
4.724587
4.713946
4.463533
4.094540
3.728748
3.393871
3.096583
2.828708
2.566694
2.331182
2.291232
2.269213
2.067344
1.828822
1.600918
1.741321
1.933650
2.121958
2.308370
2.383444
2.303028
2.128325
1.929266
2.108351
2.450241
2.845048
3.272593
3.653250
3.930448
3.847174
3.526077
3.139242
2.827049
2.506485
2.186136
1.878037
1.602903
1.346569
1.374047
1.398665
1.322577
1.274658
1.228748
1.462858
1.864169
2.356914
2.938781
3.618430
4.412770
5.334655
6.386392
7.562638
8.734065
9.672645
9.868949
9.368552
8.256378
7.150400
6.602653
6.726089
6.158397
5.256348
4.347989
3.506630
2.781801
2.175031
1.649249
1.211129
1.198207
1.365410
1.548680
1.810542
2.078913
2.210526
2.101835
1.971704
1.780425
1.495251
1.216598
1.012852
0.945598
0.797576
0.625735
0.492208
0.547759
0.540761
0.481226
0.540736
0.619354
0.644136
0.634510
0.596368
0.539787
0.507348
0.515588
0.521269
0.536088
0.520283
0.462628
0.386372
0.314662
0.291472
0.285268
0.317108
0.396649
0.473763
0.536561
0.638911
0.822669
1.221781
1.701701
2.010234
1.676491
1.228813
0.880368
0.564547
0.568865
0.664593
0.763779
0.821535
0.892933
0.896365
0.910195
0.833474
0.706331
0.571751
0.460497
0.439273
0.509732
0.563203
0.641232
0.755634
0.827279
0.909766
0.996251
1.040223
1.138692
1.182203
1.126615
1.009664
0.871282
0.746148
0.633165
0.543162
0.699024
0.879064
0.968579
0.853587
0.671738
0.492183
0.425169
0.350119
0.425930
0.465758
0.413623
0.424048
0.531956
0.663998
0.783124
0.777443
0.663877
0.526975
0.401643
0.337200
0.429913
0.639111
0.887552
1.293543
1.589625
1.707615
1.714054
1.609372
1.309989
0.864639
0.558913
0.395869
0.373653
0.359149
0.407331
0.485860
0.668488
0.912035
1.140725
1.190465
1.065333
0.834956
0.607976
0.501456
0.685002
0.997435
1.425043
1.973405
2.633651
3.299075
3.484590
3.360499
3.320767
3.481053
3.511308
3.384500
2.985326
2.162563
1.516443
1.038262
0.701082
0.503233
0.574944
0.521483
0.472359
0.444524
0.359107
0.270518
0.179968
0.156299
0.161482
0.135128
0.138846
0.109126
0.065857
0.029003
0.012615
0.035981
0.083788
0.154139
0.242079
0.339501
0.422433
0.466029
0.455701
0.446386
0.434154
0.396989
0.318520
0.229479
0.202164
0.290950
0.413216
0.521538
0.526324
0.426168
0.304588
0.200817
0.125620
0.063125
0.019725
0.006767
0.004941
0.005242
0.005808
0.001633
0.000000
0.000000
0.000000
0.009384
0.029157
0.041253
0.054455
0.121558
0.282384
0.511868
0.779245
1.091403
1.092839
0.773343
0.481331
0.261434
0.122481
0.041092
0.003256
0.003216
0.041369
0.149448
0.266926
0.331959
0.340655
0.267777
0.266689
0.172604
0.068158
0.009468
0.000000
0.000000
0.000000
0.000000
0.000000
0.000000
0.000000
0.000000
0.000000
0.000000
0.000000
0.000000
0.000000
0.000000
0.000000
0.000000
0.015172
0.076778
0.158584
0.217590
0.241929
0.157971
0.062929
0.025282
0.015923
0.003312
0.000000
0.000000
0.000000
0.000000
0.000000
0.000000
0.000000
0.002643
0.003524
0.001026
0.008642
0.037977
0.065504
0.063819
0.034441
0.005783
0.000000
0.000000
0.000000
0.001282
0.001415
0.001137
0.027365
0.089699
0.183811
0.327031
0.493087
0.681141
0.961371
1.356664
1.845681
2.428240
3.111864
3.892095
4.862978
6.296105
8.249969
9.107608
9.092375
8.226724
6.393742
5.191146
4.203205
3.376050
2.738254
2.760295
2.638548
2.633581
2.517646
2.401091
2.882443
3.420485
4.019483
4.661988
5.203635
5.220727
4.696786
4.071091
3.465042
2.922243
2.456333
2.074618
1.794039
1.678050
1.569936
1.267096
0.960879
0.684623
0.632489
0.695581
0.890066
1.070074
1.165071
1.109279
0.942975
0.774291
0.666812
0.809495
0.976997
1.157150
1.349226
1.556429
1.786372
2.036394
2.310493
2.601228
2.911924
3.258307
3.618495
3.959944
4.148289
4.114817
3.990152
3.726434
3.367032
3.015322
2.692714
2.588268
2.587251
2.888511
3.215415
3.548501
3.744620
3.717774
3.595345
3.367576
3.057098
2.742803
2.469859
2.370404
2.197577
1.992409
1.960995
2.301790
2.689214
3.016205
3.144731
3.275070
3.763857
4.363404
5.016939
5.744353
6.541696
7.282138
7.550358
7.277351
6.555802
5.782438
5.080222
4.426074
3.831648
3.629307
4.027776
4.552865
5.118560
5.632257
5.824575
5.658255
5.223893
4.750128
4.262947
3.778457
3.595290
3.867246
4.075716
4.119326
3.998929
3.809436
3.700984
3.576767
3.371019
3.187205
3.015455
3.176367
3.527559
3.844102
4.028621
3.990689
3.729701
3.402096
3.698654
4.336955
5.026596
5.726631
6.261849
6.220036
5.617579
4.892562
4.777303
5.125486
5.328064
5.280842
5.018111
5.389709
5.886775
6.479881
7.084876
7.459306
7.449564
7.056885
6.438387
5.809443
5.225387
4.980322
5.442389
5.963255
6.543841
7.168405
7.843155
8.505742
9.033316
9.333701
9.200493
8.744287
8.152600
7.561470
6.994824
6.477071
6.042786
5.723845
5.534552
5.549259
5.421069
5.579018
6.710965
8.023351
9.450921
9.468741
8.073488
6.775990
5.610673
4.588964
4.233081
4.877220
5.616928
6.450808
7.366809
8.346117
9.387411
10.324707
10.836051
10.564366
9.696914
8.780878
7.884615
6.979083
6.136970
5.337732
4.637824
5.103248
6.132875
7.074222
7.546546
7.073325
6.081730
5.063131
4.134293
3.319882
2.628621
2.045813
1.557168
1.600715
1.874552
2.202890
2.577692
2.989722
3.419775
3.796934
3.974119
3.894312
3.580747
3.231110
2.912807
2.727283
2.661495
2.418621
2.318912
2.181246
2.236601
2.218102
2.139831
1.963882
1.705053
1.444019
1.235798
1.147586
1.013346
0.849759
0.760445
0.903433
1.010602
1.043089
0.985710
0.875457
0.948893
1.216087
1.368450
1.324692
1.493223
1.628580
1.674206
1.596275
1.561986
1.686023
1.695468
1.597753
1.422944
1.263088
1.129588
1.009983
0.887602
0.762947
0.646605
0.601494
0.655101
0.690572
0.677327
0.585535
0.484630
0.402414
0.442751
0.489477
0.469465
0.412481
0.333044
0.253125
0.190687
0.171766
0.182429
0.149616
0.114387
0.109642
0.128125
0.134298
0.129984
0.122633
0.109905
0.106675
0.144182
0.151648
0.212036
0.290662
0.369341
0.463619
0.594253
0.760825
0.958777
1.188350
1.444028
1.706932
1.982894
2.139161
2.077036
1.848225
1.585313
1.326958
1.083632
0.866184
0.682778
0.544931
0.459014
0.657764
0.820412
0.859138
0.859375
0.836220
0.737088
0.589773
0.809275
1.158674
1.591830
2.065384
2.414063
2.487005
2.333335
2.555366
2.744244
2.796976
2.763521
2.718189
2.709422
2.691582
2.914183
3.348104
3.383813
2.899711
2.320744
1.761015
1.293413
0.923798
0.634078
0.507888
0.682369
0.807943
0.808366
0.681997
0.533464
0.407171
0.313095
0.226063
0.162718
0.101822
0.064543
0.045988
0.036196
0.027939
0.021822
0.009684
0.000232
0.000000
0.000000
0.000000
0.000000
0.000000
0.000000
0.000000
0.000000
0.000000
0.000000
0.000000
0.000000
0.000000
0.000000
0.000000
0.000000
0.000000
0.000000
0.000000
0.000000
0.000000
0.000000
0.000000
0.000000
0.000054
0.020280
0.040224
0.021508
0.000652
0.000000
0.000000
0.000000
0.003793
0.029156
0.062021
0.154187
0.218460
0.236897
0.238394
0.234824
0.233117
0.228369
0.209504
0.141568
0.039563
0.001251
0.000000
0.000000
0.000000
0.000000
0.000000
0.000000
0.000000
0.000000
0.000000
0.000000
0.000000
0.000000
0.000000
0.000000
0.000000
0.000000
0.000664
0.034184
0.114032
0.206639
0.216799
0.126918
0.063933
0.056717
0.052171
0.049559
0.048785
0.048993
0.049026
0.048666
0.045651
0.035878
0.012902
0.000000
0.000000
0.000000
0.000000
0.000000
0.000000
0.000000
0.000000
0.000000
0.000000
0.004443
0.013724
0.001792
0.007467
0.031515
0.079050
0.154693
0.256205
0.373068
0.475937
0.473658
0.371243
0.262577
0.159044
0.165529
0.206095
0.189737
0.106655
0.021856
0.022128
0.076516
0.169900
0.265658
0.309640
0.252047
0.198503
0.202396
0.274167
0.508471
0.869859
1.405487
1.793777
1.990771
2.179851
2.001076
1.892131
1.808767
1.741648
1.630808
1.316092
0.751144
0.415346
0.203981
0.080271
0.090246
0.084142
0.057947
0.041641
0.104638
0.202025
0.331173
0.479975
0.644478
0.855237
1.051507
1.097564
0.992957
0.770782
0.546984
0.457169
0.632561
0.709783
0.637583
0.630164
0.625904
0.558600
0.456655
0.360977
0.295992
0.384215
0.479405
0.578574
0.676886
0.777962
0.890277
1.000921
1.047999
1.006341
0.913858
0.861215
1.148148
0.866792
0.872174
0.837036
0.851077
1.029879
1.241492
1.445556
1.564241
1.557372
1.416877
1.202110
1.151450
1.154261
1.237478
1.251318
1.294337
1.496982
1.732687
1.992645
2.250275
2.423043
2.435443
2.292258
2.057817
1.935686
2.077586
2.170219
2.170581
2.001926
1.990057
1.897009
1.961687
2.348561
2.814234
3.296883
3.666790
3.876709
3.816818
4.197376
4.717977
4.852315
5.229662
5.893084
6.269951
7.722697
8.727901
7.628079
6.005293
4.982139
4.207409
3.901800
3.568407
3.875535
4.371807
4.875941
5.245871
5.763054
6.424265
7.076812
7.378897
7.304699
7.974654
8.902723
9.875669
10.393874
10.168795
9.574509
8.655258
7.840479
7.269734
6.439085
5.602627
6.196117
6.911805
7.198817
6.841317
5.998707
5.110584
4.572247
4.340305
4.671736
5.027294
5.369218
5.673883
6.132118
6.591615
6.893348
6.934922
6.818591
7.210570
7.692489
8.184860
8.326786
7.996650
7.536937
6.993567
6.461939
6.017478
5.489161
4.968411
5.388632
5.715031
5.763473
5.473182
4.982596
4.465117
4.170922
4.239726
4.112031
4.262681
4.564428
4.835680
4.918455
4.825712
4.524796
4.186227
3.821309
3.460338
3.112105
2.788986
3.254994
3.891409
4.604678
5.405886
6.313110
7.322736
8.442184
9.658271
10.710862
11.048575
10.433937
9.304568
8.076685
6.975449
6.008232
5.169702
4.510319
3.879453
3.312784
2.893460
2.812190
2.530973
2.146157
1.917327
2.241734
2.599082
2.987777
3.421745
3.859264
4.103564
4.023148
3.691014
3.251007
2.817793
2.428646
2.084443
2.019439
2.254854
2.382596
2.697567
2.588130
2.647308
2.740685
2.724151
2.592017
2.431367
2.326300
2.358251
2.416162
2.630315
2.903010
3.106863
3.319072
3.498317
3.541470
3.415972
3.253692
3.118540
3.360943
3.492702
3.536248
3.475593
3.236491
3.078376
3.088120
2.941276
2.604152
2.401675
2.272874
2.386836
2.461168
2.469346
2.610589
2.733876
3.040930
3.327329
3.534953
3.813244
4.123107
4.469376
4.757178
4.810299
4.722252
5.019163
5.315128
5.605469
5.926933
6.283404
6.398508
6.220245
5.972136
5.717203
5.873422
6.284910
6.687725
7.077186
7.390825
7.575380
7.569147
7.587193
7.396096
7.074042
7.113407
7.279218
7.225673
6.983650
6.584393
6.137294
5.704578
5.336417
5.053853
5.182367
5.176055
5.235001
5.016159
4.717607
4.964947
5.366595
5.613412
5.576478
5.254436
4.775830
4.296222
3.955156
4.194739
4.728462
5.245637
5.745225
6.095667
6.605855
7.452330
7.915861
7.716453
7.976643
8.891240
9.896482
10.980138
12.132455
13.237203
14.059330
14.054703
14.106994
13.542227
12.272954
10.988615
11.136262
10.691461
9.424810
9.690280
9.830311
9.568848
9.271747
9.603383
9.572651
9.220819
9.862958
10.549629
11.267471
11.990911
12.718726
13.474661
14.212046
14.788642
14.969474
14.504489
13.806249
12.949858
12.089305
11.291868
10.603407
10.122767
9.883414
9.559249
9.119859
8.822674
8.928718
9.190993
9.256450
9.026683
8.598600
8.189587
8.537498
8.612724
8.335397
8.453983
9.033290
9.581453
9.960420
10.029181
9.714819
9.243945
8.712744
8.151766
7.579352
7.818491
8.342350
8.347655
7.736993
7.765650
7.873945
7.736884
7.632439
7.684066
7.657200
7.319371
6.933212
6.694331
6.914266
7.401928
7.874834
8.314341
8.696951
9.072108
9.328246
9.743840
10.139970
10.538138
10.950219
11.455068
11.943734
12.442718
12.986710
13.498445
13.779044
13.693002
13.282202
12.711386
12.102216
11.517509
10.913157
10.306654
9.729147
9.228867
8.782980
8.577525
8.718377
8.631677
8.319661
7.897901
7.619595
7.498355
7.341626
7.116238
6.957574
6.780233
6.621018
6.539135
6.579551
7.066327
7.419747
7.437975
7.093360
6.610568
6.044741
5.374582
4.861783
4.287784
3.909949
3.591073
3.530348
3.667320
3.714084
3.608585
3.390188
3.181624
2.998620
2.846101
2.617055
2.503180
2.637969
2.697717
2.663981
2.838664
3.049275
3.204076
3.212649
3.115040
3.019663
3.010889
2.907181
2.829030
2.881822
2.778160
2.608809
2.399076
2.201834
2.126192
2.142189
2.045954
1.925087
1.805733
1.691234
1.564545
1.505915
1.662555
2.034741
2.136182
1.998211
1.674562
1.433262
1.287882
1.434887
1.510977
1.464595
1.877020
2.362238
2.630104
2.724151
2.359410
2.160555
2.308288
2.402971
2.385159
2.551715
2.660368
2.573133
2.388348
2.219291
2.377303
2.498667
2.424949
2.623558
2.948797
3.243258
3.445222
3.408853
3.194644
3.140733
3.486428
3.862036
4.187928
4.390961
4.387812
4.717505
4.972866
4.661692
4.775515
4.564117
4.117292
3.647341
3.484403
3.404104
2.564429
2.808310
2.831976
2.635045
2.316324
1.990788
1.714424
1.653416
1.629283
1.496187
1.459024
1.429749
1.419586
1.565630
1.507875
1.169912
1.373862
1.688441
1.996411
2.109977
1.972885
1.658189
1.603860
1.825591
2.028771
2.243089
2.407675
2.647597
2.959888
3.233291
3.320863
2.754695
2.355332
2.180578
2.166636
2.283576
2.264718
2.021157
1.331766
1.292071
1.472066
1.743600
2.062275
2.414735
2.785378
3.146194
3.361971
3.289796
3.441605
3.290269
3.229014
3.300109
3.735262
4.327665
5.016165
5.789579
6.651950
7.598542
8.635771
9.758316
10.961761
12.078904
13.141358
14.018737
13.270820
9.975605
8.762966
7.608606
8.108089
8.767221
8.125430
5.331477
3.747650
3.978664
4.622403
4.913543
3.544516
0.000000
0.000000
0.000000
0.000000
0.000000
0.000000
0.000000
0.000000
0.000000
