track	type=wiggle_0
fixedStep	chrom=chr	start=1	step=1
0.000000
0.000000
0.000000
0.000000
0.000000
0.000000
0.000000
0.000000
0.000000
0.248830
0.389616
0.211273
0.081583
0.041317
0.043444
0.042236
0.094803
0.208478
0.294669
0.404511
0.612431
0.812515
0.899284
0.772590
0.563162
0.606946
0.788010
0.560750
0.302859
0.126200
0.039184
0.004208
0.000164
0.000033
0.000135
0.001491
0.001001
0.000000
0.000000
0.000203
0.021278
0.141645
0.331355
0.412634
0.546848
0.692413
0.827326
0.848677
0.758603
0.693654
0.764820
0.726883
0.603002
0.444779
0.415695
0.587816
0.816672
1.084771
1.345946
1.526554
1.439867
1.215151
0.990389
0.776152
0.576444
0.399679
0.295086
0.321199
0.290465
0.204840
0.117391
0.064669
0.043346
0.017837
0.000557
0.000000
0.000000
0.024830
0.108727
0.263081
0.529230
1.047313
1.310478
1.383547
1.395828
1.383547
1.327851
1.131637
0.695394
0.377788
0.170297
0.061466
0.086750
0.124922
0.155547
0.161810
0.139986
0.150817
0.192679
0.199618
0.167341
0.135966
0.147848
0.154383
0.152124
0.193999
0.254923
0.318273
0.343120
0.322583
0.282223
0.221395
0.158550
0.139314
0.357038
0.787468
1.010326
1.071322
1.082051
1.082051
1.082051
1.071322
1.017900
0.828941
0.442914
0.341883
0.480304
0.647942
0.827762
0.977569
1.014282
1.206121
1.505925
1.867754
2.289294
2.772929
3.281001
3.687940
3.874247
3.599187
3.153338
2.890825
3.502540
4.244110
5.075113
5.814060
6.143203
5.794656
5.051984
4.228456
3.512916
2.967700
2.682044
2.322155
1.922730
1.534555
1.188337
0.906345
0.699824
0.621366
0.496064
0.351085
0.230383
0.169212
0.150424
0.167072
0.203934
0.314867
0.454985
0.451273
0.296879
0.301085
0.340720
0.429584
0.538010
0.660858
0.787099
0.889917
0.978585
1.041586
1.091341
1.123600
0.981204
0.849866
0.767543
0.913093
1.090481
1.279786
1.430155
1.501617
1.344794
1.182842
1.133842
1.302807
1.483245
1.669949
1.842136
1.917200
1.882065
1.785357
1.932951
2.139786
2.332343
2.413786
2.332531
2.140534
1.939504
1.916157
2.084124
2.208276
2.193929
2.056137
1.873573
1.702883
1.600136
1.786672
1.981628
2.108346
2.132462
2.048033
1.882192
1.858716
2.004205
2.141976
2.187458
2.138200
2.103303
2.286592
2.424940
2.405212
2.257852
2.109528
2.026650
1.846382
1.657089
1.637476
1.646761
1.740201
1.762804
1.702765
1.712877
1.789542
1.786586
1.759352
1.641455
1.482641
1.324118
1.180996
1.124224
1.135105
1.129210
1.266547
1.323804
1.291058
1.189036
1.231948
1.249300
1.278733
1.358653
1.432403
1.414899
1.299738
1.440172
1.611136
1.728646
1.697948
1.706642
1.724121
1.638468
1.545686
1.530777
1.577325
1.661715
1.674850
1.600733
1.470254
1.536002
1.776691
2.051943
2.355559
2.682189
3.039298
3.416464
3.941603
4.520270
4.869016
4.780654
4.320962
3.955033
3.949782
3.699945
3.361518
3.013575
2.697931
2.754734
2.603986
2.262427
1.847752
1.849401
2.003052
2.042088
2.042960
1.903843
1.717945
1.628270
1.632900
1.565153
1.408080
1.265769
1.125750
1.107777
1.154197
1.199084
1.568693
1.994371
2.378939
2.530603
2.369953
1.976157
1.554046
1.685099
1.926823
2.166650
2.344177
2.392708
2.257063
2.057204
1.980401
2.097904
2.092694
1.949741
1.711950
1.474062
1.257370
1.102592
1.319059
1.331404
1.117126
0.937188
0.868492
1.076644
1.295656
1.460111
1.509898
1.379933
1.182239
0.963852
1.180684
1.451014
1.748926
2.072884
2.309452
2.300669
2.062555
1.737010
1.421746
1.142644
0.904299
0.709173
0.654824
0.698993
0.499447
0.359330
0.258464
0.215036
0.156329
0.067239
0.013088
0.000204
0.000000
0.000000
0.000000
0.000000
0.000000
0.001750
0.035662
0.117281
0.220046
0.244769
0.165606
0.104950
0.094195
0.085914
0.082308
0.080407
0.076322
0.061319
0.037378
0.122579
0.236399
0.350918
0.366425
0.258803
0.128021
0.035951
0.000571
0.000000
0.000000
0.000000
0.000000
0.000000
0.000000
0.000000
0.000000
0.000000
0.000000
0.000000
0.000000
0.000000
0.000000
0.000000
0.000000
0.000000
0.000000
0.000000
0.000000
0.000000
0.000000
0.000000
0.000000
0.000000
0.000000
0.000000
0.000000
0.000000
0.000000
0.000000
0.000000
0.000000
0.000000
0.000000
0.000000
0.000000
0.000000
0.000000
0.000000
0.000000
0.000000
0.000000
0.000000
0.000000
0.000000
0.000000
0.000000
0.000000
0.000000
0.000000
0.000000
0.000000
0.000000
0.004084
0.051641
0.158163
0.333581
0.589503
0.941885
1.182922
0.987901
0.904665
0.702293
0.508210
0.474387
0.429465
0.380615
0.273377
0.317331
0.498336
0.565766
0.503046
0.323498
0.148870
0.080737
0.030469
0.006396
0.000000
0.000000
0.003209
0.046388
0.143887
0.183357
0.141059
0.043378
0.002158
0.000000
0.000000
0.000000
0.000000
0.000000
0.000000
0.000000
0.000000
0.000000
0.000000
0.000000
0.000000
0.000000
0.004546
0.046525
0.147027
0.314388
0.536909
0.755144
0.733713
0.511090
0.295559
0.135494
0.039674
0.001477
0.001328
0.012632
0.035262
0.063830
0.085126
0.081175
0.053704
0.041575
0.124383
0.210975
0.246624
0.192792
0.243765
0.265105
0.243282
0.252936
0.254126
0.212312
0.159038
0.121375
0.112145
0.155878
0.180332
0.192580
0.267169
0.345941
0.422833
0.497535
0.500788
0.432132
0.536517
0.596497
0.589909
0.716620
0.949708
1.096519
1.047955
0.826540
0.826333
0.953121
1.180915
1.483910
1.838157
2.129108
2.245276
2.150657
1.858714
1.584406
1.602437
1.765595
1.809349
1.812749
1.787760
1.922518
2.499646
3.184148
3.947630
4.797918
5.707526
7.221213
8.073491
7.211097
5.640052
4.587673
3.741633
3.172785
3.393322
3.427405
3.514635
3.854416
4.394321
4.613233
4.428946
3.934014
3.344698
2.786121
2.277771
1.839175
1.614832
1.459144
1.620685
1.659910
1.473761
1.181527
0.921735
1.084681
1.284670
1.513531
1.764889
2.041317
2.337410
2.612457
2.774544
2.724188
2.475457
2.185143
1.912961
1.683862
1.462445
1.244895
1.046441
0.869394
0.725876
0.673663
0.584630
0.473710
0.372670
0.286486
0.211408
0.144552
0.089357
0.046796
0.033682
0.047196
0.073483
0.107413
0.148255
0.198911
0.248088
0.266030
0.244627
0.190576
0.132858
0.157069
0.168729
0.154458
0.114520
0.093100
0.074747
0.052848
0.057536
0.084645
0.114142
0.127891
0.112203
0.081570
0.077906
0.083971
0.149417
0.314821
0.552165
0.866815
1.258695
1.667465
1.649123
1.204965
0.801021
0.499254
0.278076
0.196858
0.169421
0.124182
0.084931
0.056819
0.077909
0.154775
0.254929
0.324508
0.373915
0.349229
0.288721
0.270476
0.245827
0.198444
0.148212
0.100677
0.059316
0.032985
0.020995
0.012234
0.010598
0.018193
0.017685
0.009184
0.001353
0.003062
0.017752
0.045741
0.090242
0.151808
0.227317
0.318887
0.417834
0.510218
0.599501
0.613325
0.540586
0.440055
0.341934
0.252247
0.176809
0.113693
0.064006
0.033605
0.020455
0.034870
0.073667
0.099805
0.103002
0.168646
0.265173
0.379625
0.446623
0.493633
0.468345
0.574683
0.744640
0.946591
1.082447
1.064015
0.916871
0.751082
0.564333
0.486201
0.504937
0.440279
0.453433
0.683497
0.937813
1.093284
1.038658
1.301084
1.758104
2.354115
2.908219
2.894696
2.338289
1.885890
1.699197
1.446705
1.631841
2.012532
1.954970
1.412953
1.028389
0.702901
0.761112
0.766887
0.658096
0.513992
0.429345
0.499809
0.575082
0.628863
0.769291
0.931711
1.093853
1.212629
1.232125
1.133174
0.998421
0.962316
1.016651
1.182322
1.353405
1.483981
1.565853
1.505125
1.378425
1.300609
1.378440
1.465758
1.486352
1.619801
1.796320
1.950722
2.108005
2.315570
2.536735
2.771167
2.913154
2.884606
3.065913
3.356890
3.679574
3.914392
3.899766
3.651391
3.311337
2.971145
2.661897
2.397876
2.221160
2.119384
2.003424
1.879154
1.886151
1.921635
1.877024
1.979180
2.131691
2.220455
2.194467
2.300852
2.486505
2.682160
2.880714
2.984325
2.967242
3.356332
4.091565
4.934645
5.904577
7.004920
8.134305
9.041451
9.158957
8.529170
7.422657
6.321094
5.430304
4.952743
5.565175
5.945585
5.724455
5.183885
4.465559
3.758021
3.313710
3.829290
4.392132
4.989241
5.504366
5.678090
5.450760
5.131565
4.980748
4.997933
5.217592
5.438249
5.511059
5.164906
4.660815
4.905252
5.634925
6.406558
6.894189
6.823185
6.297599
5.520029
4.756545
4.615703
5.056213
5.526195
6.016809
6.534192
6.962165
7.100325
6.889399
6.501853
6.028206
5.515953
5.017777
4.562923
4.149419
3.750885
3.376815
3.073108
3.358145
3.630649
3.867814
3.993714
3.885114
3.628247
3.302097
2.994423
2.728769
2.631774
2.565149
2.414915
2.223312
2.344342
2.564081
2.826491
3.059023
3.110246
2.989720
2.729066
2.443213
2.187445
1.976647
1.781105
1.618095
1.834903
2.037983
2.146796
2.108735
1.939373
1.724521
1.517106
1.332532
1.161513
1.006677
0.870735
0.747365
0.641802
0.546101
0.519547
0.593195
0.661009
0.735258
0.820425
0.912481
0.970907
0.955203
1.078143
1.209092
1.361865
1.533695
1.701771
1.861078
1.950500
1.929298
1.789837
1.619590
1.747606
1.913915
2.051813
2.119372
2.059691
1.945961
2.038449
2.038870
1.906179
1.540362
1.164929
1.043430
0.932149
0.823706
0.725175
0.644119
0.726194
0.884286
0.982099
1.008019
1.101305
1.034552
0.845793
0.617810
0.630250
0.736538
0.856747
1.000536
1.161414
1.304225
1.580637
2.149886
2.595830
2.816077
2.912568
2.904198
2.779662
2.434178
1.721929
1.177980
0.773348
0.497259
0.400973
0.313080
0.240731
0.280721
0.275270
0.227378
0.164853
0.110806
0.122165
0.139169
0.124473
0.088064
0.051678
0.025929
0.009117
0.000889
0.000000
0.000000
0.000000
0.000000
0.000000
0.000000
0.000000
0.000000
0.000000
0.000000
0.000000
0.000000
0.000000
0.000000
0.000000
0.000000
0.000000
0.000000
0.000000
0.000000
0.000000
0.000000
0.000000
0.000000
0.000000
0.000860
0.031113
0.115249
0.265318
0.489201
0.793872
1.212068
1.603833
1.780107
1.825983
1.822344
1.763661
1.632762
1.411585
1.371098
1.337485
1.240568
1.063314
0.874950
0.821400
1.091860
1.259527
1.284415
1.239450
1.138032
0.887300
0.648174
0.430137
0.251332
0.124862
0.061617
0.128309
0.214974
0.285447
0.290080
0.216721
0.124869
0.061709
0.016786
0.000145
0.000000
0.000000
0.014769
0.048689
0.048741
0.015732
0.000130
0.000000
0.000000
0.000000
0.006795
0.061448
0.185265
0.405684
0.738349
0.895579
0.952746
0.951376
0.901548
0.775053
0.529095
0.309852
0.102525
0.014001
0.000000
0.000000
0.000000
0.000000
0.000000
0.000000
0.000000
0.000000
0.000000
0.000000
0.000000
0.000000
0.000000
0.000000
0.000000
0.000000
0.000000
0.000000
0.000000
0.000000
0.000000
0.000000
0.000000
0.000000
0.000000
0.000000
0.000000
0.000000
0.027248
0.122341
0.303208
0.599176
0.857017
1.001404
1.080798
1.473480
1.820085
1.879730
1.629950
1.248822
0.915380
0.663567
0.920187
1.239722
1.530477
1.642819
1.494766
1.266933
1.629317
2.096326
2.549374
2.676357
2.903409
3.492478
3.939003
3.221328
2.408155
1.778860
1.328324
0.961778
0.642684
0.396040
0.527623
0.694371
0.859429
0.954455
1.077955
1.258394
1.361517
1.293984
1.092924
0.878426
0.694422
0.648251
0.676613
0.631319
0.502418
0.393058
0.333701
0.233189
0.143406
0.108724
0.203525
0.248850
0.304879
0.401281
0.515100
0.767272
1.112602
1.543995
2.055698
2.600466
3.007446
3.014310
2.601296
2.032340
1.518670
1.102610
0.765294
0.584974
0.559242
0.563007
0.596698
0.591540
0.537184
0.475036
0.616478
0.769996
0.923528
1.076067
1.232393
1.395160
1.572992
1.761783
1.921309
2.009491
2.157434
2.274918
2.272433
2.452387
2.595750
2.471718
2.146150
1.798011
1.709021
1.593067
1.429416
1.244954
1.361609
1.717138
1.989485
2.004216
1.772081
1.435587
1.387192
1.573503
1.794785
2.037838
2.304439
2.600220
2.906661
3.183973
3.287121
3.169009
2.845793
2.508695
2.418031
2.576901
2.627706
2.574673
2.354263
2.100617
2.102547
2.400056
2.729304
3.031558
3.145930
3.049054
2.729653
2.373483
2.036492
1.971318
2.288539
2.643757
2.972169
3.064666
2.914406
2.553073
2.163670
1.822924
1.635385
1.917250
2.153308
2.159020
2.349431
2.773796
3.194470
3.612395
3.979833
4.029546
3.681309
3.214653
2.734206
2.281238
1.869298
1.827666
2.189984
2.199219
1.844195
1.400871
1.332273
1.375457
1.386147
1.492808
1.515367
1.713012
1.896989
1.904174
1.721634
1.470799
1.228726
1.140953
1.146739
1.341201
1.492877
1.498870
1.344158
1.152052
0.949079
0.761599
0.674603
0.690078
0.607826
0.474562
0.334066
0.337681
0.341189
0.388556
0.419361
0.392073
0.429716
0.476997
0.769266
1.156491
1.643943
2.250976
3.074666
4.082270
4.414972
4.006386
2.944686
2.140422
1.606675
1.154361
0.777776
0.486537
0.272093
0.129182
0.164383
0.179723
0.156886
0.118101
0.074016
0.036362
0.011130
0.000428
0.000003
0.000000
0.000415
0.017022
0.055808
0.093134
0.099129
0.071009
0.039994
0.048549
0.092237
0.120985
0.120423
0.141226
0.138442
0.119615
0.113228
0.161057
0.248003
0.318872
0.324415
0.255124
0.165205
0.091695
0.062543
0.060009
0.044522
0.060745
0.100322
0.158938
0.180832
0.159997
0.221738
0.250923
0.266403
0.272409
0.278811
0.355967
0.573688
0.867154
1.227903
1.683949
2.245634
2.917197
3.663385
4.427924
5.118477
5.111059
4.393460
3.550300
2.771554
2.116413
1.577091
1.138045
0.788801
0.534247
0.413446
0.423267
0.356799
0.248359
0.143767
0.060100
0.011771
0.000000
0.000000
0.000006
0.000000
0.000000
0.000000
0.000000
0.000000
0.005381
0.018861
0.024550
0.041185
0.035508
0.041135
0.084581
0.148329
0.234756
0.335757
0.439703
0.496858
0.475312
0.395581
0.306121
0.218442
0.165682
0.105853
0.052363
0.017600
0.006986
0.011946
0.024340
0.060593
0.171773
0.258285
0.445269
0.710479
0.958990
1.119826
1.188631
1.191908
1.149448
1.477010
1.811938
1.965066
2.011787
2.027842
2.019585
1.966415
1.780291
1.553809
1.294949
1.182616
1.551565
1.879809
1.952651
1.890566
1.760147
1.681385
1.987134
2.561217
3.183909
3.561887
3.252017
2.674038
2.054955
1.512887
1.072966
0.749228
0.576675
0.511727
0.462529
0.517401
0.500008
0.369919
0.208731
0.089749
0.040777
0.151387
0.286776
0.181220
0.060754
0.005376
0.000000
0.000000
0.000000
0.000000
0.001956
0.003139
0.000778
0.000979
0.000000
0.000000
0.000000
0.000000
0.000000
0.000000
0.000000
0.002321
0.015928
0.020356
0.010729
0.000369
0.000000
0.000000
0.000000
0.000000
0.000000
0.000000
0.000110
0.001059
0.000042
0.000000
0.000000
0.000000
0.000005
0.000638
0.002102
0.002819
0.047259
0.151106
0.321927
0.569417
0.899723
1.322155
1.973314
2.421268
2.582585
2.616457
2.611914
2.569596
2.404235
1.966343
1.323123
0.927950
0.682040
0.427682
0.235402
0.349995
0.536730
0.775558
1.067140
1.357122
1.528470
1.484711
1.219679
0.962145
0.883754
0.760822
0.660782
1.005994
1.459130
2.048218
2.922575
3.828028
4.206610
4.310642
4.350998
4.379817
4.397138
4.357118
4.012999
3.207646
2.399126
1.938040
2.165233
2.246821
2.036663
1.614794
1.193548
0.841058
0.567656
0.361991
0.389013
0.573636
0.749497
0.871255
0.817129
0.719626
0.681084
0.749075
0.713789
0.601154
0.547977
0.522371
0.412235
0.331265
0.323498
0.374643
0.586919
0.870021
1.157901
1.199412
0.960604
0.787439
0.677929
0.724065
0.829486
1.034045
1.153579
1.029141
0.735002
0.474651
0.344213
0.320582
0.409235
0.424940
0.382633
0.274168
0.191561
0.180760
0.335541
0.403607
0.403589
0.344271
0.247552
0.317239
0.388710
0.439332
0.468450
0.432042
0.356137
0.283992
0.369030
0.464524
0.570138
0.632821
0.631676
0.614667
0.580017
0.584564
0.517240
0.432797
0.348845
0.275147
0.309548
0.367408
0.376267
0.382473
0.465757
0.559684
0.665977
0.780322
0.901075
1.015923
1.062504
1.016095
0.896149
0.761962
0.638832
0.529472
0.534350
0.658312
0.744832
0.831966
0.872497
0.828576
0.702555
0.568124
0.590242
0.573515
0.492974
0.512495
0.831142
1.236765
1.740607
2.542857
3.049236
3.394784
3.521255
3.493008
3.280611
2.713212
1.939368
1.454599
1.061666
1.277526
1.436364
1.494085
1.406932
1.274398
1.174540
1.056398
1.176514
1.356933
1.462968
1.823836
2.216694
2.488713
2.513388
2.248016
1.844567
1.452621
1.155222
1.539132
2.086669
2.786974
3.785559
4.107419
3.714434
2.610900
1.825800
1.308207
0.905601
0.606438
0.578486
0.633262
0.665262
0.801488
0.934770
0.917667
0.801257
0.761921
0.913342
1.125410
1.333487
1.681878
2.151282
2.708443
3.246219
3.422078
3.186211
2.623801
2.052223
1.561949
1.579189
1.531211
1.400435
1.261417
1.115525
0.971008
0.969358
1.105209
1.112781
1.155928
1.240500
1.194607
1.103890
1.049598
1.281086
1.608785
1.912976
2.130116
2.272131
2.552094
2.816513
2.951857
2.895037
2.712266
2.451505
2.197335
2.052481
2.271073
2.475873
2.552906
2.455707
2.209158
1.959125
1.731072
1.747799
1.931633
2.018503
2.287481
2.594919
2.874125
3.053587
3.021691
2.832857
2.632930
2.450980
2.211902
1.995581
2.254894
3.071727
3.609901
3.841626
3.941197
3.954142
3.913513
3.778327
3.512555
3.272679
3.298350
3.153326
2.893486
2.833821
3.160220
3.818928
4.345162
4.612640
4.304517
4.521911
4.502189
4.244929
3.777327
4.124059
4.372299
4.537725
5.181607
5.749616
5.971500
5.641598
5.034511
4.396030
3.861650
3.649598
3.365291
3.069645
3.364643
3.526759
3.371725
3.142164
2.816417
2.460523
2.282300
2.147610
2.215996
2.372467
2.403970
2.309666
2.055625
1.746245
1.452181
1.340358
1.193538
1.114024
1.113545
1.252602
1.328856
1.393722
1.416529
1.349804
1.219233
1.056742
0.910035
0.826714
0.903654
0.999002
1.092031
1.133968
1.219625
1.368149
1.440204
1.447346
1.545726
1.779136
2.026250
2.239380
2.398686
2.610239
2.731577
2.668139
2.525358
2.362299
2.532786
2.672970
2.618040
2.506175
2.419671
2.284266
2.174813
2.002644
1.790596
1.568212
1.547929
1.556703
1.482873
1.435088
1.705496
1.994228
2.255862
2.399405
2.359383
2.143595
1.904979
1.634895
1.424046
1.348646
1.383791
1.363820
1.329060
1.220189
1.285625
1.509040
1.682576
1.862644
2.046803
2.204727
2.239168
2.143297
1.985224
1.814303
1.657459
1.644645
1.699043
1.671742
1.618168
2.131328
2.757431
3.489279
4.634107
5.666600
6.295001
6.933338
7.998000
8.508647
8.614370
8.195381
8.111314
7.972320
7.182993
7.533213
7.539402
6.988773
6.105378
5.171021
4.227611
4.911474
5.293385
4.848123
3.755031
2.829144
2.635187
2.369882
2.021786
2.075055
1.877213
1.559399
1.494758
1.424975
1.265767
1.085795
0.925527
0.797134
0.839613
1.005821
1.151435
1.324854
1.520170
1.711509
1.920940
2.118902
2.395570
2.706671
3.025180
3.305293
3.500262
3.870189
4.147980
4.118843
3.798917
3.389739
2.987786
2.603164
2.243800
1.917176
1.731705
1.649153
1.497699
1.554102
1.772213
1.973489
2.128428
2.366336
2.638011
2.848031
2.855712
2.658471
2.384887
2.159383
2.055329
2.152648
2.527317
2.824598
3.041707
3.042148
2.885596
2.708645
2.822859
2.780803
2.581211
2.448250
2.653512
2.771674
2.748633
2.666251
2.655914
2.796813
2.903151
3.013393
2.961562
2.784287
2.892503
3.071779
3.434256
3.927450
4.332636
4.785160
5.140229
5.515428
5.864946
6.014123
5.920126
5.676756
5.757494
5.946770
5.950124
5.748308
5.435434
5.089605
4.949310
5.551599
6.115694
6.356846
6.248364
5.745629
5.166040
4.652651
4.257408
3.991278
3.718522
3.330787
2.954588
2.680150
2.642636
2.632360
2.512965
2.532657
2.910126
3.297809
3.663692
3.953377
3.997173
3.720686
3.331218
2.957741
2.663310
2.538165
2.419053
2.206215
1.995712
1.877091
1.954156
1.954391
2.067887
2.371273
2.950310
3.654731
4.407031
4.941418
4.931695
4.384354
3.639897
3.785881
4.165189
4.553867
4.942649
5.306124
5.574331
5.580799
5.318946
4.922708
4.545177
5.020529
5.521360
5.998933
6.311867
6.230085
5.831057
6.189387
6.737936
7.361798
7.936510
8.129595
7.903976
7.288213
6.610208
5.970094
5.383543
4.866442
4.532430
4.546592
4.348513
4.282173
4.681647
5.197245
5.692253
6.031698
5.988319
5.675010
5.282525
4.840889
4.411853
4.001760
3.598649
3.201484
2.832561
2.508677
2.222733
1.998486
1.984345
1.967837
1.936627
1.865585
1.804466
1.924051
1.957181
1.875901
1.709947
1.579650
1.598438
1.706620
1.906445
1.995932
1.972051
1.872177
2.074519
2.172971
2.105308
1.930453
1.722286
1.501599
1.299717
1.244373
1.236336
1.122325
1.054224
1.203197
1.302888
1.191848
0.955601
0.751462
1.021483
1.238074
1.417728
1.233278
0.912411
0.715025
0.685592
0.711993
0.638916
0.437716
0.451926
0.481336
0.371029
0.319755
0.352934
0.434542
0.544629
0.650357
0.721792
0.638147
0.437192
0.402027
0.338719
0.186215
0.192413
0.241360
0.299376
0.357616
0.335646
0.166840
0.099585
0.080432
0.027972
0.003779
0.000147
0.000000
0.000000
0.000000
0.000000
0.000000
0.008421
0.040836
0.095428
0.193276
0.289016
0.376791
0.371117
0.588783
0.889319
1.271241
1.746537
2.323453
2.996684
3.728690
4.358393
4.420443
3.904987
3.487599
3.210510
2.720269
2.307799
2.207733
1.750811
1.257452
0.839459
0.517597
0.458271
0.502892
0.366507
0.140171
0.078509
0.038046
0.045703
0.032738
0.000000
0.000000
0.000000
0.000000
0.000000
0.000000
0.000000
0.000000
0.007209
0.050009
0.070063
0.053099
0.011288
0.000000
0.000000
1.131637
0.556999
0.226262
0.056480
0.035845
0.146556
0.324193
0.000000
0.000000
0.000000
0.000000
0.000000
0.000000
0.000000
0.000000
0.000000
