track	type=wiggle_0
fixedStep	chrom=chr	start=1	step=1
0.000000
0.000000
0.000000
0.000000
0.000000
0.000000
0.000000
0.000000
0.000000
0.060041
0.222677
0.314602
0.280217
0.171310
0.097921
0.047267
0.035213
0.198199
0.383767
0.613903
0.894523
1.141311
1.251319
1.088717
0.818199
0.844830
1.064781
1.030235
1.122574
1.189819
1.472958
1.881193
2.371374
2.950616
3.589569
4.105996
4.134855
3.631294
2.991695
2.417419
1.981891
2.210540
2.588896
2.741238
2.575810
2.205748
1.857083
1.494224
1.151201
0.859853
0.623523
0.496504
0.499204
0.514783
0.547056
0.711142
0.890984
1.065326
1.115747
1.118478
1.095212
1.020289
0.845798
0.469702
0.201133
0.059929
0.004271
0.000000
0.000000
0.000000
0.000000
0.000000
0.000000
0.000000
0.000000
0.000000
0.000000
0.000000
0.000000
0.000000
0.000000
0.000000
0.000000
0.000000
0.000000
0.000000
0.000000
0.000000
0.000000
0.000000
0.000000
0.000000
0.000000
0.000000
0.000000
0.000000
0.000000
0.000000
0.000000
0.000000
0.000000
0.000000
0.000000
0.000000
0.000000
0.000000
0.000000
0.000000
0.001002
0.035734
0.128000
0.285960
0.516509
0.833188
1.302940
2.169939
2.589320
2.703379
2.703379
2.613326
2.289323
1.564523
1.024631
0.642659
0.393098
0.271047
0.214471
0.192155
0.268523
0.349736
0.325559
0.210281
0.102765
0.032107
0.009993
0.022788
0.076495
0.176490
0.241391
0.186260
0.097649
0.044686
0.026740
0.012358
0.006531
0.003254
0.000795
0.000000
0.000000
0.000000
0.000000
0.000000
0.000000
0.000000
0.000000
0.000000
0.000000
0.000000
0.000000
0.000000
0.000000
0.010295
0.081384
0.245703
0.556542
0.933871
1.030690
0.964118
0.661585
0.341601
0.154873
0.048764
0.006291
0.000000
0.000000
0.000000
0.011412
0.072101
0.098620
0.091625
0.108953
0.088331
0.037802
0.004349
0.012611
0.066004
0.169975
0.297935
0.430452
0.508937
0.422119
0.269292
0.125058
0.035880
0.001040
0.000000
0.000000
0.000000
0.000000
0.000000
0.000000
0.000000
0.000000
0.000000
0.000000
0.000000
0.000000
0.000000
0.000000
0.000000
0.000000
0.000000
0.000000
0.000000
0.000000
0.000000
0.000000
0.000000
0.000000
0.000000
0.000000
0.000000
0.000000
0.000000
0.002617
0.007926
0.008092
0.002631
0.000000
0.000000
0.000000
0.000000
0.000000
0.000000
0.000000
0.000000
0.000000
0.000000
0.002125
0.007395
0.015875
0.019804
0.015445
0.011414
0.025211
0.043385
0.049442
0.049248
0.071168
0.091611
0.089596
0.064903
0.035620
0.036749
0.063452
0.104979
0.158316
0.217444
0.254823
0.245226
0.200392
0.141752
0.090718
0.051512
0.052224
0.130947
0.273392
0.470007
0.657354
0.663154
0.493762
0.616878
0.747866
0.863287
0.893325
0.837789
0.859076
1.016537
1.356305
1.791355
2.312788
2.896962
3.447716
3.753844
3.765887
3.399854
2.777514
3.045698
3.438351
3.864783
4.324169
4.819839
5.358394
5.943334
6.563374
7.166636
7.585805
7.582594
7.153352
6.550729
5.931532
5.347187
4.809309
4.316299
3.875979
3.469357
3.077080
2.712685
2.378675
2.172935
2.752210
3.255261
3.407031
3.055472
2.937231
3.426916
3.673207
3.372127
2.859851
2.378789
1.915395
1.502315
1.141991
0.839320
0.599398
0.430391
0.398461
0.418765
0.400991
0.386876
0.318074
0.244996
0.179213
0.126343
0.078398
0.075597
0.086323
0.067064
0.039345
0.017591
0.010663
0.042299
0.067315
0.035994
0.004983
0.000064
0.000000
0.000000
0.000000
0.000000
0.000000
0.000000
0.000000
0.000000
0.000000
0.000014
0.000423
0.001035
0.009169
0.022238
0.032194
0.029357
0.018593
0.013620
0.007729
0.014176
0.031742
0.047304
0.049160
0.035369
0.017746
0.006136
0.005562
0.018673
0.052818
0.129929
0.242694
0.307388
0.271378
0.180931
0.088099
0.044870
0.042917
0.030804
0.016065
0.011970
0.006819
0.004451
0.002564
0.000123
0.000000
0.000000
0.000000
0.000000
0.017900
0.042495
0.016899
0.000000
0.000000
0.000000
0.006999
0.059776
0.190026
0.316611
0.379576
0.397704
0.401858
0.401858
0.396881
0.369084
0.271648
0.084112
0.006490
0.000000
0.003388
0.041195
0.109382
0.152358
0.137565
0.070255
0.016565
0.082508
0.226530
0.486208
0.906304
1.106385
1.161744
1.172607
1.172607
1.172607
1.172607
1.161745
1.112718
0.939131
0.581367
0.343067
0.570590
0.855422
1.173145
1.333815
1.246575
0.999140
0.704752
0.462242
0.297382
0.351685
0.523125
0.736517
0.992720
1.262596
1.414494
1.398710
1.214553
0.968717
0.750411
0.540693
0.365989
0.234204
0.331742
0.529458
0.681735
0.913595
1.223894
1.673926
2.242375
3.103405
4.015410
4.288990
4.011898
3.132440
2.458505
2.047763
1.579433
1.409669
1.601044
1.663968
1.692334
1.723210
1.723405
1.672003
1.564806
1.255004
0.766003
0.488857
0.266693
0.113797
0.028594
0.004483
0.000000
0.000000
0.000000
0.000747
0.004612
0.000450
0.000000
0.000000
0.000000
0.000000
0.000000
0.000000
0.000000
0.000000
0.000000
0.000187
0.007646
0.015510
0.018354
0.019109
0.019109
0.019109
0.019109
0.019109
0.018157
0.014436
0.004454
0.000000
0.000000
0.000000
0.000000
0.000000
0.000431
0.007873
0.017178
0.017539
0.008279
0.000531
0.000000
0.000000
0.000000
0.000000
0.000000
0.000000
0.000000
0.000000
0.000000
0.000000
0.000000
0.000000
0.000000
0.000000
0.000000
0.000000
0.000000
0.000000
0.018705
0.016806
0.000000
0.009429
0.049929
0.115965
0.214665
0.368374
0.543506
0.633126
0.589031
0.459221
0.321004
0.220088
0.138987
0.225442
0.390582
0.608907
0.926889
1.354798
1.925099
2.737450
3.333321
3.973515
4.162929
3.973516
3.338677
2.765379
1.995724
2.329122
2.823549
3.460303
4.178299
4.884314
5.538166
5.702551
5.375018
4.719857
4.161234
3.730143
3.134696
2.559817
2.158209
2.011908
2.158087
2.189813
1.965263
1.588186
1.164662
0.802902
0.601339
0.730245
0.913840
1.099715
1.224204
1.231194
1.124266
0.941970
0.769633
0.830718
0.967203
1.024023
1.008255
0.913557
0.767269
0.637742
0.552496
0.467588
0.366700
0.413362
0.525745
0.631738
0.702639
0.664678
0.569622
0.513772
0.493985
0.506901
0.460717
0.491355
0.600477
0.703504
0.789854
0.831437
0.819903
0.775633
0.684711
0.583558
0.538909
0.580997
0.593248
0.541661
0.485164
0.507065
0.535721
0.499680
0.450833
0.517745
0.559788
0.564264
0.560063
0.681559
0.882811
1.217730
1.637792
2.147244
2.719113
3.274505
3.582112
3.270929
2.700206
2.122192
1.608746
1.192504
1.103679
1.175005
1.149843
1.209990
1.292457
1.378229
1.574857
1.580269
1.899282
2.283699
2.706391
3.139486
3.475387
3.471311
3.139226
2.709563
2.281771
1.901428
1.587432
1.345567
1.231470
1.264840
1.210480
1.121217
1.188980
1.354930
1.517998
1.581648
1.571988
1.721066
1.916358
2.161194
2.455883
2.726988
2.972196
3.028658
2.893891
2.714698
2.598607
2.550814
2.449940
2.503609
2.624945
2.665705
2.548077
2.339793
2.110023
1.871899
1.657572
1.744113
1.920371
2.135668
2.281126
2.348792
2.316711
2.392084
2.751895
2.984242
2.960127
2.725176
2.363273
2.000764
1.666484
1.363379
1.095476
1.084453
1.208414
1.251152
1.332084
1.281411
1.163930
1.022227
0.853760
0.687142
0.669744
0.653538
0.680499
0.745883
1.080922
1.402476
1.882355
2.437233
2.406681
1.824972
1.497173
1.205733
0.866278
0.705669
0.664266
0.675425
0.710364
0.718966
0.684469
0.607410
0.501410
0.414723
0.340281
0.293099
0.282674
0.293392
0.372871
0.434045
0.422426
0.348781
0.313876
0.349140
0.352000
0.391842
0.407638
0.376899
0.321310
0.294499
0.357769
0.427923
0.471247
0.546092
0.683487
0.544551
0.484896
0.577390
0.648132
0.731703
0.794320
0.794818
0.788719
0.726515
0.944846
1.127460
1.280106
1.426191
1.523866
1.530747
1.436854
1.310823
1.201643
1.022096
0.844794
0.798702
0.718330
0.623052
0.693975
0.790022
0.848932
0.837655
0.755931
0.773340
0.712139
0.692211
0.759223
0.862527
0.948111
0.954529
0.886089
0.798486
0.710999
0.646214
0.640993
0.591925
0.510875
0.478832
0.566999
0.693392
0.746425
0.707663
0.576145
0.433729
0.298382
0.390678
0.583930
0.739452
0.769111
0.638061
0.618071
0.724529
0.776316
0.997648
1.294901
1.630770
2.006812
2.413369
2.798684
3.021143
3.062315
3.464401
3.991937
4.469456
4.958602
5.161026
5.974756
6.408171
6.041196
5.224871
4.302732
3.467964
2.750449
2.704463
3.009335
3.329269
3.624290
3.670014
3.976369
4.446613
4.968182
5.645100
6.252610
6.480316
6.165945
5.540819
5.246114
4.942542
4.666190
4.328984
3.911685
3.597218
3.507416
3.348528
3.418185
3.547096
3.891732
4.363960
4.821794
5.110484
5.007765
4.680406
4.220044
3.776851
3.453582
3.382776
3.128926
2.797169
2.488080
2.389131
2.732605
2.812094
2.615144
2.237378
1.847150
1.533342
1.514378
1.508346
1.392199
1.303805
1.153600
0.992677
1.068619
1.223313
1.361819
1.437455
1.788790
2.084393
2.078431
1.749525
1.347662
1.330949
1.235826
1.093723
0.930304
0.784202
0.736236
0.832100
0.954516
1.094877
1.248455
1.403935
1.559467
1.711847
1.820394
1.835634
1.837461
2.002340
2.169099
2.324273
2.400146
2.373300
2.255270
2.255886
2.340275
2.277696
2.147227
1.973603
1.824686
1.660664
1.498069
1.368361
1.443640
1.502476
1.499707
1.421710
1.331973
1.273194
1.287435
1.204869
1.317183
1.443856
1.494255
1.475919
1.380595
1.240513
1.072266
0.856813
0.657813
0.651771
0.779119
0.865029
0.919491
0.887290
0.772744
0.627182
0.492988
0.380516
0.280908
0.195916
0.127846
0.076812
0.067458
0.117311
0.183151
0.269002
0.374446
0.501455
0.646931
0.795898
0.929581
0.960609
0.890150
0.786062
0.745338
0.657420
0.636028
0.794704
0.871694
0.853948
0.787381
0.707531
0.594880
0.473454
0.466891
0.563382
0.737724
0.945816
1.137631
1.207363
1.196022
1.251186
1.182422
1.392792
1.766936
2.206016
2.697870
3.194693
3.714030
4.388108
5.186902
6.029080
6.797541
7.713396
8.752310
9.599485
9.639765
8.852141
7.773295
6.719308
5.794384
4.969986
4.232127
3.572274
3.011545
2.613806
2.599714
2.360079
1.968985
2.191900
2.193993
2.634869
2.643082
2.135382
1.591226
1.267820
1.354808
1.557094
1.671785
1.570640
1.350539
1.073995
0.817077
0.599451
0.418762
0.278273
0.173106
0.088787
0.033272
0.005278
0.010206
0.004388
0.002974
0.003598
0.000726
0.000000
0.000000
0.000000
0.000000
0.014045
0.081532
0.124328
0.137748
0.142739
0.144128
0.141129
0.124658
0.071297
0.093726
0.138486
0.181706
0.204455
0.178211
0.133157
0.091697
0.063029
0.035681
0.016684
0.009504
0.016943
0.023846
0.017850
0.005632
0.000027
0.000000
0.000000
0.000000
0.000000
0.000000
0.000000
0.000000
0.000000
0.000000
0.000000
0.000000
0.000000
0.000526
0.032397
0.116231
0.255677
0.446944
0.688517
1.024785
1.411124
1.744735
1.752187
1.445199
1.140634
1.174740
1.043656
0.880032
0.817370
1.076345
1.400375
1.755566
2.167176
2.603445
2.788839
2.633597
2.721900
3.188086
3.323263
3.557528
4.228138
4.719787
3.898413
2.998830
2.423662
2.160756
1.738462
1.303542
0.914027
0.999924
1.497148
1.707012
1.762805
1.763481
1.713589
1.523947
1.093055
0.633267
0.352331
0.164469
0.059015
0.063774
0.050810
0.028972
0.010342
0.005702
0.003611
0.008702
0.010207
0.007625
0.028810
0.064192
0.113982
0.176225
0.239933
0.291900
0.295695
0.262101
0.286918
0.315072
0.346667
0.394984
0.505912
0.634553
0.782454
0.940266
1.097840
1.265014
1.452678
1.649743
1.863576
2.115312
2.396558
2.655737
2.814624
2.727014
2.527205
2.281870
2.046592
1.988936
2.180623
2.249740
2.161034
1.974099
1.786021
1.632262
1.475275
1.355808
1.513715
1.695596
1.841183
1.862460
2.010056
2.429154
2.959002
3.561162
4.188134
4.738431
5.610874
6.117640
5.695396
4.817891
3.900159
3.100829
2.479745
2.003214
2.231859
2.425395
2.641046
2.970025
3.072406
3.101668
3.196836
3.293156
3.620849
4.021302
4.463284
4.919775
5.414102
5.971045
6.583566
7.223898
7.807525
8.105054
8.018543
7.714921
7.491925
7.415754
7.544400
7.570521
7.532372
7.616193
8.070947
8.353119
8.226697
7.785108
7.160025
6.524374
5.909310
5.317633
4.756911
5.013434
5.791074
6.664610
7.505954
8.119353
8.100371
7.431673
6.578863
5.762612
5.018350
4.372906
3.807844
3.416923
3.131572
2.774791
2.474637
2.464476
2.724775
2.870811
2.867120
3.270994
3.647383
3.509773
3.065838
2.488496
2.197119
2.378205
2.604855
2.784249
2.883460
3.098782
3.254520
3.472959
3.683880
3.795789
3.675523
3.467947
3.208332
2.934612
2.657589
2.628054
2.819817
2.967671
2.982140
2.901411
2.816949
2.830002
2.735510
2.528656
2.276298
2.029994
2.065367
2.261324
2.447184
2.548746
2.504189
2.327425
2.112849
1.909285
1.669666
1.442252
1.220696
1.045103
1.015715
1.065767
1.199433
1.277116
1.284604
1.210238
1.038156
0.898478
0.787534
0.711269
0.765075
0.889362
0.995634
1.014854
0.967683
0.924472
0.946699
0.946521
0.947435
0.960592
1.062976
1.343304
1.636698
1.844494
1.928529
1.823098
1.629441
1.431306
1.318471
1.470259
1.871534
2.345034
2.895972
3.501857
4.059685
4.289721
4.088392
3.549755
4.018057
4.637114
4.660262
4.120637
3.176063
2.445153
1.893279
1.466889
1.300805
1.116462
1.328366
1.390948
1.277657
1.170851
1.594463
2.110180
2.642576
3.030314
2.982259
2.501280
1.918907
1.390120
0.966545
0.727228
0.855028
0.918816
0.825760
0.671178
0.507467
0.487683
0.582386
0.706455
0.842844
0.898765
0.857642
0.731327
0.600766
0.667250
0.713366
0.738673
0.772254
0.838528
0.785314
0.664818
0.527804
0.523638
0.439751
0.405346
0.415867
0.380514
0.437004
0.593115
0.899802
1.171592
1.172474
0.903855
0.614795
0.417075
0.483649
0.517733
0.454906
0.417717
0.603331
0.764749
0.796327
0.786691
0.750638
0.647091
0.519217
0.677016
1.006759
1.414531
1.863184
2.191310
2.245755
2.090257
2.352657
2.520635
2.563998
2.529433
2.482669
2.468843
2.451995
2.642761
3.118367
3.160136
2.707572
2.761043
2.566196
2.133875
1.639381
1.200809
1.059683
1.467382
1.659983
1.720000
1.733431
1.726213
1.674227
1.453770
0.912709
0.496804
0.251328
0.100159
0.023352
0.032479
0.041003
0.029918
0.013541
0.027666
0.033544
0.017099
0.002969
0.000000
0.000013
0.003189
0.004366
0.000375
0.000000
0.000658
0.011060
0.029376
0.042805
0.033426
0.012372
0.000573
0.000000
0.000000
0.000000
0.000000
0.000000
0.000000
0.000000
0.000000
0.000000
0.000000
0.001352
0.000862
0.000000
0.000000
0.000000
0.000000
0.000000
0.000000
0.000000
0.000000
0.000000
0.000000
0.000000
0.000000
0.000000
0.000000
0.000000
0.000000
0.000000
0.000000
0.000000
0.016628
0.084764
0.084551
0.017302
0.000000
0.000000
0.000000
0.000000
0.000000
0.000000
0.000000
0.000000
0.000000
0.000000
0.000000
0.000000
0.038452
0.126401
0.134640
0.062597
0.006455
0.000000
0.000000
0.000000
0.000000
0.000000
0.000000
0.000000
0.000000
0.000000
0.000000
0.000000
0.000000
0.000000
0.000000
0.000000
0.000000
0.006491
0.028358
0.041548
0.026281
0.024164
0.087998
0.125074
0.209295
0.361435
0.561784
0.787211
0.950318
0.944804
0.773111
0.691422
0.696399
0.698494
0.678689
0.595172
0.412659
0.244887
0.409356
0.622949
0.884370
1.118397
1.275519
1.271262
1.266936
1.341752
1.665105
1.989165
2.006545
1.743479
1.506503
1.214862
1.077501
1.240511
1.499577
1.625965
1.480440
1.133024
0.810831
0.529333
0.318613
0.189984
0.113779
0.072603
0.140686
0.162805
0.126045
0.085864
0.144098
0.210299
0.246854
0.230919
0.161881
0.096193
0.163815
0.262438
0.375852
0.476464
0.521486
0.456594
0.411004
0.390328
0.314432
0.271610
0.356687
0.480333
0.606036
0.665765
0.737152
0.829626
0.850718
0.779752
0.695600
0.594117
0.604355
0.577057
0.610842
0.640461
0.589732
0.668153
0.794152
0.912201
0.959553
0.926827
0.905809
0.987835
1.146355
1.255265
1.240692
1.110538
1.050229
0.973880
1.218748
1.578035
1.757286
1.657782
1.315933
0.980157
0.771869
0.761761
0.935354
1.359693
1.903753
2.763896
3.347935
3.513937
3.351594
2.827152
2.112119
2.072903
2.384444
2.633844
2.890265
3.146326
3.392280
3.590129
3.731355
3.724379
3.531242
3.256116
3.377223
3.509122
3.505764
3.458329
3.352269
3.238304
3.426989
3.633931
3.753484
3.671377
3.394167
3.087284
3.326691
4.448043
4.830297
4.394696
3.156706
3.367423
3.623996
3.805489
3.787267
3.849137
4.161448
4.609611
5.207073
5.361294
4.961854
4.287216
3.679725
3.730413
3.685257
3.960968
4.287118
4.641984
5.251147
5.405105
5.752350
6.109983
6.688747
7.304480
7.715612
7.673194
7.626259
7.259982
6.605146
6.413167
6.577248
7.014831
7.285788
7.241982
6.883876
6.369944
6.134905
6.640800
7.189032
7.784725
8.397531
8.934582
9.182570
8.996687
8.464456
7.807521
7.160194
7.485221
8.105659
8.512702
8.587438
8.952962
9.102618
8.669757
8.004254
7.222138
6.473850
5.787230
5.315176
5.971498
6.744565
7.626333
8.605454
9.678729
10.846329
12.113210
13.425654
14.753846
16.318348
18.033873
19.943214
22.174520
24.829147
27.840811
30.833002
33.320629
33.765060
32.262096
29.494200
26.807690
24.603643
22.711214
20.780603
18.892559
17.100735
15.402606
13.830121
12.426810
11.302056
11.207593
10.875566
10.132977
9.292577
9.997826
10.745714
10.895965
10.473740
9.791550
9.219267
8.723961
8.033370
7.330419
6.692097
6.106464
5.734579
5.412414
4.991333
4.798557
4.507128
4.157638
3.703841
3.297010
2.893701
2.514071
2.625223
2.799864
2.918166
2.937365
2.930049
2.868518
2.674516
2.393171
2.271687
2.311716
2.324452
2.300961
2.334005
2.267807
2.143871
2.060477
1.924709
1.861395
1.750729
1.782372
1.795789
1.817987
2.036604
2.364669
2.913399
3.601658
4.183000
4.653238
5.043833
5.322903
5.537292
5.839678
6.168666
6.392469
6.323816
6.286321
6.447594
6.370861
6.085773
5.878035
6.206707
6.561145
6.939613
7.327642
7.681311
7.784563
7.942597
8.150331
8.120716
7.851540
7.465482
7.061622
6.734320
6.529033
6.551697
6.916147
7.156173
7.242435
7.019951
6.664486
6.223218
5.791075
5.423048
5.143731
4.988165
4.777079
4.629797
4.015087
3.368648
2.779894
2.470249
2.418130
2.549395
2.560660
2.697550
2.704314
2.495454
2.256572
2.377583
2.711473
3.119252
3.610795
4.197682
4.830965
5.340414
5.665967
5.562849
5.146970
4.626534
4.662120
5.294822
6.081107
6.940697
7.773376
8.431743
8.414594
7.732877
6.936557
6.344002
6.225706
6.320100
6.523303
6.712741
6.490385
6.317439
6.013342
5.003029
4.613307
4.940608
5.166875
5.208797
5.192925
5.442474
5.707842
5.819806
5.952821
6.141498
6.049204
5.826282
5.713584
5.395744
5.071369
4.718382
4.306737
3.899639
3.460621
3.610397
3.445752
3.381826
3.840937
4.359412
4.922842
5.523309
6.061311
6.279384
6.140529
5.641953
5.074542
4.475622
4.002024
4.209767
4.839818
5.418680
5.702952
5.387202
4.775961
4.072371
3.476396
3.014699
2.690938
2.523923
2.549750
2.422610
2.413310
2.432093
2.459010
2.628168
2.733820
2.705990
2.734797
2.961633
3.082902
3.034372
2.969875
2.874490
2.896013
3.125442
3.339653
3.408595
3.339158
3.373117
3.356885
3.253886
3.146693
3.272740
3.421570
3.536493
3.503814
3.654470
3.877620
4.156808
4.322617
4.317341
4.323865
4.454018
4.438622
4.403354
4.348195
4.141667
3.931663
4.285205
4.608791
4.865150
5.224849
5.454693
5.479039
5.389769
5.259530
5.598408
5.770097
5.641456
5.403529
5.105449
4.952270
4.927914
4.741511
4.753168
4.849506
4.754181
4.491649
4.441674
4.519984
4.505651
4.419525
4.453850
4.499197
4.490147
4.470422
4.474842
4.358566
4.027211
3.837214
3.698217
3.515977
3.369992
3.206548
3.155371
3.297543
3.370176
3.434100
3.349981
3.042764
2.931349
3.257019
3.815063
4.428039
4.966622
5.734579
6.516364
7.076627
7.085572
6.538336
5.751458
4.999557
4.731531
5.274972
5.881780
6.525392
7.174225
7.650233
7.797026
7.452180
6.908982
6.252945
5.625694
5.246986
5.270786
5.495756
5.676178
5.769088
5.555055
5.042736
4.480207
4.161408
3.904824
4.033988
4.212786
4.576954
4.989170
5.427142
5.885604
6.293266
6.459469
6.395822
6.140582
5.762822
5.349024
4.934263
4.505833
4.592018
4.831953
4.892672
4.635292
4.282968
3.879170
3.487850
3.126924
3.378017
3.770482
4.114148
4.304444
4.185253
3.905243
3.506608
3.152542
2.995223
3.252935
3.542734
3.837090
4.132365
4.660472
5.035495
5.047308
5.363844
5.681807
6.020273
6.282455
6.207026
4.929439
2.883482
2.079038
1.799886
1.697277
1.440216
1.456269
1.369943
1.382080
1.515150
1.509877
1.417857
1.545676
1.578547
1.446722
1.276079
1.091498
1.038381
1.241751
1.427220
1.503376
1.462105
1.403979
1.489419
1.437953
1.429197
1.628129
1.777491
1.901883
2.031481
1.934404
1.323379
1.176215
1.143778
0.951710
0.896444
0.759904
0.757877
0.618677
0.464289
0.307753
0.419250
0.558957
0.711911
0.882277
1.076432
1.305356
1.572932
1.878396
2.190296
2.436029
2.367957
2.311904
2.516797
2.746198
2.651762
2.542734
2.710160
2.728844
2.967833
3.386667
3.857103
4.256584
4.150627
2.455469
2.058642
2.611179
3.111139
3.217200
2.837693
2.295704
1.757728
1.334799
1.705739
2.066787
2.186868
1.578484
1.113857
1.271561
1.621794
1.968556
1.917604
0.961209
0.799360
1.019310
1.351603
1.491111
1.117926
0.116907
0.000000
0.000000
0.000000
0.000000
0.000000
0.000000
0.000000
0.000000
0.000000
0.000000
