track	type=wiggle_0
fixedStep	chrom=chr	start=1	step=1
0.000000
0.000000
0.000000
0.000000
0.000000
0.000000
0.000000
0.000000
0.000000
0.000000
0.000000
0.013347
0.062602
0.231309
0.464180
0.528090
0.395109
0.236723
0.102616
0.058700
0.016890
0.275545
0.680355
1.158172
1.703689
2.268155
2.832747
3.435837
3.903232
3.911946
3.442695
2.846742
2.326497
1.930682
2.245440
2.476321
2.590696
2.421951
2.089936
1.709250
1.358917
1.059801
0.808547
0.600048
0.430127
0.305001
0.357452
0.397852
0.344976
0.265852
0.467460
0.813125
0.946822
0.976740
0.946822
0.810543
0.457007
0.342235
0.384390
0.335363
0.250999
0.161606
0.091272
0.091568
0.098425
0.091747
0.111895
0.156628
0.208693
0.230710
0.194167
0.235193
0.305348
0.347517
0.370430
0.412900
0.748673
1.143619
1.658089
1.988159
2.285418
2.536347
2.739663
2.825632
2.771896
2.900351
2.912391
2.781572
2.561385
2.320434
2.086327
1.863354
1.654475
1.539105
1.738469
1.963878
2.155291
2.232862
2.169371
2.020163
2.069455
2.033183
2.156834
2.176497
2.085270
2.144835
2.466604
2.818561
3.202182
3.621476
4.083183
4.588055
5.118196
5.598228
5.799277
5.598227
5.125389
4.642994
4.172936
3.801861
3.728402
4.196239
4.721422
4.718095
4.166891
3.443540
2.790989
2.198470
1.697280
1.441164
1.471366
1.440483
1.434926
1.575369
1.697670
1.752640
1.701230
1.771068
1.681957
1.517156
1.345291
1.247839
1.292221
1.224876
1.102030
1.024768
0.923300
0.815374
0.697095
0.588227
0.506060
0.477416
0.478803
0.484035
0.454393
0.381764
0.405983
0.801665
1.301808
1.454253
1.353124
0.925056
0.570572
0.319396
0.148694
0.097214
0.118187
0.129784
0.149529
0.174000
0.176618
0.180526
0.154462
0.115203
0.083588
0.051847
0.041218
0.074829
0.115182
0.158376
0.196211
0.227299
0.278547
0.342393
0.410626
0.464509
0.490683
0.524630
0.520502
0.472115
0.399022
0.326913
0.276016
0.409873
0.506201
0.590962
0.625729
0.593552
0.519786
0.434631
0.343634
0.248292
0.161143
0.122293
0.068878
0.018130
0.001294
0.006219
0.018886
0.035803
0.047297
0.099164
0.176705
0.210108
0.231777
0.236577
0.237888
0.234272
0.217317
0.160469
0.047504
0.003935
0.003259
0.001145
0.000263
0.001317
0.001176
0.000000
0.006038
0.081133
0.189864
0.226752
0.235170
0.226752
0.189278
0.082833
0.016850
0.007655
0.017427
0.026263
0.021682
0.038442
0.067397
0.087833
0.090989
0.081347
0.057209
0.059511
0.089094
0.112043
0.103061
0.077128
0.088725
0.073483
0.046546
0.021994
0.006214
0.001573
0.007488
0.020630
0.032611
0.032734
0.021762
0.032750
0.029771
0.023865
0.044408
0.071730
0.137227
0.207899
0.247025
0.222000
0.308287
0.454285
0.652029
0.898858
1.192042
1.516763
1.803963
1.858565
1.938289
1.883582
1.573740
1.227143
1.353717
1.631079
1.915363
2.057774
2.032066
2.097958
1.995275
1.703526
1.385146
1.096939
0.851754
0.644635
0.701907
0.819662
0.859808
0.836358
0.830296
0.781746
1.079549
1.435023
1.867085
2.337378
2.730031
2.735694
2.592011
2.581251
2.332090
1.695111
1.146837
1.417157
1.629322
1.676129
1.489675
1.194103
0.913967
0.681795
0.574826
0.457995
0.322059
0.203524
0.182471
0.248964
0.326470
0.414854
0.656539
0.864315
0.943376
0.943376
0.862262
0.643688
0.420769
0.331703
0.253476
0.185687
0.128989
0.090655
0.071285
0.033342
0.006571
0.000211
0.000000
0.000000
0.000053
0.000000
0.000000
0.000000
0.000558
0.001976
0.000713
0.000000
0.000000
0.000000
0.000774
0.007685
0.021444
0.036345
0.039045
0.027847
0.044821
0.073306
0.104126
0.125924
0.123988
0.097813
0.068209
0.040956
0.069182
0.089759
0.124499
0.154837
0.157891
0.154577
0.152488
0.147048
0.125996
0.062311
0.057392
0.113205
0.144627
0.111464
0.054514
0.014294
0.000017
0.000000
0.000000
0.000000
0.000000
0.000000
0.002161
0.058109
0.105253
0.125632
0.139716
0.153794
0.153794
0.139557
0.124961
0.102999
0.053816
0.000653
0.000000
0.000000
0.000000
0.000000
0.000000
0.000000
0.000000
0.000000
0.000000
0.000000
0.000000
0.000000
0.000000
0.000000
0.000000
0.000000
0.000000
0.000000
0.000000
0.000000
0.000000
0.000000
0.000000
0.000000
0.000000
0.000000
0.000306
0.008581
0.027212
0.053079
0.074849
0.059120
0.033253
0.042926
0.108173
0.208180
0.347381
0.529146
0.755101
1.018582
1.279053
1.649587
2.122248
2.686100
3.340114
4.012279
4.517166
4.477151
3.899353
3.733886
4.414100
5.061114
5.371670
5.238293
4.631946
3.973219
3.326468
2.758043
2.281302
1.889392
1.693496
1.826251
1.829070
1.746955
1.647282
1.717029
1.982672
2.046954
1.828308
1.551506
1.259789
0.851496
0.654812
0.824517
1.016843
1.227354
1.412244
1.499565
1.412682
1.252910
1.054691
0.863036
0.708487
0.742454
0.807133
0.861813
0.870786
0.876267
1.042311
1.181830
1.259254
1.222750
1.092750
1.170366
1.267482
1.433754
1.577611
1.750568
1.963103
2.199476
2.446502
2.685154
2.861170
2.974392
2.972526
2.797655
2.565845
2.496156
2.740741
2.963524
3.137165
3.184059
3.118464
2.918121
2.679141
2.771331
3.004341
3.166338
3.166531
3.006055
2.754503
2.785793
2.999990
3.133677
3.042133
2.829751
3.371440
4.081954
4.893577
5.681557
5.979930
5.701142
4.914555
4.168884
3.692515
3.715000
4.033103
4.026057
3.687686
3.361660
3.636680
3.853219
3.903467
4.261714
4.634763
5.822985
6.469976
6.645455
7.052560
7.785378
8.415669
8.696594
8.426282
7.813620
7.082684
6.381740
5.737327
5.141336
4.594837
4.094363
4.295096
4.670854
4.635046
5.109535
5.728349
6.147346
6.937228
7.906809
8.810138
9.181409
8.816097
7.918961
6.903425
5.949779
5.106322
4.354076
3.703127
3.171800
2.676276
2.222098
1.824494
1.500793
1.217293
1.117099
1.106152
1.097574
1.012637
0.951663
1.104855
1.268755
1.422777
1.538485
1.628680
1.673267
1.621172
1.486871
1.434395
1.551220
1.566685
1.749370
1.946054
2.156178
2.367774
2.515384
2.520169
2.384348
2.184641
1.987343
1.795503
1.611909
1.460227
1.386327
1.429107
1.350285
1.216375
1.168113
1.162697
1.117840
1.181766
1.139989
1.263821
1.413242
1.528677
1.576766
1.712273
1.896560
2.076988
2.223952
2.326295
2.311271
2.188970
2.024573
1.868054
1.726542
1.575882
1.424577
1.261597
1.425800
1.650510
2.054554
2.505719
2.736793
2.508872
2.041128
1.575675
1.534120
1.633626
1.627533
1.517369
1.377609
1.248130
1.119724
1.149633
1.313684
1.298960
1.138687
0.976773
0.967827
1.203207
1.382288
1.367386
1.186948
0.963657
0.761033
0.651619
0.588158
0.470944
0.839168
1.168532
1.260494
1.165715
0.840485
0.880908
1.020972
1.184520
1.370618
1.548295
1.688972
1.692611
1.706125
1.849321
1.978663
1.988183
1.830450
1.626881
1.414793
1.213560
1.113273
1.276565
1.394260
1.397769
1.306592
1.189565
1.069145
0.925811
0.785646
0.759505
0.947596
1.123125
1.332656
1.555316
1.794831
2.071515
2.388114
2.630004
2.630426
2.379375
2.062414
1.743859
1.448285
1.180544
1.026393
0.946311
0.930448
1.126287
1.438647
1.602467
1.519481
1.782551
2.289164
2.955891
3.581229
3.562065
2.936151
2.436411
2.249740
1.934427
2.104290
2.531069
2.466443
1.890807
1.565618
1.266264
0.924213
0.803080
0.964045
1.015910
0.928159
0.780306
0.615489
0.668494
0.758921
0.723070
0.569244
0.438458
0.407696
0.355924
0.321845
0.296425
0.271868
0.230243
0.185982
0.159536
0.168874
0.209263
0.239266
0.233767
0.265689
0.334847
0.405986
0.458500
0.501568
0.512217
0.486630
0.436165
0.506353
0.601997
0.715299
0.819419
0.893827
0.906186
0.848025
0.746133
0.635708
0.532920
0.440134
0.436452
0.463329
0.453978
0.408976
0.353634
0.298719
0.235480
0.163098
0.119148
0.119657
0.127896
0.109958
0.111027
0.103766
0.132232
0.133504
0.107226
0.110940
0.121687
0.111972
0.088625
0.137168
0.216149
0.298380
0.337778
0.327590
0.547886
0.672652
0.582471
0.379609
0.264353
0.227658
0.209324
0.200663
0.212703
0.290953
0.443558
0.632065
0.865468
1.133487
1.476709
1.901898
2.410488
3.007419
3.681867
4.326288
4.806634
4.801595
4.268954
3.533422
2.832196
2.268699
1.908305
2.020895
2.126738
1.972380
1.704816
1.383088
1.071956
1.293869
1.590098
1.912776
2.241004
2.447552
2.398541
2.136127
1.787699
1.466290
1.216402
1.498873
1.702716
1.704923
1.499297
1.600222
1.784814
1.880955
1.772716
1.558009
1.393378
1.816118
2.217536
2.523704
3.136914
3.971172
4.549405
3.992375
3.182721
2.482444
2.263708
2.361243
2.267204
1.992803
1.706578
1.441577
1.209077
1.006676
0.828838
0.724088
0.737538
0.817916
0.972534
1.089508
1.095499
0.991433
0.834078
0.673671
0.519698
0.387335
0.338670
0.335287
0.340542
0.301887
0.274583
0.345778
0.383378
0.389366
0.496495
0.612110
0.729054
0.822210
0.859138
0.812898
0.701081
0.575367
0.457175
0.352370
0.271008
0.204143
0.148092
0.105402
0.071813
0.065703
0.044572
0.039040
0.044939
0.081530
0.179565
0.339047
0.577282
0.898562
1.301443
1.566597
1.666763
1.664632
1.529506
1.155623
0.661456
0.396387
0.212502
0.110860
0.122872
0.182916
0.279805
0.366780
0.468506
0.551309
0.601337
0.601638
0.546204
0.454276
0.343885
0.241667
0.221934
0.419468
0.696565
1.066808
1.271837
1.244009
0.945122
0.546909
0.292156
0.134919
0.047595
0.006329
0.000000
0.000000
0.000000
0.000000
0.000000
0.000000
0.000000
0.000000
0.000000
0.000000
0.000000
0.000000
0.000000
0.000000
0.000000
0.000000
0.000000
0.000000
0.000000
0.000000
0.000000
0.000000
0.000000
0.000000
0.000000
0.000000
0.000000
0.000000
0.000000
0.000000
0.000000
0.000000
0.000000
0.000000
0.000000
0.000000
0.000000
0.000000
0.000000
0.000000
0.000000
0.000000
0.000000
0.000000
0.000110
0.016764
0.065931
0.154158
0.286224
0.477728
0.733821
1.061724
1.475905
1.970761
2.519618
2.973463
2.976904
2.535772
1.996356
1.498214
1.089790
0.963507
1.263400
1.578060
1.769792
1.837339
1.615773
1.306594
0.973775
0.694295
0.474586
0.305887
0.177941
0.140861
0.195434
0.334188
0.605001
0.866867
0.849990
0.537142
0.265245
0.121819
0.037371
0.001876
0.000000
0.000000
0.000000
0.000000
0.000000
0.000000
0.000000
0.000000
0.000000
0.000000
0.000000
0.000000
0.000000
0.000000
0.007085
0.069243
0.113576
0.127317
0.131721
0.132476
0.129052
0.113209
0.063538
0.002885
0.000000
0.000000
0.000000
0.000000
0.000000
0.000000
0.000000
0.000000
0.000000
0.000000
0.000000
0.000000
0.000000
0.000000
0.000000
0.000000
0.000000
0.000000
0.000000
0.000000
0.000000
0.000000
0.000005
0.006777
0.007878
0.012898
0.070541
0.179087
0.342206
0.566823
0.853542
1.207474
1.660741
2.198108
2.753756
2.747857
2.215883
1.739510
1.338325
1.533314
1.943636
2.418761
2.959599
3.522665
3.939062
4.064734
3.781945
3.243414
2.723423
2.711423
3.341665
3.891766
4.115746
4.212898
4.577486
4.650517
4.074824
3.377651
2.689700
2.090606
1.604462
1.206994
0.877043
0.614031
0.426860
0.419958
0.493173
0.570506
0.533644
0.408264
0.268763
0.155113
0.076341
0.027982
0.004271
0.000000
0.000000
0.000615
0.000604
0.004012
0.016772
0.055821
0.169425
0.311126
0.362264
0.300886
0.295982
0.307671
0.309268
0.273849
0.214179
0.155454
0.208184
0.278880
0.359892
0.457345
0.572390
0.704170
0.843899
0.973419
1.034579
1.123580
1.248532
1.394799
1.566929
1.776500
2.008807
2.260767
2.440421
2.515936
2.445238
2.258144
2.034756
1.824556
1.631895
1.461404
1.609962
1.793514
1.993345
2.188357
2.374926
2.601868
2.849126
3.076218
3.243132
3.286423
3.226532
3.023258
2.784250
2.738971
3.278004
3.736800
3.738813
3.281117
2.712436
2.209827
1.948680
1.806102
1.634224
1.712954
1.734307
1.719959
1.620375
1.479475
1.326346
1.176929
1.224729
1.159690
0.932460
0.671512
0.520070
0.474771
0.550431
0.832320
1.199731
1.524989
1.529935
1.283859
1.523387
1.782830
2.052120
2.310402
2.477905
2.480584
2.316863
2.096266
1.819547
1.564534
1.378262
1.578354
1.749283
1.809521
2.041029
2.341105
2.583329
2.697501
2.523578
2.226295
1.927370
1.919272
1.895731
1.672217
1.393252
1.283095
1.298425
1.371654
1.325921
1.208520
1.136034
1.485796
1.900005
2.407888
3.005388
3.701242
4.485197
5.255855
5.842435
5.856241
5.301801
4.527699
3.764144
3.132458
2.562765
2.062471
1.635157
1.276250
1.225553
1.293204
1.507718
1.679598
1.787834
1.728830
1.634301
1.439422
1.191489
0.943833
0.733145
0.548216
0.409456
0.294786
0.364549
0.408051
0.435683
0.407934
0.355011
0.379237
0.400546
0.367675
0.390678
0.426438
0.446255
0.639088
0.869160
1.021223
1.144094
1.157225
1.067193
0.987919
0.877906
0.740482
0.682247
0.683863
0.624969
0.637382
0.682703
0.701908
0.683137
0.720434
0.765128
0.727496
0.772488
0.880382
0.974430
1.039980
1.018542
1.017889
1.084974
1.054215
0.975192
0.895626
0.810942
0.704938
0.606255
0.702806
0.826343
0.953774
1.060617
1.087300
1.048863
0.983425
1.055387
1.117103
1.268959
1.386012
1.513374
1.513948
1.423993
1.305190
1.174259
1.051618
0.942657
0.828006
0.715407
0.701513
0.679270
0.633043
0.565410
0.626384
0.652860
0.655310
0.653196
0.725600
0.778889
0.824179
0.803796
0.727821
0.634561
0.555274
0.530971
0.628967
0.750283
0.881262
1.020758
1.172209
1.338078
1.509054
1.665554
1.722455
1.642884
1.458025
1.261618
1.293795
1.205243
1.010507
0.836517
0.798681
0.994170
1.197843
1.376681
1.437600
1.378151
1.199773
1.048924
1.328778
1.646993
1.874843
2.116534
2.730650
3.373534
3.932435
3.981421
3.533456
2.925128
2.480185
2.643468
2.561577
2.233639
2.387654
2.785487
3.037917
2.927403
2.744888
2.384449
2.030703
1.689631
1.364389
1.146688
1.563719
2.011665
2.323367
2.396148
2.283029
2.442163
2.645336
2.703169
2.663539
2.579076
2.489753
2.321988
2.036551
1.570758
1.369446
1.283494
1.237169
1.181796
1.053089
0.772223
0.436116
0.212558
0.186826
0.248229
0.259998
0.206052
0.130168
0.068895
0.027659
0.013534
0.037511
0.081501
0.125590
0.133566
0.108063
0.066158
0.027635
0.006754
0.000000
0.000000
0.000000
0.000000
0.000000
0.000000
0.000000
0.000000
0.000000
0.000000
0.000000
0.000000
0.000000
0.000250
0.023895
0.050162
0.064488
0.068544
0.069041
0.068020
0.068249
0.067667
0.061080
0.038926
0.012027
0.066816
0.115499
0.120318
0.074261
0.017554
0.000000
0.000000
0.000000
0.000000
0.000000
0.000000
0.000000
0.000000
0.000000
0.000000
0.000000
0.000000
0.000000
0.000000
0.000000
0.000000
0.000000
0.000000
0.000000
0.000000
0.000000
0.000000
0.000000
0.000000
0.000000
0.016536
0.083493
0.168530
0.221993
0.237833
0.219045
0.163887
0.082544
0.022730
0.008094
0.028611
0.077400
0.096438
0.060532
0.015438
0.000007
0.001099
0.001401
0.000000
0.000000
0.000000
0.000000
0.000000
0.000383
0.028590
0.115952
0.277351
0.554443
0.901191
1.072459
1.113665
1.075642
0.891468
0.528891
0.488334
0.432079
0.278218
0.288720
0.473258
0.711616
0.949366
1.069425
1.008735
0.839361
0.667100
0.570412
0.855938
1.199255
1.442320
1.502855
1.276304
0.971842
0.682055
0.511786
0.537326
0.607929
0.568411
0.557953
0.808897
1.121932
1.425785
1.479995
1.387053
1.342139
1.311643
1.199503
1.112001
1.338904
1.534904
1.860183
2.241221
2.617361
2.772451
2.632896
2.295580
1.909414
1.562652
1.516212
1.764475
1.913583
1.871762
1.630635
1.362397
1.153107
0.997974
0.882128
0.975709
1.006982
1.039563
1.036831
1.040155
1.029355
1.126971
1.279851
1.471084
1.693224
1.940243
2.199750
2.438924
2.580387
2.585015
2.560918
2.666138
2.637440
2.525663
2.623307
2.553301
2.368576
2.086301
2.002214
1.838596
1.960153
2.152868
2.338755
2.424045
2.404846
2.396660
2.589844
2.553235
2.589774
2.547487
2.514348
2.670972
2.740526
2.995840
3.221551
3.312213
3.234583
3.013830
2.754991
2.486067
2.276089
2.557806
2.796598
2.951157
2.932699
3.205413
3.431596
3.475508
3.342283
3.051767
2.742952
2.449642
2.693013
3.223358
3.813577
4.404348
4.800783
4.802147
4.456301
3.950443
3.400130
2.956999
2.790801
2.571127
2.671504
3.268759
3.955228
4.682425
5.315055
5.996389
6.650102
7.114045
8.113220
9.459049
10.922343
12.218909
12.950206
12.110862
10.704429
9.202040
7.785047
6.551064
5.722137
6.437713
7.213934
7.836222
7.869905
7.371063
7.410236
8.091699
8.467527
8.362373
7.970064
7.235145
6.657545
6.295099
5.812369
5.155458
4.501056
4.384121
4.659412
4.730154
5.065376
5.330880
5.352710
5.111807
4.605384
4.064397
3.569385
3.128397
2.754605
2.601878
2.739528
2.742873
2.736977
2.602633
2.640763
2.690592
2.740833
2.718192
2.729712
2.845999
2.853139
2.847455
3.051738
3.276288
3.440371
3.403463
3.186870
2.912368
2.639978
2.372822
2.119935
2.241604
2.390026
2.572483
2.739468
2.768923
2.674371
2.521147
2.599700
2.790993
2.803385
2.642964
2.456511
2.233507
1.970843
1.703745
1.473583
1.439916
1.377134
1.212841
1.053634
0.944385
0.884618
1.018717
0.954873
0.912958
0.744892
0.715755
0.808520
0.893313
1.048239
1.327206
1.438307
1.399493
1.468193
1.633820
1.886451
2.153087
2.312807
2.422327
2.485023
2.668352
2.900054
3.145811
3.313296
3.357548
3.222574
2.984247
2.743824
2.574451
2.884069
3.100379
3.098895
2.912553
2.773565
2.951004
2.773130
2.452285
1.993554
1.553512
1.242622
1.312170
1.270696
1.593569
1.806932
1.766489
1.652917
2.049520
2.727044
3.683400
4.975218
5.614510
5.803478
5.797720
5.602387
4.991885
3.763914
2.854985
2.206156
1.753957
1.792768
1.705312
1.687743
1.481644
1.505241
1.611917
1.727174
1.779026
1.754367
1.754855
1.880496
1.823518
1.947992
2.116437
2.230098
2.283488
2.336566
2.442426
2.486527
2.382765
2.246529
2.114150
2.138775
2.296584
2.498602
2.642405
2.619448
2.734208
2.850014
2.867970
3.067173
3.174265
3.123390
3.017188
2.899822
2.942792
3.074215
3.241759
3.344307
3.255110
3.286423
3.409306
3.403680
3.260795
3.418949
4.022950
4.697193
5.444778
6.272152
7.181744
8.148684
9.038986
9.541155
9.445309
8.734647
7.776864
7.677188
8.823315
10.182082
11.697816
13.372279
15.095716
16.528645
17.560133
16.979589
15.404666
13.504903
11.636749
12.499717
13.980166
15.266203
16.295458
16.879498
16.171152
14.861126
13.288363
11.912719
11.688652
11.389993
11.961349
13.053294
14.049964
14.586894
14.613339
14.588302
14.160895
13.268044
12.094971
10.954401
9.992432
9.443518
8.715053
7.884610
7.287033
7.460299
7.722588
7.591043
7.053101
6.470311
6.187716
5.908875
5.928729
5.701183
5.335867
5.247916
5.380968
5.226624
4.684731
3.575414
2.912493
2.943318
2.936243
2.965442
3.083769
3.158639
3.291305
3.421010
3.538821
3.495872
3.428312
3.742460
4.016814
4.236884
4.363907
4.595221
4.929628
5.242560
5.557596
6.268631
7.113528
7.906091
8.395591
8.830286
9.268044
9.720107
10.126111
10.518459
10.926556
11.306608
11.484353
11.425168
11.081080
10.615758
10.498466
10.999434
11.546675
12.122603
12.734097
13.371349
14.023824
14.615150
14.988466
14.967722
14.471259
13.822657
13.697187
13.970291
13.903740
13.488327
12.898693
12.316954
11.788248
11.244425
10.705272
10.175233
9.698564
9.665832
9.719413
9.502800
9.066068
8.717847
9.662133
10.018420
9.764391
8.910946
8.084266
7.778758
7.658739
7.786053
8.083476
8.630429
9.221416
9.616978
9.718494
9.478442
8.675341
7.736110
6.588573
5.626598
4.758125
4.018797
3.286114
2.776269
2.816522
3.015517
3.236285
3.408998
3.610022
3.807531
3.766424
3.464999
3.238269
3.019490
2.724585
2.348806
2.000185
1.688762
1.343830
1.134178
1.242615
1.306491
1.228978
1.240451
1.467308
1.761254
2.072587
2.432690
2.896421
3.378944
3.767717
3.822512
3.549354
3.066264
2.608447
2.669753
3.068389
3.522537
4.018528
4.571658
5.149003
5.626895
5.788366
5.551159
5.070420
4.565313
4.106919
3.704420
3.377157
3.142278
3.495974
3.733322
3.720294
3.498784
3.155326
2.896252
2.785422
2.755136
2.941523
2.996440
2.867346
2.745923
2.851400
2.913803
2.885971
3.075330
3.155900
3.592356
4.117435
4.594268
4.855126
4.686077
4.229609
3.737113
3.339990
3.456414
3.325171
3.063261
2.815079
3.060450
3.306884
3.357975
3.179147
2.912213
2.572365
2.263783
1.982193
1.855345
2.156422
2.547846
2.986835
3.430762
3.745276
3.673967
3.298898
2.842020
2.410072
2.024137
1.994657
1.894426
1.545863
1.594784
1.756295
1.946853
2.167782
2.394308
2.578334
2.757825
2.930515
2.842975
2.280174
2.099943
2.159597
2.237334
2.075364
2.000751
2.141901
2.370883
2.638188
2.950006
3.255585
3.440358
3.152912
3.075535
3.300765
3.568773
3.656929
3.229792
2.999731
2.674211
2.527495
2.572406
2.483189
2.102679
2.224818
2.505983
2.859213
3.250181
3.669283
4.136402
4.636119
5.164641
5.732079
6.330022
6.963899
7.610017
8.097358
7.892982
6.838094
6.263124
6.519350
7.129263
7.869953
8.719770
9.669392
10.679424
11.770208
12.927788
14.024351
14.588302
12.984626
10.722896
9.094087
7.138683
6.975610
7.028992
5.617470
4.366514
4.025170
4.426045
5.046742
5.437268
4.615366
2.716565
2.425588
2.733871
3.190395
3.781904
3.999612
4.411432
4.600597
4.670937
4.684731
0.000000
0.000000
0.000000
0.000000
0.000000
0.000000
0.000000
0.000000
0.000000
