track	type=wiggle_0
fixedStep	chrom=chr	start=1	step=1
0.000000
0.000000
0.000000
0.000000
0.000000
0.000000
0.000000
0.000000
0.000000
0.000000
0.000000
0.000000
0.000000
0.000000
0.000000
0.006134
0.159220
0.384071
0.659701
0.896031
0.990195
0.853703
0.626162
0.680361
0.877280
0.630410
0.348154
0.152860
0.052792
0.008834
0.001667
0.001136
0.001558
0.004216
0.003326
0.000000
0.000000
0.000000
0.000226
0.013625
0.113604
0.312799
0.540314
0.725399
0.876577
0.900566
0.805827
0.737301
0.815482
0.776156
0.643457
0.475274
0.452417
0.637872
0.881749
1.169132
1.446438
1.638221
1.546075
1.307613
1.067302
0.838874
0.625993
0.436568
0.327312
0.356090
0.322549
0.230474
0.134327
0.075727
0.054836
0.025096
0.051810
0.081123
0.088537
0.073494
0.133259
0.306764
0.600277
1.159958
1.442238
1.520468
1.533641
1.520468
1.460701
1.250055
0.779648
0.433545
0.204328
0.069602
0.016973
0.017786
0.008087
0.002037
0.012713
0.030994
0.035383
0.024172
0.007697
0.000198
0.000351
0.005253
0.007736
0.024443
0.069127
0.140287
0.223555
0.292898
0.290203
0.216477
0.151043
0.166399
0.407931
0.875203
1.114385
1.179746
1.191266
1.191266
1.191266
1.179746
1.504477
1.979918
2.550123
3.225506
3.956774
4.561873
5.017753
5.028370
5.140108
6.468867
8.120223
8.209773
6.747123
5.315703
4.266346
3.404734
2.672293
2.056540
1.554235
1.177576
0.957021
0.831023
0.685935
0.727579
0.740086
0.635236
0.709471
0.772555
0.856701
0.907172
0.832726
0.709401
0.669838
0.676675
0.861220
1.073001
1.306871
1.538930
1.754500
1.845628
1.796766
1.697677
1.704766
1.696734
1.538789
1.357494
1.436586
1.399787
1.237485
1.064500
1.139456
1.363766
1.593924
1.841557
2.040626
2.040625
1.839195
1.577316
1.325052
1.095552
0.894018
0.715651
0.558966
0.424782
0.311786
0.220437
0.155869
0.154386
0.143254
0.088104
0.055029
0.068605
0.059225
0.037208
0.056208
0.114124
0.217409
0.389983
0.740106
1.284573
1.485498
1.327452
1.014991
1.211448
1.303985
1.146926
0.872961
1.048038
1.349802
0.982398
0.528333
0.249021
0.103171
0.089701
0.132979
0.185081
0.244400
0.310456
0.371832
0.415682
0.432720
0.415200
0.472184
0.536357
0.552367
0.535421
0.509857
0.540429
0.579551
0.555241
0.495840
0.414100
0.334226
0.332371
0.301134
0.234836
0.268487
0.325261
0.369439
0.424438
0.464611
0.473763
0.454416
0.396765
0.334051
0.421150
0.516259
0.604298
0.685526
0.685020
0.603547
0.496465
0.377859
0.267573
0.214908
0.181108
0.137263
0.106124
0.133285
0.143267
0.126244
0.089185
0.103226
0.113831
0.157415
0.297366
0.436565
0.431880
0.380748
0.528959
0.558901
0.423974
0.269922
0.199768
0.293617
0.407178
0.535710
0.685061
0.867712
1.081303
1.324334
1.595164
1.880893
2.178396
2.408382
2.469300
2.294275
1.985513
1.674973
1.617789
1.422444
1.186025
0.919423
0.989478
1.160264
1.285392
1.346497
1.312795
1.392521
1.438870
1.856312
2.440748
3.299240
4.488894
5.300150
5.632930
5.697250
5.632930
5.332741
4.635339
3.603727
2.754416
2.094021
1.611141
1.271662
0.971419
1.026849
1.151999
1.230831
1.235471
1.378339
1.577487
1.796937
1.993774
2.070736
1.977227
1.776222
1.555092
1.343927
1.150935
1.237508
1.425891
1.549489
1.707590
1.983368
2.309114
2.675318
3.076826
3.491554
3.824936
3.939281
3.710698
3.361468
2.950355
2.556627
2.199097
1.905454
2.252837
2.590261
2.750412
2.638887
2.319778
1.951833
1.607328
1.305200
1.041966
0.818738
0.624718
0.459182
0.321920
0.256825
0.303169
0.319044
0.307969
0.365063
0.388462
0.353198
0.298687
0.259729
0.261132
0.290454
0.292823
0.270457
0.388718
0.610331
0.778980
0.754332
0.540313
0.331682
0.289838
0.270697
0.231941
0.176977
0.120103
0.071069
0.035911
0.001473
0.000000
0.000000
0.000000
0.000020
0.000000
0.000000
0.000000
0.000000
0.000000
0.000289
0.000504
0.000182
0.000033
0.000000
0.000000
0.000000
0.000000
0.000000
0.000000
0.000000
0.000000
0.000000
0.000000
0.000000
0.000000
0.000000
0.000000
0.000000
0.000000
0.000000
0.001110
0.021348
0.106229
0.263973
0.518121
0.783207
0.913570
0.950795
0.959292
0.959292
0.959292
0.959292
0.949966
0.902938
0.733949
0.382074
0.220960
0.389300
0.621689
0.880052
1.046963
0.972175
0.769239
0.513900
0.314670
0.277796
0.318195
0.299177
0.400571
0.430002
0.346817
0.226423
0.228972
0.428958
0.703987
1.039415
1.442566
1.785132
1.743173
1.433817
1.095583
0.784766
0.627358
0.850478
1.091496
1.355078
1.496847
1.429036
1.165837
0.917600
0.671049
0.479754
0.422904
0.686518
1.072493
1.621209
1.876152
1.955506
1.970540
1.955505
1.868879
1.576172
0.958780
0.558328
0.305746
0.196193
0.157832
0.178599
0.262833
0.402178
0.536781
0.566935
0.507113
0.364275
0.226132
0.112449
0.170615
0.290777
0.360334
0.363358
0.256637
0.139737
0.077273
0.022547
0.014963
0.009684
0.000109
0.000019
0.006042
0.020864
0.039847
0.045624
0.063610
0.095400
0.107962
0.096156
0.067185
0.035940
0.013459
0.017770
0.032021
0.039077
0.034554
0.054488
0.095528
0.132331
0.131472
0.109146
0.071830
0.057196
0.096122
0.112055
0.098110
0.144881
0.187582
0.177290
0.134855
0.094933
0.075686
0.055242
0.068844
0.074728
0.126924
0.219710
0.340120
0.478412
0.590116
0.584087
0.469892
0.333630
0.219297
0.140936
0.120567
0.252243
0.432920
0.705565
1.064777
1.517633
2.040015
2.306926
2.090853
1.626706
1.329813
1.162778
0.945375
0.717621
0.859270
1.018383
1.130869
1.123100
1.043032
1.239997
1.554729
1.801977
1.870266
2.108686
2.357418
2.868062
3.511369
4.129202
4.458287
4.335249
3.950242
4.634142
5.241116
5.381545
5.058630
4.487948
3.823225
3.205699
2.655846
2.178837
1.769797
1.426411
1.140548
0.878099
0.654049
0.470091
0.468359
0.539843
0.536376
0.456749
0.346151
0.242845
0.161911
0.106239
0.090441
0.066899
0.035772
0.012765
0.000870
0.000000
0.000000
0.000000
0.000000
0.000000
0.000000
0.000000
0.000000
0.000000
0.000000
0.000000
0.000000
0.000000
0.000000
0.000000
0.000000
0.000000
0.000000
0.000000
0.000000
0.000540
0.011026
0.030509
0.053687
0.069574
0.069546
0.053824
0.031776
0.020797
0.034203
0.037032
0.045382
0.048157
0.074370
0.108790
0.133580
0.127336
0.101716
0.125670
0.154633
0.202098
0.246382
0.283584
0.331952
0.375853
0.401448
0.407117
0.486325
0.541337
0.548855
0.514567
0.441177
0.363742
0.355557
0.432424
0.482387
0.476945
0.421289
0.356571
0.292375
0.230043
0.172332
0.119030
0.137108
0.187595
0.252054
0.331646
0.409854
0.462123
0.538982
0.680041
0.799270
0.906213
0.960788
0.866297
0.720940
0.586380
0.505786
0.463884
0.566817
0.666384
0.749610
0.840481
0.862422
0.787791
0.862532
1.016927
1.053932
0.935501
0.735164
0.557219
0.452641
0.423022
0.387431
0.392500
0.527424
0.679101
0.818487
0.882088
1.017837
1.287496
1.386191
1.220999
1.170151
1.525898
2.031543
2.839672
3.580713
3.872965
3.940833
3.949876
3.948812
3.939046
3.863827
3.583161
2.895798
2.785053
2.534306
2.473586
2.528207
3.079943
3.474147
3.616068
3.642888
3.436271
2.933591
2.400000
1.921034
1.780124
2.185914
2.126887
1.575145
1.245050
0.986332
0.673976
0.410422
0.284757
0.353676
0.405809
0.460651
0.484654
0.532803
0.592090
0.629162
0.601753
0.541578
0.471348
0.433011
0.369566
0.281417
0.322115
0.369626
0.358235
0.303417
0.360808
0.448803
0.545937
0.616993
0.629435
0.572342
0.492772
0.427605
0.494150
0.592276
0.708695
0.831843
0.964191
1.108842
1.269455
1.426852
1.570178
1.692298
1.733255
1.641583
1.478265
1.349636
1.160651
1.151782
1.311355
1.309196
1.384694
1.516014
1.651951
1.880115
2.113756
2.339012
2.555573
2.749779
2.865348
2.903795
2.859122
2.731756
2.661313
2.567089
2.476121
2.373876
2.275515
2.421854
2.497211
2.545524
2.743895
2.969029
3.128423
3.141176
3.490858
4.334370
5.215271
5.874928
6.594157
6.632385
5.694566
4.703657
4.015982
4.070489
4.614223
4.910332
4.822413
4.429054
3.902653
4.270595
4.758287
5.264198
5.811872
6.197003
6.567927
6.817684
7.275065
7.678596
8.435822
9.114944
9.946507
10.980695
12.236196
13.481152
14.312355
14.250712
13.369366
12.076688
10.796184
9.637100
8.610988
7.650411
6.935703
7.485803
8.051061
8.600219
8.931498
8.755506
8.302066
7.734549
7.155824
6.609155
6.632502
7.184523
7.479072
7.424603
7.125597
7.026297
7.433489
7.435303
7.071202
6.933262
7.278257
7.323355
7.044257
6.519311
5.970008
5.479155
5.038011
4.667004
4.352726
4.004700
3.654338
3.330220
3.415522
3.463005
3.410985
3.240110
3.186089
3.138736
3.344276
3.572538
3.633860
3.500634
3.651484
4.483668
5.269169
5.549085
5.083576
4.287331
3.534385
2.934078
3.060483
3.149729
3.080034
3.275504
3.480473
3.562406
3.470871
3.252491
2.968433
3.008139
3.152999
3.334559
3.507711
3.585274
3.690914
3.909768
4.156002
4.429287
4.669404
4.889050
4.980093
5.193383
5.483835
5.737559
5.858524
5.744070
5.521123
5.231915
4.918483
4.632812
4.414232
4.204236
3.945747
3.686943
3.440189
3.213620
3.002336
2.796419
2.602363
2.463886
2.308465
2.072722
1.889558
1.717436
1.562398
1.385755
1.535121
1.702796
1.907523
2.136312
2.335943
2.433988
2.612676
2.702487
2.810449
2.867627
2.851564
2.717634
2.361489
1.635663
1.285980
1.238179
1.110146
1.042752
1.154519
1.275570
1.250029
1.069826
0.849774
0.917319
0.866337
0.701327
0.492015
0.308244
0.358086
0.480866
0.608488
0.701060
0.737919
1.043232
1.577108
2.344294
2.712779
2.699478
2.321844
1.597301
1.311844
1.462821
1.489843
1.436050
1.268797
1.591832
2.020049
2.443840
2.630860
2.495732
2.138584
1.864762
2.095900
2.247259
2.176905
1.910097
1.666060
1.563212
1.517700
1.354577
1.185139
1.221677
1.359691
1.491937
1.516863
1.364121
1.284236
1.379402
1.657800
1.906562
1.934409
1.732788
1.669786
2.091037
2.616076
3.188964
3.658817
4.040230
4.414702
4.598214
4.260384
3.636144
2.992993
2.411869
1.921721
1.531584
1.561115
1.484896
1.269790
1.052660
0.879468
0.714567
0.530796
0.365284
0.228897
0.127765
0.056966
0.020741
0.022823
0.012807
0.002539
0.000000
0.000000
0.000000
0.000000
0.000000
0.000000
0.000000
0.000000
0.000000
0.000000
0.001522
0.048219
0.085678
0.096263
0.096799
0.093462
0.088487
0.075184
0.036800
0.000229
0.000000
0.000000
0.000000
0.000000
0.000000
0.000000
0.000000
0.000000
0.000000
0.000000
0.000000
0.000000
0.000000
0.000000
0.000000
0.000000
0.000000
0.000000
0.000000
0.000000
0.000000
0.000000
0.000000
0.000000
0.000000
0.000000
0.000000
0.000000
0.000069
0.033260
0.135902
0.325741
0.632695
0.893352
1.030383
1.104472
1.498252
1.841810
1.894431
1.643024
1.257684
0.922193
0.666290
0.922022
1.245608
1.539571
1.650567
1.500843
1.267888
1.628821
2.092611
2.539226
2.655215
2.867776
3.433771
3.852272
3.136518
2.338299
1.721882
1.284175
0.929136
0.621255
0.383021
0.207490
0.101121
0.149755
0.172669
0.228274
0.278538
0.268963
0.202824
0.148771
0.140037
0.088812
0.041299
0.018659
0.006525
0.001868
0.000922
0.000000
0.000000
0.002580
0.070876
0.184316
0.232592
0.204403
0.137756
0.123223
0.127885
0.123804
0.208181
0.375002
0.567923
0.742846
0.736058
0.534001
0.331596
0.210569
0.295556
0.392039
0.500861
0.608064
0.693543
0.705026
0.651796
0.618234
0.697774
0.835933
0.950912
0.974731
1.059865
1.171940
1.182531
1.151431
1.263745
1.340602
1.448597
1.476848
1.400830
1.429932
1.479460
1.513942
1.626413
1.675243
1.589784
1.436368
1.270730
1.136976
1.086205
1.229899
1.488517
1.787481
2.072449
2.212122
2.188342
2.054155
2.066103
2.157001
2.265101
2.274953
2.417660
2.568402
3.040583
3.555280
3.936957
4.074137
4.363735
4.844328
5.102056
5.041644
4.719088
4.536272
4.251322
4.206520
4.748164
5.395757
6.032087
6.848254
7.632271
8.558551
9.583850
10.419029
10.374888
9.453989
8.345501
7.334935
6.506248
6.095922
6.268456
6.141840
6.133607
5.806632
5.166712
4.513734
3.988266
3.845960
4.194924
4.181460
3.805409
3.892418
4.107104
4.162932
3.995789
3.713838
3.478839
3.254743
2.959497
3.065094
3.328501
3.447656
3.583715
3.710592
3.623360
3.321582
2.965675
2.605691
2.285877
2.038102
1.971025
2.161929
2.385287
2.551605
2.690475
2.717869
2.594270
2.399962
2.178162
2.017553
2.017627
2.148485
2.171433
2.060476
1.962756
2.105259
2.091961
1.957710
1.822661
1.682724
1.553504
1.602634
1.706989
1.773436
1.852965
1.837831
1.976104
2.498443
2.920148
2.933147
3.922724
4.301509
3.998377
3.036810
2.175669
1.574673
1.098633
0.725428
0.646909
0.566325
0.471111
0.384550
0.296590
0.211901
0.196433
0.297120
0.428714
0.589051
0.777659
0.980556
1.122338
1.132828
1.007174
0.810071
0.628822
0.551028
0.631721
0.729883
0.709388
0.602509
0.467163
0.341482
0.299866
0.310522
0.267967
0.223395
0.387266
0.585648
0.745368
0.759825
0.627795
0.468278
0.369917
0.368185
0.373331
0.517632
0.701607
0.798017
0.891145
1.168470
1.180507
0.934677
0.581376
0.404345
0.323824
0.440227
0.568875
0.831555
1.247484
1.742182
1.983655
1.714580
1.230737
0.832172
0.512530
0.352059
0.285574
0.213008
0.127496
0.083906
0.043325
0.026294
0.017853
0.009552
0.000039
0.000000
0.000000
0.000000
0.000000
0.000000
0.000000
0.000000
0.000000
0.000000
0.000000
0.000000
0.000000
0.000000
0.000000
0.000000
0.000000
0.000000
0.000000
0.000000
0.000000
0.000000
0.000000
0.000000
0.000000
0.000000
0.000000
0.000000
0.000000
0.000000
0.000000
0.000000
0.000034
0.000000
0.000000
0.000000
0.000000
0.000000
0.000000
0.000000
0.000000
0.009293
0.024942
0.024960
0.011051
0.000000
0.000000
0.000000
0.000000
0.000000
0.000000
0.000000
0.000000
0.000000
0.000000
0.000000
0.000000
0.000000
0.000000
0.000000
0.000000
0.000000
0.000000
0.000000
0.000000
0.000000
0.000000
0.000000
0.000000
0.000000
0.000000
0.000000
0.000776
0.011942
0.048680
0.033321
0.001750
0.000000
0.000000
0.000000
0.000000
0.000000
0.000000
0.000000
0.000000
0.007664
0.028894
0.077012
0.119013
0.121733
0.083619
0.036614
0.062923
0.124819
0.206673
0.295296
0.358007
0.342874
0.276554
0.192744
0.121217
0.067754
0.032336
0.017901
0.024740
0.047794
0.079963
0.108007
0.135291
0.250352
0.313087
0.225695
0.182657
0.123701
0.117777
0.188021
0.318828
0.495094
0.708639
0.923044
1.120085
1.428862
1.711977
1.851788
1.716902
1.412738
1.354277
1.265225
1.075385
0.864721
0.930731
1.370170
2.018035
2.468013
2.639581
2.687814
2.696651
2.656056
2.482742
1.998426
1.286963
0.863527
0.961117
1.019281
0.898461
0.771217
0.924546
1.189077
1.404476
1.649778
1.707004
1.525959
1.255830
1.022976
1.083494
1.277695
1.413972
1.552681
1.751955
2.345754
3.209461
4.080086
4.450379
4.541956
4.555372
4.548299
4.519091
4.403163
3.999860
3.038927
2.158262
1.615764
1.537226
1.538356
1.524549
1.431580
1.480761
1.618587
1.696241
1.646005
1.740809
1.816506
1.811841
1.692088
1.532777
1.488942
1.590281
1.692654
1.868455
2.025051
2.244390
2.471789
2.652838
2.787908
2.880872
3.103537
3.397340
3.666256
3.828380
3.712111
3.468792
3.162133
3.138275
3.417341
3.725807
4.028136
4.268304
4.406896
4.734854
5.066965
5.228407
5.190787
4.947126
4.615280
4.385762
4.366252
4.208690
3.939987
3.632391
3.811846
3.991367
3.985777
3.791232
3.583549
3.515751
3.623369
3.847497
3.941264
3.831097
3.685545
3.990037
4.301612
4.421627
4.376017
4.819781
5.399756
6.039724
6.710866
7.429361
8.183495
8.952962
9.628217
9.860444
9.592627
8.896427
8.151413
7.416945
6.754341
6.135368
5.712749
5.811828
5.672911
5.621547
6.190845
6.620688
6.587403
6.047233
5.640697
6.494060
7.455164
8.536550
9.728230
10.816447
11.330596
11.314573
12.768467
12.680472
11.192802
9.837256
8.733451
7.831858
7.788157
7.192367
6.505613
7.293667
7.560424
7.341234
6.527828
5.115641
4.006704
3.191393
2.588479
2.848642
2.796305
2.519345
2.282097
1.987232
1.709008
1.454205
1.539447
1.713692
1.882317
2.071628
2.249338
2.369855
2.514176
2.622123
2.589001
2.411375
2.191326
2.062608
2.085114
2.001190
1.869316
1.768362
1.715123
1.558914
1.670880
1.733597
1.925177
2.135339
2.379896
2.944884
3.368090
3.679158
3.952434
4.285754
4.690909
5.042611
5.161099
5.039206
4.761450
4.515125
4.455621
4.375023
4.078254
3.452961
3.091610
3.292404
3.508370
3.641783
3.603243
3.403411
3.150752
3.312099
3.582283
3.906264
4.255798
4.525501
4.647490
4.491052
4.224694
3.928294
3.915645
3.908799
3.703055
3.431230
3.141015
2.873254
2.664248
2.890557
3.039982
3.030228
2.994703
2.832524
2.660613
2.542068
2.304935
2.061311
1.816955
1.702811
1.600381
1.505863
1.829578
2.197996
2.609606
3.074138
3.601386
4.115116
4.381664
4.275289
3.895454
3.486721
4.043526
4.719185
5.515630
6.410842
7.441513
8.622795
9.939486
11.293020
12.510184
12.872946
12.255587
10.914730
9.522172
8.289557
7.204579
6.249232
5.391564
4.605775
3.895728
3.289214
2.839419
3.167814
3.301546
3.146007
2.820052
2.449161
2.213930
2.238832
2.520151
2.582349
2.436070
2.219361
2.019919
1.719725
1.448283
1.248504
1.174892
1.133768
1.112533
1.163918
1.148464
1.112984
1.122001
1.050983
0.920497
0.786669
0.663823
0.582303
0.671152
0.795014
0.922600
1.027885
1.030470
1.015099
1.210039
1.378721
1.441791
1.438164
1.335486
1.567817
1.868283
2.221657
2.542848
2.775817
2.909865
2.826344
2.642010
2.396950
2.138936
1.887367
1.776693
1.871226
2.051045
2.230227
2.382465
2.454428
2.409275
2.233859
2.028719
2.136109
2.456403
2.687401
2.896291
3.156312
3.427113
3.713275
4.006407
4.236649
4.292680
4.132223
3.859682
3.611973
3.929536
4.285403
4.651032
4.919475
4.961820
4.809902
4.593074
4.718069
4.620710
4.387777
4.075917
3.752071
3.437340
3.142280
2.877074
2.625106
2.422801
2.926245
3.583899
4.025843
4.136215
3.920719
3.331676
3.717391
4.267141
4.728871
4.840653
4.554087
3.972366
3.376955
2.826761
2.567814
2.628628
3.350595
4.192081
5.167337
6.276696
7.451778
8.347772
8.493277
7.741138
6.610927
5.508882
4.528697
3.684707
3.067192
2.917651
2.905448
3.185080
3.389220
3.391032
3.451148
3.854461
4.184575
4.172409
3.892048
3.882970
4.373482
4.682340
4.899614
4.913571
4.551198
4.105430
3.535740
3.064699
2.894056
2.663170
2.886676
3.081726
2.878896
2.838446
2.874053
2.738174
3.026434
3.359572
3.716667
4.055897
4.261981
4.273019
4.110469
3.828687
3.691335
3.670053
4.084560
4.779577
4.747061
4.867192
4.761585
4.875552
5.317126
5.743639
5.971721
5.909721
5.579442
5.163634
4.835677
4.766774
4.644961
4.579033
4.686551
4.679550
4.636720
4.734798
4.667882
4.534293
4.589532
4.513649
4.273295
4.164052
3.884594
4.126578
4.433881
4.775871
5.113857
5.411368
5.576683
5.574948
5.758189
5.644273
5.672543
5.358713
5.152550
4.913110
4.915856
4.914728
4.707782
4.736606
4.646885
4.366861
4.117150
4.407851
4.826502
4.922700
4.154964
3.823528
3.940721
4.538697
5.232293
5.888375
6.333375
6.751652
7.180881
7.533913
7.659197
7.593499
7.488525
7.973922
8.167916
7.940176
7.391775
6.991425
6.940055
6.900675
6.792319
6.829924
6.923939
6.856234
6.751035
6.630644
6.468593
6.235752
6.370852
6.441568
6.761263
7.059401
7.232407
7.144387
7.395105
7.459716
7.394914
7.264215
7.038107
7.295655
7.587980
7.951655
8.263337
8.348620
8.163650
7.849707
7.386063
6.910203
6.591841
6.411971
6.202507
6.222556
6.156088
5.870491
5.534947
5.307237
5.738627
6.086441
6.200132
5.963191
5.608549
5.189736
4.823646
4.474110
4.181964
4.522735
4.979463
5.542664
6.092634
6.356121
6.252692
5.829406
5.340846
5.473444
5.501916
5.463442
5.311516
5.865682
6.472833
7.103905
7.659764
7.858417
7.639853
7.052403
6.384413
5.906898
5.920313
5.723177
5.631197
5.308794
4.962291
5.265249
5.514022
5.558272
5.591855
5.614122
5.420099
5.053409
4.632423
4.226704
4.007711
4.275369
4.600112
4.831592
4.865656
4.654928
4.331686
3.961389
3.566503
3.004288
2.707926
2.648643
2.473307
2.275009
2.042695
1.819903
1.857822
1.840053
1.714906
1.653362
1.873875
2.099505
2.304523
2.432024
2.259492
2.002717
1.879609
1.413014
1.125914
1.245441
1.399330
1.549936
1.745753
1.949631
1.994653
1.538315
1.641783
1.522951
1.257016
0.985158
1.215748
1.386079
1.580772
1.384630
1.050720
0.717474
0.731613
0.879090
1.044582
1.240647
1.462752
1.702814
1.932271
2.057814
1.938149
1.471189
1.060881
0.740889
0.502976
0.390346
0.278886
0.185373
0.135001
0.198008
0.293754
0.409494
0.545193
0.708758
0.910022
1.147130
1.421869
1.725174
2.048148
2.356868
2.538689
2.207213
1.089191
0.665598
0.690253
0.861906
1.097966
1.366205
1.651216
1.926618
2.289685
2.745941
3.251307
3.738115
3.994004
3.888707
3.560697
2.791962
3.503834
4.278915
4.954037
5.055728
4.536164
4.058868
3.729272
3.210785
2.628418
2.477759
2.073967
1.826315
2.171675
2.370057
2.097476
1.726318
2.074918
0.000000
0.000000
0.000000
0.000000
0.000000
0.000000
0.000000
0.000000
0.000000
