track	type=wiggle_0
fixedStep	chrom=chr	start=1	step=1
0.000000
0.000000
0.000000
0.000000
0.000000
0.000000
0.000000
0.000000
0.000000
0.060041
0.222677
0.314602
0.280217
0.171310
0.097921
0.047267
0.035213
0.198199
0.383767
0.613903
0.894523
1.141311
1.251319
1.088717
0.818199
0.844830
1.064781
1.030235
1.122574
1.189819
1.472958
1.881193
2.371374
2.950616
3.589569
4.105996
4.134855
3.631294
2.991695
2.417419
1.981891
2.210540
2.588896
2.741238
2.575810
2.205748
1.857083
1.494224
1.151201
0.859853
0.623523
0.496504
0.499204
0.514783
0.547056
0.711142
0.890984
1.065326
1.115747
1.118478
1.095212
1.020289
0.845798
0.469702
0.201133
0.059929
0.004271
0.000000
0.000000
0.000000
0.000000
0.000000
0.000000
0.000000
0.000000
0.000000
0.000000
0.000000
0.000000
0.000000
0.000000
0.000000
0.000000
0.000000
0.000000
0.000000
0.000000
0.000000
0.000000
0.000000
0.000000
0.000000
0.000000
0.000000
0.000000
0.000000
0.000000
0.000000
0.000000
0.000000
0.000000
0.000000
0.000000
0.000000
0.000000
0.000000
0.000000
0.000000
0.001002
0.035734
0.128000
0.285960
0.516509
0.833188
1.302940
2.169939
2.589320
2.703379
2.703379
2.613326
2.289323
1.564523
1.024631
0.642659
0.393098
0.271047
0.214471
0.192155
0.268523
0.349736
0.325559
0.210281
0.102765
0.032107
0.009993
0.022788
0.076495
0.176490
0.241391
0.186260
0.097649
0.044686
0.026740
0.012358
0.006531
0.003254
0.000795
0.000000
0.000000
0.000000
0.000000
0.000000
0.000000
0.000000
0.000000
0.000000
0.000000
0.000000
0.000000
0.000000
0.000000
0.010295
0.081384
0.245703
0.556542
0.933871
1.030690
0.964118
0.661585
0.341601
0.154873
0.048764
0.006291
0.000000
0.000000
0.000000
0.011412
0.072101
0.098620
0.091625
0.108953
0.088331
0.037802
0.004349
0.012611
0.066004
0.169975
0.297935
0.430452
0.508937
0.422119
0.269292
0.125058
0.035880
0.001040
0.000000
0.000000
0.000000
0.000000
0.000000
0.000000
0.000000
0.000000
0.000000
0.000000
0.000000
0.000000
0.000000
0.000000
0.000000
0.000000
0.000000
0.000000
0.000000
0.000000
0.000000
0.000000
0.000000
0.000000
0.000000
0.000000
0.000000
0.000000
0.000000
0.002617
0.007926
0.008092
0.002631
0.000000
0.000000
0.000000
0.000000
0.000000
0.000000
0.000000
0.000000
0.000000
0.000000
0.002125
0.007395
0.015875
0.019804
0.015445
0.011414
0.025211
0.043385
0.049442
0.049248
0.071168
0.091611
0.089596
0.064903
0.035620
0.036749
0.063452
0.104979
0.158316
0.217444
0.254823
0.245226
0.200392
0.141752
0.090718
0.051512
0.052224
0.130947
0.273392
0.470007
0.657354
0.663154
0.493762
0.616878
0.747866
0.863287
0.893325
0.837789
0.859076
1.016537
1.356305
1.791355
2.312788
2.896962
3.447716
3.753844
3.765887
3.399854
2.777514
3.045698
3.438351
3.864783
4.324169
4.819839
5.358394
5.943334
6.563374
7.166636
7.585805
7.582594
7.153352
6.550729
5.931532
5.347187
4.809309
4.316299
3.875979
3.469357
3.077080
2.712685
2.378675
2.172935
2.752210
3.255261
3.407031
3.055472
2.937231
3.426916
3.673207
3.372127
2.859851
2.378789
1.915395
1.502315
1.141991
0.839320
0.599398
0.430391
0.398461
0.418765
0.400991
0.386876
0.318074
0.244996
0.179213
0.126343
0.078398
0.075597
0.086323
0.067064
0.039345
0.017591
0.010663
0.042299
0.067315
0.035994
0.004983
0.000064
0.000000
0.000000
0.000000
0.000000
0.000000
0.000000
0.000000
0.000000
0.000000
0.000014
0.000423
0.001035
0.009169
0.022238
0.032194
0.029357
0.018593
0.013620
0.007729
0.014176
0.031742
0.047304
0.049160
0.035369
0.017746
0.006136
0.005562
0.018673
0.052818
0.129929
0.242694
0.307388
0.271378
0.180931
0.088099
0.044870
0.042917
0.030804
0.016065
0.011970
0.006819
0.004451
0.002564
0.000123
0.000000
0.000000
0.000000
0.000000
0.017900
0.042495
0.016899
0.000000
0.000000
0.000000
0.006999
0.059776
0.190026
0.316611
0.379576
0.397704
0.401858
0.401858
0.396881
0.369084
0.271648
0.084112
0.006490
0.000000
0.003388
0.041195
0.109382
0.152358
0.137565
0.070255
0.016565
0.082508
0.226530
0.486208
0.906304
1.106385
1.161744
1.172607
1.172607
1.172607
1.172607
1.161745
1.112718
0.939131
0.581367
0.343067
0.570590
0.855422
1.173145
1.333815
1.246575
0.999140
0.704752
0.462242
0.297382
0.351685
0.523125
0.736517
0.992720
1.262596
1.414494
1.398710
1.214553
0.968717
0.750411
0.540693
0.365989
0.234204
0.331742
0.529458
0.681735
0.913595
1.223894
1.673926
2.242375
3.103405
4.015410
4.288990
4.011898
3.132440
2.458505
2.047763
1.579433
1.409669
1.601044
1.663968
1.692334
1.723210
1.723405
1.672003
1.564806
1.255004
0.766003
0.488857
0.266693
0.113797
0.028594
0.004483
0.000000
0.000000
0.000000
0.000747
0.004612
0.000450
0.000000
0.000000
0.000000
0.000000
0.000000
0.000000
0.000000
0.000000
0.000000
0.000187
0.007646
0.015510
0.018354
0.019109
0.019109
0.019109
0.019109
0.019109
0.018157
0.014436
0.004454
0.000000
0.000000
0.000000
0.000000
0.000000
0.000431
0.007873
0.017178
0.017539
0.008279
0.000531
0.000000
0.000000
0.000000
0.000000
0.000000
0.000000
0.000000
0.000000
0.000000
0.000000
0.000000
0.000000
0.000000
0.000000
0.000000
0.000000
0.000000
0.000000
0.018705
0.016806
0.000000
0.009429
0.049929
0.115965
0.214665
0.368374
0.543506
0.633126
0.589031
0.459221
0.321004
0.220088
0.138987
0.225442
0.390582
0.608907
0.926889
1.354798
1.925099
2.737450
3.333321
3.973515
4.162929
3.973516
3.338677
2.765379
1.995724
2.329122
2.823549
3.460303
4.178299
4.884314
5.538166
5.702551
5.375018
4.719857
4.161234
3.730143
3.134696
2.559817
2.158209
2.011908
2.158087
2.189813
1.965263
1.588186
1.164662
0.802902
0.601339
0.730245
0.913840
1.099715
1.224204
1.231194
1.124266
0.941970
0.769633
0.830718
0.967203
1.024023
1.008255
0.913557
0.767269
0.637742
0.552496
0.467588
0.366700
0.413362
0.525745
0.631738
0.702639
0.664678
0.569622
0.513772
0.493985
0.506901
0.460717
0.491355
0.600477
0.703504
0.789854
0.831437
0.819903
0.775633
0.684711
0.583558
0.538909
0.580997
0.593248
0.541661
0.485164
0.507065
0.535721
0.499680
0.450833
0.517745
0.559788
0.564264
0.560063
0.681559
0.882811
1.217730
1.637792
2.147244
2.719113
3.274505
3.582112
3.270929
2.700206
2.122192
1.608746
1.192504
1.103679
1.175005
1.149843
1.209990
1.292457
1.378229
1.574857
1.580269
1.899282
2.283699
2.706391
3.139486
3.475387
3.471311
3.139226
2.709563
2.281771
1.901428
1.587432
1.345567
1.231470
1.264840
1.210480
1.121217
1.188980
1.354930
1.517998
1.581648
1.571988
1.721066
1.916358
2.161194
2.455883
2.726988
2.972196
3.028658
2.893891
2.714698
2.598607
2.550814
2.449940
2.503609
2.624945
2.665705
2.548077
2.339793
2.110023
1.871899
1.657572
1.744113
1.920371
2.135668
2.281126
2.348792
2.316711
2.392084
2.751895
2.984242
2.960127
2.725176
2.363273
2.000764
1.666484
1.363379
1.095476
1.084453
1.208414
1.251152
1.332084
1.281411
1.163930
1.022227
0.853760
0.687142
0.669744
0.653538
0.680499
0.745883
1.080922
1.402476
1.882355
2.437233
2.406681
1.824972
1.497173
1.205733
0.866278
0.705669
0.664266
0.675425
0.710364
0.718966
0.684469
0.607410
0.501410
0.414723
0.340281
0.293099
0.282674
0.293392
0.372871
0.434045
0.422426
0.348781
0.313876
0.349140
0.352000
0.391842
0.407638
0.376899
0.321310
0.294499
0.357769
0.427923
0.471247
0.546092
0.683487
0.544551
0.484896
0.577390
0.648132
0.731703
0.794320
0.794818
0.788719
0.726515
0.944846
1.127460
1.280106
1.426191
1.523866
1.530747
1.436854
1.310823
1.201643
1.022096
0.844794
0.798702
0.718330
0.623052
0.693975
0.790022
0.848932
0.837655
0.755931
0.773340
0.712139
0.692211
0.759223
0.862527
0.948111
0.954529
0.886089
0.798486
0.710999
0.646214
0.640993
0.591925
0.510875
0.478832
0.566999
0.693392
0.746425
0.707663
0.576145
0.433729
0.298382
0.390678
0.583930
0.739452
0.769111
0.638061
0.618071
0.724529
0.776316
0.997648
1.294901
1.630770
2.006812
2.413369
2.798684
3.021143
3.062315
3.464401
3.991937
4.469456
4.958602
5.161026
5.974756
6.408171
6.041196
5.224871
4.302732
3.467964
2.750449
2.704463
3.009335
3.329269
3.624290
3.670014
3.976369
4.446613
4.968182
5.645100
6.252610
6.480316
6.165945
5.540819
5.246114
4.942542
4.666190
4.328984
3.911685
3.597218
3.507416
3.348528
3.418185
3.547096
3.891732
4.363960
4.821794
5.110484
5.007765
4.680406
4.220044
3.776851
3.453582
3.382776
3.128926
2.797169
2.488080
2.389131
2.732605
2.812094
2.615144
2.237378
1.847150
1.533342
1.514378
1.508346
1.392199
1.303805
1.153600
0.992677
1.068619
1.223313
1.361819
1.437455
1.788790
2.084393
2.078431
1.749525
1.347662
1.330949
1.235826
1.093723
0.930304
0.784202
0.736236
0.832100
0.954516
1.094877
1.248455
1.403935
1.559467
1.711847
1.820394
1.835634
1.837461
2.002340
2.169099
2.324273
2.400146
2.373300
2.255270
2.255886
2.340275
2.277696
2.147227
1.973603
1.824686
1.660664
1.498069
1.368361
1.443640
1.502476
1.499707
1.421710
1.331973
1.273194
1.287435
1.204869
1.317183
1.443856
1.494255
1.475919
1.380595
1.240513
1.072266
0.856813
0.657813
0.651771
0.779119
0.865029
0.919491
0.887290
0.772744
0.627182
0.492988
0.380516
0.280908
0.195916
0.127846
0.076812
0.067458
0.117311
0.183151
0.269002
0.374446
0.501455
0.646931
0.795898
0.929581
0.960609
0.890150
0.786062
0.745338
0.657420
0.636028
0.794704
0.871694
0.853948
0.787381
0.707531
0.594880
0.473454
0.466891
0.563382
0.737724
0.945816
1.137631
1.207363
1.196022
1.251186
1.182422
1.392792
1.766936
2.206016
2.697870
3.194693
3.714030
4.388108
5.186902
6.029080
6.797541
7.713396
8.752310
9.599485
9.639765
8.852141
7.773295
6.719308
5.794384
4.969986
4.232127
3.572274
3.011545
2.613806
2.599714
2.360079
1.968985
2.191900
2.193993
2.634869
2.643082
2.135382
1.591226
1.267820
1.354808
1.557094
1.671785
1.570640
1.350539
1.073995
0.817077
0.599451
0.418762
0.278273
0.173106
0.088787
0.033272
0.005278
0.010206
0.004388
0.002974
0.003598
0.000726
0.000000
0.000000
0.000000
0.000000
0.014045
0.081532
0.124328
0.137748
0.142739
0.144128
0.141129
0.124658
0.071297
0.093726
0.138486
0.181706
0.204455
0.178211
0.133157
0.091697
0.063029
0.035681
0.016684
0.009504
0.016943
0.023846
0.017850
0.005632
0.000027
0.000000
0.000000
0.000000
0.000000
0.000000
0.000000
0.000000
0.000000
0.000000
0.000000
0.000000
0.000000
0.000526
0.032397
0.116231
0.255677
0.446944
0.688517
1.024785
1.411124
1.744735
1.752187
1.445199
1.140634
1.174740
1.043656
0.880032
0.817370
1.076345
1.400375
1.755566
2.167176
2.603445
2.788839
2.633597
2.721900
3.188086
3.323263
3.557528
4.228138
4.719787
3.898413
2.998830
2.423662
2.160756
1.738462
1.303542
0.914027
0.999924
1.497148
1.707012
1.762805
1.763481
1.713589
1.523947
1.093055
0.633267
0.352331
0.164469
0.059015
0.063774
0.050810
0.028972
0.010342
0.005702
0.003611
0.008702
0.010207
0.007625
0.028810
0.064192
0.113982
0.176225
0.239933
0.291900
0.295695
0.262101
0.286918
0.315072
0.346667
0.394984
0.505912
0.634553
0.782454
0.940266
1.097840
1.265014
1.452678
1.649743
1.863576
2.115312
2.396558
2.655737
2.814624
2.727014
2.527205
2.281870
2.046592
1.988936
2.180623
2.249740
2.161034
1.974099
1.786021
1.632262
1.475275
1.355808
1.513715
1.695596
1.841183
1.862460
2.010056
2.429154
2.959002
3.561162
4.188134
4.738431
5.610874
6.117640
5.695396
4.817891
3.900159
3.100829
2.479745
2.003214
2.231859
2.425395
2.641046
2.970025
3.072406
3.101668
3.196836
3.293156
3.620849
4.021302
4.463284
4.919775
5.414102
5.971045
6.583566
7.223898
7.807525
8.105054
8.018543
7.714921
7.491925
7.415754
7.544400
7.570521
7.532372
7.616193
8.070947
8.353119
8.226697
7.785108
7.160025
6.524374
5.909310
5.317633
4.756911
5.013434
5.791074
6.664610
7.505954
8.119353
8.100371
7.431673
6.578863
5.762612
5.018350
4.372906
3.807844
3.416923
3.131572
2.774791
2.474637
2.464476
2.724775
2.870811
2.867120
3.270994
3.647383
3.509773
3.065838
2.488496
2.197119
2.378205
2.604855
2.784249
2.883460
3.098782
3.254520
3.472959
3.683880
3.795789
3.675523
3.467947
3.208332
2.934612
2.657589
2.628054
2.819817
2.967671
2.982140
2.901411
2.816949
2.830002
2.735510
2.528656
2.276298
2.029994
2.065367
2.261324
2.447184
2.548746
2.504189
2.327425
2.112849
1.909285
1.669666
1.442252
1.220696
1.045103
1.015715
1.065767
1.199433
1.277116
1.284604
1.210238
1.038156
0.898478
0.787534
0.711269
0.765075
0.889362
0.995634
1.014854
0.967683
0.924472
0.946699
0.946521
0.947435
0.960592
1.062976
1.343304
1.636698
1.844494
1.928529
1.823098
1.629441
1.431306
1.318471
1.470259
1.871534
2.345034
2.895972
3.501857
4.059685
4.289721
4.088392
3.549755
4.018057
4.637114
4.660262
4.120637
3.176063
2.445153
1.893279
1.466889
1.300805
1.116462
1.328366
1.390948
1.277657
1.170851
1.594463
2.110180
2.642576
3.030314
2.982259
2.501280
1.918907
1.390120
0.966545
0.727228
0.855028
0.918816
0.825760
0.671178
0.507467
0.487683
0.582386
0.706455
0.842844
0.898765
0.857642
0.731327
0.600766
0.667250
0.713366
0.738673
0.772254
0.838528
0.785314
0.664818
0.527804
0.523638
0.439751
0.405346
0.415867
0.380514
0.437004
0.593115
0.899802
1.171592
1.172474
0.903855
0.614795
0.417075
0.483649
0.517733
0.454906
0.417717
0.603331
0.764749
0.796327
0.786691
0.750638
0.647091
0.519217
0.677016
1.006759
1.414531
1.863184
2.191310
2.245755
2.090257
2.352657
2.520635
2.563998
2.529433
2.482669
2.468843
2.451995
2.642761
3.118367
3.160136
2.707572
2.761043
2.566196
2.133875
1.639381
1.200809
1.059683
1.467382
1.659983
1.720000
1.733431
1.726213
1.674227
1.453770
0.912709
0.496804
0.251328
0.100159
0.023352
0.032479
0.041003
0.029918
0.013541
0.027666
0.033544
0.017099
0.002969
0.000000
0.000013
0.003189
0.004366
0.000375
0.000000
0.000658
0.011060
0.029376
0.042805
0.033426
0.012372
0.000573
0.000000
0.000000
0.000000
0.000000
0.000000
0.000000
0.000000
0.000000
0.000000
0.000000
0.001352
0.000862
0.000000
0.000000
0.000000
0.000000
0.000000
0.000000
0.000000
0.000000
0.000000
0.000000
0.000000
0.000000
0.000000
0.000000
0.000000
0.000000
0.000000
0.000000
0.000000
0.016628
0.084764
0.084551
0.017302
0.000000
0.000000
0.000000
0.000000
0.000000
0.000000
0.000000
0.000000
0.000000
0.000000
0.000000
0.000000
0.038452
0.126401
0.134640
0.062597
0.006455
0.000000
0.000000
0.000000
0.000000
0.000000
0.000000
0.000000
0.000000
0.000000
0.000000
0.000000
0.000000
0.000000
0.000000
0.000000
0.000000
0.008729
0.033345
0.046956
0.030022
0.024860
0.087588
0.125016
0.214317
0.369947
0.569086
0.791556
0.952160
0.947967
0.784277
0.695690
0.700850
0.701407
0.681056
0.598741
0.415745
0.254799
0.421356
0.637020
0.899011
1.129655
1.283166
1.275389
1.267631
1.335526
1.663894
1.995270
2.020814
1.779704
1.570459
1.302011
1.163983
1.311845
1.538122
1.646463
1.496055
1.146169
0.822381
0.539014
0.325473
0.195330
0.119184
0.079459
0.148969
0.169438
0.129601
0.089158
0.148959
0.221502
0.261907
0.247809
0.176141
0.106767
0.176873
0.277029
0.393952
0.496373
0.541896
0.474719
0.436746
0.415755
0.339183
0.306019
0.399644
0.542954
0.670853
0.711759
0.786619
0.874218
0.892944
0.821116
0.733854
0.626829
0.637718
0.610730
0.646822
0.680634
0.636127
0.754387
0.916776
1.030123
1.044736
0.989678
0.957034
1.029997
1.191807
1.302702
1.287214
1.155620
1.100100
1.020340
1.239612
1.600792
1.781646
1.681374
1.337764
0.998863
0.789438
0.780922
0.945967
1.369841
1.914618
2.777130
3.363295
3.526002
3.360645
2.833792
2.120099
2.165221
2.484832
2.736543
2.998813
3.258795
3.506757
3.706220
3.849586
3.842811
3.649170
3.367591
3.484670
3.620817
3.617188
3.568349
3.460545
3.346554
3.537328
3.744821
3.863028
3.780572
3.494681
3.180681
3.338539
4.459467
4.843494
4.407069
3.190425
3.464224
3.725207
3.906637
3.890502
3.952944
4.267608
4.652747
5.252655
5.407490
5.006250
4.329539
3.774604
3.819434
3.773109
4.056133
4.383569
4.747737
5.272540
5.607533
6.107698
6.676019
7.302096
7.690416
7.940047
7.793911
7.669734
7.276623
6.660076
6.496219
6.673195
7.122637
7.396011
7.351707
6.989926
6.472696
6.230731
6.741765
7.292627
7.891335
8.507042
9.048228
9.324018
9.202514
8.796155
8.257766
7.546841
7.693322
8.246244
8.627972
8.685390
9.044033
9.184731
8.752527
8.094560
7.309443
6.563631
5.889825
5.439083
6.187232
7.063411
7.928733
8.791792
9.798120
10.932556
12.189237
13.508508
14.841831
16.408983
18.125637
20.036308
22.272974
24.932945
27.957903
30.950302
33.433544
33.875015
32.365551
29.589901
26.906881
24.705055
22.822535
20.890930
18.999012
17.210974
15.515985
13.937977
12.521579
11.390850
11.314081
10.984688
10.240322
9.394194
10.106240
10.853273
11.008224
10.584702
9.897129
9.317376
8.823037
8.127262
7.422820
6.778680
6.199800
5.822330
5.497020
5.075391
4.877810
4.582447
4.228716
3.775215
3.364381
2.959132
2.575943
2.242212
2.228679
2.525225
2.834319
3.003734
2.940403
2.744170
2.459502
2.170947
1.888117
1.626632
1.409447
1.273618
1.208770
1.160686
1.190826
1.325407
1.647542
1.760733
1.792717
1.812091
1.833010
1.955050
2.411389
2.996806
3.507141
3.942802
4.320550
4.628650
4.810719
4.863468
4.764009
4.681650
4.809311
4.726744
4.523474
4.439413
4.244174
3.968393
3.895407
4.150645
4.433040
4.730445
5.049307
5.354184
5.495617
5.801552
6.109799
6.037642
5.654560
5.255686
4.885678
4.795457
5.107542
5.354076
5.387117
5.327498
5.263330
5.036308
4.718261
4.403184
4.152223
3.952135
3.690284
3.469975
3.250324
3.120013
2.641557
2.202484
1.755048
1.511783
1.410215
1.472670
1.453965
1.506586
1.501809
1.442067
1.760255
2.093821
2.434271
2.804460
3.158108
3.309327
3.292463
3.264481
3.350533
3.146054
2.752387
2.996877
3.569167
4.232283
4.994102
5.811435
6.488306
6.854028
6.462717
5.794140
4.991067
4.265842
3.600799
3.006006
3.585046
4.821691
5.989300
6.328596
6.025684
5.017424
4.164394
3.878284
3.511051
3.155360
3.147714
3.518980
3.931343
4.377690
4.855958
5.365896
5.807066
6.189195
6.255203
5.975471
5.656603
5.293029
4.884508
4.447728
3.972534
3.687172
3.516051
3.932110
4.430833
4.993861
5.600746
6.250398
6.833830
7.062585
6.917778
6.402950
5.838628
5.284564
4.895359
5.187871
5.756945
6.301045
6.553209
6.160507
5.486244
4.732293
4.081246
3.579702
3.222609
2.938073
2.585165
2.673084
2.783350
2.846565
2.844352
2.699487
2.604497
2.541760
2.591079
2.797193
3.039626
3.338802
3.523268
3.424589
3.162695
2.936961
3.156705
3.398247
3.630501
3.729461
3.743752
3.651669
3.551333
3.688712
3.865727
4.033866
4.088982
3.965686
3.968581
4.117039
4.319721
4.568413
4.721953
4.720432
4.617321
4.798321
4.772247
4.572208
4.355002
4.500690
4.954308
5.367392
5.748317
5.990163
6.011250
5.914301
5.774727
6.131097
6.314644
6.184295
5.932138
5.621757
5.477651
5.453492
5.258233
5.265264
5.366205
5.264286
4.986557
4.659766
4.522054
4.863331
5.024024
5.200992
5.317670
5.299893
5.326066
5.448900
5.360322
5.002979
4.794401
4.636637
4.434555
4.209658
4.013266
4.016257
4.168833
4.246647
4.141547
3.903123
3.592968
3.297738
3.310280
3.847294
4.460562
5.035536
5.800097
6.583425
7.141589
7.151259
6.602653
5.813441
5.062235
4.806692
5.355844
5.965399
6.613146
7.267044
7.740541
7.889820
7.554379
7.027374
6.420413
5.895047
5.652098
5.703217
5.770689
5.836338
5.863080
5.595483
5.491828
5.168987
4.878822
4.612094
4.747480
4.963969
5.376692
5.830157
6.305661
6.808370
7.246209
7.410165
7.352706
7.081691
6.677808
6.252393
5.846601
5.468348
5.692169
5.930470
5.886147
5.538003
5.114538
4.653523
4.220692
3.819276
4.200874
4.656981
5.027415
5.239013
5.109077
4.821075
4.431912
4.095460
3.714780
3.561180
3.962484
4.498793
5.107392
5.700846
6.126062
6.025419
5.515023
4.905271
4.331645
4.142484
3.712736
2.958260
2.547630
2.354985
2.204037
2.051855
1.802823
1.772291
1.865635
2.023373
2.087086
2.017332
1.894109
2.072565
2.115906
1.962505
1.758703
1.605034
1.453848
1.690370
1.908520
2.002402
1.951535
1.873457
1.983055
1.939283
1.804350
1.554511
1.307121
1.050926
1.322887
1.578998
1.712365
1.662817
1.524231
1.539581
1.566645
1.633804
1.579249
1.344275
1.067401
0.816726
0.609454
0.458211
0.359376
0.249112
0.212999
0.295058
0.421454
0.572508
0.714071
0.737742
0.507319
0.418523
0.470758
0.601696
0.932562
1.300525
1.565870
1.575213
1.346587
1.242292
1.404195
1.438204
1.131137
1.621241
2.150448
2.666685
3.143059
3.227105
2.838512
2.303022
1.775099
1.337331
0.974194
0.664884
0.325989
0.057703
0.005914
0.000032
0.018872
0.047367
0.004110
0.000000
0.000000
0.000000
0.000000
0.000000
0.000000
0.000000
0.000000
0.000000
0.000000
0.000000
0.000000
0.000000
0.000000
0.000000
0.000000
