track	type=wiggle_0
fixedStep	chrom=chr	start=1	step=1
0.000000
0.000000
0.000000
0.000000
0.000000
0.000000
0.000000
0.000000
0.000000
0.000000
0.000000
0.007396
0.047212
0.359661
0.762657
0.987680
0.928921
0.698919
0.773184
0.980977
0.717609
0.418485
0.739481
1.172320
1.648121
2.195177
2.767800
3.376644
3.851366
3.847883
3.368502
2.789338
2.270677
1.844056
2.085657
2.314831
2.421077
2.263137
1.939859
1.569663
1.230096
0.944542
0.706705
0.516273
0.363793
0.248504
0.188800
0.189700
0.148300
0.187717
0.415794
0.743163
0.868557
0.896638
0.868558
0.740731
0.406096
0.165105
0.044097
0.001230
0.000000
0.000000
0.000000
0.000045
0.000030
0.000000
0.000000
0.000000
0.000000
0.001581
0.008382
0.019947
0.024829
0.024658
0.153689
0.413117
0.723367
1.041311
1.379075
1.592813
1.821668
2.032170
2.244591
2.552297
2.813358
3.029712
3.107766
3.008754
2.793619
2.537854
2.282802
2.041795
1.819175
1.615242
1.539242
1.558020
1.648317
1.729934
1.711107
1.769611
1.944579
2.133566
2.332507
2.417010
2.338984
2.123034
2.079244
2.358465
2.679141
3.039128
3.459756
3.914611
4.401160
4.831726
5.014675
5.122507
4.945765
4.542801
4.129105
3.752724
3.352990
3.151147
3.575433
3.673092
3.200897
2.577649
2.016709
1.523917
1.298042
1.275918
1.234671
1.413214
1.569164
1.606678
1.536505
1.364967
1.246723
1.121700
0.958536
0.799389
0.680292
0.672194
0.642629
0.569760
0.483204
0.414424
0.346771
0.291810
0.243696
0.189804
0.141462
0.111418
0.095858
0.090258
0.073141
0.150927
0.353351
0.726938
1.203768
1.347643
1.252349
0.842688
0.505243
0.268328
0.112654
0.027244
0.042657
0.060149
0.081083
0.093687
0.086002
0.059752
0.034305
0.055230
0.065025
0.057798
0.042088
0.026334
0.050550
0.080193
0.112227
0.146042
0.194166
0.248160
0.296350
0.314219
0.294349
0.244614
0.194639
0.164889
0.123617
0.085057
0.090704
0.133471
0.126980
0.112074
0.110519
0.096268
0.072634
0.058829
0.041613
0.034065
0.022694
0.014626
0.001878
0.000000
0.000000
0.001485
0.005741
0.007616
0.011782
0.081743
0.151616
0.182204
0.202275
0.206761
0.207987
0.204661
0.189069
0.137112
0.035170
0.013348
0.017907
0.027280
0.028981
0.021082
0.008207
0.014756
0.016903
0.066282
0.164155
0.197811
0.205517
0.197811
0.163627
0.067781
0.005827
0.003112
0.013168
0.012440
0.001778
0.000000
0.000000
0.000000
0.000000
0.000000
0.000000
0.000000
0.000000
0.000000
0.000000
0.000000
0.000000
0.000000
0.000000
0.000005
0.000000
0.000000
0.000000
0.000198
0.007545
0.025563
0.051676
0.084791
0.121261
0.175172
0.231333
0.310402
0.406494
0.410343
0.328994
0.395936
0.521336
0.667888
0.834317
1.010793
1.234788
1.588603
1.983071
2.325308
2.538356
2.490652
2.143804
1.752303
1.417198
1.126125
0.936482
0.870567
0.890823
0.864042
0.786013
0.628372
0.459021
0.318204
0.214180
0.128095
0.113519
0.122755
0.146094
0.186012
0.196456
0.163486
0.184098
0.360853
0.582502
0.794601
1.011071
1.335874
1.483471
1.253071
0.794005
0.468124
0.253824
0.223500
0.313980
0.325820
0.244207
0.148884
0.087364
0.069167
0.032949
0.015315
0.007061
0.020937
0.040016
0.069923
0.133148
0.241088
0.393184
0.506199
0.546348
0.546348
0.504649
0.384511
0.166566
0.115415
0.089105
0.089799
0.072072
0.047145
0.070119
0.046864
0.014895
0.000108
0.000000
0.000000
0.000000
0.000000
0.000000
0.000000
0.000000
0.000000
0.000000
0.018903
0.096053
0.234730
0.444228
0.721125
0.727381
0.468325
0.235075
0.112673
0.044924
0.052370
0.083267
0.113225
0.131772
0.121981
0.094279
0.087556
0.122024
0.148535
0.149698
0.125289
0.135854
0.254039
0.407590
0.537960
0.548747
0.421576
0.265116
0.142404
0.058569
0.012323
0.000000
0.000000
0.000000
0.000000
0.000000
0.000000
0.000000
0.000000
0.000372
0.044202
0.085291
0.103458
0.116271
0.128950
0.128950
0.116126
0.102850
0.083288
0.040749
0.000002
0.000000
0.000502
0.009317
0.029252
0.059742
0.092266
0.114118
0.102178
0.069825
0.037189
0.016632
0.007771
0.006398
0.003812
0.007670
0.022813
0.036915
0.039141
0.026355
0.022813
0.037597
0.040725
0.029297
0.011724
0.001473
0.000381
0.020446
0.064036
0.089281
0.077822
0.086299
0.107463
0.089895
0.074530
0.133119
0.219898
0.333363
0.471245
0.620593
0.746413
1.043257
1.412187
1.859838
2.397034
3.074757
3.667156
4.140414
4.102807
3.843199
4.539827
5.328409
6.209430
7.113185
7.760733
8.162682
8.091834
7.432847
6.607309
5.748026
5.100021
4.752783
5.450437
6.618708
8.519877
9.882068
10.364648
10.462340
10.364651
9.874324
8.464246
6.727037
5.819742
4.963044
4.204575
4.099701
3.762165
3.372940
3.641145
3.701146
3.504092
3.191846
2.906755
3.139526
3.515310
3.933904
4.357903
4.544994
4.435874
4.012237
3.549109
3.101048
2.702478
2.330098
1.994242
1.925641
2.048179
2.048038
2.066813
2.074116
2.136541
2.424960
2.688498
2.867239
2.859254
2.886992
2.854541
3.069899
3.352534
3.547833
3.856916
4.104639
4.208799
4.062615
3.772580
3.448064
3.128680
3.001975
3.207800
3.269282
3.113170
2.870035
2.601212
2.474011
2.357650
2.127939
1.883949
1.655054
1.443144
1.480968
1.432038
1.278862
1.160015
1.096278
1.183219
1.172604
1.108138
1.170775
1.314236
1.450603
1.480563
1.459707
1.757288
2.313699
3.042621
4.043555
5.433319
6.070435
6.242670
6.242670
6.096038
5.564548
4.373064
3.599525
3.573241
3.256030
2.828817
2.420429
2.056237
1.889511
2.301196
2.792808
3.349464
3.956739
4.513962
5.116302
5.533247
6.293774
7.224631
8.073373
8.445711
8.078932
7.235925
6.261878
5.349531
4.543181
3.837245
3.233875
2.739358
2.278661
1.859380
1.499117
1.199420
0.950809
0.723555
0.531086
0.373961
0.247836
0.151014
0.084721
0.064098
0.072786
0.058188
0.068391
0.087605
0.123104
0.186919
0.249939
0.298786
0.319916
0.417523
0.522281
0.600857
0.589806
0.493715
0.381227
0.278503
0.233423
0.200566
0.157595
0.117209
0.192362
0.352502
0.462496
0.408033
0.330393
0.304885
0.264469
0.230369
0.263091
0.250095
0.221441
0.179402
0.159251
0.178420
0.186308
0.237864
0.302621
0.351593
0.350771
0.385566
0.589332
0.851371
1.181925
1.578606
1.990583
2.250332
2.199048
1.837986
1.428578
1.709857
2.094397
2.038382
1.526779
1.071642
0.711841
0.436621
0.336038
0.434059
0.503329
0.614695
0.620204
0.515079
0.379506
0.298675
0.402015
0.540804
0.707644
0.877044
1.077867
1.217905
1.213774
1.070137
0.867329
0.661155
0.495209
0.370566
0.387349
0.759956
1.069683
1.155656
1.069585
0.764787
0.413414
0.437674
0.499773
0.587524
0.672510
0.783481
0.927236
1.113998
1.296325
1.443503
1.463300
1.342149
1.189464
1.019570
0.855462
0.724122
0.626159
0.542689
0.511739
0.540601
0.632724
0.626184
0.586823
0.497521
0.518267
0.677132
0.827279
1.009808
1.205989
1.418316
1.665518
1.946441
2.168848
2.169095
1.932601
1.642056
1.346678
1.081959
0.849390
0.778562
0.701835
0.681339
0.931741
1.221239
1.382674
1.300347
1.579676
2.071749
2.726011
3.334136
3.318603
2.708432
2.218078
2.026052
1.731228
1.923598
2.342395
2.280743
1.709139
1.391497
1.116894
0.791686
0.651424
0.880470
1.098695
1.319503
1.613575
1.986979
2.372376
2.679839
2.659393
2.322684
1.882276
1.474894
1.126238
0.835283
0.600611
0.414758
0.272365
0.211282
0.175876
0.148442
0.184085
0.248243
0.325128
0.411522
0.503515
0.593108
0.657499
0.711791
0.725009
0.693824
0.635250
0.724316
0.843332
0.983084
1.119349
1.214895
1.230441
1.159217
1.033316
0.897703
0.770462
0.652238
0.543369
0.576287
0.568799
0.519165
0.454316
0.392947
0.371689
0.315480
0.250069
0.191638
0.193919
0.232582
0.254713
0.235817
0.194697
0.161741
0.138972
0.148628
0.209158
0.255663
0.264452
0.228159
0.170485
0.160613
0.190694
0.275204
0.500356
0.703233
0.646799
0.590040
0.543555
0.516108
0.498906
0.490811
0.490436
0.483237
0.449549
0.467640
0.672369
0.917680
1.231976
1.623566
2.097560
2.665348
3.314384
3.920983
4.370980
4.363808
3.868907
3.162972
2.496011
1.964913
1.625640
1.691894
1.788218
1.651684
1.404585
1.110691
0.831695
0.969235
1.230059
1.516107
1.804846
1.995943
1.949691
1.713097
1.400483
1.115425
0.946148
1.201348
1.379497
1.380062
1.199745
1.182576
1.340965
1.423753
1.324245
1.142291
1.194053
1.594139
1.980541
2.285861
2.885848
3.700897
4.277930
3.727380
2.931282
2.248361
1.789846
1.879503
1.791850
1.547612
1.295065
1.065305
0.875456
0.754381
0.636375
0.554000
0.611890
0.747711
0.899635
1.026084
1.077519
1.008618
0.860650
0.695551
0.536214
0.402570
0.311254
0.300032
0.302159
0.316356
0.297434
0.331185
0.364877
0.350511
0.287256
0.222051
0.238608
0.275587
0.265344
0.217335
0.153696
0.098709
0.054153
0.127567
0.263629
0.462392
0.718296
1.025122
1.402960
1.724442
1.745967
1.471279
1.170380
1.002345
0.863394
0.850291
1.147787
1.623744
2.263577
2.675342
2.819376
2.814052
2.644851
2.153049
1.402937
0.920422
0.598987
0.375821
0.288396
0.335929
0.315861
0.455353
0.587460
0.608482
0.489372
0.327924
0.245289
0.195026
0.140635
0.081571
0.181644
0.368049
0.632892
0.990941
1.185803
1.159149
0.874725
0.492265
0.249983
0.103450
0.027509
0.000557
0.000000
0.000000
0.000000
0.000000
0.000000
0.000000
0.000000
0.000000
0.000000
0.000000
0.000000
0.000000
0.000000
0.000000
0.000000
0.000000
0.000000
0.000000
0.000000
0.000000
0.000000
0.000000
0.000000
0.000000
0.000000
0.000000
0.000000
0.000000
0.000000
0.000000
0.000000
0.000000
0.000000
0.000000
0.000000
0.000000
0.000000
0.000000
0.000000
0.000000
0.000000
0.000000
0.000000
0.000000
0.000000
0.006995
0.045255
0.121913
0.241081
0.418734
0.663503
0.983093
1.391155
1.878183
2.424336
2.879864
2.887547
2.440564
1.898503
1.404183
1.160489
1.463704
1.861516
2.274071
2.466261
2.428204
2.159145
1.742236
1.330986
0.989890
0.723905
0.517536
0.341290
0.257787
0.309761
0.505579
0.732711
0.881373
0.826782
0.512805
0.243792
0.106313
0.027888
0.000267
0.000000
0.000000
0.000000
0.000000
0.000000
0.000000
0.000000
0.000000
0.000000
0.000000
0.000000
0.000000
0.000000
0.000000
0.005077
0.062454
0.104630
0.118295
0.122688
0.123174
0.119210
0.101304
0.047282
0.000875
0.000127
0.000573
0.000169
0.003224
0.004531
0.001915
0.000000
0.000026
0.001464
0.000316
0.000000
0.000000
0.000000
0.000000
0.000000
0.000000
0.000000
0.010138
0.042368
0.082408
0.094615
0.068865
0.030961
0.013356
0.018887
0.061251
0.131883
0.221970
0.319287
0.535512
0.827422
1.200725
1.663084
2.203699
2.737342
2.705179
2.153496
1.661466
1.259871
1.431856
1.833068
2.302538
2.835712
3.393121
3.797370
3.931144
3.648599
3.122221
2.683143
3.176862
3.670778
3.990380
4.041234
4.136774
4.512348
4.619702
4.010647
3.307517
2.630007
2.046526
1.547881
1.141083
0.824585
0.713862
0.684793
0.654333
0.555831
0.735500
0.881166
0.947728
0.871945
0.678615
0.491983
0.341138
0.224254
0.142629
0.105836
0.060475
0.056915
0.095796
0.146328
0.210439
0.285559
0.375679
0.482840
0.601203
0.698108
0.738172
0.767037
0.695877
0.575112
0.459595
0.369916
0.304699
0.233377
0.252346
0.313452
0.338246
0.320587
0.419112
0.517337
0.596323
0.626381
0.660078
0.737233
0.867242
1.038877
1.234485
1.401515
1.495975
1.431778
1.590216
1.672339
1.635536
1.543391
1.413424
1.293512
1.395228
1.516404
1.641749
1.747898
1.915757
2.129880
2.355624
2.560077
2.650844
2.596464
2.412658
2.188164
2.625265
3.155976
3.608132
3.609273
3.159549
2.604258
2.182308
1.952480
1.746179
1.580417
1.382984
1.377960
1.385376
1.410143
1.376575
1.194437
1.218742
1.430703
1.653773
1.891903
2.113173
2.295735
2.584422
2.933620
3.337748
3.760556
4.192138
4.530496
4.716330
4.726511
4.807621
4.841645
4.914463
4.711565
4.343952
4.607682
4.730875
4.488314
4.078478
3.636322
3.429862
3.979505
4.607440
5.260729
5.842644
6.099468
5.819235
5.234374
4.597301
3.997430
3.443727
2.941203
2.492097
2.114023
1.976652
1.869537
1.843783
1.960377
1.922958
1.725928
1.510989
1.330926
1.701855
2.171066
2.707204
3.353291
4.026432
4.499267
4.510009
4.049019
3.372861
2.733933
2.213570
1.747277
1.347857
1.014033
0.743023
0.620006
0.643451
0.801302
0.995568
1.110229
1.089472
1.127644
1.145207
1.041933
0.836610
0.641135
0.551416
0.464831
0.404331
0.508367
0.600442
0.677144
0.707540
0.659451
0.580973
0.489605
0.537159
0.633235
0.729706
0.828515
0.918900
0.982386
0.979762
0.917804
0.879250
0.921682
0.955495
0.938326
1.121784
1.266602
1.362352
1.513222
1.684381
1.964702
2.276695
2.496284
2.605401
2.530124
2.281308
1.956870
2.071309
2.283924
2.530237
2.777626
2.957286
3.028336
2.960768
2.776017
2.563673
2.354855
2.145148
1.954190
1.779347
1.609301
1.445391
1.276586
1.069498
1.086350
1.242912
1.424139
1.628752
1.843006
2.029334
2.098052
2.044352
1.883580
1.711117
1.557984
1.448263
1.391575
1.279638
1.193444
1.150368
1.295987
1.470914
1.671933
1.832781
1.864166
1.743489
1.578353
1.551300
1.498489
1.349681
1.192609
1.077457
0.995240
1.047849
1.194171
1.392164
1.596989
1.809460
2.026182
2.234040
2.406918
2.611192
2.806521
2.859231
2.777702
3.209524
3.571735
3.745208
3.558056
3.208256
2.826627
2.641066
3.021872
3.431676
3.758930
3.819944
3.609570
3.255534
2.844092
2.450332
2.110982
1.829994
1.627246
1.536685
1.367456
1.281393
1.591967
1.709565
1.484204
1.164478
0.846993
0.835290
1.111564
1.415538
1.659736
1.696579
1.483347
1.395527
1.202088
0.950101
0.729548
0.523382
0.415894
0.452913
0.650310
0.922669
1.327312
1.877272
2.366596
2.565622
2.617416
2.570757
2.509161
2.440041
2.280056
1.995900
1.531723
1.333286
1.250192
1.205789
1.152128
1.026575
0.752016
0.420723
0.201595
0.066889
0.006523
0.000000
0.000000
0.000000
0.000000
0.000000
0.004869
0.010096
0.002285
0.000000
0.000000
0.000000
0.000000
0.000000
0.000000
0.000000
0.000000
0.000000
0.000000
0.000000
0.000000
0.000000
0.000000
0.000000
0.000000
0.001290
0.007524
0.008097
0.003437
0.019778
0.043689
0.057390
0.062029
0.062315
0.061072
0.060884
0.059877
0.053721
0.033640
0.007764
0.056741
0.103337
0.108192
0.063875
0.012038
0.000000
0.000000
0.000000
0.000000
0.000000
0.000000
0.000000
0.000000
0.000000
0.000000
0.000000
0.000000
0.000000
0.000000
0.000000
0.000000
0.000000
0.000000
0.000000
0.000000
0.000000
0.000000
0.000000
0.000000
0.000000
0.011461
0.069231
0.137142
0.172034
0.178826
0.169374
0.134737
0.069458
0.018399
0.025097
0.083527
0.124817
0.138889
0.085505
0.102280
0.135339
0.173800
0.221449
0.282250
0.375414
0.369553
0.269381
0.197951
0.143762
0.119298
0.220660
0.326691
0.558194
0.874291
1.034282
1.074191
1.039694
0.862526
0.508862
0.501236
0.456325
0.568033
0.626582
0.595685
0.545266
0.693287
0.896196
1.138157
1.390690
1.566620
1.569220
1.373976
1.110016
0.871317
0.678717
0.516332
0.393156
0.276979
0.177453
0.100778
0.075758
0.076751
0.045997
0.028161
0.029462
0.066714
0.135651
0.249375
0.387883
0.560686
0.674002
0.929377
1.248803
1.389760
1.267583
0.943033
0.639895
0.420466
0.311636
0.192953
0.139757
0.231924
0.354280
0.431640
0.665504
1.098394
1.289640
1.285281
1.086699
0.624056
0.327457
0.194440
0.316061
0.467327
0.647532
0.814119
0.875714
0.789803
0.606582
0.426624
0.280033
0.167746
0.149021
0.217556
0.295937
0.369819
0.422684
0.527529
0.606306
0.614502
0.558671
0.550133
0.521044
0.509808
0.615730
0.707331
0.776309
0.888707
0.932337
0.897186
0.791177
0.681115
0.590130
0.672092
0.741384
0.800570
0.791340
0.744013
0.687841
0.755995
0.819311
0.845469
0.842020
0.763342
0.661187
0.567416
0.537353
0.540725
0.627788
0.749109
0.891610
1.065350
1.237382
1.346211
1.321146
1.191108
1.019383
0.852810
0.825197
0.985731
1.052635
1.246074
1.352480
1.259488
1.177966
1.149081
1.156066
1.358378
1.640787
2.053783
2.563209
3.146094
3.819714
4.530389
5.156771
5.826436
6.479626
6.942146
7.930997
9.257774
10.714449
12.004215
12.719916
11.889818
10.496823
9.001493
7.598174
6.380297
6.783653
7.713282
8.668077
9.415767
9.507738
8.924907
8.205595
8.438336
9.015917
9.174981
8.829799
8.010987
7.174565
6.462167
5.804914
5.076612
4.441309
4.276146
4.528127
4.570120
4.855053
5.098928
5.115033
4.870612
4.376294
3.855108
3.377193
2.961843
2.630135
2.499435
2.651021
2.659106
2.656431
2.523013
2.561842
2.611298
2.662194
2.641172
2.531753
2.411465
2.440970
2.681151
2.931914
3.165059
3.324881
3.289114
3.080253
2.812025
2.546438
2.286847
2.042313
2.162498
2.308765
2.486221
2.644593
2.671460
2.578424
2.428564
2.503488
2.689414
2.697098
2.543626
2.365551
2.152317
1.896846
1.637122
1.411449
1.378262
1.317855
1.156456
1.000952
0.890286
0.856062
0.982241
0.913172
0.867180
0.701661
0.621048
0.710053
0.783947
0.931365
1.201091
1.305452
1.263195
1.328698
1.483040
1.723522
1.974478
2.123673
2.228208
2.287719
2.465645
2.687701
2.921169
3.076492
3.116696
2.986402
2.760495
2.529054
2.407721
2.706905
2.954258
3.030214
2.888614
2.656322
2.829556
2.659091
2.346772
1.899215
1.473393
1.151146
1.188324
1.214932
1.527856
1.734002
1.698951
1.594392
1.994282
2.665239
3.612402
4.897489
5.543869
5.762439
5.806874
5.717801
5.218136
4.003818
3.062649
2.645883
2.743135
2.784351
2.739180
2.833630
2.709256
2.787819
2.947457
3.061297
3.118465
3.063627
2.896227
2.621621
2.318027
2.037906
2.217697
2.406454
2.613567
2.721544
2.901448
3.124870
3.271705
3.353355
3.548720
3.800233
4.097697
4.393676
4.585247
4.575192
4.581264
4.634403
4.513130
4.259322
4.042009
3.942935
4.240931
4.572127
4.900606
5.225820
5.511858
5.661726
5.574608
5.287084
4.935018
4.645448
4.320282
4.186714
4.562955
4.902288
5.328216
6.143868
7.040602
7.996491
8.881500
9.378244
9.283175
8.582454
7.628589
7.563052
8.693126
10.023606
11.492650
13.091465
14.766955
16.181229
17.268536
16.701542
15.137356
13.255589
11.413392
12.594748
14.086607
15.388327
16.741966
17.503988
17.039387
15.862525
14.232048
12.640051
11.260086
10.160686
11.049251
11.613533
12.207060
12.283899
11.786887
10.847500
10.969943
10.668807
10.100026
9.631415
9.591121
9.558784
9.194695
8.522483
7.709216
6.891620
6.130054
5.461943
4.830044
4.250584
3.918187
3.684226
3.223033
2.968246
2.658064
2.463233
2.297290
2.461001
2.647423
2.865091
3.071884
3.321291
3.561272
3.715510
3.782430
3.889476
3.993438
3.941898
3.728286
3.621436
3.771925
3.870556
3.943459
4.083105
4.128984
4.010553
4.160046
4.431326
4.653364
4.797615
5.012253
5.530312
5.847755
6.067895
6.388001
6.745659
7.081278
7.402554
7.733975
8.030456
8.174245
8.120183
7.826920
7.450270
7.301954
7.707572
8.146210
8.615054
9.107877
9.612078
10.147028
10.630945
10.928784
10.912988
10.477996
9.925201
9.788343
9.994503
9.941330
9.597772
9.120560
8.673207
8.302700
7.906243
7.494324
7.091901
6.685791
6.522451
6.610766
6.506752
6.538679
6.791942
7.128839
7.301805
6.966238
6.239450
5.747302
5.400022
5.126832
5.017269
5.085163
5.203509
5.366601
5.537493
5.898723
5.885718
5.453938
4.720026
4.001276
3.361444
3.015954
2.906711
2.657347
2.377077
2.298173
2.208104
2.037832
1.879360
1.695860
1.688004
1.797081
1.866076
1.990074
1.945618
2.014895
2.136925
2.341148
2.508064
2.797434
3.064000
3.128308
3.141477
3.406142
3.814586
4.280375
4.829675
5.475174
6.197450
7.001082
7.840071
8.515371
8.531494
7.887727
7.086711
6.418574
5.972616
5.577064
5.289031
5.102690
5.621297
6.064310
6.123970
5.856530
5.462665
5.035428
4.631221
4.416594
4.383969
4.594031
4.950896
5.161118
4.946815
4.504847
4.565742
4.399886
4.108513
4.339917
4.671216
4.872191
4.764064
4.515811
4.264068
3.969597
3.706079
3.871098
4.051216
4.188709
4.055551
3.833673
4.289840
4.544076
4.387468
3.947335
4.031991
3.934135
3.695424
3.395756
3.065921
2.741520
2.427918
2.331969
2.517945
2.608368
2.558850
2.377150
2.188686
2.229651
2.308166
2.245593
2.281289
2.537120
2.721544
2.893865
2.972468
2.633091
2.299302
2.272566
2.228260
2.029397
2.136947
2.330897
2.518503
2.767753
3.049048
3.347436
3.615198
3.729573
3.371163
2.801615
2.719125
2.848105
2.916245
2.586367
2.390208
2.226277
2.196954
2.158146
2.185430
2.396621
2.651392
2.830191
3.080115
3.422516
3.786815
4.048892
4.014100
3.756141
2.995245
2.809834
2.873595
2.754144
2.351945
2.492893
2.796174
3.153020
3.542361
3.976612
4.455786
4.980480
5.568089
6.162774
6.668709
6.885444
6.527393
6.620710
6.366279
5.495367
5.233647
5.289222
5.703347
6.352983
7.103824
7.912169
8.800892
9.807905
10.829145
11.722942
12.283899
11.143310
9.725188
8.552966
7.092602
5.967561
5.278558
4.922548
4.503780
3.604496
3.705369
3.919357
3.649288
2.856014
2.379713
2.675433
3.179669
3.724747
3.684226
2.138488
1.782879
2.116880
0.000000
0.000000
0.000000
0.000000
0.000000
0.000000
0.000000
0.000000
0.000000
