track	type=wiggle_0
fixedStep	chrom=chr	start=1	step=1
0.000000
0.000000
0.000000
0.000000
0.000000
0.000000
0.000000
0.000000
0.000000
0.000000
0.000000
0.009329
0.056247
0.393734
0.828133
1.071185
1.012633
0.776478
0.825576
1.034911
0.768246
0.460569
0.866790
1.343547
1.861981
2.446093
3.044074
3.667956
4.149258
4.145547
3.659423
3.066621
2.527334
2.080579
2.384366
2.622212
2.736465
2.567861
2.227547
1.836917
1.477508
1.165805
0.902727
0.679598
0.497174
0.472566
0.562034
0.626574
0.614050
0.518557
0.451271
0.791663
0.923059
0.952484
0.923058
0.789008
0.440863
0.190525
0.059535
0.006024
0.000000
0.000000
0.000019
0.000948
0.005898
0.007004
0.001901
0.000000
0.003729
0.042181
0.106394
0.167596
0.210821
0.223284
0.474905
0.575621
0.601328
0.605139
0.601328
0.577973
0.509795
0.615976
0.704805
0.747695
0.741308
0.819679
0.825548
0.758070
0.655767
0.546134
0.445027
0.355282
0.276279
0.208224
0.148879
0.206366
0.261047
0.290257
0.269447
0.227561
0.209666
0.224945
0.266088
0.307053
0.402427
0.534848
0.839520
1.277780
2.118160
2.529656
2.641573
2.641573
2.558590
2.259966
1.646871
1.976721
2.123045
2.101155
2.317967
2.899297
3.463929
4.094928
4.611660
4.613438
4.071812
3.362959
2.719260
2.141164
1.655687
1.254020
0.917922
0.647024
0.456801
0.622020
0.793409
0.939490
0.960903
0.860950
0.687316
0.512991
0.367282
0.252393
0.163148
0.095285
0.052436
0.057908
0.046678
0.087780
0.145148
0.199685
0.214871
0.183765
0.146603
0.113484
0.073520
0.185433
0.392519
0.777571
1.265010
1.414190
1.315513
0.898765
0.553731
0.308674
0.142032
0.094769
0.118676
0.115054
0.096625
0.065337
0.079446
0.123928
0.177198
0.229214
0.252435
0.240024
0.209422
0.125759
0.080867
0.048565
0.072406
0.123531
0.158334
0.139373
0.100987
0.160673
0.258985
0.306732
0.310518
0.214728
0.100317
0.025807
0.003633
0.000000
0.000000
0.000000
0.000000
0.000000
0.001249
0.009058
0.022846
0.036288
0.040047
0.028254
0.014052
0.003675
0.000117
0.001185
0.001499
0.001404
0.005772
0.093392
0.168557
0.201095
0.222248
0.226949
0.228233
0.224692
0.208113
0.152678
0.043580
0.001123
0.000000
0.000000
0.000230
0.002200
0.002008
0.000066
0.004900
0.076246
0.181512
0.217384
0.225571
0.217384
0.180940
0.077867
0.018816
0.006674
0.000136
0.000000
0.000000
0.000000
0.000000
0.000000
0.000000
0.000000
0.000000
0.000000
0.000000
0.000000
0.000000
0.000172
0.000000
0.000000
0.000000
0.000000
0.000000
0.000000
0.000000
0.000000
0.000000
0.002573
0.011847
0.011294
0.002027
0.003652
0.025432
0.070496
0.133612
0.202346
0.240530
0.216840
0.300825
0.443221
0.636659
0.875799
1.158737
1.474028
1.754217
1.805418
1.882403
1.828995
1.528724
1.191762
0.889020
0.637598
0.435752
0.278366
0.162031
0.079853
0.027613
0.004402
0.000000
0.000000
0.000000
0.000000
0.000000
0.000000
0.000000
0.000000
0.000000
0.000000
0.000000
0.000000
0.000000
0.000000
0.000000
0.000000
0.000000
0.000000
0.000000
0.000000
0.000000
0.000000
0.000000
0.000000
0.000000
0.000000
0.000000
0.000000
0.000000
0.000000
0.000000
0.000000
0.000000
0.000377
0.018716
0.108097
0.214934
0.263055
0.276100
0.276100
0.263055
0.213531
0.100238
0.009223
0.000000
0.000000
0.000000
0.000000
0.000000
0.000000
0.000000
0.000000
0.000000
0.000000
0.000000
0.000000
0.000000
0.000000
0.000000
0.000000
0.000000
0.000000
0.000000
0.000000
0.000000
0.000000
0.000000
0.000000
0.000000
0.000000
0.000264
0.000000
0.000000
0.000000
0.000000
0.000000
0.000173
0.022318
0.065559
0.085299
0.118212
0.147417
0.150282
0.147021
0.145005
0.139744
0.119392
0.058090
0.057034
0.112116
0.142435
0.110398
0.054219
0.014562
0.000041
0.000000
0.000000
0.000000
0.000000
0.000000
0.001598
0.054167
0.099474
0.119198
0.132916
0.146677
0.146677
0.132761
0.118545
0.097292
0.050036
0.000361
0.000000
0.000000
0.000000
0.002863
0.013971
0.026627
0.028540
0.018901
0.005677
0.000017
0.000000
0.000000
0.000000
0.000000
0.000000
0.000000
0.000000
0.000000
0.000000
0.000000
0.000000
0.000000
0.000000
0.000000
0.002835
0.011638
0.058342
0.132528
0.187749
0.157958
0.089040
0.030746
0.063148
0.131216
0.218710
0.269735
0.418329
0.602739
0.776975
1.002439
1.243889
1.604713
2.069483
2.626664
3.268499
3.927235
4.420904
4.381159
3.816408
3.626952
4.293709
4.927998
5.231246
5.101270
4.506387
3.863712
3.231456
2.676548
2.213217
1.832935
1.643847
1.773662
1.777397
1.697517
1.604469
1.672872
1.933680
1.996706
1.782612
1.510495
1.225354
0.827726
0.645621
0.810186
1.000224
1.207133
1.384711
1.478321
1.427868
1.254322
1.066441
0.868634
0.693600
0.796574
0.964781
1.135568
1.220590
1.165744
0.993928
0.975692
0.949514
0.838910
0.939590
1.074077
1.194436
1.295758
1.430344
1.599864
1.797696
2.012478
2.243114
2.448022
2.626446
2.795082
2.797470
2.635691
2.416691
2.386248
2.612936
2.768821
2.798199
2.712456
2.504337
2.310001
2.091616
2.204264
2.429886
2.646866
2.765836
2.731813
2.535013
2.309486
2.074190
2.080091
1.956921
2.106148
2.375912
2.648367
2.789425
2.705665
2.457685
2.195354
2.207212
2.425714
2.669663
2.922450
3.230102
3.514209
3.741940
3.774331
3.621834
3.555154
3.702265
3.855005
4.436936
5.685639
6.302644
6.480631
6.480633
6.328788
5.779701
4.570353
4.463479
4.209517
4.211556
4.694896
5.285266
5.876366
6.425512
6.528811
6.212779
5.576382
4.899703
4.937389
5.558952
5.977756
6.748804
7.695486
8.576530
8.948965
8.582415
7.707420
6.715628
5.786104
4.957585
4.227717
3.597574
3.082037
2.601741
2.162191
1.776585
1.458642
1.183503
0.971010
0.932410
0.836777
0.741509
0.740025
0.847225
0.966744
1.080163
1.147652
1.140805
1.071475
1.031090
1.071229
1.070422
1.018466
1.042121
1.025116
0.948805
0.903635
1.025980
1.131882
1.168175
1.138487
1.058108
1.032949
1.173685
1.337139
1.495115
1.588025
1.584058
1.491572
1.330792
1.179142
1.183309
1.171431
1.236035
1.184635
1.061714
0.992199
0.818747
0.691760
0.741405
0.848729
0.963837
1.064874
1.161558
1.201829
1.168496
1.084417
1.098900
1.247835
1.398895
1.529201
1.575911
1.512841
1.634479
2.032699
2.478264
2.704812
2.480062
2.016808
1.557732
1.558837
1.654090
1.647327
1.539001
1.398246
1.264623
1.126160
1.125396
1.282023
1.263584
1.103036
0.941302
0.927398
1.154683
1.326887
1.313427
1.138793
0.923235
0.726352
0.620405
0.559142
0.491742
0.812550
1.129771
1.218655
1.127557
0.812117
0.811471
0.945155
1.099974
1.274962
1.435636
1.552884
1.536082
1.550530
1.684096
1.806199
1.814267
1.668406
1.475122
1.272698
1.080449
0.965581
1.095180
1.194744
1.192360
1.100620
0.984747
0.866405
0.733202
0.605374
0.679479
0.785426
0.943876
1.132579
1.336130
1.557220
1.814293
2.107544
2.335621
2.335763
2.102062
1.808974
1.515616
1.240813
0.996087
0.886963
0.807121
0.790480
1.007745
1.304185
1.462241
1.379965
1.649699
2.135464
2.786289
3.391480
3.372962
2.766886
2.279198
2.094237
1.797807
1.970232
2.388090
2.327496
1.763753
1.449295
1.167089
0.840465
0.687676
0.838425
0.886112
0.802735
0.667670
0.515975
0.581465
0.663681
0.631054
0.487417
0.324614
0.191158
0.139037
0.114829
0.103450
0.086393
0.073109
0.056290
0.032913
0.042337
0.056766
0.072931
0.070036
0.087417
0.128256
0.172934
0.206673
0.236272
0.244123
0.227119
0.193671
0.238775
0.304489
0.384975
0.465142
0.522215
0.531536
0.487555
0.412648
0.332547
0.284218
0.256962
0.234289
0.215624
0.203301
0.173783
0.137067
0.104045
0.070807
0.034979
0.016689
0.013654
0.022425
0.039162
0.054481
0.056528
0.045663
0.035051
0.038741
0.053063
0.056281
0.076047
0.095731
0.095676
0.072154
0.048720
0.138802
0.297437
0.526920
0.730880
0.678639
0.617318
0.567743
0.537066
0.520404
0.513149
0.510967
0.664582
0.902202
1.181235
1.510679
1.879611
2.337430
2.894422
3.547828
4.301211
5.144191
5.951691
6.518155
6.518946
5.916971
4.992474
4.112749
3.379875
2.851518
2.911495
3.023257
2.812234
2.442007
2.018914
1.619338
1.788759
2.147952
2.530174
2.894190
3.114201
3.011122
2.697389
2.290758
1.913175
1.602118
1.366276
1.513465
1.515288
1.725695
1.993818
2.174706
2.191813
2.039527
1.810925
1.629390
1.673695
2.059358
2.357864
2.952495
3.760753
4.326487
3.783768
3.001084
2.321217
1.997277
2.089346
2.001835
1.745915
1.474795
1.225791
1.003932
0.809316
0.633680
0.724509
0.855617
0.997128
1.169055
1.300792
1.297018
1.171120
0.995309
0.820547
0.797577
0.707410
0.658554
0.713468
0.831592
0.939203
0.945817
0.850819
0.728155
0.616919
0.694138
0.832434
0.971073
1.083023
1.123804
1.071386
0.939656
0.792115
0.650694
0.523079
0.420579
0.334009
0.259733
0.199939
0.210645
0.270109
0.250219
0.171451
0.199769
0.362743
0.597770
0.888591
1.220227
1.562767
2.208039
2.659156
2.824306
2.820645
2.650048
2.151952
1.408363
0.931839
0.612022
0.377883
0.377512
0.322635
0.348117
0.504550
0.639081
0.694892
0.744063
0.745163
0.635462
0.474601
0.329079
0.213713
0.197943
0.390237
0.667247
1.039687
1.318920
1.498211
1.732920
1.842717
1.915140
1.921415
1.861815
1.628665
1.076116
0.647834
0.379063
0.210233
0.112252
0.045437
0.022315
0.027562
0.019740
0.003579
0.000000
0.000000
0.000000
0.000000
0.000000
0.000000
0.000000
0.000000
0.000000
0.000000
0.000000
0.000000
0.000000
0.000000
0.000000
0.000000
0.000000
0.000000
0.000000
0.000000
0.000000
0.000000
0.000000
0.000000
0.001986
0.031329
0.099050
0.198455
0.277680
0.280144
0.209076
0.119378
0.051395
0.016845
0.000955
0.000000
0.000000
0.000000
0.001947
0.035166
0.065262
0.082063
0.183005
0.364416
0.621279
0.964947
1.392588
1.844087
1.825936
1.359589
0.936128
0.604067
0.357895
0.191998
0.109316
0.194617
0.289176
0.329949
0.249948
0.145103
0.098429
0.076919
0.035995
0.036643
0.054514
0.130114
0.292276
0.424556
0.423753
0.285211
0.118787
0.026247
0.019124
0.025274
0.013354
0.000371
0.000000
0.000000
0.000000
0.000000
0.000000
0.000000
0.000000
0.000000
0.000000
0.000000
0.000000
0.000000
0.011878
0.071007
0.107093
0.115842
0.117726
0.117434
0.113464
0.096178
0.044350
0.000000
0.000000
0.000000
0.000000
0.000000
0.000000
0.000000
0.000000
0.000000
0.000000
0.000000
0.000000
0.000000
0.000000
0.000000
0.000000
0.000000
0.000000
0.006099
0.033446
0.069686
0.080491
0.057280
0.022979
0.008103
0.011579
0.046893
0.109611
0.191559
0.286760
0.497735
0.771272
1.112304
1.552617
2.079708
2.622536
2.622426
2.111756
1.658612
1.272285
1.411203
1.812208
2.273612
2.799846
3.351373
3.753841
3.880611
3.598724
3.072550
2.565980
2.594447
3.217190
3.759189
3.979613
4.074612
4.442888
4.540201
3.948148
3.260269
2.581404
1.995499
1.510221
1.122723
0.803583
0.550981
0.372515
0.355588
0.424908
0.496957
0.463074
0.345378
0.217904
0.115639
0.049216
0.012640
0.000097
0.000000
0.000000
0.000000
0.000138
0.003589
0.012993
0.051506
0.162374
0.299831
0.349185
0.289444
0.226407
0.243685
0.254374
0.226734
0.243436
0.313102
0.390092
0.458987
0.487251
0.469017
0.475367
0.582941
0.709247
0.829426
0.887615
0.975375
1.095784
1.235971
1.402466
1.601271
1.823761
2.061972
2.236423
2.310779
2.243664
2.063265
1.853409
1.649778
1.466864
1.469856
1.454615
1.594696
1.781193
1.971267
2.156999
2.378664
2.623496
2.845904
3.002330
3.042029
2.985960
2.792202
2.559378
2.652726
3.183853
3.633654
3.634843
3.183256
2.626091
2.189338
1.957738
1.771679
1.605949
1.552093
1.571774
1.557764
1.461947
1.400115
1.216614
1.072434
1.208648
1.132895
0.902158
1.044962
1.163563
1.359944
1.603141
1.888982
2.194036
2.511721
2.755858
2.899713
2.928134
2.999895
3.002568
3.062105
2.903105
2.592321
2.752023
2.820883
2.661835
2.356253
2.081633
1.925735
2.088214
2.519996
2.982625
3.392528
3.599481
3.391288
3.008532
2.636001
2.338910
2.100244
1.876316
1.586134
1.305751
1.194361
1.219797
1.291071
1.242422
1.127414
1.114253
1.465514
1.878148
2.387197
2.985216
3.678878
4.452186
5.203074
5.757001
5.755141
5.188109
4.395777
3.629251
3.002903
2.442535
1.951166
1.531517
1.182520
1.160628
1.198918
1.394756
1.554842
1.657230
1.600156
1.508462
1.325398
1.086268
0.850007
0.649827
0.475936
0.346358
0.237879
0.256012
0.294034
0.320059
0.296276
0.251149
0.272745
0.291711
0.264735
0.277578
0.313943
0.351516
0.530397
0.716754
0.845419
0.958483
0.984566
0.944688
0.867948
0.819063
0.758468
0.673125
0.646448
0.675553
0.660452
0.590549
0.593017
0.679282
0.732960
0.724474
0.641247
0.703495
0.762781
0.754109
0.715243
0.733823
0.755068
0.715528
0.661169
0.574766
0.491979
0.423694
0.373064
0.466011
0.567317
0.682886
0.798363
0.891517
0.920422
0.894092
0.829349
0.892817
0.889630
0.935381
0.966000
0.949006
0.882674
0.811588
0.804552
0.761176
0.696975
0.619105
0.540238
0.528689
0.565152
0.534451
0.508815
0.545880
0.638280
0.721398
0.743637
0.800152
0.876427
0.898744
0.845735
0.744615
0.636636
0.542180
0.462881
0.403084
0.360158
0.424559
0.493283
0.590391
0.706584
0.836292
0.976578
1.095672
1.133385
1.087055
0.950056
1.138230
1.204381
1.122526
0.946483
0.812877
0.914835
1.054284
1.252532
1.387169
1.454139
1.379529
1.295075
1.299745
1.399294
1.657703
1.885545
2.059078
2.665662
3.302812
3.853938
3.907286
3.468767
2.865722
2.409480
2.585640
2.513185
2.196838
2.353795
2.750952
3.005888
2.896851
2.713626
2.350567
1.984058
1.609826
1.284850
1.131445
1.546836
2.001328
2.333741
2.431432
2.321144
2.478643
2.658205
2.707548
2.670187
2.596369
2.499902
2.305802
2.109576
2.379923
2.470133
2.312796
2.056060
1.760653
1.487661
1.247834
1.038549
0.850982
0.932853
1.156567
1.313414
1.542489
1.872277
2.205812
2.573006
2.843709
2.871212
2.635803
2.242194
1.842066
1.486702
1.176744
0.911769
0.689545
0.509205
0.363481
0.245413
0.153720
0.087105
0.045375
0.071272
0.078359
0.050962
0.022913
0.078355
0.140450
0.180564
0.174536
0.137653
0.070992
0.074536
0.079016
0.079912
0.079372
0.106446
0.152841
0.204889
0.260864
0.315433
0.361862
0.389509
0.363804
0.301487
0.227810
0.268664
0.309802
0.330039
0.308913
0.253868
0.195496
0.224811
0.263656
0.320551
0.386849
0.460603
0.536712
0.571175
0.544114
0.464393
0.369972
0.281968
0.207586
0.149128
0.119204
0.080415
0.051732
0.080783
0.123785
0.165168
0.169983
0.138241
0.177235
0.225164
0.238274
0.218836
0.164325
0.083384
0.023256
0.008530
0.029714
0.079855
0.099044
0.062471
0.016667
0.000000
0.000000
0.000000
0.000000
0.000284
0.001991
0.003543
0.004596
0.002599
0.027931
0.115190
0.276020
0.552606
0.895243
1.062737
1.109412
1.078645
0.895658
0.534936
0.492432
0.434337
0.281731
0.288563
0.477916
0.712580
0.949512
1.078372
1.025979
0.856134
0.682306
0.582680
0.859840
1.193763
1.430388
1.482042
1.251611
0.946209
0.663594
0.500026
0.528457
0.604212
0.574367
0.576565
0.832038
1.145859
1.439935
1.500881
1.453753
1.414994
1.385717
1.274946
1.148388
1.377988
1.610904
1.945367
2.338539
2.722881
2.873766
2.729094
2.382026
1.986920
1.630049
1.590254
1.848605
2.004553
1.963340
1.708518
1.412995
1.162440
1.002464
0.832113
0.777340
0.824699
0.852898
0.896922
0.901459
0.890006
0.840377
0.969278
1.133370
1.322987
1.531717
1.752899
1.964711
2.098894
2.124356
2.300685
2.402501
2.347661
2.214950
2.307281
2.220784
2.104708
2.096210
2.066811
1.934213
1.762519
1.535904
1.387583
1.521149
1.736254
1.940591
2.092515
2.097636
1.979689
1.792298
1.716155
1.561891
1.349571
1.353659
1.546099
1.771912
2.022367
2.253008
2.320241
2.205406
1.956972
1.704779
1.593475
1.530434
1.437313
1.281781
1.292995
1.334659
1.293705
1.322170
1.483335
1.786476
2.190860
2.667328
3.202055
3.747783
4.121085
4.122637
3.793574
3.327559
2.847835
2.621306
2.518652
2.873648
3.323997
3.817235
4.311550
4.650842
4.613281
5.049542
5.920139
6.880131
8.065641
9.436276
10.908540
12.218524
12.955767
12.118707
10.715249
9.211415
7.798933
6.602902
6.424916
7.327711
8.246696
8.768373
8.703253
8.183050
7.212204
6.235918
5.311324
4.482147
3.761208
3.155959
2.748966
3.026065
3.941190
4.154835
3.514157
2.835212
2.268402
1.923492
2.241764
2.442492
2.459189
2.301479
1.980894
1.642434
1.457082
1.522705
1.675433
1.734136
1.843275
1.896981
1.997344
2.036773
1.922240
1.676643
1.423834
1.212562
1.027129
0.886219
0.842674
0.737300
0.738245
0.834767
0.924632
0.953322
0.918260
0.841080
0.897959
0.981027
0.975732
0.883115
0.790030
0.773451
0.844834
0.929989
1.052879
1.196080
1.353035
1.453496
1.463808
1.364169
1.197217
1.025310
0.864252
0.711877
0.820976
0.930204
0.910476
0.754141
0.847644
0.763286
0.495176
0.272454
0.127038
0.040816
0.023991
0.051427
0.079456
0.086055
0.069183
0.118342
0.136399
0.143738
0.173573
0.249693
0.334866
0.377444
0.400843
0.464997
0.549976
0.649129
0.767898
0.895026
0.988276
1.012380
0.954956
0.837136
0.718916
0.718820
0.907480
1.044641
1.110327
1.150930
1.196136
1.028634
0.792232
0.583797
0.510503
0.735433
0.995895
1.359012
1.757125
2.074063
2.084001
1.773985
1.359800
0.977451
0.665346
0.418457
0.292514
0.382844
0.472840
0.517750
0.506530
0.444984
0.416138
0.356290
0.270969
0.201426
0.158975
0.189128
0.249791
0.303716
0.439761
0.496501
0.528129
0.574134
0.649391
0.769539
0.863623
0.894592
0.840125
0.945061
1.061208
1.184399
1.277903
1.342782
1.342454
1.288658
1.318463
1.323062
1.264261
1.374989
1.555637
1.763919
1.993492
2.215342
2.383291
2.448392
2.376752
2.410997
2.555445
2.586641
2.447527
2.188576
1.928419
1.877729
2.049397
2.260768
2.412030
2.463082
2.393740
2.194958
1.953375
2.032240
2.449752
2.956381
3.537058
4.182340
4.887136
5.547330
5.953812
5.908911
5.393386
4.744072
4.389096
5.195268
6.119129
7.127919
8.264936
9.462994
10.448497
10.751532
10.324780
9.313051
8.084905
7.631022
8.754185
9.976437
11.249490
12.342135
13.523959
14.427842
14.320189
13.317563
12.033004
10.889316
11.493331
12.638468
13.846852
14.878842
15.249931
14.775413
13.672671
12.408228
11.226724
10.194307
9.582448
9.286497
8.799232
7.950930
7.381222
7.579643
8.098678
8.288541
7.957191
7.378060
6.789695
6.488047
6.059842
5.609676
5.175251
4.696473
5.190744
5.329392
5.174001
4.644822
3.514430
2.642091
2.288263
2.335641
2.245584
2.406430
2.627541
2.790901
2.844757
2.725014
2.609455
2.759615
3.502008
3.954237
4.136157
4.212678
4.583709
4.856934
5.166249
5.483255
5.753237
5.853697
5.695795
6.010565
6.322181
6.656488
7.020619
7.363227
7.697838
8.044601
8.359155
8.510369
8.453910
8.146397
7.742494
7.592111
7.996596
8.443851
8.929386
9.458791
10.044070
10.696848
11.296593
11.541252
11.366466
10.905505
10.459277
10.492639
10.810062
10.719347
10.206370
9.488567
8.856712
8.311156
7.798191
7.336978
6.904340
6.526793
6.514996
6.597902
6.481058
6.193089
6.163943
7.114305
7.475631
7.219377
6.360062
5.417709
5.042928
4.890439
4.969212
5.258617
5.735938
6.307106
6.801776
7.043818
6.912324
6.312633
5.638635
4.865920
4.183265
3.764431
3.432668
2.903925
2.495938
2.538018
2.731196
2.914594
3.069059
3.264517
3.472374
3.446038
3.166488
3.246508
3.666851
4.099048
4.584711
5.106126
5.561212
5.840081
5.702065
5.224574
4.638614
4.095585
3.668379
3.981388
4.532072
5.176610
5.896550
6.717260
7.524576
8.090959
8.105936
7.546820
6.750558
5.981811
5.333016
4.719266
4.146831
3.761168
4.226042
4.623326
4.665800
4.397541
4.017992
3.661076
3.389473
3.885700
4.418632
4.537371
4.461496
4.694236
4.501142
4.091841
3.840061
4.163784
4.527129
4.858310
5.203580
5.500294
5.563109
5.348989
5.151850
4.870126
4.548021
4.134111
3.895971
3.603283
3.550905
4.040710
4.502927
4.753210
4.582205
4.133668
3.654894
3.263633
3.379054
3.267703
3.018773
2.751711
2.952513
3.192547
3.268390
3.131065
2.880702
2.533536
2.204176
1.883727
1.740843
2.004980
2.365827
2.784029
3.215249
3.523586
3.463185
3.110115
2.675935
2.268147
1.910856
1.592492
1.299054
1.039389
1.006069
1.154592
1.322874
1.507259
1.688056
1.809289
1.914567
1.998671
1.710353
1.469976
1.547895
1.321263
1.243658
1.159873
1.184141
1.283447
1.401882
1.495814
1.602102
1.546765
1.405539
1.474108
1.667774
1.908209
2.166256
2.381434
2.579551
2.622779
2.028612
1.345714
1.149145
1.096246
1.096915
1.019379
1.130157
1.322125
1.560499
1.834759
2.158019
2.518067
2.880838
3.179328
3.541918
3.942925
4.404730
4.921049
5.458598
5.943215
6.129685
5.480684
4.697134
4.562951
4.951538
5.530994
6.183729
6.890949
7.648724
8.496125
9.429658
10.336827
10.865750
9.864429
6.302474
5.185985
4.738660
5.045805
5.466833
5.600805
5.266380
3.505440
2.651243
2.780563
3.032288
2.682075
2.716345
2.984513
2.764403
2.331301
1.589357
1.823670
1.651502
1.859254
2.205348
2.439193
1.719883
0.367307
0.000000
0.000000
0.000000
0.000000
0.000000
0.000000
0.000000
0.000000
0.000000
0.000000
