track	type=wiggle_0
fixedStep	chrom=chr	start=1	step=1
0.000000
0.000000
0.000000
0.000000
0.000000
0.000000
0.000000
0.000000
0.000000
0.000000
0.000000
0.000000
0.004985
0.123400
0.547308
0.935373
1.107053
0.999878
0.751870
0.790055
1.000294
0.734279
0.478993
0.860294
1.262371
1.771049
2.281235
2.846178
3.461020
3.941149
3.937624
3.452692
2.868137
2.342980
1.907486
2.162127
2.397501
2.506821
2.345205
2.013521
1.634693
1.290141
0.996028
0.749912
0.554237
0.395839
0.274399
0.213068
0.214227
0.170004
0.196133
0.428001
0.760104
0.887183
0.915677
0.887183
0.757539
0.417862
0.172516
0.047938
0.002014
0.000000
0.000000
0.000001
0.001524
0.001477
0.000000
0.000000
0.000000
0.000000
0.004660
0.016243
0.032280
0.038682
0.065645
0.264142
0.592337
0.921889
1.226729
1.539076
1.730986
1.940578
2.160547
2.421086
2.709787
2.975262
3.196312
3.276768
3.174268
2.955858
2.691190
2.429355
2.184956
1.955057
1.743007
1.645072
1.661697
1.754593
1.839330
1.819118
1.878401
2.058118
2.251543
2.455391
2.542150
2.462051
2.240041
2.193833
2.480482
2.809085
3.172688
3.604855
4.067791
4.556805
4.992760
5.181829
5.304671
5.124179
4.713489
4.290861
3.907864
3.500218
3.286153
3.644372
3.742738
3.267339
2.639126
2.073626
1.575071
1.390140
1.366864
1.326471
1.510360
1.671424
1.710283
1.638467
1.462235
1.337223
1.207991
1.038784
0.873744
0.748798
0.742673
0.712055
0.635408
0.547032
0.472459
0.399142
0.340044
0.288071
0.228934
0.175875
0.142264
0.124299
0.117927
0.098086
0.160680
0.364901
0.743215
1.225169
1.370727
1.274346
0.860628
0.519552
0.279837
0.120898
0.038278
0.063599
0.083663
0.102987
0.108411
0.092670
0.062559
0.047361
0.076367
0.089111
0.082451
0.056500
0.068901
0.110527
0.156824
0.201002
0.243939
0.302177
0.366896
0.424349
0.448291
0.425924
0.367426
0.305553
0.267631
0.213653
0.161798
0.162457
0.220018
0.211267
0.196061
0.192880
0.172615
0.130350
0.097361
0.077805
0.064983
0.041077
0.029480
0.008740
0.000783
0.002104
0.010565
0.019967
0.023195
0.031226
0.086246
0.158334
0.189743
0.210269
0.214842
0.216092
0.212682
0.196701
0.143337
0.044232
0.032379
0.039074
0.052845
0.055586
0.043841
0.024171
0.034037
0.037103
0.069637
0.170813
0.205558
0.213502
0.206448
0.173047
0.076284
0.011841
0.000000
0.000000
0.000000
0.000000
0.000000
0.000000
0.000000
0.000000
0.000000
0.000000
0.000000
0.000783
0.003615
0.002696
0.000092
0.001335
0.001029
0.000050
0.002416
0.001113
0.000000
0.000068
0.005158
0.021079
0.047525
0.080936
0.121345
0.164362
0.226196
0.289562
0.326176
0.306723
0.279076
0.358135
0.470755
0.607330
0.766245
0.945450
1.133694
1.367182
1.742756
2.158919
2.516012
2.740006
2.690430
2.327393
1.916175
1.556109
1.231212
1.023382
0.979922
0.971229
0.943057
0.867474
0.714179
0.533781
0.381850
0.257286
0.166336
0.151175
0.162021
0.188781
0.233925
0.245008
0.207075
0.196474
0.374620
0.599409
0.814094
1.033951
1.361904
1.512064
1.277788
0.812896
0.482784
0.263787
0.244129
0.337998
0.350737
0.265302
0.165664
0.098904
0.079313
0.039920
0.020009
0.020950
0.041997
0.067588
0.105062
0.156580
0.253363
0.404853
0.520260
0.561512
0.561512
0.518689
0.396016
0.218940
0.159623
0.129012
0.130159
0.108611
0.073000
0.081675
0.056171
0.020237
0.000952
0.000000
0.000000
0.000000
0.000000
0.000000
0.000000
0.000000
0.000000
0.000000
0.021935
0.102449
0.245726
0.457111
0.739430
0.745907
0.482022
0.246221
0.120723
0.049412
0.020985
0.040711
0.056004
0.058854
0.046158
0.025564
0.009971
0.003353
0.041098
0.098300
0.125843
0.149902
0.273344
0.432543
0.566562
0.577713
0.446998
0.284832
0.156802
0.068176
0.016884
0.000024
0.000000
0.000000
0.000000
0.000000
0.000000
0.000000
0.000000
0.000689
0.047567
0.090071
0.108685
0.121659
0.134742
0.134742
0.121511
0.108071
0.088017
0.043983
0.000079
0.000000
0.000000
0.000000
0.000222
0.006652
0.016015
0.017257
0.009588
0.001141
0.000442
0.000442
0.000442
0.000301
0.000000
0.000000
0.000000
0.000000
0.000000
0.000000
0.000000
0.000000
0.000000
0.000000
0.000000
0.000000
0.001218
0.025496
0.072528
0.099520
0.087321
0.035183
0.005514
0.030902
0.057431
0.064997
0.124128
0.226213
0.371532
0.555666
0.781174
1.085125
1.460027
1.915515
2.463383
3.130786
3.744888
4.226085
4.187724
3.626040
3.378909
4.030872
4.658275
4.952158
4.825828
4.244702
3.614985
2.997303
2.454654
2.006067
1.636564
1.439108
1.560781
1.563963
1.488448
1.549287
1.564486
1.785940
1.845845
1.631892
1.457404
1.179272
0.719758
0.490984
0.610026
0.778654
0.965390
1.131129
1.209960
1.134911
0.993921
0.818740
0.659428
0.581805
0.567391
0.623862
0.673404
0.684289
0.707208
0.667477
0.544061
0.406340
0.402812
0.512659
0.621610
0.694148
0.695295
0.751613
0.891739
1.048249
1.218382
1.396493
1.555004
1.709280
1.839190
1.841795
1.716083
1.824416
2.250800
2.519295
2.675140
2.384649
1.901632
1.590355
1.422726
1.252276
1.324729
1.482226
1.582320
1.568447
1.454485
1.281276
1.351144
1.493019
1.555792
1.476328
1.319234
1.477600
1.691766
2.089125
2.463607
2.672692
2.517447
2.267956
1.895837
1.681563
1.751762
1.759521
1.868391
1.728655
1.643599
1.812063
1.935789
2.367405
3.103054
4.109688
5.506927
6.151354
6.325560
6.325560
6.177339
5.640007
5.528582
5.515947
5.097497
4.562601
4.016615
3.520116
3.067561
2.657909
2.385791
2.885627
3.454062
4.071373
4.636362
5.248926
5.669501
6.439633
7.379606
8.240721
8.613725
8.246422
7.391028
6.406888
5.481924
4.663776
3.947569
3.333934
2.829411
2.359706
1.933456
1.562366
1.258699
1.003764
0.770615
0.662484
0.621842
0.523176
0.426112
0.398898
0.449330
0.446881
0.413517
0.508171
0.522053
0.497838
0.624364
0.753595
0.839758
0.823329
0.724382
0.595810
0.665804
0.680836
0.620426
0.595303
0.528004
0.450659
0.377274
0.364511
0.432181
0.471852
0.472573
0.456680
0.477216
0.525872
0.590977
0.598076
0.509148
0.363679
0.335106
0.297667
0.301945
0.366613
0.415187
0.418279
0.472969
0.518432
0.498823
0.481040
0.453162
0.646353
0.916897
1.259276
1.666953
2.088712
2.356922
2.306461
1.934329
1.512397
1.756624
2.144193
2.086014
1.573616
1.121856
0.754802
0.472450
0.439580
0.494038
0.571566
0.691618
0.698511
0.586764
0.440477
0.357730
0.471451
0.620160
0.795384
0.974509
1.185531
1.335027
1.333362
1.180679
0.966624
0.749195
0.572838
0.437505
0.411341
0.787741
1.106183
1.193864
1.103723
0.792817
0.485718
0.527926
0.597896
0.694445
0.785011
0.905644
1.059518
1.259795
1.451815
1.605634
1.628570
1.499141
1.336094
1.154785
0.979185
0.842350
0.738283
0.648663
0.614096
0.618261
0.716729
0.710089
0.667264
0.572212
0.600460
0.769022
0.928405
1.120466
1.325899
1.549671
1.808559
2.105450
2.334761
2.332740
2.090603
1.783974
1.474393
1.198161
0.951858
0.855796
0.776145
0.757090
0.993965
1.292259
1.455021
1.370289
1.648607
2.143777
2.805846
3.419255
3.399754
2.784874
2.289163
2.095353
1.794886
1.978547
2.398649
2.339677
1.766270
1.447509
1.165604
0.836990
0.721110
0.960414
1.190128
1.415713
1.717641
2.099353
2.494794
2.814521
2.789022
2.439116
1.981406
1.558429
1.205579
0.914585
0.673326
0.477055
0.332713
0.265039
0.228893
0.194261
0.232457
0.304045
0.387547
0.481284
0.578943
0.673764
0.740867
0.798253
0.811851
0.778337
0.714391
0.806591
0.931311
1.078574
1.220896
1.317710
1.333232
1.260038
1.129654
0.988271
0.854888
0.730620
0.639616
0.673617
0.665424
0.609755
0.537871
0.469998
0.436270
0.386950
0.313561
0.248963
0.278696
0.325556
0.355476
0.335144
0.290407
0.281718
0.320573
0.333787
0.346636
0.344746
0.353411
0.310916
0.242913
0.261595
0.328700
0.406231
0.528125
0.734578
0.679368
0.631535
0.573594
0.559804
0.538083
0.621824
0.709300
0.729984
0.677394
0.564490
0.739301
0.992570
1.315086
1.718605
2.203686
2.777869
3.437036
4.049084
4.506020
4.503358
3.999915
3.287784
2.612989
2.068950
1.719386
1.851730
2.014925
2.267817
2.390787
2.265409
1.935192
1.580695
1.428836
1.738482
2.013412
2.199280
2.128268
1.860295
1.534164
1.236149
1.035568
1.299679
1.486066
1.487378
1.298908
1.321191
1.488291
1.574884
1.473846
1.288808
1.267353
1.667393
2.058020
2.362812
2.969380
3.789719
4.362062
3.807640
3.008782
2.612129
2.939031
3.054178
2.933355
2.600417
2.255816
1.940893
1.669790
1.491760
1.314643
1.189113
1.238057
1.431997
1.643785
1.810909
1.856722
1.738819
1.521090
1.288009
1.058723
0.861416
0.718818
0.697647
0.698305
0.712417
0.677237
0.733662
0.778799
0.751501
0.655312
0.553031
0.584600
0.640425
0.620425
0.543020
0.438776
0.339797
0.249453
0.174170
0.282454
0.486438
0.746262
1.055812
1.437350
1.760551
1.783331
1.511137
1.208335
1.033637
0.894109
0.876536
1.174684
1.654969
2.294812
2.711381
2.857835
2.852543
2.680142
2.183778
1.429871
0.945548
0.620609
0.394311
0.308936
0.358022
0.337267
0.487549
0.623303
0.644800
0.523642
0.355994
0.285482
0.231773
0.171601
0.106342
0.193665
0.383201
0.650413
1.011165
1.208439
1.181610
0.894448
0.508372
0.262430
0.113044
0.032615
0.001465
0.000000
0.000000
0.000000
0.000000
0.000000
0.000000
0.000000
0.000000
0.000000
0.000000
0.000000
0.000000
0.000000
0.000000
0.000000
0.000000
0.000000
0.000000
0.000000
0.000000
0.000000
0.000000
0.000000
0.000000
0.000000
0.000000
0.000000
0.000000
0.000000
0.000000
0.000000
0.000000
0.000000
0.000000
0.000000
0.000000
0.000000
0.000000
0.000000
0.000000
0.000000
0.000000
0.000000
0.000000
0.000000
0.009868
0.052404
0.134058
0.261498
0.447725
0.699292
1.023302
1.435941
1.926553
2.478415
2.935195
2.941696
2.497732
1.953918
1.455680
1.224488
1.534591
1.941002
2.361329
2.557155
2.519314
2.242837
1.816913
1.397336
1.047357
0.772675
0.557729
0.374417
0.292917
0.324883
0.525506
0.756666
0.909271
0.854369
0.533875
0.260009
0.116407
0.033614
0.001082
0.000000
0.000000
0.000000
0.000000
0.000000
0.000000
0.000000
0.000000
0.000000
0.000000
0.000000
0.000000
0.000000
0.000000
0.006932
0.068949
0.113407
0.126907
0.130957
0.131493
0.127711
0.109195
0.052722
0.006079
0.003313
0.004886
0.008664
0.019713
0.023831
0.018317
0.008864
0.015235
0.017254
0.010646
0.003739
0.000106
0.000000
0.000000
0.000000
0.000000
0.000211
0.016489
0.054631
0.099403
0.112285
0.083795
0.041153
0.020900
0.028889
0.078615
0.155934
0.251827
0.352939
0.560780
0.854793
1.229760
1.695125
2.234864
2.766471
2.735448
2.185475
1.694167
1.290366
1.492574
1.901928
2.376189
2.918700
3.480628
3.892478
4.021684
3.737925
3.212500
2.973419
3.494840
4.018876
4.375431
4.384479
4.184824
4.555037
4.636868
4.052933
3.378888
2.732751
2.194318
2.022118
1.927416
1.786001
1.486149
1.143900
0.834721
0.701020
0.606888
0.557470
0.470059
0.351336
0.241848
0.177446
0.173390
0.168685
0.158419
0.127344
0.067319
0.101991
0.150743
0.208221
0.281150
0.365961
0.467383
0.587984
0.718709
0.825789
0.871484
0.906188
0.827908
0.701537
0.575695
0.475138
0.397019
0.312670
0.244509
0.203576
0.245278
0.326518
0.425651
0.523846
0.602224
0.629921
0.665595
0.736000
0.863428
1.033175
1.224579
1.393730
1.486850
1.608331
1.774361
1.863926
1.826957
1.729758
1.589623
1.452381
1.429639
1.537004
1.648829
1.736879
1.894111
2.105460
2.333116
2.532390
2.624266
2.570506
2.394028
2.200364
2.670634
3.204192
3.659396
3.660551
3.205652
2.647563
2.189163
1.954728
1.776017
1.606736
1.408784
1.402564
1.406199
1.436278
1.402283
1.218541
1.271021
1.486895
1.712704
1.952610
2.175040
2.359255
2.649788
3.000192
3.404205
3.826868
4.265545
4.604208
4.793492
4.801256
4.884797
4.917526
4.993395
4.784248
4.409826
4.670365
4.787319
4.552675
4.142958
3.698287
3.478532
4.025430
4.653099
5.307484
5.888343
6.143812
5.856622
5.268642
4.613721
3.982803
3.412797
2.903825
2.459303
2.085345
1.943468
1.835858
1.813251
1.926552
1.886865
1.694844
1.481471
1.307156
1.671258
2.134718
2.658027
3.291403
3.956622
4.423199
4.434916
3.981561
3.314619
2.683390
2.170991
1.714736
1.321562
0.994762
0.928054
1.011910
1.016416
1.160226
1.269829
1.325858
1.272639
1.174128
1.205611
1.229765
1.139254
0.989304
0.839307
0.786599
0.933315
1.072173
1.198259
1.313873
1.383455
1.329251
1.219354
1.081230
0.931513
0.781534
0.641382
0.607050
0.639569
0.636392
0.726626
0.735065
0.661431
0.582428
0.619423
0.756507
0.874916
0.979496
1.051441
1.194357
1.321259
1.569367
1.850952
2.036783
2.131302
2.060000
1.849650
1.561393
1.650668
1.835702
2.054999
2.273574
2.435718
2.504864
2.454029
2.307291
2.135397
1.950577
1.760108
1.578750
1.406585
1.254601
1.413965
1.428624
1.230275
0.940865
0.922530
1.074544
1.251609
1.439179
1.610418
1.665947
1.615292
1.474508
1.495013
1.705341
1.766750
1.787323
1.796287
1.782425
1.693383
1.547751
1.971476
2.151677
2.006872
1.641152
1.326203
1.186875
1.153076
1.106449
0.984546
0.859605
0.770585
0.836447
0.950652
1.074968
1.206683
1.396949
1.570719
1.706782
1.841592
1.940554
2.077391
2.212526
2.237873
2.147553
1.966697
2.217742
2.345387
2.178934
1.909151
1.632633
1.405182
1.657336
1.950452
2.218444
2.322908
2.274348
2.062556
1.802831
1.579825
1.376957
1.176145
1.020107
1.245795
1.688849
2.189529
2.602671
2.825024
2.555078
2.124655
1.665128
1.466693
1.838319
2.242876
2.565673
2.615516
2.372899
2.256764
1.988230
1.646070
1.340679
1.044764
0.774432
0.556616
0.663277
0.929110
1.318156
1.850380
2.331650
2.525997
2.575306
2.534106
2.473755
2.405567
2.245823
1.963345
1.500898
1.309177
1.229441
1.185805
1.133058
1.009070
0.739538
0.416102
0.203504
0.071248
0.008156
0.000000
0.000000
0.000000
0.000000
0.000000
0.004671
0.009505
0.001954
0.000000
0.000000
0.000000
0.000000
0.000000
0.000000
0.000000
0.000000
0.000000
0.000000
0.000000
0.000000
0.000000
0.000000
0.000000
0.000000
0.000000
0.000000
0.000000
0.000051
0.020999
0.045670
0.059329
0.063620
0.064150
0.062957
0.063135
0.062571
0.056410
0.035418
0.008779
0.058919
0.105946
0.110847
0.066842
0.013567
0.000000
0.000000
0.000000
0.000000
0.000000
0.000000
0.000000
0.000000
0.000000
0.000000
0.000000
0.000000
0.000000
0.000000
0.000000
0.000000
0.000000
0.000000
0.000000
0.000000
0.000000
0.000000
0.000000
0.000000
0.000000
0.012314
0.069679
0.136649
0.170970
0.177055
0.168748
0.134572
0.069548
0.018706
0.024621
0.082209
0.122879
0.136087
0.083995
0.102160
0.134968
0.173085
0.220299
0.279978
0.372627
0.367432
0.267421
0.197286
0.143496
0.117730
0.219124
0.323227
0.550240
0.860578
1.017898
1.057193
1.023119
0.850188
0.503375
0.494853
0.449119
0.553096
0.609103
0.578270
0.534015
0.680018
0.882934
1.122550
1.373261
1.548508
1.550238
1.358822
1.098712
0.859447
0.663244
0.503350
0.383147
0.271482
0.174630
0.097771
0.074079
0.075200
0.044848
0.026947
0.028772
0.065074
0.132975
0.245411
0.387776
0.565674
0.684868
0.951165
1.276137
1.418303
1.291166
0.959951
0.649939
0.422967
0.311461
0.192788
0.141378
0.230683
0.353612
0.431242
0.663572
1.089490
1.278441
1.278654
1.088619
0.634412
0.331400
0.244132
0.302895
0.448916
0.623726
0.786934
0.849391
0.765888
0.586270
0.498386
0.617251
0.758178
0.899261
1.008062
1.049054
1.064750
1.020528
1.112157
1.107384
1.053038
1.149018
1.184025
1.116828
1.031329
1.084436
1.105642
1.067276
1.247758
1.465963
1.715694
1.994357
2.246281
2.427795
2.393138
2.189725
2.099393
2.022463
1.836083
1.599298
1.536873
1.732797
1.955030
2.200390
2.440476
2.538345
2.466502
2.226027
1.962970
1.841852
1.770539
1.672462
1.494117
1.465959
1.496341
1.532311
1.563546
1.742579
2.077530
2.513707
3.018987
3.578551
4.143000
4.526536
4.526626
4.195418
3.711743
3.186612
2.759871
2.705912
3.105247
3.563607
4.062163
4.557249
4.881458
5.042435
5.697591
6.337826
6.789147
7.759590
9.054367
10.478433
11.739669
12.438118
11.623028
10.273873
8.828138
7.466351
6.314638
6.135552
7.003082
7.882946
8.390224
8.327240
7.824109
6.892406
5.957997
5.068008
4.274464
3.581571
3.000066
2.612485
2.911441
3.791720
4.000413
3.371229
2.697683
2.136702
1.976159
2.032263
2.207616
2.212648
2.059562
1.762897
1.466244
1.283782
1.281866
1.259524
1.233953
1.297876
1.300817
1.235186
1.230366
1.279574
1.283341
1.209929
1.331679
1.485260
1.564270
1.549362
1.431092
1.379440
1.534336
1.653029
1.671303
1.566452
1.511434
1.642695
1.763715
1.821614
1.780893
1.705749
1.670303
1.667198
1.744976
1.853987
2.082846
2.325510
2.514852
2.564229
2.434133
2.206112
1.963369
1.728870
1.507132
1.336037
1.312274
1.245312
1.084895
0.924689
0.788155
0.830178
0.953992
0.884591
0.840364
0.677616
0.574241
0.658522
0.667646
0.719161
0.803266
0.934139
1.027278
1.196321
1.373026
1.615246
1.870710
2.021380
2.121931
2.178388
2.351759
2.569582
2.796852
2.950114
2.975501
2.849197
2.624430
2.401841
2.297932
2.585607
2.826587
2.898551
2.745723
2.589930
2.761720
2.595394
2.286702
1.846606
1.428829
1.071956
1.039315
1.189473
1.502095
1.707563
1.672382
1.570532
1.960511
2.617390
3.546272
4.798488
5.421344
5.619428
5.631045
5.449937
4.856575
3.642878
2.723116
2.014505
1.455891
1.014942
0.818078
0.951843
1.049039
1.455289
1.794475
1.975338
2.054444
1.993218
1.853091
1.666218
1.784316
1.982128
2.174754
2.289576
2.305904
2.271543
2.349509
2.349625
2.396930
2.349893
2.243883
2.429032
2.654131
2.886957
3.040308
3.031193
3.022206
3.065952
2.984507
2.906773
2.992827
2.920080
2.884167
2.998523
3.248264
3.498915
3.725301
3.843131
3.765761
3.540508
3.260519
3.031672
2.780217
3.255861
3.838991
4.491451
5.218541
6.022792
6.900179
7.841691
8.705015
9.191502
9.097674
8.410211
7.477144
7.408680
8.519260
9.821146
11.262466
12.827249
14.463953
15.835014
16.872717
16.316769
14.793346
12.958226
11.154918
12.344910
13.806211
15.083688
16.411304
17.144953
16.692532
15.544825
13.944253
12.382037
11.002843
9.872550
10.649962
11.321071
11.965566
11.954857
11.264232
10.326470
9.523053
9.231613
8.579146
8.440711
8.957556
9.216666
8.989402
8.373566
7.727660
7.760672
7.414524
6.876523
6.414993
5.945330
5.404312
4.863526
4.391589
4.186910
3.878363
3.518924
3.117177
2.753629
2.691648
2.814377
2.901645
3.049747
3.039022
2.798719
2.480382
2.286876
1.995036
2.128424
2.237729
2.315219
2.717525
3.449809
3.991138
4.338832
4.563857
4.494970
4.223300
4.039536
4.375934
4.750310
5.051428
5.479205
5.886078
6.232825
6.581622
6.945201
7.282843
7.614019
7.941597
8.242142
8.396342
8.344001
8.043463
7.652690
7.507021
7.917995
8.361790
8.834140
9.337229
9.868731
10.414737
10.910343
11.220905
11.213867
10.792975
10.253237
10.079037
10.292980
10.229842
9.883307
9.395394
8.920148
8.479376
8.031914
7.591061
7.167097
6.782681
6.782154
6.834866
6.662931
6.310583
6.184155
6.969034
7.254946
7.027586
6.296208
5.502611
5.190920
5.059717
5.146053
5.423430
5.878193
6.361784
6.707009
6.861114
6.678716
6.052385
5.337189
4.531199
3.812843
3.182466
2.625329
2.066107
1.729946
1.694329
1.700228
1.781241
1.863277
1.985908
2.128547
2.099951
1.915844
1.935429
1.891049
1.962350
2.082227
2.261486
2.309783
2.487339
2.534579
2.618281
2.713065
3.028977
3.371967
3.776629
4.301787
4.918709
5.610518
6.392497
7.155921
7.701639
7.716588
7.187813
6.424637
5.695776
5.072178
4.482646
3.931987
3.555800
4.004567
4.384454
4.420593
4.162261
3.794282
3.445159
3.177761
3.205754
3.461644
3.732605
4.084418
4.287280
4.086520
3.689221
3.700194
3.733357
4.147829
4.566304
4.991546
5.337593
5.423556
5.223836
5.038786
4.760073
4.439311
4.021736
3.778267
3.499506
3.450691
3.934648
4.391253
4.636380
4.470650
4.027054
3.555193
3.174576
3.281617
3.157060
2.904866
2.664255
2.895558
3.133217
3.181837
3.011914
2.751647
2.422132
2.126797
1.856088
1.744090
2.031033
2.409158
2.833684
3.264346
3.565251
3.492651
3.130410
2.692239
2.277719
2.012049
2.116482
2.040365
2.093778
2.087818
1.622714
1.448874
1.538138
1.707764
1.909291
2.119722
2.328657
2.551074
2.767487
2.882080
2.655332
2.109719
1.881507
1.769673
1.782583
1.788602
1.955853
2.136232
2.174934
2.108021
2.225593
2.471789
2.763148
3.073196
3.388944
3.677996
3.829275
3.448595
2.638893
2.493157
2.469620
2.233295
2.075075
2.168574
2.411323
2.732474
3.094667
3.502597
3.935194
4.320525
4.575785
4.892262
5.040904
4.400385
4.286994
4.535242
4.888039
5.054267
4.500422
3.798220
3.661110
3.983536
4.482335
5.046628
5.661076
6.326967
7.051957
7.774628
8.367792
8.853172
8.579146
6.561821
5.734463
4.880697
4.247090
3.509090
3.650252
3.848600
3.348235
1.940568
1.772562
1.915819
2.179168
2.692425
2.964793
2.817472
2.477746
2.157120
1.717664
0.894667
0.832555
1.096179
1.441460
1.546909
0.690896
0.051163
0.000000
0.000000
0.000000
0.000000
0.000000
0.000000
0.000000
0.000000
0.000000
