track	type=wiggle_0
fixedStep	chrom=chr	start=1	step=1
0.000000
0.000000
0.000000
0.000000
0.000000
0.000000
0.000000
0.000000
0.000000
0.000000
0.000000
0.000000
0.006065
0.130738
0.568264
0.966551
1.142820
1.034729
0.782492
0.814237
1.023567
0.757451
0.506604
0.901933
1.318518
1.844659
2.367025
2.941225
3.561523
4.045073
4.041410
3.553164
2.963671
2.433665
2.465950
2.892803
3.202533
3.395227
3.234126
2.845692
2.380318
1.948894
1.574232
1.249903
0.972636
0.742932
0.568511
0.611935
0.666977
0.599442
0.603330
1.007956
1.516740
1.699365
1.738023
1.698649
1.511512
0.987468
0.552340
0.282837
0.123679
0.035198
0.001461
0.004630
0.003939
0.008930
0.012379
0.004963
0.004843
0.012616
0.023008
0.035404
0.055011
0.072713
0.082218
0.184123
0.331301
0.570546
0.954212
1.252674
1.501083
1.721491
1.934921
2.113272
2.188328
2.140811
2.258041
2.268801
2.152825
1.957615
1.747342
1.544991
1.354463
1.178825
1.025419
0.888908
1.028228
1.178871
1.270182
1.269174
1.346365
1.391880
1.366892
1.482178
1.493803
1.398591
1.225962
1.326087
1.578581
2.096730
2.505829
2.617105
2.913641
3.320473
3.688187
3.838949
3.694821
3.332304
2.962249
2.600912
2.816852
3.381219
4.013800
4.534999
4.531682
3.985167
3.277536
2.640227
2.063872
1.578325
1.175927
0.846997
0.646757
0.637535
0.736433
0.792600
0.856438
0.853216
0.904106
0.842615
0.728503
0.615984
0.552694
0.581578
0.537525
0.460505
0.411102
0.349701
0.285871
0.218813
0.160630
0.149572
0.123766
0.107930
0.110401
0.096468
0.171289
0.381184
0.764388
1.250477
1.397768
1.300168
0.883534
0.539598
0.294737
0.130410
0.046313
0.063351
0.060437
0.045691
0.023870
0.008280
0.008353
0.040336
0.067493
0.058253
0.031996
0.005265
0.000000
0.020626
0.042703
0.050142
0.107990
0.140673
0.122802
0.086060
0.150042
0.249222
0.290262
0.297991
0.202399
0.088967
0.018953
0.000101
0.000000
0.000000
0.000000
0.000000
0.000000
0.000000
0.000000
0.000000
0.000000
0.000000
0.000000
0.000000
0.000000
0.000000
0.000000
0.000000
0.000000
0.005247
0.092196
0.166392
0.198555
0.219540
0.224213
0.225489
0.221969
0.205512
0.150508
0.041639
0.000556
0.000000
0.000000
0.000000
0.000000
0.000000
0.000000
0.000000
0.000000
0.000000
0.000000
0.000000
0.000000
0.000000
0.000000
0.000000
0.000000
0.000000
0.000000
0.000000
0.000000
0.000000
0.000000
0.000000
0.000000
0.000000
0.000000
0.000000
0.000000
0.000000
0.000008
0.000000
0.000000
0.000000
0.000000
0.000000
0.000000
0.000000
0.000000
0.000000
0.000000
0.000000
0.000113
0.013274
0.049780
0.111804
0.200697
0.308903
0.410666
0.473541
0.446709
0.574087
0.780091
1.045720
1.366981
1.740459
2.147415
2.507115
2.570054
2.711445
2.637853
2.248594
1.812255
1.774982
2.102328
2.439067
2.601148
2.595922
2.683211
2.570231
2.228555
1.870493
1.519754
1.212675
0.949565
0.808791
0.941366
0.950047
0.952297
0.934032
0.806714
0.991923
1.330217
1.749519
2.205709
2.595565
2.601148
2.537597
2.512526
2.258577
1.634234
1.067917
1.089216
1.275252
1.264591
1.069827
0.819109
0.589989
0.404501
0.328910
0.220006
0.124696
0.150816
0.209911
0.282191
0.367598
0.463582
0.570614
0.674582
0.757979
0.760944
0.684332
0.579848
0.471833
0.374884
0.288706
0.216381
0.156321
0.104875
0.063782
0.033298
0.012715
0.001885
0.000000
0.000000
0.000000
0.000000
0.000147
0.005550
0.014473
0.016587
0.008685
0.001757
0.000000
0.000000
0.000000
0.003033
0.013034
0.024953
0.027566
0.018471
0.026513
0.049810
0.077753
0.097470
0.097425
0.077386
0.050006
0.027129
0.019671
0.032514
0.071232
0.125966
0.141008
0.142446
0.141075
0.136040
0.115989
0.055806
0.000397
0.007423
0.017216
0.007245
0.000000
0.000000
0.000000
0.000000
0.000000
0.000000
0.000000
0.000000
0.001285
0.051901
0.096204
0.115558
0.129200
0.142878
0.142878
0.129047
0.114925
0.094090
0.047943
0.000222
0.000000
0.000000
0.000000
0.000000
0.000000
0.000000
0.000000
0.000000
0.000000
0.000000
0.000000
0.000000
0.000000
0.000000
0.000000
0.000000
0.000000
0.000000
0.000000
0.000000
0.000000
0.000000
0.000000
0.000000
0.000000
0.000829
0.032025
0.097004
0.140789
0.128538
0.061679
0.014546
0.000993
0.007729
0.043965
0.113517
0.220481
0.368906
0.568830
0.823902
1.137900
1.522982
1.985893
2.535370
3.173761
3.828576
4.315079
4.276345
3.712137
3.503265
4.166179
4.795107
5.094358
4.966094
4.375537
3.741668
3.111793
2.560638
2.099396
1.722709
1.523499
1.647410
1.649498
1.572369
1.582702
1.598134
1.855359
1.915625
1.701060
1.489754
1.208094
0.766163
0.580271
0.739690
0.916746
1.081604
1.230413
1.305605
1.225660
1.077948
0.894513
0.716846
0.624162
0.626285
0.685397
0.735203
0.743285
0.771509
0.920221
1.087330
1.266294
1.435792
1.534542
1.535493
1.444857
1.476378
1.495199
1.645047
1.710283
1.718180
1.816335
1.997460
2.151567
2.307986
2.335826
2.272388
2.278252
2.501811
2.659932
2.718244
2.510975
2.301337
2.359683
2.349407
2.193336
1.983968
1.813641
1.672334
1.612274
1.473630
1.459073
1.592703
1.688768
1.641043
1.684830
1.836374
1.950882
2.216592
2.549665
3.080155
3.540911
4.123677
4.557967
4.617571
4.299221
3.819276
3.278149
2.900236
2.769840
2.469013
2.158162
2.121083
2.263334
2.397066
2.377959
2.423029
2.540541
2.587215
2.820685
2.945622
3.093415
3.104837
2.865464
2.502960
2.139986
1.804569
1.505491
1.244502
1.016694
0.820116
0.672775
0.920036
1.212974
1.544465
1.872894
2.249478
2.740164
3.318513
3.849705
4.052777
3.855592
3.322005
2.731335
2.203675
2.242853
2.024072
1.876521
2.083848
2.135806
1.930719
1.568722
1.159262
0.806559
0.835055
0.858611
0.814145
0.714666
0.617529
0.526013
0.468218
0.417311
0.414771
0.445688
0.496808
0.506124
0.528876
0.599512
0.690841
0.808463
0.939204
1.081656
1.237846
1.398209
1.511771
1.522620
1.418851
1.263684
1.109407
0.968216
0.846354
0.753332
0.714423
0.843228
0.758439
0.642364
0.715994
0.832077
0.941217
1.002087
0.956598
0.852778
0.735132
0.798596
0.836294
0.813614
0.742173
0.733034
0.809499
0.877994
0.939986
0.960962
0.919882
0.835894
0.750103
0.661682
0.795742
1.077753
1.342152
1.557917
1.945603
2.384362
2.614092
2.389780
1.933651
1.481555
1.091033
0.776358
0.617060
0.525200
0.556690
0.714318
0.900058
1.042400
1.201263
1.184985
1.025204
0.867566
0.844212
1.061382
1.225307
1.207101
1.036093
0.827546
0.640685
0.539807
0.487649
0.441092
0.804076
1.118824
1.208938
1.118778
0.806011
0.712273
0.837552
0.986899
1.161982
1.327590
1.458842
1.461800
1.495246
1.632556
1.753205
1.758564
1.609629
1.417149
1.217863
1.032318
0.922650
1.067848
1.174791
1.178723
1.092454
0.985226
0.879201
0.747694
0.619396
0.631931
0.806224
0.970817
1.168855
1.382889
1.610966
1.874208
2.174252
2.408822
2.409846
2.166775
1.865720
1.562878
1.281935
1.027361
0.908658
0.827653
0.813718
1.036667
1.342921
1.504415
1.420992
1.694401
2.187735
2.851415
3.465859
3.448085
2.834919
2.332877
2.140418
1.834290
2.007488
2.429348
2.370085
1.797756
1.476724
1.191231
0.860101
0.698428
0.851201
0.899318
0.811456
0.675897
0.520170
0.590283
0.674699
0.640909
0.493618
0.415439
0.345567
0.286470
0.284614
0.328302
0.354379
0.342443
0.287115
0.226501
0.203123
0.268403
0.346926
0.437627
0.540228
0.649163
0.764120
0.875694
0.951497
0.970777
0.905646
0.795691
0.704745
0.643439
0.607282
0.675621
0.732289
0.727284
0.667625
0.576584
0.477860
0.413222
0.495064
0.562973
0.613449
0.661357
0.671899
0.659842
0.625507
0.557709
0.602839
0.610664
0.658411
0.672923
0.623781
0.526465
0.420642
0.364561
0.359553
0.400198
0.438167
0.464787
0.581143
0.664485
0.672565
0.598695
0.486662
0.379418
0.289902
0.328312
0.405457
0.451322
0.498952
0.515694
0.519834
0.519450
0.517874
0.517490
0.514973
0.500231
0.550148
0.748960
1.012638
1.352129
1.762341
2.251831
2.832053
3.502884
4.156377
4.615718
4.591452
4.212529
3.713368
3.086460
2.538046
2.141454
2.015769
1.914972
1.718185
1.453909
1.597294
1.847438
2.107860
2.304003
2.464421
2.574439
2.545330
2.378276
2.166795
1.943310
1.656325
1.652119
1.933635
2.241007
2.582605
2.945201
3.310670
3.645019
3.720920
3.545171
3.242120
2.954334
2.761793
2.664057
2.444376
2.154090
2.782264
3.233926
2.792623
3.181238
3.620290
3.964190
4.076291
3.827559
3.469613
3.061620
2.668007
2.308957
1.982731
1.679081
1.412256
1.521016
1.724559
1.947456
2.192800
2.323230
2.290323
2.080502
1.821199
1.549777
1.402355
1.411338
1.335462
1.232950
1.127963
0.995864
0.892868
0.912597
0.905269
0.867699
0.990044
1.142421
1.291193
1.394574
1.411963
1.303196
1.152044
0.988363
0.830070
0.695767
0.576738
0.465038
0.363602
0.273738
0.268546
0.401522
0.504702
0.475362
0.442073
0.538418
0.808168
1.174545
1.648200
2.277023
2.689361
2.842685
2.847252
2.689986
2.237293
1.557648
1.205655
1.327095
1.198568
0.907888
0.643146
0.452650
0.403194
0.514664
0.500234
0.380703
0.381041
0.307082
0.201871
0.113661
0.093210
0.139773
0.276725
0.501337
0.757893
0.881053
0.878914
0.748536
0.481212
0.259190
0.112831
0.067654
0.036679
0.008785
0.000000
0.000000
0.000000
0.000000
0.000000
0.000000
0.000000
0.000000
0.000000
0.000000
0.000000
0.000000
0.000000
0.000000
0.000000
0.000000
0.000000
0.000000
0.000000
0.000000
0.000000
0.000000
0.000000
0.000000
0.000000
0.000000
0.000000
0.000000
0.000000
0.000000
0.000000
0.000000
0.000000
0.000000
0.000000
0.000000
0.000000
0.000000
0.000000
0.000000
0.000000
0.000000
0.000000
0.000000
0.000000
0.000000
0.000153
0.022435
0.094888
0.228771
0.433906
0.731296
1.162371
1.660605
1.873680
1.871916
1.646147
1.636002
2.030792
2.338702
2.277780
1.956223
1.571466
1.240908
1.008807
0.810122
0.575979
0.376042
0.221928
0.147499
0.248255
0.305405
0.462236
0.611951
0.725368
0.653719
0.546389
0.391512
0.185642
0.058317
0.004994
0.000000
0.000000
0.000000
0.000000
0.000000
0.000000
0.000000
0.000000
0.000000
0.000000
0.000000
0.000000
0.000000
0.000000
0.000000
0.000000
0.015144
0.077555
0.111709
0.121094
0.123644
0.124155
0.121071
0.105944
0.058373
0.002021
0.000000
0.000000
0.000000
0.000000
0.000000
0.000000
0.000000
0.000000
0.000000
0.000000
0.000000
0.000000
0.004497
0.015905
0.028369
0.028908
0.016479
0.004146
0.000000
0.000000
0.000000
0.000000
0.000000
0.000915
0.001308
0.005226
0.051236
0.148743
0.301736
0.516071
0.796438
1.143847
1.588707
2.118436
2.661195
2.658645
2.135772
1.671285
1.285205
1.412445
1.812764
2.275528
2.803747
3.354237
3.759063
3.891306
3.609544
3.076433
2.567524
2.681903
3.282417
3.810816
3.985453
4.070717
4.434965
4.527369
3.944963
3.257635
2.580497
1.994625
1.510948
1.122908
0.803459
0.550361
0.371037
0.354029
0.422710
0.494333
0.460022
0.341885
0.214843
0.113569
0.047777
0.011425
0.000015
0.000000
0.000000
0.000000
0.000000
0.000000
0.002193
0.048884
0.157170
0.294480
0.344441
0.284997
0.194634
0.208935
0.212099
0.181810
0.130379
0.081198
0.085086
0.078944
0.056784
0.052562
0.064315
0.088834
0.141002
0.202215
0.266251
0.331675
0.402937
0.483620
0.576999
0.697528
0.845311
0.991519
1.080927
1.047102
0.936388
0.806772
0.693645
0.618197
0.640671
0.630984
0.661919
0.728525
0.743545
0.695378
0.598367
0.577218
0.665279
0.735918
0.804367
0.968353
1.260904
1.638958
2.080179
2.538731
3.057507
3.500592
3.498262
3.057138
2.514281
2.023285
1.673459
1.636283
1.468357
1.281204
1.271370
1.268124
1.286155
1.231378
1.036842
0.799156
0.699244
0.659687
0.664118
0.672130
0.658840
0.771505
0.925608
1.112536
1.315747
1.498360
1.643889
1.884523
2.180560
2.498897
2.824221
3.138520
3.349649
3.346200
3.156528
2.899266
2.570491
2.255722
1.986398
1.782032
1.847332
1.740930
1.641551
1.577738
1.606123
1.708341
1.984295
2.334427
2.703085
2.983813
2.971489
2.675082
2.294095
1.990353
2.298838
2.617588
2.855987
2.874305
2.665950
2.386832
2.120107
1.869499
1.726150
2.211510
2.758897
3.332805
3.704405
3.554574
3.122875
2.564961
2.040081
1.631840
1.258331
0.930008
0.823302
0.797555
0.787764
0.837821
0.978086
1.008927
0.958920
0.823171
0.712862
0.685570
0.736419
0.692003
0.600733
0.511371
0.445612
0.412006
0.446126
0.516964
0.559457
0.566832
0.602330
0.596759
0.537081
0.449034
0.353287
0.359237
0.396954
0.413320
0.529674
0.662556
0.797115
0.900639
1.017190
1.042663
0.986286
0.781981
0.662964
0.552233
0.428046
0.477805
0.491853
0.472677
0.543699
0.631389
0.714244
0.800157
0.832568
0.810197
0.786885
0.857653
0.964041
0.997587
0.929883
0.819141
0.721879
0.647608
0.614581
0.619117
0.651858
0.629370
0.554332
0.469853
0.383927
0.326736
0.255702
0.211484
0.194755
0.193260
0.192708
0.211032
0.203215
0.211896
0.228314
0.219727
0.206372
0.183101
0.166787
0.201327
0.352497
0.554598
0.841377
1.216764
1.672969
1.658691
1.166614
0.868667
0.648101
0.573306
0.479371
0.310119
0.191412
0.219549
0.210141
0.188099
0.172288
0.154832
0.119669
0.110339
0.151968
0.210554
0.281117
0.361684
0.435751
0.461611
0.430648
0.347832
0.315417
0.246601
0.189412
0.134202
0.105929
0.123887
0.119728
0.171198
0.233394
0.276029
0.318256
0.386696
0.510710
0.762933
1.088082
1.496792
2.000451
2.603438
3.240399
3.784258
3.832754
3.398767
2.798969
2.332084
2.500832
2.422463
2.102248
2.226330
2.610493
2.857962
2.754101
2.569410
2.214230
1.875135
1.547807
1.235312
1.068868
1.473750
1.911868
2.225831
2.295084
2.181038
2.356625
2.545086
2.600956
2.567831
2.492859
2.411548
2.244888
1.965274
1.500581
1.310787
1.229472
1.185672
1.133043
1.005647
0.728581
0.405100
0.194450
0.139505
0.193430
0.204299
0.157210
0.091707
0.041508
0.011570
0.004932
0.016254
0.049160
0.085285
0.092525
0.071686
0.038198
0.010347
0.000296
0.000000
0.000000
0.000000
0.000000
0.000000
0.000000
0.000000
0.000000
0.000000
0.000000
0.000000
0.000000
0.000000
0.000057
0.021352
0.046018
0.059606
0.063702
0.064403
0.063760
0.063300
0.062644
0.056338
0.035324
0.008436
0.058319
0.105534
0.110368
0.066024
0.013057
0.000000
0.000000
0.000000
0.000000
0.000000
0.000000
0.000000
0.000000
0.000000
0.000000
0.000000
0.000000
0.000000
0.000000
0.000000
0.000000
0.000000
0.000000
0.000000
0.000000
0.000000
0.000000
0.000000
0.000000
0.000000
0.013894
0.079226
0.160931
0.213333
0.227717
0.209306
0.156124
0.077624
0.019375
0.005041
0.010593
0.021689
0.026870
0.007646
0.000219
0.004954
0.010662
0.010816
0.003048
0.000000
0.000000
0.000000
0.004289
0.021325
0.043462
0.057888
0.041850
0.023362
0.042432
0.050377
0.070585
0.087006
0.135704
0.189148
0.189282
0.251796
0.392879
0.589638
0.848483
1.169095
1.520250
1.780282
1.849247
1.658350
1.341180
1.102178
0.956928
1.169261
1.418823
1.483217
1.261410
0.957881
0.671429
0.503155
0.529731
0.603195
0.570767
0.559267
0.808294
1.111346
1.400451
1.446009
1.201705
1.074420
0.906969
0.954575
1.091479
1.326595
1.535283
1.870067
2.256063
2.636444
2.790294
2.648347
2.308962
1.919394
1.859426
2.079724
2.253168
2.240048
2.034049
1.772127
1.517047
1.287290
1.092445
1.240666
1.355790
1.411662
1.455319
1.444505
1.452499
1.439305
1.552166
1.735165
1.957901
2.212517
2.494043
2.783307
3.040890
3.208380
3.199077
3.198945
3.291548
3.266465
3.089233
2.925295
2.811128
2.681604
2.430521
2.145330
1.880644
1.655250
1.805666
1.947711
1.966927
1.845614
1.686190
1.751976
1.721553
1.568329
1.504630
1.456009
1.319153
1.157073
1.068647
0.909952
1.021159
1.196775
1.225280
1.040413
0.769607
0.790740
0.938741
1.076105
1.167678
1.148493
1.040553
0.894219
0.747943
0.870316
0.902200
1.014574
1.265316
1.599687
1.998172
2.447480
2.901201
3.244359
3.301270
3.117888
2.951518
2.850887
2.786453
2.634640
2.435203
2.680646
3.281692
3.980299
4.722350
5.369211
6.071703
6.745952
7.224777
8.239890
9.607098
11.086594
12.389358
13.100174
12.251150
10.860492
9.340403
7.922270
6.725005
6.084029
6.709566
6.706327
6.074131
5.245117
4.543322
4.780732
5.259998
5.458774
5.395805
5.035582
4.405565
3.750541
3.210023
2.838734
2.560807
2.224019
1.863910
1.517689
1.675481
1.808487
1.622091
1.278131
0.975569
0.682993
0.437391
0.472217
0.506363
0.487250
0.531673
0.628502
0.740051
0.893003
1.023434
1.123123
1.226006
1.198058
1.074867
0.919177
0.859741
0.805946
0.675533
0.538842
0.583391
0.676382
0.705011
0.675833
0.612390
0.666778
0.737251
0.737219
0.649887
0.542204
0.620546
0.640359
0.708212
0.831505
0.986007
1.152582
1.275109
1.279974
1.177780
1.018845
0.862704
0.715545
0.628114
0.885941
1.031952
1.062106
0.959254
0.873928
0.801758
0.861614
0.988202
0.918168
0.872987
0.706215
0.549783
0.372909
0.219746
0.245064
0.372182
0.530984
0.711318
0.904754
1.006644
0.938529
0.821655
0.881353
0.935948
1.066209
1.216473
1.372248
1.496582
1.527807
1.478163
1.494467
1.869478
2.015128
1.892633
1.574580
1.280321
0.980877
0.715324
0.619600
0.631732
0.603900
0.760124
0.806153
0.723579
0.573505
0.496528
0.510211
0.436678
0.296159
0.170144
0.152281
0.176779
0.181453
0.188043
0.257304
0.284986
0.251851
0.181395
0.147492
0.347828
0.671753
1.006798
1.159349
1.221652
1.282702
1.344450
1.333709
1.182739
0.854931
0.591807
0.529785
0.627703
0.704475
0.799774
0.929101
1.072411
1.200114
1.279728
1.251308
1.154722
1.212085
1.326628
1.392343
1.327906
1.218069
1.172909
1.181108
1.286805
1.412706
1.443096
1.387102
1.539918
1.706793
1.800977
1.804549
1.799388
1.731320
1.664307
1.688848
1.730706
1.860802
1.942161
1.956141
2.105971
2.246425
2.314322
2.293055
2.305637
2.795577
3.354581
3.991522
4.708245
5.501160
6.313815
6.949832
7.296631
7.238315
6.771360
6.110907
5.755156
6.789781
7.995992
9.329811
10.823606
12.506407
14.336241
16.052231
17.252264
16.690517
15.098655
13.253668
11.458698
9.850009
8.445322
7.324698
7.316251
7.654616
7.812479
8.630361
9.430498
9.843619
10.057520
9.964192
9.640110
9.130848
9.321895
9.077587
8.540672
7.791294
7.864866
7.958456
7.484508
7.904552
8.350381
8.292254
7.717884
6.941273
6.072845
5.256142
4.793001
4.909273
4.993553
4.673723
4.338416
4.533993
4.333601
4.415129
4.775012
5.272134
5.403400
5.243145
4.696212
4.278367
4.716227
5.173252
5.567922
5.863929
5.844809
5.546882
5.284819
5.262616
5.269091
5.085547
5.513737
5.806235
6.130918
6.334863
6.375210
6.116977
5.727167
5.565901
5.875366
6.171227
6.341242
7.068821
7.496931
7.887064
8.275986
8.679303
9.067127
9.431209
9.813052
10.163240
10.339605
10.277111
9.934302
9.488178
9.355767
9.821738
10.326544
10.861411
11.430439
12.029535
12.648104
13.211782
13.574948
13.573632
13.102768
12.486722
12.341947
12.592916
12.516885
12.126142
11.574735
11.042286
10.543947
10.034678
9.533244
9.053691
8.612731
8.575131
8.629746
8.432169
8.024964
7.763955
8.648458
8.969997
8.718047
7.900098
7.051442
6.701111
6.549921
6.648842
6.932432
7.461137
8.048537
8.465587
8.645281
8.481831
7.781910
6.941966
5.909357
5.054765
4.298510
3.629818
3.021652
3.135959
3.038723
2.714058
2.784099
2.873857
3.118777
3.515746
4.028860
4.542853
4.940520
4.924222
4.722856
4.236164
3.637526
3.075065
3.134577
3.699047
4.276856
5.031746
5.936289
6.979273
8.155563
9.331130
10.152251
10.129817
9.255420
8.050307
6.869019
5.825006
5.261697
4.772501
5.303229
5.379280
4.982483
4.512162
3.871116
3.442917
3.822149
3.976367
3.907160
3.740073
3.750353
4.063131
3.906748
3.483297
3.043129
3.194821
3.484295
3.756115
3.956867
4.048557
4.303474
4.797227
5.325913
5.779825
5.997663
5.935113
5.584814
5.121483
4.593385
4.149646
4.256938
4.107098
4.401970
4.679855
4.765263
4.715714
4.819215
4.637587
4.334633
3.974702
3.621140
3.476231
3.463524
3.344818
3.411175
3.703283
3.819808
3.614816
3.246129
2.832118
2.443832
2.104186
2.201481
2.325025
2.322142
2.487795
2.918487
3.357189
3.667409
3.594390
3.226749
2.778679
2.350619
2.262950
2.302251
2.202519
2.028417
1.863017
1.932660
1.861657
1.705245
1.643352
1.508699
1.547676
1.600635
1.688848
1.569094
1.570703
1.344809
1.010495
1.051850
1.137946
1.121880
0.993870
0.856314
0.901828
0.910391
0.838375
0.974279
1.164068
1.374094
1.589138
1.780625
1.863972
1.683788
1.613652
1.572943
1.546058
1.256650
1.059074
0.966408
1.079579
1.274219
1.514887
1.788331
2.102180
2.439181
2.786310
3.105016
3.214077
3.055411
3.296694
3.637949
3.931783
3.804529
3.213386
3.111346
3.392232
3.840615
4.361836
4.828336
5.021900
5.430586
6.034102
6.682693
7.215985
7.549217
6.722005
5.878855
5.530834
5.517521
5.565930
6.178743
6.607033
5.928671
3.023317
1.700198
1.509132
1.253781
1.087019
1.301491
1.703328
2.232792
2.827532
3.353152
3.327104
2.846677
3.115470
3.568981
3.551924
2.036608
0.000000
0.000000
0.000000
0.000000
0.000000
0.000000
0.000000
0.000000
0.000000
