track	type=wiggle_0
fixedStep	chrom=chr	start=1	step=1
0.000000
0.000000
0.000000
0.000000
0.000000
0.000000
0.000000
0.000000
0.000000
0.000073
0.000000
0.000000
0.000000
0.000000
0.000000
0.000000
0.000000
0.000000
0.003608
0.005489
0.005352
0.008632
0.002836
0.097887
0.182434
0.174762
0.112172
0.047396
0.009648
0.000087
0.021699
0.093778
0.219626
0.411769
0.657574
0.881863
0.974655
0.839388
0.610471
0.677239
0.877539
0.627302
0.343837
0.147457
0.048144
0.006536
0.000620
0.000317
0.054031
0.152785
0.194549
0.173337
0.116552
0.064609
0.077526
0.147113
0.243445
0.367955
0.517713
0.672270
0.815081
0.837766
0.745771
0.680320
0.756434
0.717912
0.588773
0.427825
0.408253
0.590142
0.829152
1.111487
1.381003
1.569355
1.479196
1.244644
1.008828
0.784736
0.578883
0.395286
0.295760
0.324509
0.291135
0.203487
0.113307
0.059734
0.044394
0.018347
0.028201
0.049455
0.055140
0.043383
0.126272
0.298189
0.596738
1.157727
1.439969
1.518191
1.531353
1.518191
1.458468
1.247814
0.775609
0.426686
0.196722
0.064284
0.006139
0.006480
0.001334
0.002330
0.004988
0.015991
0.019279
0.011220
0.001372
0.006418
0.021551
0.046663
0.080387
0.115127
0.138510
0.130661
0.189512
0.254754
0.252288
0.183256
0.121482
0.161808
0.405441
0.876301
1.116417
1.182036
1.193614
1.193614
1.193614
1.182036
1.463305
1.938341
2.508864
3.183889
3.920393
4.539216
4.993904
5.003912
5.127339
6.468475
8.131216
8.220824
6.746656
5.310537
4.255164
3.387197
2.646554
2.025898
1.523032
1.147216
0.924231
0.799579
0.661470
0.706608
0.719070
0.612282
0.655833
0.717044
0.792502
0.841662
0.882603
1.083872
1.316606
1.579533
1.873805
2.199346
2.543380
2.879090
3.207415
3.358343
3.271863
3.173445
3.192418
3.184410
2.941906
2.600937
2.609506
2.509431
2.549983
2.529381
2.593652
2.696742
2.985455
3.320861
3.607213
3.579497
3.262440
2.884000
2.521977
2.204632
1.952760
1.695338
1.339624
1.113908
0.914499
0.743630
0.609235
0.575017
0.537475
0.451394
0.365626
0.383172
0.362895
0.461237
0.614183
0.795351
0.923704
0.853526
0.768187
1.294468
1.485615
1.325151
0.855399
0.788637
1.081210
1.313153
1.254884
0.980001
0.782162
0.619308
0.248949
0.145481
0.088098
0.045094
0.000108
0.000000
0.000000
0.000000
0.000000
0.000000
0.000000
0.000000
0.000000
0.000000
0.000008
0.000892
0.004047
0.006167
0.011821
0.008999
0.003040
0.000000
0.000000
0.000000
0.000000
0.000000
0.000000
0.000000
0.000000
0.000525
0.003205
0.004309
0.002864
0.000106
0.000000
0.003830
0.016109
0.034609
0.048880
0.049313
0.042196
0.047995
0.049244
0.046427
0.038227
0.023458
0.009990
0.000463
0.000000
0.000000
0.006151
0.043145
0.093648
0.103883
0.149014
0.288360
0.429284
0.420905
0.361702
0.509177
0.538932
0.404100
0.251471
0.122327
0.039223
0.004132
0.000000
0.000000
0.000000
0.000000
0.006167
0.020659
0.031307
0.028439
0.025570
0.022479
0.012855
0.008722
0.005146
0.003325
0.001662
0.000000
0.000002
0.000000
0.000000
0.000000
0.000000
0.000000
0.000000
0.000000
0.000352
0.013770
0.028027
0.024498
0.071981
0.177751
0.351843
0.598231
0.900232
1.161160
1.185053
0.933546
0.627473
0.372199
0.190167
0.073234
0.012842
0.000000
0.000000
0.000000
0.000000
0.000483
0.006052
0.038747
0.087952
0.124959
0.109968
0.057610
0.035360
0.088227
0.164685
0.248843
0.295926
0.281000
0.205394
0.160764
0.213089
0.290185
0.477926
0.763242
1.114449
1.553689
2.060605
2.100041
1.662806
1.500456
1.820318
2.164784
2.500145
2.658127
2.547777
2.230616
1.866925
1.526432
1.226319
0.967140
0.748558
0.561954
0.403581
0.273142
0.172420
0.102503
0.106857
0.118754
0.087040
0.148202
0.220200
0.248388
0.255523
0.256915
0.259396
0.263617
0.266399
0.374035
0.596516
0.764294
0.739482
0.524858
0.318047
0.161627
0.110826
0.103465
0.099243
0.091397
0.066707
0.023675
0.000000
0.000000
0.000000
0.000000
0.000000
0.000000
0.000000
0.000000
0.000000
0.000000
0.000000
0.000000
0.000000
0.000000
0.000000
0.000000
0.000000
0.000000
0.000000
0.000000
0.000000
0.000000
0.000000
0.000000
0.000000
0.000000
0.000000
0.000000
0.000000
0.000000
0.000000
0.000915
0.018502
0.102045
0.260745
0.515988
0.781666
0.912228
0.949498
0.958019
0.958019
0.958019
0.958019
0.948670
0.901524
0.732159
0.379479
0.204655
0.371064
0.601351
0.856531
1.024601
0.950517
0.747081
0.495718
0.299704
0.215348
0.299839
0.340723
0.453220
0.487486
0.394850
0.261690
0.162274
0.282198
0.505261
0.796220
1.113499
1.453332
1.608380
1.475824
1.135366
0.802835
0.705024
0.939361
1.197233
1.470016
1.600917
1.500880
1.197178
0.915829
0.650611
0.419560
0.407967
0.664325
1.052446
1.611532
1.871530
1.952154
1.967217
1.952153
1.865427
1.572408
0.951190
0.546577
0.289604
0.132800
0.073899
0.116839
0.221852
0.368285
0.501392
0.530708
0.473053
0.335291
0.202910
0.094961
0.157536
0.276937
0.349468
0.352366
0.245907
0.129991
0.069660
0.017747
0.012374
0.007612
0.000000
0.000000
0.000000
0.000000
0.001813
0.013507
0.035496
0.054755
0.050923
0.029546
0.009083
0.000591
0.003486
0.008729
0.019196
0.022954
0.018570
0.029267
0.064065
0.094979
0.094358
0.062953
0.031939
0.034620
0.066527
0.079997
0.068287
0.106514
0.143790
0.134699
0.097606
0.063239
0.047783
0.031748
0.045720
0.048035
0.098780
0.183283
0.296275
0.427500
0.536793
0.530994
0.419491
0.289023
0.182183
0.110500
0.108495
0.238437
0.418203
0.689891
1.050017
1.508335
2.036152
2.305407
2.087020
1.617422
1.328685
1.162418
0.944735
0.714931
0.789617
0.946600
1.053411
1.044920
0.963691
1.180476
1.489697
1.731021
1.805631
2.056093
2.306017
2.820348
3.466918
4.086990
4.414843
4.292324
3.870997
4.562555
5.168442
5.309144
4.985993
4.415792
3.746494
3.121259
2.575836
2.101093
1.697656
1.369604
1.076143
0.816277
0.598770
0.647103
0.804243
0.921511
0.925124
0.814952
0.658910
0.508112
0.384759
0.291234
0.252877
0.193011
0.128798
0.077298
0.037310
0.012520
0.002457
0.000241
0.000000
0.000000
0.000000
0.000000
0.000000
0.000000
0.000000
0.000000
0.000000
0.000000
0.000000
0.000000
0.000000
0.000000
0.000000
0.000000
0.000000
0.000000
0.005339
0.017907
0.034643
0.047463
0.047239
0.044824
0.051957
0.037321
0.036312
0.031255
0.027584
0.028387
0.050124
0.083194
0.110201
0.109942
0.082836
0.102077
0.126018
0.167861
0.205696
0.238995
0.283734
0.323939
0.349207
0.353944
0.427931
0.479592
0.486778
0.453871
0.384603
0.312547
0.306922
0.377566
0.424745
0.420173
0.367328
0.307778
0.248824
0.191378
0.138992
0.092262
0.110004
0.155176
0.214336
0.289420
0.363517
0.413550
0.496288
0.633335
0.747849
0.852159
0.905174
0.813158
0.674686
0.543994
0.465970
0.423753
0.523713
0.619555
0.700007
0.783737
0.806204
0.735374
0.825781
0.978858
1.014205
0.896237
0.700242
0.526236
0.424334
0.396498
0.361758
0.363644
0.492570
0.639399
0.774761
0.836492
0.992808
1.262028
1.359930
1.195742
1.151243
1.507535
2.012489
2.817473
3.553268
3.841701
3.910190
3.922900
3.924695
3.913707
3.838382
3.558540
2.871657
2.759989
2.512847
2.448042
2.487994
3.030039
3.425233
3.565132
3.584302
3.375395
2.877079
2.353131
1.877965
1.765748
2.175426
2.116674
1.561445
1.227030
0.970157
0.658974
0.398481
0.277817
0.347414
0.390267
0.438122
0.462509
0.498393
0.565506
0.597504
0.575535
0.560447
0.506530
0.437640
0.358595
0.273179
0.291760
0.337603
0.332025
0.297273
0.353469
0.433635
0.520816
0.596350
0.614383
0.574973
0.540478
0.632063
0.741183
0.858562
0.991380
1.126723
1.271088
1.401080
1.473231
1.442602
1.351249
1.340872
1.387753
1.485187
1.474420
1.346453
1.155789
1.183821
1.189619
1.222324
1.387786
1.528809
1.560250
1.513997
1.499514
1.515344
1.680432
1.843316
1.977636
2.016652
2.100126
2.245790
2.339491
2.419623
2.503549
2.575710
2.514623
2.386969
2.322647
2.558669
2.802458
2.961226
2.975730
3.248427
3.837432
4.615086
5.303566
5.902583
6.594554
6.592215
5.675982
4.758725
4.782617
5.640748
6.431104
7.073666
7.060539
6.393524
5.591769
4.731425
4.236677
4.914554
5.619070
6.294959
6.846961
6.870028
6.642001
6.712592
7.374468
7.831900
8.499396
9.413145
10.544274
11.697224
12.456793
12.333281
11.529083
10.462773
9.356070
8.323050
7.401138
6.539509
6.165235
6.678853
7.156028
7.620023
7.862169
7.781699
7.337766
6.816263
6.319328
5.891593
6.336417
6.683420
6.777351
6.770210
6.511927
6.765196
6.935799
6.867489
6.541306
6.767855
7.005848
6.837129
6.497619
6.022999
5.515917
5.063293
4.655491
4.320473
4.024809
3.694577
3.369228
3.067338
3.269583
3.339144
3.251035
3.169736
3.043940
3.092216
3.330092
3.510524
3.467366
3.308332
3.785519
4.636429
5.431037
5.718120
5.239101
4.433597
3.669707
3.067796
3.124570
3.226860
3.450953
3.717103
3.901567
3.891534
3.715693
3.427234
3.132832
3.242692
3.449740
3.678066
3.899912
4.115027
4.267294
4.421834
4.437675
4.504201
4.771903
5.049780
5.326512
5.637672
5.937281
6.194861
6.294333
6.242760
6.082792
6.129096
6.036447
5.914722
5.790819
5.664420
5.479908
5.376307
5.147999
4.884882
4.961884
5.116089
5.291286
5.378137
5.351040
5.191885
4.928186
4.615117
4.257919
3.908324
3.589199
3.283760
3.046606
3.264177
3.527826
3.806939
4.063943
4.173084
4.012206
3.707336
3.403440
3.134096
2.892976
2.652954
2.413755
2.183784
2.137479
2.180966
2.131333
2.004489
1.837105
1.648860
1.461616
1.281041
1.111541
0.959905
0.820184
0.693238
0.575410
0.540559
0.670932
0.767203
0.805953
1.076618
1.614282
2.383451
2.756589
2.752537
2.383626
1.654202
1.391998
1.546085
1.571882
1.516275
1.345875
1.654279
2.088807
2.519375
2.702012
2.568070
2.202258
1.946908
2.181925
2.334898
2.260399
1.991063
1.745562
1.644373
1.598795
1.433829
1.260004
1.302231
1.447360
1.580993
1.607447
1.451496
1.355574
1.456262
1.743323
1.999297
2.026423
1.820075
1.726506
2.154973
2.693518
3.280265
3.750169
4.138731
4.533093
4.713546
4.371620
3.737993
3.088045
2.497912
2.001065
1.611773
1.643010
1.574800
1.350759
1.124748
0.944112
0.773760
0.581993
0.408382
0.265070
0.154753
0.075595
0.045905
0.048729
0.033248
0.014426
0.002321
0.000000
0.000000
0.000000
0.000000
0.000000
0.000000
0.000000
0.000000
0.000000
0.001052
0.044629
0.081673
0.093715
0.096300
0.096151
0.091954
0.078744
0.038871
0.000427
0.000000
0.000000
0.000000
0.000000
0.000000
0.000000
0.000000
0.000000
0.000000
0.000000
0.000000
0.000000
0.000000
0.000000
0.000000
0.000000
0.000000
0.000000
0.000000
0.000000
0.000000
0.000000
0.000000
0.000000
0.000000
0.000000
0.000000
0.000000
0.000237
0.036128
0.140350
0.331980
0.638899
0.902737
1.042279
1.114993
1.519739
1.866281
1.915545
1.663453
1.275246
0.938552
0.681674
0.951673
1.273206
1.569047
1.680809
1.527627
1.290229
1.653912
2.120683
2.569221
2.687001
2.898382
3.470755
3.897250
3.179426
2.371220
1.746668
1.304482
0.945852
0.634615
0.394153
0.215418
0.112439
0.163451
0.186732
0.243088
0.294740
0.285257
0.216278
0.158383
0.149378
0.096007
0.046199
0.022016
0.008646
0.003035
0.001862
0.000094
0.000000
0.002816
0.072695
0.188414
0.236796
0.208094
0.142087
0.125261
0.129574
0.125868
0.211644
0.380411
0.576815
0.752117
0.746434
0.544089
0.338315
0.237494
0.328865
0.422298
0.530851
0.637202
0.722003
0.734760
0.678559
0.639864
0.723395
0.858619
0.974542
1.001223
1.092139
1.211150
1.219037
1.114524
0.999999
0.932206
0.838657
0.831616
0.839715
0.860559
0.937148
0.946603
1.049414
1.209052
1.281493
1.201384
1.118070
1.065718
1.277730
1.546892
1.853793
2.191952
2.507705
2.655354
2.612748
2.391084
2.281271
2.082549
1.936252
1.746592
1.907161
2.005563
1.931018
2.054362
2.252894
2.337633
2.244733
2.621897
3.081914
3.545966
3.773229
3.709981
3.738933
4.107443
4.524360
5.155729
5.970831
6.844903
7.653528
8.596732
9.635306
10.481773
10.434789
9.491153
8.381409
7.313720
6.478856
6.127766
6.345345
6.211350
6.195385
5.868307
5.238023
4.582997
4.022308
3.816120
4.145222
4.093926
3.722903
3.249626
2.801797
2.581619
2.499053
2.630848
2.624718
2.459124
2.692012
3.056640
3.330580
3.444341
3.619378
3.744495
3.667302
3.371416
3.023697
2.674624
2.357893
2.114163
2.037716
1.903621
1.737831
1.532201
1.580100
1.633198
1.586133
1.571056
1.601830
1.504504
1.349565
1.347033
1.538462
1.760963
1.987473
2.139662
2.138084
1.967076
1.724684
1.506827
1.360827
1.454419
1.591644
1.588480
1.471212
1.513822
1.989940
2.512390
2.933683
2.945436
3.952257
4.343603
4.039693
3.065923
2.193750
1.586813
1.107729
0.729831
0.442774
0.238555
0.147381
0.129024
0.153483
0.147490
0.195141
0.298551
0.432073
0.591879
0.778217
0.981803
1.127691
1.136706
1.005424
0.810199
0.628312
0.550159
0.633539
0.736412
0.718034
0.607152
0.466084
0.340551
0.302988
0.315230
0.270675
0.226905
0.391184
0.587697
0.746510
0.760995
0.629699
0.470682
0.369582
0.365224
0.370652
0.513769
0.701423
0.801139
0.905151
1.181437
1.190286
0.942067
0.587853
0.412983
0.332466
0.450573
0.578943
0.843623
1.264664
1.768415
2.015856
1.736745
1.247270
0.843964
0.518992
0.357066
0.291548
0.218271
0.132660
0.088409
0.045996
0.027804
0.019027
0.010436
0.000115
0.000000
0.000000
0.000000
0.000000
0.000000
0.000000
0.000000
0.000000
0.000000
0.000000
0.000000
0.000000
0.000000
0.000000
0.000000
0.000000
0.000000
0.000000
0.000000
0.000000
0.000000
0.000000
0.000000
0.000000
0.000000
0.000000
0.000000
0.000000
0.000000
0.000000
0.000000
0.000299
0.000000
0.000000
0.000000
0.000000
0.000000
0.000000
0.000000
0.000000
0.010907
0.027286
0.026782
0.012131
0.000000
0.000000
0.000000
0.000013
0.000000
0.000000
0.000000
0.000000
0.000000
0.000000
0.000000
0.000000
0.000000
0.000000
0.000000
0.000000
0.000000
0.000000
0.000000
0.000000
0.000000
0.000000
0.000000
0.000000
0.000000
0.000000
0.000000
0.001274
0.013961
0.053554
0.037132
0.002491
0.000000
0.000000
0.000000
0.000000
0.000000
0.000000
0.000000
0.000000
0.009596
0.033744
0.083282
0.126720
0.130018
0.090991
0.041427
0.069125
0.134896
0.222348
0.318084
0.384127
0.367280
0.298655
0.215445
0.208326
0.262279
0.271099
0.238140
0.202203
0.251471
0.312200
0.364990
0.477948
0.599814
0.687217
0.694875
0.614611
0.488014
0.362604
0.264647
0.356654
0.545007
0.772870
1.001399
1.205800
1.526880
1.832291
1.971507
1.819575
1.502718
1.448300
1.359829
1.437145
1.706325
1.816798
1.761720
2.090220
2.558768
2.734800
2.780391
2.789367
2.774831
2.684048
3.246526
3.921417
4.613209
5.118581
5.122854
4.646553
4.082941
3.799171
3.742085
3.739236
3.981602
4.256050
4.259182
3.882754
3.280227
2.704574
2.214906
1.859365
1.632336
1.830341
2.448112
3.325743
4.193068
4.563507
4.655840
4.662900
4.657838
4.625719
4.511672
4.103471
3.127409
2.230330
1.682350
1.744444
1.826941
1.852199
1.738742
1.550194
1.347921
1.413634
1.575125
1.736471
1.896171
2.006667
2.016523
1.985355
2.044271
2.009304
2.076064
2.189731
2.249076
2.302557
2.508146
2.717068
2.838166
2.904787
3.079602
3.343724
3.653610
3.859246
3.871281
3.683113
3.402083
3.245896
3.513274
3.807269
4.057441
4.322495
4.465804
4.712369
5.037098
5.317513
5.372590
5.181626
4.928360
4.882304
5.226460
5.477609
5.485899
5.222362
4.849067
4.796205
4.618346
4.463636
4.459982
4.589968
4.714018
4.775827
4.666483
4.386440
4.162730
4.492811
4.850685
5.227748
5.473033
5.456671
5.237972
5.732177
6.377323
7.048467
7.745867
8.435724
9.102333
9.612133
9.571157
9.010579
8.290490
7.527016
6.864557
6.319197
5.952368
5.722089
5.761687
5.480870
5.143333
5.546537
5.770557
5.457005
4.893313
5.144094
5.976248
6.880839
7.924912
9.001588
9.744043
9.800543
11.489747
12.971486
12.890690
11.374872
9.995105
8.881167
7.974936
7.948453
7.338882
6.637228
7.431630
7.690132
7.468338
6.641502
5.209020
4.088277
3.264354
2.642621
2.908707
2.855071
2.426370
2.278676
2.338265
2.331602
2.403020
2.555647
2.654252
2.811792
3.018001
3.156230
3.185234
3.231577
3.224729
3.106244
3.013324
3.035418
3.138377
3.095818
2.955672
2.792280
2.755314
2.697282
2.524351
2.580180
2.571792
2.698054
2.914868
3.051996
3.186502
3.244209
3.145809
3.244074
3.464345
3.645677
3.737556
3.674445
3.942735
4.066612
4.038961
3.796559
3.461730
3.123661
2.791510
2.477329
2.184809
1.986209
1.972448
1.830590
1.639219
1.648019
1.850165
2.084368
2.328483
2.547120
2.651048
2.639230
2.474207
2.252019
2.072708
2.209654
2.297189
2.343743
2.267427
2.153892
2.017093
2.029111
2.233803
2.346743
2.323168
2.282597
2.134210
1.987813
1.896129
1.700775
1.500773
1.518868
1.404434
1.330491
1.585093
1.918578
2.298845
2.723101
3.214575
3.738346
4.168402
4.378674
4.310787
3.940603
3.619872
4.247397
4.951585
5.766757
6.684536
7.728114
8.902402
10.180001
11.492485
12.726989
13.085246
12.460978
11.111762
9.726140
8.542745
7.672134
7.159060
6.396314
5.650663
5.301407
5.063147
4.534825
4.085357
3.966279
4.247989
4.218294
3.906017
3.590835
3.400793
3.188773
3.236347
3.085680
3.178080
3.114808
2.826225
2.477371
2.162507
1.839103
1.532731
1.584687
1.618168
1.574262
1.488360
1.510044
1.443186
1.387551
1.299526
1.166759
1.036698
1.175479
1.340515
1.492179
1.570168
1.618051
1.726385
1.991877
2.212013
2.287016
2.153539
2.067523
2.309531
2.588260
2.885375
3.187426
3.420812
3.563451
3.442452
3.176889
2.864037
2.557001
2.647078
2.619956
2.497346
2.584469
2.642993
2.565795
2.387712
2.157408
2.285702
2.455077
2.753367
3.040200
3.285930
3.540875
3.691166
3.550870
3.310308
3.268243
3.405608
3.735162
3.934760
3.879436
4.002704
4.336551
4.633213
4.846340
5.039100
5.047828
4.877761
4.704403
4.806832
4.722400
4.523916
4.277077
3.969978
3.704248
3.587084
3.593750
3.648785
3.740608
3.705727
3.545210
3.694143
3.967393
4.099486
4.042620
3.897128
4.371747
4.834373
4.938873
4.646964
4.051984
3.434268
3.237819
3.112150
2.986111
3.416430
4.262904
5.247342
6.381490
7.590111
8.517664
8.657914
7.882033
6.731683
5.610943
4.612448
3.753591
3.136369
2.980843
2.665252
2.406175
2.539026
3.020983
3.513800
3.930794
4.277549
4.259694
3.969202
4.002055
4.492055
4.779619
4.998891
5.006757
4.626297
4.167726
3.587459
3.024502
2.539753
2.543390
2.946640
3.151525
2.944716
2.493183
2.355024
2.705416
3.075089
3.390616
3.554318
3.705788
3.652587
3.380105
3.045756
2.812632
2.922938
3.447581
4.213898
4.915207
4.838353
4.023111
3.104899
2.735834
3.032461
3.293769
3.414263
3.309621
3.046927
2.730687
2.537715
2.961555
3.398871
3.601161
3.475209
3.078769
2.673906
2.614576
2.547754
2.796146
3.023563
2.874350
2.405880
2.001653
1.848527
2.132291
2.538320
3.032831
3.451844
3.776729
3.966154
3.972719
3.885165
3.904008
3.878467
3.748808
3.547778
3.361547
3.393585
3.409902
3.254128
3.322543
3.235884
2.999635
2.725283
2.800659
2.922084
2.862828
2.634028
2.389801
2.145413
1.914906
1.946534
1.943331
2.204474
2.441827
2.684056
2.876907
2.943983
2.907354
2.898792
3.284632
3.409676
3.273670
2.917994
2.755710
2.639728
2.622776
2.544085
2.688881
2.691261
2.433033
2.363732
2.310639
2.214799
2.115484
2.191733
2.222280
2.424628
2.530211
2.569737
2.490115
2.353892
2.384375
2.354552
2.270397
2.361875
2.476851
2.622998
2.831934
2.999290
3.039224
2.892642
2.700492
2.447336
2.199014
1.993676
1.898405
1.845652
1.937897
2.063999
2.079069
2.548156
3.226520
3.913069
4.478798
4.458403
3.869015
3.179636
2.512869
1.957984
1.648814
1.495699
1.424890
1.592574
1.817289
2.039410
2.141615
2.054324
1.822022
1.664300
1.860883
1.949836
1.916240
1.754189
1.609915
1.848340
2.146419
2.412413
2.518843
2.388337
2.094372
1.974030
2.132619
2.120075
1.932675
1.734383
1.563703
1.649785
1.834036
2.006808
2.089146
2.172274
2.217658
2.131404
1.996672
1.828523
1.656714
1.688539
1.838863
2.027491
2.159859
2.172861
2.048476
1.846052
1.634513
1.431651
1.252388
1.120271
1.037621
1.014814
1.103204
1.080283
0.961524
0.830697
0.706180
0.790204
1.021584
1.297546
1.612744
1.922125
2.050073
2.017409
1.715788
1.827759
2.191425
2.529810
2.833592
3.131386
3.437023
3.763745
4.092455
4.378378
4.530447
4.691901
4.646975
3.722719
2.480273
2.125255
1.784531
1.683273
1.788427
1.969825
2.190279
2.389797
2.503091
2.312118
1.413891
0.899676
0.866982
0.977766
1.147162
1.347154
1.568777
1.806713
2.039157
2.234057
2.396426
2.344310
1.729206
1.363543
1.416417
1.570566
1.724289
1.736499
1.402882
1.080360
0.470909
0.289853
0.176752
0.142827
0.065433
0.027083
0.010170
0.021370
0.051469
0.101004
0.165884
0.233913
0.295509
0.379699
0.477890
0.612441
0.779219
0.950912
1.099330
1.123059
1.550258
2.081367
2.722993
3.453973
4.231238
4.894437
4.964612
4.425061
3.969072
3.664238
3.144012
2.621101
2.490623
2.004583
1.500440
1.168801
0.721087
0.708389
0.865949
1.055456
1.111923
0.650401
0.474316
0.383057
0.208238
0.192778
0.260241
0.379211
0.518622
0.667423
0.716771
0.507439
0.544532
0.730328
0.943959
1.197274
1.309664
0.755968
0.344005
0.001964
1.247814
0.627509
0.265167
0.073524
0.121083
0.288031
0.468283
0.000000
0.000000
0.000000
0.000000
0.000000
0.000000
0.000000
0.000000
0.000000
