track	type=wiggle_0
fixedStep	chrom=chr	start=1	step=1
0.000000
0.000000
0.000000
0.000000
0.000000
0.000000
0.000000
0.000000
0.000000
0.000000
0.000000
0.009541
0.054243
0.389761
0.821684
1.063288
1.003522
0.761058
0.831767
1.046020
0.773410
0.458677
0.236460
0.247767
0.409172
0.636746
0.918816
1.243712
1.517361
1.528778
1.260400
0.969295
0.719672
0.927045
0.999147
0.824828
0.906325
0.840780
0.664324
0.469301
0.321938
0.377973
0.389104
0.310497
0.183683
0.082401
0.022537
0.016531
0.089026
0.218695
0.455758
0.795264
0.924927
0.954271
0.924927
0.791191
0.440952
0.186417
0.054895
0.003324
0.000000
0.000000
0.000000
0.000000
0.000000
0.000000
0.000000
0.000000
0.000000
0.000000
0.000000
0.000000
0.000000
0.000000
0.001894
0.030431
0.074590
0.109990
0.142930
0.186089
0.247974
0.320658
0.390280
0.464503
0.557867
0.622256
0.649010
0.602719
0.519495
0.422929
0.352488
0.388229
0.372975
0.304933
0.233872
0.170269
0.150758
0.224902
0.314265
0.406115
0.492174
0.608443
0.688080
0.731536
0.685881
0.605303
0.831588
1.290476
2.147105
2.565269
2.678991
2.678991
2.594599
2.290884
1.923874
1.968394
2.104587
2.032176
2.007441
2.305779
2.747374
3.274649
3.786548
3.888430
3.402921
2.757344
2.173093
1.659775
1.230985
0.882559
0.610001
0.487021
0.343621
0.226322
0.207330
0.183361
0.294679
0.462896
0.622339
0.663781
0.563182
0.420188
0.253745
0.132394
0.078657
0.080751
0.045977
0.010656
0.000000
0.000000
0.000000
0.000000
0.000000
0.000000
0.000000
0.000000
0.000000
0.000000
0.012218
0.026447
0.030859
0.031856
0.031856
0.030859
0.025539
0.009944
0.000000
0.000000
0.000000
0.000000
0.000000
0.000000
0.000000
0.000000
0.000000
0.000000
0.000000
0.000000
0.021183
0.043827
0.051458
0.103361
0.111634
0.062197
0.072667
0.089736
0.107580
0.100053
0.070883
0.050039
0.035086
0.017122
0.000000
0.000000
0.000000
0.000000
0.000000
0.000000
0.000000
0.000000
0.000000
0.000000
0.000000
0.000000
0.000000
0.000000
0.000000
0.000000
0.000000
0.000000
0.005707
0.092691
0.167696
0.200407
0.222862
0.227960
0.229377
0.225827
0.209062
0.153066
0.042257
0.000675
0.000000
0.000000
0.000000
0.000000
0.000000
0.000000
0.004065
0.076538
0.182416
0.218501
0.226746
0.218501
0.181845
0.078171
0.009035
0.000029
0.000000
0.000000
0.000000
0.000000
0.000000
0.000000
0.000031
0.000000
0.000000
0.000608
0.005652
0.011628
0.009941
0.003208
0.006655
0.005916
0.001975
0.007579
0.005053
0.000431
0.002811
0.013285
0.035213
0.068474
0.107896
0.155221
0.203879
0.273597
0.343741
0.383678
0.362130
0.329996
0.417424
0.539570
0.685214
0.855050
1.045623
1.246472
1.462656
1.855983
2.286303
2.659347
2.891981
2.839937
2.461629
2.036700
1.660268
1.320171
1.110239
1.063439
1.050959
1.021213
0.941952
0.780350
0.589065
0.426184
0.290834
0.192269
0.184430
0.196391
0.225507
0.276151
0.288678
0.246016
0.218881
0.399886
0.634940
0.861928
1.082071
1.421409
1.576038
1.334393
0.852717
0.510622
0.284205
0.277747
0.378082
0.392077
0.300082
0.192822
0.115218
0.093647
0.050323
0.027335
0.004651
0.000009
0.012107
0.064035
0.161307
0.277929
0.426487
0.545757
0.588280
0.588280
0.544126
0.417311
0.182302
0.065031
0.028402
0.008293
0.031849
0.071920
0.100258
0.071513
0.029485
0.003454
0.000000
0.000000
0.000000
0.000000
0.000000
0.000000
0.000000
0.000000
0.000003
0.027100
0.112943
0.263571
0.482586
0.777156
0.784955
0.513198
0.270792
0.135168
0.058147
0.007915
0.000000
0.000000
0.000000
0.000000
0.000000
0.000000
0.000000
0.000000
0.000000
0.000000
0.000000
0.000000
0.000000
0.000469
0.000270
0.000000
0.000000
0.000000
0.000000
0.000000
0.000000
0.000000
0.000000
0.000000
0.000000
0.000000
0.000000
0.000000
0.001367
0.053334
0.098543
0.118214
0.131867
0.145554
0.145554
0.131713
0.117563
0.096362
0.049456
0.000458
0.000000
0.000000
0.000000
0.000000
0.000000
0.000000
0.000000
0.000060
0.000746
0.000963
0.000963
0.000963
0.000746
0.000108
0.000000
0.000000
0.000000
0.000000
0.000000
0.000000
0.000000
0.000000
0.000000
0.000000
0.000000
0.002666
0.031674
0.082613
0.111542
0.098466
0.041859
0.005344
0.001407
0.009813
0.012549
0.048743
0.119009
0.226879
0.362665
0.552725
0.806977
1.129365
1.526545
2.011086
2.615236
3.169230
3.574572
3.479664
3.010872
2.782996
3.365596
3.938524
4.235909
4.161990
3.693821
3.121254
2.558561
2.073252
1.691312
1.379732
1.131866
1.268220
1.327843
1.539746
1.738013
2.162921
2.538136
2.590297
2.331380
1.929421
1.535119
1.171916
0.862312
0.616424
0.601879
0.761395
0.919725
1.023231
1.020804
0.916200
0.760202
0.618953
0.488748
0.560564
0.646029
0.659705
0.782521
0.895783
0.900087
0.792040
0.636190
0.746955
0.869649
0.972265
1.003075
1.001540
0.980476
1.130833
1.306405
1.496697
1.696647
1.884789
2.048184
2.211554
2.233104
2.091099
1.903101
2.027299
2.291052
2.548178
2.740832
2.766460
2.644398
2.408223
2.144829
1.910959
1.847621
1.957100
1.934699
1.807195
1.615662
1.415624
1.225532
1.411372
1.671685
1.951396
2.219556
2.491856
2.631665
2.584988
2.798167
2.640521
2.381607
1.999891
1.780613
1.854063
1.871093
1.985009
1.957689
1.946455
1.958718
2.055436
2.467952
3.224993
4.258206
5.692539
6.355838
6.535126
6.535128
6.382545
5.829365
5.824014
5.810824
5.377476
4.823812
4.262207
3.746875
3.277100
2.848030
2.534685
3.053632
3.639752
4.282057
4.866332
5.499661
5.930055
6.722050
7.686886
8.576734
8.955993
8.582870
7.699121
6.688694
5.736692
4.894646
4.154012
3.514376
2.994340
2.508942
2.062685
1.673717
1.357054
1.087310
0.842658
0.751266
0.699729
0.591875
0.486618
0.472739
0.527331
0.522360
0.458005
0.388373
0.323641
0.271085
0.264733
0.339118
0.397267
0.419574
0.532090
0.651796
0.740378
0.727424
0.666356
0.680326
0.619510
0.537645
0.457180
0.432821
0.510328
0.539239
0.514687
0.444977
0.359720
0.275220
0.251055
0.276247
0.339447
0.380302
0.362374
0.323250
0.330408
0.400619
0.451075
0.455335
0.512996
0.559535
0.539074
0.519601
0.489791
0.673715
0.954846
1.306782
1.724661
2.156473
2.432784
2.379211
1.998441
1.570406
1.817050
2.212700
2.152351
1.621695
1.155273
0.779774
0.487749
0.443450
0.518570
0.598658
0.721759
0.727601
0.611609
0.459928
0.375061
0.491142
0.645366
0.827474
1.011071
1.227281
1.380189
1.377350
1.220035
1.001773
0.778315
0.594842
0.456256
0.423548
0.808076
1.132277
1.222404
1.132567
0.814150
0.510189
0.552951
0.626666
0.726984
0.821184
0.943696
1.101335
1.305688
1.503711
1.664487
1.687959
1.557625
1.393268
1.206811
1.026609
0.884810
0.777443
0.683493
0.645847
0.642033
0.737967
0.728767
0.685703
0.588451
0.616238
0.788801
0.953024
1.147844
1.359421
1.585678
1.847855
2.147840
2.382044
2.379678
2.129807
1.818878
1.505732
1.223882
0.974476
0.874177
0.792764
0.776700
1.014330
1.320418
1.484554
1.398059
1.677886
2.181316
2.850778
3.473718
3.455392
2.832420
2.329096
2.136643
1.832301
2.014135
2.442259
2.380159
1.799735
1.474016
1.186382
0.850908
0.736339
0.980213
1.213594
1.446978
1.754887
2.145159
2.545357
2.866386
2.840915
2.482815
2.014103
1.586140
1.228944
0.933800
0.688517
0.488653
0.396431
0.320791
0.284133
0.243639
0.289122
0.369099
0.462493
0.566547
0.674201
0.776307
0.850964
0.912616
0.927918
0.893136
0.823808
0.923162
1.058952
1.214557
1.370567
1.477007
1.494387
1.414864
1.273820
1.121687
0.976087
0.840090
0.730711
0.769143
0.759746
0.699178
0.619490
0.546956
0.505736
0.438552
0.360361
0.288153
0.298024
0.345641
0.372662
0.351516
0.300843
0.258666
0.227879
0.225168
0.298927
0.354575
0.365728
0.322258
0.252188
0.213842
0.247768
0.305063
0.540130
0.751459
0.695338
0.634532
0.583608
0.551890
0.535014
0.528891
0.528173
0.521888
0.485653
0.538071
0.758628
1.015454
1.345693
1.760849
2.255446
2.842356
3.516810
4.142446
4.611845
4.605591
4.088384
3.360276
2.670897
2.115253
1.757921
1.844811
1.945489
1.800526
1.541742
1.230018
0.997361
1.125281
1.384726
1.690691
1.999547
2.200600
2.153557
1.901449
1.569752
1.265248
1.060534
1.330610
1.522560
1.524014
1.332394
1.352972
1.523942
1.615843
1.511707
1.313420
1.288741
1.708289
2.109270
2.420949
3.039059
3.873852
4.463797
3.898355
3.082869
2.382688
1.998519
2.092727
2.000170
1.737915
1.468182
1.222024
1.016642
0.886251
0.755914
0.666850
0.741610
0.890098
1.054700
1.184188
1.226402
1.134342
0.964420
0.785183
0.612753
0.467198
0.367304
0.355652
0.358547
0.373155
0.348809
0.337572
0.363228
0.326626
0.260239
0.197383
0.214825
0.250336
0.240706
0.194950
0.136528
0.083423
0.058964
0.143924
0.289128
0.497241
0.763209
1.080370
1.469544
1.800123
1.822954
1.542151
1.235239
1.060308
0.919409
0.900251
1.206945
1.698959
2.350640
2.773687
2.920461
2.914455
2.739927
2.233614
1.463400
0.966255
0.636775
0.405052
0.318485
0.442602
0.465034
0.545855
0.659251
0.758362
0.823485
0.831201
0.773053
0.676053
0.552610
0.424852
0.255110
0.282968
0.513294
0.774925
0.900158
0.898125
0.765730
0.493715
0.265915
0.117113
0.070053
0.038134
0.009060
0.000000
0.000000
0.000000
0.000000
0.000000
0.000000
0.000000
0.000000
0.000000
0.000000
0.000000
0.000000
0.000000
0.000000
0.000000
0.000000
0.000000
0.000000
0.000000
0.001372
0.021126
0.037165
0.042520
0.041673
0.033115
0.011176
0.000000
0.000000
0.000000
0.000000
0.000000
0.000000
0.000000
0.002510
0.034169
0.104974
0.210129
0.296479
0.292843
0.215043
0.129747
0.067047
0.046465
0.037854
0.040278
0.061544
0.139574
0.267739
0.458594
0.717422
1.050211
1.469207
1.970420
2.533085
2.999861
3.003029
2.546990
1.994859
1.486925
1.251000
1.570976
1.983854
2.410923
2.607876
2.567807
2.291138
1.858871
1.428673
1.072576
0.792554
0.573059
0.384639
0.300977
0.334642
0.539409
0.775654
0.931166
0.874482
0.547036
0.267690
0.120737
0.035311
0.001302
0.000000
0.000000
0.000000
0.000000
0.000000
0.000000
0.000000
0.000000
0.000000
0.000000
0.000000
0.000000
0.000000
0.000000
0.009403
0.080711
0.126851
0.136145
0.137243
0.137175
0.132234
0.113565
0.055299
0.006375
0.003349
0.004930
0.009190
0.020933
0.024915
0.018203
0.007301
0.011058
0.011540
0.005694
0.001001
0.000000
0.000000
0.000000
0.000000
0.000000
0.000000
0.013254
0.049150
0.092554
0.105124
0.077428
0.035974
0.016570
0.023214
0.069207
0.143564
0.237196
0.337085
0.557593
0.854585
1.235660
1.706581
2.254427
2.797642
2.766212
2.206409
1.705907
1.295332
1.481493
1.895313
2.372603
2.917832
3.483614
3.901236
4.034430
3.744072
3.216122
2.961454
3.486363
4.015574
4.374010
4.379143
4.217042
4.578573
4.654776
4.036707
3.346753
2.693245
2.147509
1.972648
1.879857
1.737683
1.438395
1.101654
0.796566
0.632442
0.542880
0.495039
0.411766
0.300287
0.199086
0.173104
0.168553
0.164874
0.153904
0.123389
0.064542
0.066624
0.107416
0.156964
0.221523
0.298284
0.391843
0.503513
0.626604
0.729081
0.772717
0.804360
0.730686
0.611893
0.492228
0.398103
0.326671
0.249426
0.188593
0.152413
0.187568
0.254413
0.344641
0.433551
0.505627
0.532910
0.571061
0.645588
0.774444
0.941720
1.126992
1.293307
1.395708
1.507106
1.671493
1.759377
1.719604
1.625931
1.484723
1.347965
1.321033
1.427161
1.537954
1.624913
1.771060
1.952496
2.157820
2.346167
2.437966
2.400659
2.256179
2.217622
2.714494
3.269637
3.739135
3.737775
3.264859
2.682724
2.299722
2.029865
1.745691
1.564537
1.361831
1.354905
1.357317
1.386704
1.353323
1.172709
1.182792
1.395853
1.614153
1.850488
2.071056
2.254320
2.540437
2.890137
3.289959
3.712217
4.147174
4.486922
4.673476
4.682896
4.764754
4.800776
4.874341
4.669676
4.303591
4.566131
4.688450
4.446203
4.036220
3.593755
3.389752
3.937670
4.564963
5.218404
5.800852
6.060988
5.778444
5.183495
4.526869
3.897569
3.327138
2.824136
2.379142
2.010208
1.829609
1.724117
1.704753
1.815237
1.776840
1.587795
1.379558
1.247495
1.632171
2.098171
2.623150
3.261084
3.927228
4.398670
4.412000
3.953340
3.283471
2.650039
2.137979
1.682456
1.289438
0.959750
0.693071
0.489704
0.548430
0.737622
0.926178
1.039703
1.018257
1.053211
1.070138
0.969378
0.769542
0.581353
0.414270
0.331880
0.430617
0.521680
0.606750
0.693700
0.742254
0.707512
0.627443
0.530099
0.490329
0.401763
0.429732
0.485316
0.514253
0.538957
0.505676
0.533905
0.625397
0.737094
0.798224
0.806227
0.731910
0.727776
0.707649
0.634857
0.657198
0.719939
0.865019
0.963700
1.004563
0.943350
0.821760
0.632103
0.680585
0.806436
0.950994
1.086673
1.203251
1.273380
1.222233
1.115880
1.000125
0.883162
0.779312
0.726625
0.646291
0.565163
0.520915
0.505732
0.520409
0.472568
0.427685
0.413155
0.438543
0.526610
0.607615
0.636999
0.600798
0.518735
0.607390
0.715742
0.782675
0.782791
0.731671
0.675506
0.597696
0.490663
0.394979
0.557316
0.535718
0.432464
0.368988
0.295368
0.349452
0.384891
0.282410
0.225901
0.283416
0.365919
0.451684
0.542076
0.640309
0.779169
0.908539
0.991392
1.002728
0.903685
0.927906
1.128435
1.383886
1.686298
2.021293
2.308952
2.429935
2.287850
2.007516
1.729249
1.613682
1.916837
2.229327
2.482749
2.545580
2.413234
2.169819
1.877758
1.592324
1.326481
1.086164
0.904108
0.823738
0.700748
0.581911
0.731367
0.655107
0.515123
0.326058
0.294431
0.347495
0.365245
0.416121
0.581329
0.647888
0.665445
0.645297
0.644527
0.565187
0.574727
0.853930
1.221532
1.642693
2.045046
2.322215
2.367601
2.245055
2.429036
2.600957
2.643256
2.599634
2.515521
2.428413
2.263356
1.982273
1.518119
1.326817
1.244241
1.196604
1.142258
1.017214
0.746357
0.421350
0.205607
0.129907
0.183549
0.194763
0.147266
0.081513
0.033961
0.007377
0.003018
0.009226
0.037409
0.069429
0.075574
0.056653
0.027175
0.004943
0.000000
0.000000
0.000000
0.000000
0.000000
0.000000
0.000000
0.000000
0.000000
0.000000
0.000000
0.000000
0.000000
0.000000
0.000019
0.020141
0.044291
0.057258
0.061763
0.062116
0.060985
0.060996
0.060268
0.054509
0.033923
0.006809
0.054723
0.102046
0.106760
0.062300
0.011139
0.000000
0.000000
0.000000
0.000000
0.000000
0.000000
0.000000
0.000000
0.000000
0.000000
0.000000
0.000000
0.000000
0.000000
0.000000
0.000000
0.000000
0.000000
0.000000
0.000000
0.000000
0.000000
0.000000
0.000000
0.000000
0.011450
0.069782
0.138660
0.173082
0.179292
0.170327
0.134804
0.069174
0.017942
0.023724
0.082669
0.126832
0.144397
0.090652
0.114466
0.149809
0.190560
0.240802
0.303631
0.398940
0.390852
0.282839
0.204382
0.145869
0.117325
0.219535
0.325606
0.558048
0.873798
1.033515
1.073623
1.041119
0.868888
0.521208
0.520560
0.477688
0.558645
0.614657
0.583009
0.539090
0.690344
0.898797
1.145447
1.401927
1.585188
1.591203
1.393206
1.118305
0.867561
0.664596
0.501950
0.380540
0.267846
0.171098
0.094632
0.076246
0.077731
0.047205
0.028648
0.031069
0.068889
0.139290
0.256582
0.400733
0.578861
0.697060
0.971683
1.305111
1.458844
1.331133
0.995373
0.680081
0.450174
0.337805
0.212131
0.156441
0.247797
0.376778
0.455925
0.716342
1.167403
1.364357
1.361982
1.152583
0.668100
0.381616
0.458432
0.506097
0.528544
0.652632
0.821422
0.886984
0.908755
0.982305
1.010943
0.944024
0.849369
0.742662
0.737845
0.834382
0.875449
0.938692
0.991380
0.962572
0.906180
0.946389
0.965129
0.971218
1.072383
1.120029
1.207742
1.267782
1.246311
1.134504
1.047835
1.065986
1.180512
1.208375
1.304812
1.395487
1.541110
1.687906
1.775293
1.735204
1.594263
1.759980
1.867342
1.983581
2.194299
2.414084
2.506390
2.608566
2.750758
2.868895
2.845755
2.735559
2.528456
2.262529
1.981471
1.824353
1.618150
1.402912
1.312280
1.565665
1.897537
2.208640
2.358598
2.587000
2.823705
3.087152
3.403808
3.690527
3.821495
3.995400
4.448014
4.992268
5.586885
6.214437
6.753299
6.912840
6.635438
6.040118
6.746245
7.952219
9.301791
10.750620
12.040036
12.764243
11.930784
10.541399
9.026286
7.619996
6.400636
6.887878
7.856234
8.981121
10.103020
10.679490
10.315550
9.525037
9.703115
9.987278
9.741265
9.178922
8.268814
7.396457
6.663276
5.969529
5.219747
4.611145
4.405689
4.675176
4.718911
5.023037
5.263168
5.274852
5.032439
4.530520
3.997231
3.504833
3.072609
2.710942
2.551418
2.684745
2.689137
2.684660
2.554251
2.593909
2.644275
2.697175
2.677543
2.567802
2.445779
2.274456
2.431756
2.672522
2.892255
3.039776
2.993516
2.795667
2.541925
2.295158
2.038005
2.070028
2.209482
2.379054
2.531606
2.683470
2.707608
2.613835
2.464734
2.541575
2.730856
2.741155
2.584900
2.399051
2.182795
1.924359
1.661612
1.434787
1.398862
1.336800
1.173595
1.015352
0.904244
0.866152
0.992829
0.922093
0.876240
0.710668
0.627145
0.717769
0.732181
0.792603
1.056449
1.149439
1.100406
1.122703
1.261202
1.483771
1.719174
1.899297
2.087556
2.283058
2.486242
2.718618
2.954979
3.112845
3.153419
3.022473
2.793395
2.558806
2.433750
2.738414
2.988633
3.067649
2.922845
2.682735
2.857613
2.686206
2.371779
1.918944
1.486558
1.166643
1.202043
1.227786
1.543954
1.752109
1.714012
1.610614
2.029370
2.756095
3.845130
5.360969
6.128540
6.359486
6.360693
6.149773
5.495711
4.181045
3.192422
2.694612
2.682228
2.568408
2.474957
2.558897
2.443643
2.519705
2.638929
2.729077
2.770927
2.711387
2.554616
2.293477
2.015919
2.157546
2.335638
2.503876
2.667125
2.748181
2.917398
3.000209
2.959941
2.922619
3.008134
3.239209
3.513180
3.785670
3.960970
3.950423
3.947244
3.995038
3.885669
3.664731
3.791542
3.793771
3.827493
3.915563
4.222261
4.522315
4.786905
4.925100
4.839434
4.572535
4.246770
3.981242
3.681575
3.531618
3.968068
4.635698
5.383217
6.206961
7.108064
8.078938
8.963072
9.456995
9.365507
8.656050
7.706651
7.618725
8.753841
10.087402
11.559011
13.167119
14.852758
16.259356
17.302588
16.737484
15.188511
13.312335
11.465641
12.690106
14.183074
15.497626
16.857117
17.608482
17.145266
15.959839
14.327147
12.724953
11.344146
10.250581
11.148888
11.713875
12.310323
12.389894
11.894659
10.964323
10.054080
9.617638
8.955730
8.549471
9.197199
9.535334
9.274508
8.643390
7.972568
8.019797
7.676638
7.133840
6.629369
6.122929
5.544754
4.982548
4.495746
4.293014
4.028903
3.803251
3.688388
3.692417
3.891190
4.072888
4.105948
4.316997
4.303700
4.042800
3.710030
3.475057
3.612642
3.566890
3.618202
3.559204
3.678522
4.008987
4.332104
4.571331
4.712472
4.578810
4.306573
4.303210
4.644934
5.007027
5.287292
5.908929
6.299081
6.643131
7.010237
7.405090
7.766704
8.118137
8.472177
8.787992
8.939534
8.883423
8.577627
8.175668
8.033839
8.460916
8.930979
9.425633
9.944206
10.487149
11.056560
11.572308
11.893539
11.872715
11.405592
10.822136
10.689066
10.917618
10.860332
10.498462
9.991473
9.518489
9.128412
8.710205
8.274696
7.831010
7.401063
7.228965
7.321882
7.204339
6.856505
7.105040
7.695541
7.917770
7.614664
6.866663
6.370980
6.008646
5.778010
5.764369
5.966245
6.340646
6.867704
7.269245
7.389812
7.233318
6.606360
5.862437
4.979288
4.200688
3.538189
2.974450
2.410265
2.355957
2.347724
2.342152
2.239850
2.070021
2.165778
2.307500
2.275896
2.073423
2.005480
1.960496
2.024119
2.146461
2.368532
2.535739
2.829988
3.100021
3.164302
3.178524
3.449775
3.867529
4.342637
4.895565
5.540256
6.271647
7.083648
7.948698
8.698693
8.909910
8.660349
8.331869
7.857833
7.341784
6.740940
6.102623
5.525671
5.879636
6.269597
6.311536
6.036038
5.630713
5.198971
4.785808
4.574476
4.556912
4.781169
5.137928
5.348017
5.122556
4.739940
4.817013
5.109113
5.549466
5.977558
6.395227
6.527792
6.346351
5.967573
5.506522
5.086103
4.660019
4.222864
4.347809
4.363206
4.158408
3.882410
4.342770
4.598989
4.442109
3.999343
4.097855
3.987065
3.722076
3.409506
3.076615
2.746949
2.919716
3.166244
3.216023
3.042262
2.779323
2.447524
2.217959
2.259524
2.338259
2.272951
2.423692
2.851247
3.287554
3.604783
3.570256
3.348699
2.982510
2.560332
2.169306
1.805109
1.483833
1.530462
1.684029
1.891907
2.089931
2.205477
2.158095
2.028532
2.165264
2.342497
2.349727
1.965421
1.714265
1.408109
1.308272
1.238793
1.314696
1.472246
1.642273
1.783995
2.027102
2.293203
2.486605
2.327491
1.897153
1.870056
1.862891
1.836443
1.858626
1.484787
1.414510
1.577493
1.833837
2.155895
2.511476
2.879996
3.278512
3.724382
4.216400
4.762742
5.375171
5.992082
6.550661
6.796550
6.117240
5.379704
5.514144
6.072681
6.813607
7.626927
8.432198
9.024539
9.739309
10.310181
9.755662
9.416963
8.859355
6.462030
5.367643
3.925842
3.203865
2.997444
2.927366
2.390778
1.600180
1.070826
1.212987
1.554662
1.915062
2.185090
2.406312
1.895001
1.566270
1.661164
1.298491
0.396384
0.000000
0.000000
0.000000
0.000000
0.000000
0.000000
0.000000
0.000000
