track	type=wiggle_0
fixedStep	chrom=chr	start=1	step=1
0.000000
0.000000
0.000000
0.000000
0.000000
0.000000
0.000000
0.000000
0.000000
0.000000
0.000000
0.000000
0.005828
0.128646
0.565734
0.964669
1.141168
1.031481
0.778714
0.810431
1.020064
0.752803
0.503210
0.897318
1.310809
1.834193
2.351663
2.926845
3.551952
4.034146
4.030580
3.543468
2.949069
2.414122
1.973550
2.247748
2.487690
2.600616
2.435632
2.096254
1.710075
1.357828
1.054720
0.799709
0.595470
0.429344
0.304147
0.240231
0.241069
0.193665
0.203935
0.439970
0.777059
0.906006
0.934914
0.906006
0.774503
0.429756
0.179970
0.052007
0.003155
0.000000
0.000000
0.001380
0.005615
0.005494
0.001064
0.000000
0.000000
0.000358
0.010518
0.027733
0.048299
0.056308
0.081393
0.304036
0.651669
1.006568
1.331455
1.660748
1.862311
2.078925
2.302793
2.573678
2.871313
3.145845
3.373110
3.455369
3.350050
3.125304
2.850693
2.580889
2.330642
2.095812
1.876891
1.761161
1.780066
1.862816
1.950292
1.929789
1.995569
2.181361
2.379449
2.585755
2.674858
2.592866
2.368646
2.312143
2.605608
2.943139
3.309208
3.739230
4.214537
4.720825
5.165920
5.353520
5.486358
5.302110
4.885323
4.455266
4.066873
3.651183
3.429997
3.716215
3.817103
3.339442
2.706498
2.131556
1.662233
1.489932
1.466167
1.430904
1.621358
1.789101
1.829955
1.754061
1.571488
1.439727
1.304481
1.126723
0.954305
0.825616
0.823470
0.791871
0.710702
0.614977
0.537092
0.459135
0.394779
0.339202
0.275482
0.216710
0.179149
0.158161
0.150779
0.128219
0.168827
0.376751
0.759932
1.247332
1.394700
1.297436
0.879773
0.534960
0.291780
0.128145
0.061341
0.092806
0.116936
0.139536
0.145622
0.127438
0.091318
0.068278
0.102691
0.117362
0.109889
0.079432
0.100251
0.148376
0.201125
0.250373
0.299811
0.367466
0.440624
0.504111
0.530660
0.506267
0.440910
0.372231
0.330908
0.270981
0.211088
0.208183
0.273030
0.263434
0.250804
0.247246
0.224220
0.172831
0.135921
0.109949
0.094987
0.060526
0.046130
0.018618
0.006510
0.010032
0.024638
0.037475
0.041839
0.052243
0.090122
0.164346
0.197267
0.219057
0.223964
0.225309
0.221810
0.205340
0.150304
0.069349
0.054276
0.062797
0.079808
0.082568
0.068345
0.042858
0.055822
0.060045
0.073869
0.178623
0.214466
0.222644
0.215393
0.180920
0.080752
0.013672
0.000021
0.000000
0.000000
0.000000
0.000000
0.000000
0.000000
0.000018
0.000000
0.000000
0.000535
0.005359
0.011135
0.009493
0.003000
0.006097
0.005411
0.001641
0.006851
0.004503
0.000286
0.002414
0.012549
0.034114
0.066194
0.105293
0.150486
0.197019
0.264406
0.333174
0.372373
0.351486
0.319791
0.403611
0.522429
0.666760
0.835462
1.023384
1.217886
1.427770
1.811813
2.233361
2.596288
2.822683
2.771962
2.403364
1.986912
1.620075
1.289016
1.078226
1.033560
1.021999
0.992009
0.915697
0.758783
0.571006
0.412119
0.281345
0.185214
0.179739
0.190807
0.218779
0.267744
0.279465
0.237287
0.212852
0.390550
0.620769
0.843879
1.059063
1.389062
1.540814
1.303670
0.833865
0.497772
0.275292
0.269068
0.367642
0.381278
0.291280
0.185814
0.111203
0.090192
0.048046
0.025782
0.007612
0.003032
0.011967
0.061012
0.155352
0.269581
0.417148
0.534648
0.576576
0.576576
0.533056
0.408177
0.178357
0.064762
0.042364
0.048569
0.045106
0.056612
0.040750
0.014027
0.000738
0.000000
0.000000
0.000000
0.000000
0.001299
0.007413
0.013550
0.012448
0.006111
0.011848
0.033249
0.055779
0.067949
0.061839
0.039356
0.019118
0.009933
0.024718
0.042478
0.047841
0.040029
0.030229
0.039989
0.036512
0.025384
0.011798
0.017071
0.057755
0.076488
0.113812
0.142904
0.145889
0.142729
0.140743
0.135561
0.115519
0.055363
0.083377
0.134971
0.159881
0.134865
0.083302
0.037034
0.008863
0.000000
0.000000
0.000000
0.000000
0.000033
0.005401
0.050709
0.094754
0.113982
0.127348
0.140777
0.140777
0.127177
0.113279
0.092415
0.046792
0.037228
0.043871
0.032372
0.046206
0.083889
0.128279
0.162672
0.166657
0.140289
0.095391
0.054909
0.025310
0.007664
0.000607
0.000061
0.000000
0.000000
0.000000
0.000000
0.000000
0.000000
0.000000
0.000000
0.000000
0.000000
0.000000
0.002163
0.029391
0.078895
0.106961
0.094248
0.039518
0.009882
0.040362
0.069831
0.078533
0.142709
0.251881
0.402615
0.589332
0.816796
1.126968
1.509062
1.974284
2.529111
3.175388
3.826468
4.313644
4.274381
3.707718
3.475701
4.135093
4.769729
5.068771
4.941119
4.350403
3.715152
3.089145
2.541590
2.083278
1.704690
1.508138
1.633687
1.637489
1.560542
1.581624
1.597088
1.844187
1.905539
1.689122
1.489163
1.206516
0.755874
0.520684
0.668390
0.844983
1.037159
1.206740
1.287637
1.210146
1.063594
0.883411
0.713330
0.619140
0.615890
0.674486
0.724648
0.735434
0.761375
0.720229
0.591584
0.446682
0.457301
0.572273
0.686498
0.762957
0.765284
0.836317
0.981274
1.137759
1.312446
1.502248
1.673842
1.833204
1.970096
1.972448
1.843549
1.870456
2.296156
2.565761
2.724100
2.429559
1.944256
1.702231
1.532744
1.357537
1.431165
1.592815
1.697915
1.682606
1.562174
1.383893
1.453033
1.601019
1.665985
1.583453
1.420330
1.570143
1.790755
2.148615
2.529048
2.735889
2.584043
2.330958
1.957901
1.741386
1.812076
1.826777
1.939163
1.795119
1.742302
1.916557
2.044192
2.423127
3.166329
4.183116
5.595764
6.249592
6.426350
6.426353
6.275860
5.730360
5.683949
5.673027
5.250095
4.710675
4.161445
3.652647
3.193123
2.774151
2.473816
2.980335
3.561252
4.189043
4.759563
5.381846
5.806195
6.584384
7.535171
8.408686
8.781565
8.414360
7.546609
6.551265
5.616212
4.787990
4.060167
3.435910
2.921465
2.448115
2.014165
1.634752
1.325296
1.062167
0.822677
0.741262
0.699852
0.594029
0.488329
0.458925
0.513548
0.510730
0.461411
0.559810
0.575994
0.555935
0.688897
0.824315
0.914142
0.897021
0.793706
0.659273
0.729075
0.745179
0.682302
0.567971
0.441994
0.331528
0.277441
0.261758
0.280997
0.291912
0.304033
0.352842
0.270307
0.162684
0.137721
0.135875
0.129026
0.151817
0.218746
0.294404
0.367267
0.450000
0.535060
0.632086
0.741304
0.851452
0.952189
1.042282
1.070189
1.029953
0.961876
1.308939
1.722334
2.152062
2.431334
2.380759
2.002110
1.574460
1.801421
2.190031
2.132608
1.612652
1.155521
0.892467
1.013952
1.094425
1.095799
1.012439
0.900286
0.844245
0.885404
0.830890
0.727064
0.619297
0.533825
0.477352
0.425316
0.368533
0.317904
0.264847
0.278309
0.252838
0.174871
0.101150
0.112128
0.153402
0.174307
0.158702
0.115463
0.075521
0.069313
0.107824
0.163157
0.234188
0.316116
0.383318
0.474291
0.596225
0.738391
0.880199
1.001412
1.020066
0.931462
0.805413
0.672717
0.551102
0.441596
0.341995
0.253336
0.187485
0.145488
0.133518
0.190717
0.192637
0.286931
0.400415
0.474419
0.575164
0.718127
0.783225
0.763004
0.881848
1.162809
1.457702
1.645237
1.628849
1.443507
1.242829
1.000971
0.911385
0.936714
0.854345
0.837319
1.056405
1.365046
1.528016
1.443923
1.717251
2.215875
2.881706
3.500597
3.484998
2.865199
2.362053
2.169145
1.861283
2.037622
2.461460
2.399949
1.825500
1.503608
1.213255
0.879722
0.790501
1.038770
1.279172
1.513049
1.826207
2.218004
2.620417
2.949319
2.925743
2.576636
2.116686
1.686157
1.321699
1.017209
0.762225
0.554800
0.415448
0.496043
0.581151
0.561976
0.467084
0.338736
0.281705
0.335432
0.372034
0.444049
0.527663
0.621272
0.725446
0.838617
0.963912
1.107085
1.261061
1.428772
1.591290
1.700784
1.718375
1.634872
1.493381
1.333910
1.178634
1.160689
1.263804
1.323313
1.324434
1.250532
1.159936
1.063488
0.908322
0.783424
0.680920
0.569224
0.492198
0.467620
0.499074
0.472434
0.413609
0.366520
0.330887
0.323748
0.394695
0.455694
0.468226
0.419705
0.339334
0.322118
0.347981
0.390775
0.557041
0.767933
0.714643
0.649862
0.598838
0.567528
0.550388
0.543419
0.564863
0.581486
0.531578
0.591828
0.817883
1.081490
1.422073
1.842376
2.343321
2.933671
3.605601
4.229465
4.703218
4.698628
4.182136
3.454987
2.759593
2.199371
1.840427
1.943149
2.046248
1.894550
1.631496
1.314750
1.011037
1.209709
1.499757
1.814049
2.133429
2.336259
2.288097
2.033260
1.692962
1.378494
1.146166
1.423545
1.620151
1.623447
1.425863
1.489607
1.668261
1.763365
1.656498
1.447079
1.347526
1.766385
2.164833
2.468571
3.079545
3.909045
4.485197
3.928402
3.125266
2.428873
2.150373
2.242732
2.150214
1.882317
1.604689
1.348425
1.135248
0.998401
0.864520
0.771810
0.862348
1.018517
1.190015
1.328057
1.377601
1.283764
1.103770
0.910510
0.725767
0.569148
0.459591
0.447805
0.451937
0.471360
0.449158
0.495932
0.536180
0.519664
0.443024
0.361260
0.389917
0.434455
0.419719
0.361042
0.278645
0.201641
0.135411
0.166510
0.317591
0.532130
0.801263
1.119756
1.509106
1.834077
1.857301
1.581804
1.274628
1.095448
0.956035
0.927252
1.231520
1.718926
2.371299
2.792920
2.943525
2.941270
2.765061
2.253934
1.487857
0.994520
0.664712
0.431229
0.350269
0.402608
0.379759
0.552118
0.694709
0.717845
0.589469
0.470725
0.422435
0.344507
0.254815
0.167965
0.207420
0.402693
0.677919
1.045893
1.248027
1.220051
0.923921
0.529453
0.277994
0.124006
0.039094
0.003240
0.000000
0.000000
0.000000
0.000000
0.000000
0.000000
0.000000
0.000000
0.000000
0.000000
0.000000
0.000000
0.000000
0.000000
0.000000
0.000000
0.000000
0.000000
0.000000
0.000000
0.000000
0.000000
0.000000
0.000000
0.000000
0.000000
0.000000
0.000000
0.000000
0.000000
0.000000
0.000000
0.000000
0.000000
0.000000
0.000000
0.000000
0.000000
0.000000
0.000000
0.000000
0.000000
0.000000
0.000000
0.000000
0.011922
0.056279
0.140013
0.268814
0.456827
0.710174
1.036478
1.446264
1.937083
2.483595
2.937502
2.944819
2.505696
1.963904
1.466097
1.059292
0.918721
1.215642
1.524684
1.714800
1.780675
1.558712
1.256176
0.930852
0.657954
0.446465
0.284229
0.161325
0.134811
0.189324
0.326230
0.593204
0.852413
0.838406
0.531746
0.260902
0.119130
0.035352
0.001384
0.000000
0.000000
0.000000
0.000000
0.000000
0.000000
0.000000
0.000000
0.000000
0.000000
0.000000
0.000000
0.000000
0.000000
0.006792
0.067622
0.111804
0.126650
0.131365
0.132123
0.128189
0.109419
0.052703
0.000192
0.000000
0.000000
0.000000
0.000000
0.000000
0.000000
0.000000
0.000000
0.000000
0.000000
0.000000
0.000000
0.000000
0.000000
0.000000
0.000000
0.000914
0.020720
0.061810
0.107982
0.121590
0.091775
0.047014
0.025180
0.035011
0.087787
0.168838
0.268203
0.371961
0.556233
0.842269
1.193136
1.641609
2.171022
2.711208
2.703332
2.174910
1.702865
1.304976
1.476352
1.880803
2.351390
2.887492
3.445521
3.854448
3.983798
3.702933
3.166759
2.652267
2.653491
3.279543
3.824297
4.046843
4.140682
4.504058
4.583932
4.008906
3.318886
2.637025
2.044922
1.560284
1.167780
0.842291
0.585060
0.404210
0.391797
0.463219
0.537353
0.499769
0.374054
0.236862
0.128500
0.057885
0.018997
0.015278
0.028006
0.030216
0.017033
0.004874
0.018651
0.041463
0.075560
0.164773
0.305258
0.356447
0.338474
0.411230
0.443074
0.469391
0.429023
0.350004
0.321243
0.398747
0.468540
0.496044
0.477585
0.485230
0.593594
0.720482
0.840819
0.898094
0.982406
1.101019
1.243854
1.409304
1.604508
1.825486
2.062734
2.236759
2.309453
2.242985
2.064979
1.857345
1.655788
1.473791
1.481127
1.462364
1.604824
1.787965
1.975489
2.158653
2.377212
2.616570
2.834412
2.994562
3.035887
2.977773
2.781454
2.546517
2.633264
3.156666
3.603844
3.604522
3.157858
2.607639
2.148276
1.895551
1.714781
1.546428
1.509902
1.531654
1.599025
1.615763
1.515950
1.373937
1.227058
1.166634
1.104611
0.885352
1.026316
1.144553
1.337897
1.578285
1.861586
2.164935
2.479711
2.720565
2.859776
2.885832
2.950804
2.956633
3.012733
2.850091
2.543266
2.706621
2.775009
2.620291
2.320745
2.049236
1.892252
2.052831
2.476739
2.932102
3.337525
3.540072
3.331906
2.958174
2.591456
2.300803
2.064379
1.845506
1.559169
1.279788
1.163371
1.182386
1.248565
1.198809
1.079522
1.064002
1.401698
1.800830
2.290807
2.871921
3.547505
4.303833
5.042620
5.584643
5.590687
5.056854
4.300222
3.563983
2.953582
2.403050
1.923306
1.509471
1.523215
1.537437
1.379990
1.384290
1.539050
1.640740
1.579702
1.636379
1.628661
1.453025
1.203485
0.962729
0.743994
0.568682
0.421221
0.300893
0.203173
0.202692
0.278538
0.372554
0.476025
0.575665
0.673594
0.755907
0.851427
0.949322
1.032813
1.137033
1.267263
1.407532
1.558362
1.701403
1.795844
1.782949
1.675385
1.501712
1.352875
1.493891
1.674420
1.838380
1.918803
2.029058
2.090042
2.028370
1.831070
1.797435
1.921845
2.058708
2.120476
2.177755
2.298224
2.352506
2.300827
2.156578
1.986048
1.810472
1.627200
1.600080
1.770329
1.949292
2.090117
2.189060
2.184154
2.050567
1.886734
2.011386
2.252468
2.525652
2.754170
2.832966
2.740037
2.550384
2.342621
2.146539
1.961663
1.792218
1.625963
1.459953
1.431776
1.592373
1.787009
2.009079
2.185818
2.228307
2.099624
1.916693
1.888746
1.833439
1.667540
1.495631
1.356505
1.228787
1.249791
1.399793
1.597442
1.813244
2.036288
2.265121
2.514363
2.771778
3.043384
3.281909
3.351518
3.238654
3.175905
3.532694
3.699171
3.503629
3.143000
2.760263
2.579330
2.964449
3.357565
3.668150
3.726643
3.522655
3.177479
2.797843
2.449649
2.147719
1.878038
1.671196
1.609722
1.637301
2.144755
2.572385
2.800051
2.537891
2.111102
1.653876
1.495072
1.838156
2.233922
2.554985
2.602533
2.351927
2.227752
1.960220
1.621013
1.320287
1.028469
0.763483
0.549890
0.634650
0.890401
1.267729
1.786726
2.269970
2.480983
2.542079
2.506415
2.447519
2.380018
2.223599
1.945079
1.488801
1.295734
1.215778
1.168548
1.115008
0.993332
0.728723
0.410974
0.200679
0.069610
0.007731
0.000000
0.000000
0.000000
0.000000
0.000473
0.016189
0.054821
0.113199
0.163551
0.177365
0.143003
0.087592
0.039333
0.011552
0.000288
0.000000
0.000000
0.000000
0.000000
0.000000
0.000000
0.000000
0.000000
0.005151
0.022177
0.042647
0.044032
0.027052
0.023884
0.049967
0.073808
0.109967
0.088281
0.068777
0.068441
0.068205
0.062609
0.042059
0.045128
0.132477
0.208131
0.215495
0.151236
0.060230
0.008246
0.000000
0.000000
0.000000
0.000000
0.000000
0.000000
0.000000
0.000000
0.000000
0.000000
0.000000
0.000000
0.000000
0.000000
0.000000
0.000000
0.000000
0.000000
0.000000
0.000000
0.000000
0.000000
0.000000
0.000000
0.014758
0.076260
0.147361
0.182581
0.189620
0.180526
0.143948
0.076664
0.022275
0.028656
0.089613
0.131888
0.146291
0.091543
0.109287
0.143423
0.183527
0.232746
0.294628
0.389357
0.384807
0.282806
0.210605
0.153462
0.127501
0.231287
0.339071
0.575570
0.893769
1.054194
1.092294
1.055163
0.875332
0.517701
0.474271
0.419261
0.522735
0.558786
0.519595
0.679593
0.913333
1.031837
1.041366
1.275822
1.438672
1.429933
1.240039
1.143069
1.377413
1.427866
1.205403
0.907750
0.622139
0.461958
0.487948
0.560207
0.530729
0.531270
0.771217
1.064611
1.345384
1.391620
1.272465
1.224753
1.191296
1.085745
1.021885
1.241345
1.437474
1.756775
2.129605
2.493544
2.636741
2.499022
2.171734
1.794493
1.451702
1.378450
1.604652
1.740076
1.695588
1.466264
1.255244
1.058457
0.887318
0.753331
0.758179
0.849165
0.915379
0.965621
1.041200
1.065735
1.086553
1.217979
1.360739
1.557100
1.776241
1.995712
2.216425
2.347841
2.348529
2.327677
2.421227
2.394780
2.308051
2.401231
2.334046
2.174123
2.033225
1.803640
1.594828
1.752348
1.924631
2.095069
2.177236
2.158952
2.196318
2.376338
2.341169
2.330440
2.293787
2.201985
2.383456
2.475061
2.713009
2.921643
3.007324
2.931703
2.719929
2.465029
2.188895
1.973304
2.211571
2.417855
2.568364
2.552968
2.805212
3.012284
3.057258
2.927892
2.660450
2.377049
2.109379
2.448446
2.943370
3.499403
4.059339
4.435125
4.437677
4.110589
3.633159
3.115312
2.695305
2.535452
2.325833
2.440901
3.005274
3.659943
4.352111
4.958467
5.605897
6.240759
6.691119
7.658760
8.947636
10.362588
11.618890
12.313893
11.502424
10.161567
8.726028
7.370366
6.218722
5.582679
6.171743
6.179133
5.634783
5.393007
6.128792
6.902349
7.609154
7.923784
7.886202
7.469049
6.673744
5.895833
5.346026
4.984244
4.644086
4.185724
4.132725
4.413805
4.453355
4.736401
4.976035
4.990175
4.749844
4.261534
3.746526
3.273488
2.856545
2.519364
2.392653
2.535297
2.541975
2.535933
2.406663
2.440495
2.486037
2.533119
2.511973
2.477254
2.586015
2.590734
2.587762
2.777193
2.989005
3.145305
3.112212
2.909098
2.649358
2.392611
2.143990
1.916490
2.030729
2.169024
2.340031
2.493157
2.518445
2.429550
2.288143
2.357227
2.538542
2.545536
2.396065
2.233117
2.027280
1.780208
1.532533
1.306014
1.273652
1.214088
1.061094
0.912381
0.808363
0.813368
0.935405
0.866777
0.823171
0.661762
0.545752
0.625465
0.682401
0.815742
1.072355
1.169408
1.130839
1.181828
1.324236
1.550706
1.783663
1.923934
2.021572
2.077942
2.246232
2.459999
2.685591
2.832141
2.870089
2.744670
2.528517
2.309083
2.190758
2.470939
2.706458
2.777785
2.641993
2.531406
2.701864
2.536937
2.231657
1.797551
1.387093
1.037816
1.057693
1.158977
1.468290
1.669624
1.636791
1.533949
1.924551
2.575347
3.498696
4.747346
5.365699
5.562480
5.570871
5.394105
4.806370
3.600889
2.687603
1.993382
1.465788
1.512082
1.884052
2.184766
2.151296
2.250268
2.359188
2.441284
2.484864
2.436911
2.323003
2.169111
1.981230
1.929903
2.099376
2.276793
2.465999
2.564002
2.727095
2.799921
2.751332
2.717168
2.790001
3.006317
3.264342
3.525152
3.692632
3.684948
3.678575
3.728858
3.631712
3.448088
3.549363
3.550888
3.579067
3.662581
3.948148
4.236318
4.491238
4.623659
4.541314
4.310652
4.130815
3.995899
3.743632
3.492530
3.781993
4.431164
5.152064
5.946045
6.818688
7.748517
8.610044
9.093753
9.006057
8.318213
7.395563
7.325359
8.428782
9.727659
11.167248
12.734099
14.356543
15.712156
16.739185
16.178865
14.651813
12.822807
11.029974
12.166722
13.618041
14.887406
16.205505
16.944681
16.492580
15.349865
13.765300
12.210963
10.869113
9.792369
10.657565
11.203732
11.777151
11.852035
11.375200
10.474766
9.598322
9.170783
8.535044
7.955410
8.460231
8.797736
8.479824
7.867108
7.199206
7.214247
6.916375
6.461845
6.165365
5.763765
5.264205
4.737849
4.256695
3.893694
3.551542
3.182144
2.812516
2.548274
2.528020
2.690671
2.717972
2.782347
2.745717
2.811496
2.694036
2.698846
2.904728
3.249506
3.820230
4.037903
4.173514
4.561416
4.902359
5.164353
5.277504
5.145098
4.798480
4.402118
4.257820
4.518457
4.822427
5.445261
5.868301
6.232584
6.595227
6.966848
7.311521
7.634261
7.970609
8.271204
8.415287
8.362443
8.072389
7.692856
7.550645
7.965965
8.415191
8.891258
9.391729
9.914428
10.454660
10.948820
11.262403
11.251664
10.829254
10.284127
10.129136
10.340729
10.280530
9.933315
9.442225
8.962841
8.520444
8.072171
7.633915
7.214219
6.831204
6.821118
6.867409
6.692327
6.336576
6.198342
6.978958
7.262332
7.034506
6.307924
5.523495
5.211825
5.080547
5.165275
5.429481
5.862798
6.326869
6.659928
6.810583
6.636909
6.027879
5.343099
4.538077
3.850924
3.233440
2.695715
2.134465
1.905048
1.720754
1.730496
1.797014
1.859182
1.974190
2.107476
2.073332
1.876222
1.879118
1.838361
1.927125
2.046230
2.221266
2.272468
2.448274
2.459139
2.543725
2.636390
2.949949
3.285759
3.683453
4.196841
4.803915
5.483303
6.255757
7.017309
7.554839
7.572064
7.052365
6.299206
5.570834
4.956990
4.377223
3.835502
3.462510
3.899562
4.287649
4.377567
4.263489
4.189230
4.170589
3.957685
3.789694
3.702597
3.755854
4.020265
4.187866
4.000968
3.613522
3.605657
3.640145
4.024385
4.411278
4.834707
5.211754
5.319177
5.133133
4.953577
4.678277
4.364269
3.949459
3.722276
3.431148
3.382028
3.869889
4.326239
4.573644
4.410441
3.975454
3.507562
3.125688
3.228881
3.106284
2.854449
2.617558
2.843790
3.082248
3.129120
2.954965
2.694565
2.369506
2.078444
1.813678
1.706032
1.989500
2.362524
2.782336
3.209161
3.511233
3.441926
3.085460
2.649834
2.740869
2.658797
2.555057
2.623414
2.486222
2.014886
2.035008
2.205327
2.420651
2.661703
2.878994
3.147199
3.442184
3.662507
3.580186
2.877800
2.493830
2.274278
2.214628
2.268602
2.424491
2.597499
2.729056
2.695921
2.668327
2.900047
3.223472
3.581651
3.959308
4.336950
4.639203
4.654639
3.895993
3.304199
2.864632
2.875787
2.931072
2.951585
3.077286
3.369732
3.748347
4.177548
4.645885
5.159990
5.695212
6.209826
6.631887
6.557974
5.834857
5.583187
5.010729
5.032282
4.798594
4.053912
3.802426
3.808966
4.112288
4.618755
5.223967
5.880029
6.591125
7.374566
8.200953
8.998843
9.447671
8.548871
7.558363
7.127417
6.457692
5.565366
5.546685
5.850291
5.814036
4.106608
2.833714
2.591082
2.211871
1.562901
1.927326
2.370455
2.655971
2.221469
2.282627
1.471947
0.913800
1.067119
1.437157
1.815244
1.769372
0.000000
0.000000
0.000000
0.000000
0.000000
0.000000
0.000000
0.000000
0.000000
