track	type=wiggle_0
fixedStep	chrom=chr	start=1	step=1
0.000000
0.000000
0.000000
0.000000
0.000000
0.000000
0.000000
0.000000
0.000000
0.005581
0.001710
0.000000
0.000000
0.000000
0.000000
0.000000
0.000000
0.000000
0.000000
0.000000
0.000188
0.002024
0.123687
0.672716
1.511521
2.340730
2.903908
3.184600
2.966342
2.544827
2.078722
1.676522
1.326772
1.046266
0.793918
0.829754
1.084891
1.244067
1.198663
1.132081
1.455774
1.771159
1.405814
0.953120
0.588525
0.351199
0.278862
0.364840
0.411645
0.850814
1.406537
1.841472
2.164999
2.516238
2.621383
2.499914
2.240755
1.945479
1.669518
1.441955
1.262337
1.136441
1.218140
1.166361
1.322907
1.469629
1.492226
1.465338
1.431761
1.363986
1.230307
1.394109
1.711207
2.033079
2.199428
2.054153
1.741214
1.407297
1.111937
0.877459
0.701131
0.526573
0.386484
0.262711
0.161051
0.156432
0.161099
0.126646
0.088096
0.053972
0.060638
0.047883
0.028351
0.026042
0.116924
0.324591
0.687974
0.854542
0.900054
0.906783
0.900054
0.868807
0.757569
0.462079
0.237196
0.092547
0.016655
0.000003
0.000000
0.000000
0.001709
0.012523
0.029324
0.042369
0.041774
0.027618
0.013244
0.004755
0.003404
0.000234
0.000458
0.015594
0.042851
0.069301
0.098914
0.169333
0.238351
0.280735
0.278162
0.425943
0.888331
1.126189
1.192432
1.204147
1.204147
1.204147
1.192432
1.134357
0.928663
0.509128
0.247810
0.118487
0.065884
0.039897
0.030059
0.050708
0.078642
0.101919
0.101649
0.100227
0.193413
0.300734
0.361227
0.331736
0.222603
0.119015
0.081731
0.189234
0.354028
0.552046
0.675527
0.655650
0.508589
0.318413
0.171918
0.082626
0.040628
0.016155
0.016474
0.038382
0.083255
0.147744
0.232137
0.327916
0.401638
0.430173
0.373073
0.277001
0.373404
0.577012
0.783328
0.897723
0.814248
0.601638
0.467477
0.514437
0.500665
0.427411
0.348077
0.402302
0.411642
0.464059
0.600106
0.751716
0.938597
1.152942
1.374579
1.532456
1.535134
1.397422
1.223900
1.043057
0.760086
0.605099
0.493077
0.536689
0.553521
0.490655
0.399216
0.301604
0.219280
0.171969
0.144011
0.115515
0.081614
0.073936
0.062156
0.040346
0.059576
0.076360
0.058617
0.030293
0.069121
0.178889
0.343372
0.506132
0.455232
0.286779
0.199584
0.138846
0.081629
0.086945
0.245321
0.512356
0.596364
0.525610
0.279071
0.122386
0.014410
0.000000
0.000000
0.000000
0.000446
0.000778
0.000000
0.000000
0.000000
0.002680
0.052141
0.173119
0.302226
0.305808
0.182817
0.058661
0.004578
0.000000
0.000000
0.000000
0.000000
0.000000
0.000000
0.000000
0.000000
0.000000
0.025740
0.092414
0.133030
0.094695
0.031960
0.002023
0.000000
0.001193
0.028149
0.054893
0.065644
0.054768
0.026117
0.000006
0.000000
0.000000
0.000000
0.000000
0.000000
0.000000
0.000000
0.000000
0.000000
0.000000
0.000000
0.000000
0.000000
0.000000
0.000000
0.000000
0.000000
0.000000
0.005674
0.004771
0.000000
0.000000
0.000000
0.000000
0.000078
0.016850
0.071622
0.149578
0.228118
0.391701
0.642303
0.973184
1.360361
1.710645
1.734932
1.443849
1.082109
0.913718
0.891956
0.928085
1.025466
1.292415
1.471656
1.647391
1.780656
1.783788
1.629683
1.358465
0.902596
0.588070
0.349126
0.170759
0.123484
0.190186
0.205743
0.167792
0.217648
0.349757
0.519866
0.678591
0.808884
0.847699
0.766553
0.574351
0.390457
0.262538
0.389241
0.621400
0.905182
1.170483
1.228413
1.043447
0.776726
0.867740
0.864555
0.968826
1.151560
1.314113
1.385430
1.406386
1.330885
1.134443
0.918229
0.818885
1.036048
1.262261
1.524603
1.785398
1.880813
1.805553
1.537901
1.259637
0.997175
0.771110
0.578779
0.418849
0.287666
0.184541
0.190957
0.155700
0.156399
0.170460
0.207092
0.216638
0.197828
0.158971
0.114345
0.076783
0.049663
0.038324
0.023033
0.008839
0.001031
0.000000
0.000000
0.010746
0.030016
0.008001
0.000000
0.000000
0.000000
0.000000
0.000000
0.000000
0.000000
0.000000
0.000000
0.000000
0.000000
0.000000
0.000000
0.000000
0.000000
0.000000
0.000000
0.000000
0.000000
0.000000
0.000000
0.000000
0.000000
0.000000
0.000000
0.000000
0.000000
0.000000
0.000000
0.000000
0.000000
0.000000
0.000000
0.000000
0.000000
0.000000
0.000000
0.001232
0.025294
0.112708
0.271416
0.526633
0.795571
0.927500
0.965161
0.973751
0.973751
0.973751
0.973751
0.964326
0.921790
0.771515
0.463869
0.261003
0.433065
0.668314
0.935826
1.081113
0.998426
0.787240
0.534435
0.343228
0.520266
0.736685
0.949889
1.091497
1.059296
0.888214
0.699425
0.579145
0.849971
1.213916
1.685508
2.233381
2.722251
3.046206
2.957181
2.537281
2.040119
1.643758
1.266408
0.951734
0.771642
0.612089
0.563821
0.642526
0.575985
0.379883
0.185302
0.110456
0.050099
0.016110
0.039389
0.089949
0.127961
0.140208
0.180809
0.225210
0.176486
0.061849
0.005896
0.000000
0.000000
0.000000
0.000000
0.000000
0.000000
0.000000
0.000000
0.000000
0.000000
0.000000
0.000300
0.034842
0.064792
0.074524
0.076478
0.076478
0.074524
0.065761
0.038021
0.013319
0.020517
0.040926
0.051989
0.042128
0.022966
0.029429
0.043473
0.040405
0.024107
0.048222
0.087307
0.138234
0.194733
0.237240
0.239768
0.205713
0.212371
0.213631
0.175828
0.124776
0.078055
0.051730
0.063863
0.097765
0.139212
0.171138
0.159998
0.119194
0.077997
0.068655
0.078402
0.056105
0.030765
0.017072
0.003386
0.000000
0.000000
0.000000
0.009378
0.052696
0.122382
0.190932
0.289189
0.428569
0.515703
0.515716
0.685078
0.996221
1.407916
1.927376
2.588129
3.562760
4.603105
5.010305
5.118095
5.118095
5.028299
4.695920
3.896672
3.030927
2.871483
2.543586
2.136446
1.777619
1.898797
1.853556
2.187510
2.533075
3.013503
3.614260
3.973975
3.935254
3.511839
2.949873
2.383316
1.897840
1.483252
1.117220
1.009968
1.490709
1.919600
1.985373
1.786079
1.596144
1.797401
1.852840
1.652794
1.326582
0.961180
1.044967
1.235479
1.453693
1.697326
1.969275
2.268287
2.564908
2.775626
2.768229
2.540913
2.245247
1.972406
1.736367
1.507909
1.277751
1.078092
0.906596
0.756990
0.653934
0.546276
0.436766
0.332886
0.243472
0.173318
0.116521
0.107022
0.137685
0.163309
0.174163
0.232516
0.302042
0.385318
0.464991
0.527225
0.520622
0.452284
0.353680
0.262360
0.256706
0.243330
0.194397
0.141795
0.163134
0.218036
0.279208
0.292239
0.260796
0.198009
0.134410
0.110561
0.149519
0.182531
0.203138
0.261844
0.387196
0.649486
0.988718
1.404037
1.834711
1.817770
1.351619
0.923078
0.593508
0.347468
0.174697
0.069161
0.042739
0.023473
0.010798
0.003112
0.000004
0.000000
0.000000
0.000155
0.004119
0.030604
0.074608
0.133431
0.198690
0.224243
0.180228
0.115275
0.064199
0.050600
0.062180
0.064827
0.046315
0.017197
0.001251
0.000577
0.004066
0.014244
0.030898
0.034701
0.021662
0.068794
0.076684
0.110360
0.107759
0.123582
0.144768
0.218205
0.290669
0.327961
0.309268
0.266391
0.201034
0.140509
0.097781
0.139675
0.162777
0.196642
0.191673
0.141692
0.154431
0.291416
0.450516
0.581363
0.642299
0.620542
0.574388
0.504909
0.498151
0.414196
0.404177
0.530065
0.711254
0.927970
1.155268
1.313028
1.330647
1.309437
1.116251
0.926247
0.731562
0.547074
0.496325
0.598322
0.612583
0.829848
0.976201
1.257067
1.706170
2.208974
2.724127
3.477802
4.279793
4.301366
3.538203
2.792698
2.121693
1.571908
1.152911
0.872842
0.793067
0.629264
0.442904
0.273685
0.144422
0.058482
0.011443
0.001608
0.002022
0.012936
0.047809
0.107977
0.193879
0.300199
0.411313
0.461320
0.416435
0.310155
0.205705
0.119317
0.056902
0.025124
0.025013
0.046686
0.080770
0.126116
0.182249
0.243667
0.299293
0.309310
0.318460
0.354846
0.326770
0.249184
0.170318
0.108530
0.102187
0.111356
0.095613
0.129181
0.171998
0.212448
0.282584
0.380744
0.508282
0.634888
0.695401
0.682688
0.595230
0.486975
0.394204
0.431155
0.521085
0.605172
0.688049
0.742027
0.743076
0.687374
0.669300
0.644096
0.647561
0.805923
0.990403
1.254930
1.701255
2.195919
2.629054
2.677013
2.323286
1.858232
1.421072
1.282414
1.384896
1.416827
1.340522
1.225254
1.077486
0.928395
0.784211
0.899004
0.995649
1.022213
1.009519
0.946896
0.899515
0.787655
0.726995
0.712847
0.636459
0.540730
0.538052
0.634288
0.852798
1.117899
1.427760
1.798515
2.196412
2.499536
2.485656
2.186775
1.795499
1.471638
1.699141
1.946134
2.211237
2.485263
2.779400
3.047904
3.203834
3.193327
3.005617
2.753156
2.453771
2.157937
1.894636
1.733402
2.013156
2.304812
2.596091
2.860301
3.108933
3.225102
3.056998
2.758435
2.420760
2.097329
1.808738
1.558613
1.564611
1.787396
2.019564
2.165904
2.262965
2.234250
2.059460
1.849844
1.617717
1.386768
1.172412
1.120318
1.221795
1.246790
1.188412
1.135758
1.296592
1.391681
1.421617
1.368954
1.249523
1.371242
1.433756
1.458824
1.410817
1.295880
1.196815
1.073957
0.949758
0.948782
1.258251
1.598611
1.760838
1.735184
1.442115
1.113610
0.862735
0.882108
1.123438
1.269510
1.285192
1.156505
0.920145
0.949784
1.061967
1.126801
1.113779
1.023711
1.135677
1.258056
1.322993
1.327029
1.845716
2.203256
2.330529
2.330424
2.188987
1.785808
1.186388
1.184413
1.206027
1.146127
1.023616
1.041732
1.181687
1.291753
1.326613
1.462014
1.539279
1.540501
1.452260
1.333686
1.529765
1.736304
1.943870
2.178124
2.439179
2.685544
2.868059
2.852991
2.763870
3.139141
3.280435
3.282435
3.142642
2.744258
1.945006
1.443403
1.683785
1.956822
1.970309
1.707229
1.343028
1.114163
0.947938
0.794884
0.664292
0.562688
0.506180
0.430954
0.445385
0.515784
0.510314
0.436334
0.342141
0.253019
0.224273
0.251199
0.425927
0.532780
0.527849
0.651292
0.826672
1.025844
1.228752
1.417646
1.512643
1.472075
1.327457
1.138512
0.991585
1.224516
1.464040
1.551400
1.479617
1.262195
1.032768
0.835181
0.650514
0.483438
0.340974
0.224728
0.134230
0.192314
0.375272
0.633309
0.976186
1.442304
1.914006
2.171092
2.310816
2.367454
2.266203
1.969213
1.502331
1.212101
1.072507
0.967271
0.790310
0.866740
0.903432
0.974746
1.043469
1.229546
1.429713
1.416236
1.157571
0.898659
0.641755
0.535194
0.324944
0.158547
0.076464
0.025856
0.001298
0.000000
0.000000
0.000000
0.000000
0.000000
0.000000
0.000000
0.000000
0.000000
0.000000
0.000000
0.000000
0.000000
0.000000
0.000000
0.000000
0.000000
0.000000
0.000000
0.000000
0.000000
0.000000
0.000000
0.000000
0.000000
0.000000
0.000000
0.000000
0.000000
0.000000
0.000000
0.000000
0.000000
0.000000
0.000000
0.000000
0.000000
0.000000
0.000000
0.000000
0.000000
0.000000
0.000000
0.000000
0.000000
0.000000
0.000000
0.000000
0.000000
0.000000
0.000000
0.000000
0.000000
0.000000
0.000000
0.000000
0.000000
0.006505
0.062980
0.187890
0.408034
0.762537
1.068004
1.227949
1.369450
1.825042
2.219816
2.275966
1.999559
1.579615
1.205694
0.974333
1.315660
1.696567
2.031937
2.166203
1.983844
1.661619
2.070556
2.593534
3.097166
3.253368
3.450648
4.084934
4.559302
3.793359
2.930798
2.319229
1.873592
1.456716
1.494232
1.480903
1.230307
1.176746
1.439888
1.737071
2.051710
2.340101
2.499081
2.418942
2.120143
1.782302
1.715946
1.844728
1.998766
1.952168
1.702356
1.394872
1.099677
0.848105
0.637493
0.518743
0.713196
0.873524
1.073020
1.282873
1.380967
1.206322
1.502673
1.959692
2.536165
3.146636
3.589645
3.610993
3.164080
2.531388
1.949394
1.463443
1.067333
0.741733
0.483915
0.289399
0.148047
0.141450
0.150085
0.120428
0.122245
0.189272
0.261637
0.335566
0.411522
0.493843
0.592144
0.708689
0.848095
0.994956
1.136000
1.291127
1.464534
1.648141
1.837774
2.016456
2.123064
2.113295
2.072630
2.078277
2.192131
2.379575
2.580462
2.808248
3.027985
3.211348
3.353300
3.347976
3.190477
3.111736
3.189788
3.238847
3.270357
3.450523
3.553883
3.468249
3.267772
2.999883
2.850206
2.864298
2.697520
2.518183
2.656907
2.777040
2.998550
3.208602
3.391655
3.583847
3.641855
3.506270
3.684555
3.748912
3.630310
3.359253
3.036380
2.711044
2.399232
2.127620
1.927278
1.950351
2.235429
2.535260
2.868931
3.238295
3.648794
4.081138
4.523433
4.987719
5.505557
6.071776
6.624739
7.113637
7.373809
7.129084
6.622304
6.050753
5.585641
6.061356
6.613668
7.125910
7.510210
7.776723
7.751936
7.397315
6.898181
6.365315
5.849133
5.364180
4.890096
4.423125
3.998006
3.775741
4.431350
5.350148
6.469584
7.758742
9.130054
9.109119
7.706436
6.430118
5.300819
4.325936
3.486060
3.001979
3.580062
4.249603
4.998928
5.748832
6.417777
6.987824
7.115073
6.781508
6.186936
5.558130
4.852452
4.200302
3.619836
3.102173
2.707097
2.763248
3.675205
4.799791
5.216640
4.855884
3.784897
2.859399
2.141728
1.664014
1.501316
1.324277
1.144442
1.016546
1.134711
1.273238
1.428539
1.607387
1.755077
1.813276
1.729508
1.563673
1.430441
1.563184
1.691032
1.718426
1.626079
1.483200
1.356752
1.302348
1.282755
1.163140
1.029061
0.914983
0.861433
0.949307
0.913458
0.800704
0.656852
0.522925
0.580744
0.736701
0.981739
1.223275
1.434952
1.529828
1.481598
1.310652
1.085817
0.796046
0.672201
0.778182
0.827581
0.792324
0.698881
0.585905
0.480884
0.395010
0.300751
0.219703
0.333515
0.559511
0.848667
1.189105
1.596727
2.118226
2.768377
3.481144
4.091010
4.088127
3.479182
2.764845
2.113356
1.571877
1.131004
0.779052
0.835094
1.119002
1.424817
1.714834
1.782179
1.636750
1.310214
0.986973
0.713571
0.489728
0.315239
0.191971
0.191915
0.355364
0.602919
0.977061
1.457925
1.480482
1.021408
0.623317
0.432106
0.302577
0.196539
0.114911
0.062072
0.049140
0.044906
0.046649
0.054466
0.125812
0.170936
0.102511
0.023313
0.003210
0.000000
0.000000
0.000000
0.000000
0.000000
0.000000
0.000000
0.000941
0.010179
0.024263
0.036998
0.029520
0.015614
0.033107
0.073442
0.133126
0.298520
0.386071
0.408733
0.413111
0.414689
0.418823
0.426563
0.439558
0.433374
0.443473
0.400726
0.224323
0.091677
0.053434
0.040156
0.023456
0.075336
0.092057
0.102243
0.168165
0.287773
0.439261
0.611003
0.822814
1.047275
1.199373
1.128271
0.925167
0.705708
0.515280
0.362138
0.238430
0.138590
0.065039
0.036856
0.135278
0.276456
0.375123
0.243521
0.114048
0.040075
0.001761
0.000000
0.000000
0.000000
0.000000
0.000000
0.000000
0.000000
0.000000
0.000000
0.000000
0.000000
0.000000
0.000000
0.000000
0.000000
0.000000
0.000000
0.000000
0.000000
0.000000
0.000000
0.000000
0.000000
0.000000
0.000000
0.000000
0.000000
0.000000
0.000000
0.000000
0.000000
0.000000
0.000000
0.000000
0.000000
0.000000
0.000000
0.000000
0.011404
0.081880
0.229837
0.474144
0.623120
0.663236
0.666549
0.661569
0.642940
0.581740
0.424799
0.190649
0.058951
0.004445
0.000000
0.000000
0.012000
0.059722
0.147937
0.272104
0.402993
0.491878
0.451134
0.337634
0.220765
0.351934
0.557104
0.852455
1.244982
1.739255
2.349118
3.236153
4.239460
4.593401
4.600612
4.602114
4.702227
4.846558
4.878331
4.527391
3.642631
2.794339
2.269705
1.964386
1.683195
1.262968
0.903977
0.631498
0.512678
0.461332
0.513747
0.540808
0.577577
0.789427
0.925487
0.962687
0.931159
0.942398
1.026285
0.976510
0.818376
0.775561
0.751396
0.647764
0.532690
0.525679
0.702011
0.899286
1.053494
1.356659
1.405822
1.146112
0.978753
0.835732
0.883001
1.004056
1.230463
1.357385
1.222449
0.896123
0.860528
0.933360
0.855798
0.783165
0.837226
0.977262
1.087968
1.159860
1.331847
1.534967
1.750901
1.961799
2.104280
2.094717
1.942344
1.869746
1.859166
1.704200
1.552963
1.709807
1.807476
1.680128
1.658726
1.653868
1.805521
2.110757
2.470414
2.865482
3.247374
3.533838
3.560310
3.314155
3.153205
2.897636
2.544189
2.185611
1.910378
1.970148
1.820708
1.838144
1.821730
1.728406
1.709927
1.924670
2.087557
2.160467
2.444728
2.677374
2.780068
2.649105
2.531615
2.350256
2.082289
1.806053
1.582286
1.984224
2.303594
2.356191
2.134925
2.011962
2.532484
3.258378
4.130335
5.103663
6.405458
8.259058
9.309662
9.588509
9.291782
8.249994
6.450603
5.134937
4.204356
3.523863
3.791181
3.975547
3.970244
3.719169
3.363316
3.065726
3.318535
3.713272
3.879081
4.018578
4.602374
4.947639
4.968743
4.656695
4.062886
3.452639
2.901080
2.393726
1.937984
2.242474
2.926855
3.977405
4.334651
3.946393
2.831101
2.024318
1.485700
1.106061
1.096588
1.130986
1.218631
1.174012
1.104632
1.085555
1.112575
1.120499
1.046815
0.856584
0.681118
0.730367
0.793488
0.770572
0.791463
0.924120
1.012522
1.022682
0.932342
0.961708
0.885898
0.724626
0.634373
0.680092
0.766892
0.914803
1.053405
1.150487
1.172691
1.228593
1.378627
1.452327
1.513625
1.637579
1.811695
2.126437
2.261104
2.226516
2.101069
2.174894
2.259253
2.295700
2.400173
2.470658
2.380310
2.299233
2.173681
2.064775
2.090373
1.953177
2.058580
2.113068
2.020117
1.877702
1.922981
1.935130
2.229902
2.212563
1.945935
1.690892
1.720333
1.846354
2.022437
2.225652
2.449780
2.511356
2.405143
2.184766
2.464997
3.317477
3.884920
4.134534
4.247387
4.270658
4.243259
4.108994
3.822529
4.233574
4.544968
4.590878
4.709964
4.606734
4.364554
4.284757
4.843811
5.138152
4.810165
4.329658
4.264540
4.895697
5.507625
6.022269
6.718882
7.377279
8.164319
9.011966
9.363824
8.991723
8.520821
7.674514
6.852175
6.288302
6.031777
5.588083
5.385652
5.719642
5.790098
6.194446
6.333738
6.009225
5.428596
4.785258
4.204997
3.740205
3.592459
3.473943
3.167216
2.799732
2.434810
2.744875
3.677479
4.332943
4.586666
4.583338
4.316270
3.570326
2.679353
2.755865
2.999578
3.195661
3.283529
3.160595
2.926445
2.733598
2.955012
3.098365
3.142886
2.997669
3.067629
3.085513
3.403756
3.768367
4.115429
4.403521
4.478086
4.396768
4.652253
4.883358
4.926356
5.078955
5.221952
5.353504
5.824536
6.138365
6.127240
5.838165
5.469073
5.092108
4.732754
4.488132
4.317955
4.250372
4.390228
4.557562
4.642365
4.556295
4.586304
4.746931
4.771182
4.580716
4.359832
4.279892
4.474976
4.539437
4.441954
4.187795
3.932681
3.727724
3.697680
4.114748
4.339087
4.399735
4.307778
4.514673
4.657280
4.604126
4.379130
4.167795
4.129001
3.994737
4.136797
4.569153
4.908529
5.573820
6.484418
7.410289
8.482430
9.701679
10.883014
11.684549
12.347329
12.817394
13.303946
14.235723
14.636621
14.158550
12.847097
11.318263
9.893659
8.611040
7.439008
6.395403
6.128287
5.720542
5.660875
6.227476
6.746498
7.014169
6.759350
6.130072
5.443961
4.957857
5.000181
5.312234
5.311800
5.046238
4.852971
4.640852
4.711711
4.957642
4.972636
5.146843
5.683800
6.162731
6.523107
6.402442
5.965881
5.429855
5.427209
5.757692
6.218377
6.687528
7.244876
7.871131
8.501074
9.109502
9.708962
9.962305
9.793749
9.240975
8.571054
7.830140
7.152718
6.509008
5.943850
5.612751
5.603358
5.347629
5.258654
5.025327
4.705802
4.755280
5.122344
5.393755
5.499975
5.414459
5.297512
5.225595
4.994216
4.721136
5.094769
5.441320
5.755623
6.023452
6.353054
6.541175
6.464408
6.439541
6.338967
6.033403
5.660846
5.657287
5.921891
6.161237
6.223269
6.177315
6.097879
6.067093
5.813880
5.483396
5.537560
5.979613
6.746696
7.327204
7.751570
8.013015
8.116565
8.493475
8.938740
9.422879
9.923244
10.395398
10.886130
11.359262
11.616084
11.562100
11.267778
11.013410
11.547913
12.081007
12.628977
13.001544
12.951395
12.552938
12.016201
11.517772
10.659451
9.750987
8.920075
8.912902
9.116797
9.038308
8.718172
8.245545
8.035371
8.357846
8.640184
8.907829
9.121653
9.333709
9.338634
9.100719
8.663405
8.041918
7.160825
6.163934
5.225865
4.643505
4.732069
4.686931
4.613236
4.637090
4.639173
4.571084
4.771231
5.344092
5.338305
4.757490
4.153325
4.374126
4.374354
4.323802
4.707398
5.068915
5.329713
5.352308
5.165661
4.971621
5.089331
5.555395
5.905250
6.084140
6.486061
6.753440
6.672624
7.060953
7.652714
8.307129
8.903273
9.096788
8.852320
8.185143
7.453236
6.767866
6.135248
6.208457
6.037853
5.692261
5.253179
4.954402
5.447957
6.031711
6.634964
7.086201
7.088626
6.754932
6.311499
5.820045
5.343313
4.886593
4.775920
5.062515
5.186052
5.119293
4.918772
4.619754
4.294123
3.971272
3.700271
3.602489
3.332967
3.071047
2.775666
2.496709
2.289611
2.227033
2.099373
2.183897
2.404454
2.502079
2.474801
2.376568
2.608995
2.727554
2.657057
2.452915
2.785786
3.138263
3.461305
3.780098
4.113810
4.429966
4.616581
4.412710
4.074160
3.316165
2.981604
2.717768
2.749316
2.739148
2.611916
2.712544
2.816914
2.673677
2.127541
1.882782
1.501943
1.400392
1.490388
1.589373
1.493951
1.541641
1.671888
1.842946
2.070861
2.302418
2.453446
2.538837
2.475856
1.874026
1.566139
1.653082
1.838194
2.026318
2.053762
1.692586
1.381760
0.793360
0.551807
0.580651
0.665989
0.701011
0.727897
0.649101
0.403125
0.408602
0.500742
0.624206
0.739595
0.824672
0.966955
1.106968
1.134912
0.993339
1.091784
1.274767
1.485443
1.674190
1.738455
2.315187
2.984478
3.709292
4.316269
4.370687
3.898482
3.547111
3.361570
2.900943
2.496091
2.696010
2.980677
3.164040
2.769420
1.268836
0.693784
0.595587
0.331152
0.185412
0.115936
0.072021
0.049319
0.036380
0.000000
0.000000
0.000000
0.000000
0.000000
0.000000
0.000000
0.000000
0.008216
0.064705
0.089806
0.090196
0.164169
0.117159
0.000000
0.868807
0.757569
0.422602
0.205351
0.091396
0.210939
0.393028
0.000000
0.000000
0.000000
0.000000
0.000000
0.000000
0.000000
0.000000
0.000000
