track	type=wiggle_0
fixedStep	chrom=chr	start=1	step=1
0.000000
0.000000
0.000000
0.000000
0.000000
0.000000
0.000000
0.000000
0.000000
0.186425
0.267990
0.118117
0.039990
0.046085
0.250139
0.390431
0.431690
0.551685
0.590333
0.798348
1.035632
1.104026
1.118105
1.118105
1.118105
1.093478
1.019426
0.787950
0.641633
0.521034
0.351689
0.208705
0.141723
0.214608
0.311680
0.398943
0.414969
0.615831
0.817478
0.904610
0.776343
0.565132
0.614923
0.800706
0.568051
0.305123
0.126601
0.038828
0.005794
0.068859
0.221661
0.403033
0.518804
0.553685
0.505950
0.394984
0.305139
0.311776
0.408239
0.500850
0.510276
0.534905
0.669504
0.802794
0.824069
0.734920
0.668261
0.741764
0.704745
0.579556
0.423922
0.401325
0.576832
0.805431
1.075089
1.336813
1.520083
1.432398
1.203153
0.968274
0.741057
0.528631
0.353858
0.219336
0.154691
0.115634
0.238627
0.567337
0.891844
1.135567
1.241455
1.220597
1.090081
0.989072
0.978173
1.102174
1.212161
1.265672
1.252998
1.395828
1.528592
1.599913
1.536648
1.421031
1.511558
1.512459
1.411866
1.385259
2.075455
2.509812
2.713139
2.727820
2.576337
2.475868
2.537665
2.665221
2.868866
3.047195
3.076627
3.040172
3.237184
3.357737
3.338157
3.240698
3.290297
3.298290
3.171770
2.925785
2.915004
3.173721
3.468153
3.787284
4.090534
4.272213
4.285242
4.115244
3.808262
3.494776
3.224257
3.034809
2.916292
2.734301
2.520047
2.404539
2.593545
2.718687
2.665188
2.507063
2.300072
2.543072
2.713078
2.979131
3.318276
3.684873
4.077169
4.491929
4.910928
5.283410
5.505710
5.488671
5.233311
5.179025
5.853446
6.185075
5.834132
5.081856
4.252628
3.525849
3.267761
3.216897
3.385613
3.324200
3.124530
3.487844
4.035130
4.510332
4.723076
4.488435
4.046192
3.630187
3.427472
3.614478
3.792380
3.994933
4.189581
4.117031
4.239618
4.509775
4.925755
5.609400
6.395197
7.264299
8.165425
8.954334
9.331912
8.966645
8.187100
7.323185
7.076560
6.797158
6.250250
6.126480
6.027781
5.727384
5.687745
5.917930
5.934400
5.652278
5.186330
4.676294
4.184372
3.730523
3.712121
3.981454
4.168710
4.104786
3.867792
3.530431
3.192932
2.890826
2.792734
2.903745
3.124304
3.324151
3.516927
3.764313
3.942396
3.973596
3.844520
4.135656
4.399996
4.616976
4.631325
4.447799
4.336874
4.465168
4.483126
4.729471
4.783713
4.710313
4.575461
4.490818
4.497748
4.537481
4.840674
5.115767
5.212714
5.115715
4.840994
4.533749
4.239085
4.012404
3.898051
4.087552
4.148297
4.059623
3.920752
3.841054
3.755924
3.775760
3.785857
3.767537
3.918698
4.012494
3.996185
3.838196
3.785035
3.626579
3.396794
3.154505
2.930563
2.737270
2.643607
2.545882
2.464690
2.435790
2.222086
2.209897
2.162820
2.043156
1.925394
1.822166
1.779345
1.809401
1.872229
1.901292
1.837845
1.692426
1.538700
1.412066
1.285376
1.177927
1.113765
1.029949
0.972345
1.265876
1.618599
2.032228
2.510554
3.060988
3.670780
4.271608
4.620082
4.576777
4.310350
4.094577
4.641815
5.283029
5.944191
6.673544
7.497038
7.930489
7.942455
7.591065
6.824898
6.011537
5.223747
5.097772
5.437318
5.594760
5.492227
4.995626
5.902346
7.241219
8.261823
9.308837
9.308837
8.259130
7.176595
6.277342
6.793817
6.704681
6.390786
5.639153
4.998458
4.289146
3.922932
4.579961
5.277651
5.891604
6.105992
5.877155
5.399474
5.157423
4.694348
4.098488
3.522672
3.022671
2.631781
2.633186
2.731434
2.601991
2.459248
2.278042
2.229550
2.285254
2.255556
2.413830
2.377039
2.204950
1.920560
1.628191
1.357773
1.119204
0.910125
0.731864
0.597070
0.485233
0.470780
0.452194
0.343184
0.228959
0.132735
0.064310
0.076541
0.128074
0.304591
0.340952
0.228031
0.165086
0.106687
0.162378
0.141651
0.067231
0.030594
0.048136
0.054600
0.043045
0.023260
0.013142
0.005870
0.000461
0.000000
0.000319
0.022134
0.048673
0.077692
0.099434
0.109916
0.125391
0.148854
0.143893
0.101585
0.039482
0.000262
0.000000
0.000000
0.000000
0.016116
0.054877
0.014507
0.000000
0.000000
0.000000
0.000000
0.000000
0.000000
0.000000
0.000000
0.000000
0.000000
0.000000
0.000000
0.000000
0.000000
0.000000
0.000000
0.000000
0.000000
0.000000
0.000000
0.000000
0.000000
0.000000
0.000000
0.000000
0.000000
0.000000
0.000000
0.000000
0.000000
0.000000
0.000000
0.000000
0.000000
0.000000
0.000000
0.000000
0.008583
0.056123
0.150013
0.295277
0.499249
0.771377
1.115545
1.498129
1.775096
1.771067
1.481161
1.101436
0.766506
0.549338
0.554192
0.784139
0.990891
1.227874
1.540313
1.994119
2.561459
3.233422
4.026913
4.943175
5.902262
6.683399
6.664113
5.895809
4.983085
4.131105
3.539228
3.197125
2.642460
2.100275
1.622423
1.220153
0.888658
0.620219
0.408403
0.246558
0.129624
0.052237
0.010278
0.000000
0.000000
0.000000
0.000000
0.000000
0.000000
0.000000
0.000000
0.000000
0.000000
0.000000
0.000000
0.000000
0.000000
0.000000
0.000000
0.000000
0.000000
0.000000
0.000000
0.000000
0.000000
0.000000
0.000000
0.000000
0.000000
0.000000
0.000000
0.000000
0.000000
0.000000
0.000000
0.000000
0.000000
0.000000
0.000000
0.000000
0.000000
0.000000
0.000000
0.000000
0.000000
0.000000
0.000000
0.000000
0.000000
0.000000
0.000000
0.000000
0.000000
0.000000
0.000000
0.000000
0.000000
0.000000
0.000000
0.000000
0.000000
0.000000
0.000000
0.000000
0.000000
0.000000
0.000000
0.000000
0.005180
0.041340
0.114842
0.216851
0.308614
0.334190
0.264050
0.153370
0.075092
0.057458
0.117160
0.170095
0.182656
0.201116
0.401886
0.727709
1.214956
1.621761
1.786226
1.830313
1.833732
1.808638
1.927467
2.512044
3.208097
3.985121
4.846529
5.771131
7.294858
8.156802
7.284462
5.702298
4.633744
3.772311
3.191174
3.402220
3.436745
3.523871
3.859402
4.410397
4.630995
4.445601
3.941573
3.344049
2.783244
2.271438
1.835213
1.636647
1.469512
1.634826
1.675810
1.485514
1.189419
0.845110
0.853241
1.045986
1.261493
1.502551
1.740675
1.925132
1.976226
1.900872
1.747490
1.515296
1.288216
1.088593
0.931831
0.781372
0.630008
0.500478
0.382861
0.289022
0.235822
0.206036
0.149329
0.094005
0.052007
0.023329
0.005888
0.000003
0.000000
0.000000
0.000000
0.000000
0.000187
0.004974
0.015830
0.030527
0.036109
0.028033
0.011441
0.001204
0.004512
0.011450
0.010876
0.003520
0.000001
0.000021
0.002355
0.002279
0.015078
0.041886
0.066865
0.078247
0.083821
0.087158
0.092392
0.153778
0.323268
0.570556
0.900825
1.302232
1.708824
1.685874
1.233615
0.822821
0.514255
0.283555
0.174681
0.150283
0.106969
0.070205
0.042841
0.026476
0.046126
0.063579
0.084498
0.120046
0.172466
0.214811
0.227236
0.203630
0.161809
0.117099
0.075245
0.040083
0.016857
0.004688
0.001777
0.007130
0.010770
0.011614
0.005264
0.000203
0.001699
0.014313
0.040380
0.083026
0.143311
0.217085
0.306728
0.404463
0.495205
0.584020
0.597679
0.525325
0.425202
0.328401
0.240351
0.166360
0.104477
0.056815
0.028186
0.017315
0.033121
0.072125
0.098588
0.102157
0.167908
0.264035
0.378834
0.448117
0.497517
0.471264
0.572436
0.744572
0.951900
1.088687
1.068195
0.921923
0.755281
0.569377
0.492655
0.516667
0.453638
0.467123
0.699623
0.956640
1.112780
1.056773
1.319876
1.782859
2.384743
2.949165
2.932395
2.369826
1.916499
1.728459
1.469311
1.657405
2.042912
1.983527
1.434874
1.046059
0.824092
0.951572
0.951130
0.826075
0.657155
0.496840
0.361958
0.256261
0.175057
0.113127
0.068778
0.034170
0.013530
0.020406
0.040715
0.060098
0.072718
0.062587
0.065791
0.095112
0.124727
0.160796
0.222300
0.300002
0.386134
0.488348
0.604789
0.722997
0.800920
0.812209
0.756886
0.650172
0.532008
0.422600
0.334499
0.314341
0.403396
0.499086
0.559071
0.548160
0.478625
0.386567
0.304855
0.312323
0.432778
0.530971
0.609751
0.723977
0.870933
1.029104
1.185138
1.309852
1.334555
1.354199
1.473275
1.618651
1.765141
1.897847
2.022941
2.088807
2.208009
2.346709
2.487664
2.617047
2.630197
2.536693
2.362889
2.196163
2.018039
2.078835
2.506269
2.751086
2.487801
2.102025
2.293732
2.318815
2.315315
2.303032
2.302066
2.292108
2.239520
2.062975
1.706952
1.443712
1.601837
1.777761
1.923319
1.986404
2.197853
2.322865
2.258456
1.996055
2.254719
2.596871
2.813433
3.054315
3.066146
2.895256
2.864274
2.798716
3.088830
3.393881
3.365280
3.632127
3.928032
3.983126
4.373079
4.800247
5.247478
5.700287
6.159343
6.551030
6.861394
6.884386
6.606282
6.411973
6.921720
7.434173
7.886876
7.959010
7.711647
7.235989
6.714726
6.300926
6.461306
6.426230
5.990218
5.461282
4.956483
4.474962
4.017585
4.236127
4.458208
4.567618
4.424545
4.142930
4.068671
4.137273
4.004015
3.700731
3.352861
3.022225
2.799144
2.799961
3.047287
3.332644
3.584187
3.682079
3.598560
3.400148
3.515952
3.467352
3.238481
3.661804
4.022133
3.729010
3.138309
2.538832
1.976796
1.589200
1.478721
1.419992
1.281760
1.216379
1.158149
1.037827
0.892086
0.769890
0.823792
0.833779
0.706362
0.735483
0.800175
0.839254
0.892249
0.930604
0.933419
0.922363
0.942728
0.899896
0.823780
0.726948
0.733645
0.924280
1.507814
1.901477
2.039250
2.041014
1.912662
1.549749
1.011191
0.838858
0.870839
0.861062
0.881890
0.890554
0.929203
0.994975
1.058073
1.049613
1.149289
1.080847
0.887323
0.693874
0.665225
0.536127
0.610964
0.822256
1.061952
1.187697
1.600413
2.172529
2.620559
2.841115
2.937245
2.933868
2.809408
2.460571
1.745675
1.201698
0.796490
0.497281
0.281194
0.133423
0.051048
0.063310
0.054605
0.035410
0.052456
0.077745
0.099168
0.093811
0.067693
0.039651
0.024036
0.018759
0.010201
0.006229
0.006319
0.008498
0.017993
0.021111
0.021184
0.018485
0.010360
0.001047
0.008485
0.026083
0.093739
0.196899
0.254378
0.271689
0.272432
0.253108
0.184511
0.053073
0.039821
0.070895
0.117868
0.169530
0.189007
0.211005
0.280199
0.380421
0.459444
0.446997
0.376909
0.533794
0.788221
1.239412
1.672864
1.860206
1.908924
1.905647
1.845534
1.687947
1.444579
1.756304
2.041043
2.092288
1.841057
1.522621
1.375347
1.624998
1.983943
2.410132
2.838820
3.144082
3.107664
2.768506
2.329423
1.953122
1.621476
1.578399
1.764799
1.853353
1.906993
1.791565
1.562213
1.269324
0.991682
0.750362
0.548622
0.382823
0.248734
0.147213
0.107840
0.295143
0.411895
0.444117
0.442159
0.411584
0.320341
0.188577
0.208491
0.272601
0.435965
0.740102
0.893964
0.952553
0.952984
0.905289
0.781321
0.534365
0.315539
0.107415
0.016901
0.000211
0.001723
0.000913
0.000000
0.000000
0.000000
0.000000
0.000000
0.000000
0.000000
0.000000
0.000000
0.000000
0.000000
0.000000
0.000000
0.000000
0.000000
0.001114
0.008345
0.020821
0.040466
0.068500
0.104655
0.148606
0.181747
0.185165
0.171573
0.160970
0.212654
0.306792
0.601108
0.858189
1.001771
1.079058
1.483918
1.834908
1.890565
1.646497
1.269407
0.938344
0.688089
0.970573
1.291780
1.580214
1.691394
1.538639
1.295112
1.652825
2.112458
2.560222
2.684363
2.892334
3.456807
3.876338
3.166104
2.369710
1.751142
1.310858
0.951594
0.639271
0.398505
0.338571
0.272290
0.242404
0.298686
0.299862
0.243100
0.208643
0.291465
0.396712
0.477050
0.478529
0.553759
0.630024
0.604929
0.474549
0.336204
0.211065
0.141312
0.096525
0.128040
0.208000
0.246787
0.230582
0.308742
0.497668
0.691988
0.787029
0.684218
0.494020
0.312132
0.223819
0.186822
0.173837
0.246102
0.331167
0.434902
0.552645
0.674736
0.784163
0.829552
0.784502
0.676587
0.580120
0.503686
0.439635
0.368360
0.302794
0.294005
0.321014
0.349050
0.393756
0.454938
0.493408
0.539676
0.596271
0.637086
0.695768
0.686221
0.669226
0.738981
0.797629
0.887331
0.904159
0.892726
0.964123
0.998489
0.926785
0.835989
1.036144
1.227315
1.343973
1.275404
0.983692
0.727413
0.749293
0.734406
0.865012
1.023498
1.145144
1.216057
1.156148
1.038331
0.964030
0.890979
0.982738
1.031857
0.969881
0.845711
0.774135
0.895611
1.109266
1.351914
1.619700
1.917261
2.245825
2.569028
2.768159
2.766207
2.549813
2.248774
2.000901
1.853791
1.895342
1.958990
1.903455
1.935912
2.177723
2.517045
2.920943
3.306071
3.582964
3.563673
3.253159
2.858320
2.456870
2.076649
1.738024
1.439918
1.180916
0.959571
0.968458
1.150231
1.271763
1.335829
1.381609
1.348103
1.190821
1.023968
0.864323
0.730666
0.619141
0.505976
0.429250
0.311945
0.300323
0.289265
0.304662
0.337855
0.334308
0.315379
0.325274
0.348239
0.429798
0.538933
0.655427
0.776541
0.892681
1.025255
1.181974
1.331320
1.385206
1.332479
1.178180
1.000136
0.844911
0.713668
0.725660
0.767383
0.756078
0.694107
0.592325
0.484336
0.390546
0.318651
0.620452
0.835202
0.883199
0.785738
0.630052
0.716597
0.816986
0.891135
0.936136
0.896603
0.812834
0.711411
0.627341
0.540936
0.453988
0.364291
0.314118
0.260371
0.200453
0.146133
0.121747
0.096601
0.045426
0.015838
0.048913
0.090168
0.107490
0.084023
0.071724
0.093638
0.107805
0.101545
0.117444
0.143292
0.146857
0.211178
0.350796
0.521350
0.664523
0.664727
0.525628
0.363516
0.379699
0.497065
0.615294
0.677485
0.850686
1.033346
1.160662
1.328944
1.404145
1.305224
1.074333
0.830130
0.614979
0.434143
0.283940
0.311938
0.511002
0.780293
1.118227
1.526453
2.035005
2.651183
3.388336
4.193927
4.886259
4.884017
4.196023
3.391000
2.649167
2.024138
1.506773
1.085636
0.759740
0.527131
0.333078
0.187021
0.098112
0.086411
0.090937
0.168284
0.269277
0.374424
0.429944
0.409872
0.314207
0.209019
0.121861
0.149336
0.207082
0.231826
0.192367
0.147085
0.091136
0.057340
0.076028
0.092831
0.123917
0.197882
0.288731
0.386546
0.461325
0.462340
0.407495
0.337935
0.253206
0.202545
0.139341
0.078041
0.049039
0.050190
0.064577
0.088899
0.134452
0.140880
0.207215
0.247894
0.371807
0.533464
0.687471
0.786432
0.780211
1.044482
1.317809
1.590929
1.577244
1.294043
0.937870
0.653050
0.564541
0.778625
0.955982
1.111642
1.239797
1.357747
1.538749
1.843773
2.102919
2.153868
1.905602
1.623299
2.120670
2.699292
2.998703
2.778020
2.217554
1.663973
1.209309
0.815228
0.543653
0.395203
0.371664
0.391334
0.466238
0.455115
0.334001
0.185599
0.077437
0.032164
0.127865
0.244969
0.151939
0.047536
0.002400
0.000000
0.000000
0.000000
0.000000
0.000000
0.000000
0.000000
0.000000
0.000000
0.000000
0.000000
0.000000
0.000000
0.000000
0.000000
0.000000
0.000000
0.000085
0.004807
0.008365
0.004857
0.000107
0.000000
0.002979
0.006340
0.003352
0.000272
0.000161
0.006555
0.019954
0.038007
0.055674
0.050393
0.029556
0.013076
0.004793
0.032728
0.122207
0.277706
0.507948
0.819461
1.221559
1.836967
2.257395
2.414087
2.453049
2.453096
2.425501
2.315013
2.041221
1.616389
1.897481
2.026677
1.839047
1.489726
1.138131
1.088607
1.436547
1.804237
2.116776
2.388330
2.313285
1.982289
1.569452
1.210774
0.934714
0.875257
0.924990
0.958548
1.185187
1.835492
2.334249
2.531191
2.579975
2.588110
2.586552
2.572238
2.513904
2.302407
1.775858
1.103557
0.990000
1.212664
1.305152
1.125456
0.822437
0.581424
0.474338
0.665147
0.758063
0.676597
0.509545
0.549411
0.684628
0.691317
0.568481
0.434169
0.339553
0.286990
0.257042
0.246611
0.190287
0.161300
0.130200
0.167039
0.255995
0.466403
0.750361
1.041725
1.075211
0.816512
0.840590
0.982061
1.133892
1.280177
1.377945
1.427747
1.423351
1.334327
1.185470
1.043782
1.137174
1.192814
1.245993
1.397818
1.560004
1.748215
1.949187
2.106457
2.134820
2.045190
1.887198
1.784024
1.798205
1.898524
1.991127
2.021668
1.926426
1.736802
1.895324
2.123624
2.366863
2.614136
2.743935
2.723604
2.538947
2.344575
2.120025
2.228885
2.576131
2.947284
3.259016
3.505372
3.508401
3.243835
2.859631
2.468663
2.380643
2.492000
2.421363
2.190724
1.926373
2.011325
2.195488
2.246352
2.128674
2.042334
2.058893
2.105351
2.340141
2.539770
2.700120
2.799273
2.655890
2.410785
2.129203
1.858411
1.768854
2.192051
2.596250
3.057042
3.709918
4.456810
5.126785
6.117948
6.675991
6.801353
6.667670
6.123542
4.832211
3.778103
3.546259
4.117159
4.587123
4.812891
4.741452
4.325678
3.851408
3.352659
3.007938
2.936706
2.913788
3.124064
3.611748
3.999608
4.208347
3.971556
3.509238
2.991013
2.582130
2.526450
2.290373
1.983195
2.540248
3.517551
3.848919
3.494690
2.461356
1.712640
1.195985
1.211670
1.333254
1.369006
1.375077
1.487816
1.501080
1.438731
1.604385
1.763542
1.889721
1.880483
1.915808
2.046122
2.109079
2.303828
2.475120
2.560684
2.602536
2.669748
2.559610
2.467662
2.490504
2.487951
2.613894
2.723323
2.683824
2.821574
2.882426
2.831256
2.622334
2.375333
2.126379
1.974498
1.907261
1.932366
1.940073
1.918124
1.830065
1.811844
2.005762
2.264859
2.532197
2.747137
2.791457
2.647471
2.403157
2.141904
1.908173
1.711522
1.886991
2.060748
2.145644
2.035275
1.851130
1.628829
1.406431
1.472054
1.748443
2.131936
2.353298
2.316312
2.115877
2.130579
1.978094
1.786400
1.677641
2.054466
2.554269
3.154590
3.839565
4.603659
5.419128
6.185872
6.463723
6.042273
5.229636
5.078063
4.584080
3.841208
3.130374
2.961692
2.658284
3.044947
3.565650
3.987189
4.464490
4.747366
4.471896
4.000867
3.344406
2.709297
2.172627
2.658486
3.028772
2.754930
2.440744
2.263784
2.055264
1.824443
1.836016
1.879296
1.707959
1.438143
1.470785
1.370429
1.185263
0.955749
0.758428
0.673769
0.559646
0.427437
0.523003
0.623276
0.722321
0.765467
0.726070
0.639932
0.601425
0.614897
0.644660
0.848719
0.845439
0.656088
0.764624
0.900284
1.045363
1.195340
1.327934
1.397291
1.391499
1.331031
1.327022
1.358234
1.322041
1.218143
1.196443
1.323664
1.458675
1.610710
1.726410
1.728434
1.598072
1.435374
1.272177
1.121541
0.978401
0.847181
0.964128
1.054385
1.102682
1.036482
0.917321
0.746725
0.621752
0.603126
0.538290
0.469853
0.506373
0.596278
0.636378
0.588159
0.544777
0.516537
0.480061
0.402923
0.325020
0.268176
0.329424
0.393666
0.466073
0.548625
0.624061
0.667092
0.674730
0.625141
0.541416
0.449678
0.366711
0.298505
0.259286
0.363581
0.473494
0.546476
0.547870
0.483473
0.375797
0.269833
0.186859
0.205421
0.325561
0.463597
0.591529
0.656199
0.641976
0.773598
1.108285
1.527658
2.204337
2.826456
3.089039
3.156393
3.167820
3.166355
3.166157
3.666173
4.257846
4.755386
5.429129
6.098022
6.253326
6.867328
7.762024
8.357844
8.017482
7.160194
6.086271
5.079447
4.206025
3.819299
4.259912
4.434434
4.610168
5.173350
5.508246
5.431319
4.976958
4.318840
3.725427
3.134898
2.604533
2.358044
2.687017
2.954135
2.970435
2.726171
2.364648
1.971607
1.608562
1.551155
2.126608
2.643533
2.643739
2.116968
1.531832
1.544019
1.731542
1.772342
1.717417
1.648438
1.501429
1.302209
1.090689
0.892956
0.860087
1.004069
1.144834
1.186704
1.148512
1.032130
0.905977
0.870546
0.906840
0.916160
0.922224
0.878339
0.761343
0.640492
0.560196
0.623864
0.703718
0.764802
0.811757
0.929359
1.085888
1.251239
1.368548
1.369651
1.245000
1.105652
1.114633
1.278438
1.404739
1.415801
1.325625
1.394208
1.406512
1.404633
1.310097
1.206919
1.108930
1.013052
1.248750
1.553198
1.771892
1.917178
2.119900
2.341535
2.591885
2.836826
3.075513
3.317332
3.548146
3.684891
3.677681
3.524456
3.283412
3.103703
3.815983
4.422400
4.915990
5.205153
5.225300
4.910360
5.037688
5.066267
4.872840
4.575758
4.263404
4.016506
3.730154
3.442486
2.882310
2.572366
2.653103
2.664180
2.605150
2.509122
2.672613
2.897220
3.166832
3.449224
3.681849
3.774163
3.645800
3.373068
3.075881
3.062450
3.299106
3.506928
3.764374
3.989818
4.058116
3.889597
3.596006
3.384079
4.095625
4.588569
4.575613
4.053839
3.348171
2.710355
3.046105
3.369338
3.665155
3.882644
3.897838
3.823307
3.669730
4.016360
4.230718
4.259201
4.537270
4.962590
5.410478
5.792557
6.336201
6.552439
6.365195
6.876539
7.392692
7.567848
7.366684
6.778934
6.110293
5.495212
4.968103
4.529272
4.243084
4.234873
4.038831
3.994962
4.400609
4.783531
5.011737
5.035950
4.855396
4.538250
4.196344
3.826452
3.460271
3.107248
2.761378
2.424021
2.108350
1.835781
1.657266
1.792628
1.928871
2.030969
2.049127
1.952492
1.757485
1.610710
1.726410
1.649726
1.384418
1.239167
1.158286
1.188951
1.347150
1.419260
1.402704
1.316832
1.488032
1.571587
1.516142
1.360731
1.172670
0.976601
0.802559
0.492389
0.506373
0.608160
0.821279
1.025479
1.117607
1.015333
0.799191
0.644199
0.892856
1.111248
1.276962
1.105631
0.803595
0.513018
0.304653
0.185004
0.106971
0.067622
0.062665
0.063631
0.109112
0.174585
0.259286
0.363581
0.473494
0.536545
0.418113
0.137787
0.093653
0.117930
0.143911
0.097648
0.049981
0.067954
0.113928
0.187283
0.277579
0.347283
0.281432
0.078428
0.062650
0.081280
0.129114
0.205595
0.304961
0.415391
0.490483
0.469413
0.492843
0.623679
0.807861
1.037063
1.310512
1.588446
1.784539
1.632827
1.709620
1.973209
2.342170
2.795135
3.299672
3.819299
4.292685
4.356289
4.610168
5.173350
5.508246
4.673939
2.251227
2.135968
1.718059
1.261737
0.863627
0.555584
0.382331
0.340115
0.546971
0.741317
0.661793
0.767574
1.087815
1.551155
2.126608
2.643533
0.000000
0.000000
0.000000
0.000000
0.000000
0.000000
0.000000
0.000000
0.000000
