track	type=wiggle_0
fixedStep	chrom=chr	start=1	step=1
0.000000
0.000000
0.000000
0.000000
0.000000
0.000000
0.000000
0.000000
0.000000
0.000079
0.000000
0.000000
0.000000
0.000000
0.000000
0.000000
0.000000
0.000000
0.000000
0.000152
0.001885
0.012101
0.097835
0.484088
0.857761
0.942095
0.774479
0.564837
0.384135
0.245554
0.146245
0.157334
0.288809
0.456792
0.680172
0.897339
0.989653
0.852241
0.624218
0.683844
0.882930
0.633545
0.347595
0.150922
0.051145
0.019288
0.031390
0.092105
0.274205
0.565339
0.688611
0.643814
0.524861
0.402091
0.295046
0.206001
0.269265
0.396828
0.550607
0.707954
0.853905
0.876852
0.782540
0.715052
0.793923
0.754598
0.621597
0.455824
0.436830
0.620305
0.862625
1.148738
1.423771
1.616088
1.523869
1.285397
1.046708
0.820536
0.609756
0.421461
0.315351
0.344785
0.310226
0.219015
0.125867
0.068829
0.050960
0.022385
0.001219
0.000000
0.000208
0.034170
0.132281
0.306316
0.600667
1.160926
1.442564
1.520565
1.533641
1.520565
1.461080
1.251269
0.780498
0.433733
0.203470
0.068806
0.007479
0.000000
0.002668
0.016551
0.023694
0.016501
0.006464
0.000501
0.000000
0.000000
0.000000
0.000000
0.000260
0.006381
0.017164
0.021638
0.019823
0.013075
0.020995
0.025311
0.052709
0.162818
0.411399
0.882262
1.122790
1.188526
1.200089
1.200089
1.200089
1.188526
1.119000
0.876153
0.412375
0.220404
0.285285
0.380611
0.395391
0.325988
0.364645
0.384715
0.434937
0.544866
0.451227
0.415612
0.447634
0.498054
0.601422
0.463481
0.317553
0.261220
0.215324
0.305874
0.502883
0.684497
0.720672
0.596622
0.407380
0.459920
0.534371
0.562061
0.593051
0.690035
0.847556
1.040428
1.257144
1.465996
1.571846
1.497483
1.336425
1.142193
1.013978
1.195322
1.441645
1.680876
1.751444
1.662026
1.425324
1.229145
1.389926
1.619346
1.980280
2.408261
2.896391
3.417509
3.894858
4.148256
3.897034
3.429898
2.918856
2.440835
2.021442
1.681826
1.366834
1.078812
0.830776
0.619395
0.445960
0.305911
0.199736
0.154069
0.175226
0.163517
0.148097
0.104374
0.072299
0.128522
0.283447
0.538148
0.895616
1.360661
1.504691
1.323650
0.832839
0.636434
0.838534
0.947971
0.822447
0.607816
0.383088
0.204440
0.104467
0.115347
0.166129
0.184051
0.165653
0.115085
0.067077
0.032273
0.013142
0.008509
0.002068
0.000000
0.002214
0.035441
0.073342
0.047089
0.051749
0.036671
0.035016
0.034103
0.020924
0.025406
0.040687
0.058355
0.159758
0.221965
0.251060
0.257132
0.250463
0.215820
0.133780
0.053579
0.060231
0.030628
0.044723
0.044760
0.028258
0.011031
0.018040
0.048909
0.080801
0.159083
0.160967
0.086171
0.058355
0.030891
0.031627
0.085751
0.165156
0.205190
0.205499
0.210706
0.261588
0.326206
0.389462
0.454023
0.584106
0.716827
0.846713
0.901038
0.887545
0.801837
0.670096
0.503926
0.404368
0.327615
0.251104
0.254314
0.274510
0.265828
0.229702
0.276571
0.377853
0.461950
0.467237
0.383005
0.275758
0.188712
0.238699
0.288880
0.300380
0.288261
0.343590
0.414746
0.463644
0.479528
0.753943
0.852292
0.787045
0.588225
0.569964
0.733372
0.906570
1.344012
1.738132
1.922247
1.960548
1.923395
1.749757
1.364711
0.898322
0.613309
0.817557
0.896604
0.745298
0.805884
0.944168
1.063009
1.140802
1.146226
1.286786
1.482692
1.698091
1.890871
1.967319
1.874775
1.679703
1.463147
1.255249
1.186725
1.303125
1.506828
1.726896
1.914058
2.096341
2.366396
2.719732
3.127944
3.559249
3.977936
4.203478
4.096736
3.786631
3.347268
3.013641
3.431052
3.930794
4.459107
4.985379
5.219198
5.021096
4.517336
3.956617
3.416466
2.928670
2.494287
2.113961
1.769870
1.462379
1.189896
0.955856
0.791975
0.860244
0.856228
0.749027
0.597397
0.452676
0.329282
0.259666
0.261041
0.263570
0.267813
0.270715
0.385180
0.608033
0.777113
0.752659
0.536693
0.328243
0.169076
0.113447
0.106000
0.101725
0.093848
0.068997
0.025174
0.020069
0.015855
0.010069
0.004380
0.001974
0.005930
0.013910
0.021347
0.016442
0.005962
0.000090
0.000000
0.000000
0.000000
0.000000
0.000000
0.000000
0.000000
0.000000
0.000000
0.000000
0.000000
0.000000
0.000000
0.000000
0.000000
0.000000
0.000000
0.000000
0.000000
0.000000
0.001075
0.020595
0.105030
0.263682
0.521161
0.788646
0.919968
0.957477
0.966034
0.966034
0.966034
0.966034
0.956646
0.909299
0.739120
0.384413
0.215309
0.384681
0.617240
0.875258
1.043738
0.968766
0.763953
0.507379
0.298827
0.174085
0.257748
0.356563
0.466808
0.503005
0.413586
0.274324
0.157705
0.292420
0.517137
0.810168
1.122568
1.418619
1.477457
1.263851
1.061213
0.782578
0.562151
0.440169
0.349107
0.361030
0.265611
0.145574
0.055944
0.008904
0.000000
0.000000
0.002647
0.042143
0.106466
0.153618
0.168346
0.172314
0.172314
0.172314
0.166496
0.142613
0.074444
0.006708
0.000000
0.000000
0.000000
0.000000
0.000000
0.000000
0.000000
0.010183
0.016656
0.013371
0.004239
0.034783
0.117824
0.227012
0.347624
0.350558
0.238446
0.123228
0.064468
0.015380
0.014011
0.008926
0.000026
0.000000
0.000000
0.000000
0.000000
0.000000
0.000000
0.000000
0.000000
0.000000
0.000000
0.000000
0.000000
0.000000
0.000000
0.000000
0.000000
0.000000
0.000000
0.000000
0.000000
0.000045
0.001644
0.014233
0.039476
0.057440
0.049366
0.054164
0.044020
0.023168
0.014221
0.008765
0.018329
0.041784
0.057750
0.059700
0.114739
0.206582
0.325843
0.462564
0.572544
0.566521
0.454125
0.318961
0.204718
0.127069
0.115986
0.248645
0.430793
0.705283
1.066792
1.523641
2.047140
2.311680
2.098104
1.633219
1.336586
1.169748
0.952605
0.722225
0.831474
0.990585
1.101732
1.094722
1.010903
1.219104
1.533991
1.778840
1.851900
2.100604
2.353626
2.871143
3.518368
4.136833
4.466684
4.343506
3.940423
4.633444
5.249501
5.391279
5.065146
4.486121
3.814998
3.187776
2.638264
2.159207
1.751220
1.419089
1.120216
0.855108
0.633826
0.695868
0.858658
0.979914
0.983640
0.869828
0.708265
0.551870
0.423351
0.325826
0.284814
0.221028
0.151900
0.095182
0.050097
0.020667
0.006855
0.002460
0.000093
0.000000
0.000011
0.000027
0.000000
0.000000
0.000000
0.000000
0.000000
0.000000
0.000000
0.000000
0.000000
0.000000
0.000000
0.000000
0.000000
0.000000
0.000000
0.000000
0.000000
0.000000
0.000000
0.000000
0.000000
0.000209
0.011781
0.021696
0.026244
0.027646
0.028398
0.028609
0.029658
0.031775
0.032813
0.032611
0.047680
0.110077
0.164162
0.152792
0.064107
0.007668
0.000000
0.000000
0.000000
0.000000
0.000000
0.000000
0.000000
0.000000
0.000000
0.000000
0.000000
0.000000
0.000000
0.000000
0.000000
0.000000
0.003676
0.006801
0.000527
0.000000
0.000000
0.000000
0.000000
0.000000
0.000000
0.000000
0.000000
0.000000
0.000000
0.000000
0.000000
0.000000
0.019338
0.063624
0.031359
0.064032
0.065430
0.035466
0.008259
0.001388
0.000000
0.000000
0.000000
0.000000
0.000000
0.001400
0.007817
0.026932
0.046322
0.083982
0.112196
0.115918
0.186752
0.289631
0.410418
0.481924
0.531692
0.506135
0.622892
0.802290
1.016606
1.166283
1.157923
1.009520
0.832355
0.630797
0.540035
0.560824
0.492524
0.512818
0.762769
1.039981
1.206079
1.147819
1.434964
1.936034
2.570665
3.160373
3.141867
2.551515
2.066614
1.868545
1.601156
1.800379
2.208798
2.148477
1.592533
1.262237
1.002663
0.689678
0.424093
0.247646
0.121572
0.125499
0.084229
0.030520
0.048701
0.083896
0.134801
0.198106
0.258750
0.292883
0.280252
0.246758
0.199017
0.161909
0.152059
0.110245
0.070214
0.094729
0.116585
0.170556
0.226722
0.272370
0.311107
0.383995
0.468214
0.565400
0.674995
0.797283
0.926110
1.061654
1.206545
1.366501
1.520336
1.628327
1.620012
1.495316
1.533990
1.523615
1.397029
1.206715
1.014893
1.114068
1.230576
1.359794
1.478299
1.576344
1.704442
1.777194
1.714030
1.603949
1.562170
1.712112
1.865161
2.015331
2.163430
2.233370
2.184112
2.096788
2.112691
2.017048
1.881970
1.980652
2.170437
2.287396
2.294528
2.563528
3.191281
3.771596
4.534281
5.212179
5.812445
6.527354
6.568417
5.642585
4.651157
3.972507
4.046709
4.612225
4.920351
4.849104
4.477548
3.954506
3.999218
4.085451
4.700320
5.375556
6.102285
6.643887
6.643816
6.183911
5.803496
5.679076
5.875850
6.278762
7.017451
7.894814
8.727289
9.460915
9.460991
8.767209
7.904027
6.992973
7.102131
7.642875
8.200339
8.800792
9.443952
10.102740
10.676297
10.860402
10.637929
10.153489
9.494207
9.264832
9.654955
10.023248
10.040122
9.844176
10.049270
10.652630
10.909484
10.670843
10.100492
9.361403
8.589943
7.963836
7.647841
7.523011
8.028492
8.452192
8.630186
8.418532
7.988362
7.467946
6.972171
6.559397
6.414859
6.252898
5.907702
5.819563
5.991218
6.321357
6.710334
6.930406
6.842243
6.583213
6.190293
5.877256
6.004309
5.889233
5.634139
5.305734
5.013271
5.117465
5.465663
5.864190
6.245899
6.456513
6.360903
6.039913
5.572973
5.101318
4.676191
4.297917
3.933458
3.997080
4.158727
4.230991
4.323864
4.689886
5.162153
5.557876
5.889578
6.206113
6.491605
6.767304
6.995103
7.066908
6.967399
6.691300
6.403366
6.307130
6.354749
6.386534
6.338606
6.288780
6.198421
6.077603
6.400504
6.672076
6.783171
6.858689
6.788106
6.554986
6.224014
5.874820
5.516703
5.193738
4.981534
4.671281
4.672896
4.884996
5.138762
5.354794
5.477044
5.410299
5.290428
5.089797
4.824543
4.480308
4.132676
3.799201
3.510308
3.249905
2.986451
2.719620
2.468547
2.288585
2.311500
2.271600
2.165065
2.056484
1.871647
1.670207
1.474370
1.290377
1.122584
0.967386
0.825481
0.693373
0.590336
0.617815
0.710740
0.812202
1.044286
1.569167
2.321265
2.679596
2.666939
2.305300
1.592631
1.244556
1.391071
1.418068
1.366841
1.204166
1.527090
1.943790
2.359711
2.543330
2.411716
2.058026
1.802399
2.028476
2.176058
2.105575
1.845517
1.608502
1.508288
1.461641
1.306009
1.140703
1.178043
1.314011
1.444144
1.468492
1.317748
1.247761
1.335606
1.608600
1.854406
1.880763
1.681121
1.637146
2.050127
2.569582
3.141501
3.608645
3.989857
4.338010
4.525907
4.186470
3.574571
2.937722
2.366296
1.878159
1.489441
1.519347
1.443770
1.231107
1.021913
0.853205
0.693319
0.513180
0.349851
0.217743
0.120163
0.052487
0.013448
0.000039
0.000000
0.000000
0.000000
0.000000
0.000000
0.000000
0.000000
0.000000
0.000000
0.000000
0.000000
0.000000
0.001690
0.049307
0.087387
0.099051
0.101154
0.100392
0.097529
0.081313
0.034042
0.000000
0.000000
0.000000
0.000000
0.000000
0.000000
0.000000
0.000000
0.000000
0.000000
0.000000
0.000000
0.000000
0.000000
0.000000
0.000000
0.000000
0.000000
0.000000
0.000000
0.000000
0.000000
0.000000
0.000000
0.000000
0.000000
0.000000
0.000000
0.000000
0.000000
0.026871
0.122991
0.305831
0.605743
0.864652
1.006103
1.082867
1.468219
1.808653
1.864371
1.605841
1.198412
0.822621
0.602718
0.873585
1.182400
1.432829
1.499987
1.292518
1.008202
0.723048
0.973277
1.357563
1.863611
2.484573
3.196919
3.753434
3.083153
2.291282
1.671567
1.227080
0.865776
0.563259
0.336347
0.179203
0.070689
0.067595
0.119378
0.182937
0.230846
0.224679
0.166147
0.118611
0.110611
0.063578
0.028741
0.012112
0.002192
0.000203
0.000000
0.000000
0.000000
0.002064
0.071457
0.191728
0.243768
0.215169
0.137941
0.126978
0.130501
0.126364
0.203586
0.375398
0.571361
0.758697
0.752166
0.539112
0.328477
0.396803
0.517116
0.653720
0.800158
0.957308
1.136400
1.330161
1.533877
1.755926
1.963407
2.190681
2.426370
2.506036
2.443007
2.238895
2.008806
1.883417
1.976514
2.008547
2.035866
2.081133
2.001908
1.818643
1.609208
1.467266
1.503799
1.688240
1.811121
1.943798
2.185050
2.375554
2.572684
2.869119
3.240239
3.657411
4.104195
4.542377
4.932603
5.148580
4.979215
4.622007
4.178228
3.786814
3.567743
3.480114
3.842899
4.050017
3.959890
3.703796
3.353733
3.465341
4.009314
4.578898
5.100505
5.635727
6.089176
6.433189
6.702093
7.539361
8.540521
9.679687
10.928248
12.301785
13.656441
14.509634
14.446888
13.473815
12.065981
10.692108
9.461591
8.437099
8.899262
9.607062
9.988632
10.000716
9.438166
8.519885
7.591552
6.732775
5.961112
5.250669
4.589260
3.998181
3.494795
3.120929
2.977813
3.148602
3.360992
3.586224
3.771947
3.944691
4.203891
4.481001
4.675554
4.750591
4.562712
4.219038
3.923570
3.906968
3.682693
3.307741
2.914113
2.545143
2.205936
1.888037
1.714126
1.724987
1.705425
1.836824
2.006566
2.148216
2.341585
2.464456
2.580687
2.786231
2.975716
3.214569
3.485724
3.682516
3.799150
3.776411
3.875951
4.193622
4.535824
4.734241
4.695230
4.506456
4.217248
3.887642
3.579916
3.289183
4.077233
4.477398
4.166956
3.176415
2.561874
2.385933
2.147749
1.908290
1.685872
1.477444
1.276663
1.093314
0.941169
0.901258
0.985456
0.992175
0.925308
1.018308
1.052249
1.068878
1.127542
1.072254
0.985279
0.891766
0.885352
0.955488
1.170496
1.409312
1.654263
1.855469
1.989138
2.278609
2.635968
3.031741
3.469259
3.958600
4.488827
5.035082
5.429068
5.442780
5.069921
4.544393
4.022614
3.547708
3.121397
2.732947
2.374462
2.036579
1.722012
1.445002
1.205217
0.992261
0.807589
0.642408
0.494629
0.400983
0.534263
0.820018
1.247115
1.756215
2.022991
1.806111
1.466795
1.137207
1.134861
1.125135
0.994892
0.725582
0.512641
0.419700
0.358521
0.276180
0.210613
0.146524
0.089234
0.050072
0.029026
0.027574
0.017887
0.020412
0.012679
0.010367
0.008015
0.000884
0.000164
0.006610
0.023346
0.043630
0.048366
0.033588
0.013033
0.000970
0.000000
0.000000
0.001167
0.001871
0.009853
0.033642
0.076627
0.136158
0.201507
0.229303
0.205495
0.141422
0.081964
0.037017
0.009252
0.000000
0.000589
0.001407
0.002145
0.002164
0.001820
0.000938
0.000303
0.010755
0.027150
0.026788
0.012164
0.002789
0.016123
0.028759
0.037179
0.039525
0.034167
0.024023
0.011559
0.010098
0.009632
0.023037
0.032567
0.033563
0.035437
0.070798
0.145012
0.182825
0.169461
0.105036
0.129396
0.136919
0.115025
0.079613
0.118691
0.185814
0.262097
0.342972
0.377987
0.364499
0.315097
0.336865
0.385504
0.382896
0.334285
0.275546
0.216094
0.157712
0.106194
0.064889
0.034908
0.015249
0.016329
0.001393
0.000821
0.000000
0.000105
0.001033
0.003365
0.003149
0.010944
0.025990
0.045876
0.095864
0.150971
0.188645
0.176299
0.134959
0.162253
0.245076
0.343454
0.442027
0.501678
0.490230
0.425370
0.380601
0.445084
0.451243
0.400307
0.355653
0.489660
0.653919
0.855788
1.074917
1.227964
1.234499
1.095557
1.079549
1.192805
1.365786
1.594769
1.806883
1.854909
1.724769
1.513834
1.578429
1.634260
1.529573
1.338201
1.122494
0.920150
0.741077
0.624924
0.854299
1.142975
1.500792
1.940977
2.409811
2.751260
2.771549
2.475283
2.088169
1.870455
1.748920
1.576038
1.468755
1.630570
1.646960
1.453754
1.185621
1.320891
1.372524
1.216538
0.980713
1.113059
1.602190
2.233329
2.705716
2.900218
2.956575
2.994066
3.060873
3.157080
3.246455
3.391877
2.978542
2.355134
1.824093
1.500510
1.262753
1.053064
0.790874
0.573693
0.370643
0.283907
0.364676
0.480649
0.594413
0.707357
0.704550
0.575942
0.429900
0.289531
0.266006
0.235559
0.196172
0.203162
0.225222
0.280700
0.346552
0.407574
0.432733
0.418604
0.402832
0.376206
0.384536
0.378340
0.348747
0.283726
0.196068
0.185883
0.247476
0.315778
0.365470
0.367416
0.317761
0.248453
0.241948
0.298846
0.369510
0.435605
0.450047
0.413348
0.346707
0.281628
0.288735
0.263017
0.229034
0.269566
0.336637
0.369820
0.410789
0.446891
0.463652
0.445826
0.390429
0.391691
0.462609
0.553073
0.645791
0.720717
0.790588
0.865359
0.993098
1.114890
1.217915
1.225289
1.139912
1.039276
0.949138
0.855708
0.727918
0.648936
0.582458
0.469736
0.399093
0.450888
0.541608
0.658865
0.759367
0.809755
0.771949
0.881043
1.061798
1.346455
1.746500
2.189919
2.725005
3.302236
3.721366
3.784755
3.425917
3.418267
3.039268
2.688047
2.940274
3.435304
3.982752
4.743182
5.967738
7.718577
8.617280
8.862442
8.644326
7.807853
6.240376
5.457700
4.934456
4.311192
3.617806
3.288923
2.690393
2.142455
1.894278
2.183495
2.486459
2.805565
3.144568
3.513663
3.921691
4.338521
4.636160
4.669787
4.360058
3.901646
3.450018
3.224540
3.522581
3.690474
3.509128
3.165681
2.778795
2.389745
2.040162
1.736305
1.463529
1.224980
1.020208
1.194695
1.391355
1.587631
1.778659
1.991352
2.230283
2.496249
2.779266
3.066587
3.314331
3.444894
3.436918
3.211317
2.908094
2.751257
2.905138
2.928217
2.758106
2.469780
2.191055
1.950276
2.015889
2.130471
2.105886
1.929433
1.726994
1.670787
1.992125
2.485227
3.072266
3.440570
3.519691
3.341934
3.021487
2.699570
2.417607
2.563069
2.668005
2.649620
2.487119
2.285595
2.068787
1.900142
1.901815
1.867764
1.720949
1.536735
1.432013
1.405334
1.305905
1.132911
0.990515
0.956680
0.864121
0.895269
1.043491
1.307827
1.535852
1.673027
1.636274
1.412979
1.162350
1.434919
1.790406
2.238079
2.771189
3.394644
4.111794
4.907130
5.735471
6.509676
6.712643
6.300184
5.450394
4.580565
3.848333
3.318739
2.997819
2.543207
2.125318
2.049163
1.911721
1.681204
1.553944
1.744765
1.976558
2.152759
2.104358
1.857882
1.864576
2.132279
2.331927
2.273568
2.022880
1.913148
2.008739
1.986858
2.006461
2.221178
2.444519
2.654670
2.799824
2.870890
2.766919
2.614711
2.375285
2.145073
1.916019
1.695468
1.496400
1.306028
1.147088
1.053726
1.075771
1.349911
1.862666
2.486276
3.169898
3.706697
3.700175
3.158422
2.495809
1.908359
1.494543
1.242329
1.054212
1.144915
1.257920
1.528954
1.933109
2.248962
2.230062
1.847536
1.374473
1.212227
0.986504
0.601163
0.315548
0.360649
0.423319
0.477462
0.555596
0.704048
0.910382
1.205222
1.449321
1.485952
1.355789
1.190939
1.144426
1.088581
0.971935
0.940145
1.177161
1.436967
1.660950
1.755544
1.679562
1.472666
1.270224
1.103041
1.149550
1.112690
1.021519
0.917056
0.901301
0.931941
1.034178
1.120406
1.185240
1.229652
1.241556
1.191270
1.103529
1.002362
0.886230
0.795389
0.763054
0.784670
0.886299
1.063111
1.274016
1.286650
1.466951
1.610566
2.016349
2.635684
3.370004
4.225372
5.220671
6.364182
7.579059
8.518861
8.628553
7.839702
6.679442
5.550546
4.549597
3.685924
2.985559
2.448369
2.020711
1.849966
1.759019
1.484255
1.323632
1.195224
0.943397
0.800590
0.886443
0.888755
1.119355
1.346909
1.433621
1.368306
1.343723
1.483860
1.565348
1.558165
1.440038
1.266732
1.103069
0.958352
0.817939
0.684663
0.602180
0.703255
0.797741
0.899790
0.980550
0.982044
1.079244
1.298016
1.540259
1.791631
2.048468
2.325934
2.609797
2.840650
2.881248
2.750266
2.488819
2.279841
2.053347
1.830607
1.729181
1.595064
1.537599
1.690640
1.742925
1.966700
2.197367
2.378862
2.575022
2.631586
2.577562
2.372165
2.186520
2.662370
2.922443
2.860070
2.498093
2.019651
2.044308
2.240678
2.341992
2.378203
2.255281
2.488508
2.772920
3.066795
3.348072
3.492513
3.412670
3.180433
2.892113
2.761814
3.032501
3.307577
3.588924
3.843312
4.006743
3.965907
3.744923
3.997377
4.249930
4.519578
4.845300
5.222914
5.591484
5.895745
6.034637
5.888840
5.644676
5.420296
5.640950
5.969109
6.244932
6.481428
6.561613
6.858855
7.118309
6.882989
6.180534
5.425422
5.006197
5.172247
5.421353
5.479401
5.359699
5.133664
5.072261
5.378435
5.733797
6.002605
6.159385
6.138484
6.354796
6.586391
6.733611
6.636136
6.283907
5.820679
5.540780
5.534964
5.303493
5.553745
5.853814
6.181960
6.490582
6.648752
6.624172
6.389630
5.957368
5.610094
5.238675
4.905121
4.581397
4.309588
4.492711
4.765004
5.014982
5.106275
5.061778
4.954986
4.794472
4.844724
5.081558
5.394948
5.920572
6.244771
6.328536
6.100939
6.008820
6.252308
6.876418
7.571572
8.295340
8.908699
9.072399
8.683752
8.040911
7.332438
6.727251
6.508609
6.778178
6.922670
7.224438
7.340568
7.114316
6.535863
6.401896
6.163169
5.837991
5.859630
5.856239
5.799314
5.730711
6.052698
6.435787
6.516196
6.302174
5.929041
5.567912
5.211113
4.923478
4.777863
4.796856
5.011893
5.328751
5.568349
5.598314
5.753557
6.068366
6.304852
6.295840
6.085790
5.862770
5.706865
5.360615
4.975041
4.582757
4.260255
4.176074
3.986790
3.730610
3.598150
3.338765
3.048885
2.786285
2.591662
2.548533
2.566916
2.429799
2.250085
2.178295
2.012572
1.798858
1.602037
1.430853
1.327398
1.266440
1.415574
1.521446
1.404179
1.141917
1.041114
1.122425
1.277338
1.470455
1.272599
0.950021
0.633467
0.441965
0.390876
0.491952
0.577731
0.642754
0.616527
0.539600
0.483022
0.450949
0.530423
0.652131
0.719946
0.647572
0.768583
0.870505
0.849680
0.726811
0.617758
0.563753
0.560320
0.690581
0.694299
0.564199
0.408393
0.274189
0.174047
0.120378
0.099280
0.175209
0.245887
0.289541
0.288208
0.241208
0.243482
0.218786
0.176958
0.131421
0.142005
0.276371
0.438030
0.619738
0.790125
1.036313
1.419315
1.929896
2.544406
3.235571
3.971578
4.659726
4.767985
4.717125
5.381295
5.493267
5.069675
4.305295
3.569013
3.005462
2.471074
1.993252
1.652214
1.834100
1.709223
1.462768
1.131562
0.733356
0.368490
0.061083
0.010908
0.021240
0.081202
0.173354
0.260247
0.301943
0.431343
0.555573
0.653330
0.592261
0.214383
1.442564
1.520565
1.533641
1.520565
1.461080
1.251269
0.632486
0.268700
0.000000
0.000000
0.000000
0.000000
0.000000
0.000000
0.000000
0.000000
