track	type=wiggle_0
fixedStep	chrom=chr	start=1	step=1
0.000000
0.000000
0.000000
0.000000
0.000000
0.000000
0.000000
0.000000
0.000000
0.000000
0.000000
0.009003
0.053512
0.384722
0.810618
1.048798
0.990559
0.754914
0.816494
1.029015
0.759528
0.449849
0.819389
1.282755
1.789293
2.361238
2.951757
3.580777
4.067026
4.063305
3.572301
2.974153
2.440542
1.999916
2.277727
2.518873
2.632496
2.466489
2.125207
1.736267
1.381047
1.075646
0.818633
0.612875
0.445212
0.317250
0.252804
0.254016
0.205504
0.207874
0.446084
0.784964
0.915139
0.944293
0.915139
0.782358
0.435747
0.183549
0.053176
0.003543
0.000000
0.000000
0.000000
0.000000
0.000000
0.000000
0.000000
0.000000
0.000052
0.004602
0.015981
0.027093
0.030256
0.028466
0.163282
0.424910
0.722114
0.940235
1.113694
1.282874
1.500026
1.707737
1.899348
2.028867
2.221207
2.339640
2.323626
2.198932
1.995475
1.782023
1.578583
1.392030
1.217714
1.054332
0.991211
0.992173
1.087051
1.138529
1.154233
1.193129
1.301792
1.466974
1.587751
1.655543
1.584375
1.454694
1.553360
1.790351
2.110589
2.519190
2.636676
3.000339
3.334731
3.570205
3.609479
3.334049
2.999706
2.605921
2.258887
2.278308
2.710820
3.233275
3.739940
3.840113
3.359996
2.720275
2.146064
1.638011
1.217200
0.876080
0.610210
0.560747
0.656693
0.704987
0.663741
0.636905
0.568633
0.469584
0.619669
0.661172
0.561184
0.419014
0.253971
0.145910
0.121947
0.119858
0.107400
0.078969
0.050081
0.026570
0.013844
0.004159
0.003875
0.003907
0.000998
0.000000
0.000000
0.000000
0.011243
0.024805
0.029025
0.029972
0.029972
0.029025
0.023938
0.009092
0.000000
0.000000
0.000000
0.000000
0.000000
0.000000
0.000000
0.000000
0.000000
0.000659
0.008449
0.025548
0.049664
0.074076
0.085343
0.102949
0.111108
0.082776
0.111880
0.128081
0.122839
0.108720
0.091218
0.065589
0.039372
0.019485
0.024770
0.044336
0.047929
0.050520
0.045045
0.031918
0.022554
0.021178
0.026238
0.023349
0.010994
0.000357
0.000000
0.000000
0.000000
0.000000
0.000000
0.000000
0.005193
0.091463
0.166140
0.198501
0.219540
0.224213
0.225489
0.221969
0.205493
0.150435
0.041516
0.000653
0.000000
0.000000
0.000000
0.000000
0.000000
0.000000
0.003949
0.074397
0.178932
0.214658
0.222803
0.214658
0.178358
0.075950
0.008868
0.000495
0.000000
0.000000
0.000000
0.000000
0.000000
0.000253
0.000502
0.000021
0.000000
0.001858
0.008685
0.015745
0.013780
0.005597
0.009555
0.008674
0.002925
0.009259
0.006486
0.000975
0.004526
0.016885
0.041155
0.075593
0.115582
0.163747
0.212689
0.282252
0.351766
0.392527
0.371186
0.339177
0.425501
0.546315
0.691770
0.858625
1.046021
1.242819
1.451079
1.837025
2.259900
2.622620
2.849265
2.798278
2.431466
2.014284
1.645427
1.311937
1.105008
1.059706
1.047761
1.018347
0.939758
0.780727
0.591772
0.430219
0.295172
0.246016
0.215815
0.221282
0.250547
0.280656
0.282886
0.260047
0.224975
0.395476
0.625670
0.851104
1.069204
1.402890
1.556287
1.317233
0.843408
0.506388
0.281822
0.378261
0.496125
0.546374
0.454902
0.328848
0.214477
0.194985
0.129436
0.081777
0.032285
0.005913
0.017909
0.062542
0.159998
0.331586
0.628476
0.831106
0.908770
0.908770
0.829120
0.616052
0.301661
0.123438
0.053824
0.056978
0.051236
0.061393
0.044953
0.016635
0.002202
0.000000
0.000000
0.000000
0.000023
0.003697
0.013217
0.023810
0.025515
0.016227
0.017139
0.043197
0.072299
0.089124
0.087481
0.067198
0.038948
0.024732
0.027749
0.046400
0.051890
0.043924
0.035969
0.046502
0.043268
0.031256
0.015834
0.017840
0.058680
0.077511
0.114211
0.143283
0.146305
0.143189
0.141231
0.136040
0.115952
0.055683
0.089896
0.143914
0.169504
0.143823
0.089810
0.041385
0.011035
0.000077
0.000000
0.000000
0.000000
0.000060
0.005552
0.051635
0.096119
0.115548
0.129200
0.142878
0.142878
0.129047
0.114915
0.094007
0.047922
0.042211
0.049068
0.036945
0.054465
0.094900
0.142377
0.178518
0.182665
0.154889
0.107039
0.063875
0.031826
0.011421
0.001725
0.000076
0.000253
0.000298
0.000000
0.000000
0.000000
0.000000
0.000000
0.000000
0.000000
0.000000
0.000000
0.002816
0.032059
0.083007
0.111886
0.098855
0.042422
0.011980
0.044480
0.075200
0.084125
0.150095
0.261543
0.415085
0.604251
0.833454
1.145602
1.530481
1.994776
2.552182
3.202301
3.853288
4.343822
4.304686
3.736880
3.513083
4.175861
4.813005
5.113322
4.984969
4.391320
3.753310
3.124164
2.573400
2.112084
1.731023
1.534046
1.662981
1.667768
1.589670
1.591171
1.606751
1.862965
1.924447
1.707032
1.497398
1.213593
0.771165
0.534723
0.689854
0.868022
1.063788
1.235404
1.317603
1.237660
1.090027
0.909197
0.736740
0.631350
0.636356
0.695650
0.745685
0.756603
0.782195
0.740105
0.611317
0.465825
0.480518
0.599061
0.715965
0.793969
0.795704
0.871656
1.016841
1.177822
1.356189
1.545899
1.719076
1.879184
2.021525
2.024252
1.889816
1.888976
2.315487
2.582997
2.741843
2.446881
1.962865
1.747869
1.580163
1.403860
1.476740
1.638519
1.744151
1.729118
1.608536
1.429907
1.494675
1.642827
1.709097
1.625771
1.461231
1.601384
1.822912
2.170747
2.554664
2.764285
2.609879
2.354072
1.975936
1.758440
1.829932
1.851230
1.964233
1.819321
1.779976
1.953706
2.082954
2.435139
3.180787
4.202340
5.627792
6.285280
6.463099
6.463100
6.311760
5.763257
5.756077
5.743434
5.316975
4.770591
4.214599
3.704563
3.241507
2.821319
2.506800
3.019305
3.601745
4.229426
4.803469
5.427349
5.853014
6.633754
7.587212
8.465414
8.838087
8.471184
7.598993
6.600739
5.662367
4.830499
4.101176
3.475648
2.960976
2.481759
2.043917
1.662176
1.351769
1.085035
0.842845
0.767896
0.716259
0.607550
0.500894
0.485073
0.539763
0.534653
0.470314
0.399803
0.334429
0.282133
0.272357
0.347091
0.404802
0.427773
0.539248
0.656517
0.744554
0.731617
0.680651
0.694711
0.633905
0.553043
0.472415
0.448299
0.525776
0.555050
0.530861
0.515897
0.509646
0.523535
0.573878
0.595819
0.511316
0.401916
0.371897
0.334783
0.348743
0.418987
0.469796
0.473528
0.530954
0.578831
0.558814
0.540582
0.510638
0.670312
0.949372
1.298006
1.709923
2.134183
2.406468
2.353045
1.976029
1.552420
1.790667
2.181140
2.124803
1.599372
1.142463
0.771088
0.485318
0.459470
0.518596
0.599286
0.719344
0.726405
0.613676
0.465118
0.381008
0.497280
0.650277
0.830587
1.013429
1.227769
1.378882
1.376917
1.221207
1.004358
0.781711
0.600477
0.461540
0.419026
0.800761
1.123242
1.211305
1.118978
0.804862
0.518835
0.561517
0.635348
0.737066
0.835625
0.969603
1.142898
1.353730
1.556380
1.720068
1.745043
1.616505
1.447729
1.258683
1.076422
0.938617
0.828780
0.733188
0.696847
0.692894
0.781589
0.774208
0.731927
0.633302
0.665406
0.842320
1.008458
1.206850
1.417837
1.648169
1.916437
2.226695
2.470453
2.475601
2.230096
1.913650
1.593163
1.305753
1.048095
0.927492
0.845610
0.831132
1.052056
1.360305
1.523953
1.437813
1.717713
2.216865
2.888323
3.512500
3.492375
2.867496
2.365252
2.173731
1.864411
2.043127
2.471869
2.408211
1.829838
1.504132
1.212427
0.874477
0.779765
1.029874
1.268719
1.503956
1.816458
2.209548
2.615518
2.945262
2.918101
2.559022
2.084093
1.651484
1.288082
0.986730
0.734379
0.530538
0.363439
0.233280
0.143503
0.072853
0.026767
0.035250
0.066088
0.106422
0.153802
0.202305
0.238241
0.271048
0.279246
0.260197
0.223618
0.267716
0.338983
0.424954
0.512992
0.575715
0.586265
0.540794
0.460280
0.374645
0.296934
0.227429
0.225060
0.244409
0.238644
0.206828
0.164975
0.128260
0.088622
0.042803
0.020735
0.010538
0.015312
0.026994
0.036762
0.033234
0.020811
0.014039
0.006756
0.003817
0.003359
0.003893
0.005207
0.007837
0.006875
0.006344
0.010345
0.020367
0.031370
0.036099
0.068585
0.124039
0.141818
0.146194
0.146596
0.146616
0.148623
0.208737
0.341895
0.512819
0.727736
1.002898
1.349686
1.765396
2.256842
2.837929
3.508290
4.178821
4.687260
4.684198
4.158449
3.428756
2.735514
2.176289
1.814900
1.914727
2.018083
1.867078
1.603658
1.288854
0.984233
1.160162
1.436291
1.738143
2.046751
2.241649
2.195703
1.942873
1.609267
1.303195
1.091519
1.363058
1.554780
1.556362
1.361260
1.398492
1.571563
1.664924
1.559948
1.358659
1.308537
1.727772
2.129590
2.440276
3.057850
3.891845
4.475919
3.915468
3.102464
2.400959
2.045625
2.137927
2.046621
1.782755
1.511109
1.262034
1.054661
0.921575
0.790590
0.700625
0.780462
0.930917
1.098171
1.230422
1.274546
1.181222
1.010747
0.828027
0.651562
0.502283
0.399064
0.387904
0.392015
0.408714
0.387507
0.428227
0.465904
0.450446
0.378390
0.303212
0.327890
0.369202
0.355547
0.300058
0.225631
0.157354
0.099267
0.152048
0.299029
0.510127
0.777885
1.097377
1.485386
1.810128
1.834011
1.558341
1.250666
1.073046
0.932259
0.910571
1.216926
1.706740
2.365038
2.788929
2.938891
2.936149
2.761274
2.249924
1.479985
0.980989
0.648089
0.414446
0.330149
0.381093
0.358792
0.518966
0.660364
0.683043
0.556058
0.416084
0.375978
0.311542
0.236148
0.155982
0.204451
0.400147
0.676737
1.046296
1.248766
1.220772
0.924058
0.527488
0.273876
0.118178
0.034586
0.001873
0.000000
0.000000
0.000000
0.000000
0.000000
0.000000
0.000000
0.000000
0.000000
0.000000
0.000000
0.000000
0.000000
0.000000
0.000000
0.000000
0.000000
0.000000
0.000000
0.000000
0.000000
0.000000
0.000000
0.000000
0.000000
0.000000
0.000000
0.000000
0.000000
0.000000
0.000000
0.000000
0.000000
0.000000
0.000000
0.000000
0.000000
0.000000
0.000000
0.000000
0.000000
0.000000
0.000000
0.000000
0.000000
0.009510
0.051647
0.133517
0.260918
0.447494
0.700078
1.027176
1.443069
1.940124
2.494294
2.954354
2.960926
2.508476
1.958967
1.458378
1.227219
1.539915
1.943698
2.363305
2.559221
2.521653
2.246135
1.819928
1.399079
1.048208
0.773166
0.558070
0.373819
0.292178
0.323765
0.525093
0.757526
0.910897
0.855289
0.533479
0.259083
0.115193
0.032604
0.000932
0.000000
0.000000
0.000000
0.000000
0.000000
0.000000
0.000000
0.000000
0.000000
0.000000
0.000000
0.000000
0.000000
0.000000
0.006581
0.067697
0.111413
0.125526
0.130204
0.130705
0.127244
0.111534
0.062019
0.002538
0.000000
0.000419
0.006013
0.017033
0.021422
0.015811
0.005925
0.004869
0.007563
0.004082
0.000196
0.000000
0.000000
0.000000
0.000000
0.000000
0.000000
0.000000
0.000000
0.000000
0.000000
0.000000
0.000000
0.003635
0.004821
0.010244
0.065336
0.171327
0.334497
0.560872
0.857216
1.236734
1.705316
2.249410
2.789124
2.758371
2.198849
1.703845
1.294465
1.494369
1.903361
2.378597
2.921815
3.485912
3.902149
4.031723
3.745269
3.220761
2.974847
3.496010
4.020708
4.378208
4.387648
4.218212
4.593809
4.684482
4.087146
3.400688
2.746858
2.204665
2.030401
1.936229
1.793627
1.490023
1.146241
0.834889
0.698588
0.605916
0.556014
0.467746
0.348070
0.238671
0.177517
0.173750
0.168958
0.158822
0.127481
0.067273
0.101374
0.150066
0.207951
0.280996
0.365901
0.467245
0.587375
0.717341
0.822775
0.868427
0.903982
0.826408
0.700033
0.573386
0.473802
0.404891
0.372958
0.411721
0.391000
0.500809
0.628862
0.766253
0.899662
1.005015
1.046521
1.091231
1.194169
1.360210
1.574600
1.815431
2.027770
2.144804
2.068785
2.129335
2.214646
2.167979
2.057684
1.903654
1.754690
1.883540
1.975697
2.083667
2.192868
2.369502
2.606808
2.861559
3.089483
3.206973
3.164157
2.992957
2.743110
2.676340
3.210301
3.667204
3.668766
3.215774
2.654681
2.212641
1.981250
1.811340
1.717253
1.853436
2.144271
2.373753
2.542915
2.549263
2.319676
2.164925
2.394471
2.317253
2.473061
2.731014
2.942425
3.273282
3.671662
4.129613
4.621364
5.122159
5.508237
5.679466
5.659791
5.746505
5.790565
5.873083
5.643682
5.266333
5.554593
5.695824
5.423726
4.971721
4.470008
4.320351
4.951712
5.668690
6.411684
7.068625
7.354970
7.039619
6.363009
5.607756
4.875383
4.221966
3.637958
3.119566
2.689835
2.460204
2.269851
2.261443
2.387808
2.341166
2.120145
1.880493
1.703353
1.935573
2.200221
2.696160
3.342493
4.016457
4.488310
4.502839
4.038658
3.365032
2.722368
2.202466
1.739897
1.341529
1.008957
0.807417
0.957991
1.112990
1.268895
1.409011
1.519326
1.603489
1.612054
1.524243
1.448812
1.500633
1.437835
1.294454
1.142582
1.008011
1.109110
1.295196
1.463748
1.605521
1.721926
1.734506
1.619865
1.460593
1.273902
1.085897
0.912514
0.875300
0.914841
0.906046
0.830493
0.836313
0.942155
0.975250
0.983346
0.989029
1.031513
1.076959
1.210991
1.335414
1.584619
1.869319
2.052462
2.150194
2.081690
1.868053
1.577874
1.663311
1.853404
2.074459
2.297519
2.462786
2.531094
2.476221
2.318006
2.129828
1.926869
1.733466
1.561019
1.407870
1.263048
1.126703
0.986974
0.809335
0.622940
0.706735
0.839441
0.993022
1.161512
1.308358
1.364463
1.321506
1.194636
1.061733
0.945683
0.864710
0.821854
0.739267
0.677152
0.611041
0.708570
0.835053
0.983410
1.102112
1.129548
1.037392
0.913841
0.877989
0.838922
0.732666
0.612279
0.530574
0.483795
0.519983
0.626775
0.736978
0.865952
1.014896
1.172526
1.322518
1.450150
1.605911
1.761697
1.801077
1.732559
1.819784
2.079113
2.206575
2.053227
1.796120
1.525031
1.511899
1.800710
2.100063
2.326776
2.368923
2.200926
1.949647
1.691044
1.449670
1.234522
1.060035
0.923124
1.260895
1.710018
2.212385
2.622572
2.839370
2.565413
2.130496
1.667194
1.457764
1.833739
2.239849
2.562682
2.609156
2.359185
2.233188
1.964457
1.624128
1.320622
1.028821
0.765500
0.554216
0.667900
0.937018
1.334562
1.872015
2.359020
2.556318
2.606190
2.561736
2.500509
2.432908
2.270051
1.988727
1.521874
1.327811
1.244748
1.197317
1.140634
1.014481
0.740841
0.411465
0.194222
0.064321
0.005920
0.000000
0.000000
0.000000
0.000000
0.000000
0.003686
0.008275
0.001443
0.000000
0.000000
0.000000
0.000000
0.000000
0.000000
0.000000
0.000000
0.000000
0.000000
0.000000
0.000000
0.000000
0.000000
0.000000
0.000000
0.000000
0.000000
0.000000
0.000000
0.019200
0.042548
0.055836
0.060030
0.061103
0.060318
0.060153
0.059288
0.053385
0.033445
0.007042
0.054743
0.100589
0.105253
0.062265
0.011499
0.000000
0.000000
0.000000
0.000000
0.000000
0.000000
0.000000
0.000000
0.000000
0.000000
0.000000
0.000000
0.000000
0.000000
0.000000
0.000000
0.000000
0.000000
0.000000
0.000000
0.000000
0.000000
0.000000
0.000000
0.000000
0.011261
0.068172
0.135473
0.170071
0.175930
0.167308
0.132830
0.067628
0.017615
0.023696
0.081172
0.121512
0.134279
0.082037
0.099034
0.132257
0.171696
0.219472
0.279198
0.371496
0.365954
0.265304
0.195497
0.141882
0.116689
0.217808
0.322698
0.551159
0.863723
1.022188
1.062603
1.030113
0.854497
0.505314
0.495145
0.448623
0.551482
0.608072
0.577181
0.532543
0.679240
0.883105
1.123901
1.377298
1.555554
1.553626
1.358032
1.095613
0.859035
0.669090
0.509655
0.384910
0.268837
0.170262
0.094805
0.072235
0.074198
0.044191
0.026222
0.027277
0.063219
0.131153
0.243472
0.382156
0.557550
0.681972
0.963050
1.299492
1.447211
1.315801
0.977825
0.655016
0.421615
0.309369
0.190797
0.139246
0.226400
0.348665
0.425615
0.662780
1.091605
1.281307
1.278984
1.078357
0.619632
0.499586
0.589506
0.631644
0.598066
0.638853
0.804066
0.867851
0.784334
0.664649
0.675231
0.653616
0.771976
0.911324
1.024217
1.039465
0.973180
0.891334
0.826930
0.940736
1.083373
1.178190
1.202387
1.128644
1.135016
1.134870
1.154123
1.255060
1.348201
1.508087
1.755266
2.037582
2.293218
2.479819
2.448850
2.234016
1.956707
2.032230
2.210508
2.353886
2.363493
2.237739
2.175328
2.103795
2.359888
2.564885
2.794865
3.077750
3.390153
3.714137
4.007592
4.128136
4.078939
3.959881
3.857162
3.564744
3.226188
2.900541
2.595974
2.845787
3.193143
3.725433
4.301492
4.735527
4.725914
4.306516
3.725836
3.142039
2.879228
3.048872
3.392031
3.795630
4.294990
4.837446
5.306314
5.511613
5.433878
5.193081
5.313573
5.824662
6.273343
6.355106
6.114558
5.758717
5.628947
5.506651
5.373279
5.273389
4.966155
5.036333
5.023781
4.672056
4.154379
4.014599
4.299173
4.722014
5.438735
6.277186
7.185423
7.917466
8.092186
7.673498
6.954041
6.236422
5.452007
4.719672
5.370762
6.271811
7.058101
7.207947
6.792655
6.466434
5.815793
5.014189
4.441563
3.920170
3.459190
3.079964
2.934584
3.094917
3.060323
2.919416
2.724435
2.903416
2.956153
2.860695
2.745992
2.967000
3.085175
3.089504
3.082568
3.293649
3.530717
3.698586
3.659921
3.435442
3.144211
2.841850
2.540035
2.241129
2.321585
2.551030
2.788617
2.988873
3.021086
2.900711
2.656625
2.829607
3.004313
3.017540
2.840317
2.726794
2.494648
2.215540
1.932617
1.697197
1.466985
1.235924
1.026991
0.868569
0.795356
0.847895
0.973481
0.903497
0.858601
0.694277
0.588667
0.701091
0.891069
1.036609
1.307486
1.360594
1.216284
1.035804
1.049620
1.157535
1.154834
1.201265
1.298153
1.443594
1.576657
1.731207
1.890393
1.948893
1.874594
1.713191
1.779539
1.911648
1.819720
1.917083
2.069582
2.087577
2.342196
2.643558
2.817320
2.648733
2.333659
1.886242
1.460207
1.280143
1.409564
1.488961
1.826206
2.225228
2.388649
2.604935
2.936824
3.135772
3.931170
5.274492
5.953805
6.156551
6.168679
6.023720
5.444651
4.158862
3.171419
2.715521
2.655542
2.502808
2.354527
2.403340
2.277615
2.340809
2.450765
2.535837
2.579064
2.524759
2.377481
2.129465
1.868241
2.005414
2.187090
2.378908
2.588014
2.693176
2.864040
2.942405
2.895905
2.857194
2.936590
3.158643
3.419873
3.692680
3.869230
3.856579
3.859622
3.905061
3.794512
3.580214
3.702918
3.705380
3.740996
3.829970
4.125833
4.420898
4.681750
4.819909
4.734447
4.469080
4.147150
3.886793
3.595872
3.448617
3.907252
4.571032
5.306692
6.122007
7.017366
7.974567
8.855488
9.344963
9.251529
8.548713
7.609123
7.534305
8.671793
9.999996
11.466127
13.069153
14.742452
16.146700
17.209858
16.650789
15.102200
13.225404
11.379922
12.560104
14.049827
15.356228
16.707485
17.460968
17.004309
15.829981
14.203239
12.609038
11.233763
10.137967
11.025317
11.582730
12.174904
12.254733
11.765744
10.840966
9.936386
9.502792
8.846179
8.433430
9.076463
9.413277
9.151598
8.527267
7.861742
7.908081
7.566796
7.045329
6.628731
6.317727
6.124974
6.000438
5.705763
5.549048
5.188803
4.733126
4.283503
3.902063
3.885054
3.983080
4.001184
4.242573
4.274986
4.025036
3.680401
3.431665
3.537383
3.449828
3.464264
3.388165
3.476183
3.777499
4.081947
4.315107
4.458046
4.334562
4.071836
4.049733
4.374871
4.721283
4.991150
5.628407
6.104890
6.500360
6.882332
7.268374
7.620391
7.956561
8.302719
8.611921
8.760961
8.705131
8.404496
8.006719
7.867774
8.286458
8.747607
9.233666
9.745901
10.279588
10.839027
11.346102
11.663658
11.654476
11.219116
10.661775
10.498695
10.709437
10.651074
10.301856
9.799871
9.305417
8.852127
8.395310
7.941448
7.508390
7.117768
7.109596
7.159553
6.979141
6.617679
6.474326
7.280371
7.574271
7.341945
6.592602
5.785843
5.462713
5.330248
5.420341
5.701326
6.169924
6.675430
7.026875
7.181986
6.996156
6.342534
5.590910
4.751834
3.999648
3.333545
2.750370
2.165308
1.777530
1.708442
1.776288
1.890424
1.996244
2.135129
2.281888
2.249748
2.037055
1.974719
1.927684
2.002872
2.124177
2.306846
2.360016
2.541662
2.591397
2.675207
2.770097
3.092246
3.451198
3.910649
4.581108
5.528689
6.675476
7.737775
8.641576
9.243774
9.227956
8.649699
7.848551
7.039431
6.311510
5.634968
5.033556
4.710107
5.244109
5.715426
5.801103
5.537826
5.118460
4.646816
4.182526
3.912667
3.790284
3.840547
4.110111
4.281753
4.092333
3.705465
3.713315
3.741984
4.131651
4.528185
4.980611
5.382727
5.504531
5.319099
5.135219
4.853175
4.529462
4.105885
3.850638
3.575012
3.524983
3.999274
4.467848
4.718622
4.551410
4.103206
3.622091
3.232685
3.341282
3.214410
2.960032
2.717089
2.956316
3.196601
3.245482
3.068118
2.800662
2.467391
2.171023
1.895412
1.780082
2.071626
2.453442
2.882689
3.319987
3.629119
3.556647
3.190896
2.745419
2.321344
1.943018
1.770800
1.965812
2.072324
1.902642
1.577384
1.294822
1.531188
1.618991
1.486207
1.256975
1.279039
1.353699
1.479707
1.580717
1.731665
1.894848
1.942184
1.799849
1.923175
2.137595
2.290709
2.065430
1.560610
1.575211
1.684293
1.716816
1.767975
1.407969
1.344896
1.512098
1.767996
2.069879
2.402940
2.782938
3.220639
3.700328
4.201253
4.736853
5.334132
5.979706
6.593312
6.882097
6.179209
5.308606
5.232338
5.741763
6.470003
7.324914
8.257897
9.204912
10.232003
11.179594
11.424749
11.687172
11.233763
8.404289
7.026091
4.965372
3.909039
3.919317
4.014945
3.498352
2.309003
1.826915
2.086983
2.511025
2.638754
2.395356
2.585873
2.455188
0.404662
0.000000
0.000000
0.000000
0.000000
0.000000
0.000000
0.000000
0.000000
