track	type=wiggle_0
fixedStep	chrom=chr	start=1	step=1
0.000000
0.000000
0.000000
0.000000
0.000000
0.000000
0.000000
0.000000
0.000000
0.000000
0.000000
0.007209
0.043298
0.339109
0.720649
0.931153
0.871732
0.652755
0.742169
0.947493
0.689046
0.390875
0.179895
0.066248
0.009065
0.000000
0.000000
0.000000
0.000000
0.000000
0.000000
0.000000
0.003185
0.003609
0.000005
0.000000
0.000000
0.001669
0.057657
0.120663
0.146478
0.119434
0.081123
0.101268
0.086118
0.050179
0.072740
0.204739
0.421690
0.764363
0.935507
0.984490
0.993175
0.977935
0.910227
0.750933
0.405058
0.162341
0.041532
0.027119
0.058447
0.057479
0.030288
0.013121
0.010110
0.007451
0.024688
0.052426
0.065817
0.062305
0.066891
0.050827
0.134097
0.357162
0.743917
0.919849
1.288715
1.545647
1.559963
1.547411
1.642459
1.637900
1.534820
1.356603
1.268613
1.446424
1.662947
1.904190
2.138759
2.289298
2.330517
2.251597
2.094295
1.907107
1.820266
1.997302
2.107914
2.116418
2.268249
2.454847
2.556002
2.625949
2.742912
2.702462
2.550408
2.348691
2.495247
2.818618
3.199932
3.641772
4.113885
4.612849
5.062387
5.455517
5.507923
5.157214
4.703179
4.170195
3.665167
3.205911
2.917498
2.781395
3.048254
3.275142
3.340170
3.391361
3.244664
2.932650
2.600421
2.405629
2.593515
2.713959
2.757232
2.648929
2.473428
2.376723
2.212528
2.022228
2.263437
2.445433
2.231261
1.831498
1.816424
1.740778
1.700758
1.885921
2.013995
2.034204
2.019985
2.209454
2.447687
2.694514
2.958526
3.222488
3.450961
3.552713
3.549129
3.516418
3.356987
3.096485
2.840767
2.628320
2.372242
2.166069
1.869750
1.989792
2.032313
2.007266
1.972567
1.866055
1.913446
2.057968
2.246532
2.465046
2.646080
2.676880
2.554086
2.363064
2.186679
2.013890
1.845102
1.803917
1.832805
1.842533
1.711708
1.538338
1.433160
1.596174
1.734847
1.747225
1.621203
1.483225
1.589197
1.671812
1.907723
2.157552
2.389331
2.489058
2.390057
2.159212
1.916670
1.694744
1.488755
1.446567
1.646743
1.974484
2.269215
2.482672
2.481894
2.256029
1.908677
1.583012
1.335484
1.220611
1.357360
1.456331
1.471959
1.372957
1.215017
1.066232
1.148711
1.245390
1.293539
1.250082
1.132509
1.001096
0.869765
0.867234
0.847411
0.847625
0.918509
0.928568
0.862117
0.816367
0.840944
0.784927
0.886731
1.006195
1.097825
1.096321
1.002587
0.870198
0.739561
0.728497
0.864965
1.018922
1.190579
1.356302
1.477474
1.483283
1.375862
1.209251
1.035474
0.881189
0.780596
0.921959
1.039089
1.078123
1.011571
0.894013
0.757232
0.627226
0.511710
0.413119
0.388626
0.342114
0.282900
0.309841
0.331694
0.319262
0.272887
0.212012
0.155347
0.124263
0.197023
0.290195
0.405868
0.546758
0.695866
0.809625
0.813124
0.717694
0.592212
0.450724
0.326270
0.255080
0.345135
0.430050
0.460348
0.402405
0.316417
0.224203
0.146498
0.090200
0.070655
0.166457
0.278336
0.477223
0.845898
1.317088
1.521658
1.577603
1.577603
1.531653
1.386999
1.078670
1.215906
1.383996
1.307912
1.016127
0.715537
0.473463
0.278636
0.309716
0.425615
0.510601
0.519042
0.450557
0.318024
0.186429
0.088803
0.030107
0.037156
0.042267
0.030387
0.040422
0.137952
0.313967
0.585551
0.763251
0.832371
0.832371
0.758458
0.559464
0.378583
0.493243
0.582259
0.567422
0.465035
0.340308
0.230725
0.256157
0.382686
0.540415
0.724395
0.913166
1.036413
0.995542
0.844050
0.649562
0.473389
0.327957
0.385522
0.412693
0.236259
0.080831
0.012370
0.000000
0.000000
0.000000
0.000000
0.000000
0.000000
0.000000
0.000000
0.000000
0.000000
0.000000
0.000000
0.000000
0.009386
0.033955
0.071297
0.114109
0.123062
0.122725
0.121123
0.118828
0.110620
0.083310
0.035384
0.000407
0.000000
0.000000
0.000000
0.000000
0.000000
0.000000
0.000000
0.000000
0.000000
0.000000
0.000000
0.000000
0.000000
0.000000
0.000000
0.000000
0.000000
0.000000
0.000000
0.000000
0.000000
0.000000
0.000000
0.000000
0.000000
0.000000
0.000000
0.000000
0.000000
0.000000
0.000000
0.004035
0.054378
0.178207
0.413337
0.796982
0.978409
1.028681
1.038558
1.038558
1.038558
1.038558
1.028681
0.984138
0.826676
0.504343
0.257650
0.454319
0.708961
0.990083
1.163167
1.082549
0.869804
0.596389
0.547505
0.743841
0.853518
1.066879
1.180998
1.128387
0.937106
0.740668
0.828885
1.201680
1.666595
2.223002
2.822661
3.218957
3.330491
3.185334
2.696298
2.167940
1.762492
1.371668
1.041791
0.850394
0.680746
0.635141
0.699978
0.623616
0.415320
0.208052
0.128200
0.061504
0.022707
0.004279
0.002411
0.016803
0.080644
0.204091
0.251933
0.199759
0.076168
0.012714
0.000081
0.000000
0.000734
0.002119
0.002094
0.000117
0.000000
0.000000
0.001023
0.000284
0.001045
0.010971
0.031656
0.063472
0.107131
0.210885
0.410548
0.666441
0.913590
0.888820
0.636532
0.398075
0.491459
0.574596
0.690984
0.819547
0.947209
1.040231
1.058433
0.977641
0.850857
0.793418
0.935573
1.064470
1.218231
1.405302
1.593133
1.736500
1.779992
1.673313
1.517655
1.329599
1.147903
0.983350
0.834087
0.702217
0.785399
0.880576
0.924369
1.066300
1.251956
1.439147
1.587095
1.589439
1.525693
1.751795
1.851498
1.834317
1.699787
1.472032
1.399082
1.721489
2.088399
2.486878
2.902987
3.403041
3.914029
4.258546
4.275516
3.971399
3.448604
2.951746
2.557113
2.469956
2.542807
2.559812
2.798447
3.177336
3.436070
4.234265
5.161800
6.235336
7.447369
8.851128
10.937702
12.059919
10.918654
8.762574
7.325878
6.158981
5.354973
5.620792
5.633306
5.711819
6.076560
6.775224
7.029232
6.750821
6.083171
5.294126
4.522418
3.829511
3.220028
2.698209
2.233797
1.895852
1.939134
1.736706
1.412936
1.030058
0.696433
0.435944
0.246200
0.148587
0.083017
0.045057
0.019246
0.052377
0.092451
0.115352
0.138839
0.150042
0.121900
0.168061
0.248548
0.347367
0.455222
0.525910
0.536423
0.474233
0.366289
0.264072
0.179533
0.169901
0.132225
0.115554
0.101028
0.126217
0.122648
0.089501
0.076513
0.104611
0.113841
0.102179
0.077882
0.046047
0.022010
0.010372
0.005887
0.002835
0.010590
0.077171
0.225190
0.530899
0.774368
0.917831
1.079828
1.272725
1.066457
0.915149
0.830694
0.782654
0.757527
0.736702
0.677664
0.549682
0.434496
0.273244
0.165953
0.115530
0.074677
0.033097
0.008298
0.024552
0.038315
0.036566
0.022206
0.007614
0.000876
0.000000
0.000000
0.000000
0.000000
0.000000
0.000000
0.000000
0.000000
0.000000
0.000000
0.000000
0.000000
0.000000
0.000000
0.000000
0.000000
0.000000
0.000000
0.002165
0.015612
0.037801
0.067251
0.110298
0.170815
0.248874
0.342183
0.445172
0.567379
0.715860
0.870861
0.982355
1.004095
0.915282
0.775409
0.635735
0.508250
0.392308
0.290737
0.204305
0.141320
0.104609
0.103550
0.089052
0.170295
0.305307
0.499438
0.745450
1.014000
1.207067
1.226407
1.119395
1.113800
1.490570
2.017323
2.849808
3.594679
3.892394
3.973248
3.990192
3.995742
3.993077
3.924395
3.644039
2.956097
2.853359
2.596804
2.540868
2.428165
2.287706
2.644246
3.161297
3.131850
2.991950
2.787884
2.360280
1.905434
1.502536
1.167789
0.896805
0.728141
0.499481
0.442820
0.496339
0.570928
0.642352
0.739614
0.850260
0.969775
1.089544
1.204477
1.255733
1.234656
1.146671
1.050490
0.964770
0.859297
0.764609
0.682131
0.649699
0.636381
0.625980
0.736273
0.860615
0.943563
1.014824
1.171712
1.346045
1.525589
1.703639
1.860694
2.046659
2.266580
2.513983
2.777263
3.023413
3.225765
3.271639
3.160394
3.217765
3.463315
3.712108
3.884312
3.870413
3.698498
3.428299
3.165264
3.134786
3.061014
2.876008
2.690573
2.523556
2.551508
2.671975
2.891519
3.101687
3.318908
3.566742
3.833018
4.081094
4.296177
4.443068
4.380053
4.313209
4.522295
4.678460
4.685423
4.522373
4.291713
5.153354
6.162004
7.265220
8.301525
8.663865
8.244832
7.245896
6.135166
5.657471
6.237398
6.864722
7.568834
8.317216
9.006460
9.409739
9.313093
9.670447
10.529697
11.559931
12.717879
13.924088
14.996777
15.529487
15.271728
14.236205
13.111351
12.664755
12.476838
12.465132
12.106139
11.520535
11.176895
10.633870
11.275093
12.170388
13.761231
15.219171
15.868907
15.230822
13.818900
12.217861
11.408667
11.766489
11.645515
11.127563
10.536954
10.028126
9.425201
8.909140
8.331898
7.726057
7.143085
6.611160
6.149669
6.146216
6.491912
6.864403
7.088996
7.046864
6.788761
6.377004
5.950321
5.589982
5.842260
5.903415
5.719988
5.412017
5.185300
5.589551
6.035181
6.454502
6.727888
6.750371
6.534834
6.143848
5.725862
5.436159
5.121556
4.824289
4.557079
4.307477
4.062594
3.821335
3.554045
3.267960
3.016623
2.896610
2.735903
2.551899
2.379446
2.515733
2.719417
2.896605
3.019259
3.016387
3.026734
3.185981
3.374265
3.595913
3.812200
3.985389
4.072975
3.967547
3.781366
3.667996
3.848138
4.560599
5.198014
5.718576
6.024482
6.202423
6.200346
6.020741
5.693927
5.301552
5.015060
4.937363
4.912496
4.790679
4.569541
4.284033
4.023395
4.276793
4.589707
4.864932
5.071492
5.093879
4.950963
4.728549
4.453192
4.177037
3.914405
3.653411
3.390158
3.206886
3.066544
2.867990
2.649470
2.309747
2.094127
1.964149
2.151946
2.194670
1.906688
2.374716
2.827757
3.043485
3.134146
3.122358
2.978602
2.592894
1.821294
1.262418
0.934409
0.829683
0.714296
0.607433
0.523586
0.459081
0.379609
0.294882
0.217296
0.151709
0.101482
0.062283
0.032321
0.018517
0.033309
0.032159
0.019546
0.010434
0.002367
0.001236
0.001583
0.000034
0.000317
0.000551
0.000008
0.000000
0.000175
0.003029
0.014414
0.023812
0.021385
0.012053
0.020328
0.013289
0.004009
0.000105
0.000000
0.000000
0.000000
0.000000
0.000000
0.007477
0.029439
0.052049
0.085304
0.152565
0.240221
0.296590
0.263339
0.181645
0.166342
0.247561
0.341111
0.416532
0.588683
0.834371
1.146428
1.520836
1.965405
2.502597
3.104696
3.708644
4.231917
4.468177
4.200057
3.664430
3.031352
2.421878
1.886415
1.439425
1.064981
0.861717
0.788734
0.680650
0.603270
0.510298
0.345548
0.160162
0.031717
0.001002
0.000000
0.000000
0.000000
0.000000
0.000000
0.000000
0.000000
0.000000
0.000000
0.000000
0.000000
0.000000
0.000000
0.000000
0.000000
0.000000
0.000000
0.000000
0.000000
0.000000
0.000000
0.000000
0.000222
0.005007
0.007383
0.007952
0.007942
0.007843
0.007819
0.007907
0.007205
0.004016
0.000000
0.000000
0.000000
0.000000
0.000000
0.000000
0.000000
0.000000
0.000000
0.000000
0.000000
0.000000
0.000000
0.000000
0.000000
0.000000
0.000000
0.000000
0.000000
0.000000
0.000000
0.000000
0.001700
0.045614
0.156163
0.352349
0.665430
0.925816
1.040312
1.032431
0.905689
0.604446
0.333656
0.154880
0.046709
0.030824
0.091752
0.193824
0.324811
0.442385
0.497179
0.422390
0.351137
0.526268
0.749477
0.953553
0.983906
0.972295
1.406608
1.614320
1.400400
0.864031
0.513507
0.282132
0.126139
0.035422
0.001379
0.000354
0.003860
0.001815
0.000000
0.000083
0.008933
0.029534
0.039318
0.027762
0.033305
0.059560
0.059799
0.030940
0.004440
0.000000
0.000000
0.000000
0.006721
0.067276
0.198032
0.348652
0.419090
0.420602
0.677669
0.971607
1.233295
1.227595
0.955647
0.658433
0.405731
0.220050
0.096581
0.026010
0.000583
0.000000
0.000000
0.000000
0.000000
0.000000
0.012113
0.012446
0.000000
0.000000
0.000000
0.000000
0.000000
0.000000
0.000000
0.000000
0.000000
0.000000
0.000171
0.012111
0.033992
0.038658
0.040614
0.072829
0.090771
0.081430
0.047122
0.016642
0.038016
0.048581
0.034403
0.010804
0.003139
0.023174
0.070717
0.128184
0.228203
0.383513
0.590756
0.844738
1.130146
1.420354
1.614938
1.948913
2.476067
3.140674
3.873484
4.517992
4.989414
4.999743
4.515190
3.713971
2.942659
2.288661
1.746711
1.292704
0.925160
0.638713
0.417013
0.258261
0.358238
0.523675
0.670796
0.722465
0.616636
0.467867
0.357078
0.491431
0.661093
0.848991
0.985273
1.081031
1.330750
1.543366
1.638169
1.606445
1.474321
1.249308
1.008659
0.792603
0.613502
0.468454
0.352340
0.244660
0.286802
0.478661
0.735587
1.068499
1.478605
1.967059
2.509724
2.944673
2.955953
2.522827
1.990836
1.509449
1.103986
0.776016
0.516670
0.315946
0.167693
0.068395
0.019772
0.022099
0.030736
0.052189
0.140768
0.181522
0.124875
0.034742
0.000292
0.000000
0.000000
0.000000
0.000000
0.000000
0.000000
0.000000
0.000000
0.000000
0.000000
0.000000
0.000000
0.000000
0.000000
0.000000
0.000000
0.000000
0.000000
0.000000
0.000000
0.000000
0.000000
0.000000
0.000000
0.000000
0.000000
0.000000
0.000000
0.000000
0.000000
0.010775
0.011450
0.000000
0.000000
0.000000
0.000000
0.013632
0.041909
0.035883
0.004948
0.000000
0.000000
0.000000
0.000000
0.000000
0.000000
0.000000
0.000000
0.000000
0.000000
0.000000
0.000000
0.000000
0.000000
0.000000
0.000000
0.000000
0.000000
0.000000
0.000000
0.000000
0.000000
0.000000
0.000318
0.005433
0.033587
0.088490
0.164533
0.282196
0.420081
0.525831
0.543147
0.472542
0.336861
0.205930
0.106314
0.108670
0.268432
0.528535
0.713691
0.836925
1.210370
1.664061
2.172130
2.599873
3.086005
3.599047
3.586883
3.016010
2.356523
1.758937
1.269904
0.881069
0.576330
0.352117
0.210577
0.209001
0.282887
0.278579
0.199041
0.101972
0.038303
0.093862
0.176039
0.284007
0.402572
0.507285
0.525245
0.459893
0.377224
0.490962
0.632745
0.700037
0.620941
0.459236
0.497256
0.472176
0.388012
0.493361
0.635079
0.702442
0.678089
0.688189
0.806275
0.697951
0.489984
0.305650
0.340151
0.385875
0.343055
0.275750
0.409711
0.508342
0.540897
0.433493
0.591408
0.886802
1.274297
1.710821
2.081233
2.206418
2.079218
1.683784
1.337992
1.525429
1.867980
2.027708
2.073440
2.091740
2.088475
2.062669
1.956999
1.737412
1.701292
1.548599
1.186172
1.008948
0.760312
0.517181
0.322538
0.188218
0.148812
0.230294
0.381123
0.491436
0.426799
0.284050
0.153377
0.117256
0.096331
0.039582
0.000528
0.002676
0.008490
0.046621
0.094339
0.103449
0.189355
0.373660
0.653348
1.012183
1.299359
0.992450
0.631220
0.359046
0.182828
0.082920
0.023945
0.000676
0.000000
0.000000
0.000763
0.005465
0.008966
0.007759
0.003718
0.006008
0.014738
0.021660
0.016299
0.004798
0.000000
0.000000
0.000000
0.000295
0.009732
0.029866
0.049180
0.050678
0.036003
0.040333
0.036700
0.042489
0.052678
0.071004
0.076981
0.062509
0.041015
0.029697
0.014782
0.011988
0.056057
0.162127
0.336677
0.590244
0.931803
1.373556
2.045314
2.505070
2.667504
2.706317
2.705024
2.663145
2.494216
2.043976
1.383617
0.975347
0.720624
0.456697
0.257447
0.401000
0.607078
0.865618
1.177484
1.486819
1.667030
1.612850
1.322521
1.560693
1.868237
2.156177
2.300194
2.245740
2.550289
2.999625
3.483700
3.962852
4.407952
4.911656
5.538303
5.967011
5.949331
5.496824
4.821210
4.179266
3.590809
3.056228
2.607265
2.237555
1.892977
1.682299
1.864364
1.924765
1.799952
1.740778
1.776250
1.734166
2.088701
2.508373
2.966606
3.471559
3.917410
4.063528
3.897855
3.466299
2.988630
2.528869
2.114156
2.069258
2.581425
3.190457
3.860125
4.408134
4.491359
4.021299
3.439821
2.780629
2.182582
1.689052
1.305763
1.033469
0.807940
0.826539
1.051466
1.202078
1.201772
1.071928
0.859473
0.673801
0.537246
0.379191
0.247203
0.339104
0.345992
0.226068
0.264696
0.191240
0.153079
0.196410
0.250162
0.306570
0.352096
0.411679
0.487339
0.568525
0.649011
0.698350
0.705939
0.799335
0.875011
0.858326
0.808411
0.799534
0.731755
0.626994
0.530015
0.570807
0.693524
0.794563
0.809837
0.733434
0.642235
0.620455
0.566620
0.491111
0.427179
0.483354
0.578739
0.625445
0.602281
0.676329
0.709937
0.678294
0.603378
0.517190
0.443632
0.354550
0.387906
0.467965
0.556114
0.594527
0.644691
0.607863
0.460364
0.524037
0.767864
1.101311
1.533927
2.174628
2.973780
3.338389
3.446300
3.340771
2.979324
2.186653
2.057116
2.051965
2.109788
1.866613
1.592730
1.490000
1.585850
1.786004
2.004245
2.208831
2.398959
2.544330
2.635488
2.557556
2.385474
2.466422
2.768541
2.809635
2.608824
2.276855
2.149390
2.266727
2.476196
2.719364
2.916565
3.907317
4.243845
3.855289
3.688693
3.972746
4.257396
4.527243
4.661694
4.650618
4.461833
4.208954
3.918139
3.598888
3.290669
3.068434
3.236659
3.309960
3.486725
3.718299
3.888165
3.906804
3.779831
3.695736
4.006445
4.360651
4.728877
5.129893
5.572037
5.951215
6.052312
5.855734
5.477691
5.121638
5.347533
5.552285
5.662399
5.534405
5.609622
5.740691
6.117209
6.487354
6.893702
7.302942
7.480543
7.387054
7.054554
6.652512
6.237680
5.822218
5.718194
5.879711
5.872054
5.672845
5.445510
5.368794
5.187264
4.938689
4.644514
4.298923
4.279853
4.234375
4.085917
4.123797
4.019805
4.026073
4.358963
4.578412
4.652039
4.540312
4.291452
4.009452
3.688602
3.364519
3.073153
3.154002
3.574686
3.880114
3.996164
4.049532
4.052053
4.028251
4.010183
3.896177
3.746468
3.548598
3.310813
3.061156
2.813593
2.922377
3.509355
4.005369
4.267982
3.987395
3.578544
3.062976
3.246131
3.697730
4.106094
4.326888
4.763552
5.374133
5.939538
6.122707
5.766604
5.129794
4.480346
3.934678
3.702948
3.383590
3.055624
3.125508
3.153911
2.942860
2.689918
2.427387
2.514568
2.513026
2.389550
2.229140
2.044623
1.847206
1.838413
1.676005
1.462427
1.478291
1.471613
1.389050
1.274225
1.150003
1.022634
1.042315
1.109119
1.159877
1.184835
1.161633
1.084372
1.027820
1.084476
1.138390
1.250916
1.306943
1.280345
1.367717
1.481426
1.522454
1.461697
1.348006
1.479990
1.647059
1.832711
2.008228
2.194297
2.260331
2.190583
1.983963
1.833924
1.885643
1.804911
1.711861
1.577914
1.411739
1.251448
1.104174
0.985733
0.944111
0.885194
0.855926
0.796696
0.837009
0.960311
1.022016
0.984774
1.114241
1.201782
1.212724
1.092440
1.114991
1.066761
0.951863
0.787610
0.625638
0.538985
0.643103
0.733504
0.813508
0.911521
1.023206
1.129377
1.183187
1.413093
1.741255
1.981873
2.160299
2.241050
2.214511
2.050792
1.781407
1.701520
1.843578
1.927086
1.903081
1.766460
1.607542
1.462808
1.343653
1.493225
1.907495
2.383052
2.840779
3.161150
3.240741
3.611451
4.228868
5.047632
6.012873
6.940232
7.864338
8.525434
8.517461
7.798633
6.676575
5.583399
4.626411
3.800059
3.111598
2.691862
2.359390
2.182385
2.507067
2.650962
2.493703
2.227642
2.029851
2.291234
2.328555
2.100176
1.803119
1.711360
1.667061
1.597143
1.586982
1.731033
1.996398
2.257336
2.502766
2.744576
3.022484
3.333699
3.668749
4.037524
4.417363
4.760730
4.875707
4.727752
4.394729
4.042217
3.696462
3.329478
3.073999
3.278892
3.552228
3.722989
3.644163
3.374676
3.061754
2.857138
2.791837
2.618844
2.614939
2.666179
2.599748
2.572224
2.408529
2.399120
2.571218
2.854312
3.184571
3.548509
3.859441
4.070875
4.022502
3.747641
3.391535
3.069842
2.802225
3.059276
3.370713
3.658142
3.781331
3.772367
3.645137
3.413567
3.376143
3.327231
3.492706
3.627202
3.746399
4.056393
4.368674
4.706829
5.068724
5.433488
5.763766
6.116822
6.332807
6.470654
6.457900
6.245811
5.944194
5.827456
6.190854
6.434684
6.743923
7.131602
7.565241
7.902310
7.970315
7.738327
7.363205
6.991201
6.740896
6.947529
6.931201
6.658255
6.131491
5.488219
4.921459
4.570598
4.282596
4.026304
4.105470
4.057713
3.908957
3.633277
3.796082
3.799364
3.527437
3.158308
3.045958
3.230859
3.232981
2.982817
2.831750
3.004220
3.120769
3.510343
3.985161
4.474501
4.965835
5.459199
5.948874
6.456919
6.873697
7.036021
6.998724
6.926240
6.961305
7.192498
7.499737
7.996819
8.351687
8.462020
8.148797
7.689961
7.144885
6.630248
6.587161
6.638173
6.681319
6.832795
7.251714
7.870090
8.559241
9.278339
9.932633
10.180682
9.957499
9.247533
8.418563
7.614489
6.892543
6.291459
5.908346
5.890482
5.649506
5.573702
6.001891
6.434896
6.679617
6.703002
6.482546
6.101479
5.710501
5.303083
4.885294
4.463778
4.041245
3.620197
3.216964
2.866681
2.564799
2.303722
2.140126
2.192785
2.142549
2.217957
2.428914
2.635412
2.763720
2.722020
2.603371
2.688613
2.549186
2.167896
1.938454
1.811975
1.692302
1.705128
1.726110
1.814729
1.765585
1.180247
0.861238
0.839483
0.795860
0.715891
0.656409
0.850301
1.091457
1.264503
1.342805
1.224549
0.982490
0.816619
1.050045
1.271266
1.456138
1.268589
0.955357
0.982939
0.936916
0.479598
0.363350
0.469804
0.503226
0.471458
0.521651
0.491017
0.339646
0.072649
0.000000
0.002243
0.022528
0.067300
0.138670
0.231474
0.342005
0.445033
0.583387
0.725221
0.740055
0.463362
0.239136
0.197956
0.269010
0.410571
0.602279
0.845758
1.141999
1.493225
1.907495
2.383052
2.840779
3.016412
3.237875
3.568913
4.214455
5.012011
5.838044
6.457592
7.236389
7.469143
5.299720
3.043725
2.932181
3.252175
3.004194
0.007338
0.000000
0.000000
0.000000
0.000000
0.000000
0.000000
0.000000
0.000000
