track	type=wiggle_0
fixedStep	chrom=chr	start=1	step=1
0.000000
0.000000
0.000000
0.000000
0.000000
0.000000
0.000000
0.000000
0.000000
0.000000
0.000000
0.006917
0.042961
0.337885
0.718209
0.928032
0.868742
0.649762
0.738307
0.944556
0.685600
0.388478
0.179320
0.069131
0.016357
0.006012
0.004953
0.005839
0.011977
0.010443
0.000560
0.000000
0.000000
0.001043
0.012565
0.021657
0.055733
0.190788
0.505162
0.844220
0.968586
0.911573
0.896583
0.980533
0.937115
0.791787
0.603681
0.564123
0.767563
1.033079
1.341980
1.640945
1.843110
1.743971
1.488873
1.222087
0.960187
0.717605
0.520200
0.383539
0.260529
0.197133
0.121668
0.056030
0.086750
0.106385
0.268706
0.427652
0.480241
0.470584
0.487571
0.472970
0.461647
0.479105
0.848568
1.625437
2.359432
2.769708
2.779830
2.853749
2.981880
2.985601
2.837412
2.577918
2.638043
3.049577
3.292940
3.779489
4.254724
4.216300
4.399966
4.579758
4.629876
4.591830
4.655902
4.820468
4.979027
5.311915
5.684221
6.011254
6.201718
6.218824
6.073211
5.726660
5.321339
4.917558
4.532291
4.177622
3.865528
3.612968
4.091398
4.594890
5.050867
5.439954
5.492738
5.146130
4.690853
4.157096
4.070605
4.341408
4.540449
4.565443
4.376722
4.119038
3.826926
3.690825
3.900005
4.100106
4.288888
4.415203
4.335772
4.112781
3.948016
3.760502
3.616622
3.465762
3.244211
3.005985
2.793877
2.639825
2.367438
2.261320
2.383008
2.417612
2.324460
2.162354
2.074291
2.014936
1.999076
1.937190
1.796991
1.774072
1.767516
1.983328
2.214277
2.409096
2.488205
2.413660
2.223712
1.986459
1.746087
1.522616
1.318483
1.133445
1.230511
1.258131
1.206804
1.100605
1.119893
1.260969
1.406288
1.530923
1.687194
1.876975
2.034205
2.061396
2.075322
1.983216
1.740636
1.492077
1.349948
1.199657
1.308489
1.316653
1.207672
1.064322
0.964385
1.099492
1.211186
1.221685
1.119551
1.037492
1.163189
1.231336
1.335227
1.540848
1.732709
1.812916
1.733294
1.542188
1.342488
1.161041
1.104369
1.440144
1.063430
0.749498
0.694994
0.718340
0.750544
0.658625
0.535832
0.641452
0.737212
0.818149
0.929789
1.010863
1.024432
0.943484
0.813524
0.692733
0.674617
0.711656
0.682543
0.593558
0.499097
0.454875
0.512815
0.533483
0.504183
0.425402
0.344957
0.308812
0.284271
0.233499
0.192030
0.221720
0.237733
0.261600
0.313199
0.319313
0.281048
0.214442
0.193464
0.220121
0.216916
0.239583
0.320625
0.408819
0.487110
0.537804
0.505293
0.427783
0.333818
0.265030
0.193450
0.216716
0.275521
0.312468
0.308735
0.299787
0.300292
0.206609
0.251241
0.263324
0.169909
0.076410
0.046915
0.032603
0.038571
0.034848
0.013313
0.022918
0.059586
0.114274
0.184912
0.277269
0.393840
0.534545
0.684878
0.798365
0.801703
0.706497
0.581465
0.441382
0.317200
0.241878
0.335473
0.419532
0.448925
0.391423
0.307497
0.216737
0.140059
0.085476
0.068042
0.162389
0.275873
0.474784
0.840412
1.309734
1.513576
1.569342
1.569342
1.523508
1.379417
1.072576
1.211302
1.378682
1.302772
1.011796
0.713039
0.469744
0.275194
0.306473
0.421416
0.506241
0.513981
0.445988
0.314302
0.181738
0.085886
0.028531
0.034426
0.039233
0.027768
0.039321
0.136309
0.309882
0.578843
0.753738
0.821889
0.821889
0.748974
0.552908
0.370769
0.485152
0.574092
0.559129
0.456744
0.332683
0.224645
0.251076
0.374959
0.531541
0.715951
0.903590
1.027252
0.986634
0.835799
0.640168
0.464528
0.321785
0.381874
0.408569
0.232477
0.078838
0.011962
0.000000
0.000000
0.000000
0.000000
0.000000
0.000000
0.000000
0.000000
0.000000
0.000000
0.000000
0.000000
0.000000
0.009188
0.033546
0.070378
0.112920
0.121806
0.121461
0.119857
0.117554
0.109357
0.082112
0.034372
0.000313
0.000000
0.000000
0.000000
0.000000
0.000000
0.000000
0.000000
0.000000
0.000000
0.000000
0.000000
0.000000
0.000000
0.000000
0.000000
0.000000
0.000000
0.000000
0.000000
0.000000
0.000000
0.000000
0.000000
0.000000
0.000000
0.000000
0.000000
0.000000
0.000000
0.000000
0.000000
0.003778
0.053833
0.177420
0.411119
0.793850
0.974981
1.025196
1.035056
1.035056
1.035056
1.035056
1.025196
0.980729
0.823552
0.501904
0.256552
0.451805
0.704526
0.984518
1.159053
1.078595
0.864778
0.593088
0.538071
0.734219
0.843894
1.057197
1.172894
1.121212
0.928827
0.733716
0.825066
1.195462
1.662165
2.219642
2.819598
3.214103
3.324878
3.179537
2.690260
2.158685
1.750242
1.360272
1.032287
0.840774
0.671058
0.632771
0.697325
0.621264
0.414062
0.207482
0.127343
0.060871
0.022128
0.003984
0.002244
0.016606
0.079869
0.201309
0.248522
0.197031
0.075469
0.012582
0.000075
0.000000
0.000709
0.002068
0.002044
0.000105
0.000000
0.000000
0.000640
0.000117
0.000412
0.008615
0.027827
0.058297
0.100589
0.208822
0.407740
0.663851
0.909695
0.885428
0.634434
0.385557
0.477570
0.559181
0.674629
0.802689
0.930939
1.021969
1.040010
0.961110
0.833701
0.781893
0.924806
1.051181
1.199250
1.386120
1.570881
1.711730
1.754466
1.648415
1.494728
1.309593
1.128353
0.964197
0.816062
0.685578
0.774280
0.869001
0.911887
1.052342
1.238425
1.429137
1.577155
1.579404
1.508811
1.734840
1.833697
1.816653
1.683374
1.455219
1.388194
1.712081
2.082079
2.479964
2.893019
3.389352
3.897180
4.241518
4.258262
3.953572
3.435109
2.939317
2.542691
2.457760
2.530981
2.548138
2.782160
3.159904
3.425101
4.223526
5.150672
6.224144
7.430717
8.833505
10.928699
12.049562
10.909660
8.744885
7.308681
6.147061
5.343327
5.612024
5.622406
5.701607
6.062231
6.766091
7.022048
6.743268
6.068954
5.270732
4.499722
3.815868
3.213373
2.690599
2.222475
1.886705
1.930026
1.729436
1.409275
1.027561
0.694327
0.432335
0.240483
0.143698
0.077752
0.040994
0.016814
0.048503
0.087577
0.109914
0.132935
0.144213
0.116832
0.162444
0.241138
0.337686
0.444857
0.517850
0.528436
0.463461
0.356447
0.256317
0.173392
0.161947
0.125086
0.109080
0.095741
0.120325
0.116740
0.084394
0.069932
0.096965
0.105635
0.094507
0.071290
0.040633
0.018739
0.008606
0.005021
0.002194
0.009985
0.075451
0.223443
0.528773
0.772583
0.915388
1.076376
1.270167
1.064451
0.912731
0.826948
0.780671
0.756321
0.735200
0.675542
0.547605
0.431765
0.271062
0.164234
0.113203
0.072823
0.032413
0.006466
0.021233
0.034780
0.034111
0.021984
0.008800
0.001669
0.000000
0.000000
0.000000
0.000000
0.000000
0.000000
0.000000
0.000000
0.000000
0.000000
0.000000
0.000000
0.000000
0.000000
0.000000
0.000008
0.000051
0.000011
0.003167
0.018106
0.041590
0.072288
0.116551
0.178134
0.257794
0.353029
0.457795
0.581758
0.732231
0.889107
1.001806
1.023565
0.932928
0.791568
0.650603
0.521435
0.403875
0.300060
0.212779
0.148560
0.110691
0.109771
0.090749
0.173862
0.310917
0.503944
0.751603
1.022194
1.218391
1.237579
1.129627
1.123094
1.499814
2.024512
2.862030
3.617012
3.918023
4.003684
4.020732
4.026453
4.022581
3.950394
3.662089
2.968801
2.864274
2.608961
2.559479
2.444158
2.303116
2.652872
3.176217
3.146042
3.019999
2.814663
2.385149
1.926811
1.520418
1.180860
0.907207
0.732537
0.757760
0.824881
0.898431
0.998855
1.094311
1.222086
1.365335
1.518680
1.667528
1.811790
1.875005
1.847161
1.735870
1.609965
1.491236
1.357866
1.232315
1.124815
1.089827
1.066273
0.995143
0.934234
0.945455
0.886513
1.019128
1.175952
1.345215
1.509951
1.642627
1.721267
1.873276
2.078931
2.313313
2.562186
2.809643
3.015320
3.115723
3.030717
3.164563
3.135819
3.037775
3.191908
3.240780
3.185474
3.176578
3.395060
3.569700
3.717764
3.734162
3.617880
3.465158
3.336182
3.309240
3.224484
3.187923
3.381053
3.626877
3.894490
4.143425
4.356853
4.502099
4.436821
4.358401
4.540630
4.670578
4.620365
4.407062
4.312037
5.178831
6.187762
7.304430
8.342906
8.700714
8.281248
7.277682
6.164273
5.146289
4.939950
5.484162
6.097863
6.775399
7.494554
8.208680
8.850708
9.653852
10.584666
11.628624
12.789005
14.005858
15.084307
15.615204
15.353014
14.314192
13.182929
12.734824
12.546761
12.533607
12.173816
11.586810
11.242045
10.694203
11.339891
12.226528
13.828162
15.291800
15.944925
15.304154
13.886115
12.273937
11.485035
11.839240
11.692429
11.149692
10.565517
10.068786
9.463307
8.946221
8.362498
7.756908
7.173932
6.642016
6.180855
6.171963
6.519581
6.891049
7.115219
7.074488
6.817969
6.406522
5.976874
5.613482
5.868053
5.932574
5.747804
5.438352
5.200580
5.619162
6.060195
6.483529
6.757905
6.778851
6.555591
6.162083
5.745519
5.458953
5.148394
4.844986
4.569895
4.323373
4.078256
3.831401
3.562971
3.277127
3.025734
2.906185
2.743000
2.558799
2.384450
2.244196
2.212214
2.407713
2.610066
2.799684
3.002147
3.165628
3.317720
3.478814
3.654603
3.810930
3.891006
3.782639
3.595139
3.484714
3.662287
4.337328
4.959963
5.464618
5.769691
5.942418
5.934626
5.761928
5.438784
5.055890
4.784271
4.705866
4.688661
4.568816
4.350322
4.071883
3.814431
4.074289
4.379573
4.647656
4.849149
4.871075
4.731349
4.513857
4.244940
3.975119
3.719810
3.464418
3.206388
3.024392
2.886794
2.692621
2.479802
2.153275
1.952442
1.826403
2.111198
2.156179
1.869000
2.336301
2.784185
3.001406
3.092486
3.081661
2.940100
2.556796
1.792173
1.238013
0.896035
0.759482
0.649574
0.548808
0.469696
0.407769
0.333062
0.253708
0.181708
0.122180
0.077542
0.043737
0.019250
0.010907
0.022803
0.021802
0.011706
0.004857
0.000269
0.000006
0.000049
0.000000
0.000000
0.000000
0.000000
0.000000
0.000000
0.000871
0.008569
0.016345
0.014170
0.006408
0.012499
0.007236
0.001037
0.000000
0.000000
0.000000
0.000000
0.000000
0.000000
0.004577
0.023370
0.043774
0.074892
0.139235
0.223201
0.278368
0.246022
0.168143
0.151247
0.229656
0.319485
0.393359
0.561897
0.803214
1.108053
1.473552
1.903666
2.424123
3.009377
3.599360
4.111294
4.348102
4.080743
3.556063
2.932755
2.333856
1.809830
1.372484
1.007352
0.838222
0.766156
0.660430
0.584628
0.493508
0.331854
0.151291
0.027160
0.000000
0.000000
0.000000
0.000000
0.000000
0.000000
0.000000
0.000000
0.000000
0.000000
0.000000
0.000000
0.000000
0.000000
0.000000
0.000000
0.000000
0.000000
0.000000
0.000000
0.000000
0.000000
0.000000
0.000036
0.003759
0.005850
0.006483
0.006349
0.006302
0.006324
0.006387
0.005913
0.003065
0.000000
0.000000
0.000000
0.000000
0.000000
0.000000
0.000000
0.000000
0.000000
0.000000
0.000000
0.000000
0.000000
0.000000
0.000000
0.000000
0.000000
0.000000
0.000000
0.000000
0.000000
0.000000
0.000614
0.038954
0.144325
0.334866
0.642329
0.897458
1.007226
1.002113
0.877879
0.583834
0.319787
0.145210
0.041368
0.022504
0.077282
0.172432
0.297220
0.409017
0.462969
0.390366
0.324691
0.495424
0.712655
0.911188
0.943194
0.941420
1.367419
1.569433
1.358519
0.832835
0.488654
0.263885
0.113651
0.029080
0.000360
0.000000
0.000649
0.000038
0.000000
0.000000
0.003541
0.018879
0.026911
0.017456
0.022122
0.044805
0.045019
0.020299
0.001175
0.000000
0.000000
0.000000
0.005004
0.061378
0.187735
0.335359
0.403156
0.402544
0.645332
0.933955
1.186617
1.178678
0.912717
0.624878
0.378001
0.199430
0.083016
0.019069
0.000000
0.000000
0.000000
0.000000
0.000000
0.000000
0.010411
0.010527
0.000000
0.000000
0.000000
0.000000
0.000000
0.000000
0.000000
0.000000
0.000000
0.000000
0.000000
0.005030
0.021098
0.024829
0.027152
0.054174
0.069855
0.061519
0.032325
0.009221
0.026125
0.034825
0.023385
0.005069
0.000634
0.014881
0.055536
0.108200
0.202476
0.350585
0.549786
0.795588
1.074074
1.354802
1.548748
1.875226
2.391476
3.043809
3.765707
4.403302
4.868689
4.876583
4.400273
3.608942
2.848970
2.204617
1.672810
1.230694
0.874435
0.596493
0.381719
0.230366
0.319427
0.476571
0.617734
0.664455
0.563372
0.421825
0.313244
0.439287
0.601551
0.781993
0.910897
0.998069
1.238703
1.443991
1.534919
1.504230
1.378143
1.159522
0.927238
0.720652
0.550852
0.415582
0.323559
0.273498
0.324192
0.444709
0.693990
1.018357
1.421496
1.900062
2.431995
2.866840
2.879816
2.448956
1.923125
1.450906
1.052566
0.733372
0.578046
0.454690
0.346379
0.289343
0.399138
0.537313
0.695974
0.840081
0.986258
1.042028
1.041860
0.944186
0.872058
0.868781
0.857491
0.856948
0.767303
0.614935
0.466502
0.421235
0.338959
0.252932
0.332646
0.372368
0.324485
0.249501
0.207806
0.289989
0.500353
0.786663
1.155850
1.627824
2.250733
3.107135
4.161705
4.502477
4.085457
2.995075
2.175721
1.653012
1.238420
0.865840
0.571059
0.338852
0.298827
0.363010
0.414109
0.401472
0.345071
0.267023
0.190064
0.123325
0.070357
0.034479
0.012620
0.002210
0.004699
0.012548
0.012794
0.042545
0.094141
0.159291
0.211983
0.225609
0.195506
0.187883
0.177480
0.174096
0.164146
0.114843
0.069651
0.029916
0.028762
0.052530
0.077366
0.089331
0.077688
0.054888
0.038968
0.071802
0.141763
0.252327
0.384001
0.486257
0.502226
0.433201
0.303890
0.180040
0.087800
0.100776
0.257254
0.511962
0.688859
0.796231
1.159690
1.605155
2.110188
2.532259
3.010611
3.520187
3.505850
2.939065
2.291530
1.705575
1.225063
0.844133
0.546066
0.327200
0.191462
0.187339
0.257573
0.253025
0.176520
0.086027
0.076855
0.151637
0.254717
0.385236
0.524985
0.599339
0.595621
0.510400
0.441904
0.562659
0.704206
0.782490
0.682248
0.515778
0.502785
0.484394
0.407453
0.518650
0.669923
0.744657
0.986090
1.309350
1.510395
1.345556
1.085200
0.787829
0.807647
0.850829
0.746813
0.627629
0.831623
0.970763
0.976854
0.848845
0.631792
0.654659
0.988373
1.378653
1.702282
1.823238
1.698145
1.504017
1.332516
1.494115
1.823978
1.977604
2.020766
2.037845
2.033525
2.009236
1.905451
1.688908
1.652188
1.504108
1.151297
0.960743
0.727846
0.495385
0.303267
0.174638
0.137223
0.215640
0.360995
0.469460
0.406202
0.268321
0.134861
0.101453
0.091117
0.036622
0.000240
0.000573
0.005852
0.040217
0.086346
0.094763
0.177358
0.355566
0.630145
0.985489
1.270978
0.966843
0.611889
0.344848
0.172225
0.074729
0.019470
0.000150
0.000000
0.000142
0.006477
0.018349
0.024376
0.021742
0.013314
0.004659
0.003938
0.012984
0.020972
0.015559
0.004715
0.000000
0.000000
0.001178
0.012252
0.031629
0.046007
0.043180
0.025900
0.023203
0.020212
0.024385
0.032243
0.046921
0.051442
0.040038
0.023765
0.015262
0.007573
0.007666
0.047693
0.147733
0.315815
0.562754
0.896711
1.328162
1.988733
2.440367
2.600627
2.635786
2.636951
2.595356
2.430942
1.990270
1.340787
0.940410
0.689860
0.431984
0.239031
0.365283
0.562927
0.812141
1.114453
1.414705
1.589817
1.536041
1.254742
1.460761
1.759045
2.038036
2.179166
2.126606
2.424503
2.861097
3.332792
3.871763
4.251121
4.732192
5.346297
5.763020
5.742112
5.299447
4.638950
4.007987
3.437882
2.919671
2.482914
2.122983
1.787953
1.578867
1.756050
1.814542
1.693389
1.633727
1.665062
1.636835
1.982536
2.392576
2.840743
3.327327
3.763521
3.903868
3.742007
3.321824
2.855373
2.406474
2.002932
1.977101
2.475566
3.075281
3.734854
4.270747
4.353044
3.901537
3.329357
2.679699
2.093637
1.608143
1.236448
0.971382
0.752230
0.760193
0.971994
1.110949
1.106802
0.981891
0.779229
0.603509
0.475013
0.326769
0.211896
0.319922
0.326343
0.202788
0.240491
0.171733
0.116613
0.127374
0.167959
0.211244
0.250392
0.311917
0.383527
0.464005
0.547934
0.596178
0.599869
0.678818
0.738170
0.714028
0.647790
0.604267
0.550031
0.464447
0.384314
0.482029
0.597631
0.686380
0.686431
0.607374
0.514379
0.499846
0.451060
0.389970
0.332525
0.324976
0.405894
0.449175
0.483018
0.567214
0.595667
0.556111
0.479282
0.395249
0.324987
0.256191
0.266542
0.338069
0.407231
0.475496
0.614948
0.578295
0.434319
0.493089
0.723668
1.050155
1.471206
2.101696
2.886017
3.242330
3.341358
3.236882
2.884395
2.111457
1.796265
1.791457
1.859863
1.628927
1.389933
1.317669
1.358214
1.544350
1.746295
1.935149
2.112797
2.257253
2.347511
2.282674
2.126968
2.085533
2.359854
2.397230
2.210719
1.908341
1.870136
1.896538
2.156684
2.857174
3.761793
4.070222
3.713707
3.037411
3.396013
3.698824
3.971994
4.230028
4.360299
4.348767
4.162117
3.919959
3.636431
3.329855
3.034016
2.815658
2.979095
3.047323
3.212346
3.422330
3.567601
3.561766
3.421288
3.377939
3.698195
4.036783
4.391647
4.779446
5.205367
5.572211
5.668781
5.479053
5.112314
4.770601
4.963282
5.156147
5.266175
5.144591
5.265245
5.351147
5.740020
6.155977
6.617431
7.050315
7.215176
7.066745
6.664312
6.243331
5.832029
5.449031
5.395619
5.618118
5.642404
5.445029
5.206157
5.086540
4.853520
4.582635
4.285553
3.952019
3.932907
3.888376
3.741797
3.776372
3.680134
3.676915
3.993422
4.202466
4.274163
4.166180
3.927050
3.657098
3.351408
3.044962
2.769113
3.054966
3.470489
3.771829
3.890111
3.940617
3.935530
3.894293
3.762659
3.532082
3.388541
3.201772
2.976808
2.741628
2.505342
2.778835
3.347464
3.832324
4.086268
3.810097
3.416789
2.913695
3.049013
3.483906
3.878976
4.093249
4.518449
5.109241
5.662693
5.839261
5.499682
4.892474
4.260566
3.731697
3.508797
3.201245
2.884819
2.942847
2.947606
2.690373
2.351066
1.991365
1.695142
1.858306
1.941027
1.939767
1.828035
1.727636
1.719708
1.563436
1.355411
1.316824
1.311171
1.230962
1.124771
1.007214
0.888345
0.914956
0.978325
1.027495
1.049082
1.023392
0.944279
0.885396
0.928698
0.975014
1.077973
1.129715
1.104430
1.197916
1.301710
1.339940
1.284632
1.180257
1.305912
1.462605
1.637385
1.803578
1.980579
2.042664
1.975510
1.785153
1.646021
1.715521
1.656164
1.566446
1.436752
1.264727
1.095935
0.951176
0.841553
0.803594
0.757594
0.742254
0.692568
0.747010
0.862053
0.915595
0.870084
0.984959
1.067199
1.076221
0.966851
0.990354
0.945218
0.837845
0.684756
0.535071
0.403441
0.293064
0.243367
0.217742
0.263533
0.325467
0.365103
0.363375
0.356511
0.463937
0.558785
0.653149
0.694421
0.680538
0.823132
0.989584
1.020133
0.920595
0.748545
0.582528
0.433054
0.537584
0.769388
1.048580
1.384761
1.785993
2.244042
2.688598
3.000210
3.083362
3.443602
4.042139
4.840370
5.780718
6.685050
7.586899
8.235307
8.240542
7.537212
6.453038
5.386969
4.450605
3.639737
2.970911
2.560261
2.236756
2.040119
2.315534
2.377470
2.143525
1.864869
1.720753
2.062858
2.169880
1.981577
1.705105
1.445706
1.230972
1.020667
0.821717
0.638541
0.666756
0.800548
0.767426
0.765658
0.888221
1.044588
1.218077
1.416588
1.620709
1.805796
1.863746
1.764202
1.578377
1.383137
1.187336
0.994060
0.856676
1.024752
1.194353
1.293788
1.273236
1.156528
1.058665
0.974624
0.892445
0.843198
0.933771
1.092786
1.251621
1.332803
1.298164
1.174292
1.101212
1.188722
1.242092
1.332090
1.515028
1.653922
1.651809
1.837293
2.036479
2.238968
2.464423
2.641959
2.721877
2.808809
2.954328
2.913319
2.774308
2.538397
3.383055
3.775083
3.863578
3.794956
3.455782
3.101333
2.938161
2.711198
2.577373
2.778350
3.302472
3.489616
3.365048
3.456902
3.816453
4.397651
4.833062
5.273631
5.640841
6.002770
6.364332
6.770300
7.190488
7.504359
7.595910
7.419041
7.044973
6.680261
6.480177
6.665675
6.611832
6.257729
5.714890
4.920000
4.042796
3.894071
4.080749
4.535213
5.055068
5.600006
6.139661
6.697580
7.202789
7.410672
7.219071
6.680033
6.073492
5.505613
5.058257
4.641599
4.207132
3.767911
3.560888
3.533589
3.652320
3.989433
4.562660
5.240161
5.737109
6.297839
6.773646
7.103161
7.153794
7.005090
7.023855
6.958799
7.233620
7.656326
7.993651
8.099445
7.794838
7.351388
6.816856
6.318115
6.205793
6.268497
6.342666
6.475089
6.867522
7.460763
8.128533
8.827361
9.461372
9.704915
9.492030
8.801772
7.996166
7.220657
6.523873
5.943444
5.565474
5.547570
5.315402
5.237373
5.643650
6.083794
6.369454
6.448164
6.245585
5.863996
5.446526
4.997522
4.564700
4.154173
3.762226
3.382176
3.026986
2.701637
2.406454
2.387495
2.606426
2.810422
2.968741
3.129193
3.301999
3.333067
3.204928
2.935849
2.696079
2.855939
2.932904
2.792259
2.403034
1.835042
1.588582
1.501169
1.521512
1.492702
1.572337
1.636282
1.426802
0.889623
0.829722
0.841165
0.732950
0.768509
0.999288
1.165179
1.241857
1.128378
0.898861
0.781634
0.983711
1.214070
1.392415
1.210821
1.035038
0.949690
0.931310
0.945218
0.765126
0.384271
0.411054
0.370754
0.274414
0.178633
0.105553
0.053282
0.006763
0.002495
0.016638
0.025623
0.071590
0.140063
0.235530
0.364013
0.523236
0.702162
0.896564
1.020133
0.807365
0.362950
0.201460
0.222280
0.328336
0.491766
0.701123
0.956202
1.268265
1.643358
2.070722
2.484987
2.756287
2.804025
3.225682
3.864655
4.679352
5.619757
6.625929
7.632461
8.226446
6.979137
2.942241
1.881928
1.948167
2.317170
2.476445
0.387634
0.182347
0.000000
0.000000
0.000000
0.000000
0.000000
0.000000
0.000000
0.000000
