track	type=wiggle_0
fixedStep	chrom=chr	start=1	step=1
0.000000
0.000000
0.000000
0.000000
0.000000
0.000000
0.000000
0.000000
0.000000
0.000000
0.000000
0.007265
0.043793
0.341369
0.724815
0.936577
0.877490
0.656400
0.746889
0.953941
0.693517
0.392483
0.181063
0.066575
0.009021
0.000000
0.000000
0.000000
0.000000
0.000000
0.000000
0.000000
0.003097
0.003460
0.000000
0.000000
0.000000
0.001548
0.057304
0.120005
0.145593
0.118524
0.080828
0.100741
0.085525
0.049725
0.073064
0.205136
0.421850
0.764432
0.935507
0.984490
0.993217
0.978204
0.911248
0.752700
0.408263
0.164660
0.042448
0.027013
0.058229
0.057300
0.030118
0.013004
0.010048
0.007323
0.024160
0.051526
0.064387
0.060330
0.063505
0.047639
0.134268
0.357259
0.743985
0.919849
1.291621
1.548804
1.566526
1.551881
1.647650
1.643242
1.539953
1.359320
1.271162
1.453791
1.672388
1.913105
2.148168
2.298937
2.337846
2.261252
2.102987
1.915767
1.827091
2.002894
2.116379
2.123258
2.274868
2.464492
2.568268
2.643865
2.767068
2.724840
2.576555
2.372311
2.510521
2.833712
3.205554
3.649974
4.132895
4.639169
5.097771
5.492396
5.545375
5.192078
4.734036
4.197396
3.686103
3.222284
2.932893
2.797423
3.065542
3.292736
3.357352
3.409827
3.262533
2.950192
2.613255
2.292884
1.998437
1.727563
1.555101
1.518290
1.481775
1.398501
1.449424
1.886730
2.269355
2.451518
2.236830
1.839448
1.637225
1.848838
2.065771
2.301248
2.557380
2.822015
3.048544
3.168694
3.116878
2.915162
2.776583
2.989739
3.260123
3.510358
3.618856
3.508521
3.254211
2.963577
2.677330
2.422482
2.202410
1.968094
1.744381
1.554695
1.472140
1.319669
1.153129
1.052952
1.102910
1.117857
1.302510
1.530327
1.767933
2.009227
2.102342
2.016299
1.795633
1.534208
1.289217
1.087138
0.934715
0.940199
1.047391
1.060894
0.975595
0.822607
0.670061
0.566252
0.501320
0.549156
0.629512
0.674588
0.665927
0.766422
0.888286
0.933989
1.056663
1.240186
1.354771
1.354403
1.350608
1.448999
1.361381
1.279186
1.238266
1.105120
0.956283
0.845043
0.733822
0.629601
0.586216
0.680302
0.637364
0.576035
0.492799
0.411465
0.329171
0.272667
0.287473
0.351609
0.434571
0.527846
0.625398
0.714033
0.760198
0.729409
0.639719
0.533277
0.435321
0.352189
0.358974
0.436198
0.485227
0.486674
0.439403
0.363660
0.288796
0.222832
0.170556
0.136281
0.109135
0.077263
0.064960
0.092216
0.104592
0.094800
0.067707
0.063846
0.065624
0.067654
0.091453
0.092598
0.073326
0.041180
0.054749
0.108699
0.222020
0.301896
0.301985
0.207752
0.253177
0.265975
0.172476
0.077730
0.047847
0.069026
0.125145
0.193589
0.258727
0.290028
0.253352
0.189506
0.191341
0.283534
0.401644
0.545535
0.698406
0.813545
0.817010
0.720460
0.593609
0.450332
0.324493
0.247129
0.342624
0.428438
0.458820
0.400864
0.314403
0.221588
0.144267
0.088521
0.070671
0.166776
0.279810
0.478847
0.850543
1.321925
1.526540
1.582450
1.582450
1.536588
1.392089
1.084534
1.223411
1.393588
1.317404
1.022101
0.717684
0.473962
0.278312
0.310546
0.427602
0.512017
0.520838
0.452634
0.319548
0.186601
0.088489
0.029799
0.036332
0.041395
0.029554
0.040572
0.138805
0.314706
0.586046
0.763842
0.832989
0.832989
0.759047
0.559948
0.377838
0.492855
0.581899
0.567087
0.464596
0.339419
0.229767
0.255557
0.382427
0.541117
0.727984
0.917702
1.041559
1.000558
0.847948
0.650403
0.473388
0.327583
0.385522
0.412693
0.236259
0.080831
0.012309
0.000000
0.000000
0.000000
0.000000
0.000000
0.000000
0.000000
0.000000
0.000000
0.000000
0.000000
0.000000
0.000000
0.009430
0.034080
0.073103
0.116568
0.125660
0.125320
0.123690
0.121351
0.113001
0.085218
0.036270
0.000419
0.000000
0.000000
0.000000
0.000000
0.000000
0.000000
0.000000
0.000000
0.000000
0.000000
0.000000
0.000000
0.000000
0.000000
0.000000
0.000000
0.000000
0.000000
0.000000
0.000000
0.000000
0.000000
0.000000
0.000000
0.000000
0.000000
0.000000
0.000000
0.000000
0.000000
0.000000
0.004064
0.054917
0.179579
0.415818
0.803681
0.986373
1.037008
1.046955
1.046955
1.046955
1.046955
1.037008
0.992126
0.833498
0.508303
0.259832
0.457832
0.712749
0.995000
1.166233
1.085370
0.874278
0.601276
0.548614
0.747945
0.859139
1.074567
1.191221
1.138304
0.942867
0.744466
0.834757
1.210703
1.679975
2.239128
2.837237
3.235415
3.347541
3.201425
2.713865
2.182537
1.769278
1.376181
1.043277
0.851145
0.681498
0.635141
0.700024
0.623767
0.415747
0.208339
0.128274
0.061606
0.022727
0.004268
0.002486
0.016902
0.080705
0.204116
0.251933
0.199759
0.076155
0.012691
0.000078
0.000000
0.000712
0.002072
0.002045
0.000105
0.000000
0.000000
0.000993
0.000275
0.000657
0.009670
0.029640
0.061299
0.104132
0.210977
0.411266
0.670037
0.918784
0.893965
0.640049
0.396659
0.490755
0.571764
0.689211
0.818351
0.946343
1.039809
1.058051
0.977145
0.849526
0.793477
0.937885
1.067586
1.219787
1.408051
1.594815
1.737697
1.781203
1.674392
1.519294
1.332376
1.149007
0.982699
0.832423
0.699036
0.785527
0.881251
0.925688
1.068390
1.257865
1.451644
1.601774
1.604129
1.528726
1.757374
1.858103
1.841045
1.705606
1.475015
1.403281
1.728058
2.095562
2.499251
2.919340
3.422142
3.934042
4.281299
4.298298
3.991885
3.468573
2.966288
2.568944
2.481999
2.556430
2.571257
2.810504
3.190950
3.445226
4.246105
5.179225
6.263050
7.478339
8.885554
10.978294
12.103308
10.959214
8.796682
7.355902
6.186173
5.375027
5.648917
5.659808
5.745816
6.110152
6.817362
7.073704
6.792454
6.116343
5.314217
4.538928
3.849715
3.240346
2.715286
2.245454
1.903948
1.948474
1.742545
1.417727
1.034545
0.697758
0.436408
0.245514
0.147897
0.080467
0.043593
0.018511
0.051905
0.091819
0.114894
0.138432
0.149535
0.121152
0.167019
0.247822
0.346824
0.454837
0.525426
0.536039
0.473991
0.365763
0.263170
0.178130
0.163441
0.126269
0.111918
0.099523
0.124667
0.120977
0.087617
0.073684
0.101719
0.111273
0.099748
0.075703
0.044011
0.020776
0.009591
0.005068
0.002272
0.010543
0.077357
0.226489
0.532877
0.778473
0.924253
1.085869
1.279750
1.072507
0.921600
0.835023
0.784890
0.758734
0.738635
0.681821
0.553505
0.435673
0.273905
0.166403
0.115754
0.074968
0.033625
0.007697
0.023588
0.037214
0.035679
0.021401
0.007085
0.000690
0.000000
0.000000
0.000000
0.000000
0.000000
0.000000
0.000000
0.000000
0.000000
0.000000
0.000000
0.000000
0.000000
0.000000
0.000000
0.000000
0.000000
0.000000
0.001884
0.014997
0.037273
0.066581
0.109690
0.170310
0.248591
0.342423
0.446226
0.569937
0.718038
0.872361
0.983037
1.005151
0.917837
0.776902
0.636402
0.508101
0.391339
0.289093
0.203512
0.140674
0.103872
0.102720
0.088773
0.169911
0.305104
0.499842
0.747055
1.018508
1.213847
1.231437
1.123809
1.119058
1.498161
2.024469
2.862627
3.618271
3.922070
4.004132
4.019854
4.025140
4.021541
3.950838
3.663784
2.968962
2.864092
2.608962
2.558418
2.442638
2.299942
2.655570
3.180411
3.147938
3.010967
2.809653
2.379304
1.921476
1.513153
1.176094
0.903151
0.730670
0.730928
0.799142
0.871435
0.972430
1.066514
1.192045
1.335593
1.489593
1.636958
1.777964
1.840463
1.813797
1.704359
1.579263
1.461877
1.323992
1.191576
1.079957
1.046175
1.021648
0.954135
0.896443
0.906860
0.849130
0.978924
1.132260
1.299297
1.462787
1.593418
1.671366
1.821613
2.024416
2.258415
2.502387
2.748611
2.952406
3.049423
2.962464
3.094051
3.065428
2.973546
3.125963
3.176726
3.117378
3.111849
3.326599
3.500244
3.646822
3.663212
3.547600
3.398524
3.272057
3.242978
3.160418
3.108357
3.298526
3.536944
3.800112
4.043480
4.259470
4.406121
4.343817
4.267757
4.445668
4.573756
4.522769
4.315439
4.276022
5.140089
6.148514
7.259158
8.296490
8.654674
8.233801
7.231614
6.124872
5.108227
4.879601
5.422005
6.028167
6.701577
7.418837
8.124910
8.766788
9.571033
10.491673
11.541696
12.692935
13.905354
14.979852
15.509133
15.252625
14.219812
13.088787
12.651443
12.469089
12.453414
12.099342
11.516176
11.176045
10.635584
11.275200
12.160234
13.757140
15.217416
15.867951
15.229409
13.815473
12.210243
11.401588
11.749411
11.602208
11.066311
10.484914
9.990650
9.390873
8.876399
8.298951
7.690255
7.111581
6.585429
6.123502
6.115074
6.457554
6.825110
7.049206
7.009610
6.753019
6.342770
5.916363
5.556154
5.806480
5.871220
5.686545
5.378641
5.134073
5.550788
5.998116
6.419569
6.691921
6.710414
6.492250
6.101608
5.686921
5.404898
5.100094
4.798397
4.520366
4.269867
4.030971
3.786917
3.521515
3.237226
2.987593
2.868711
2.706882
2.525029
2.351110
2.211015
2.176857
2.372358
2.570523
2.760167
2.968919
3.148492
3.341043
3.561641
3.777372
3.949254
4.036697
3.930571
3.743825
3.632205
3.810039
4.509806
5.147662
5.665467
5.972641
6.150673
6.148429
5.968472
5.638297
5.245322
4.963786
4.886299
4.866328
4.745473
4.525294
4.240969
3.982089
4.234853
4.546996
4.821882
5.027533
5.049827
4.906668
4.685156
4.410938
4.135530
3.873914
3.612776
3.347761
3.169197
3.029474
2.831919
2.610702
2.273359
2.064797
1.935014
2.142985
2.188840
1.899551
2.358204
2.810455
3.030527
3.125443
3.114885
2.970663
2.584228
1.813818
1.255221
0.917976
0.814776
0.699888
0.594843
0.511820
0.446754
0.368469
0.285134
0.208649
0.144617
0.095416
0.057444
0.028868
0.016594
0.030597
0.029566
0.017638
0.009354
0.001801
0.000745
0.001072
0.000000
0.000105
0.000240
0.000000
0.000000
0.000030
0.002345
0.012591
0.022054
0.019616
0.010471
0.018131
0.011711
0.003122
0.000011
0.000000
0.000000
0.000000
0.000000
0.000000
0.006627
0.027924
0.049578
0.081738
0.148182
0.234954
0.290621
0.256835
0.177051
0.161283
0.241328
0.334538
0.409075
0.580704
0.825089
1.134115
1.507399
1.941747
2.461737
3.050159
3.646682
4.162308
4.396729
4.129866
3.601828
2.977338
2.373017
1.844702
1.401351
1.033607
0.845741
0.773117
0.665893
0.590675
0.499417
0.337291
0.154810
0.028896
0.000201
0.000000
0.000000
0.000000
0.000000
0.000000
0.000000
0.000000
0.000000
0.000000
0.000000
0.000000
0.000000
0.000000
0.000000
0.000000
0.000000
0.000000
0.000000
0.000000
0.000000
0.000000
0.000000
0.000067
0.004035
0.006038
0.006703
0.006729
0.006705
0.006584
0.006715
0.006187
0.003281
0.000000
0.000000
0.000000
0.000000
0.000000
0.000000
0.000000
0.000000
0.000000
0.000000
0.000000
0.000000
0.000000
0.000000
0.000000
0.000000
0.000000
0.000000
0.000000
0.000000
0.000000
0.000000
0.000946
0.041362
0.149161
0.341967
0.651804
0.907947
1.020452
1.012518
0.887608
0.590259
0.323367
0.147941
0.042830
0.025598
0.082819
0.180838
0.308334
0.422406
0.478186
0.405254
0.335500
0.507453
0.727585
0.928145
0.959691
0.952982
1.381817
1.583783
1.374470
0.846681
0.563275
0.401329
0.280921
0.208586
0.160746
0.105935
0.074205
0.053885
0.068843
0.094888
0.102713
0.089129
0.114558
0.144572
0.133917
0.123025
0.079743
0.035176
0.023839
0.095204
0.242470
0.480977
0.550881
0.477826
0.546719
0.732539
0.785927
0.800117
0.938575
1.041224
1.226493
1.199877
0.930297
0.638795
0.389017
0.207493
0.088267
0.021665
0.000099
0.000000
0.000000
0.000000
0.000000
0.000000
0.010728
0.010849
0.000000
0.000000
0.000000
0.000000
0.000000
0.000000
0.000000
0.000000
0.000000
0.000000
0.000000
0.007684
0.026134
0.030144
0.032436
0.061684
0.078560
0.069763
0.038352
0.012058
0.031026
0.040505
0.027705
0.007296
0.001487
0.018237
0.061806
0.115954
0.213434
0.364962
0.565820
0.814693
1.097340
1.383351
1.579504
1.906612
2.427696
3.089754
3.816827
4.455216
4.923762
4.930506
4.451575
3.654825
2.893337
2.247901
1.708814
1.258493
0.898259
0.614386
0.396662
0.242130
0.337709
0.498008
0.641527
0.691102
0.587103
0.442703
0.333549
0.464069
0.629239
0.812684
0.945492
1.035773
1.282077
1.489818
1.582806
1.551975
1.423685
1.201608
0.964103
0.753638
0.579927
0.437548
0.325727
0.222202
0.271199
0.459350
0.712702
1.040774
1.446618
1.930485
2.468616
2.902054
2.914657
2.485519
1.955832
1.478713
1.078087
0.752624
0.496037
0.299782
0.156579
0.061367
0.017985
0.020004
0.028021
0.048290
0.134498
0.174929
0.119646
0.032012
0.000085
0.000000
0.000000
0.000000
0.000000
0.000000
0.000000
0.000000
0.000000
0.000000
0.000000
0.000000
0.000000
0.000000
0.000000
0.000000
0.000000
0.000000
0.000000
0.000000
0.000000
0.000000
0.000000
0.000000
0.000000
0.000000
0.000000
0.000000
0.000000
0.000000
0.000000
0.009850
0.010470
0.000000
0.000000
0.000000
0.000000
0.012155
0.039132
0.033226
0.003947
0.000000
0.000000
0.000000
0.000000
0.000000
0.000000
0.000000
0.000000
0.000000
0.000000
0.000000
0.000000
0.000000
0.000000
0.000000
0.000000
0.000000
0.000000
0.000000
0.000000
0.000000
0.000000
0.000000
0.000010
0.003298
0.028427
0.080462
0.154604
0.269349
0.404549
0.509859
0.526946
0.456775
0.323348
0.194321
0.097910
0.104693
0.263809
0.522226
0.702841
0.820649
1.190563
1.641579
2.149532
2.577239
3.059091
3.575178
3.564101
2.994691
2.336363
1.739877
1.254129
0.866521
0.564679
0.342064
0.202740
0.199226
0.271967
0.267429
0.188022
0.094199
0.087360
0.166612
0.274478
0.408489
0.549772
0.626064
0.622197
0.535417
0.463338
0.587097
0.731450
0.811971
0.710885
0.539933
0.532159
0.513889
0.435149
0.548820
0.702347
0.778273
1.005001
1.332216
1.534081
1.364722
1.104533
0.805237
0.827645
0.872179
0.765060
0.649137
0.855566
0.993701
0.992869
0.865772
0.649257
0.664456
1.006968
1.404876
1.732299
1.854100
1.728008
1.529757
1.357548
1.516086
1.853182
2.007226
2.050367
2.067975
2.064909
2.040131
1.933995
1.713591
1.677038
1.526332
1.168858
0.982536
0.744749
0.507297
0.314746
0.180533
0.142452
0.223139
0.370832
0.479880
0.415793
0.275535
0.143866
0.109165
0.092955
0.037748
0.000343
0.001404
0.007058
0.043258
0.090445
0.099093
0.182774
0.364290
0.642655
1.000190
1.288994
0.982771
0.623663
0.353955
0.178788
0.078761
0.021345
0.001789
0.000009
0.002100
0.013176
0.028412
0.035878
0.032853
0.022102
0.010333
0.008149
0.020155
0.029926
0.023208
0.009343
0.000669
0.000000
0.004187
0.019884
0.043342
0.060231
0.056667
0.036508
0.031442
0.027794
0.032780
0.041915
0.058175
0.063832
0.051249
0.032173
0.022117
0.009459
0.013557
0.051027
0.154210
0.325610
0.575261
0.912760
1.350392
2.016310
2.471921
2.634405
2.673300
2.672225
2.631009
2.464324
2.018396
1.361871
0.957093
0.703779
0.442708
0.246727
0.380357
0.582248
0.837446
1.142998
1.445896
1.622119
1.568284
1.282896
1.502532
1.806929
2.090752
2.232374
2.179811
2.483413
2.924132
3.397434
3.918116
4.304755
4.803481
5.424390
5.849171
5.829416
5.381435
4.712049
4.073796
3.497071
2.973204
2.535780
2.173581
1.831646
1.622208
1.800194
1.860697
1.739349
1.675506
1.711976
1.680374
2.022632
2.436174
2.890425
3.384984
3.825021
3.973120
3.810071
3.382796
2.908868
2.455431
2.049986
2.013765
2.520384
3.123833
3.787042
4.331641
4.412618
3.951758
3.373860
2.719848
2.128925
1.640599
1.263500
0.996069
0.775060
0.790514
1.009529
1.155755
1.155856
1.029531
0.821740
0.641004
0.508202
0.355177
0.228306
0.328154
0.335321
0.214555
0.254006
0.182460
0.138935
0.166554
0.210105
0.258151
0.300648
0.365216
0.439394
0.517777
0.595710
0.641384
0.647508
0.735557
0.806799
0.785452
0.714763
0.642896
0.573522
0.474483
0.411101
0.522202
0.642743
0.736926
0.746689
0.668507
0.573038
0.559723
0.509045
0.442900
0.379970
0.344751
0.425681
0.471250
0.536889
0.624573
0.652135
0.612175
0.531805
0.442995
0.367217
0.291825
0.288222
0.372043
0.437628
0.488904
0.630332
0.593200
0.447850
0.510061
0.749544
1.080032
1.509449
2.148922
2.944554
3.305640
3.410119
3.304959
2.946543
2.159927
1.586415
1.591801
1.674334
1.455418
1.472829
1.395509
1.234063
1.349478
1.536814
1.711818
1.877416
2.006123
2.087285
2.018803
1.869755
2.031072
2.300536
2.337428
2.149859
1.853177
1.626641
1.654034
1.962744
2.708866
3.755128
4.119724
3.761563
2.686694
3.019144
3.301479
3.556071
3.800791
3.923910
3.908684
3.734973
3.504943
3.241868
2.957225
2.681378
2.488526
2.635817
2.699102
2.872894
3.077650
3.227726
3.229378
3.084547
2.971907
2.855732
3.147866
3.455311
3.793102
4.166346
4.488727
4.575893
4.405134
4.087365
3.886481
4.091333
4.252973
4.338919
4.221108
4.102383
4.367207
4.694144
5.015194
5.369694
5.725216
5.872234
5.785229
5.485683
5.138105
4.782700
4.432067
4.368085
4.518571
4.518240
4.347510
4.151887
4.080332
3.918462
3.696887
3.427584
3.132802
3.158732
3.342253
3.429055
3.309762
3.063450
2.972834
3.251987
3.439955
3.500532
3.409245
3.196484
2.951784
2.739053
2.516117
2.458230
3.115614
3.536410
3.840834
3.959394
4.015952
4.013593
3.972643
3.839298
3.584607
3.009900
2.611042
2.413728
2.245150
2.451109
2.864201
3.443684
3.933685
4.191259
3.911736
3.508675
2.998534
3.160024
3.607488
4.010410
4.227631
4.659401
5.262286
5.829162
6.006549
5.649489
5.022498
4.374831
3.837517
3.611462
3.295116
2.972714
3.030468
3.039481
2.778876
2.433579
2.067570
1.758565
1.915226
1.973417
1.843934
1.648645
1.778643
1.769837
1.609924
1.398965
1.386245
1.381277
1.300811
1.190071
1.070842
0.946479
0.968886
1.032842
1.084400
1.107145
1.087417
1.013524
0.959029
1.011783
1.065236
1.172512
1.230081
1.199653
1.292970
1.401616
1.440333
1.382398
1.275344
1.403909
1.565312
1.746930
1.916461
2.096287
2.160655
2.091317
1.893628
1.747844
1.797977
1.716065
1.625836
1.496817
1.333377
1.174773
1.034189
0.921025
0.879230
0.821278
0.791956
0.735907
0.785736
0.905448
0.964778
0.928311
1.053541
1.138088
1.148863
1.032476
1.055648
1.010190
0.896794
0.737078
0.581163
0.482623
0.581581
0.668008
0.743476
0.836303
0.943811
1.045908
1.097768
1.318796
1.633346
1.863764
2.036882
2.113160
2.089621
1.932730
1.675483
1.597714
1.737305
1.818549
1.795679
1.662263
1.510502
1.369034
1.257699
1.446115
1.854629
2.323511
2.775805
3.092067
3.171303
3.540919
4.154517
4.965601
5.920252
6.844113
7.762301
8.415851
8.413277
7.698289
6.587246
5.506237
4.549841
3.727227
3.046044
2.628987
2.298999
2.106476
2.392627
2.454523
2.215299
1.931169
1.776208
2.112771
2.217842
2.024591
1.742284
1.612850
1.568019
1.500545
1.492630
1.651424
1.911111
2.164604
2.404845
2.642021
2.915224
3.221604
3.550023
3.904764
4.273868
4.617864
4.729410
4.580842
4.261778
3.917443
3.575182
3.206852
2.967963
3.167153
3.424340
3.593427
3.517383
3.254649
2.945831
2.744753
2.680531
2.512922
2.511486
2.558340
2.497534
2.471056
2.310991
2.293607
2.455643
2.731704
3.054773
3.405866
3.709868
3.916180
3.869035
3.602061
3.256992
2.945864
2.685765
2.921069
3.225436
3.506911
3.627795
3.619437
3.495960
3.269260
3.234585
3.187030
3.337178
3.471302
3.580181
3.881944
4.188844
4.515050
4.876734
5.231571
5.544816
5.887037
6.099319
6.225978
6.214563
6.010011
5.721284
5.603836
5.969983
6.213314
6.518320
6.898244
7.321607
7.649958
7.724763
7.495923
7.118800
6.758576
6.501798
6.709608
6.691880
6.426164
5.914675
5.283081
4.722909
4.383835
4.108296
3.899342
4.000494
3.951897
3.809000
3.536206
3.681340
3.684480
3.416031
3.052868
2.947762
3.129639
3.131978
2.886194
2.702863
2.838640
2.907960
3.136132
3.404016
3.805791
4.381529
5.081011
5.700326
6.261454
6.695589
6.849264
6.813379
6.746313
6.779302
7.002676
7.294135
7.791182
8.142920
8.250460
7.941793
7.488757
6.952120
6.442447
6.398472
6.444654
6.506424
6.663908
7.074233
7.683975
8.360459
9.069024
9.712392
9.958660
9.747661
9.043085
8.226627
7.436968
6.729938
6.137292
5.754567
5.734729
5.499318
5.426122
5.838535
6.262965
6.504590
6.530645
6.307929
5.934815
5.553008
5.148335
4.731431
4.319726
3.904598
3.491949
3.102536
2.760133
2.466506
2.211419
2.046879
2.097446
2.064409
2.141325
2.323251
2.523174
2.646023
2.610466
2.528132
2.617688
2.528557
2.309875
1.981054
1.636907
1.496821
1.539711
1.628768
1.590831
1.655688
1.698719
1.479903
0.938488
0.883633
0.906417
0.798040
0.814354
1.050405
1.219633
1.296719
1.180535
0.943415
0.823321
1.021103
1.247492
1.431424
1.246448
1.107464
1.016665
0.994535
1.010190
0.821755
0.438390
0.471184
0.446408
0.515996
0.510483
0.404682
0.269693
0.100353
0.000000
0.006593
0.033991
0.085027
0.158906
0.260304
0.397158
0.562789
0.747339
0.948771
1.076404
0.856534
0.394942
0.222674
0.244619
0.356346
0.526453
0.742666
1.005736
1.327487
1.713948
2.149516
2.572984
2.847305
2.890184
3.325069
3.977008
4.804751
5.759031
6.782709
7.805080
8.403580
7.128040
3.011443
1.928069
2.004898
2.387363
2.526469
0.393862
0.103017
0.000000
0.000000
0.000000
0.000000
0.000000
0.000000
0.000000
0.000000
