track	type=wiggle_0
fixedStep	chrom=chr	start=1	step=1
0.000000
0.000000
0.000000
0.000000
0.000000
0.000000
0.000000
0.000000
0.000000
0.172922
0.108623
0.039248
0.011842
0.015346
0.015235
0.048971
0.175237
0.303311
0.499929
0.758205
0.987466
1.086273
0.941390
0.705450
0.737561
0.939941
0.684991
0.389522
0.180978
0.070267
0.017296
0.006609
0.005473
0.006376
0.014054
0.013135
0.003587
0.005521
0.001879
0.019560
0.113962
0.298729
0.535878
0.747915
0.938092
1.105594
1.130874
1.022102
0.930759
1.016593
0.972162
0.822803
0.632559
0.587824
0.790666
1.059702
1.370028
1.670480
1.872467
1.772806
1.588608
1.406296
0.986455
0.742145
0.543383
0.404296
0.278523
0.210914
0.136640
0.163918
0.285415
0.394695
0.491909
0.570581
0.587178
0.579119
0.576822
0.676047
1.327002
1.972193
2.461389
2.857497
3.091232
3.192768
3.100042
2.936326
3.066668
3.070558
2.997292
3.352740
3.587069
4.086264
4.482326
4.762512
4.811264
4.660017
4.502559
4.682665
4.733343
4.693685
4.758049
4.924190
5.080519
5.416131
5.793988
6.118565
6.310222
6.325812
6.180041
5.836583
5.428226
5.021475
4.636558
4.275961
3.964838
3.690736
4.157201
4.661326
5.118085
5.512066
5.564767
5.212936
4.758501
4.221039
4.191180
4.461760
4.661784
4.686856
4.497508
4.238493
3.944524
3.798007
4.009377
4.215909
4.404739
4.528228
4.440060
4.213605
4.091482
3.962606
3.768303
3.626607
3.486428
3.103916
2.859439
2.640959
2.465691
2.370613
2.493359
2.529726
2.436142
2.269711
2.174320
2.089240
2.075384
2.010609
1.868166
1.850716
1.835770
2.050932
2.285710
2.483235
2.564322
2.487942
2.295284
2.053910
1.811675
1.584734
1.377187
1.195164
1.302457
1.332366
1.278014
1.169306
1.185839
1.330272
1.479174
1.606806
1.766612
1.960323
2.120182
2.147237
2.130088
2.037531
1.793571
1.567743
1.422160
1.265869
1.375856
1.384035
1.273283
1.126090
1.017466
1.155814
1.271589
1.281933
1.177150
1.110764
1.238674
1.305673
1.393906
1.604068
1.800842
1.879893
1.801471
1.605467
1.401299
1.215604
1.102777
1.433990
1.061869
0.816464
0.759694
0.752974
0.795613
0.718966
0.611783
0.691905
0.790271
0.873823
0.988994
1.072482
1.086456
1.002833
0.869006
0.744930
0.729430
0.767922
0.737636
0.644868
0.547324
0.501290
0.562857
0.583458
0.553697
0.471229
0.386263
0.351541
0.325411
0.271727
0.226316
0.257868
0.275391
0.295776
0.350482
0.356643
0.316280
0.246486
0.228871
0.257058
0.253476
0.271496
0.356471
0.448783
0.530303
0.582813
0.548844
0.468146
0.369923
0.297044
0.221001
0.248225
0.310461
0.348494
0.345210
0.301979
0.301842
0.208340
0.251322
0.263368
0.170119
0.076539
0.048347
0.032767
0.040250
0.036610
0.037969
0.031706
0.072259
0.130118
0.204170
0.300016
0.420171
0.564737
0.718869
0.835046
0.838557
0.741031
0.612724
0.469117
0.341506
0.267261
0.365301
0.452999
0.484304
0.425296
0.337156
0.240946
0.160300
0.101265
0.072062
0.167429
0.278608
0.476226
0.840078
1.308089
1.510868
1.566307
1.566307
1.520790
1.377609
1.071534
1.222286
1.386955
1.309908
1.019889
0.720702
0.479417
0.284788
0.320844
0.438114
0.522709
0.530295
0.461091
0.328707
0.195102
0.095201
0.034397
0.046033
0.051065
0.037732
0.043361
0.138797
0.313938
0.581594
0.756534
0.824335
0.824335
0.751762
0.555596
0.444096
0.521720
0.610772
0.591504
0.485558
0.533871
0.604660
0.557872
0.437350
0.582672
0.769220
0.946474
1.072817
1.028277
0.877538
0.678427
0.498435
0.349711
0.390537
0.390252
0.202387
0.070742
0.009948
0.000000
0.000000
0.000000
0.000000
0.000000
0.000456
0.000384
0.000000
0.000000
0.000000
0.000000
0.000000
0.000000
0.000000
0.011928
0.068444
0.107308
0.123473
0.250938
0.404715
0.531697
0.528951
0.396490
0.243996
0.118642
0.039912
0.003797
0.000000
0.000000
0.000000
0.000000
0.000000
0.000000
0.000000
0.000000
0.000000
0.000000
0.000000
0.000000
0.000000
0.000000
0.000000
0.000000
0.000000
0.000000
0.000000
0.000000
0.000000
0.000000
0.000000
0.000000
0.000000
0.000000
0.000000
0.000000
0.000000
0.004148
0.054969
0.179005
0.412159
0.793145
0.973474
1.023427
1.033223
1.033223
1.033223
1.033223
1.023428
0.979218
0.822861
0.502064
0.263814
0.461715
0.715374
0.997737
1.167436
1.087239
0.877841
0.606460
0.557640
0.755737
0.866599
1.085188
1.201302
1.148667
0.956194
0.757549
0.835993
1.205960
1.668018
2.221938
2.820126
3.213178
3.333586
3.188552
2.703417
2.175495
1.768342
1.378029
1.047615
0.857738
0.687752
0.631610
0.695668
0.620117
0.413628
0.207757
0.128579
0.061904
0.023307
0.004789
0.002263
0.019011
0.079933
0.200534
0.247956
0.196265
0.075545
0.026482
0.023282
0.014431
0.004475
0.002125
0.002099
0.000117
0.000000
0.000000
0.001485
0.000570
0.003198
0.016538
0.040602
0.075465
0.122054
0.211029
0.410269
0.665280
0.910309
0.886037
0.635991
0.428050
0.525613
0.610558
0.730226
0.860964
0.991970
1.085214
1.103482
1.023038
0.892782
0.831555
0.974439
1.103070
1.263539
1.454122
1.644746
1.789821
1.833825
1.725549
1.567394
1.376376
1.192205
1.024772
0.873508
0.740227
0.819284
0.915786
0.958076
1.100799
1.288059
1.480710
1.629617
1.631903
1.560186
1.788676
1.889035
1.871734
1.736412
1.505681
1.425914
1.749096
2.117905
2.518687
2.937321
3.439467
3.951884
4.298234
4.314795
4.007681
3.483826
2.985572
2.585072
2.507034
2.581431
2.598858
2.839738
3.223091
3.450820
4.237116
5.160875
6.229074
7.430074
8.824952
10.900693
12.017463
10.881776
8.736915
7.308760
6.152970
5.354533
5.630202
5.642358
5.719767
6.099961
6.798688
7.051624
6.772286
6.104203
5.309429
4.540788
3.856047
3.251822
2.729241
2.263183
1.889522
1.933277
1.735451
1.415062
1.034579
0.701061
0.441735
0.289983
0.184515
0.106333
0.056987
0.085127
0.106973
0.127720
0.150193
0.174087
0.183609
0.151666
0.195890
0.273516
0.371542
0.480104
0.553627
0.564135
0.500832
0.391573
0.286243
0.198650
0.129040
0.078375
0.049572
0.033741
0.012454
0.001337
0.000000
0.000000
0.000505
0.001480
0.000715
0.000000
0.000000
0.000000
0.000000
0.000000
0.000000
0.011372
0.078336
0.225487
0.528661
0.770610
0.915887
1.074212
1.268831
1.066459
0.914705
0.828004
0.779384
0.752854
0.734610
0.677727
0.551410
0.435640
0.275219
0.166078
0.115417
0.075534
0.034310
0.000948
0.000512
0.000165
0.000000
0.000000
0.000000
0.000000
0.000000
0.000000
0.000000
0.000000
0.000000
0.000000
0.000000
0.000000
0.000000
0.000000
0.000000
0.000000
0.000013
0.000394
0.003578
0.008237
0.009509
0.004774
0.002726
0.000663
0.000000
0.000000
0.000000
0.003406
0.019456
0.048598
0.086979
0.141571
0.216245
0.300038
0.360135
0.372617
0.324813
0.247586
0.175585
0.114390
0.065297
0.029745
0.008019
0.000294
0.004992
0.037312
0.091397
0.181657
0.322041
0.517341
0.765756
1.037749
1.232214
1.252108
1.146038
1.134330
1.511674
2.031600
2.867009
3.622982
3.922574
3.997208
4.011276
4.015925
4.012966
3.944093
3.663077
2.975659
2.871606
2.615728
2.566600
2.454448
2.314424
2.664092
3.184671
3.153080
3.050198
2.845162
2.413639
1.954422
1.546170
1.204997
0.930880
0.745957
0.515361
0.440542
0.495680
0.570368
0.640221
0.735565
0.844558
0.964186
1.083586
1.197700
1.248981
1.227056
1.140134
1.048212
0.965277
0.863492
0.770629
0.681998
0.649370
0.637712
0.584882
0.552545
0.641812
0.760441
0.893361
1.042247
1.204444
1.375246
1.550379
1.729800
1.922563
2.138198
2.377236
2.628779
2.878392
3.085763
3.186776
3.102251
3.236536
3.207458
3.104374
3.262406
3.310856
3.256603
3.243178
3.463322
3.639364
3.788146
3.801130
3.683422
3.526937
3.397010
3.370353
3.285208
3.259893
3.455010
3.697757
3.966935
4.216815
4.432437
4.580326
4.517251
4.438245
4.618637
4.747867
4.696061
4.485894
4.318063
5.181640
6.187173
7.290700
8.315043
8.669899
8.251905
7.263888
6.155735
5.148404
5.002685
5.546537
6.160783
6.841929
7.560331
8.283010
8.930120
9.729413
10.662812
11.705232
12.863031
14.070129
15.146446
15.683209
15.426623
14.390019
13.256034
12.792012
12.606956
12.578853
12.214501
11.636162
11.294898
10.745090
11.381230
12.220021
13.805960
15.255876
15.912911
15.278851
13.868552
12.270565
11.577028
11.934319
11.785534
11.247046
10.657936
10.159051
9.548677
9.024577
8.446199
7.836510
7.248478
6.713751
6.252874
6.250412
6.596602
6.973359
7.203151
7.162771
6.905697
6.492661
6.060267
5.695888
5.951299
6.017269
5.830468
5.518480
5.275317
5.697996
6.149513
6.576734
6.851438
6.868303
6.649107
6.255167
5.836998
5.551304
5.238840
4.932582
4.653091
4.404865
4.158382
3.910066
3.639521
3.350352
3.096187
2.975770
2.812036
2.626363
2.450811
2.310123
2.284883
2.484624
2.687152
2.879157
3.091405
3.278619
3.472105
3.697116
3.920066
4.092649
4.183007
4.078056
3.885021
3.769524
3.952915
4.677974
5.317585
5.845233
6.151914
6.328685
6.320759
6.136682
5.810760
5.413414
5.121801
5.039640
5.022876
4.900605
4.674203
4.389331
4.126423
4.379225
4.695316
4.970792
5.182084
5.203686
5.057460
4.833237
4.559024
4.278371
4.010540
3.747770
3.479091
3.301583
3.157057
2.955184
2.736898
2.393365
2.169671
2.038304
2.168995
2.214967
1.927130
2.376426
2.827649
3.042224
3.133904
3.122252
2.978973
2.595466
1.831020
1.274136
0.976519
0.870405
0.753097
0.643897
0.557975
0.491856
0.408071
0.319703
0.238811
0.168941
0.115173
0.073155
0.040081
0.023567
0.040050
0.038674
0.024828
0.014548
0.004960
0.004216
0.006204
0.002618
0.003446
0.004208
0.001989
0.001755
0.003005
0.008878
0.025478
0.038299
0.035100
0.023657
0.034461
0.025158
0.011412
0.002972
0.000000
0.000000
0.000000
0.000000
0.000420
0.013361
0.040160
0.066168
0.102490
0.175091
0.268517
0.327814
0.292388
0.206886
0.192865
0.279360
0.380174
0.459840
0.638108
0.892161
1.210119
1.589949
2.034235
2.561847
3.156431
3.760759
4.285257
4.519694
4.256551
3.717752
3.088933
2.474680
1.933879
1.482131
1.102478
0.877977
0.805282
0.696780
0.618071
0.523096
0.355825
0.167123
0.035582
0.003058
0.000000
0.000000
0.000000
0.000000
0.000000
0.000000
0.000000
0.000000
0.000000
0.000000
0.000000
0.000000
0.000000
0.000000
0.000000
0.000000
0.000000
0.000000
0.000000
0.000000
0.000000
0.000000
0.000603
0.006275
0.008889
0.009732
0.009826
0.009603
0.009547
0.009732
0.008987
0.005387
0.000000
0.000000
0.000000
0.000000
0.000000
0.000000
0.000000
0.000000
0.000000
0.000000
0.000000
0.000000
0.000000
0.000000
0.000000
0.000000
0.000000
0.000000
0.000000
0.000000
0.000000
0.000000
0.002779
0.050212
0.162839
0.360785
0.677879
0.938259
1.049160
1.042035
0.913475
0.612386
0.342338
0.162052
0.051651
0.037375
0.102969
0.209371
0.343960
0.464239
0.522334
0.445920
0.368470
0.546432
0.770225
0.971252
1.003104
0.984377
1.414307
1.620686
1.406441
0.875191
0.527331
0.293728
0.134486
0.040798
0.002672
0.001737
0.007582
0.004531
0.000027
0.001034
0.013754
0.038083
0.048939
0.035752
0.041122
0.069938
0.070232
0.038728
0.007830
0.000000
0.000000
0.000000
0.008420
0.071784
0.203759
0.356433
0.427008
0.439360
0.697871
0.991579
1.253196
1.245426
0.975695
0.676037
0.421241
0.233386
0.106464
0.031483
0.001726
0.000000
0.000000
0.000000
0.000000
0.000000
0.013746
0.014126
0.000000
0.000000
0.000000
0.000000
0.000000
0.000000
0.000000
0.000000
0.000000
0.000000
0.001538
0.018626
0.044285
0.049527
0.052113
0.087842
0.107540
0.097156
0.059026
0.023541
0.047978
0.059202
0.043293
0.016253
0.006033
0.030340
0.082863
0.144083
0.248106
0.408673
0.621519
0.879700
1.169047
1.464549
1.659934
1.990281
2.517732
3.180520
3.907051
4.541646
5.017198
5.025693
4.546520
3.749813
2.984074
2.331395
1.787512
1.334096
0.962654
0.669548
0.443095
0.279350
0.388481
0.560542
0.711752
0.762219
0.652312
0.500829
0.393040
0.533386
0.710066
0.904041
1.045086
1.147021
1.406713
1.627590
1.724027
1.689353
1.555146
1.326502
1.076383
0.851730
0.664953
0.512949
0.390205
0.275837
0.306054
0.502898
0.764519
1.100205
1.514146
2.000462
2.541381
2.973158
2.985519
2.557631
2.024110
1.541179
1.134442
0.804775
0.541442
0.337468
0.184138
0.079338
0.022443
0.024847
0.033640
0.057267
0.148118
0.190247
0.132487
0.039211
0.001425
0.000000
0.000000
0.000000
0.000000
0.000000
0.000000
0.000000
0.000000
0.000000
0.000000
0.000000
0.000000
0.000000
0.000000
0.000000
0.000000
0.000000
0.000000
0.000000
0.000000
0.000000
0.000000
0.000000
0.000000
0.000000
0.000000
0.000000
0.000000
0.000000
0.000000
0.011773
0.012751
0.000000
0.000000
0.000000
0.000012
0.014875
0.044104
0.038605
0.006115
0.000000
0.000000
0.000000
0.000000
0.000000
0.000000
0.000000
0.000000
0.000000
0.000000
0.000000
0.000000
0.000000
0.000000
0.000000
0.000000
0.000000
0.000000
0.000000
0.000000
0.000000
0.000000
0.000000
0.000710
0.006812
0.036909
0.093685
0.171954
0.291751
0.430903
0.539009
0.556593
0.484955
0.347731
0.214437
0.112556
0.110880
0.271084
0.528868
0.709023
0.843704
1.213696
1.664297
2.167280
2.585084
3.064904
3.571393
3.562577
3.001804
2.350443
1.761684
1.278643
0.891831
0.588060
0.360117
0.217161
0.217947
0.293077
0.288391
0.206513
0.107923
0.102695
0.188439
0.302004
0.441134
0.588682
0.667118
0.661709
0.572975
0.495936
0.622189
0.769361
0.846330
0.741205
0.566990
0.563514
0.545498
0.464116
0.579313
0.737056
0.814560
1.020331
1.342595
1.547867
1.384589
1.125015
0.827461
0.857419
0.902289
0.793460
0.681626
0.891068
1.033413
1.034268
0.903261
0.680010
0.686619
1.023562
1.415278
1.739627
1.861015
1.738139
1.540057
1.365963
1.521480
1.857289
2.008147
2.050458
2.068408
2.064127
2.038458
1.931137
1.710892
1.675028
1.528347
1.174465
1.011956
0.773506
0.534212
0.337213
0.193279
0.152986
0.233853
0.382261
0.489099
0.427116
0.285721
0.160015
0.123349
0.098444
0.041238
0.000822
0.003854
0.010018
0.049775
0.098964
0.107856
0.193492
0.376508
0.655220
1.010450
1.292587
0.988238
0.632467
0.362651
0.187235
0.086430
0.026105
0.007939
0.002461
0.009463
0.027394
0.048017
0.057746
0.054042
0.039828
0.023303
0.017906
0.034034
0.046447
0.038245
0.019423
0.004788
0.001675
0.012829
0.035863
0.065691
0.085979
0.081803
0.057216
0.047345
0.042764
0.048760
0.059679
0.078772
0.085446
0.070747
0.047224
0.034875
0.018042
0.025716
0.057749
0.164644
0.338326
0.589386
0.926440
1.359253
2.020095
2.471772
2.637153
2.674824
2.672902
2.630747
2.464314
2.020229
1.369793
0.968826
0.718903
0.459290
0.261793
0.408390
0.614935
0.876653
1.187531
1.493036
1.672330
1.618124
1.329915
1.589208
1.896857
2.185894
2.330207
2.274177
2.580742
3.029669
3.512901
3.983577
4.435357
4.939815
5.562426
5.988862
5.971289
5.519777
4.842574
4.201490
3.618376
3.084238
2.636948
2.267046
1.920843
1.709278
1.892583
1.953373
1.828153
1.770379
1.805859
1.758528
2.107184
2.529564
2.988427
3.495553
3.940970
4.090464
3.921977
3.489536
3.009298
2.549806
2.137930
2.075049
2.584880
3.189078
3.852439
4.390426
4.475150
4.007178
3.426462
2.776845
2.182784
1.697683
1.316876
1.041891
0.815593
0.834785
1.059235
1.213148
1.213511
1.083510
0.870883
0.683129
0.547138
0.388879
0.260641
0.335519
0.342718
0.229665
0.266526
0.193636
0.186690
0.207569
0.258510
0.312204
0.358651
0.431154
0.511528
0.598015
0.683845
0.731681
0.733497
0.819313
0.883656
0.857585
0.786083
0.738581
0.676663
0.581825
0.493143
0.594384
0.723087
0.817301
0.818772
0.729896
0.628721
0.613858
0.559999
0.489688
0.425440
0.421877
0.512752
0.560555
0.584510
0.675793
0.706340
0.663049
0.579807
0.487463
0.409333
0.333180
0.346321
0.428772
0.506538
0.537328
0.632230
0.595147
0.450884
0.513658
0.753582
1.081955
1.505074
2.137221
2.924224
3.285354
3.391341
3.293628
2.935956
2.147728
2.045079
2.040601
2.096170
1.856778
1.586333
1.484371
1.581144
1.779590
1.994749
2.197156
2.386535
2.532183
2.619356
2.541556
2.372406
2.227461
2.510035
2.550892
2.354640
2.043618
2.099757
2.130321
2.194437
2.890522
3.801832
4.109300
3.747594
3.345943
3.721478
4.038436
4.321811
4.589860
4.727952
4.718595
4.521952
4.269070
3.974895
3.656357
3.344722
3.120483
3.288870
3.362096
3.544894
3.773265
3.944951
3.965564
3.838286
3.754036
4.048621
4.404498
4.776416
5.181337
5.622403
6.002727
6.105999
5.912586
5.539525
5.176474
5.414959
5.616554
5.729496
5.602427
5.666568
5.807065
6.203426
6.611456
7.057376
7.487360
7.644920
7.490820
7.072008
6.630649
6.209349
5.814445
5.768540
5.997096
6.021390
5.818572
5.573270
5.450390
5.207331
4.928474
4.619202
4.268909
4.255638
4.207953
4.058889
4.094437
3.996256
4.007957
4.331721
4.548524
4.619527
4.510323
4.262303
3.978244
3.662578
3.342158
3.050467
3.095636
3.512995
3.819244
3.950729
3.991028
3.986110
3.996822
3.976503
3.868985
3.722542
3.526683
3.293533
3.046969
2.798788
2.895827
3.476680
3.962534
4.218534
3.942702
3.537488
3.030349
3.230444
3.680278
4.086468
4.302082
4.733754
5.334795
5.898355
6.076201
5.718847
5.092469
4.448264
3.905018
3.678844
3.364524
3.039887
3.101227
3.111373
2.850523
2.501913
2.132517
1.924479
2.058724
2.194372
2.194468
2.075645
1.876668
1.867738
1.702922
1.487084
1.518371
1.511790
1.428231
1.309204
1.184221
1.054892
1.072500
1.139625
1.192906
1.215498
1.195291
1.118394
1.058983
1.115118
1.171483
1.283763
1.343041
1.313113
1.400371
1.513849
1.553986
1.494364
1.378511
1.513413
1.682809
1.869634
2.047420
2.232855
2.300912
2.232111
2.026599
1.875205
1.937270
1.862160
1.767744
1.626467
1.442479
1.262537
1.106300
0.987399
0.950741
0.901550
0.884324
0.829595
0.861944
0.985161
1.041941
0.992533
1.116696
1.200333
1.208519
1.090719
1.114359
1.066538
0.952198
0.788375
0.627242
0.539942
0.643264
0.732763
0.811413
0.909370
1.019908
1.124476
1.179397
1.406941
1.731752
1.970827
2.149783
2.227182
2.201646
2.041545
1.773159
1.694820
1.834782
1.915847
1.894238
1.759537
1.601854
1.457340
1.339667
1.479756
1.892271
2.360497
2.814596
3.132181
3.209029
3.577965
4.187295
4.991773
5.934164
6.845351
7.759140
8.412202
8.404383
7.698112
6.594315
5.519585
4.575748
3.759323
3.078338
2.664762
2.334053
2.152951
2.435336
2.499544
2.259091
1.975045
1.834450
2.192442
2.305039
2.109797
1.823956
1.756487
1.711366
1.640278
1.632027
1.762900
2.029797
2.294299
2.539806
2.781982
3.060269
3.372936
3.707852
4.078149
4.459877
4.805247
4.922246
4.775427
4.441793
4.085225
3.738353
3.371732
3.109900
3.316043
3.600318
3.771795
3.693192
3.424611
3.109740
2.906924
2.838825
2.663159
2.660669
2.711071
2.644775
2.622051
2.463335
2.476550
2.658781
2.934225
3.237561
3.564727
3.852118
4.056285
4.018835
3.780125
3.468132
3.164844
2.895197
3.141931
3.432601
3.673162
3.770127
3.750348
3.619971
3.393060
3.354490
3.306757
3.473944
3.604324
3.721976
4.029270
4.338079
4.670604
5.028153
5.387865
5.716809
6.065942
6.278822
6.410964
6.397157
6.193894
5.899686
5.779714
6.139617
6.383080
6.690037
7.071389
7.500751
7.829609
7.905366
7.678497
7.305471
6.937953
6.685878
6.893355
6.874285
6.603384
6.082197
5.444748
4.881742
4.536261
4.256565
3.996714
4.086523
4.040293
3.895449
3.619281
3.779229
3.783534
3.508435
3.141749
3.024364
3.214104
3.215522
2.969391
2.810711
2.949266
3.005753
3.236206
3.510064
3.922281
4.524614
5.259152
5.914663
6.490834
6.936747
7.096554
7.056421
6.980839
7.013896
7.247422
7.555122
8.054379
8.410045
8.520552
8.207328
7.745274
7.198954
6.683858
6.640521
6.692063
6.729222
6.882474
7.299909
7.924617
8.617248
9.338516
9.994765
10.243422
10.017042
9.304270
8.478407
7.676504
6.950907
6.348926
5.962225
5.943730
5.703397
5.634150
6.070662
6.515160
6.787490
6.837626
6.616202
6.213313
5.778450
5.315907
4.870528
4.449877
4.040238
3.806500
3.599606
3.264662
2.918704
3.055284
3.345969
3.681293
3.984378
4.239368
4.480635
4.636031
4.593616
4.359327
4.045192
3.848401
3.695203
3.314378
2.784265
2.027049
1.597089
1.661248
1.752663
1.714392
1.788238
1.841895
1.611932
1.030567
0.963439
0.975912
0.857970
0.850035
1.089698
1.261017
1.335096
1.217840
0.979198
0.900793
1.038822
1.250844
1.434652
1.249953
1.165841
1.074302
1.052366
1.066538
0.872491
0.389085
0.416904
0.436556
0.398130
0.306901
0.219598
0.159370
0.105720
0.115437
0.200979
0.292873
0.381828
0.425451
0.367124
0.426118
0.597528
0.787847
0.992992
1.121648
0.894942
0.420933
0.259330
0.461800
0.673439
0.871885
0.881411
1.040550
1.362756
1.750000
2.188539
2.613009
2.888775
2.929023
3.362949
4.010561
4.830661
5.778282
6.792518
7.812696
8.402369
7.118846
3.013673
1.931176
1.993174
2.047309
1.277655
0.393984
0.000000
0.000000
0.000000
0.000000
0.000000
0.000000
0.000000
0.000000
0.000000
