track	type=wiggle_0
fixedStep	chrom=chr	start=1	step=1
0.000000
0.000000
0.000000
0.000000
0.000000
0.000000
0.000000
0.000000
0.000000
0.175822
0.110855
0.040510
0.012505
0.016354
0.016312
0.050756
0.178952
0.309835
0.511405
0.774130
1.005297
1.105211
0.958410
0.720691
0.751603
0.956745
0.698127
0.398523
0.186164
0.073487
0.018879
0.007718
0.006493
0.007492
0.014807
0.013106
0.001512
0.000548
0.002690
0.022553
0.122342
0.312856
0.561918
0.780369
0.974633
1.146928
1.173156
1.062246
0.965504
1.050233
1.004958
0.854966
0.661805
0.614281
0.820947
1.093862
1.410216
1.717316
1.922433
1.820997
1.560838
1.288128
1.019997
0.771119
0.568139
0.425824
0.296710
0.218508
0.138769
0.178864
0.306842
0.422026
0.525042
0.607168
0.624730
0.614648
0.613443
0.706286
1.379921
2.044834
2.550847
2.957631
3.196359
3.300244
3.205501
3.038018
3.171265
3.175110
3.097606
3.440375
3.631014
3.721408
3.660609
3.632672
3.962771
4.159335
4.183252
4.038786
3.715962
3.367769
3.648200
3.984295
4.323689
4.650955
5.014730
5.367615
5.748651
6.031982
6.030746
5.741561
5.344339
4.932914
4.561244
4.192706
3.835596
3.782700
4.267947
4.773515
5.236382
5.636636
5.690306
5.329801
4.865670
4.322477
3.806326
3.341625
3.326555
3.438519
3.700559
3.941222
3.992635
4.062738
3.993085
4.278265
4.520002
4.670069
4.591348
4.368453
4.106401
3.809941
3.524500
3.258054
3.069586
2.965596
2.790259
2.638013
2.350319
2.124691
2.135793
2.099202
2.117103
2.251440
2.398639
2.427705
2.419976
2.357907
2.401697
2.510431
2.499205
2.522492
2.586805
2.586586
2.613492
2.530665
2.406419
2.201470
2.091968
1.863127
1.687334
1.711474
1.855102
1.892330
1.828018
1.688334
1.734490
1.914774
2.096128
2.245936
2.438878
2.667956
2.865488
2.898209
2.770559
2.564027
2.378268
2.201982
2.029149
1.875780
2.016566
2.028166
1.887351
1.705369
1.588797
1.763365
1.906865
1.920416
1.789258
1.643123
1.774564
1.855731
2.088844
2.348750
2.592915
2.692078
2.593670
2.350515
2.098325
1.865705
1.648441
1.481895
1.350932
1.230911
1.158373
1.139172
1.116153
1.004522
0.997783
1.142063
1.265454
1.368807
1.515001
1.623486
1.641010
1.533496
1.363327
1.208781
1.180183
1.230089
1.191660
1.068036
0.938830
0.872462
0.948981
0.978116
0.932173
0.820829
0.703697
0.605248
0.537422
0.471465
0.441673
0.487232
0.537940
0.543221
0.551525
0.566878
0.523286
0.444748
0.466681
0.512165
0.507998
0.452358
0.383627
0.477161
0.561048
0.614463
0.579776
0.497783
0.398552
0.320008
0.309377
0.417423
0.527197
0.557453
0.507307
0.393182
0.309946
0.215841
0.254318
0.267350
0.175140
0.109648
0.077647
0.046545
0.043836
0.040327
0.030022
0.037719
0.081692
0.143501
0.221159
0.320836
0.445302
0.594233
0.751795
0.870708
0.874336
0.774759
0.643943
0.496131
0.363923
0.287769
0.389681
0.480702
0.513474
0.452325
0.360464
0.260601
0.176080
0.114088
0.075829
0.173806
0.287232
0.487660
0.853931
1.326148
1.531078
1.587070
1.587070
1.541141
1.396553
1.088701
1.245813
1.412302
1.335045
1.041655
0.736947
0.492397
0.294900
0.334394
0.454234
0.540467
0.549681
0.479578
0.342820
0.205088
0.102392
0.038627
0.053276
0.059356
0.044996
0.042963
0.141983
0.317159
0.587423
0.765343
0.834506
0.834506
0.760544
0.561294
0.421130
0.542629
0.635535
0.620073
0.512773
0.381795
0.266641
0.287151
0.419561
0.584387
0.774579
0.970481
1.096940
1.054800
0.899334
0.698184
0.515255
0.363086
0.386994
0.414216
0.237370
0.082299
0.013912
0.000000
0.000000
0.000000
0.000000
0.000000
0.000000
0.000000
0.000000
0.000000
0.000000
0.000000
0.000000
0.000000
0.010649
0.035920
0.073522
0.117021
0.126043
0.125663
0.124012
0.121659
0.113264
0.085343
0.036117
0.000448
0.000000
0.000000
0.000000
0.000000
0.000000
0.000000
0.000000
0.000000
0.000000
0.000000
0.000000
0.000000
0.000000
0.000000
0.000000
0.000000
0.000000
0.000000
0.000000
0.000000
0.000000
0.000000
0.000000
0.000000
0.000000
0.000000
0.000000
0.000000
0.000000
0.000000
0.000000
0.004968
0.057855
0.184578
0.422090
0.808773
0.992171
1.042983
1.052959
1.052959
1.052959
1.052959
1.042983
0.997970
0.838778
0.512178
0.272971
0.474604
0.731395
1.016966
1.187242
1.105680
0.895078
0.621077
0.577972
0.780504
0.894662
1.116142
1.234986
1.181172
0.982560
0.780119
0.856894
1.232304
1.700876
2.259884
2.857466
3.249058
3.377856
3.230902
2.743196
2.213097
1.801283
1.407120
1.075159
0.882200
0.712018
0.640713
0.705935
0.629309
0.419977
0.212504
0.133824
0.065571
0.025320
0.005610
0.002741
0.023314
0.082509
0.205348
0.253169
0.200919
0.077794
0.013614
0.000099
0.000000
0.000770
0.002175
0.002152
0.000132
0.000000
0.000000
0.002277
0.001098
0.006171
0.022821
0.050264
0.089097
0.139019
0.219152
0.420930
0.677022
0.922251
0.897385
0.646971
0.462844
0.563533
0.652372
0.776211
0.912270
1.046922
1.144500
1.163588
1.078966
0.945471
0.882033
1.031579
1.162338
1.326108
1.516078
1.710724
1.864238
1.909119
1.798656
1.634042
1.441325
1.255262
1.083343
0.925701
0.785176
0.858594
0.958703
1.004655
1.151978
1.345913
1.539503
1.688807
1.691133
1.616579
1.850283
1.953432
1.935804
1.797053
1.561087
1.470476
1.799604
2.174266
2.580999
3.004472
3.512704
4.031126
4.381796
4.398887
4.088220
3.558818
3.055169
2.647766
2.573632
2.649846
2.665057
2.919272
3.308644
3.539072
4.305212
5.238479
6.317573
7.528693
8.926141
11.000856
12.127536
10.981750
8.836924
7.405417
6.239736
5.432796
5.710700
5.726928
5.811127
6.209861
6.917590
7.176325
6.893370
6.215197
5.411388
4.632749
3.935722
3.323293
2.794630
2.321353
1.915609
1.958972
1.759942
1.438178
1.054622
0.717147
0.454321
0.308915
0.199766
0.117237
0.065897
0.096189
0.119606
0.141493
0.165491
0.190534
0.200333
0.166332
0.213522
0.294548
0.396386
0.509934
0.584825
0.595769
0.531648
0.417331
0.307708
0.216022
0.207991
0.163665
0.144889
0.125171
0.150231
0.147007
0.113645
0.110237
0.145218
0.156588
0.145250
0.123761
0.100644
0.081327
0.057192
0.052137
0.041761
0.025875
0.080502
0.230004
0.537974
0.783774
0.929588
1.090648
1.284317
1.078950
0.926449
0.839453
0.790121
0.765297
0.745014
0.687833
0.557833
0.441326
0.279540
0.168498
0.117607
0.076666
0.041670
0.055423
0.080104
0.097713
0.096761
0.075571
0.048939
0.029800
0.016016
0.004817
0.000119
0.000000
0.000000
0.000000
0.000000
0.000000
0.000000
0.000000
0.000000
0.000000
0.000000
0.000144
0.002990
0.009472
0.012646
0.007502
0.012381
0.035985
0.067767
0.106238
0.159451
0.230191
0.319896
0.424607
0.539143
0.674430
0.835599
1.000415
1.114238
1.138486
1.048376
0.899176
0.748446
0.608233
0.480612
0.367582
0.270342
0.196768
0.152809
0.152150
0.122736
0.201616
0.345293
0.547094
0.805360
1.083272
1.286268
1.307138
1.195017
1.174998
1.557794
2.082313
2.928754
3.696730
4.001472
4.077466
4.091787
4.096484
4.093496
4.023485
3.737695
3.043712
2.948055
2.686594
2.638049
2.521345
2.376996
2.728773
3.252901
3.221426
3.157758
2.946119
2.506667
2.036291
1.618276
1.267536
0.983646
0.817959
0.912852
0.988520
1.069359
1.179427
1.282818
1.420004
1.575319
1.739005
1.898794
2.052226
2.120065
2.090909
1.973025
1.840160
1.713015
1.566464
1.431406
1.313494
1.280984
1.254287
1.176095
1.099582
1.111417
1.038288
1.181759
1.351174
1.534379
1.710283
1.851892
1.934822
2.091399
2.308232
2.556181
2.817683
3.073521
3.293102
3.398727
3.315374
3.454277
3.424699
3.304667
3.469642
3.519290
3.458217
3.448966
3.669356
3.847938
3.988860
3.967947
3.794801
3.608227
3.455013
3.423061
3.337405
3.322001
3.518119
3.763125
4.032873
4.286080
4.508274
4.658821
4.594042
4.508392
4.692179
4.820173
4.767572
4.554543
4.354313
5.222185
6.231303
7.341986
8.370191
8.725922
8.305387
7.312320
6.201652
5.189534
5.063886
5.615044
6.235811
6.918939
7.651015
8.374166
9.020761
9.827809
10.756631
11.813453
12.976853
14.198277
15.274696
15.810492
15.543737
14.500207
13.358755
12.898775
12.709202
12.688986
12.318475
11.731237
11.382351
10.823692
11.466071
12.304180
13.897799
15.356867
16.014160
15.379190
13.977401
12.372145
11.700426
12.063447
11.913494
11.365258
10.774071
10.268290
9.660095
9.129481
8.539609
7.927767
7.336510
6.797903
6.334380
6.328861
6.685764
7.067213
7.294169
7.252302
6.990279
6.572373
6.135915
5.771150
6.034256
6.095912
5.906927
5.591320
5.355657
5.778476
6.232392
6.663536
6.941653
6.960512
6.740095
6.341953
5.916406
5.619905
5.297772
4.996427
4.723361
4.470945
4.215828
3.968629
3.695343
3.402530
3.146232
3.023478
2.857162
2.669992
2.494057
2.351469
2.323867
2.526238
2.731338
2.927033
3.141244
3.326930
3.524956
3.752168
3.973459
4.148895
4.240912
4.131554
3.938681
3.826849
4.011466
4.726950
5.387505
5.919399
6.234123
6.416828
6.414353
6.231642
5.893835
5.490108
5.198177
5.120104
5.098697
4.971816
4.747876
4.459613
4.193430
4.446821
4.765272
5.045449
5.257094
5.281028
5.133698
4.905977
4.624010
4.341786
4.072903
3.806808
3.536624
3.354583
3.210857
3.006486
2.778085
2.429420
2.209886
2.075148
2.182146
2.224700
1.936921
2.386238
2.840772
3.060343
3.155426
3.141280
2.999230
2.610873
1.841157
1.281400
0.995232
0.886276
0.767436
0.657040
0.569460
0.501312
0.418043
0.328636
0.246112
0.175619
0.121030
0.077698
0.043541
0.025283
0.042335
0.040884
0.026529
0.016048
0.005260
0.003438
0.004090
0.000918
0.001426
0.001867
0.000493
0.000378
0.001087
0.005416
0.019091
0.030150
0.027287
0.017133
0.026592
0.018375
0.006887
0.000894
0.000000
0.000000
0.000000
0.000000
0.000028
0.010161
0.034778
0.058723
0.093310
0.163264
0.253457
0.311845
0.276835
0.194046
0.178410
0.261736
0.358550
0.436093
0.612506
0.861902
1.175832
1.552286
1.995040
2.520597
3.113209
3.710460
4.231541
4.465486
4.201427
3.668174
3.038824
2.431952
1.897294
1.448276
1.074124
0.863182
0.790675
0.682693
0.606890
0.514320
0.349497
0.162933
0.032602
0.001342
0.000000
0.000000
0.000000
0.000000
0.000000
0.000000
0.000000
0.000000
0.000000
0.000000
0.000000
0.000000
0.000000
0.000000
0.000000
0.000000
0.000000
0.000000
0.000000
0.000000
0.000000
0.000000
0.000361
0.005379
0.007865
0.008641
0.008588
0.008519
0.008352
0.008407
0.007894
0.004597
0.000000
0.000000
0.000000
0.000000
0.000000
0.000000
0.000000
0.000000
0.000000
0.000000
0.000000
0.000000
0.000000
0.000000
0.000000
0.000000
0.000000
0.000000
0.000000
0.000000
0.000000
0.000000
0.001890
0.046340
0.156926
0.352850
0.664024
0.920354
1.029592
1.022481
0.896415
0.599882
0.333469
0.155553
0.047703
0.031110
0.092069
0.193747
0.324557
0.442595
0.497502
0.422787
0.352118
0.526905
0.748172
0.947337
0.978988
0.965149
1.391751
1.596114
1.384855
0.858765
0.513066
0.282760
0.127140
0.036475
0.001644
0.000335
0.003871
0.001779
0.000000
0.000072
0.008873
0.029481
0.039239
0.027665
0.033279
0.059638
0.059841
0.030996
0.004504
0.000000
0.000000
0.000000
0.007163
0.067746
0.196997
0.347437
0.417147
0.421938
0.677848
0.969667
1.227537
1.219847
0.951700
0.657445
0.406040
0.220657
0.097031
0.026379
0.000656
0.000000
0.000000
0.000000
0.000000
0.000000
0.012943
0.013143
0.000000
0.000000
0.000000
0.000000
0.000000
0.000000
0.000000
0.000000
0.000000
0.000000
0.000170
0.012302
0.034198
0.039100
0.040881
0.073428
0.092000
0.082325
0.047551
0.017074
0.038584
0.049157
0.034912
0.011195
0.003313
0.023809
0.071840
0.129591
0.230842
0.386097
0.593153
0.847765
1.134161
1.422868
1.617453
1.948192
2.467306
3.127117
3.846794
4.479615
4.951533
4.964537
4.491726
3.702436
2.943660
2.293196
1.752755
1.301123
0.935570
0.645465
0.421959
0.261981
0.364482
0.532240
0.681122
0.731913
0.625271
0.476338
0.366438
0.502094
0.675167
0.865626
1.002781
1.101546
1.354965
1.573154
1.669178
1.635087
1.502546
1.276559
1.030167
0.810707
0.627613
0.479235
0.360295
0.250370
0.291623
0.485209
0.743130
1.076830
1.487914
1.970542
2.510693
2.942423
2.954798
2.526932
1.994498
1.513311
1.110223
0.783339
0.522011
0.320542
0.172327
0.071448
0.021236
0.023599
0.032149
0.054259
0.143618
0.185140
0.128656
0.037276
0.000602
0.000000
0.000000
0.000000
0.000000
0.000000
0.000000
0.000000
0.000000
0.000000
0.000000
0.000000
0.000000
0.000000
0.000000
0.000000
0.000000
0.000000
0.000000
0.000000
0.000000
0.000000
0.000000
0.000000
0.000000
0.000000
0.000000
0.000000
0.000000
0.000000
0.000000
0.012263
0.013103
0.000000
0.000000
0.000000
0.000021
0.015487
0.045657
0.039644
0.006303
0.000000
0.000000
0.000000
0.000000
0.000000
0.000000
0.000000
0.000000
0.000000
0.000000
0.000000
0.000000
0.000000
0.000000
0.000000
0.000000
0.000000
0.000000
0.000000
0.000000
0.000000
0.000000
0.000000
0.000564
0.006215
0.036044
0.092830
0.171470
0.291414
0.430486
0.538925
0.556572
0.484714
0.347262
0.213448
0.111138
0.112366
0.272618
0.532532
0.715772
0.845535
1.217480
1.668672
2.173057
2.592955
3.072199
3.578771
3.570260
3.013514
2.363590
1.771765
1.285994
0.896780
0.589280
0.360636
0.218061
0.217206
0.292786
0.288260
0.206137
0.106869
0.101977
0.187614
0.300637
0.440073
0.587972
0.666335
0.660016
0.569268
0.491203
0.617607
0.766152
0.844809
0.740572
0.566229
0.561063
0.540548
0.459186
0.576423
0.735615
0.813781
1.021631
1.345605
1.554166
1.392795
1.135613
0.835315
0.860970
0.908068
0.801004
0.681019
0.892241
1.034728
1.036276
0.903751
0.680119
0.686748
1.023912
1.416598
1.740538
1.862746
1.739125
1.541182
1.367760
1.522823
1.858633
2.008834
2.050853
2.068566
2.064524
2.039230
1.932732
1.712466
1.676840
1.529961
1.176792
1.013158
0.775618
0.546910
0.377241
0.456666
0.609428
0.696357
0.754456
0.669912
0.523771
0.368489
0.247834
0.167320
0.110643
0.052518
0.014703
0.004728
0.010021
0.049823
0.098963
0.107850
0.193631
0.377248
0.656765
1.012566
1.298062
0.994555
0.636814
0.370409
0.200811
0.106992
0.039435
0.007653
0.007272
0.024176
0.051398
0.079455
0.092667
0.087984
0.069975
0.046832
0.041785
0.073498
0.101510
0.106542
0.089425
0.073850
0.110530
0.169973
0.248324
0.331448
0.388796
0.392330
0.330765
0.253880
0.194673
0.165680
0.115940
0.155452
0.200445
0.239297
0.238834
0.206004
0.187913
0.147481
0.116389
0.165557
0.340871
0.592266
0.931936
1.367536
2.031888
2.485770
2.648976
2.682103
2.679821
2.639569
2.473116
2.027170
1.376700
0.975676
0.724592
0.462201
0.263430
0.408284
0.615585
0.877262
1.189552
1.497669
1.676439
1.622125
1.334688
1.592326
1.904379
2.195778
2.335819
2.280320
2.589622
3.040704
3.524365
3.996866
4.455600
4.960917
5.593740
6.019490
6.001075
5.546962
4.868123
4.222915
3.633914
3.096737
2.644016
2.274538
1.926207
1.712789
1.896877
1.958363
1.833997
1.774605
1.811887
1.765990
2.118351
2.540300
3.000367
3.514745
3.961143
4.109242
3.944084
3.509660
3.024224
2.560641
2.143128
2.084768
2.594900
3.202875
3.868107
4.411225
4.493426
4.025061
3.440377
2.785211
2.189142
1.701648
1.318810
1.043406
0.817117
0.834893
1.062267
1.216205
1.217404
1.085871
0.940781
0.919864
0.762951
0.574460
0.411736
0.337244
0.344205
0.373403
0.431269
0.342316
0.226769
0.294857
0.375703
0.465655
0.559962
0.635308
0.640909
0.562940
0.550581
0.634097
0.733138
0.831056
0.898291
0.872524
0.851351
0.883903
0.894722
0.818908
0.729485
0.780689
0.910331
1.013765
1.027638
0.948934
0.877756
0.877318
0.936321
0.891965
0.781780
0.663958
0.689646
0.761596
0.759004
0.759003
0.773749
0.722318
0.778831
0.807807
0.745221
0.637716
0.563319
0.668772
0.707674
0.688383
0.697558
0.668693
0.576857
0.513781
0.753624
1.082044
1.505441
2.137371
2.924275
3.285462
3.391931
3.295089
2.938040
2.150231
1.488197
1.414413
1.370211
1.469958
1.532900
1.456699
1.298257
1.150398
1.276627
1.417333
1.486657
1.598496
1.651516
1.589256
1.903358
2.235703
2.518521
2.556533
2.360998
2.048002
1.932351
1.807232
2.193107
2.890599
3.804191
4.116566
3.760148
2.665846
2.536742
2.794392
3.026252
3.244002
3.361770
3.372762
3.219699
3.027293
2.782640
2.638736
2.723090
2.693165
2.846760
3.032667
3.128277
3.092289
3.008244
3.097095
3.393122
3.724039
4.063428
4.417153
4.792372
5.206244
5.655011
6.040072
6.143013
5.946556
5.567307
5.207739
5.443097
5.663462
5.802622
5.701063
5.751232
5.912968
6.310276
6.699783
7.124926
7.541157
7.692150
7.530028
7.103521
6.660757
6.232877
5.837931
5.783106
6.010689
6.037562
5.840935
5.594941
5.472633
5.227007
4.947450
4.637125
4.286735
4.265743
4.218394
4.069704
4.103251
4.005653
4.018142
4.348129
4.567825
4.637997
4.525211
4.274837
3.987501
3.669523
3.348875
3.058542
3.095931
3.513044
3.819044
3.954977
3.988568
3.983652
4.001281
3.983944
3.878325
3.726092
3.530105
3.294155
3.047935
2.798952
2.902727
3.481000
3.967539
4.225864
3.949143
3.543280
3.034737
3.241480
3.690427
4.098691
4.313972
4.747982
5.357722
5.924433
6.101995
5.740347
5.110979
4.458084
3.916103
3.690014
3.374832
3.047570
3.118622
3.124385
2.860414
2.508645
2.139529
1.919664
2.055132
2.192180
2.192963
2.072523
1.884683
1.875684
1.709332
1.489028
1.514467
1.507741
1.423363
1.305335
1.178970
1.048469
1.067168
1.133462
1.185723
1.210663
1.188033
1.110895
1.052987
1.109970
1.166022
1.278657
1.337163
1.307858
1.395625
1.511827
1.554171
1.494486
1.377695
1.512203
1.682395
1.871931
2.055877
2.253874
2.330101
2.258996
2.046136
1.896207
1.951834
1.868706
1.771707
1.626788
1.441955
1.260998
1.105345
0.986112
0.949477
0.899330
0.882256
0.826709
0.861310
0.984745
1.041778
0.992203
1.116547
1.202487
1.212393
1.092277
1.114875
1.066673
0.951928
0.787558
0.625828
0.535865
0.639787
0.729259
0.807122
0.904086
1.015385
1.121565
1.176391
1.402896
1.727899
1.966257
2.146293
2.224790
2.201661
2.040773
1.770948
1.690383
1.831480
1.913470
1.892658
1.756793
1.599163
1.451797
1.337543
1.485993
1.898793
2.366327
2.819297
3.142458
3.222653
3.587679
4.195728
5.000881
5.948462
6.863055
7.771625
8.423980
8.412779
7.705141
6.603017
5.527682
4.583438
3.764331
3.082507
2.668205
2.338284
2.157850
2.443672
2.507477
2.266013
1.981472
1.839394
2.203306
2.315883
2.121911
1.835063
1.754289
1.707640
1.635677
1.625916
1.765306
2.033216
2.299418
2.547079
2.790175
3.075004
3.387504
3.724142
4.089241
4.472051
4.825867
4.943090
4.793867
4.466865
4.113291
3.760577
3.380409
3.121457
3.328530
3.612378
3.785373
3.704394
3.434985
3.118157
2.913310
2.850975
2.686312
2.698109
2.748764
2.678439
2.654323
2.488714
2.486662
2.664031
2.939650
3.248080
3.573684
3.864421
4.069143
4.031369
3.793032
3.479471
3.171946
2.902068
3.150176
3.438888
3.683385
3.783430
3.760362
3.629359
3.401399
3.363160
3.316424
3.479786
3.613647
3.731345
4.039232
4.353381
4.684808
5.048946
5.411007
5.733111
6.081941
6.297667
6.427760
6.415780
6.206877
5.913214
5.796341
6.165586
6.413342
6.723344
7.108604
7.537959
7.869364
7.945446
7.713685
7.328424
6.962987
6.706174
6.917104
6.897099
6.623257
6.096478
5.456590
4.891142
4.544075
4.264758
4.004412
4.099615
4.055060
3.907435
3.632072
3.792265
3.795159
3.521488
3.150430
3.035402
3.224902
3.225407
2.977749
2.811611
2.950510
3.009847
3.244447
3.524537
3.939468
4.546115
5.288324
5.942485
6.528808
6.978817
7.140966
7.100772
7.024257
7.054177
7.288440
7.595062
8.095699
8.456557
8.569670
8.254183
7.791802
7.236375
6.719647
6.678862
6.728940
6.758679
6.921467
7.340806
7.967376
8.669170
9.395449
10.053969
10.304884
10.081606
9.365877
8.533464
7.723766
6.995963
6.391859
6.012414
6.010962
5.782351
5.711932
6.159050
6.605436
6.864929
6.887477
6.652612
6.241323
5.804760
5.340284
4.891298
4.463132
4.048200
3.650328
3.279991
2.942366
2.636830
2.632233
2.859817
3.075635
3.242414
3.411552
3.592008
3.623059
3.484662
3.203892
2.952624
3.124278
3.208612
3.064241
2.659310
2.055805
1.794334
1.699172
1.773031
1.733710
1.802603
1.849647
1.613604
1.029312
0.962310
0.974111
0.855447
0.849778
1.089793
1.261454
1.336420
1.220586
0.979820
0.900152
1.038822
1.250939
1.434737
1.250130
1.169474
1.075801
1.052790
1.066673
0.872151
0.451599
0.480894
0.436003
0.330356
0.224588
0.140672
0.078496
0.017084
0.008028
0.028429
0.043204
0.099116
0.178079
0.284447
0.425109
0.597161
0.787687
0.993151
1.122442
0.895673
0.420724
0.241659
0.263532
0.379285
0.553924
0.775432
1.042779
1.367236
1.754604
2.194190
2.621037
2.900738
2.942579
3.372788
4.019670
4.842194
5.795957
6.812979
7.826805
8.411291
7.130189
3.015917
1.932025
1.993459
2.375680
2.532762
0.395960
0.184131
0.000000
0.000000
0.000000
0.000000
0.000000
0.000000
0.000000
0.000000
