track	type=wiggle_0
fixedStep	chrom=chr	start=1	step=1
0.000000
0.000000
0.000000
0.000000
0.000000
0.000000
0.000000
0.000000
0.000000
0.172341
0.108036
0.038809
0.011635
0.015028
0.014568
0.047063
0.171941
0.298664
0.494275
0.752500
0.982076
1.080333
0.935982
0.700414
0.735813
0.938584
0.683187
0.387065
0.178794
0.069075
0.016434
0.006108
0.005027
0.005913
0.012309
0.010747
0.000712
0.000065
0.001295
0.017943
0.110318
0.292695
0.525745
0.733421
0.921493
1.086866
1.111496
1.004268
0.915467
0.999729
0.955883
0.809544
0.619457
0.578630
0.783420
1.047771
1.353495
1.652080
1.850754
1.751964
1.499701
1.236525
0.976808
0.733251
0.534112
0.395925
0.271194
0.201247
0.125338
0.154932
0.270529
0.378099
0.475891
0.554123
0.570835
0.560717
0.559032
0.663469
1.303895
1.941079
2.425260
2.819355
3.053094
3.154562
3.061924
2.900733
3.030790
3.035244
2.958959
3.312310
3.545712
4.037902
4.429653
4.710348
4.759327
4.608907
4.455425
4.635899
4.687659
4.647930
4.711382
4.877056
5.032028
5.367141
5.744790
6.068117
6.256798
6.272307
6.127951
5.784867
5.380424
4.975582
4.590596
4.229801
3.917096
3.650468
4.129410
4.628164
5.084051
5.475639
5.528219
5.185115
4.726367
4.187772
4.139484
4.408151
4.610923
4.636575
4.443727
4.185077
3.892720
3.754122
3.964795
4.170382
4.358521
4.481760
4.391656
4.163668
4.036824
3.905513
3.715388
3.571671
3.434245
3.054856
2.810479
2.592794
2.418967
2.320116
2.442270
2.477883
2.385253
2.221437
2.131567
2.052616
2.039876
1.976712
1.837976
1.820200
1.800730
2.017068
2.249423
2.444704
2.527637
2.449374
2.259024
2.020508
1.779989
1.556928
1.350661
1.164346
1.269411
1.298939
1.246709
1.140986
1.159064
1.299586
1.446802
1.576040
1.736779
1.928838
2.087724
2.116070
2.105590
2.013283
1.769938
1.537535
1.393006
1.241317
1.350071
1.359199
1.249726
1.102281
0.995742
1.129797
1.243952
1.254801
1.151448
1.078399
1.205172
1.271929
1.369682
1.577697
1.769878
1.847386
1.770504
1.579087
1.377146
1.192492
1.099348
1.428413
1.058757
0.785831
0.730222
0.738409
0.780625
0.704559
0.598478
0.670434
0.763942
0.843611
0.953822
1.035736
1.049421
0.968092
0.839450
0.721263
0.703973
0.742407
0.712810
0.621038
0.524483
0.480059
0.540804
0.561372
0.532359
0.451742
0.368767
0.333652
0.308190
0.254725
0.210610
0.241584
0.258673
0.280858
0.334171
0.340378
0.301310
0.232526
0.212455
0.240042
0.236660
0.258504
0.343238
0.434561
0.515206
0.567383
0.533910
0.454024
0.356529
0.285171
0.210778
0.233681
0.295308
0.333675
0.329414
0.297721
0.298277
0.206434
0.246339
0.259151
0.167770
0.074537
0.045531
0.031496
0.039195
0.035500
0.017767
0.027976
0.066770
0.122883
0.195443
0.290689
0.410163
0.554273
0.707229
0.822682
0.826168
0.729251
0.601982
0.458616
0.331592
0.256986
0.353539
0.440554
0.471987
0.413631
0.325882
0.231278
0.152340
0.094912
0.069645
0.163784
0.276417
0.474712
0.837399
1.303808
1.506534
1.561974
1.561974
1.516443
1.373138
1.068419
1.211235
1.378095
1.301991
1.011596
0.713365
0.471086
0.277152
0.312051
0.428545
0.512575
0.521436
0.453673
0.320986
0.188323
0.090678
0.031735
0.040360
0.045616
0.033140
0.039550
0.136174
0.308282
0.574218
0.748558
0.816510
0.816510
0.743859
0.548570
0.385165
0.500726
0.590697
0.575643
0.472107
0.346673
0.238136
0.261856
0.387443
0.546114
0.732331
0.921696
1.044745
1.004129
0.853637
0.656296
0.478664
0.334097
0.378298
0.404870
0.230505
0.077953
0.011987
0.000000
0.000000
0.000000
0.000000
0.000000
0.000000
0.000000
0.000000
0.000000
0.000000
0.000000
0.000000
0.000000
0.009082
0.033337
0.069868
0.112137
0.120951
0.120598
0.119000
0.116705
0.108539
0.081395
0.033905
0.000299
0.000000
0.000000
0.000000
0.000000
0.000000
0.000000
0.000000
0.000000
0.000000
0.000000
0.000000
0.000000
0.000000
0.000000
0.000000
0.000000
0.000000
0.000000
0.000000
0.000000
0.000000
0.000000
0.000000
0.000000
0.000000
0.000000
0.000000
0.000000
0.000000
0.000000
0.000000
0.003840
0.053885
0.177324
0.410392
0.791692
0.972535
1.022688
1.032536
1.032536
1.032536
1.032536
1.022688
0.978276
0.821304
0.500209
0.257399
0.453170
0.704376
0.983571
1.154003
1.073797
0.864079
0.594741
0.548829
0.745103
0.855103
1.069796
1.184739
1.132134
0.939144
0.742334
0.826061
1.195402
1.659734
2.212647
2.805208
3.200307
3.313166
3.168634
2.688087
2.160195
1.755313
1.368843
1.039910
0.848743
0.681039
0.627246
0.691793
0.616211
0.410258
0.206377
0.127640
0.061134
0.022655
0.004273
0.002068
0.016846
0.078425
0.198214
0.245542
0.194054
0.074216
0.012469
0.000052
0.000000
0.000647
0.001962
0.001938
0.000084
0.000000
0.000000
0.001066
0.000316
0.001690
0.012839
0.034984
0.068131
0.112748
0.208944
0.407234
0.661498
0.905523
0.881336
0.632201
0.410746
0.505469
0.589518
0.706792
0.835093
0.963380
1.058724
1.076703
0.994407
0.866807
0.809535
0.952592
1.079143
1.235854
1.418878
1.604780
1.753573
1.797371
1.690863
1.531920
1.346579
1.167430
1.001535
0.849874
0.714523
0.798645
0.894632
0.938049
1.079773
1.265461
1.456473
1.604182
1.606451
1.539904
1.768361
1.868945
1.851766
1.716602
1.486202
1.406799
1.728974
2.094220
2.494248
2.914032
3.413304
3.920431
4.264261
4.280884
3.976853
3.458830
2.961082
2.564764
2.482437
2.556369
2.570270
2.815228
3.193791
3.419734
4.210063
5.136137
6.212994
7.420163
8.810650
10.872815
11.989559
10.854009
8.722762
7.298710
6.136812
5.331297
5.608628
5.622180
5.703560
6.076349
6.774198
7.028025
6.748934
6.081388
5.292823
4.521539
3.830946
3.224527
2.706302
2.243016
1.881647
1.926092
1.726635
1.408579
1.027688
0.695465
0.435035
0.281682
0.178259
0.101007
0.052125
0.079240
0.100397
0.120934
0.142827
0.165554
0.174912
0.143771
0.186705
0.262711
0.358811
0.465951
0.538530
0.549046
0.486462
0.378778
0.275322
0.189278
0.175519
0.136057
0.119291
0.102781
0.125107
0.122439
0.092809
0.080707
0.110832
0.121540
0.111422
0.092534
0.072933
0.056996
0.037347
0.033646
0.025677
0.013508
0.076251
0.222476
0.525204
0.767311
0.911121
1.070630
1.262586
1.059013
0.908112
0.822125
0.775040
0.749120
0.728951
0.672896
0.546135
0.430400
0.269842
0.163932
0.113218
0.073348
0.032608
0.038213
0.059097
0.074465
0.073595
0.055390
0.032919
0.017606
0.007441
0.000789
0.000000
0.000000
0.000000
0.000000
0.000000
0.000000
0.000000
0.000000
0.000000
0.000000
0.000000
0.000000
0.000183
0.002882
0.004492
0.001820
0.006520
0.024967
0.052504
0.086649
0.135125
0.201505
0.286023
0.385017
0.493474
0.622764
0.778963
0.938463
1.048934
1.070057
0.982182
0.838411
0.694342
0.559640
0.436818
0.329708
0.237439
0.169426
0.129174
0.128333
0.100734
0.186262
0.325721
0.523813
0.775934
1.049444
1.247000
1.267304
1.158885
1.145231
1.522338
2.046441
2.884377
3.635377
3.934914
4.014386
4.029238
4.035020
4.032704
3.964275
3.681745
2.992697
2.893064
2.637570
2.590096
2.474492
2.330973
2.685159
3.207825
3.175240
3.075916
2.872956
2.438355
1.976602
1.564194
1.222430
0.944281
0.751109
0.825758
0.895415
0.972184
1.078020
1.177517
1.309212
1.456528
1.615620
1.769944
1.916888
1.979746
1.951070
1.837553
1.708998
1.587580
1.446950
1.317686
1.204518
1.171086
1.145717
1.074211
1.009024
1.020235
0.952244
1.090245
1.251575
1.426126
1.595127
1.733532
1.813807
1.969204
2.179244
2.420811
2.671452
2.924235
3.136704
3.234415
3.151919
3.288125
3.259160
3.152094
3.311324
3.361827
3.302867
3.294502
3.512252
3.690171
3.841165
3.857910
3.739142
3.588703
3.449165
3.422362
3.337405
3.322001
3.518119
3.763125
4.032873
4.286080
4.508274
4.658821
4.594042
4.508392
4.692179
4.820173
4.767572
4.554543
4.354313
5.222185
6.231303
7.341986
8.370191
8.725922
8.305387
7.312320
6.201652
5.189534
5.063886
5.615044
6.235811
6.918939
7.651015
8.374166
9.020761
9.827809
10.756631
11.813453
12.976853
14.198277
15.274696
15.810492
15.543737
14.500207
13.358755
12.898775
12.709202
12.688986
12.318475
11.731237
11.382351
10.823692
11.466071
12.304180
13.897799
15.356867
16.014160
15.379190
13.977401
12.372145
11.700426
12.063447
11.913494
11.365258
10.774071
10.268290
9.660095
9.129481
8.539609
7.927767
7.336510
6.797903
6.334380
6.328861
6.685764
7.067213
7.294169
7.252302
6.990279
6.572373
6.135915
5.771150
6.034256
6.095912
5.906927
5.591320
5.355657
5.778476
6.232392
6.663536
6.941653
6.960512
6.740095
6.341953
5.916406
5.619905
5.297772
4.996427
4.723361
4.470945
4.215828
3.968629
3.695343
3.402530
3.146232
3.023478
2.857162
2.669992
2.494057
2.351469
2.323867
2.526238
2.731338
2.927033
3.141244
3.326930
3.524956
3.752168
3.973459
4.148895
4.240912
4.131554
3.938681
3.826849
4.011466
4.726950
5.387505
5.919399
6.234123
6.416828
6.414353
6.231642
5.893835
5.490108
5.198177
5.120104
5.098697
4.971816
4.747876
4.459613
4.193430
4.446821
4.765272
5.045449
5.257094
5.281028
5.133698
4.905977
4.624010
4.341786
4.072903
3.806808
3.536624
3.354583
3.210857
3.006486
2.778085
2.429420
2.209886
2.075148
2.182146
2.224700
1.936921
2.386238
2.840772
3.060343
3.155426
3.141280
2.999230
2.610873
1.841157
1.281400
0.995232
0.886276
0.767436
0.657040
0.569460
0.501312
0.418043
0.328636
0.246112
0.175619
0.121030
0.077698
0.043541
0.025283
0.042335
0.040884
0.026529
0.016048
0.005260
0.003438
0.004090
0.000918
0.001426
0.001867
0.000493
0.000378
0.001087
0.005416
0.019091
0.030150
0.027287
0.017133
0.026592
0.018375
0.006887
0.000894
0.000000
0.000000
0.000000
0.000000
0.000028
0.010161
0.034778
0.058723
0.093310
0.163264
0.253457
0.311845
0.276835
0.194046
0.178410
0.261736
0.358550
0.436093
0.612506
0.861902
1.175832
1.552286
1.995040
2.520597
3.113209
3.710460
4.231541
4.465486
4.201427
3.668174
3.038824
2.431952
1.897294
1.448276
1.074124
0.863182
0.790675
0.682693
0.606890
0.514320
0.349497
0.162933
0.032606
0.001440
0.000000
0.000000
0.000000
0.000000
0.000000
0.000000
0.000000
0.000000
0.000000
0.000000
0.000000
0.000000
0.000000
0.000000
0.000000
0.000000
0.000000
0.000000
0.000000
0.000000
0.000000
0.000000
0.000334
0.005283
0.007675
0.008405
0.008255
0.008248
0.008298
0.008383
0.007755
0.004414
0.000000
0.000000
0.000000
0.000000
0.000000
0.000000
0.000000
0.000000
0.000000
0.000000
0.000000
0.000000
0.000000
0.000000
0.000000
0.000000
0.000000
0.000000
0.000000
0.000000
0.000000
0.000000
0.001790
0.044967
0.154048
0.347224
0.657540
0.914111
1.025943
1.019870
0.893387
0.596661
0.331533
0.154260
0.047044
0.031844
0.093128
0.194737
0.325250
0.442831
0.498245
0.424003
0.352431
0.526575
0.747116
0.944522
0.973414
0.961490
1.386139
1.587316
1.377808
0.853806
0.511794
0.282355
0.127142
0.036647
0.001728
0.000481
0.004543
0.002268
0.000000
0.000214
0.009774
0.031023
0.040738
0.028812
0.033981
0.060782
0.060965
0.031756
0.004884
0.000000
0.000000
0.000000
0.007012
0.067273
0.195962
0.345364
0.414394
0.420161
0.675496
0.967080
1.224099
1.216151
0.948497
0.654805
0.404102
0.220745
0.097510
0.026693
0.000757
0.000000
0.000000
0.000000
0.000000
0.000000
0.012249
0.012645
0.000000
0.000000
0.000000
0.000000
0.000000
0.000000
0.000000
0.000000
0.000000
0.000000
0.000376
0.013360
0.036133
0.040864
0.043193
0.075804
0.093829
0.084544
0.049547
0.018052
0.040105
0.050782
0.036502
0.011909
0.003780
0.024844
0.072937
0.130644
0.232122
0.388086
0.594686
0.847782
1.132020
1.421294
1.613751
1.943571
2.461364
3.114774
3.833014
4.462101
4.930449
4.938752
4.465897
3.677550
2.921869
2.278262
1.741775
1.293961
0.928752
0.642552
0.420543
0.261638
0.365234
0.532271
0.679585
0.728896
0.622459
0.475654
0.367933
0.504384
0.676067
0.864569
1.001352
1.100708
1.352030
1.565712
1.662605
1.631653
1.500146
1.273306
1.028653
0.809546
0.628379
0.481618
0.363723
0.254374
0.289588
0.480186
0.736566
1.067659
1.472949
1.955649
2.488129
2.917568
2.930178
2.507530
1.981238
1.506219
1.105349
0.778677
0.519775
0.318805
0.171339
0.071505
0.020252
0.022506
0.031025
0.053016
0.141443
0.182637
0.126410
0.036030
0.000506
0.000000
0.000000
0.000000
0.000000
0.000000
0.000000
0.000000
0.000000
0.000000
0.000000
0.000000
0.000000
0.000000
0.000000
0.000000
0.000000
0.000000
0.000000
0.000000
0.000000
0.000000
0.000000
0.000000
0.000000
0.000000
0.000000
0.000000
0.000000
0.000000
0.000000
0.011234
0.012155
0.000000
0.000000
0.000000
0.000004
0.014559
0.043325
0.037412
0.005803
0.000000
0.000000
0.000000
0.000000
0.000000
0.000000
0.000000
0.000000
0.000000
0.000000
0.000000
0.000000
0.000000
0.000000
0.000000
0.000000
0.000000
0.000000
0.000000
0.000000
0.000000
0.000000
0.000000
0.000766
0.006880
0.036961
0.093692
0.171666
0.290900
0.429372
0.535920
0.553704
0.483756
0.347360
0.214150
0.112074
0.109880
0.268643
0.524711
0.704467
0.838967
1.208515
1.654447
2.154674
2.569584
3.049818
3.551655
3.541915
2.986943
2.341498
1.754354
1.270791
0.883776
0.580440
0.355754
0.214968
0.214968
0.289740
0.286131
0.205019
0.106774
0.102719
0.188279
0.301054
0.440199
0.587792
0.665424
0.660441
0.572402
0.495054
0.620753
0.766793
0.841319
0.737856
0.564966
0.402241
0.309131
0.322336
0.410757
0.443094
0.670310
1.007196
1.326717
1.529353
1.366589
1.113972
0.820991
0.850533
0.896981
0.787680
0.620488
0.619184
0.825857
0.961170
0.951242
0.793072
0.711124
0.765729
0.807575
1.047302
1.332430
1.622002
1.798214
1.786083
1.576337
1.317470
1.471586
1.287949
1.118684
1.198342
1.433423
1.685519
2.193460
2.776845
3.063621
2.618145
2.110229
1.696068
1.296070
0.958019
0.684722
0.485112
0.375828
0.369439
0.481034
0.408404
0.498032
0.591125
0.553590
0.415899
0.279447
0.199839
0.172909
0.123779
0.075693
0.097202
0.106358
0.189695
0.371221
0.647072
0.999679
1.279498
0.980529
0.626731
0.359478
0.185070
0.085260
0.025776
0.007184
0.002932
0.007562
0.012810
0.012438
0.016910
0.016266
0.033448
0.051551
0.080605
0.119694
0.147753
0.144343
0.111230
0.070956
0.039210
0.020517
0.037880
0.075510
0.121394
0.162862
0.178579
0.177070
0.165252
0.144261
0.116021
0.076136
0.097431
0.121341
0.119914
0.098723
0.101252
0.088534
0.079968
0.167275
0.345661
0.601146
0.939683
1.371766
2.034638
2.488592
2.655223
2.692347
2.692578
2.654671
2.488035
2.037414
1.384049
0.982117
0.730986
0.469155
0.268856
0.429933
0.641639
0.904462
1.219978
1.530903
1.712809
1.658689
1.365954
1.645991
1.961208
2.256025
2.397336
2.339957
2.650459
3.101854
3.588693
4.064262
4.518548
5.027668
5.655950
6.088141
6.072143
5.617451
4.940152
4.293771
3.702571
3.161656
2.704638
2.329501
1.978968
1.765703
1.952076
2.014378
1.888917
1.830130
1.871154
1.813160
2.164870
2.591861
3.056975
3.573462
4.025925
4.172898
4.001267
3.564820
3.079971
2.616357
2.197887
2.119412
2.631718
3.243716
3.912926
4.453970
4.536557
4.069978
3.476122
2.820945
2.225526
1.737911
1.351543
1.076562
0.847163
0.868958
1.097206
1.254141
1.255062
1.122859
0.907005
0.715954
0.576776
0.413906
0.294399
0.341848
0.348616
0.239216
0.275177
0.199919
0.217919
0.245074
0.300137
0.357593
0.406576
0.480575
0.564348
0.652669
0.738654
0.787578
0.789830
0.880460
0.948374
0.919645
0.844641
0.797794
0.733202
0.632688
0.539474
0.642031
0.771214
0.864214
0.863764
0.775772
0.674316
0.662490
0.607433
0.538139
0.470135
0.466700
0.560365
0.610130
0.629163
0.721804
0.752537
0.709426
0.623543
0.528260
0.446176
0.368466
0.382641
0.469817
0.550397
0.582557
0.639564
0.601214
0.458128
0.523220
0.767392
1.096223
1.521394
2.146985
2.939213
3.299777
3.404853
3.306742
2.950639
2.165186
2.155570
2.149740
2.200088
1.963627
1.685578
1.583123
1.680063
1.884004
2.107084
2.312796
2.504687
2.657137
2.746144
2.665626
2.493553
2.296074
2.582048
2.620642
2.421117
2.128676
2.213698
2.241475
2.268378
2.908360
3.826868
4.136333
3.775426
3.495079
3.880300
4.204261
4.493033
4.764842
4.905921
4.896324
4.695905
4.440236
4.139373
3.813339
3.496659
3.273851
3.445206
3.518907
3.707960
3.945474
4.122688
4.144114
4.013849
3.928951
4.185458
4.541622
4.919518
5.337981
5.784629
6.160172
6.261361
6.064771
5.687256
5.327539
5.572699
5.781570
5.889587
5.759333
5.797402
5.950415
6.335153
6.715549
7.126410
7.542915
7.701595
7.568495
7.187370
6.761608
6.330257
5.918808
5.862385
6.068528
6.080557
5.879514
5.629586
5.495250
5.251574
4.988834
4.703516
4.374912
4.374905
4.331818
4.183381
4.219039
4.118081
4.134769
4.464823
4.683814
4.756395
4.645262
4.393317
4.103241
3.784881
3.462573
3.171630
3.119282
3.535167
3.842045
3.995075
4.013019
4.013368
4.134042
4.117611
4.007237
3.856930
3.660312
3.420754
3.175192
2.924321
2.940481
3.520495
4.008781
4.269249
3.995030
3.589885
3.080302
3.303906
3.757587
4.168054
4.384783
4.820847
5.428941
5.994318
6.173807
5.811085
5.179969
4.531575
3.983735
3.756272
3.438933
3.110183
3.178274
3.187472
2.922695
2.569548
2.370764
2.460474
2.615195
2.765707
2.770140
2.634520
2.327153
1.946157
1.825971
1.905564
1.978327
1.986667
1.902171
1.761976
1.599032
1.415452
1.338946
1.431929
1.462316
1.384364
1.335068
1.272958
1.335160
1.333891
1.413474
1.504193
1.581638
1.765660
1.928413
2.065341
2.116289
2.045911
1.915711
2.076627
2.274720
2.491504
2.700564
2.915885
2.989068
2.900086
2.655324
2.463152
2.521949
2.403180
2.324053
2.168482
1.961768
1.757282
1.573945
1.424349
1.369053
1.301029
1.276908
1.210790
1.168199
1.090196
1.086385
1.092978
1.163167
1.250851
1.262127
1.141700
1.166081
1.117805
0.997147
0.829079
0.745691
0.719089
0.825892
0.925908
1.017995
1.130999
1.250352
1.366536
1.429401
1.671660
2.024292
2.291535
2.484472
2.568078
2.541813
2.369563
2.070480
1.994510
2.147232
2.236966
2.212112
2.065944
1.898405
1.739167
1.613406
1.744143
1.959577
2.410740
2.866243
3.187215
3.265649
3.635227
4.244094
5.050503
6.002707
6.920972
7.833323
8.496201
8.477430
7.763792
6.655813
5.576152
4.630423
3.810594
3.127210
2.719329
2.385181
2.207783
2.491933
2.556437
2.311096
2.026102
1.884585
2.252090
2.366629
2.168747
2.021673
2.070398
2.019623
1.942990
1.935622
2.112494
2.403680
2.690856
2.961573
3.223762
3.525650
3.862763
4.224187
4.619333
5.026579
5.396329
5.521388
5.364886
5.007467
4.626205
4.255235
3.860493
3.587390
3.808666
4.093100
4.278395
4.192251
3.901091
3.561649
3.337498
3.265478
3.078742
3.078936
3.132223
3.054413
3.016644
2.826203
2.830369
3.005683
3.303261
3.636863
3.997271
4.309211
4.517806
4.466693
4.209295
3.867537
3.539264
3.251836
3.502979
3.794320
4.039261
4.122356
4.020229
3.749599
3.439200
3.391391
3.624997
3.864760
4.025839
4.154605
4.478199
4.802894
5.154125
5.530655
5.909065
6.250857
6.614560
6.829995
6.964263
6.954314
6.740844
6.428746
6.208682
6.437573
6.657704
6.921465
7.308077
7.735842
8.038627
8.055313
7.811087
7.428077
7.059815
6.856813
7.051714
6.997162
6.663096
6.139386
5.398812
4.664776
4.582899
4.395965
4.131220
4.171916
4.126431
3.980932
3.701679
3.875984
3.878622
3.603831
3.230886
3.115869
3.300767
3.299906
3.049466
2.920603
3.064523
3.103555
3.334496
3.616427
4.033195
4.645814
5.396351
6.063267
6.647977
7.098337
7.258869
7.219680
7.148283
7.179372
7.417204
7.732763
8.244101
8.603080
8.712407
8.394458
7.925576
7.373065
6.849294
6.825410
6.875774
6.870662
7.033188
7.455741
8.084111
8.784652
9.511557
10.169852
10.422872
10.199471
9.480687
8.641820
7.831372
7.099333
6.488916
6.101675
6.083342
5.835693
5.758936
6.200550
6.639331
6.887467
6.909081
6.681661
6.283830
5.862756
5.420271
4.978810
4.543460
4.125197
3.726439
3.343728
3.001664
2.692537
2.688135
2.909581
3.124671
3.297128
3.479731
3.678938
3.718403
3.580351
3.295778
3.043958
3.237165
3.325457
3.179087
2.769178
2.140346
1.871834
1.827191
2.028539
2.202398
2.347676
2.402981
2.073197
1.217185
1.051100
1.040518
0.912917
0.877842
1.121094
1.296435
1.373948
1.257100
1.015868
0.946667
1.060352
1.267556
1.453589
1.266847
1.220289
1.126396
1.104435
1.117805
0.917857
0.482412
0.512246
0.467381
0.357832
0.247971
0.160229
0.093277
0.023994
0.012209
0.035671
0.051122
0.110731
0.192760
0.302194
0.443434
0.619424
0.821923
1.032322
1.163759
0.932286
0.445671
0.260764
0.283081
0.401663
0.579469
0.803870
1.075582
1.403050
1.796701
2.238713
2.666979
2.944062
2.985955
3.420437
4.069397
4.896244
5.855042
6.877345
7.894744
8.477430
7.184693
3.045426
1.949546
2.009202
2.383210
2.540946
0.399487
0.177248
0.000000
0.000000
0.000000
0.000000
0.000000
0.000000
0.000000
0.000000
