track	type=wiggle_0
fixedStep	chrom=chr	start=1	step=1
0.000000
0.000000
0.000000
0.000000
0.000000
0.000000
0.000000
0.000000
0.000000
0.000000
0.000000
0.100524
0.361503
0.803701
1.051423
1.131424
1.148156
1.148156
1.148156
1.123115
1.047728
0.811876
0.392624
0.189047
0.142499
0.130212
0.148323
0.222357
0.321470
0.410619
0.428502
0.634958
0.842614
0.931042
0.799800
0.582154
0.633805
0.823482
0.585988
0.317230
0.138403
0.169056
0.225076
0.350301
0.555042
0.810566
1.037173
1.075062
0.907410
0.761704
0.658303
0.581732
0.562548
0.507904
0.560091
0.479547
0.356234
0.240827
0.245071
0.270895
0.225168
0.170377
0.146517
0.096110
0.152237
0.302935
0.482823
0.682105
0.825852
0.867559
0.869823
0.850455
0.788319
0.645499
0.336058
0.122306
0.023135
0.000479
0.000000
0.001290
0.002678
0.000099
0.000540
0.000075
0.024750
0.044915
0.062390
0.072238
0.070829
0.104166
0.136486
0.292812
0.638837
0.797178
0.840407
0.846799
0.840407
0.810740
0.705538
0.424749
0.216046
0.151349
0.125016
0.160896
0.305329
0.534793
0.706821
0.783653
0.801877
0.893812
0.980646
1.031266
1.013393
1.130867
1.242776
1.311576
1.336861
1.441034
1.501664
1.522131
1.628359
1.748137
1.813920
1.854244
1.970240
1.986539
1.880692
1.782265
1.788967
1.857783
1.954631
1.986836
2.036207
2.242308
2.362603
2.369691
2.279280
2.234356
2.108797
1.941831
1.763647
1.608539
1.504581
1.412999
1.282705
1.468929
1.698946
1.950006
2.225370
2.526221
2.836032
3.112184
3.305904
3.320726
3.153977
2.943958
3.269644
3.616934
3.962999
4.182447
4.224524
4.148671
4.071309
3.838758
3.541322
3.230540
3.116456
3.255142
3.194383
2.987758
2.887068
3.100705
3.377071
3.657179
4.070404
4.488643
4.846917
5.130236
5.600109
6.104519
6.609454
7.014430
7.097559
6.837452
6.403163
6.894540
7.556101
8.328512
9.190444
10.143993
11.124344
11.966203
12.465992
12.514744
12.856032
12.514739
11.729333
10.897511
10.188958
9.671719
8.616502
7.915192
7.265968
6.874288
6.570019
6.434275
6.017490
5.534730
5.070815
4.689037
4.426289
4.567595
4.547686
4.314491
4.019955
3.869211
3.816206
3.808811
4.099995
4.480062
4.447101
3.926255
3.302282
3.257644
3.131523
3.366146
3.669187
3.978461
4.266156
4.406768
4.397309
4.598752
4.623512
4.504514
4.311989
4.325187
4.639372
4.972717
5.311126
5.615080
5.843269
6.006855
6.338613
6.608785
6.703902
6.593624
6.361329
6.035334
5.795055
5.943113
5.871652
5.609642
5.275966
4.938860
4.607211
4.290129
3.989393
3.702218
3.426921
3.166874
2.917814
2.691409
2.767797
2.965913
3.095062
3.082012
2.948417
2.760406
2.688272
2.737264
2.629284
2.390489
2.096986
1.694881
1.310144
1.309278
1.243753
1.137877
1.020170
1.018570
0.990759
0.981005
0.948768
0.875495
1.014734
1.063309
1.025803
0.925993
0.940975
1.143772
1.377195
1.637383
1.932470
2.263912
2.629634
3.014887
3.463518
3.848625
3.738656
3.365322
2.982784
2.583423
2.220012
1.892381
1.603255
1.368371
1.309963
1.499599
1.676252
1.679754
1.464909
1.229702
1.000000
0.889289
0.738846
0.580455
0.414407
0.276488
0.303085
0.284870
0.223367
0.166450
0.222549
0.385640
0.589980
0.925482
1.374177
1.368855
0.901096
0.539477
0.318795
0.165879
0.057169
0.005705
0.021184
0.041199
0.045613
0.026682
0.023159
0.013367
0.001675
0.000000
0.000000
0.000000
0.000000
0.000000
0.000000
0.000000
0.000000
0.000000
0.000000
0.000000
0.000000
0.000000
0.000000
0.000000
0.000000
0.000000
0.000000
0.000000
0.000000
0.000000
0.000000
0.000000
0.000000
0.000000
0.004791
0.051808
0.165173
0.371726
0.686845
0.732128
0.525843
0.374785
0.233482
0.225161
0.163281
0.070620
0.013768
0.000000
0.000000
0.000000
0.000000
0.000000
0.000000
0.001258
0.033357
0.115002
0.219456
0.251153
0.173062
0.109884
0.101465
0.093566
0.089727
0.087012
0.080077
0.057671
0.020180
0.000000
0.000000
0.000000
0.000000
0.007444
0.040561
0.124592
0.209396
0.118480
0.039633
0.014696
0.025062
0.050023
0.123603
0.287399
0.573393
0.790569
0.876107
0.898499
0.898499
0.876107
0.780753
0.527877
0.209439
0.080422
0.030042
0.027965
0.007690
0.000000
0.000000
0.000000
0.000000
0.000000
0.000000
0.000000
0.000000
0.000000
0.000000
0.000000
0.000000
0.000000
0.000000
0.000000
0.000000
0.000000
0.000000
0.000000
0.000000
0.000000
0.000000
0.000000
0.000000
0.000000
0.000000
0.000000
0.000000
0.000000
0.000000
0.000000
0.000000
0.000000
0.000000
0.022227
0.101696
0.248893
0.486518
0.869270
1.419653
1.716996
1.724833
1.474734
1.015487
0.740841
0.502769
0.321298
0.217679
0.117376
0.041244
0.008820
0.009100
0.010079
0.001108
0.000000
0.000000
0.001191
0.007804
0.019675
0.039985
0.083626
0.114347
0.157532
0.198418
0.153857
0.049598
0.008686
0.001110
0.000000
0.000000
0.000032
0.000031
0.000000
0.000000
0.000000
0.000000
0.000000
0.000000
0.000568
0.016671
0.051751
0.052989
0.048123
0.054364
0.031288
0.014362
0.005090
0.000000
0.000000
0.000000
0.001381
0.011899
0.028650
0.034917
0.062435
0.095275
0.118078
0.113361
0.117575
0.174709
0.239362
0.302644
0.384267
0.481263
0.577271
0.633748
0.625719
0.628195
0.578542
0.487801
0.389564
0.438513
0.533546
0.635906
0.722763
0.766956
0.897507
1.069581
1.245673
1.384216
1.386264
1.245903
1.454607
1.615623
1.613553
1.447714
1.236679
1.050715
1.368067
1.650492
1.882075
2.210225
2.465762
2.866273
3.158832
3.138434
2.823979
2.699655
2.728090
3.214600
3.849502
4.547788
5.228360
5.708884
5.741887
5.295817
4.713417
4.379831
4.050652
4.914874
5.866910
7.387224
8.242484
7.367589
5.763955
4.685788
3.808615
3.244309
3.041820
3.115417
3.351266
3.774024
4.298360
4.615930
4.507045
3.999628
3.445370
2.886965
2.690382
3.156696
3.172350
2.924375
2.630648
2.191198
1.759306
1.314062
0.934221
0.932126
1.102058
1.224729
1.240676
1.127112
0.997568
1.023650
0.969163
0.848783
0.693738
0.545407
0.421404
0.337261
0.262166
0.183575
0.121951
0.071041
0.041541
0.054726
0.048870
0.028030
0.009899
0.000921
0.000000
0.000000
0.000000
0.000000
0.000259
0.005138
0.025730
0.048227
0.073578
0.095054
0.103833
0.082826
0.051365
0.024597
0.010993
0.007231
0.004215
0.002445
0.011124
0.028558
0.052436
0.067005
0.072764
0.069597
0.052684
0.062554
0.073336
0.078474
0.081872
0.087963
0.148710
0.312010
0.545948
0.859841
1.242363
1.636351
1.616008
1.182224
0.785363
0.487218
0.267505
0.121456
0.036062
0.002025
0.000000
0.000000
0.000000
0.001647
0.007607
0.012493
0.015930
0.014990
0.008482
0.000928
0.000000
0.000000
0.000000
0.000000
0.000000
0.000000
0.000000
0.000000
0.000000
0.000000
0.000000
0.000000
0.000000
0.000000
0.000224
0.009205
0.032338
0.069194
0.122942
0.193516
0.272969
0.338152
0.408078
0.413015
0.355284
0.280162
0.206758
0.142433
0.090961
0.048464
0.018970
0.004326
0.009055
0.007438
0.017583
0.054796
0.112991
0.186797
0.284643
0.399490
0.468791
0.466437
0.420261
0.337616
0.425947
0.565789
0.650308
0.606886
0.504764
0.391423
0.306864
0.405197
0.424354
0.422958
0.398948
0.296314
0.363110
0.577212
0.867731
1.256769
1.752475
2.349258
2.898237
2.879349
2.330829
1.884746
1.701756
1.446773
1.628264
1.999891
1.939141
1.401490
1.023234
0.684376
0.418604
0.234510
0.126760
0.097348
0.050868
0.083932
0.160587
0.247751
0.305495
0.267909
0.206533
0.152282
0.088052
0.039701
0.010813
0.002095
0.000000
0.000000
0.000000
0.000000
0.000000
0.000000
0.000000
0.000000
0.000000
0.000000
0.000963
0.020697
0.066477
0.112824
0.119735
0.164902
0.303906
0.535138
0.894544
1.112179
0.844311
0.482373
0.259618
0.112216
0.056977
0.039428
0.021173
0.020179
0.033139
0.051960
0.073849
0.090331
0.091377
0.089863
0.133088
0.181125
0.229105
0.282759
0.336686
0.367359
0.354434
0.324478
0.295337
0.253914
0.232690
0.199151
0.200537
0.181677
0.149705
0.187357
0.374587
0.689010
1.036380
1.455927
1.592224
1.469589
1.055862
0.720985
0.459979
0.485879
0.453110
0.473838
0.522818
0.611479
0.666582
0.603229
0.599188
0.738978
0.922765
1.029850
1.001001
0.955037
1.159205
1.272527
1.272099
1.294665
1.391043
1.386032
1.245433
1.132073
1.261669
1.437613
1.786416
2.237273
2.803163
3.432843
4.090918
4.416416
4.073974
3.425586
2.766792
2.201959
2.008907
2.261878
2.512613
2.671462
2.670923
2.561727
2.373741
2.244790
2.243286
2.233572
2.589947
2.900945
3.073504
3.182315
3.299534
3.183007
2.918896
2.609101
2.308684
1.989686
1.688597
1.425726
1.239188
1.073071
1.200784
1.405684
1.596609
1.692087
1.656299
1.503829
1.367327
1.211738
1.024898
0.916383
0.910731
0.901765
1.036008
1.199030
1.355633
1.489379
1.550357
1.525156
1.428171
1.283252
1.149015
1.245801
1.427601
1.614797
1.769094
1.855967
1.873746
1.833568
1.711038
1.534413
1.333200
1.268627
1.258883
1.064175
1.215288
1.351484
1.491368
1.637957
1.771953
1.905618
2.016586
2.157342
2.277870
2.371178
2.407818
2.309777
2.167929
2.230473
2.350523
2.438042
2.460910
2.570695
2.729043
2.846413
3.014896
3.190372
3.398673
3.597600
3.646992
3.574663
3.448823
3.576802
3.687971
3.677557
3.536299
3.325335
3.095007
2.871066
2.688739
2.584541
2.738835
3.000209
3.184981
3.184507
3.242222
3.548104
3.800164
3.937121
3.855332
3.599642
3.276644
2.950625
2.684065
2.665575
2.510539
2.296744
2.055978
1.807793
1.578861
1.383589
1.206664
1.231270
1.305112
1.265380
1.164005
1.046561
0.969376
0.925204
0.821696
0.704581
0.584784
0.474881
0.405278
0.364229
0.301224
0.445333
0.741999
1.235102
1.503999
1.507619
1.245619
0.749992
0.424994
0.213435
0.082479
0.054227
0.060953
0.045195
0.019783
0.022316
0.044340
0.055783
0.046708
0.023328
0.055364
0.125122
0.219349
0.309128
0.356116
0.295448
0.199596
0.107941
0.076648
0.159001
0.249665
0.327735
0.418772
0.627095
0.936605
1.274463
1.618884
1.749410
1.573083
1.391400
1.316504
1.216651
1.130334
1.049092
1.025477
1.053969
0.997966
0.844336
1.089949
1.282358
1.243090
0.981488
0.691014
0.444666
0.255021
0.182179
0.107617
0.056561
0.044148
0.037004
0.039548
0.061058
0.073364
0.052943
0.017237
0.000176
0.000000
0.000000
0.000000
0.000000
0.000000
0.000000
0.000000
0.000000
0.000000
0.000000
0.008361
0.067689
0.199799
0.433325
0.782534
0.946754
1.006884
1.008397
0.961069
0.836244
0.577378
0.339078
0.109988
0.020349
0.000000
0.000000
0.000000
0.000000
0.000000
0.000000
0.000000
0.000000
0.000000
0.000000
0.000000
0.000000
0.000000
0.000000
0.000000
0.000000
0.000000
0.000000
0.000000
0.000000
0.000000
0.000000
0.000000
0.000000
0.000000
0.001470
0.003960
0.004839
0.023444
0.109243
0.268310
0.550141
0.890106
1.069654
1.136804
1.289241
1.574900
1.627782
1.383942
1.040910
0.760023
0.762156
1.064966
1.402900
1.694975
1.794099
1.606157
1.392557
1.786038
2.273270
2.740600
2.862346
3.065655
3.654855
4.089602
3.352906
2.526184
1.874613
1.355576
0.939231
0.621263
0.400370
0.249558
0.143446
0.201450
0.235510
0.215006
0.317642
0.450578
0.606296
0.776285
0.943623
1.031163
0.992197
0.844252
0.684702
0.560036
0.609110
0.683832
0.670904
0.566662
0.562182
0.681424
0.817752
0.972318
1.155217
1.357795
1.519935
1.618729
1.778343
1.829442
1.761651
1.708849
1.737884
1.955365
2.507917
3.102412
3.486576
3.423789
3.019697
2.453314
2.083137
1.980372
1.769175
1.582913
1.439829
1.714666
2.079579
2.467194
2.873415
3.258683
3.495534
3.507210
3.267322
3.684510
4.199900
4.620984
4.912264
5.502470
6.118108
6.347342
6.119607
5.494596
4.812916
4.186056
3.643213
3.180162
2.763554
2.418080
2.224337
2.437470
2.458954
2.277006
1.987885
1.704616
1.446674
1.269066
1.444183
1.830400
2.265151
2.509495
2.369828
1.978932
1.793034
1.869035
1.896069
2.047046
2.247572
2.376883
2.308307
2.105152
1.862584
1.621818
1.400680
1.192921
1.002226
0.946833
1.081898
1.305209
1.574838
1.871254
2.120187
2.202641
2.069607
1.808672
1.512565
1.241028
1.021672
0.909100
0.903520
0.966962
0.950771
0.853066
0.714166
0.580457
0.464213
0.359377
0.473929
0.602028
0.603961
0.482423
0.357145
0.231064
0.246886
0.315889
0.368370
0.361068
0.311383
0.375407
0.455184
0.473509
0.425242
0.338971
0.252081
0.174170
0.109124
0.072284
0.145218
0.200919
0.237222
0.281720
0.358363
0.481937
0.413775
0.222158
0.080937
0.039008
0.057822
0.051553
0.023779
0.004365
0.000000
0.000000
0.000000
0.000058
0.012548
0.028906
0.029416
0.060167
0.118503
0.185073
0.209332
0.166627
0.132329
0.295389
0.555882
0.945009
1.459932
1.660189
1.468872
1.230934
1.495693
1.948767
2.511292
3.197588
3.986313
4.868813
5.653527
5.696207
5.276690
4.688590
3.623601
2.681557
2.002016
1.460017
1.046403
0.753755
0.604566
0.449911
0.346126
0.362808
0.296888
0.197954
0.130303
0.137320
0.188576
0.167616
0.108118
0.053668
0.033497
0.067442
0.083850
0.079200
0.063260
0.040858
0.027562
0.027225
0.005267
0.000000
0.000000
0.001290
0.034996
0.104283
0.252334
0.497986
0.855023
1.075389
1.080680
0.880069
0.541563
0.297091
0.129450
0.077312
0.058541
0.050547
0.047803
0.044903
0.032109
0.007278
0.000000
0.000000
0.000000
0.000000
0.000000
0.000000
0.000000
0.000000
0.000000
0.000000
0.001029
0.008501
0.018995
0.018765
0.009099
0.000530
0.000000
0.000000
0.000000
0.000000
0.000000
0.000000
0.000000
0.000000
0.000000
0.000000
0.000269
0.034342
0.031911
0.000034
0.000000
0.000000
0.000000
0.005377
0.024217
0.060695
0.151797
0.369619
0.538310
0.662319
0.759903
0.629388
0.440773
0.219671
0.325646
0.480889
0.630815
0.687295
0.634696
0.486612
0.406542
0.344291
0.299135
0.417157
0.652541
0.948760
1.221132
1.370380
1.273534
1.019789
0.904199
1.308024
1.830293
2.117445
2.297020
2.465329
2.307667
2.154585
1.969496
1.714027
1.681824
1.932733
2.177193
2.193353
2.070711
1.691586
1.267921
0.895973
0.718514
1.151957
1.344062
1.402468
1.415885
1.411707
1.361918
1.167544
0.716242
0.384711
0.200373
0.074469
0.011257
0.000000
0.000000
0.000000
0.000000
0.000000
0.000000
0.000000
0.000000
0.000000
0.000000
0.000000
0.000000
0.000000
0.000000
0.000000
0.000000
0.000000
0.000000
0.000000
0.000000
0.000000
0.000000
0.000000
0.000000
0.000000
0.000000
0.000000
0.000000
0.000000
0.000000
0.000000
0.003681
0.000000
0.000000
0.000000
0.000000
0.000000
0.000000
0.000000
0.000000
0.000000
0.000000
0.000000
0.000000
0.011973
0.044440
0.056415
0.053656
0.046059
0.070439
0.082334
0.068268
0.037829
0.040524
0.049778
0.060127
0.057631
0.041725
0.023238
0.040178
0.072896
0.112772
0.149312
0.180461
0.182922
0.160522
0.136252
0.173468
0.182821
0.160171
0.118152
0.078971
0.110653
0.128424
0.112062
0.076793
0.041621
0.017359
0.029450
0.066932
0.155676
0.273035
0.357566
0.359189
0.322926
0.310949
0.276377
0.220486
0.158055
0.127083
0.160208
0.196234
0.200576
0.209517
0.188058
0.159693
0.158625
0.161195
0.142146
0.161194
0.226667
0.308673
0.400500
0.494518
0.588683
0.698588
0.833200
0.989112
1.164035
1.325604
1.458802
1.440954
1.294378
1.101565
1.109653
1.319280
1.544908
1.780419
2.086981
2.428934
2.806243
3.194997
3.558743
3.864398
4.040418
3.876913
3.553091
3.157279
2.774630
2.514083
2.878599
3.034014
2.880577
2.518703
2.213882
2.061112
1.848152
1.886624
2.120917
2.318239
2.430543
2.648447
2.912200
3.218391
3.553923
3.887296
4.154715
4.284625
4.208797
3.943653
3.595780
3.256232
3.490395
3.708910
3.803406
4.055851
4.368423
4.546974
4.453142
4.196866
4.165681
4.471182
4.810660
5.175583
5.564090
5.964604
6.346159
6.632171
6.677022
6.478364
6.062952
5.605539
5.268696
5.626825
5.889488
5.945364
5.802490
5.505592
5.176871
4.859643
4.803705
5.057956
5.115973
5.064380
4.820787
4.686424
4.417653
4.460684
4.342885
4.083045
4.199613
4.638719
5.120830
5.609108
6.024451
7.718731
8.708836
8.990104
8.728267
7.742343
6.025840
5.534956
5.481105
5.378431
5.449296
5.794568
5.788307
5.417795
5.304078
5.650688
5.831517
5.933919
6.383993
7.011845
7.741984
8.488990
9.137347
9.275392
8.897436
8.165867
7.378570
6.643519
7.069621
7.382467
7.328896
6.909711
6.376546
5.737297
5.133248
4.597671
4.117330
3.707345
3.689340
3.774724
4.037921
4.125637
3.927957
3.639838
3.353051
3.271384
3.635180
3.984029
4.278070
4.460970
4.452121
4.270511
4.170288
3.965995
4.145536
4.279205
4.262303
4.136741
3.934432
4.001845
4.638635
5.328013
5.547253
5.365325
5.068120
4.701663
4.344334
4.010419
3.734428
3.636626
3.842686
3.763815
3.470335
3.173106
3.269044
3.472973
3.600579
3.583904
3.783816
4.105237
4.335125
4.450797
4.392220
4.167677
3.923322
3.641044
3.349135
3.066846
2.787081
2.502953
2.242114
2.111010
2.110260
2.087961
1.964598
1.819795
1.649422
1.477387
1.319936
1.606276
1.926723
2.232334
2.555627
3.233056
3.849270
4.171390
3.864316
3.587138
4.072509
4.551962
4.673891
4.255913
3.869214
3.740806
3.484006
2.881264
1.990074
1.522223
1.411384
1.510808
1.499426
1.422757
1.658359
2.089316
2.501651
2.729394
2.542536
2.223489
1.873498
1.690957
1.624359
1.760895
2.177637
2.687439
3.011268
3.384026
3.625838
3.858618
4.056192
4.219888
4.326546
4.269845
4.333668
4.272141
4.173522
3.942683
3.496768
3.165419
3.218006
3.196644
3.214583
3.231714
3.172170
3.060820
2.865717
2.654000
2.442118
2.234824
2.521331
2.750310
2.928204
2.917159
2.733718
2.440125
2.473862
2.468374
2.351380
2.278192
2.316578
2.202040
2.018366
2.103027
2.338882
2.592536
2.885844
3.254588
3.750439
4.237657
4.423313
4.482414
4.840047
5.208929
5.560001
5.820437
5.917079
5.775833
5.566367
5.804750
5.850771
5.718115
5.383281
5.009548
4.668595
4.642386
5.005542
5.335805
5.459288
5.326892
4.994852
4.635689
4.283097
3.979714
3.770199
3.667329
3.434961
3.240781
3.022405
3.069561
3.107460
3.000145
2.797554
2.668583
2.795339
2.823168
2.708416
2.515850
2.318120
2.265945
2.446671
2.678743
2.904911
3.108421
3.273417
3.268740
3.129486
3.586358
3.610636
3.005000
3.201450
3.976681
4.726331
5.390578
5.759735
5.908972
6.503781
7.540265
8.501374
10.363707
11.624446
12.062824
12.059539
11.617185
10.380260
8.475715
8.289972
8.509614
8.370785
7.913386
7.529645
7.135380
8.091063
9.722199
10.324303
9.656055
7.891523
6.388196
5.739001
5.802664
5.590565
5.444132
5.389381
6.014180
6.438289
6.753975
6.303092
5.571771
4.740577
3.984435
3.361522
3.078326
2.852748
2.676382
2.627527
2.777673
2.740058
2.482095
2.257301
2.278679
2.580816
2.884149
3.189254
3.414220
3.594756
3.796390
3.871765
3.729820
3.386487
3.075197
2.928891
2.728607
2.544550
2.412130
2.310376
2.502949
2.729572
2.657212
2.400975
2.105659
1.907281
1.780669
1.754496
1.725031
1.898438
2.051591
2.162384
2.300998
2.479690
2.677475
2.837277
2.935071
2.872790
3.064869
3.322227
3.592524
3.870376
4.159995
4.477248
4.787078
4.989497
4.993645
4.774720
4.434967
4.113167
3.873958
3.703336
3.666369
3.769816
3.902524
3.945431
3.893742
3.858842
4.219156
4.604900
4.968402
5.324020
5.611371
5.699317
5.835683
5.948363
5.869660
5.828902
5.895185
6.006329
6.015310
5.942928
5.946115
6.112490
6.315589
6.391334
6.252790
5.990732
5.684101
5.362620
5.331590
5.303353
5.137538
4.788615
4.554766
4.333836
4.285026
4.195235
4.046261
3.960517
3.919523
3.812795
3.619876
3.371603
3.073261
2.775330
2.409355
2.290519
2.336674
2.420094
2.490016
2.645092
2.781861
2.941235
3.080549
3.103882
2.942371
2.696952
2.982419
3.656557
4.175469
4.193495
3.718649
3.080947
2.775044
3.006110
3.263447
3.550376
3.822294
4.020900
4.038142
3.858996
4.183434
4.537149
4.873648
4.963536
4.735073
4.690964
5.046556
5.456863
5.990641
6.576131
7.198322
7.813665
8.145638
8.237004
7.993336
7.463937
6.837405
6.237033
5.712366
5.380490
5.370924
5.114457
5.015253
5.469498
5.882074
6.124725
6.126198
5.922021
5.553492
5.152690
4.743730
4.357141
3.981891
3.611444
3.258570
2.921872
2.869382
2.678014
2.467114
2.257007
2.066112
1.868871
1.747700
1.587442
1.520527
1.541546
1.496148
1.403089
1.542363
1.640540
1.822078
2.010502
2.101576
2.082720
1.965967
2.050484
2.134418
2.063701
1.897735
1.702762
1.792349
1.996304
2.212701
2.444522
2.626355
2.658886
2.606428
2.747718
2.959698
3.161979
3.390725
3.604074
3.667329
3.093086
1.518446
0.851422
0.561606
0.531332
0.531399
0.472685
0.286291
0.267215
0.276118
0.345376
0.440804
0.530803
0.602961
0.720715
0.842155
0.957749
1.102451
1.224819
1.266445
1.062744
0.506567
0.310946
0.161269
0.138831
0.105373
0.079963
0.043532
0.000000
0.000000
0.000000
0.000655
0.011041
0.035516
0.076113
0.133046
0.204777
0.279368
0.376071
0.494602
0.618482
0.708954
0.636453
0.631318
0.753341
0.930199
1.141211
1.393952
1.755229
2.333611
3.005409
3.736949
4.368572
4.435489
3.932816
3.548395
3.338839
2.938558
2.461771
2.476244
2.398634
2.349352
2.413935
2.777282
3.128690
2.944270
1.606796
0.428331
0.150551
0.093066
0.150673
0.246012
0.269261
0.366897
0.501878
0.438392
0.296476
0.035605
0.000000
0.000000
0.219719
0.638837
0.797178
0.000000
0.000000
0.000000
0.000000
0.000000
0.000000
0.000000
0.000000
