track	type=wiggle_0
fixedStep	chrom=chr	start=1	step=1
0.000000
0.000000
0.000000
0.000000
0.000000
0.000000
0.000000
0.000000
0.000000
0.000000
0.000000
0.005511
0.038671
0.323785
0.691800
0.894348
0.834204
0.617795
0.715755
0.921985
0.663828
0.368647
0.164256
0.059441
0.011626
0.003036
0.002288
0.002887
0.006790
0.005641
0.043022
0.177262
0.414397
0.521031
0.493918
0.387974
0.435017
0.445077
0.373572
0.281957
0.232077
0.272351
0.444966
0.659082
0.922276
1.225680
1.646488
2.167109
2.747651
3.210163
3.420779
3.097105
2.520432
1.957042
1.463507
1.059554
0.741396
0.498782
0.337086
0.366540
0.350010
0.253891
0.144300
0.062329
0.014693
0.000000
0.009616
0.036655
0.055069
0.050797
0.030408
0.044867
0.056589
0.059006
0.125102
0.165482
0.168250
0.218311
0.285798
0.327522
0.306107
0.240557
0.253908
0.331883
0.493847
0.585166
0.622254
0.608566
0.637854
0.656475
0.688358
0.819253
0.871815
0.873854
1.021908
1.089575
1.057112
1.008095
1.178259
1.367563
1.554620
1.668166
1.668937
1.563628
1.575298
1.741829
1.802305
1.755608
1.758622
2.205206
2.682627
3.009205
3.010106
2.709754
2.269940
1.837219
1.470069
1.142287
1.186379
1.282225
1.421606
1.629178
1.846043
1.990253
1.978401
1.815866
1.578608
1.344039
1.140744
1.281429
1.590398
1.866599
1.652327
1.479584
1.751768
1.901111
1.856272
1.659862
1.771125
2.056657
2.202205
2.120704
1.895806
1.591714
1.550605
1.855945
2.252084
2.714548
3.200367
3.610930
3.676545
3.381116
2.924017
2.445267
2.021384
1.673842
1.435052
1.712875
2.214298
2.802750
3.495696
4.311446
5.190949
5.950006
6.047786
5.457147
4.597331
3.739676
2.991993
2.364395
1.864147
1.471990
1.202258
1.066792
0.989850
0.894540
0.919748
0.902844
0.790539
0.653524
0.539454
0.529489
0.521771
0.627789
0.667115
0.775875
0.911062
1.032530
1.073881
1.092752
1.184010
1.149870
0.976430
0.844200
0.972392
1.109564
1.257526
1.402043
1.501434
1.517573
1.446576
1.308923
1.171253
1.045274
1.013221
1.144605
1.254916
1.299043
1.254386
1.148724
1.128458
1.079295
1.105014
1.210144
1.281657
1.345126
1.325690
1.225027
1.242123
1.346074
1.367018
1.329009
1.410492
1.480385
1.418616
1.304322
1.413355
1.580287
1.734107
1.804518
1.770937
1.649105
1.489500
1.325691
1.301567
1.461787
1.618812
1.692644
1.661671
1.517429
1.668028
1.865372
2.042903
2.113196
2.069320
1.910581
1.726542
1.533977
1.354629
1.189548
1.046471
0.976517
1.146201
1.327324
1.483871
1.557198
1.580844
1.720635
1.770403
1.721515
1.582562
1.427839
1.276689
1.134810
1.100990
1.297138
1.476787
1.560709
1.510902
1.645131
2.069412
2.256403
2.105429
1.981805
2.025446
2.245535
2.697281
3.179333
3.748937
4.178014
4.664218
4.595315
4.473588
4.236369
3.712429
3.184438
2.785215
2.494581
2.121304
1.875076
1.884622
2.042073
1.974408
1.722452
1.433448
1.171627
0.983709
0.923608
0.824402
0.810129
0.786178
0.709596
0.810589
0.803591
0.688003
0.552535
0.427460
0.378678
0.527008
0.532010
0.376265
0.353296
0.316934
0.353308
0.459772
0.583854
0.719346
0.838758
0.890487
0.841574
0.722939
0.587959
0.464140
0.356739
0.274344
0.360337
0.441743
0.491494
0.546329
0.728706
0.798686
0.798686
0.727274
0.540486
0.257528
0.151890
0.105014
0.108634
0.123788
0.109362
0.160431
0.214902
0.265370
0.275355
0.261564
0.252580
0.215560
0.158018
0.104368
0.062515
0.031947
0.024320
0.018902
0.008204
0.026444
0.056734
0.098312
0.113022
0.094063
0.053166
0.056867
0.046501
0.035806
0.021129
0.013909
0.030034
0.048990
0.058234
0.050975
0.033602
0.104094
0.235199
0.396687
0.469320
0.406017
0.334887
0.436135
0.545921
0.618553
0.629837
0.641096
0.628144
0.611582
0.559613
0.485081
0.411111
0.325303
0.229727
0.145897
0.063303
0.013601
0.010603
0.049449
0.192941
0.290819
0.321293
0.328283
0.328283
0.328283
0.323465
0.302549
0.263994
0.267260
0.259195
0.242454
0.217451
0.266968
0.306259
0.488779
0.661425
0.728642
0.610116
0.487985
0.726446
1.034662
1.393343
1.918927
2.727701
3.563844
3.913404
4.007895
4.025550
4.025550
4.007895
3.914246
3.568170
2.730266
1.888818
1.379263
1.095066
1.162048
1.343811
1.352818
1.203633
0.965379
0.845293
1.096559
1.294709
1.253321
1.055433
0.876402
0.819036
0.998149
1.193281
1.382313
1.512326
1.531275
1.493650
1.503492
1.859010
1.891227
2.192600
2.535163
2.917592
3.336393
3.777609
4.168396
4.369262
4.287208
4.155252
3.965437
3.579484
3.167471
2.847611
3.329071
3.869962
4.463363
5.047129
5.471443
5.508556
5.106291
4.520597
3.932570
3.376844
2.890506
2.456290
2.085510
2.136352
2.231299
2.514537
2.956903
3.289782
3.320386
2.961963
2.503979
2.021241
1.718681
2.287266
2.965393
3.887070
5.092534
5.983684
5.937030
4.872089
3.587071
2.753500
2.095324
1.768159
1.809254
2.025308
2.249485
2.443523
2.581864
2.550083
2.405037
2.252635
2.270628
2.170953
1.991754
1.886084
2.104524
2.320623
2.512221
2.665221
2.770186
2.869722
2.962446
2.876548
2.627968
2.357342
2.158713
2.169930
2.266417
2.222469
2.048706
1.829082
1.815910
1.770469
1.605747
1.563562
1.826120
2.025110
2.160865
2.149155
1.966014
2.123313
2.258303
2.199006
2.000850
1.974465
2.120315
1.974292
1.694971
1.370407
1.134583
1.183331
1.537418
1.810509
2.150984
2.936546
3.335429
3.455942
3.456732
3.361386
3.025281
2.444401
2.558063
2.577859
2.383067
2.047695
2.115780
2.470128
2.801622
2.894074
2.656027
2.513039
2.792700
3.095028
3.261783
3.581780
4.170860
4.863107
5.499895
5.785362
5.483422
4.866292
4.220409
3.530991
3.440806
3.457107
3.192237
2.876293
2.409424
1.948106
1.471457
1.059155
0.726581
0.468816
0.277688
0.149441
0.061078
0.022458
0.006248
0.002129
0.000002
0.000000
0.000000
0.000000
0.000000
0.000000
0.000000
0.000000
0.000000
0.000000
0.000000
0.000000
0.000000
0.000000
0.000000
0.000000
0.000000
0.000000
0.000000
0.000000
0.000000
0.000000
0.000000
0.000000
0.000000
0.000000
0.000000
0.000000
0.000000
0.014459
0.039414
0.069585
0.082203
0.082232
0.114274
0.160568
0.199733
0.215189
0.201515
0.210695
0.207616
0.222018
0.211721
0.181231
0.139197
0.196609
0.388374
0.657200
1.008777
1.437061
1.881047
1.861885
1.376516
0.926054
0.587239
0.336421
0.374456
0.421119
0.417389
0.366717
0.301364
0.264576
0.268272
0.241454
0.192794
0.198706
0.246533
0.302422
0.323978
0.297655
0.252685
0.197515
0.144299
0.097784
0.062946
0.049392
0.081471
0.108245
0.098471
0.071589
0.039798
0.050165
0.061846
0.051843
0.082811
0.138570
0.213163
0.301695
0.398643
0.503005
0.597883
0.686054
0.690843
0.600738
0.481373
0.371191
0.277423
0.200246
0.135134
0.079808
0.042998
0.022690
0.046175
0.091874
0.121473
0.124378
0.195329
0.297085
0.413197
0.475779
0.526933
0.502243
0.614478
0.793541
1.006783
1.152861
1.147625
1.008759
0.833925
0.630320
0.546731
0.575466
0.513279
0.517926
0.763947
1.033701
1.195750
1.136027
1.414713
1.901527
2.530784
3.108172
3.081852
2.491031
2.014464
1.821537
1.551320
1.743687
2.139107
2.082090
1.544284
1.421508
1.644989
1.831141
1.833920
1.652989
1.429329
1.193202
0.985866
0.806870
0.725316
0.838127
0.880437
0.832114
0.927316
1.035761
1.118987
1.198921
1.379371
1.588151
1.797926
1.946926
1.946507
1.809666
1.669736
1.698662
1.709822
1.734839
1.681355
1.555730
1.381891
1.546504
1.726879
1.927727
2.144724
2.379433
2.632821
2.902130
3.165221
3.365728
3.405256
3.279811
3.080184
2.834713
2.588870
2.347244
2.111184
1.887126
1.923165
1.995246
2.041787
2.086533
2.269431
2.393095
2.486820
2.487945
2.362803
2.313856
2.232634
2.116500
2.075899
2.031633
2.159236
2.284338
2.322695
2.278026
2.295575
2.233732
2.835694
3.534162
4.338701
5.142077
5.828329
5.834053
5.155497
4.356474
3.566515
2.885770
2.325754
1.912073
1.515688
1.148685
1.064708
1.091581
0.992859
1.161133
1.379734
1.582033
1.635546
1.578015
1.458853
1.508566
1.661086
1.895773
2.080176
2.147833
2.056701
1.817881
1.875431
2.034061
2.007350
1.802289
1.551146
1.319649
1.135235
1.328526
1.531157
1.746372
1.983492
2.233533
2.470955
2.686052
2.948454
3.245045
3.497488
3.620531
3.494538
3.212431
2.905257
2.592470
2.303793
2.035632
1.834127
1.859780
2.176209
2.729373
3.429034
4.248681
5.253591
6.455941
7.294152
6.449220
5.257747
4.291737
3.443127
2.719487
2.126563
1.633790
1.972610
2.402514
2.904560
3.463725
4.006267
4.241642
4.100742
3.653484
3.178165
3.017505
2.739221
2.393647
2.049350
2.303930
2.471468
2.410825
2.132844
2.632451
2.953879
2.758417
2.284185
1.958599
2.083180
2.296701
2.723285
3.322150
4.040527
5.317018
6.250930
6.310625
5.668553
4.569041
3.636137
2.894233
2.353904
2.026297
1.902330
1.830698
1.557484
1.596570
1.412126
1.115891
0.818980
0.734810
0.802361
0.872476
0.806579
0.665466
0.709511
0.656145
0.662483
0.674336
0.761123
0.811611
0.822038
0.817947
0.788853
0.873565
1.034954
1.209416
1.365767
1.421502
1.502315
1.639034
1.724545
1.731480
1.642406
1.495559
1.339924
1.188851
1.039331
1.127736
1.158650
1.093912
0.981822
0.973011
1.017256
0.947300
0.834863
0.712728
0.608550
0.523149
0.450933
0.381442
0.306506
0.285938
0.306437
0.417080
0.521430
0.508989
0.442114
0.374496
0.293624
0.219433
0.245194
0.414869
0.630918
0.839498
0.927022
0.796461
0.590193
0.408569
0.284010
0.159742
0.068601
0.030580
0.029726
0.032685
0.069105
0.114935
0.172870
0.193821
0.287753
0.360982
0.385746
0.392960
0.393373
0.387550
0.353248
0.238702
0.077390
0.123952
0.192185
0.233769
0.290187
0.308447
0.440533
0.657145
0.806931
1.103578
1.298474
1.136034
0.814191
0.558800
0.431572
0.397405
0.415722
0.574628
0.680830
0.861000
0.928978
0.888807
0.849872
0.798300
0.665920
0.614671
0.820475
0.960334
0.905204
0.757631
0.603016
0.475274
0.560188
0.581542
0.541614
0.769435
1.051654
1.270471
1.185473
0.914549
0.623056
0.392692
0.224159
0.115159
0.045328
0.007963
0.013186
0.009574
0.000066
0.000250
0.000572
0.005393
0.040284
0.123521
0.174073
0.178573
0.122506
0.028439
0.009059
0.026711
0.055848
0.090871
0.105501
0.093665
0.105683
0.143006
0.150290
0.152724
0.200993
0.231755
0.218177
0.205648
0.263252
0.329115
0.365689
0.390762
0.359636
0.378735
0.325698
0.261692
0.287769
0.405172
0.544571
0.699194
0.834737
0.862195
0.765964
0.702074
0.886394
1.132901
1.431009
1.776235
2.157644
2.531058
2.690713
2.526903
2.163253
1.791359
1.451890
1.156823
0.911359
1.085958
1.318433
1.569738
1.775069
1.796908
1.617193
1.387906
1.146678
0.918308
0.719926
0.556183
0.443150
0.442129
0.455413
0.511686
0.510325
0.452263
0.447914
0.554820
0.680086
0.825284
0.985421
1.156964
1.296482
1.340541
1.234327
1.062354
0.881248
0.728186
0.658532
0.647557
0.844385
1.412348
2.017446
2.264943
2.331425
2.334543
2.274397
2.039913
1.478992
0.921997
0.582227
0.345092
0.254711
0.309405
0.347834
0.338038
0.277727
0.208647
0.251024
0.385653
0.553343
0.759250
1.010165
1.284545
1.499749
1.583874
1.432721
1.169256
0.902004
0.692474
0.795171
1.107606
1.471090
1.926149
2.478210
3.073050
3.493440
3.502291
3.091287
2.501488
1.969409
1.555178
1.333728
1.242932
1.094545
0.865772
0.634558
0.436130
0.342770
0.308112
0.358942
0.449770
0.571985
0.639154
0.647276
0.583800
0.474040
0.386913
0.404494
0.355926
0.300773
0.316491
0.402003
0.499865
0.610437
0.706765
0.793280
0.805199
0.738512
0.630061
0.516271
0.414286
0.421137
0.497223
0.584550
0.666615
0.702920
0.688600
0.697874
0.738267
0.731046
0.775232
1.004524
1.405430
1.916915
2.433049
2.410739
1.869257
1.429686
1.179531
1.153142
1.070351
1.100190
1.061149
0.903393
0.908870
1.026890
1.190322
1.177196
0.967892
0.718100
0.560814
0.439287
0.442209
0.511846
0.495660
0.669224
1.029753
1.522548
1.957451
1.924338
1.524519
1.613006
1.692393
1.610124
1.382130
1.116092
1.196921
1.372307
1.555137
1.627053
1.490044
1.559973
1.970180
2.408685
2.793850
2.863667
2.653865
2.217493
1.787511
1.756799
2.201412
2.741266
3.197875
3.477849
3.480133
3.461362
4.155368
5.095482
6.219822
7.483334
8.886234
8.884662
7.469619
6.206827
5.108660
4.172398
3.346298
2.660095
2.916418
3.480607
4.142209
4.800318
5.225286
5.277025
4.916405
4.244452
3.572312
2.976693
2.449789
1.989863
1.587927
1.248099
1.601880
2.144109
2.952840
4.050667
4.417128
4.037809
2.902648
2.067412
1.461548
1.003360
0.661660
0.404855
0.344755
0.428309
0.514977
0.609791
0.719392
0.848519
0.965056
1.007250
0.941603
1.023076
1.122104
1.255553
1.417616
1.598039
1.786190
1.934264
1.982929
1.930778
1.909459
2.035089
2.113652
2.084229
2.069424
1.948607
1.775968
1.880259
2.050677
2.228389
2.337962
2.311888
2.180152
2.007119
2.014421
2.261960
2.526219
2.788193
2.962875
2.957078
2.998124
3.255094
3.567916
3.905422
4.217302
4.418419
4.381423
4.156175
3.810358
3.467306
3.218404
3.086986
2.870594
2.622940
2.378306
2.531904
2.824888
3.115809
3.321819
3.325416
3.142640
2.891878
2.604049
2.321036
2.089526
2.094245
2.376873
2.669256
2.980585
3.314581
3.648360
3.939075
4.053853
3.885011
3.542959
3.333449
3.052885
2.845694
3.306968
3.884007
4.538686
5.265893
6.047744
6.782586
7.017121
6.729626
5.963903
5.165874
4.434535
3.817061
3.552819
3.882770
3.993316
4.002601
4.459420
4.803235
4.808161
4.479963
3.957748
3.429296
2.950027
2.522720
2.142028
1.803294
1.891657
2.051468
2.059295
1.936043
1.810416
1.703432
1.748022
1.947422
2.213591
2.415841
2.439793
2.285702
2.013732
1.731866
1.500808
1.304224
1.193055
1.344714
1.354096
1.067320
0.813707
0.739514
0.679613
0.558464
0.337959
0.325268
0.382540
0.398214
0.365452
0.325455
0.379989
0.363374
0.303280
0.260005
0.305879
0.430570
0.612259
0.758056
0.878164
0.996384
0.916108
0.957198
0.951743
0.950309
1.051641
1.117093
1.205575
1.330661
1.429679
1.549447
1.617935
1.614744
1.510363
1.372192
1.374431
1.472535
1.480346
1.391398
1.340883
1.321249
1.415139
1.569765
1.713474
1.782154
1.719156
1.600920
1.554086
1.588442
1.521471
1.379572
1.248029
1.115997
1.014423
1.179180
1.280282
1.291292
1.248064
1.281423
1.303657
1.107090
0.871374
0.654191
0.599959
0.615578
0.589797
0.512879
0.431250
0.405785
0.457314
0.498875
0.578807
0.628387
0.652321
0.603764
0.531144
0.487933
0.509334
0.566648
0.605335
0.692503
0.726051
0.750349
0.721823
0.809061
0.978121
0.961313
1.023412
1.263453
1.480037
1.635506
1.951034
2.347135
2.816017
3.330210
3.896889
4.535315
5.254331
6.024907
6.739223
7.036917
6.777512
6.091823
5.333837
4.605413
3.934443
3.366299
2.888338
2.457114
2.437261
2.638265
3.014254
3.302832
3.488668
3.672670
3.648688
3.566688
3.684983
3.546847
3.269551
3.397244
3.433199
3.220225
3.592012
3.959887
4.351499
4.759161
5.103508
5.309634
5.172509
4.841457
4.419156
4.062557
3.850561
3.652153
3.425015
3.526475
3.763315
3.923630
4.052233
4.116646
4.391069
4.766110
5.178123
5.552598
5.776846
5.983033
6.131964
6.480146
6.813844
7.014496
7.030643
6.820317
6.450912
6.437926
6.516617
6.299316
5.956675
5.614468
5.926478
6.280655
6.566702
6.606271
6.867352
7.198166
7.568027
7.958232
8.284337
8.309184
8.015820
7.602643
7.127154
6.628912
6.141662
5.766003
5.967560
6.361697
6.773500
7.151503
7.265581
7.390715
7.826681
8.202326
8.477360
8.561288
8.389233
8.714551
8.696468
8.148361
7.550679
7.998286
8.526849
9.122519
9.664992
10.128708
10.434814
10.451668
10.129858
9.620914
9.090213
8.608766
8.166774
8.545356
9.114964
9.251100
8.990215
8.372072
7.699725
8.714374
10.260157
11.640388
11.557899
10.126226
8.798851
7.551577
7.284790
7.160827
6.944315
7.076715
7.290786
7.183745
7.331457
7.232813
7.050482
7.581676
7.620427
7.127923
6.459726
5.888736
6.605617
7.256367
7.462939
7.149875
6.505805
6.361856
6.705669
7.106502
7.555430
8.030685
8.487849
8.737213
8.713018
8.361107
7.914074
7.793214
7.719779
7.652929
7.428342
7.354994
8.498182
9.036155
8.457706
7.781200
8.100529
8.416593
8.598536
8.661245
8.586359
8.446630
8.141496
7.736772
7.282993
6.845388
6.458041
6.333162
6.654072
6.954026
7.133545
7.061598
6.880255
6.536727
6.329264
6.082817
6.578854
7.005211
7.177628
7.002880
7.112790
7.565295
8.003158
8.393778
8.595860
8.671650
8.468293
8.116820
7.630117
7.115039
6.614954
6.109258
5.620641
5.903103
6.270252
6.623527
6.734977
6.596987
6.317408
5.965528
5.567657
5.141020
4.713860
4.842847
5.023668
5.069069
4.950612
4.644301
4.306959
3.952808
4.058223
4.027364
4.086585
3.810216
3.559685
3.270421
3.318430
3.533599
3.795423
4.035489
4.114643
4.025207
3.872526
3.799535
4.491940
5.307067
6.225259
7.265037
8.385872
9.480859
9.958596
9.448375
8.337954
7.206273
6.202337
5.443929
4.966408
4.401054
3.840141
3.448340
3.332650
2.983869
2.744062
2.865715
3.250743
3.434504
3.299354
2.961347
2.588802
2.543375
2.465255
2.683861
2.919013
2.890384
2.630056
2.302463
1.971746
1.668642
1.393826
1.364060
1.578413
1.742575
1.730940
1.543742
1.323098
1.304530
1.252084
1.187031
1.259754
1.400580
1.639977
1.891037
2.136842
2.316179
2.337816
2.165342
1.973014
1.820306
1.751789
1.992023
2.051165
2.055120
2.185140
2.291205
2.279007
2.151589
2.151991
2.170074
2.115121
1.949849
1.777301
1.815315
1.710784
1.557398
1.396468
1.236893
1.067072
0.897772
0.854696
0.787077
0.669018
0.543022
0.427907
0.440094
0.530579
0.664533
0.872198
0.982535
0.986058
1.092548
1.139274
1.114132
1.027313
0.911591
1.047436
1.125359
1.046276
1.109352
1.067347
1.249359
1.656746
2.176746
2.820467
3.462259
3.804646
3.475922
2.889136
2.402837
1.885712
1.455309
1.587469
1.843802
2.044789
1.977041
1.895742
2.127086
2.270450
2.521826
2.561317
2.904492
3.633421
4.473825
5.217699
5.646392
5.319694
4.704417
3.998009
3.255631
2.605902
2.020414
2.252116
2.438789
2.162294
1.666911
1.184774
0.993210
0.967144
0.952929
0.949075
0.950626
0.947850
0.910868
0.769146
0.518299
0.555145
0.611627
0.668104
0.863465
0.979555
0.976296
0.879965
0.814305
0.956512
1.093147
1.146521
1.059923
0.910168
0.840075
0.899149
1.079570
1.294051
1.438064
1.692783
1.947895
2.120245
2.123490
1.948557
1.706324
1.460291
1.266052
1.282064
1.617831
2.006416
2.315516
2.768623
3.374101
4.134376
5.134822
6.818648
8.230931
8.219660
6.830793
5.191286
4.145957
3.309901
2.932921
3.521700
3.976444
4.054278
3.723591
3.111204
2.509041
2.009103
1.800130
1.721748
1.552744
1.621195
1.718714
1.808949
1.796393
1.999317
2.216184
2.430154
2.580348
2.560803
2.387599
2.170584
1.958877
1.880044
1.993433
2.188468
2.417772
2.647809
2.821356
2.885449
2.791219
2.618146
2.510548
2.878031
3.282215
3.571107
3.860338
4.180695
4.503847
4.706145
4.688531
4.501362
4.243947
3.966803
3.681401
3.440046
3.175389
3.280017
3.394269
3.324882
3.097824
3.021928
3.275739
3.519530
3.694694
3.693933
3.547020
3.511362
3.665540
3.706467
3.680234
3.558303
3.513825
3.786973
4.105736
4.349817
4.460051
4.347745
4.118161
4.038447
4.276863
4.417870
4.359205
4.139424
4.337050
4.674017
5.047407
5.528103
6.128101
6.425064
6.446073
6.384730
6.214131
6.153888
6.137563
5.918315
5.871130
6.079895
6.065195
6.112542
6.358294
6.641559
6.882695
7.031873
7.104206
7.034043
7.324043
8.457526
9.195580
9.167549
8.386228
7.241640
6.711678
6.562884
6.629744
7.021287
7.445107
7.764354
7.899997
8.473960
8.834295
9.508864
10.172693
10.348919
9.998744
9.275684
8.468009
7.869997
8.056959
7.868173
7.409818
6.942127
6.522189
6.065414
5.653586
5.451225
5.234075
4.845977
4.447165
4.446134
4.707350
4.882840
4.853557
4.716193
4.787644
4.606637
4.288657
3.931099
3.612000
3.324090
3.021545
2.720304
2.714670
2.725332
2.545964
2.381274
2.228146
2.065065
1.849211
1.723823
1.482483
1.279468
1.018034
0.858291
0.752181
0.877995
0.897772
0.565331
0.430108
0.372054
0.426097
0.565178
0.711150
0.912397
1.065781
1.040045
0.892335
0.714250
0.539356
0.391930
0.258345
0.184995
0.283965
0.419854
0.597332
0.813403
1.017467
1.102245
0.989885
0.769896
0.608051
0.852868
1.041003
1.208859
1.036460
0.749793
0.473850
0.281836
0.134310
0.199571
0.263400
0.366752
0.452425
0.435408
0.519983
0.706786
0.963681
1.271402
1.594559
1.826521
1.626638
0.786045
0.519827
0.593505
0.818632
1.138326
1.517635
1.886639
1.998656
1.166797
0.962576
1.128920
1.220662
1.184774
0.462806
0.296019
0.420997
0.660784
0.950626
0.000000
0.000000
0.000000
0.000000
0.000000
0.000000
0.000000
0.000000
0.000000
