track	type=wiggle_0
fixedStep	chrom=chr	start=1	step=1
0.000000
0.000000
0.000000
0.000000
0.000000
0.000000
0.000000
0.000000
0.000000
0.000000
0.000116
0.029691
0.114341
0.264936
0.313775
0.254235
0.112614
0.255971
0.433341
0.636461
0.806995
0.942477
1.056021
1.314563
1.732762
2.254761
2.829751
3.559091
4.430509
5.111588
4.425237
3.522150
2.727416
2.106265
1.660371
1.980391
2.340093
2.546576
2.708587
2.591038
2.193922
1.755115
1.371282
1.075541
1.308298
1.476536
1.566395
1.450178
1.207392
0.931407
0.687849
0.754735
0.903732
0.934558
0.869517
0.767817
0.661536
0.574634
0.448541
0.318345
0.414699
0.740892
0.865431
0.893308
0.865431
0.738463
0.405068
0.166606
0.045309
0.004309
0.011686
0.035693
0.068323
0.090239
0.085923
0.060816
0.031010
0.031755
0.050831
0.086930
0.217656
0.376308
0.521081
0.651707
0.769655
0.895696
1.045150
1.212815
1.392016
1.565464
1.676098
1.687943
1.629136
1.538977
1.546408
1.612852
1.584095
1.478462
1.312581
1.140722
0.988831
0.956552
0.884684
0.807727
0.810036
0.822567
0.906841
0.953239
0.967298
1.006313
1.098218
1.250876
1.362693
1.424026
1.359399
1.239510
1.339442
1.562594
2.012182
2.403692
2.510604
2.714416
3.027264
3.262272
3.299124
3.044143
2.724975
2.353339
2.017568
2.135915
2.552335
3.053671
3.545502
3.642774
3.175155
2.559614
2.007402
1.520302
1.116989
0.792050
0.535196
0.449769
0.514837
0.558935
0.520930
0.500814
0.440263
0.406182
0.554955
0.593799
0.500901
0.367365
0.214559
0.106125
0.063076
0.061862
0.052668
0.033450
0.015832
0.004200
0.000339
0.000000
0.000000
0.000000
0.000000
0.000000
0.000000
0.000000
0.009384
0.021806
0.025725
0.026609
0.026609
0.025725
0.021011
0.007472
0.000000
0.000000
0.000000
0.000000
0.000000
0.000000
0.000000
0.000000
0.000000
0.000000
0.000000
0.002234
0.017443
0.037754
0.044679
0.085551
0.092847
0.054406
0.063903
0.079451
0.095867
0.088782
0.061808
0.042883
0.029460
0.013590
0.004220
0.009969
0.011098
0.010911
0.008533
0.004527
0.003530
0.003197
0.005389
0.004079
0.000215
0.000000
0.000000
0.000000
0.000000
0.000000
0.000000
0.000000
0.003852
0.082717
0.152326
0.182672
0.202577
0.207011
0.208238
0.204946
0.189513
0.138023
0.036107
0.000171
0.000000
0.000000
0.000000
0.000000
0.000000
0.000000
0.002623
0.057022
0.176779
0.121999
0.126215
0.121999
0.102762
0.056304
0.002613
0.000000
0.000000
0.000000
0.000000
0.000000
0.000000
0.000000
0.000000
0.000000
0.000000
0.000000
0.000000
0.000850
0.000444
0.000000
0.000080
0.000020
0.000000
0.000745
0.000133
0.000000
0.000000
0.001942
0.013611
0.035845
0.065547
0.102292
0.141571
0.199121
0.258712
0.293303
0.275368
0.249601
0.324328
0.431697
0.562416
0.715443
0.888894
1.070353
1.314781
1.682109
2.086295
2.433322
2.650061
2.601316
2.247617
1.849842
1.498351
1.181432
0.972279
0.929533
0.922247
0.894084
0.822222
0.674292
0.500390
0.353252
0.236646
0.149290
0.133795
0.143658
0.169540
0.212775
0.223926
0.187723
0.185461
0.361471
0.582248
0.790794
1.005350
1.326035
1.472439
1.244174
0.790468
0.467852
0.254523
0.226101
0.316627
0.328996
0.246940
0.151481
0.089753
0.071203
0.034123
0.016208
0.016403
0.035771
0.059558
0.094964
0.143792
0.242120
0.393491
0.506272
0.546666
0.546666
0.504762
0.384985
0.204281
0.146810
0.116588
0.115499
0.091993
0.059363
0.030557
0.011023
0.001259
0.000000
0.000000
0.000000
0.000000
0.000000
0.000000
0.000000
0.000000
0.000000
0.000000
0.000000
0.000000
0.000000
0.000000
0.000000
0.000263
0.003747
0.005018
0.001943
0.004076
0.015254
0.031323
0.044083
0.044660
0.032758
0.016618
0.004843
0.000440
0.013142
0.072163
0.112832
0.161559
0.293302
0.458595
0.596854
0.608188
0.473475
0.307587
0.178963
0.084714
0.026481
0.001411
0.000000
0.000000
0.000000
0.000000
0.000000
0.000000
0.000000
0.000594
0.045611
0.086835
0.105002
0.117700
0.130307
0.130307
0.117555
0.104389
0.084790
0.042025
0.000039
0.000000
0.000000
0.000000
0.000000
0.000000
0.000000
0.000000
0.000000
0.000246
0.000373
0.000373
0.000373
0.000246
0.000000
0.000000
0.000000
0.000000
0.000000
0.000000
0.000000
0.000000
0.000000
0.000000
0.000000
0.000000
0.000594
0.021842
0.066173
0.091541
0.080024
0.031166
0.003647
0.026183
0.050415
0.057573
0.113125
0.210511
0.349601
0.527687
0.747947
1.043814
1.411955
1.857268
2.388403
3.044496
3.641116
4.110368
4.073098
3.522681
3.267779
3.905854
4.518517
4.804683
4.681863
4.116182
3.500765
2.897514
2.369869
1.930029
1.567416
1.376588
1.494687
1.497829
1.453728
1.513408
1.528257
1.730623
1.789261
1.579390
1.423581
1.151956
0.689864
0.465555
0.566349
0.728942
0.908621
1.068211
1.144509
1.072617
0.936643
0.768424
0.628509
0.552939
0.531194
0.584895
0.631135
0.641245
0.662773
0.624881
0.505580
0.423059
0.538124
0.664957
0.788838
0.879225
0.886533
0.953918
1.111535
1.285594
1.473744
1.670582
1.848190
2.009977
2.153431
2.157259
2.017628
1.822090
2.182575
2.448632
2.600862
2.318374
2.003119
1.922755
1.736368
1.534707
1.335274
1.469470
1.599065
1.601470
1.470045
1.312843
1.364901
1.500349
1.555968
1.471563
1.650215
1.893559
2.143237
2.273147
2.392192
2.592158
2.452605
2.218818
1.927249
1.971867
2.162621
2.253427
2.274417
2.089324
1.837604
2.155270
2.658182
3.361936
4.261457
5.466230
7.074327
7.783897
7.975236
7.975236
7.791212
7.111052
5.614317
5.391429
4.974238
4.439489
3.905726
3.415469
2.973189
2.626849
2.965054
3.529052
4.171567
4.863092
5.457389
6.036074
6.281965
6.529841
7.269568
8.053888
8.387031
8.018375
7.181579
6.221279
5.320795
4.527456
3.824404
3.219209
2.725451
2.273076
1.858140
1.494251
1.179309
0.909347
0.683041
0.668250
0.629177
0.536257
0.559798
0.677688
0.809730
0.947486
1.046333
1.067760
0.986798
0.863744
0.736573
0.748909
0.841329
0.823546
0.717824
0.587679
0.612043
0.607374
0.568847
0.561247
0.641291
0.723306
0.764642
0.717452
0.607311
0.506275
0.476432
0.417430
0.437273
0.487503
0.555439
0.575892
0.495400
0.425562
0.447431
0.514906
0.612199
0.720315
0.834523
0.963997
1.111213
1.240025
1.281695
1.218323
1.116669
0.993859
0.929869
1.270526
1.677145
2.098567
2.364967
2.312287
1.942889
1.526062
1.760588
2.147366
2.088617
1.575737
1.124765
0.925326
0.808058
0.690099
0.587199
0.586146
0.704995
0.712506
0.601550
0.454082
0.392331
0.485877
0.635281
0.812494
0.991891
1.204027
1.353050
1.350569
1.197909
0.984479
0.765370
0.587224
0.450969
0.413554
0.787818
1.103870
1.186129
1.090413
0.781036
0.467117
0.506310
0.573321
0.666875
0.756153
0.871686
1.021107
1.216494
1.404428
1.555102
1.579086
1.453177
1.293793
1.116522
0.945209
0.812952
0.710675
0.621323
0.587658
0.597033
0.693894
0.686518
0.647276
0.554562
0.579508
0.744692
0.899143
1.086989
1.288611
1.507749
1.763766
2.056796
2.290136
2.297012
2.062246
1.761418
1.458307
1.184587
0.941825
0.848047
0.768293
0.749083
0.984052
1.280388
1.439752
1.356869
1.631767
2.122072
2.778335
3.387172
3.369725
2.760004
2.268852
2.077994
1.779087
1.958968
2.377194
2.316335
1.749314
1.432376
1.151614
0.826316
0.710578
0.949134
1.174575
1.398874
1.699665
2.076153
2.468689
2.784093
2.756938
2.410090
1.956295
1.538743
1.190000
0.902199
0.663347
0.471311
0.373196
0.300971
0.266970
0.228922
0.273175
0.349783
0.438284
0.536488
0.639739
0.738348
0.808685
0.868105
0.882640
0.851336
0.786271
0.881368
1.011929
1.163812
1.312307
1.413519
1.429389
1.351841
1.215582
1.069824
0.931111
0.801638
0.696821
0.735950
0.731707
0.674332
0.600478
0.533251
0.481060
0.416282
0.341228
0.271529
0.279465
0.325855
0.351753
0.328788
0.275575
0.220480
0.177670
0.213611
0.282935
0.336432
0.346279
0.304814
0.237287
0.202422
0.235896
0.295368
0.524052
0.727928
0.672306
0.615119
0.566012
0.535691
0.519025
0.512367
0.509874
0.502385
0.469517
0.518013
0.731955
0.981877
1.304346
1.708910
2.190685
2.765764
3.420391
4.027215
4.480751
4.477064
3.975012
3.269500
2.599630
2.056180
1.708724
1.791830
1.889509
1.746872
1.495650
1.192142
0.904378
1.066052
1.339157
1.636461
1.936409
2.128999
2.085009
1.840396
1.518197
1.221716
1.028962
1.291042
1.475226
1.475886
1.288684
1.306143
1.473032
1.562420
1.472721
1.304065
1.265724
1.654891
2.044128
2.347633
2.949862
3.763024
4.335266
3.782506
2.992047
2.309710
1.748382
1.326962
1.159328
0.930997
0.687773
0.491252
0.402040
0.308419
0.307018
0.337334
0.322356
0.275477
0.239456
0.204701
0.210055
0.192173
0.181526
0.143242
0.092184
0.053013
0.064211
0.079454
0.078371
0.060428
0.034084
0.013818
0.006115
0.038391
0.128868
0.184330
0.200367
0.201680
0.196970
0.179705
0.124708
0.035799
0.002253
0.000000
0.000006
0.010707
0.036950
0.119908
0.275251
0.479448
0.501026
0.342947
0.237894
0.354714
0.564919
0.797178
1.154734
1.645216
2.283858
2.695999
2.842570
2.840528
2.669194
2.172911
1.423663
0.938297
0.617346
0.391594
0.305641
0.355352
0.334198
0.482989
0.617998
0.639850
0.518696
0.353036
0.211657
0.108555
0.042824
0.086834
0.191956
0.381607
0.649051
1.008689
1.206237
1.179613
0.892393
0.507299
0.261999
0.112553
0.032396
0.001427
0.000000
0.000000
0.000000
0.000000
0.000000
0.000000
0.000000
0.000000
0.000000
0.000000
0.000000
0.000000
0.000000
0.000000
0.000000
0.000000
0.000000
0.000000
0.000000
0.000000
0.000000
0.000000
0.000000
0.000000
0.000000
0.000000
0.000000
0.000000
0.000000
0.000000
0.000000
0.000000
0.000000
0.000000
0.000000
0.000000
0.000000
0.000000
0.000000
0.000000
0.000000
0.000000
0.000000
0.000000
0.000000
0.000000
0.000000
0.000000
0.000000
0.000000
0.000000
0.000000
0.000000
0.000000
0.012321
0.033860
0.045743
0.070103
0.153413
0.274626
0.438208
0.650220
0.913367
1.192482
1.413517
1.416167
1.208873
0.917364
0.641601
0.426301
0.270281
0.160808
0.219221
0.235084
0.294087
0.512286
0.746008
0.896290
0.841103
0.524522
0.253667
0.113438
0.032139
0.000900
0.000000
0.000000
0.000000
0.000000
0.000000
0.000000
0.000000
0.000000
0.000000
0.000000
0.000000
0.000000
0.004520
0.051823
0.171129
0.413534
0.558380
0.601624
0.611281
0.612118
0.612787
0.613762
0.609487
0.597802
0.574185
0.559947
0.545298
0.509168
0.396299
0.166541
0.039033
0.006525
0.008101
0.004247
0.000291
0.000000
0.000000
0.000000
0.000000
0.000000
0.000000
0.000000
0.006322
0.025620
0.031652
0.022212
0.010685
0.002421
0.022671
0.067401
0.138163
0.224990
0.331045
0.555346
0.850662
1.226568
1.691896
2.233365
2.765926
2.734293
2.181724
1.689349
1.287513
1.484202
1.893411
2.364557
2.900198
3.460452
3.872685
4.004926
3.718420
3.194612
2.949526
3.468323
3.989209
4.342838
4.351016
4.181319
4.553510
4.640705
4.047760
3.367730
2.723264
2.186075
2.012429
1.919164
1.779065
1.480380
1.139455
0.830961
0.687930
0.595504
0.547857
0.460849
0.344408
0.236510
0.177160
0.173236
0.168662
0.158589
0.127492
0.067380
0.097388
0.144870
0.201495
0.272464
0.356264
0.457624
0.576841
0.705192
0.811457
0.857605
0.891623
0.815217
0.691079
0.565576
0.465816
0.389450
0.304259
0.296871
0.353567
0.387821
0.371847
0.416196
0.512471
0.590647
0.617487
0.656002
0.730741
0.872214
1.066358
1.277443
1.456118
1.553363
1.687018
1.857553
1.949549
1.911424
1.811233
1.667553
1.527540
1.507034
1.618171
1.729867
1.819191
1.981515
2.195513
2.426692
2.629059
2.722246
2.667819
2.488150
2.261720
2.730440
3.268946
3.730448
3.729819
3.270461
2.704404
2.218180
1.959058
1.790347
1.621000
1.434472
1.439756
1.448177
1.470426
1.421840
1.233472
1.322843
1.553779
1.788659
2.035975
2.263633
2.450652
2.747936
3.106652
3.521489
3.954001
4.397368
4.741873
4.932443
4.945264
5.028581
5.058588
5.133300
4.924790
4.536382
4.801052
4.918534
4.680859
4.263479
3.811628
3.583832
4.140935
4.779896
5.443160
6.029305
6.290365
5.999269
5.400495
4.735350
4.094144
3.512548
2.997056
2.542542
2.163037
2.035358
1.927339
1.899480
2.016271
1.975703
1.777561
1.557904
1.376543
1.727170
2.197008
2.729338
3.376670
4.045594
4.512496
4.524095
4.067569
3.393245
2.753009
2.235478
1.771686
1.370175
1.034002
0.761341
0.655675
0.679671
0.825164
1.020893
1.136672
1.116603
1.156232
1.175287
1.069843
0.861654
0.664056
0.583884
0.494035
0.431681
0.539373
0.636964
0.720232
0.751874
0.698484
0.615502
0.520961
0.564235
0.662490
0.760143
0.862243
0.955598
1.012475
1.004629
0.937006
0.897405
0.951783
0.977814
0.961533
1.147614
1.293761
1.388900
1.541697
1.711966
1.995837
2.312681
2.531958
2.639798
2.559390
2.312587
1.987212
2.099239
2.311517
2.556510
2.800972
2.983881
3.056449
2.985709
2.801648
2.587533
2.373491
2.165241
1.974669
1.797568
1.619824
1.448026
1.283952
1.076878
1.079684
1.240086
1.432690
1.639242
1.853606
2.039551
2.107059
2.053232
1.894357
1.721339
1.569808
1.461028
1.403678
1.293867
1.206095
1.157844
1.300806
1.474180
1.675623
1.835480
1.867676
1.748667
1.581689
1.551856
1.498949
1.350403
1.192114
1.076553
0.995038
1.048320
1.185953
1.381588
1.587563
1.799959
2.017286
2.220300
2.390265
2.595206
2.795260
2.853134
2.764854
3.212610
3.584315
3.754225
3.554546
3.186969
2.802388
2.639026
3.030388
3.432909
3.746683
3.799886
3.584924
3.234597
2.837510
2.473672
2.160308
1.892303
1.686254
1.585030
1.739409
2.246244
2.659964
2.886588
2.616433
2.178576
1.713230
1.525171
1.907518
2.319494
2.647144
2.696625
2.439052
2.312243
2.037059
1.690482
1.381939
1.081846
0.808259
0.586535
0.667980
0.943095
1.348818
1.898758
2.391674
2.590177
2.639582
2.596074
2.534852
2.467020
2.305141
2.018229
1.548363
1.351091
1.267473
1.220083
1.165402
1.039341
0.763362
0.431696
0.210152
0.072941
0.008715
0.000000
0.000000
0.000000
0.000000
0.000000
0.000000
0.000000
0.000000
0.000000
0.000000
0.000000
0.000000
0.000000
0.000000
0.000000
0.000000
0.000000
0.007742
0.000000
0.000000
0.000000
0.000000
0.000000
0.009030
0.033382
0.057242
0.059370
0.040990
0.062057
0.142076
0.218792
0.225527
0.160463
0.076973
0.065654
0.064710
0.058336
0.037441
0.009926
0.062155
0.110031
0.114842
0.069428
0.014744
0.000000
0.000000
0.000000
0.000000
0.000000
0.000000
0.000000
0.000000
0.000000
0.000000
0.000000
0.000000
0.000000
0.000000
0.000000
0.000000
0.000000
0.000000
0.000000
0.000000
0.000000
0.000000
0.000000
0.000000
0.000000
0.013528
0.073262
0.143039
0.178979
0.185450
0.176901
0.141703
0.074292
0.020856
0.028815
0.090861
0.133037
0.146651
0.090793
0.104203
0.137164
0.176849
0.226101
0.286110
0.380637
0.374916
0.273527
0.203062
0.147668
0.123215
0.225452
0.331130
0.562429
0.877252
1.036699
1.076474
1.041411
0.865725
0.513375
0.506924
0.463964
0.580381
0.637785
0.606039
0.557593
0.709539
0.915808
1.160439
1.415089
1.592217
1.596554
1.404182
1.142194
0.901437
0.698607
0.533751
0.410067
0.293828
0.190358
0.107986
0.080045
0.081211
0.049330
0.030513
0.031709
0.069849
0.140990
0.256887
0.398155
0.575114
0.700098
0.974010
1.308987
1.457356
1.328595
0.990849
0.673653
0.441581
0.324808
0.202426
0.158576
0.243650
0.366974
0.443663
0.672982
1.106748
1.298156
1.297027
1.099455
0.640730
0.617649
0.618725
0.577565
0.493373
0.662067
0.829954
0.891934
0.806388
0.622769
0.591097
0.694124
0.810072
0.951776
1.066862
1.082022
1.021193
0.937436
0.905841
0.982901
1.126249
1.222275
1.246807
1.139338
1.110833
1.110220
1.119152
1.236705
1.379920
1.562144
1.808514
2.095010
2.354114
2.543094
2.512990
2.306831
2.067897
2.097237
2.279764
2.426409
2.437597
2.307600
2.234719
2.090340
2.323591
2.534300
2.791571
3.069752
3.381457
3.704319
3.998784
4.116254
4.066877
3.947833
3.843573
3.549981
3.215104
2.891198
2.789167
3.168736
3.517926
3.716667
4.282155
4.714469
4.707947
4.287276
3.717866
3.131145
2.597038
2.238161
2.453936
2.819291
3.204423
3.530780
3.854193
4.114907
4.319570
4.773515
5.301852
5.814233
6.261280
6.340416
6.100326
5.731768
5.547801
5.275809
4.830087
4.372214
3.914556
4.066235
4.060316
3.751005
3.396194
3.682922
3.750089
4.114009
5.059064
6.183709
7.211940
7.974633
8.152501
7.731246
7.020642
6.318400
5.539037
5.208797
5.554308
6.365422
7.167126
7.294457
6.859337
6.532385
5.877034
5.105689
4.532625
4.013359
3.559406
3.166589
2.830617
2.769119
2.803945
3.108238
3.456215
3.758995
3.971731
4.228922
4.329994
4.190432
3.925724
3.811571
4.117410
4.324997
4.616586
4.844801
4.722999
4.375155
3.915431
3.445167
3.000073
2.580726
2.194077
1.983999
2.093094
2.094143
2.059945
2.159188
2.287683
2.333780
2.241099
2.123255
2.149871
2.258200
2.267526
2.406324
2.429782
2.766133
3.256628
3.541596
3.279945
2.875500
2.467541
1.980966
1.851795
1.591091
1.236531
0.900672
0.622549
0.406799
0.462310
0.615022
0.865631
0.992160
0.979892
0.966262
1.007338
1.063942
1.093259
1.134934
1.266876
1.410179
1.536978
1.645648
1.684435
1.706904
1.688017
1.878610
2.122505
2.310533
2.435420
2.471948
2.543500
2.512079
2.383312
2.212456
2.242093
2.201587
2.053737
1.837352
1.614321
1.412184
1.407975
1.381912
1.382635
1.517340
1.690940
2.098834
2.586968
2.948569
3.618551
4.888939
5.540570
5.796120
5.926854
5.920236
5.410685
4.153041
3.606489
3.536886
3.423508
3.252633
3.044868
3.040292
2.741662
2.741243
2.884590
2.930765
2.924706
2.818242
2.706063
2.941140
3.190440
3.461318
3.690998
3.799625
3.662772
3.422297
3.168669
3.102440
3.241685
3.421702
3.594254
3.641971
3.578431
3.491144
3.443204
3.282413
3.323821
3.402967
3.362720
3.195325
3.318874
3.453560
3.405441
3.207317
3.417745
3.622724
3.835790
3.997272
3.983451
3.750686
3.474009
3.321441
3.262769
3.537216
3.966093
4.628453
5.370121
6.185946
7.083090
8.040651
8.920785
9.411033
9.318194
8.617032
7.662863
7.554159
8.654934
9.954363
11.399592
12.977314
14.623717
16.009920
17.034185
16.474354
14.942953
13.099853
11.282793
12.501460
13.977759
15.267646
16.610991
17.352631
16.891066
15.729693
14.116690
12.538671
11.171954
10.104155
10.990954
11.558853
12.147948
12.225927
11.735001
10.820233
9.915424
9.475784
8.823639
8.418784
9.062063
9.392168
9.136494
8.511130
7.853016
7.892648
7.550150
7.018663
6.543913
6.078088
5.552995
5.038627
4.574663
4.366041
4.044041
3.671912
3.261976
2.901734
2.898720
3.136520
3.424889
4.008221
4.239966
4.071494
3.752405
3.520164
3.635813
3.567471
3.578545
3.491224
3.584934
3.910654
4.228501
4.439388
4.567413
4.434935
4.164889
4.150259
4.486962
4.854048
5.160542
5.863948
6.298832
6.662883
7.031372
7.413314
7.764663
8.105730
8.445625
8.763917
8.924531
8.870951
8.561046
8.156261
8.008929
8.436971
8.900316
9.392421
9.911363
10.448133
11.011604
11.520200
11.838807
11.828443
11.395395
10.835196
10.664925
10.880733
10.818010
10.463353
9.955230
9.460394
9.007168
8.543270
8.088074
7.649214
7.251791
7.242088
7.292572
7.109689
6.741405
6.611197
7.413534
7.675168
7.387105
6.595016
5.768220
5.442160
5.306058
5.397174
5.673258
6.137073
6.646206
7.004089
7.159641
6.967781
6.312313
5.560385
4.728880
3.982620
3.317636
2.737616
2.150594
1.761679
1.688467
1.758690
1.872540
1.976414
2.113947
2.263468
2.229184
2.017755
1.965648
1.921455
1.988663
2.109957
2.290947
2.339410
2.518014
2.583419
2.672257
2.764181
3.085892
3.432992
3.846526
4.390308
5.039092
5.771668
6.586065
7.377013
7.935844
7.953731
7.414693
6.648455
5.942804
5.426505
5.074986
4.825504
4.678861
5.292404
5.797903
5.887349
5.627706
5.217049
4.754620
4.279591
4.008172
3.894415
3.951417
4.209272
4.371182
4.175215
3.782696
3.809484
3.833404
4.242081
4.668108
5.139920
5.515813
5.616638
5.417252
5.225639
4.943659
4.617450
4.188844
3.919470
3.653940
3.602759
4.063534
4.534505
4.790032
4.618961
4.167662
3.689521
3.296301
3.406215
3.279147
3.018926
2.774220
3.011344
3.258201
3.308648
3.128118
2.859915
2.526528
2.683590
2.916146
3.187153
3.488262
3.734969
3.648556
3.379779
3.689517
3.616960
3.253532
2.804277
2.377466
1.992693
2.131082
2.376789
2.658712
2.951524
3.221015
3.385344
3.149202
2.930166
2.878947
2.649925
2.682353
2.884999
3.051878
2.955083
2.444757
2.266411
2.075808
1.997918
2.060122
2.260857
2.508170
2.689808
2.744937
3.006122
3.343248
3.666684
3.793501
3.713640
3.172659
2.621775
2.536447
2.542722
2.109039
2.033802
2.235981
2.541222
2.883918
3.255998
3.676461
4.145415
4.657957
5.226245
5.801218
6.314084
6.481232
6.610603
6.718783
6.037857
5.310624
5.283098
5.599060
6.213470
6.956091
7.769031
8.582141
9.521565
10.549399
11.426918
12.147948
11.985314
9.731616
8.650702
6.848537
5.910920
5.220673
5.053335
4.605064
3.493565
3.164037
3.445570
3.609685
3.337931
2.560658
2.627379
2.999033
3.524318
3.902346
3.108922
1.875262
2.030518
0.000000
0.000000
0.000000
0.000000
0.000000
0.000000
0.000000
0.000000
0.000000
