track	type=wiggle_0
fixedStep	chrom=chr	start=1	step=1
0.000000
0.000000
0.000000
0.000000
0.000000
0.000000
0.000000
0.000000
0.000000
0.004146
0.005081
0.000671
0.000000
0.000000
0.000000
0.000000
0.000000
0.000000
0.000000
0.000000
0.000000
0.000000
0.000000
0.000000
0.000000
0.000000
0.000000
0.000000
0.000000
0.000000
0.000000
0.000000
0.000000
0.000000
0.000000
0.000000
0.000000
0.000000
0.000000
0.000000
0.000000
0.008052
0.021622
0.013308
0.009026
0.001400
0.006972
0.031884
0.112154
0.265228
0.496211
0.894741
1.188542
1.404154
1.464894
1.471183
1.433115
1.261620
0.796387
0.418159
0.191447
0.064152
0.006789
0.000000
0.000000
0.000000
0.000000
0.000000
0.000000
0.000000
0.000000
0.000000
0.000000
0.000000
0.000000
0.000000
0.000000
0.000000
0.000000
0.000000
0.000000
0.000000
0.000000
0.000000
0.000000
0.000000
0.000000
0.000000
0.000000
0.000000
0.000000
0.000006
0.000840
0.000174
0.000000
0.000000
0.000000
0.000000
0.001497
0.010540
0.026320
0.044578
0.060199
0.054909
0.038948
0.018435
0.007935
0.060707
0.176359
0.398804
0.837008
1.064219
1.127941
1.139207
1.139207
1.139207
1.127941
1.059990
0.823736
0.376330
0.180916
0.089563
0.101817
0.121977
0.229510
0.328999
0.344003
0.252817
0.211307
0.344939
0.517028
0.716328
0.874302
0.909787
0.772249
0.578004
0.395768
0.591473
0.865739
1.195471
1.474990
1.568521
1.400534
1.129432
0.832113
0.967517
0.970522
0.838808
0.677894
0.807436
1.024086
1.170691
1.239043
1.472290
1.518409
1.381465
1.145691
0.927003
0.865886
0.876622
0.776203
0.772028
0.826712
1.172929
1.582574
2.016801
2.243158
2.189119
1.979437
2.052821
2.401192
2.654041
2.691987
2.395567
2.031737
1.697430
1.303374
1.228177
1.029373
0.815718
0.625831
0.464537
0.329847
0.221443
0.162995
0.168231
0.174895
0.187662
0.254164
0.323927
0.364860
0.345205
0.288447
0.218633
0.157684
0.118098
0.122496
0.102109
0.091044
0.133374
0.166559
0.176987
0.238314
0.398721
0.675915
0.744492
0.580894
0.373535
0.346418
0.274684
0.235531
0.201607
0.152213
0.144205
0.194777
0.242381
0.265329
0.254479
0.208281
0.161236
0.161021
0.215578
0.311364
0.459689
0.631161
0.800212
0.839496
0.736802
0.565564
0.405276
0.440513
0.619456
0.780849
0.878674
1.009173
1.192708
1.367255
1.559185
1.718247
1.890162
2.054847
2.148987
2.148172
2.053365
1.902752
1.748202
1.587604
1.421188
1.212781
1.010087
1.148146
1.295424
1.454885
1.626334
1.808502
2.001129
2.204478
2.418265
2.626335
2.763786
2.763785
2.626335
2.418265
2.204405
2.001130
1.808403
1.626019
1.454618
1.295172
1.150531
1.027552
1.035345
1.063273
1.011809
0.914135
0.801861
0.698483
0.713577
0.795416
0.853099
0.927634
0.907297
0.792291
0.647874
0.516463
0.652735
0.861196
1.107634
1.369671
1.526478
1.477761
1.212551
1.158156
1.380674
1.556464
1.778926
1.905081
1.741050
1.549849
2.093859
2.903410
3.280934
3.385995
3.408076
3.408076
3.385995
3.277783
2.901107
2.132617
1.910516
2.252092
2.497088
2.511070
2.201727
1.756506
1.323331
0.961090
0.682617
0.675880
0.822754
0.932711
1.210243
1.498430
1.677873
1.649059
1.456823
1.192155
0.965018
0.760484
0.635388
0.744192
1.029748
1.371985
1.665410
1.881781
1.854711
1.562506
1.219421
0.912639
0.644876
0.420957
0.249823
0.128346
0.049478
0.031584
0.031414
0.013247
0.000487
0.000000
0.000000
0.000686
0.007035
0.014973
0.014461
0.008417
0.007662
0.000000
0.000000
0.000000
0.000000
0.000000
0.000000
0.000000
0.000000
0.000000
0.000000
0.000000
0.000000
0.000000
0.000000
0.000000
0.000000
0.000000
0.000000
0.032762
0.075011
0.089092
0.092713
0.092713
0.089350
0.076079
0.036655
0.000139
0.000000
0.000000
0.000000
0.000000
0.000066
0.024817
0.108368
0.207538
0.127721
0.078877
0.068376
0.071277
0.178316
0.255916
0.281193
0.286753
0.286546
0.286546
0.286546
0.286546
0.282572
0.260465
0.183904
0.044333
0.000007
0.000000
0.000000
0.000000
0.000000
0.000000
0.000000
0.000000
0.000000
0.000000
0.000000
0.000000
0.000000
0.000123
0.010684
0.021207
0.010962
0.000309
0.000029
0.018494
0.076089
0.177830
0.330925
0.544265
0.824321
1.177367
1.568114
1.853595
1.851917
1.563443
1.173547
0.829953
0.599610
0.464338
0.581873
0.725231
0.873347
1.093903
1.454341
1.924762
2.492348
3.168947
3.932484
4.658472
5.291643
5.340601
4.727260
3.960913
3.196012
3.455129
3.784643
4.112925
4.258428
4.019709
3.537915
2.962376
2.418138
1.948948
1.560626
1.262936
1.097504
1.103595
1.228048
1.313784
1.349699
1.381181
1.381320
1.335084
1.243339
0.985221
0.574635
0.347520
0.191117
0.163447
0.120417
0.149673
0.183537
0.202932
0.185491
0.125843
0.068608
0.028284
0.045606
0.083584
0.133656
0.194167
0.266872
0.354144
0.456053
0.573789
0.708469
0.857568
1.003259
1.101604
1.107829
1.022663
0.888749
0.983158
1.084841
1.180232
1.175999
1.194580
1.334257
1.370247
1.304869
1.185894
1.040915
0.970008
1.081043
1.163470
1.180667
1.127818
0.999502
0.854913
0.720465
0.646006
0.673725
0.631852
0.560309
0.458434
0.413242
0.496534
0.590547
0.742291
0.921033
1.121794
1.318748
1.440021
1.435376
1.739827
2.164899
2.660660
3.215489
3.756750
4.024065
3.823302
3.354321
2.857484
2.925720
3.249989
3.345905
3.470676
4.211052
5.010020
6.388319
7.014636
7.189517
7.189517
7.033366
6.445949
5.140069
4.503863
5.145880
5.893811
6.416327
6.577398
6.552911
5.767499
4.708826
4.178105
3.825286
3.355224
3.231604
3.270735
3.324815
3.410838
3.824953
4.070732
3.969920
3.523793
3.013936
2.483647
2.011071
1.602362
1.369722
1.509094
1.766741
1.894237
1.737824
1.445644
1.576886
1.797302
2.014651
2.160379
2.140288
1.969091
1.735055
1.502299
1.354150
1.339164
1.253620
1.394321
1.393339
1.243472
1.098215
1.052224
1.202941
1.376853
1.542104
1.629183
1.608365
1.473488
1.566304
1.755124
1.951101
2.139956
2.286030
2.282397
2.124908
1.942216
1.773267
1.664914
1.687930
1.592610
1.460621
1.330996
1.171292
1.033239
1.088713
1.215122
1.360407
1.514516
1.658648
1.716181
1.693688
1.573816
1.431102
1.291899
1.210707
1.149314
1.121109
1.081828
1.035025
0.942174
0.926228
0.975074
0.918783
0.934915
1.328302
1.754454
1.715814
1.215048
0.822733
0.519981
0.460972
0.420312
0.414359
0.486550
0.543369
0.578203
0.553977
0.507448
0.448782
0.386274
0.435427
0.468864
0.538104
0.587528
0.567613
0.530310
0.565391
0.540991
0.561731
0.566557
0.530674
0.465795
0.431406
0.466440
0.447133
0.502234
0.613628
0.703675
0.721837
0.651563
0.558980
0.489303
0.606125
0.731298
0.887580
1.066324
1.210989
1.235801
1.121609
0.953778
0.789278
0.633839
0.499690
0.384056
0.284377
0.263908
0.216885
0.209415
0.243402
0.252046
0.320777
0.400680
0.490637
0.577228
0.643723
0.640614
0.565998
0.550500
0.767637
0.998999
1.138742
1.119721
0.969115
0.798966
0.878939
0.967528
1.052423
1.158544
1.273111
1.391831
1.531581
1.706635
1.885406
1.949290
1.881396
2.437850
3.005688
2.988465
2.420040
1.958576
1.771733
1.512122
1.700364
2.087685
2.027396
1.497710
1.186285
0.940780
0.743157
0.808503
0.754596
0.859358
0.966129
1.064533
1.227121
1.414908
1.540088
1.503921
1.326086
1.281131
1.468832
1.532254
1.482143
1.327633
1.138896
1.015283
0.952796
0.966111
0.906780
0.816518
0.848292
0.962940
1.004452
0.948261
0.818671
0.682598
0.583739
0.529236
0.442646
0.396819
0.443974
0.451473
0.430374
0.668269
1.016094
1.448036
1.946215
2.645090
2.978894
3.074510
3.075623
2.999329
2.729487
2.133956
1.497338
1.482258
1.669646
1.894469
2.126225
2.676439
3.276093
3.944225
4.346443
4.286839
3.730673
3.052517
2.558879
2.373654
2.343105
2.339571
2.345114
2.259778
2.100001
1.910439
1.732575
2.068528
2.671557
3.302816
3.683479
3.314855
2.692346
2.098737
1.921763
1.690607
1.332532
1.122741
1.040287
1.095873
1.015200
1.183834
1.372684
1.584807
1.803586
1.983499
2.063506
2.048769
1.934728
1.762872
1.564721
1.380632
1.252050
1.205260
1.253367
1.395613
1.555298
1.703791
1.799919
1.836545
1.769246
1.623764
1.476197
1.312396
1.146483
1.027904
1.067614
1.028447
1.092944
1.281403
1.486969
1.687780
1.838103
1.824386
1.700952
1.541530
1.366138
1.166639
0.970813
0.789732
0.778469
0.971385
1.172437
1.349148
1.406889
1.329653
1.681423
2.124064
2.602819
3.049212
3.213724
3.200820
2.836555
2.305804
1.811301
1.481092
1.315989
1.233608
1.120766
0.986370
0.782366
0.583032
0.415386
0.288221
0.236141
0.302856
0.366983
0.448459
0.549346
0.596646
0.550294
0.709444
0.965217
1.011030
0.796417
0.559210
0.376599
0.220140
0.253662
0.303581
0.302822
0.251160
0.249954
0.274957
0.257483
0.201907
0.156852
0.137344
0.096929
0.034353
0.013528
0.024681
0.027756
0.027869
0.095047
0.178925
0.243098
0.226250
0.199968
0.266254
0.463513
0.754195
1.152652
1.669610
2.000123
2.117002
2.112223
1.978233
1.604878
1.046499
0.685367
0.613624
0.698632
0.635564
0.468835
0.303390
0.299846
0.337817
0.330729
0.331473
0.345076
0.336157
0.372578
0.359417
0.302460
0.265426
0.296675
0.525023
0.660320
0.702562
0.652938
0.504874
0.272174
0.115303
0.096269
0.073506
0.092301
0.140548
0.187382
0.210862
0.190349
0.142654
0.142011
0.208938
0.260521
0.258724
0.212365
0.149674
0.098106
0.086214
0.095321
0.080271
0.048287
0.019907
0.003463
0.000000
0.001335
0.043259
0.166069
0.358504
0.454352
0.449080
0.340228
0.138781
0.030949
0.000000
0.000000
0.000000
0.000000
0.011098
0.054604
0.120395
0.164363
0.165745
0.287625
0.442793
0.625175
0.828205
1.077598
1.364786
1.570818
1.607140
1.411885
1.122481
1.200632
1.427911
1.495271
1.399262
1.150715
1.244875
1.662785
2.233620
2.972113
4.039062
4.997539
5.393906
5.499938
5.510035
5.441068
5.124528
4.854803
5.509204
5.652646
5.249422
4.436747
3.636020
3.013836
3.044337
2.923596
2.525266
2.026777
1.564930
1.286121
1.046632
0.890085
0.810437
0.771830
0.698406
0.699967
0.595290
0.432355
0.279731
0.160491
0.075291
0.039672
0.032589
0.013052
0.000000
0.000000
0.000000
0.000000
0.000000
0.000873
0.000000
0.000114
0.031284
0.152596
0.349989
0.450911
0.485097
0.459776
0.375539
0.210219
0.082379
0.002971
0.001308
0.001757
0.000426
0.000050
0.001465
0.000911
0.000048
0.005502
0.011716
0.009448
0.017088
0.020514
0.010072
0.001056
0.000000
0.000000
0.000000
0.000000
0.000000
0.000000
0.000000
0.000526
0.020286
0.065679
0.109007
0.107828
0.066493
0.022471
0.001913
0.000000
0.000000
0.000698
0.005458
0.018946
0.048465
0.072861
0.065762
0.097958
0.178252
0.263139
0.363967
0.468470
0.668491
0.942377
1.279727
1.647390
2.113026
2.688726
3.368835
4.159417
4.991849
5.580881
5.654494
5.120336
4.305672
3.515263
2.827266
2.222287
1.709504
1.284250
0.937129
0.652582
0.432115
0.279400
0.342633
0.332455
0.266901
0.185821
0.110565
0.089638
0.048171
0.016631
0.009470
0.000534
0.000000
0.000000
0.000000
0.000000
0.000000
0.000000
0.000567
0.009976
0.030431
0.061327
0.104587
0.162327
0.236431
0.328570
0.433707
0.516411
0.534239
0.475399
0.377416
0.284355
0.297259
0.386336
0.454174
0.478816
0.440029
0.360405
0.342121
0.429718
0.496052
0.495358
0.423735
0.361609
0.304389
0.257336
0.313179
0.412827
0.519876
0.633116
0.751290
0.875871
0.963589
1.004532
0.968662
1.000058
1.104017
1.112383
1.020745
0.889083
0.756831
0.634225
0.701618
0.958895
1.269784
1.632686
2.046552
2.529830
3.045417
3.436736
3.436635
3.039888
2.522593
2.042792
1.918083
2.302948
2.614142
2.818222
2.872009
2.744397
2.541826
2.249872
2.002591
2.331122
2.712914
3.082886
3.479499
3.783316
3.843991
3.560000
3.215814
2.764153
2.785660
3.267578
3.821469
4.480532
5.256226
6.111970
6.975406
7.597512
7.757856
7.242601
6.413806
5.528615
4.721612
4.053754
3.961574
4.076728
4.144780
3.974372
3.611001
3.563359
4.070113
4.552048
5.105459
5.675000
6.293319
6.805362
6.846808
6.405797
5.748342
5.085796
4.474718
4.044841
3.772590
3.430974
3.460243
3.854731
4.317875
4.816556
5.346713
5.880048
6.384047
6.646156
6.512563
6.154163
5.796159
5.666420
5.303674
4.833113
4.353062
3.905835
3.509238
3.154044
3.377053
3.530393
3.534164
3.335735
3.067596
2.996732
3.210592
3.469843
3.580342
3.544953
3.601266
3.637479
3.632763
3.639791
3.640557
3.460140
3.207378
3.066659
2.929212
2.692910
2.436743
2.182746
1.922735
1.669634
1.777822
2.175866
2.746949
3.448564
4.274446
5.236043
6.329179
7.417361
8.320821
8.330332
7.453663
6.327876
5.254866
4.343239
3.526974
2.810895
2.215519
1.745659
1.436208
1.766267
2.055208
2.077787
1.910778
1.671545
1.693734
1.595477
1.841294
2.088642
2.137651
2.244117
2.267076
2.345271
2.258390
2.340029
2.189592
1.923027
1.734386
1.489379
1.252780
1.124613
0.937667
0.739687
0.681315
1.027091
1.447003
1.921333
2.497504
2.964559
2.972663
2.524319
1.768848
1.298640
1.373319
1.594688
1.764438
1.661005
1.531654
1.231648
1.035208
1.301144
1.771012
2.315171
2.990808
3.645915
3.645873
2.967952
2.227408
1.628166
1.157982
0.783936
0.623820
0.522423
0.503781
0.444442
0.355983
0.285901
0.285526
0.288729
0.246982
0.185740
0.307544
0.450587
0.573332
0.610947
0.547273
0.538394
0.524150
0.597681
0.683269
0.716674
0.633396
0.520325
0.536045
0.548933
0.562167
0.868621
1.264988
1.758770
2.331990
2.875291
3.126546
2.859076
2.326102
1.770484
1.282369
0.892285
1.073297
1.424311
1.787186
1.963245
1.982162
1.747993
1.436997
1.150081
0.886203
0.693164
0.545255
0.614032
0.775789
0.883100
0.826299
1.389821
1.966016
2.211145
2.280051
2.300108
2.287862
2.238737
2.074631
1.731985
1.475912
1.285088
1.020516
0.856601
0.706540
0.586793
0.508772
0.428927
0.376225
0.335049
0.258530
0.330932
0.498718
0.708398
0.967608
1.240859
1.438122
1.487544
1.379004
1.122066
0.862701
0.646487
0.464699
0.311234
0.189109
0.100028
0.041939
0.015698
0.027956
0.006516
0.004372
0.004153
0.000244
0.000000
0.000000
0.000000
0.000000
0.000000
0.000000
0.000000
0.000000
0.000000
0.001179
0.004345
0.002652
0.000037
0.000000
0.000000
0.000000
0.000000
0.000000
0.000000
0.000000
0.000000
0.000000
0.000000
0.000000
0.000000
0.000000
0.000000
0.000140
0.002207
0.004984
0.005701
0.004337
0.003123
0.000195
0.000000
0.000019
0.005321
0.018657
0.032945
0.037770
0.027617
0.086811
0.158475
0.192118
0.203518
0.210910
0.218928
0.227410
0.261608
0.281144
0.302632
0.304056
0.297250
0.274766
0.240856
0.245725
0.345913
0.430590
0.454207
0.444459
0.386552
0.293457
0.247101
0.224651
0.225306
0.254550
0.236152
0.270749
0.341441
0.487507
0.567511
0.601362
0.606587
0.606556
0.605023
0.599361
0.573896
0.481922
0.274883
0.095496
0.216841
0.363280
0.445527
0.375516
0.246373
0.116211
0.294187
0.520460
0.635399
0.665039
0.669929
0.668249
0.667765
0.662316
0.635682
0.526144
0.337251
0.225651
0.221506
0.216901
0.239385
0.327758
0.419786
0.474214
0.524402
0.724040
0.859307
0.886918
0.745075
0.780109
0.937365
1.089996
1.339393
1.789626
2.237632
2.446334
2.272533
1.816937
1.356625
0.996911
1.050266
1.325859
1.424760
1.330448
1.126063
0.936630
1.007283
1.060653
1.242100
1.275841
1.220672
1.119549
0.897701
0.802582
0.744941
0.711538
0.710114
0.921884
1.097649
1.128598
0.942985
0.698206
0.473190
0.516656
0.631612
0.738285
0.778683
0.767188
0.753813
0.732362
0.785245
0.845292
0.834286
0.750864
0.693613
0.819341
0.939101
1.041895
1.074364
1.018847
0.918245
0.816027
0.756223
0.875618
0.935283
0.892956
0.822193
0.827990
0.920473
1.005229
1.177427
1.340647
1.430714
1.389064
1.287783
1.243633
1.377802
1.414381
1.347655
1.215540
1.072717
1.221251
1.415698
1.533819
1.473515
1.461564
1.541484
1.488973
1.494826
1.533255
1.682237
1.877014
2.050249
2.143644
2.043849
1.861382
1.699162
1.575614
1.709473
1.717901
1.603812
1.627590
1.824401
2.115426
2.449789
2.695151
2.690261
2.416374
2.068295
1.786855
1.702537
1.534920
1.431053
1.341829
1.203872
1.231983
1.446128
1.680075
1.929003
2.172580
2.336260
2.363541
2.228058
1.982574
1.729027
1.485097
1.255226
1.052104
0.909323
0.970125
1.016283
1.023017
0.876087
0.823921
0.842034
0.963341
1.101028
1.384577
1.846142
2.286742
2.464702
2.283780
1.823355
1.342509
0.969216
0.922245
0.839571
0.852920
0.823613
0.727171
0.825055
0.958862
1.096729
1.197122
1.199234
1.118548
0.975342
0.836609
0.809406
0.823179
0.726725
0.992941
1.390781
1.854721
2.271818
2.484760
2.255811
1.856078
1.398824
1.023709
0.909545
0.932792
0.856964
0.697877
0.540403
0.419123
0.386626
0.426511
0.402997
0.319785
0.261370
0.392448
0.609477
0.887412
1.224071
1.573743
1.772203
1.697840
1.403207
1.044391
0.730001
0.488414
0.315621
0.326084
0.487794
0.670746
0.818244
0.826863
0.704819
0.684577
0.576208
0.461542
0.351641
0.311082
0.392317
0.517959
0.738437
1.050138
1.423431
1.841507
2.239256
2.796899
3.215265
3.163322
2.676108
2.063004
1.578859
1.484768
1.400263
1.229341
1.155857
1.203974
1.224775
1.088712
0.942660
0.972752
0.973867
0.874592
0.787887
0.944423
1.228622
1.497838
1.538448
1.320587
1.011210
0.712935
0.489764
0.660535
0.885570
1.368646
2.022138
2.388901
2.517959
2.531828
2.443245
2.160466
1.635131
1.159133
0.952976
0.841604
0.701015
0.559337
0.533278
0.478346
0.485081
0.554936
0.598962
0.719035
0.785949
0.770456
0.771644
0.798884
0.839492
0.917767
0.949032
1.035270
1.047643
0.972555
0.891411
0.884784
0.843869
0.788484
0.657405
0.524927
0.426370
0.435679
0.481816
0.637465
0.808475
0.971504
1.062787
1.149457
1.164027
1.031621
1.030316
1.193257
1.258047
1.171936
0.976449
1.021239
1.269830
1.577284
1.944607
2.339319
2.654951
2.733130
2.506593
2.191612
2.016299
2.366195
2.795740
3.321567
3.950691
4.681966
5.510727
6.459431
7.523240
8.725263
10.069766
11.547746
13.214683
15.108436
17.102762
18.717991
19.352859
18.504120
16.585957
14.631946
12.941043
11.893556
12.353858
12.810895
12.835063
12.377642
11.024749
9.843559
8.874728
7.746525
6.733758
5.863580
5.034372
4.308019
3.724012
4.277655
4.339897
3.996672
3.994409
3.729783
3.372736
3.537914
3.683594
4.077667
4.457675
4.626956
4.616383
4.592253
4.468885
4.393847
4.655143
5.097074
5.487565
5.721122
5.572831
5.170808
4.689299
4.232450
3.850282
4.094901
4.423088
4.566081
4.464422
4.124852
3.746531
3.655592
3.498871
3.207962
2.907960
2.632432
2.478487
2.401535
2.601991
2.849196
3.048080
3.086157
2.918345
2.685256
2.477715
2.598138
2.657279
2.931959
3.217570
3.433999
3.538513
3.440160
3.273429
3.429557
3.585079
3.723563
3.715431
3.578263
3.386228
3.367733
3.417792
3.658441
3.905191
4.060663
4.026948
4.059299
4.243230
4.525709
4.858347
5.148387
5.214949
5.052752
5.417885
5.738143
6.018901
6.159507
6.172087
5.996784
5.721497
5.690828
5.466017
5.383356
5.301585
5.037770
4.958713
4.912656
4.705427
4.723372
4.966060
5.536371
5.966048
6.249874
6.168344
5.975964
5.916242
5.782794
5.494106
5.002913
4.460476
4.324935
4.153567
3.947314
3.953520
3.983843
3.951733
3.925559
3.736814
3.693038
3.903142
4.134813
4.463156
4.862196
5.339045
5.769803
5.861459
5.650024
5.312995
5.230390
5.009052
4.687550
4.538896
4.279072
3.966773
3.658444
3.412955
3.251528
3.207469
3.244060
3.112408
3.007038
3.088321
3.245870
3.505482
3.922006
3.957972
3.774994
3.532297
3.683312
4.037542
4.432872
4.842144
5.223417
5.455297
5.454135
5.213917
4.904175
4.536294
4.254220
4.287205
4.174864
4.018305
3.965018
3.824736
3.879990
4.177527
4.461952
4.741579
4.904069
4.887828
4.657129
4.230173
4.292488
4.595111
4.807872
4.665915
4.397739
4.081016
3.722899
3.406214
3.145864
2.960595
2.737253
2.602818
2.814019
2.958627
3.037907
2.975311
2.791751
2.680656
2.382868
2.102676
2.110725
2.351612
2.622713
2.911369
3.133603
3.189154
3.084702
3.024956
2.847544
2.440082
2.346147
2.356353
2.234090
2.132079
2.491307
2.939814
3.423061
3.840483
4.054399
3.826687
3.401476
2.920817
2.515073
2.157445
1.804040
1.530778
1.504885
1.764835
1.994605
2.243728
2.465988
2.492289
2.281560
1.996661
1.679550
1.280745
1.308901
1.483222
1.291880
0.978954
0.735223
0.813934
1.012232
1.285381
1.609372
1.967373
2.313182
2.478063
1.958877
1.613697
1.755335
2.049505
2.438368
2.884067
3.439926
4.085397
4.807374
5.618805
6.544082
7.570735
8.697424
9.908385
11.149306
12.648869
14.430773
16.271675
17.594267
16.578905
10.933065
9.036914
9.638158
11.096370
12.810895
0.000000
0.000000
0.000000
0.000000
0.000000
0.000000
0.000000
0.000000
0.000000
