track	type=wiggle_0
fixedStep	chrom=chr	start=1	step=1
0.000000
0.000000
0.000000
0.000000
0.000000
0.000000
0.000000
0.000000
0.000000
0.258332
0.406561
0.223815
0.089102
0.045826
0.048601
0.047799
0.103233
0.224383
0.315216
0.430885
0.646625
0.852138
0.941360
0.810329
0.595414
0.637082
0.823045
0.589861
0.322893
0.138376
0.045746
0.006629
0.000939
0.000557
0.000867
0.003551
0.002756
0.000000
0.000000
0.001469
0.028995
0.160840
0.368391
0.459547
0.600185
0.753171
0.894714
0.916736
0.822121
0.748000
0.825186
0.786714
0.655880
0.489882
0.459642
0.640285
0.877769
1.154698
1.423966
1.605560
1.515759
1.286198
1.047419
0.813466
0.595628
0.420801
0.301479
0.195912
0.144412
0.082933
0.032006
0.027993
0.019063
0.019902
0.020398
0.027600
0.021893
0.065843
0.254367
0.528599
0.704075
0.867431
1.010643
1.120550
1.177446
1.122859
1.010166
1.087235
1.085282
1.003266
0.861608
0.793641
0.934087
1.103572
1.292629
1.477286
1.597317
1.612918
1.530866
1.365523
1.199275
1.153294
1.317844
1.438905
1.506927
1.457889
1.348959
1.432558
1.434911
1.356400
1.205983
1.174080
1.329792
1.507340
1.692063
1.877486
1.999197
2.003577
1.892068
1.920428
2.126196
2.159725
1.999309
2.286137
2.203748
1.730695
1.290010
1.235036
1.502670
1.766983
1.922989
1.878243
1.729371
2.048704
2.465746
2.957602
3.481242
3.901446
4.045055
3.741332
3.273042
3.087425
3.724427
4.492108
5.305438
5.973095
6.306918
5.953410
5.206535
4.376008
3.658401
3.174672
3.092280
2.772036
2.377235
1.958410
1.626314
1.592835
1.840527
1.898630
1.721075
1.678241
1.850068
1.926494
1.877214
1.938101
1.906186
1.944757
2.074134
2.314636
2.512781
2.528954
2.717187
3.215487
3.778574
4.369342
4.877678
5.154806
4.888204
4.382098
3.804423
3.774751
3.579329
3.452791
3.299999
2.968878
2.622202
2.288534
1.985809
1.736767
1.757965
1.891618
1.931303
1.869841
1.677555
1.465737
1.587401
1.705001
1.668006
1.525421
1.333179
1.148845
1.000566
0.928676
1.042507
1.171123
1.289152
1.330649
1.423583
1.534431
1.554567
1.551883
1.727718
1.897133
2.024924
2.034157
1.914552
1.760463
1.752025
1.863012
2.015975
2.139448
2.177825
2.092986
1.999428
1.947360
1.997349
2.190972
2.360988
2.425407
2.359972
2.188842
1.991990
1.811131
1.676448
1.677504
1.797205
1.836134
1.778728
1.667271
1.615501
1.607711
1.586018
1.606059
1.558987
1.555032
1.567086
1.516827
1.564943
1.522141
1.420223
1.286188
1.162210
1.037307
0.915405
0.811907
0.754493
0.796408
0.753957
0.690782
0.619724
0.510667
0.394069
0.273960
0.281218
0.317239
0.322990
0.290918
0.301770
0.278242
0.228423
0.242830
0.244250
0.212838
0.224505
0.257501
0.297350
0.441839
0.633308
0.871831
1.161103
1.503739
1.907403
2.363346
2.816336
3.100721
3.064607
2.846989
2.734634
3.251084
3.758777
4.282782
4.905444
5.564567
5.907960
5.960341
5.711171
5.124766
4.467450
3.825786
3.725208
4.035551
4.198467
4.107326
4.914467
5.955794
7.321091
8.367568
9.414996
9.414997
8.364785
7.255607
6.396502
6.914631
6.821148
6.504746
5.751500
5.102591
4.387184
4.072208
4.732600
5.434785
6.053436
6.269689
6.038685
5.555696
5.312365
4.847870
4.250884
3.670653
3.163861
2.767685
2.777048
2.877387
2.746170
2.601892
2.413630
2.367886
2.423131
2.406894
2.566637
2.530193
2.358380
2.079959
1.826151
1.701222
1.514929
1.287115
1.067991
0.870418
0.698461
0.548877
0.514790
0.401238
0.294608
0.237532
0.216629
0.154999
0.139658
0.319755
0.356897
0.240728
0.177720
0.122727
0.181865
0.159667
0.079721
0.025751
0.026784
0.029079
0.022225
0.040838
0.033375
0.007091
0.000308
0.001863
0.032710
0.115358
0.252868
0.424199
0.604436
0.899989
1.190268
1.189134
0.881666
0.552821
0.321779
0.169095
0.062562
0.008478
0.000831
0.029022
0.072270
0.033551
0.000230
0.000000
0.000000
0.000000
0.000000
0.000000
0.000000
0.000000
0.000000
0.000000
0.000000
0.000000
0.000000
0.000000
0.000000
0.000000
0.000000
0.000000
0.000000
0.000000
0.000000
0.000000
0.000000
0.000000
0.000000
0.000000
0.000000
0.000000
0.000000
0.000000
0.000000
0.000000
0.000000
0.000000
0.000000
0.000000
0.000000
0.016607
0.072731
0.174780
0.327789
0.537464
0.813618
1.164860
1.550340
1.831500
1.827340
1.532907
1.150297
0.810383
0.585132
0.605091
0.842380
1.053929
1.293176
1.598579
2.049050
2.616133
3.290007
4.081638
4.997923
5.956305
6.737578
6.747050
6.018490
5.113182
4.256185
3.661685
3.321760
2.761088
2.207309
1.719321
1.308401
0.967027
0.688622
0.465792
0.293559
0.165148
0.076154
0.022546
0.000850
0.000000
0.000000
0.000000
0.000000
0.000000
0.000000
0.000000
0.000000
0.000000
0.000000
0.000000
0.000000
0.000000
0.000000
0.000000
0.000000
0.000000
0.000000
0.000000
0.000000
0.000000
0.000000
0.000000
0.000000
0.000000
0.000000
0.000000
0.000000
0.000000
0.000000
0.000000
0.000000
0.000000
0.000000
0.000000
0.000000
0.000000
0.000000
0.000000
0.000000
0.000000
0.000000
0.000000
0.000000
0.000000
0.006678
0.028835
0.030926
0.007607
0.000000
0.000000
0.000000
0.000000
0.000000
0.000000
0.000000
0.000000
0.000000
0.000000
0.000000
0.000000
0.039543
0.101780
0.102597
0.089442
0.044805
0.023202
0.053249
0.099265
0.152987
0.255084
0.389296
0.553753
0.756126
0.976955
1.137047
1.175815
1.056378
0.905445
0.873167
1.249237
1.662421
1.829184
1.873871
1.877331
1.851864
1.998353
2.585027
3.282412
4.062995
4.928417
5.853768
7.380333
8.245926
7.369872
5.784377
4.713581
3.853511
3.274619
3.505389
3.543389
3.631136
3.991205
4.543855
4.767749
4.579573
4.074552
3.465498
2.892974
2.371117
1.925529
1.667815
1.516407
1.680976
1.722039
1.533312
1.235650
0.886801
0.772837
0.950742
1.152290
1.377832
1.606970
1.775355
1.841245
1.745293
1.535347
1.308884
1.125642
0.957732
0.849759
0.725220
0.592695
0.484280
0.377110
0.290556
0.250118
0.187701
0.135458
0.115620
0.114474
0.091803
0.060115
0.036902
0.024734
0.009550
0.000696
0.000000
0.000000
0.000000
0.000000
0.000737
0.005874
0.008591
0.013936
0.016684
0.011382
0.012736
0.014635
0.008887
0.012585
0.018440
0.011532
0.003652
0.002052
0.009031
0.020348
0.067776
0.185876
0.332846
0.537441
0.626988
0.627937
0.729162
1.059893
1.413192
1.771405
1.718116
1.256158
0.842472
0.531539
0.301334
0.185489
0.159779
0.115758
0.077761
0.050115
0.071191
0.151358
0.252655
0.323693
0.369081
0.344327
0.284662
0.244059
0.221652
0.182458
0.152926
0.113762
0.062158
0.027296
0.014460
0.014212
0.017487
0.014078
0.015008
0.007625
0.000963
0.008006
0.027622
0.061050
0.110777
0.174083
0.250081
0.337938
0.441254
0.550148
0.649540
0.664858
0.590429
0.485574
0.382518
0.288898
0.207280
0.138023
0.082665
0.059929
0.098097
0.121918
0.121604
0.123841
0.126724
0.197707
0.300671
0.420976
0.490785
0.527045
0.500864
0.618782
0.794838
1.003491
1.141750
1.124194
0.973186
0.804613
0.614985
0.537151
0.562029
0.497421
0.502690
0.740154
1.001704
1.157471
1.096378
1.361937
1.827813
2.433939
2.995633
2.981110
2.414729
1.957171
1.771312
1.508475
1.695639
2.087372
2.028524
1.475151
1.083832
0.732633
0.839604
0.835694
0.712571
0.557030
0.416822
0.310468
0.225399
0.300463
0.365650
0.327176
0.258502
0.200802
0.249493
0.310392
0.382775
0.431187
0.415036
0.488729
0.526229
0.488547
0.373911
0.334132
0.270948
0.198813
0.208834
0.192020
0.240831
0.375641
0.477088
0.477372
0.375154
0.367621
0.446768
0.553467
0.658507
0.731667
0.738118
0.669820
0.550125
0.432128
0.332313
0.277315
0.230268
0.295138
0.352602
0.330534
0.259965
0.205771
0.244002
0.321399
0.370623
0.371983
0.395317
0.442357
0.466824
0.539338
0.587366
0.616077
0.637950
0.637321
0.659864
0.646903
0.586994
0.525196
0.548964
0.827952
1.179081
1.608039
2.083637
2.506727
2.749126
2.488093
2.100240
2.292629
2.317841
2.313426
2.300509
2.301138
2.294804
2.250036
2.083885
1.827464
1.735960
2.123704
2.256992
2.070270
1.705533
1.310389
1.450328
1.644327
1.659672
1.468718
1.223323
1.424183
1.733823
2.040253
2.138747
2.029996
1.720581
1.410800
1.424911
1.337081
1.472480
1.819745
2.139738
2.135461
1.805502
1.415873
1.462751
1.643215
1.826993
1.907660
1.833374
1.669449
1.676314
1.908266
2.138552
2.265636
2.217662
1.996872
1.817174
1.786542
1.710008
1.538219
1.515033
1.384243
1.227126
1.030173
0.834500
0.658774
0.660715
0.755410
0.828879
0.808510
0.719882
0.752887
0.807784
0.770331
0.676837
0.562424
0.437943
0.323381
0.241481
0.259596
0.337592
0.417495
0.469016
0.459632
0.448496
0.598918
0.677990
0.724609
0.786694
0.825014
0.686155
0.471753
0.289982
0.170637
0.077804
0.022909
0.005526
0.048856
0.162007
0.255121
0.295816
0.303244
0.289193
0.241863
0.149139
0.086508
0.126660
0.170832
0.195443
0.193841
0.181243
0.267235
0.289192
0.233531
0.258917
0.255213
0.300883
0.537002
0.913891
1.493520
1.881776
2.021774
2.021132
1.892955
1.535379
0.993389
0.629036
0.386007
0.204639
0.092199
0.045605
0.115083
0.222688
0.371626
0.539157
0.650787
0.657071
0.537426
0.374828
0.228657
0.205691
0.256794
0.325615
0.515133
0.811371
1.211025
1.751784
2.439157
2.783394
2.913686
2.915947
2.787894
2.441258
1.727652
1.179682
0.774188
0.480191
0.268401
0.124175
0.039343
0.019893
0.011996
0.013801
0.019661
0.009600
0.011769
0.007987
0.010654
0.016058
0.015676
0.008317
0.001960
0.019884
0.059366
0.117827
0.190722
0.256483
0.285895
0.242745
0.174538
0.167168
0.230156
0.267915
0.242291
0.192858
0.249119
0.269192
0.270567
0.340026
0.313102
0.237532
0.213933
0.311221
0.371462
0.332799
0.251760
0.226273
0.277219
0.370902
0.444021
0.428929
0.359326
0.522825
0.777867
1.228208
1.658608
1.840911
1.887979
1.884022
1.825808
1.670738
1.425712
1.714462
1.994931
2.045137
1.799621
1.483929
1.325168
1.570969
1.923341
2.343284
2.763737
3.067900
3.028520
2.693429
2.257500
1.883612
1.561550
1.514011
1.698489
1.787900
1.840861
1.721696
1.497923
1.208846
0.937465
0.703127
0.508394
0.349916
0.222283
0.127880
0.102012
0.285650
0.400571
0.432166
0.431098
0.400652
0.311468
0.180999
0.200602
0.263152
0.426575
0.726664
0.877373
0.935098
0.935703
0.888655
0.765956
0.522601
0.307054
0.102162
0.014538
0.001663
0.000000
0.000001
0.002314
0.012439
0.033570
0.062603
0.087790
0.098657
0.078751
0.083769
0.105910
0.113439
0.104986
0.086760
0.088306
0.131910
0.181186
0.235559
0.297111
0.362441
0.435690
0.521147
0.606223
0.691581
0.756845
0.762277
0.729823
0.725289
0.837642
0.963428
1.089827
1.217182
1.366323
1.515926
1.640275
1.812810
1.867625
1.623718
1.254854
1.154274
1.219044
1.242148
1.315591
1.633324
1.948338
2.295230
2.862537
3.572887
4.343583
4.938160
5.162275
4.701362
3.936304
3.176076
2.522288
1.990456
1.514761
1.181230
1.415741
1.656608
1.681413
1.487767
1.218280
0.862085
0.544572
0.487090
0.424608
0.349389
0.276276
0.349076
0.430407
0.448803
0.384567
0.270060
0.165492
0.197611
0.200394
0.254198
0.261835
0.291359
0.319797
0.352967
0.445676
0.551380
0.674254
0.806189
0.937025
1.023543
1.015853
0.930821
0.997808
1.158277
1.310487
1.411487
1.415835
1.321109
1.173398
1.144962
1.317562
1.443294
1.441821
1.314795
1.144437
0.989388
0.857865
0.862616
0.814099
0.715157
0.659851
0.838677
1.006268
1.080695
1.048454
1.027234
1.253274
1.475373
1.678919
1.734931
1.669422
1.513884
1.354575
1.182412
1.137713
1.423994
1.788313
2.217025
2.708538
3.265790
3.857066
4.312974
4.313946
3.864643
3.296248
2.779780
2.587854
2.921136
3.262169
3.483549
3.546469
3.414522
3.198705
2.845716
2.608043
2.277052
1.950042
1.777010
1.634839
1.660739
1.599994
1.471589
1.421129
1.684091
1.983558
2.302864
2.620263
2.985183
3.362650
3.611543
4.269687
4.787136
4.256313
3.436419
2.895384
2.391730
1.988942
1.840787
1.860008
1.782259
1.673602
1.495121
1.385709
1.552089
1.767495
1.902206
1.867380
1.666124
1.432299
1.161262
0.895560
0.661143
0.476537
0.351291
0.356552
0.536674
0.777981
0.982277
1.011317
0.819077
0.556952
0.400367
0.427165
0.413601
0.449070
0.506162
0.523620
0.480934
0.458119
0.449937
0.382429
0.301602
0.315382
0.333829
0.374680
0.390491
0.442126
0.449446
0.392612
0.323242
0.250976
0.244768
0.215804
0.170212
0.118402
0.069270
0.033141
0.019225
0.025095
0.038796
0.035491
0.020746
0.014242
0.019303
0.070974
0.131126
0.304155
0.599567
0.821547
0.882285
0.793951
0.561535
0.304802
0.183103
0.214804
0.234646
0.212980
0.175205
0.132038
0.099405
0.066655
0.040633
0.021909
0.010210
0.004683
0.000652
0.000223
0.009088
0.038008
0.048451
0.026464
0.071310
0.117941
0.135977
0.107954
0.092673
0.061064
0.083961
0.133972
0.158435
0.189786
0.195036
0.249410
0.397915
0.575895
0.722608
0.724800
0.579302
0.427274
0.436971
0.561981
0.686179
0.751963
0.935347
1.125837
1.256558
1.430543
1.506984
1.406062
1.169773
0.915016
0.691967
0.500411
0.339183
0.352286
0.558618
0.834254
1.179682
1.594712
2.108834
2.737042
3.491144
4.311036
5.014753
5.013634
4.319208
3.501190
2.745532
2.111763
1.586405
1.156507
0.817447
0.574068
0.369630
0.216039
0.123047
0.111750
0.133814
0.224251
0.337112
0.451298
0.511866
0.489486
0.383407
0.268111
0.170240
0.207777
0.274046
0.301775
0.256997
0.205980
0.141283
0.097454
0.127261
0.150825
0.205620
0.299883
0.408305
0.523009
0.609955
0.613216
0.544862
0.468527
0.370311
0.309308
0.232538
0.154430
0.119192
0.121471
0.142240
0.139865
0.183004
0.173683
0.216577
0.330992
0.479790
0.657994
0.826629
0.939894
0.896351
1.090021
1.367933
1.635176
1.622142
1.335299
0.982748
0.700225
0.667115
0.904317
1.091145
1.223903
1.355867
1.479349
1.668039
1.972048
2.245044
2.290051
2.053812
1.714589
2.210693
2.784644
3.098114
2.878473
2.323128
1.765959
1.287935
0.906625
0.629513
0.478213
0.456428
0.480837
0.559200
0.547081
0.416409
0.249671
0.121656
0.046418
0.154255
0.281118
0.183928
0.067721
0.009181
0.000000
0.000000
0.000000
0.000000
0.001322
0.001184
0.000000
0.000000
0.000000
0.000000
0.000000
0.000000
0.000000
0.000000
0.000000
0.000000
0.000000
0.000000
0.000000
0.000000
0.000000
0.000000
0.000000
0.000000
0.000000
0.000000
0.000000
0.000000
0.002372
0.012408
0.028365
0.043826
0.040859
0.025639
0.014228
0.009456
0.016046
0.033443
0.025057
0.003454
0.000000
0.000000
0.000000
0.000000
0.000000
0.001013
0.031486
0.109105
0.237786
0.430030
0.691008
0.982304
1.200290
1.199284
0.991284
0.729083
0.866202
1.171224
1.493561
1.784048
2.008641
1.938984
1.656247
1.292539
0.973106
0.714864
0.508860
0.531988
0.855283
1.328189
2.013691
2.545599
2.755731
2.814014
2.822882
2.820256
2.801731
2.737337
2.518368
1.956730
1.241941
1.198875
1.429736
1.515909
1.329642
1.001518
0.731089
0.640238
0.855090
0.962145
0.869721
0.681645
0.760995
0.912152
0.919835
0.780394
0.621114
0.504392
0.444740
0.424672
0.409503
0.338868
0.301957
0.248998
0.188319
0.327863
0.555421
0.856653
1.163141
1.198767
0.927798
1.022253
1.169949
1.329397
1.481532
1.586569
1.631217
1.629991
1.532038
1.375204
1.221035
1.261458
1.379820
1.389496
1.307029
1.164901
1.344446
1.550895
1.762763
1.976395
2.157730
2.265047
2.195126
2.003843
1.771273
1.702221
1.804095
1.850637
1.757176
1.578070
1.596068
1.770250
1.949583
2.019938
1.978996
1.808068
1.995648
2.268394
2.572169
2.937503
3.324516
3.646864
3.904128
3.900361
3.613118
3.207721
2.770153
2.396305
2.080781
1.864320
1.890300
1.849395
1.682992
1.810959
2.015922
2.123658
2.026328
1.847442
1.617217
1.483954
1.338211
1.152426
1.435050
1.743161
1.930271
1.819930
1.642030
1.961965
2.415620
2.878826
3.427222
4.130410
4.912280
5.624424
6.354182
6.909841
7.040301
6.908917
6.355830
5.018634
3.870824
3.122467
2.529549
2.571653
2.560831
2.246684
1.845280
1.673451
1.611112
1.365495
1.126785
0.854729
0.713864
0.627621
0.750279
0.827485
0.759586
0.588016
0.405554
0.399561
0.333726
0.255169
0.183055
0.161718
0.169595
0.189401
0.194491
0.154983
0.119431
0.143021
0.189402
0.226424
0.222684
0.185993
0.153853
0.136369
0.106030
0.115190
0.140956
0.158076
0.149334
0.161464
0.154169
0.124722
0.078373
0.047767
0.019609
0.007880
0.015215
0.033129
0.062405
0.095483
0.120639
0.200714
0.301107
0.403703
0.401897
0.338756
0.426100
0.520875
0.608352
0.667111
0.654618
0.600366
0.494531
0.392875
0.313681
0.254047
0.235716
0.248252
0.273562
0.266169
0.236106
0.242432
0.432648
0.642922
0.816987
0.786610
0.601470
0.428635
0.270694
0.155791
0.129060
0.236258
0.386782
0.577354
0.792212
0.933080
0.934447
0.889286
0.729248
0.552754
0.420696
0.350910
0.431995
0.606727
0.806073
1.066395
1.552680
2.190343
2.972355
3.496446
3.725246
3.833421
3.849576
3.809735
3.675810
3.412831
2.788195
1.844216
2.044098
2.401957
2.931752
3.556823
4.242105
4.869080
5.179460
4.920923
4.425901
3.755493
3.152596
3.565017
3.889478
3.874616
3.484000
2.976387
2.460196
2.014960
1.889576
2.157888
2.271809
2.103281
1.830226
1.520541
1.216599
0.956800
0.945519
0.972776
0.868105
0.675117
0.548736
0.585323
0.563025
0.449143
0.329337
0.221928
0.138438
0.195897
0.390325
0.637824
0.825111
0.830246
0.644868
0.437183
0.317911
0.316493
0.258870
0.253434
0.359106
0.403923
0.417432
0.422147
0.429719
0.444164
0.470815
0.485977
0.472932
0.391318
0.218030
0.195051
0.298317
0.488308
0.677192
0.847807
1.000503
1.133012
1.265042
1.312104
1.268675
1.135145
1.063987
1.110771
1.069757
0.982400
0.902604
0.864190
0.769972
0.804671
0.925719
0.992781
0.962986
0.965120
1.010271
1.002957
0.934186
0.822312
0.731420
0.807085
0.609601
0.558102
0.563021
0.627092
0.616645
0.544289
0.430620
0.330472
0.255970
0.210728
0.266202
0.365986
0.484836
0.606895
0.690556
0.694404
0.626224
0.602303
0.543772
0.475590
0.423306
0.592682
0.780368
0.982014
1.138079
1.150139
1.006849
1.206793
1.625099
2.311694
2.960345
3.237295
3.307898
3.318034
3.314607
3.314264
3.668626
4.286830
4.980688
5.767947
6.513071
6.775230
7.372591
8.310120
8.903542
8.543260
7.682003
6.587186
5.542277
4.642758
4.426350
4.917911
5.135041
5.310290
5.904527
6.234184
6.130227
5.613082
4.902481
4.260476
3.627560
3.062172
2.826199
3.185662
3.482414
3.502379
3.233783
2.840713
2.408496
2.003793
1.710245
2.306762
2.843494
2.838809
2.296519
1.916680
2.178959
2.364757
2.340343
2.125011
1.847063
1.578267
1.326174
1.091506
1.087201
1.237776
1.455232
1.709488
1.946008
2.108080
2.038754
1.874765
1.677317
1.509446
1.363645
1.231978
1.060596
1.136335
1.271035
1.407621
1.528158
1.565576
1.528218
1.587152
1.791186
2.023938
2.253359
2.421464
2.479757
2.352903
2.166121
2.294116
2.542294
2.799257
3.066850
3.322176
3.562323
3.813114
4.041534
4.170501
4.146569
3.973277
3.696761
3.413757
3.167368
3.174352
3.374007
3.676297
3.961849
4.282822
4.596819
4.904628
5.230897
5.544389
5.731186
5.759184
5.595760
5.306552
4.978316
4.785804
5.325392
5.710452
5.892332
5.932859
6.170342
6.369513
6.404518
6.189844
5.869989
5.532678
5.269039
4.939473
4.619474
3.999066
3.602433
3.690387
3.710858
3.665511
3.548252
3.639474
3.900357
4.207944
4.524801
4.789923
4.898876
4.761798
4.495959
5.009402
5.494503
5.932441
6.237012
6.522288
6.750111
6.810969
6.571786
6.184520
5.740140
5.338628
5.034754
5.023252
4.470451
3.728872
3.501850
3.700418
4.003784
4.283050
4.453153
4.652633
5.049191
5.498856
5.873819
5.991620
5.785443
5.408935
5.728043
5.991650
5.906141
5.502065
5.836379
6.356214
6.946315
7.496732
7.728812
7.632811
7.284006
6.912529
6.429157
5.908873
5.428281
5.106491
5.088435
4.878222
4.883307
5.326105
5.741597
5.997019
6.029454
5.828492
5.468808
5.072442
4.662224
4.263121
3.873850
3.496409
3.120108
3.134965
3.384239
3.563565
3.578589
3.421472
3.190114
2.972776
2.904531
3.051475
3.082874
2.969459
2.729192
2.547887
2.742128
2.859274
2.805629
2.634224
2.492052
2.705271
2.819927
2.910968
2.956708
2.836670
2.614183
2.366832
2.113202
1.878852
1.691158
1.535522
1.480738
1.326571
1.315861
1.414338
1.306308
1.066496
0.819038
1.051605
1.219729
1.397587
1.215876
0.909295
0.604279
0.525759
0.569957
0.555951
0.528906
0.566757
0.521882
0.410812
0.302202
0.264510
0.346489
0.424189
0.519026
0.562042
0.522220
0.413873
0.303971
0.296758
0.116142
0.060629
0.069562
0.061872
0.038335
0.040645
0.048721
0.064921
0.084725
0.114473
0.124334
0.169190
0.177586
0.134199
0.161750
0.283175
0.482115
0.690110
0.756346
0.646580
0.502185
0.394283
0.382771
0.469157
0.608663
0.840460
1.195196
1.647166
2.198005
2.847319
3.567264
4.217553
4.476855
4.881828
4.672875
4.224186
3.550071
2.970562
3.293333
3.646287
3.627560
2.282149
1.346791
1.312957
1.448389
1.253031
0.555796
0.143162
0.103625
0.162955
0.291519
0.477722
0.697004
0.951015
1.152219
0.939253
0.937428
0.882493
0.517079
0.218531
0.638024
0.797295
0.840800
0.000000
0.000000
0.000000
0.000000
0.000000
0.000000
0.000000
0.000000
