track	type=wiggle_0
fixedStep	chrom=chr	start=1	step=1
0.000000
0.000000
0.000000
0.000000
0.000000
0.000000
0.000000
0.000000
0.000000
0.174489
0.109266
0.039539
0.011968
0.015725
0.015424
0.049327
0.176694
0.306740
0.506833
0.768037
0.999325
1.098686
0.952580
0.716208
0.743176
0.947780
0.690101
0.392889
0.183411
0.072863
0.018698
0.007607
0.006388
0.007378
0.014420
0.012710
0.001254
0.000318
0.002172
0.020764
0.117891
0.305590
0.548417
0.763599
0.955468
1.125884
1.151753
1.041905
0.948935
1.033735
0.988635
0.838552
0.646786
0.599263
0.804009
1.074161
1.387516
1.691975
1.896209
1.795543
1.537270
1.266816
1.001013
0.754632
0.554345
0.413815
0.286816
0.214656
0.135247
0.170606
0.295205
0.407302
0.507721
0.588140
0.605044
0.594808
0.592392
0.693700
1.355900
2.010245
2.506263
2.909719
3.145410
3.248443
3.153028
2.984867
3.115939
3.121229
3.052940
3.412987
3.650023
4.153458
4.549964
4.837794
4.888084
4.735512
4.570858
4.753667
4.805209
4.767966
4.836580
5.004039
5.161109
5.498300
5.876677
6.208807
6.401546
6.410020
6.260437
5.915543
5.505190
5.095994
4.704109
4.342788
4.024870
3.750673
4.210954
4.714508
5.174585
5.569472
5.622335
5.275707
4.812693
4.269398
4.263075
4.535018
4.740656
4.766769
4.571543
4.310285
4.013690
3.871227
4.085167
4.293622
4.484052
4.609273
4.517729
4.286008
4.165386
4.033724
3.836809
3.697829
3.556285
3.166983
2.923422
2.702953
2.522825
2.422315
2.545761
2.582444
2.488083
2.320393
2.223799
2.132854
2.114928
2.051321
1.908885
1.889037
1.872389
2.088058
2.325056
2.524825
2.609215
2.529570
2.334779
2.091396
1.845032
1.616465
1.405528
1.226795
1.336082
1.364684
1.311817
1.200581
1.215675
1.358428
1.508680
1.637169
1.796057
1.990337
2.152258
2.180911
2.163736
2.069880
1.823352
1.600459
1.453264
1.290310
1.402061
1.411109
1.297938
1.149778
1.044460
1.184502
1.300356
1.311060
1.205395
1.141293
1.271346
1.339530
1.420328
1.633491
1.832343
1.910643
1.832979
1.634963
1.427950
1.241633
1.115492
1.448999
1.074345
0.841548
0.783246
0.765441
0.808324
0.730035
0.621084
0.711233
0.809082
0.893299
1.009391
1.093605
1.107759
1.023304
0.888578
0.764234
0.750928
0.790767
0.760025
0.664446
0.564882
0.516672
0.579859
0.601320
0.571315
0.487509
0.401204
0.366659
0.339913
0.284524
0.237001
0.270045
0.287646
0.307007
0.362793
0.369154
0.327896
0.256595
0.240478
0.269793
0.266136
0.281688
0.368172
0.462048
0.544863
0.598110
0.563761
0.481930
0.382188
0.307764
0.230236
0.258662
0.323706
0.361836
0.359045
0.312883
0.305093
0.211820
0.253408
0.266195
0.172956
0.078024
0.048149
0.033679
0.042982
0.039043
0.025594
0.033991
0.076238
0.136157
0.212076
0.309837
0.432354
0.579209
0.734848
0.852233
0.855780
0.757390
0.628013
0.482144
0.351957
0.275724
0.375946
0.464923
0.496388
0.436443
0.347251
0.249041
0.166817
0.106921
0.073218
0.168926
0.281886
0.480075
0.849041
1.321535
1.526639
1.582712
1.582712
1.536650
1.391719
1.082833
1.231676
1.398737
1.322625
1.030684
0.729933
0.484447
0.287340
0.328573
0.445872
0.530902
0.539349
0.469581
0.335784
0.198902
0.098078
0.035900
0.048559
0.054387
0.040726
0.042232
0.140418
0.315614
0.586501
0.764362
0.833532
0.833532
0.759565
0.560393
0.408019
0.527314
0.617573
0.602353
0.497776
0.369344
0.256506
0.278340
0.408752
0.571018
0.761052
0.954840
1.078878
1.036932
0.883843
0.683193
0.502487
0.353257
0.385553
0.412374
0.235084
0.080361
0.012933
0.000000
0.000000
0.000000
0.000000
0.000000
0.000000
0.000000
0.000000
0.000000
0.000000
0.000000
0.000000
0.000000
0.009914
0.034495
0.071435
0.114298
0.123284
0.122972
0.121368
0.119051
0.110801
0.083364
0.035188
0.000423
0.000000
0.000000
0.000000
0.000000
0.000000
0.000000
0.000000
0.000000
0.000000
0.000000
0.000000
0.000000
0.000000
0.000000
0.000000
0.000000
0.000000
0.000000
0.000000
0.000000
0.000000
0.000000
0.000000
0.000000
0.000000
0.000000
0.000000
0.000000
0.000000
0.000000
0.000000
0.004889
0.057246
0.181325
0.415262
0.798052
0.979667
1.030001
1.039884
1.039884
1.039884
1.039884
1.030001
0.985429
0.827859
0.505246
0.267126
0.466675
0.721782
1.004673
1.177899
1.096712
0.883424
0.609876
0.567434
0.767578
0.879999
1.098576
1.216390
1.163399
0.968008
0.768562
0.843645
1.216946
1.684819
2.241275
2.838564
3.235872
3.360879
3.215088
2.725768
2.193092
1.783209
1.381763
1.016054
0.711416
0.469462
0.636015
0.700324
0.621950
0.410361
0.192992
0.065600
0.006468
0.000000
0.000000
0.000000
0.000000
0.004603
0.010309
0.004093
0.000000
0.000000
0.000000
0.000000
0.000000
0.000000
0.000000
0.000000
0.000000
0.000000
0.000000
0.000000
0.000000
0.000000
0.000000
0.000000
0.016435
0.085576
0.216790
0.418219
0.675047
0.921035
0.896595
0.645452
0.395974
0.202751
0.089333
0.054253
0.083796
0.132987
0.180185
0.207901
0.247628
0.321439
0.368531
0.363172
0.313770
0.397795
0.419256
0.315919
0.184465
0.226962
0.236671
0.208161
0.155545
0.104245
0.112680
0.177139
0.262854
0.372094
0.503204
0.656636
0.834983
1.017770
1.139763
1.175999
1.337942
1.590052
1.822129
1.924245
1.906783
1.769375
1.535022
1.446739
1.774160
2.146305
2.549878
2.970761
3.475829
3.991757
4.340330
4.357193
4.048121
3.521276
3.020188
2.616142
2.538665
2.613186
2.631133
2.881586
3.264185
3.492994
4.273750
5.203342
6.276242
7.482262
8.882479
10.965302
12.086298
10.946229
8.793623
7.359959
6.199006
5.397177
5.675509
5.688773
5.767397
6.160568
6.865441
7.123209
6.841556
6.166401
5.366030
4.591110
3.897231
3.287970
2.761868
2.291676
1.907383
1.952408
1.752450
1.431859
1.047434
0.711126
0.446424
0.298381
0.191363
0.110868
0.060863
0.090086
0.112790
0.134120
0.157528
0.181925
0.191533
0.158415
0.204133
0.283418
0.383033
0.493477
0.568075
0.578777
0.514465
0.403595
0.296537
0.206919
0.198809
0.155217
0.136943
0.116815
0.140541
0.137974
0.106187
0.098644
0.131739
0.143473
0.132955
0.112105
0.090414
0.072437
0.049855
0.045542
0.036138
0.021214
0.079283
0.228110
0.533138
0.778518
0.924977
1.086967
1.281070
1.073220
0.922482
0.836519
0.786742
0.761173
0.739631
0.680411
0.553025
0.436651
0.276615
0.167311
0.117093
0.076259
0.036081
0.048784
0.071932
0.088634
0.087960
0.067934
0.042554
0.025221
0.012740
0.003102
0.000000
0.000000
0.000000
0.000000
0.000000
0.000000
0.000000
0.000000
0.000000
0.000000
0.000000
0.000044
0.001750
0.006463
0.008989
0.004984
0.010077
0.031623
0.061932
0.098665
0.150064
0.219628
0.307628
0.409971
0.521748
0.654266
0.813615
0.976239
1.088834
1.110559
1.021428
0.875122
0.727839
0.589924
0.464045
0.353476
0.257421
0.186343
0.144099
0.143578
0.113764
0.195071
0.337940
0.541008
0.795799
1.071171
1.270265
1.290529
1.180805
1.163580
1.543046
2.068400
2.912555
3.671368
3.973541
4.052668
4.066257
4.070693
4.068368
4.000676
3.717375
3.024393
2.924429
2.665855
2.620202
2.503922
2.359463
2.712962
3.237255
3.204652
3.123815
2.913702
2.476420
2.009551
1.596065
1.251105
0.970145
0.786995
0.880641
0.952808
1.032063
1.140731
1.243225
1.378440
1.529537
1.692497
1.850516
2.000436
2.065033
2.036301
1.920333
1.788279
1.664103
1.519888
1.387539
1.271447
1.237094
1.211004
1.137421
1.069338
1.080766
1.003347
1.143738
1.309611
1.488068
1.662905
1.802795
1.885735
2.041530
2.254383
2.497343
2.755491
3.008578
3.224276
3.328969
3.243950
3.381607
3.351711
3.237267
3.400623
3.450281
3.390193
3.378035
3.600366
3.783904
3.936750
3.951442
3.829257
3.671387
3.538445
3.510416
3.424891
3.424138
3.626255
3.876465
4.152061
4.408095
4.631025
4.779789
4.717128
4.631862
4.815733
4.947603
4.894733
4.677336
4.408805
5.287349
6.304826
7.417624
8.452024
8.805559
8.379145
7.377990
6.265071
5.251096
5.153589
5.710167
6.335949
7.023859
7.761541
8.489529
9.140010
9.953018
10.893295
11.957406
13.130033
14.356302
15.451267
15.993831
15.726692
14.676477
13.515003
13.043202
12.851868
12.826847
12.452641
11.859619
11.508839
10.947930
11.589804
12.431317
14.034620
15.499495
16.160288
15.519396
14.099912
12.483356
11.866083
12.222930
12.077916
11.528951
10.933597
10.422273
9.806053
9.274199
8.682611
8.062432
7.464348
6.919592
6.452656
6.452531
6.817684
7.196668
7.422939
7.379682
7.118619
6.697584
6.256128
5.887629
6.153844
6.220113
6.027807
5.708359
5.477262
5.907148
6.361931
6.794534
7.073155
7.097559
6.876270
6.471789
6.044617
5.745528
5.425169
5.113877
4.833121
4.577777
4.324669
4.070184
3.795098
3.498733
3.238891
3.115815
2.947578
2.757083
2.576410
2.429820
2.412206
2.618615
2.827091
3.024880
3.242142
3.432939
3.630939
3.858846
4.085515
4.265830
4.356412
4.245355
4.048833
3.936549
4.122984
4.852644
5.525576
6.065593
6.385517
6.572750
6.570587
6.384668
6.044488
5.638135
5.341963
5.259701
5.230698
5.103924
4.877553
4.585295
4.316734
4.568180
4.891800
5.176179
5.390260
5.413539
5.263731
5.031943
4.749087
4.464093
4.193140
3.921447
3.647248
3.465330
3.319113
3.110731
2.876549
2.520988
2.295801
2.157995
2.209030
2.252767
1.964122
2.412683
2.869687
3.090481
3.187110
3.172328
3.024923
2.636786
1.864352
1.300078
1.039907
0.929044
0.807666
0.693644
0.603349
0.534810
0.448136
0.354508
0.268701
0.194420
0.136805
0.090749
0.053534
0.031121
0.049742
0.048301
0.032849
0.021064
0.008354
0.005836
0.006639
0.002311
0.002840
0.003461
0.001423
0.001264
0.002348
0.007757
0.023148
0.035654
0.032548
0.021506
0.031977
0.023112
0.009975
0.002197
0.000000
0.000000
0.000000
0.000000
0.000218
0.012225
0.038282
0.063479
0.099383
0.171337
0.263609
0.323149
0.287460
0.202924
0.187380
0.272614
0.371797
0.451024
0.629044
0.881863
1.202156
1.582247
2.026220
2.555144
3.150106
3.750358
4.275986
4.512017
4.249020
3.713500
3.082815
2.465377
1.925400
1.472073
1.094915
0.875142
0.802122
0.694048
0.616199
0.521918
0.354590
0.165909
0.034245
0.002378
0.000000
0.000000
0.000000
0.000000
0.000000
0.000000
0.000000
0.000000
0.000000
0.000000
0.000000
0.000000
0.000000
0.000000
0.000000
0.000000
0.000000
0.000000
0.000000
0.000000
0.000000
0.000000
0.000486
0.005921
0.008639
0.009514
0.009543
0.009267
0.009085
0.009311
0.008771
0.005275
0.000000
0.000000
0.000000
0.000000
0.000000
0.000000
0.000000
0.000000
0.000000
0.000000
0.000000
0.000000
0.000000
0.000000
0.000000
0.000000
0.000000
0.000000
0.000000
0.000000
0.000000
0.000000
0.001996
0.046627
0.158022
0.353983
0.665515
0.923111
1.032123
1.024482
0.897632
0.600900
0.334397
0.157274
0.048400
0.032295
0.094628
0.197879
0.330090
0.447674
0.504206
0.427997
0.355031
0.531443
0.752588
0.952195
0.983999
0.968925
1.396304
1.600188
1.389444
0.862938
0.514857
0.284562
0.127773
0.037022
0.001754
0.000471
0.004519
0.002255
0.000000
0.000201
0.009715
0.030953
0.040765
0.028974
0.034024
0.061037
0.061279
0.031905
0.004953
0.000000
0.000000
0.000000
0.007381
0.068495
0.199088
0.349644
0.419523
0.425750
0.680039
0.971972
1.230426
1.223041
0.956132
0.659898
0.408209
0.222557
0.098698
0.027515
0.000832
0.000000
0.000000
0.000000
0.000000
0.000000
0.012961
0.013153
0.000000
0.000000
0.000000
0.000000
0.000000
0.000000
0.000000
0.000000
0.000000
0.000000
0.000356
0.013313
0.036119
0.040864
0.043278
0.076353
0.094759
0.085121
0.049754
0.018115
0.040300
0.051007
0.036727
0.012132
0.003837
0.025028
0.073551
0.131657
0.233935
0.390509
0.597668
0.852864
1.138434
1.427483
1.622666
1.954538
2.475202
3.133573
3.858438
4.489065
4.963697
4.973024
4.491262
3.696071
2.937969
2.288957
1.747225
1.298253
0.934161
0.645469
0.422883
0.263413
0.367143
0.533792
0.682112
0.732627
0.626637
0.477812
0.367933
0.504604
0.676672
0.866119
1.003391
1.102217
1.354550
1.571020
1.668782
1.635347
1.503468
1.277255
1.031282
0.811633
0.629572
0.481834
0.363695
0.254306
0.291643
0.484581
0.741282
1.072929
1.480933
1.963198
2.501690
2.932837
2.948674
2.523220
1.997219
1.518650
1.114431
0.784654
0.522437
0.319977
0.171342
0.071157
0.020535
0.022852
0.031638
0.054013
0.142654
0.183485
0.127258
0.036351
0.000468
0.000000
0.000000
0.000000
0.000000
0.000000
0.000000
0.000000
0.000000
0.000000
0.000000
0.000000
0.000000
0.000000
0.000000
0.000000
0.000000
0.000000
0.000000
0.000000
0.000000
0.000000
0.000000
0.000000
0.000000
0.000000
0.000000
0.000000
0.000000
0.000000
0.000000
0.011559
0.012417
0.000000
0.000000
0.000000
0.000032
0.015163
0.043948
0.038142
0.006176
0.000000
0.000000
0.000000
0.000000
0.000000
0.000000
0.000000
0.000000
0.000000
0.000000
0.000000
0.000000
0.000000
0.000000
0.000000
0.000000
0.000000
0.000000
0.000000
0.000000
0.000000
0.000000
0.000000
0.000887
0.007273
0.038005
0.095630
0.175006
0.295004
0.435844
0.545656
0.562670
0.487259
0.346495
0.211848
0.109600
0.109511
0.268794
0.526584
0.710481
0.842882
1.211557
1.661206
2.170156
2.591294
3.070636
3.577071
3.564708
3.003820
2.347008
1.752391
1.269629
0.883311
0.580472
0.356873
0.216031
0.214961
0.289970
0.285606
0.205592
0.107368
0.102561
0.188423
0.301761
0.440701
0.584322
0.661721
0.657373
0.568726
0.492362
0.618850
0.767226
0.844966
0.741279
0.565018
0.570931
0.556618
0.473635
0.592848
0.745715
0.819453
1.020485
1.341337
1.540585
1.375647
1.120336
0.825538
0.855111
0.900929
0.795083
0.687713
0.896242
1.037187
1.036893
0.905069
0.676552
0.681439
1.021502
1.414877
1.741523
1.865423
1.741019
1.540450
1.366220
1.519714
1.854184
2.003523
2.048197
2.067902
2.061817
2.033917
1.929822
1.712549
1.681312
1.533679
1.179658
1.014959
0.779810
0.541068
0.342384
0.195168
0.154260
0.235332
0.383648
0.491317
0.430303
0.288005
0.163289
0.126030
0.098801
0.041310
0.000818
0.003939
0.010405
0.050608
0.099558
0.107685
0.191306
0.373869
0.654079
1.010554
1.293749
0.992381
0.635610
0.367165
0.189781
0.087686
0.027004
0.010495
0.003378
0.009963
0.027590
0.048650
0.060624
0.060529
0.047022
0.028444
0.020661
0.036240
0.047514
0.038200
0.019096
0.004925
0.002056
0.014599
0.038384
0.066768
0.086446
0.081820
0.058267
0.050013
0.045196
0.050853
0.059826
0.078414
0.086646
0.072939
0.048947
0.035962
0.018813
0.026158
0.057633
0.163170
0.335949
0.588467
0.926139
1.358679
2.018317
2.467268
2.632015
2.671399
2.670939
2.630524
2.465613
2.021437
1.367801
0.964703
0.714532
0.455365
0.259711
0.410807
0.621108
0.879856
1.187076
1.488803
1.665289
1.617032
1.336227
1.599085
1.903644
2.183452
2.321018
2.266046
2.576146
3.023621
3.506196
3.976243
4.425476
4.935809
5.568900
5.988495
5.962573
5.517296
4.860701
4.222881
3.623824
3.081473
2.628716
2.258614
1.918922
1.722492
1.909595
1.970199
1.839256
1.767219
1.801181
1.755538
2.111785
2.538399
3.004870
3.508050
3.955996
4.106972
3.945086
3.509274
3.020460
2.554521
2.133832
2.072984
2.582669
3.192720
3.865433
4.404709
4.485738
4.010962
3.422843
2.767065
2.174047
1.691625
1.311932
1.039334
1.049799
1.131858
1.102649
1.223351
1.224930
1.092192
1.040129
1.130109
1.151223
1.103820
0.993241
0.846038
0.753362
0.642896
0.512029
0.602750
0.713003
0.832592
0.951029
1.001726
0.965865
0.987563
0.978261
0.990930
1.133201
1.287025
1.431189
1.586610
1.756877
1.963654
2.145657
2.198982
2.102656
1.926172
1.763780
1.920261
2.082616
2.147933
2.070681
1.891333
1.804913
1.824147
1.732729
1.546862
1.627766
1.813831
1.960515
1.994809
1.876297
1.689459
1.594543
1.771431
1.822728
1.739215
1.615166
2.144566
2.793293
3.587697
4.546527
5.640934
6.316037
5.631964
4.526774
3.614973
2.853313
2.257140
1.743800
1.330880
1.368252
1.549464
2.006276
2.500726
2.790778
2.981641
3.073039
3.165525
3.043004
2.780043
2.419211
2.566166
2.675517
2.815416
3.126223
3.460525
3.860547
4.330610
4.865426
5.469790
6.113767
6.716095
7.118819
6.967038
6.485704
5.806276
5.136384
5.520873
5.822560
5.874989
5.764925
5.617455
5.242038
4.869501
5.242315
5.577628
5.915298
6.180728
6.262755
6.116487
5.851640
5.520868
5.164435
4.786943
4.437761
4.419701
4.563417
4.631649
4.920401
5.156475
5.296162
5.407783
5.766390
5.905976
6.170789
6.573205
6.874963
6.999669
6.823152
6.841188
7.249176
7.619662
7.936094
8.060678
8.026031
7.806958
7.381907
6.900121
6.394044
6.211218
6.633921
7.098404
7.549254
7.692864
7.537009
7.105705
6.650675
6.224936
5.842603
5.937562
6.087535
6.043428
5.798674
5.513434
5.371747
5.125249
4.863256
4.636691
4.759505
4.665859
4.449519
4.121693
4.070875
3.962211
4.110902
4.419797
4.609098
4.586905
4.447989
4.192842
3.903440
3.995837
4.086545
4.156139
3.928532
3.524516
3.694636
3.870659
3.853950
3.896208
3.962599
3.911813
3.804521
3.647540
3.457677
3.243701
3.012009
2.759262
2.848677
3.418014
3.891972
4.144957
3.870464
3.476012
2.987698
3.240694
3.678542
4.075867
4.277880
4.706685
5.321241
5.879695
6.059542
5.700695
5.078958
4.447027
3.921426
3.698197
3.384576
3.055376
3.115889
3.125968
2.875432
2.521586
2.149543
1.915373
2.044688
2.186980
2.186802
2.063136
1.878648
1.870271
1.700827
1.479592
1.502357
1.500194
1.424943
1.321817
1.210487
1.084193
1.094305
1.156516
1.205781
1.219598
1.193663
1.119996
1.070784
1.142552
1.197959
1.307622
1.362836
1.332962
1.418617
1.523153
1.560033
1.510009
1.400009
1.540319
1.707257
1.888404
2.064221
2.252448
2.317525
2.245362
2.035527
1.893492
1.953054
1.873795
1.793334
1.650545
1.456017
1.262106
1.102110
0.990520
0.960492
0.917336
0.904786
0.845628
0.872167
0.986108
1.039184
0.988747
1.116291
1.207888
1.217336
1.099561
1.125622
1.078404
0.955242
0.785551
0.626336
0.536018
0.639944
0.723841
0.795954
0.886961
0.995828
1.102739
1.160860
1.384986
1.710498
1.959440
2.129750
2.192118
2.164299
2.005304
1.732538
1.654515
1.793055
1.875976
1.856634
1.735104
1.588609
1.438143
1.326312
1.471204
1.878606
2.341053
2.779806
3.091938
3.171615
3.535994
4.129462
4.912096
5.824339
6.716872
7.614434
8.266941
8.258194
7.560391
6.480700
5.429292
4.515402
3.714966
3.049464
2.649303
2.317373
2.152315
2.437911
2.495979
2.251084
1.973100
1.832696
2.197262
2.305663
2.107148
1.825715
1.758857
1.706080
1.628893
1.617336
1.752514
2.026654
2.299846
2.565404
2.813650
3.087957
3.392013
3.718558
4.068141
4.445582
4.804030
4.937246
4.814713
4.483830
4.116012
3.764855
3.389139
3.140133
3.330625
3.602936
3.788142
3.722561
3.459331
3.136653
2.920442
2.852505
2.682611
2.678391
2.726162
2.657012
2.639058
2.479825
2.484176
2.688475
2.965796
3.258975
3.559603
3.837764
4.054155
4.037417
3.812816
3.498780
3.170696
2.877650
3.104757
3.374794
3.608804
3.715635
3.714825
3.591485
3.367198
3.332057
3.284491
3.425395
3.538038
3.642543
3.947105
4.257232
4.575641
4.911557
5.250741
5.566122
5.920280
6.143650
6.272275
6.270056
6.092244
5.792453
5.654259
6.003442
6.247977
6.530203
6.895445
7.318483
7.643288
7.718749
7.515993
7.163451
6.793095
6.538773
6.757010
6.741595
6.475132
5.943222
5.320311
4.799781
4.482234
4.201065
3.987849
4.081057
4.038677
3.905959
3.631174
3.770506
3.771952
3.502160
3.146258
3.045029
3.234044
3.233479
2.978275
2.789921
2.929797
3.001916
3.225460
3.492494
3.907411
4.510474
5.253238
5.903014
6.477716
6.933299
7.090249
7.041327
6.951167
6.978598
7.217603
7.536784
8.060593
8.450350
8.566399
8.241208
7.769918
7.216089
6.671033
6.628841
6.689871
6.746639
6.932560
7.344300
7.956538
8.647159
9.365811
10.016247
10.239971
10.015726
9.322674
8.506307
7.710146
6.980340
6.367155
5.979306
5.963948
5.725722
5.648650
6.078423
6.525255
6.789251
6.830756
6.637687
6.240047
5.790058
5.305904
4.852700
4.444615
4.052458
3.668136
3.301832
2.947141
2.623881
2.601117
2.813377
3.026138
3.200352
3.378214
3.558061
3.586756
3.456236
3.179183
2.917614
3.076570
3.153773
3.018145
2.631835
2.035188
1.772294
1.675188
1.765191
1.731938
1.805267
1.855295
1.632459
1.049825
0.974013
0.975560
0.854986
0.844617
1.079103
1.249466
1.325491
1.212782
0.980018
0.901926
1.012677
1.206450
1.384166
1.205807
1.174881
1.082459
1.064341
1.078404
0.878061
0.464237
0.491832
0.445414
0.337223
0.231516
0.149386
0.084900
0.019885
0.009550
0.030713
0.046443
0.104990
0.187681
0.294349
0.432822
0.602984
0.792023
0.993042
1.120901
0.895271
0.421844
0.244161
0.267892
0.384247
0.553697
0.772135
1.039287
1.360252
1.744316
2.170696
2.588004
2.863162
2.903381
3.325871
3.959590
4.757333
5.685850
6.691281
7.687452
8.258194
6.990314
2.942643
1.876329
1.934090
2.356012
2.510445
0.375008
0.148999
0.000000
0.000000
0.000000
0.000000
0.000000
0.000000
0.000000
0.000000
