track	type=wiggle_0
fixedStep	chrom=chr	start=1	step=1
0.000000
0.000000
0.000000
0.000000
0.000000
0.000000
0.000000
0.000000
0.000000
0.079504
0.307154
0.427147
0.372216
0.154500
0.062446
0.253629
0.587214
0.813390
0.950844
1.023823
1.277740
1.681624
2.150799
2.671231
3.383749
4.248019
4.924596
4.242919
3.347127
2.561806
1.934254
1.417289
0.996419
0.665127
0.415135
0.252049
0.255922
0.281993
0.358214
0.389606
0.354677
0.291189
0.259061
0.287987
0.381073
0.438251
0.540106
0.708573
0.898295
1.014597
0.985710
0.860793
0.681425
0.500991
0.351097
0.444431
0.755533
0.904801
0.948176
0.956581
0.941860
0.876257
0.719240
0.379565
0.140289
0.028543
0.000000
0.000000
0.000000
0.000000
0.000000
0.000000
0.000675
0.000848
0.004446
0.008921
0.006723
0.002305
0.016076
0.038862
0.059568
0.063773
0.080939
0.100816
0.099909
0.100977
0.075851
0.043765
0.019788
0.005805
0.000241
0.000000
0.000000
0.000000
0.002297
0.010208
0.017508
0.017311
0.010443
0.009059
0.010270
0.039000
0.108772
0.155153
0.154980
0.125688
0.141623
0.196532
0.264608
0.338937
0.395478
0.429090
0.412842
0.363254
0.452411
0.923546
1.166445
1.234410
1.246376
1.246376
1.246376
1.238968
1.630604
2.123278
2.716931
3.410266
4.162162
4.788128
5.261132
5.272567
5.362191
6.736091
8.419456
8.419455
6.722216
5.191023
4.179612
3.326661
2.605047
2.002823
1.505968
1.111731
0.783126
0.527562
0.356028
0.315704
0.427002
0.556849
0.704183
0.864513
1.026111
1.164121
1.253850
1.471000
1.734592
2.033420
2.364410
2.724935
3.106241
3.476971
3.836007
3.993247
3.848606
3.649038
3.506943
3.205714
2.955400
3.001933
3.175397
3.412160
3.482280
3.394794
3.160575
3.069617
2.991520
3.133769
3.338916
3.449142
3.282541
2.990112
2.712228
2.300290
2.054892
1.779907
1.481923
1.202147
0.956544
0.849059
0.912325
0.903757
0.831228
0.808131
0.713211
0.591553
0.473710
0.368583
0.288863
0.349543
0.401602
0.409434
0.529515
0.953381
1.108054
0.966254
0.558053
0.430590
0.411816
0.328928
0.240267
0.160671
0.169797
0.184737
0.173325
0.133882
0.127902
0.122187
0.125432
0.135437
0.185877
0.234311
0.269395
0.292064
0.318086
0.295340
0.251882
0.240628
0.284952
0.323583
0.374099
0.410313
0.448830
0.426301
0.376317
0.306833
0.262421
0.260834
0.238053
0.174477
0.192372
0.244350
0.287355
0.338410
0.374717
0.382404
0.363013
0.312288
0.293304
0.365184
0.440150
0.528403
0.594299
0.588980
0.517557
0.413255
0.301645
0.225476
0.198867
0.202373
0.209259
0.218662
0.251978
0.302254
0.358274
0.385595
0.485086
0.543402
0.608760
0.859293
1.071770
1.031355
0.808154
0.550994
0.356583
0.303683
0.234854
0.157402
0.099547
0.065455
0.039492
0.084006
0.148887
0.235645
0.345408
0.478579
0.629862
0.781315
0.917196
0.928249
0.803199
0.641805
0.480399
0.344410
0.233968
0.149427
0.209748
0.289670
0.379279
0.504059
0.789032
0.890945
0.823273
0.620807
0.611601
0.777118
0.951944
1.400165
1.806593
1.995507
2.034363
1.995508
1.816285
1.425492
0.955378
0.610473
0.357632
0.196433
0.220882
0.299664
0.386195
0.459166
0.510106
0.510340
0.585187
0.711779
0.855722
0.983904
1.038833
0.971848
0.840943
0.696518
0.562444
0.444087
0.526327
0.656064
0.767330
0.889730
1.009923
1.212117
1.461165
1.747464
2.047685
2.293487
2.398446
2.252713
2.163398
2.204228
1.760971
1.766711
2.106956
2.477279
2.829123
2.998182
2.880535
2.547985
2.156675
1.791652
1.467031
1.183181
0.943358
0.733686
0.552289
0.399326
0.303101
0.337199
0.413789
0.503260
0.593796
0.659828
0.665316
0.611634
0.522475
0.430443
0.346485
0.283496
0.286212
0.422260
0.652079
0.829190
0.803448
0.582100
0.362059
0.196409
0.148496
0.208108
0.279600
0.358420
0.422499
0.457318
0.418233
0.350152
0.270942
0.199869
0.230321
0.310415
0.396161
0.468999
0.510553
0.471991
0.403648
0.316041
0.234166
0.164534
0.108330
0.064634
0.032261
0.011509
0.010531
0.020256
0.021046
0.011168
0.002914
0.000000
0.000000
0.000255
0.005621
0.011962
0.028690
0.097405
0.204133
0.376871
0.626406
0.961413
1.390321
1.937070
2.738657
3.577602
3.929082
4.024143
4.041947
4.041947
4.024144
3.926555
3.551678
2.628805
1.820641
1.338311
1.082649
1.070250
1.226164
1.293532
1.615197
1.982602
2.399508
2.874467
3.415025
4.020258
4.638285
5.038037
5.096220
4.735998
4.122359
3.508173
2.959110
2.728195
3.374948
4.037562
4.479002
4.481302
4.039649
3.388035
2.789861
2.396610
1.986881
1.614841
1.244692
0.922126
0.963444
1.038109
1.142614
1.091010
0.953969
0.777304
0.611683
0.466431
0.414585
0.535945
0.603129
0.680365
0.621844
0.513251
0.403681
0.288349
0.185459
0.105497
0.049417
0.014944
0.000540
0.000501
0.002480
0.001646
0.020902
0.031382
0.033409
0.065823
0.110089
0.166234
0.253489
0.379786
0.405454
0.497860
0.550323
0.526671
0.457632
0.364268
0.279375
0.216645
0.224908
0.261375
0.275072
0.343276
0.385299
0.371774
0.321985
0.252639
0.186015
0.128747
0.105979
0.119130
0.161387
0.196651
0.192247
0.157838
0.116913
0.076353
0.043290
0.018415
0.020467
0.030446
0.061994
0.105489
0.133929
0.121988
0.130575
0.115401
0.080296
0.063810
0.052447
0.073828
0.115988
0.140515
0.147384
0.212203
0.329139
0.473771
0.638112
0.764948
0.763321
0.635092
0.876235
1.194677
1.596850
2.103210
2.692243
3.353890
4.181945
5.156406
6.306861
7.606229
8.347317
7.775573
6.670280
5.744248
4.936331
4.533317
3.834845
3.145894
2.612277
2.540084
2.941819
3.509793
4.126088
4.717690
5.138715
5.041677
4.628635
4.433920
4.021945
4.232027
4.892449
5.563044
5.865971
5.562306
4.947253
4.302029
3.612815
3.461392
3.477731
3.212496
2.895855
2.432787
1.972792
1.715586
1.696525
1.546371
1.313467
1.154353
0.996012
1.203226
1.430191
1.639293
1.773796
1.741639
1.555189
1.328855
1.301996
1.176368
0.977151
0.821252
0.774219
0.668090
0.551343
0.433064
0.335178
0.268582
0.193140
0.236998
0.229764
0.115812
0.030460
0.003471
0.000000
0.004442
0.021484
0.049724
0.086350
0.118163
0.129001
0.110045
0.107893
0.088108
0.098845
0.098182
0.098682
0.092610
0.069097
0.042107
0.021774
0.009417
0.011629
0.016429
0.029441
0.044366
0.044266
0.040858
0.059545
0.071777
0.073699
0.065016
0.068473
0.068307
0.131406
0.187685
0.175475
0.079317
0.013515
0.001723
0.008655
0.022884
0.032779
0.029012
0.016693
0.006505
0.000818
0.000000
0.000000
0.000000
0.000000
0.000000
0.000000
0.000000
0.006438
0.025235
0.032827
0.015098
0.001161
0.000000
0.000000
0.000000
0.000000
0.000000
0.000000
0.000000
0.000000
0.000000
0.000000
0.000322
0.007565
0.022985
0.070423
0.070764
0.115020
0.114874
0.073246
0.044188
0.026572
0.011424
0.002386
0.000000
0.000000
0.000000
0.001761
0.010160
0.035981
0.082987
0.139278
0.174052
0.175761
0.260321
0.381023
0.519997
0.601957
0.608811
0.587216
0.742086
0.936206
1.163252
1.312408
1.295348
1.130676
0.944655
0.732790
0.646598
0.671720
0.599230
0.586072
0.838050
1.114376
1.276258
1.207589
1.486049
1.967139
2.593786
3.180232
3.170881
2.604891
2.136759
1.934872
1.644770
1.825238
2.219532
2.153260
1.606422
1.292418
1.030717
0.720546
0.450277
0.259026
0.129874
0.156509
0.187835
0.233515
0.311407
0.407025
0.522954
0.649212
0.759654
0.816840
0.793303
0.693362
0.583014
0.584272
0.565278
0.481131
0.391186
0.402896
0.480443
0.587209
0.701751
0.791443
0.831262
0.880579
0.884574
0.988537
1.137256
1.291886
1.467671
1.662323
1.858600
2.020126
2.091061
2.157794
2.252878
2.486256
2.636009
2.622232
2.448902
2.186209
1.920125
1.683890
1.503266
1.372852
1.306440
1.306543
1.214749
1.096190
1.111972
1.242816
1.369984
1.455414
1.444734
1.439341
1.407382
1.359280
1.229601
1.316588
1.456735
1.581231
1.929349
2.469066
3.109093
3.855839
4.703296
5.538703
6.189994
6.249606
5.720124
4.894283
4.076462
3.491328
3.290156
3.890453
4.439774
4.623237
4.444704
3.948628
3.335485
3.587671
4.138741
4.752502
5.400272
5.940560
6.143351
5.922668
5.666395
5.583493
5.793550
5.832021
6.038229
5.931654
5.754915
6.438271
7.287865
8.202101
9.032035
9.754809
9.709460
8.943404
7.946399
6.987545
6.157608
5.480135
5.016987
4.800429
5.190361
5.374668
5.334016
5.061049
4.649546
4.408315
4.305355
3.909665
4.118542
4.291032
4.298956
4.318566
4.139245
3.848534
3.526784
3.476362
3.426955
3.820045
4.220130
4.507339
4.576046
4.382094
4.047815
3.714628
3.398657
3.667368
3.927119
3.866307
3.598762
3.231295
2.894273
2.687443
2.791562
2.680694
2.446679
2.390517
2.374048
2.365694
2.464341
2.548551
2.420615
2.336964
2.510484
2.622710
2.637425
2.536163
2.334721
2.119335
2.348982
2.546728
3.119252
3.819357
4.563716
5.247230
5.827259
5.784770
5.114949
4.333762
3.613666
3.134943
3.388806
3.481227
3.478394
3.667419
3.715389
3.626835
3.637958
3.565274
3.566730
3.984399
4.342340
4.187883
3.483610
2.905149
2.921086
2.867558
3.086760
3.281925
3.397057
3.371501
3.275342
3.432880
3.593281
3.686343
3.624763
3.459123
3.234937
3.000098
2.782454
2.574219
2.369339
2.197951
2.022450
1.848178
1.872668
1.808579
1.657793
1.478052
1.354002
1.932531
2.398158
2.668011
2.759851
2.866824
2.923180
2.908216
2.772004
2.407592
2.529673
2.664442
2.607305
2.378703
2.133503
1.903665
1.845502
1.730779
1.429115
1.116273
0.940274
0.940697
1.116984
1.313379
1.516552
1.679531
1.760926
1.666592
1.485225
1.272476
1.203172
1.419815
1.659577
1.925884
2.189192
2.427406
2.722244
2.976427
2.967443
3.160021
3.310140
3.234771
3.024718
2.705991
2.673262
3.096956
3.532929
3.748301
3.616650
3.245974
2.923835
2.618996
2.268255
1.898041
1.552789
1.255232
0.998933
0.779218
0.594457
0.446337
0.324865
0.280963
0.229375
0.237579
0.361277
0.497883
0.671638
0.846571
0.926944
0.950315
0.950438
0.917588
1.020338
1.357961
1.739003
2.091510
2.222814
2.039343
1.640991
1.247355
0.917813
0.650885
0.440194
0.341522
0.300939
0.298510
0.295722
0.282636
0.230016
0.112004
0.012668
0.000000
0.000000
0.000000
0.000000
0.000000
0.000000
0.000000
0.000000
0.000000
0.000000
0.000000
0.000000
0.000000
0.000000
0.000000
0.000000
0.000000
0.000657
0.041680
0.076722
0.087971
0.090033
0.088905
0.083966
0.070726
0.033589
0.000044
0.000000
0.000000
0.000000
0.000000
0.000000
0.000000
0.000000
0.000000
0.000000
0.000000
0.000000
0.000000
0.000000
0.000000
0.000000
0.000000
0.000000
0.000000
0.000000
0.000000
0.000000
0.000000
0.000000
0.000000
0.000000
0.000000
0.000000
0.000000
0.000000
0.029208
0.126162
0.309159
0.607413
0.862782
0.998630
1.068709
1.452587
1.789478
1.842232
1.592757
1.212641
0.884164
0.635055
0.880169
1.191567
1.477605
1.586856
1.436937
1.217517
1.571802
2.025614
2.470603
2.585266
2.801476
3.366224
3.789505
3.083479
2.293052
1.682962
1.248940
0.898820
0.594225
0.359698
0.195000
0.123833
0.086367
0.096812
0.105427
0.155895
0.226497
0.253113
0.297838
0.366290
0.409395
0.373683
0.277881
0.179309
0.104884
0.081381
0.075826
0.054817
0.029548
0.091948
0.199494
0.269045
0.303580
0.455460
0.673721
0.872530
0.840317
0.586273
0.345206
0.356577
0.368045
0.439545
0.501088
0.739575
0.985632
1.178473
1.187998
1.044163
1.189299
1.289822
1.287639
1.206962
1.167205
1.273539
1.472039
1.631978
1.672201
1.809110
1.949150
1.950699
1.806912
1.615007
1.650442
1.676185
1.559753
1.371044
1.184696
1.351732
1.576199
1.825249
1.994587
2.029248
1.956635
1.842115
1.778620
1.683407
1.778957
1.922727
2.023347
2.285348
2.599642
2.842277
2.900158
2.701573
2.408731
2.441695
2.719636
2.927227
3.090740
3.088200
3.303489
3.690058
3.896818
3.846662
3.518256
3.241678
3.227306
3.554425
3.812989
4.067111
4.084807
4.572702
5.246614
6.054179
6.970211
7.979476
9.097822
10.248577
11.102666
11.055854
10.121895
8.933478
7.830582
6.918837
6.467409
6.588286
6.609982
6.526399
6.214506
5.545131
4.839825
4.189025
3.616446
3.137451
3.071492
3.365764
3.688657
3.969978
4.202782
4.546927
4.943963
5.180271
5.248333
5.084239
4.771483
4.370370
4.678155
4.848398
4.908982
4.702964
4.313393
3.901847
3.497479
3.145636
3.245487
3.451619
3.709353
3.963578
4.121677
4.172938
4.019609
3.799320
3.554858
3.297881
3.065462
3.016243
2.832818
2.701150
2.736071
2.890292
3.068211
3.168242
3.036608
2.800579
2.518434
2.319106
2.424533
2.583977
2.611836
2.816955
3.548768
4.404704
5.368230
6.435228
7.701811
9.039557
9.899104
9.206358
7.880572
6.557633
5.380271
4.370322
3.507755
2.778642
2.157658
1.631294
1.196687
0.847641
0.946245
1.200048
1.499068
1.849202
2.208574
2.476560
2.620030
2.587338
2.443763
2.342354
2.230541
2.408843
2.481172
2.425228
2.298849
2.096965
1.913004
2.026476
2.276150
2.411714
2.296493
2.030802
1.711045
1.412224
1.382883
1.564114
1.584899
1.410205
1.164327
0.928751
0.724101
0.644997
0.903581
1.175531
1.362419
1.365165
1.184095
1.150291
0.907769
1.003311
1.067248
1.038966
0.986449
1.087720
1.246233
1.451861
1.719370
1.980153
2.021055
2.049427
2.243078
2.433895
2.496095
2.422219
2.399990
2.289560
2.118230
1.890649
1.663470
1.444978
1.239958
1.061791
0.935173
0.991916
1.055552
1.090166
1.086953
1.022515
0.987606
0.881322
0.736983
0.603643
0.490792
0.388819
0.296192
0.211845
0.255450
0.294758
0.303256
0.266373
0.292672
0.290941
0.258045
0.278235
0.358483
0.485565
0.630115
0.762421
0.834508
0.778412
0.655126
0.513008
0.381217
0.267791
0.176040
0.112790
0.062600
0.027671
0.023397
0.025008
0.022264
0.059514
0.088681
0.107283
0.141153
0.240377
0.257456
0.203112
0.181292
0.193296
0.280011
0.416993
0.575076
0.674250
0.927830
1.021951
1.009858
0.889733
0.630424
0.338853
0.151720
0.058933
0.037201
0.018849
0.012093
0.007129
0.025702
0.075470
0.163171
0.287736
0.441545
0.585896
0.644116
0.574879
0.434933
0.294190
0.181561
0.099181
0.043567
0.014092
0.030829
0.070449
0.077777
0.161663
0.340327
0.616247
0.972242
1.259543
0.953311
0.609969
0.355908
0.163785
0.159900
0.160620
0.121821
0.077660
0.038144
0.029361
0.009523
0.018058
0.019269
0.003449
0.000000
0.000046
0.006272
0.019030
0.026562
0.015964
0.032467
0.120883
0.237204
0.298172
0.222353
0.281106
0.294782
0.248713
0.169395
0.103662
0.058976
0.094126
0.168658
0.239451
0.381729
0.536335
0.613904
0.553919
0.741270
1.088990
1.202058
1.076701
0.728188
0.445808
0.384446
0.381650
0.334598
0.264196
0.197318
0.160470
0.150813
0.122648
0.072065
0.018441
0.023540
0.040498
0.065681
0.085295
0.083249
0.057624
0.048071
0.080474
0.128211
0.203231
0.314925
0.458859
0.630594
0.803447
0.946135
0.990016
0.903699
1.027746
1.521049
2.157650
2.643036
2.833571
2.871947
2.854464
2.829038
2.823519
2.806370
2.648240
2.220349
1.491507
1.027830
1.065176
1.215030
1.089796
0.834604
0.558962
0.362791
0.355477
0.329028
0.318811
0.448612
0.549088
0.545600
0.447192
0.346067
0.233089
0.236213
0.268503
0.308155
0.379453
0.475946
0.575725
0.687604
0.819236
0.976647
1.154504
1.335687
1.473703
1.562541
1.538664
1.573494
1.600735
1.640952
1.619848
1.723854
1.771021
1.687914
1.629229
1.817194
2.022024
2.198952
2.254922
2.329284
2.361043
2.529062
2.558358
2.443887
2.207635
1.942949
1.925208
1.803425
1.748324
1.619651
1.835129
2.063643
2.289577
2.494741
2.618517
2.628478
2.509695
2.367660
2.617745
2.819897
2.839830
2.669817
2.454381
2.223894
2.127682
2.441378
2.769118
2.999238
3.106645
2.987367
2.796846
2.528570
2.325094
2.152589
2.040968
1.852352
1.684323
1.452247
1.531691
1.751313
2.024419
2.311059
2.740824
3.354076
4.037738
4.765127
5.572123
6.512960
7.510017
8.297806
9.288995
10.934470
12.400187
12.329565
10.826403
9.478312
8.400991
7.613233
7.527026
7.035429
7.407517
7.123294
6.652236
6.992929
6.676363
5.973164
5.166638
4.404686
3.704030
3.081640
2.532720
2.135468
1.648074
1.696271
1.665120
1.645528
1.575870
1.473348
1.481029
1.364925
1.231298
1.067946
0.975313
0.896090
0.996447
1.056116
1.041352
0.966704
0.866649
0.823213
0.860982
0.884551
0.817238
0.712875
0.749965
0.895889
0.986546
1.134118
1.340160
1.506143
1.607932
1.718261
1.775157
1.752470
1.729655
1.794143
1.735505
1.660326
1.534396
1.446005
1.442177
1.579620
1.559293
1.424871
1.592284
1.743031
1.739662
1.585649
1.332908
1.171090
1.304778
1.388526
1.386900
1.422210
1.596072
1.720634
1.704876
1.596292
1.464968
1.383779
1.424323
1.389388
1.269501
1.122912
1.037460
0.949009
0.863041
0.912912
0.932722
0.862439
0.834942
0.810561
0.706819
0.615586
0.545367
0.552662
0.650663
0.689158
0.642364
0.498663
0.418822
0.526307
0.664644
0.847112
1.102556
1.368368
1.553491
1.621553
1.451218
1.348397
1.662062
1.970433
2.104083
2.459519
3.047438
3.729404
4.488622
5.284776
6.038158
6.234984
5.840407
5.023633
4.191571
3.496032
2.997022
2.717679
2.295360
1.896958
1.762053
1.637100
1.413353
1.243753
1.183232
1.341876
1.348676
1.212519
1.088708
1.020980
0.891519
0.927863
1.018371
1.144335
1.081773
1.124591
1.224430
1.325238
1.363484
1.369092
1.413523
1.379146
1.256281
1.118938
1.037401
1.143789
1.195973
1.136881
1.080196
1.120476
1.237963
1.410914
1.588246
1.720916
1.733199
1.610150
1.517090
1.597569
1.732956
1.915262
2.036924
2.190966
2.402436
2.539834
2.524743
2.368297
2.371271
2.399454
2.370892
2.335870
2.235853
2.492497
2.749943
2.984520
3.167686
3.254779
3.158569
2.983829
2.750984
2.520310
2.290107
2.302984
2.595483
2.907089
3.190377
3.298566
3.165122
2.877046
2.603814
2.714952
2.745089
2.646113
2.757690
3.185270
3.634273
3.982024
4.154906
3.998803
3.679269
3.353913
2.960363
2.635622
2.580395
2.363755
2.197407
2.489342
2.170091
2.263167
2.441698
2.587876
2.672283
2.673813
2.568192
2.391000
2.184830
2.229263
2.764574
3.323714
3.855487
4.275998
4.370220
4.093441
3.530139
2.948144
2.416533
1.972326
2.399665
3.104954
3.925096
4.890845
6.003405
7.186703
8.099857
8.146135
7.363859
6.243238
5.142487
4.180568
3.358932
2.706111
2.220904
1.883478
2.012949
2.101131
1.920847
1.702372
1.892070
2.065927
2.276404
2.434306
2.434361
2.267228
2.058796
1.852927
1.799584
1.711763
1.854895
1.950014
1.951635
1.980642
2.108334
2.116934
2.007591
1.864579
1.666161
1.448882
1.433134
1.625847
1.762322
1.781459
1.692768
1.529175
1.488848
1.433797
1.533999
1.698702
1.963592
2.643411
3.256660
3.291036
2.686399
2.320486
2.477560
2.481889
2.504389
2.651164
2.641690
2.566869
2.342921
2.084836
2.252326
2.498543
2.697441
2.739936
2.776419
2.821293
2.798839
3.075953
3.384349
3.691886
4.023891
4.317724
4.470516
4.452810
4.240834
3.901288
3.585630
3.355924
3.189978
3.222402
3.544302
3.880736
4.208895
4.564717
4.894273
5.103841
5.143575
4.950791
4.614082
4.292086
4.061922
3.782963
3.449315
3.636832
3.861339
4.044130
4.107410
4.203419
4.462439
4.729156
5.017372
5.187051
5.173458
5.151381
5.161622
5.214841
5.482250
5.949447
6.247140
6.446167
6.434869
6.474992
6.376639
6.267185
6.008660
5.838883
5.757278
5.545832
5.461889
5.633825
5.765831
5.940214
5.917803
5.795856
5.626551
5.834984
6.119347
6.221970
6.423042
6.703216
7.017259
7.323317
7.509786
7.491153
7.395527
7.301024
7.447872
7.757065
8.007092
8.260736
8.281720
8.044839
7.611584
7.152714
6.761868
6.487659
6.202020
6.086317
6.272810
6.319183
6.419422
6.281841
6.091805
6.000622
6.507476
7.118440
7.770152
8.416952
8.868878
8.945111
8.680313
8.106625
8.602808
9.031428
9.163911
8.931824
8.458470
7.904444
8.316971
8.569605
8.493731
8.414649
8.740857
8.738677
8.415606
7.986808
8.396323
8.848676
9.029130
8.802958
8.148033
7.863870
7.612367
7.207130
6.955016
6.812363
6.457576
5.993567
6.066355
6.297348
6.310988
6.230901
6.227498
6.006670
5.620614
5.197396
4.757767
4.576646
4.837300
5.167308
5.409038
5.438871
5.207373
4.899089
4.554254
4.237287
3.912387
3.597359
3.371328
2.964056
2.586041
2.298588
2.155892
2.272190
2.273589
2.153980
1.974294
1.824409
1.901448
1.874990
1.811496
1.986657
2.078048
2.004210
1.828249
1.616735
1.374324
1.060156
1.153971
1.323381
1.528493
1.747765
1.977945
2.206169
2.364829
2.227396
1.467863
1.042907
1.263053
1.450417
1.262829
0.934891
0.614953
0.382316
0.225680
0.154568
0.217462
0.307674
0.419289
0.547867
0.696476
0.868209
1.048539
1.183508
1.198907
0.976277
0.494160
0.349014
0.241724
0.071718
0.039210
0.007555
0.000010
0.001789
0.014133
0.046473
0.101953
0.177650
0.255602
0.352856
0.471358
0.575498
0.718777
0.889746
1.005718
0.827844
0.252507
0.096399
0.108263
0.173819
0.278481
0.417496
0.566990
0.658976
0.803392
1.020858
1.381926
1.965567
2.630529
3.379115
4.176667
4.853312
4.934960
4.406506
3.955317
3.652722
3.129123
2.596027
2.462430
1.991635
1.473095
1.027668
0.686658
0.529742
0.802824
1.015184
0.834632
0.637004
0.836601
1.230227
1.779335
2.411338
0.000000
0.000000
0.000000
0.000000
0.000000
0.000000
0.000000
0.000000
0.000000
