track	type=wiggle_0
fixedStep	chrom=chr	start=1	step=1
0.000000
0.000000
0.000000
0.000000
0.000000
0.000000
0.000000
0.000000
0.000000
0.008172
0.026798
0.079465
0.261972
0.530902
0.617560
0.500238
0.217192
0.070148
0.023762
0.087349
0.216743
0.406287
0.630542
0.904043
1.115848
1.116520
0.903061
0.640412
0.994778
1.197966
1.285824
1.259312
1.217749
1.494431
1.907102
2.399844
2.979556
3.624120
4.145339
4.181942
3.673750
3.035494
2.486218
2.146532
2.350540
2.675846
2.838789
2.641302
2.220607
1.815813
1.425251
1.099373
0.835262
0.623676
0.454892
0.511567
0.438492
0.378978
0.497651
0.916193
1.239330
1.335027
1.349438
1.307752
1.148847
0.915699
0.508489
0.222630
0.076233
0.010225
0.000000
0.000000
0.000000
0.000000
0.000000
0.000000
0.000000
0.000000
0.000000
0.000000
0.000000
0.000000
0.000000
0.000000
0.000000
0.000000
0.000000
0.000000
0.000000
0.000000
0.000000
0.000000
0.000000
0.001465
0.007271
0.010253
0.007653
0.002410
0.000000
0.000000
0.000000
0.000000
0.000000
0.000000
0.000000
0.000000
0.000000
0.000000
0.000000
0.000000
0.000000
0.001223
0.037729
0.132015
0.292822
0.527006
0.848514
1.324445
2.198980
2.621536
2.736364
2.736365
2.645760
2.319556
1.590766
1.062055
0.950708
1.263820
1.410358
1.347363
1.070903
0.796517
0.637020
0.945614
1.313435
1.335252
1.027592
0.883016
0.782361
0.658091
0.446902
0.342636
0.211316
0.105276
0.048426
0.030665
0.019870
0.014860
0.010935
0.006104
0.000116
0.000000
0.000000
0.000000
0.000000
0.000000
0.000000
0.000000
0.000000
0.000000
0.000000
0.000000
0.000000
0.000000
0.011298
0.084636
0.251726
0.567906
0.948086
1.045450
0.978561
0.674168
0.349061
0.160071
0.051271
0.007094
0.000000
0.000000
0.000000
0.013042
0.076528
0.104004
0.096831
0.112251
0.091202
0.039804
0.004642
0.013579
0.068455
0.174402
0.304589
0.439709
0.519397
0.431226
0.275455
0.128648
0.037593
0.001307
0.000000
0.000000
0.000000
0.000000
0.000000
0.000000
0.000000
0.000000
0.000000
0.000000
0.000000
0.000000
0.000000
0.000000
0.000000
0.000000
0.000000
0.000000
0.000000
0.000000
0.000000
0.000000
0.002784
0.093243
0.170565
0.189852
0.170565
0.097698
0.074531
0.100332
0.124069
0.122407
0.095057
0.062712
0.035520
0.020734
0.039784
0.062110
0.097372
0.143159
0.197541
0.257477
0.323775
0.379971
0.387919
0.342952
0.278220
0.211958
0.154069
0.153103
0.187787
0.190723
0.155061
0.152099
0.178764
0.175289
0.139131
0.093161
0.098469
0.140405
0.201992
0.274249
0.350689
0.399312
0.386434
0.327397
0.250680
0.180083
0.121218
0.127442
0.189225
0.282148
0.482378
0.672190
0.678198
0.713756
0.861602
1.016811
1.154027
1.189048
1.124366
1.147517
1.327816
1.513292
1.813531
2.341694
2.934274
3.493342
3.802978
3.815539
3.442437
2.811729
3.070045
3.468301
3.899370
4.360403
4.862346
5.407107
5.999943
6.626382
7.237298
7.661562
7.658333
7.223950
6.613613
5.987852
5.395905
4.851830
4.352459
3.910469
3.499606
3.102215
2.734685
2.398774
2.197187
2.783483
3.294587
3.447753
3.092081
2.969752
3.472476
3.724643
3.413694
2.892241
2.406881
1.938094
1.521129
1.158980
0.852375
0.608269
0.437050
0.402562
0.422492
0.368415
0.280325
0.224340
0.167928
0.137047
0.127372
0.091048
0.054288
0.038162
0.035610
0.029579
0.046836
0.052491
0.044439
0.070241
0.038023
0.006774
0.000306
0.000000
0.000000
0.000000
0.000000
0.000000
0.000000
0.000000
0.000000
0.000000
0.000000
0.000000
0.001323
0.010060
0.023963
0.035371
0.032225
0.027043
0.052814
0.085748
0.126311
0.175198
0.222921
0.260988
0.256464
0.214162
0.161420
0.119282
0.117188
0.181041
0.292920
0.448061
0.559270
0.539914
0.389297
0.259375
0.202210
0.199554
0.172050
0.132191
0.124015
0.104418
0.096101
0.086805
0.064500
0.038009
0.018771
0.014755
0.013429
0.024236
0.046968
0.018851
0.004496
0.016629
0.030820
0.033116
0.063431
0.197231
0.326600
0.390710
0.409164
0.413397
0.413397
0.408314
0.379976
0.280569
0.088705
0.007514
0.000000
0.003422
0.041673
0.111588
0.155161
0.140088
0.071882
0.017165
0.084561
0.232651
0.497968
0.924182
1.126691
1.182689
1.193682
1.193682
1.193682
1.193682
1.182689
1.133050
0.957228
0.593908
0.347315
0.576538
0.864756
1.185853
1.351511
1.260646
1.010637
0.711249
0.461319
0.299031
0.239824
0.156226
0.191591
0.321807
0.445109
0.474624
0.429798
0.610759
0.806310
0.925445
0.890363
0.771920
0.590807
0.417092
0.534868
0.713785
0.916946
1.119448
1.237931
1.181628
1.236357
1.465939
1.529805
1.510741
1.606059
1.871216
2.374986
2.960563
3.617740
4.770821
5.307168
5.494789
5.562872
5.494788
5.307167
4.750619
3.509262
2.649975
2.000773
1.468067
1.037396
0.708159
0.515048
0.454034
0.317626
0.228115
0.150867
0.084335
0.029250
0.005023
0.000003
0.000000
0.000000
0.000000
0.000513
0.005921
0.010280
0.005223
0.005562
0.011964
0.018282
0.020331
0.020975
0.020975
0.028596
0.030826
0.023944
0.022953
0.015357
0.004343
0.004021
0.002224
0.000006
0.000000
0.000000
0.000149
0.005671
0.017330
0.028449
0.036617
0.032343
0.024242
0.027900
0.059928
0.102956
0.151547
0.166086
0.152302
0.111481
0.070696
0.034289
0.082093
0.170788
0.180453
0.183199
0.123654
0.081868
0.056220
0.088693
0.085342
0.047502
0.075653
0.143638
0.253477
0.365635
0.453423
0.489079
0.562912
0.643156
0.598853
0.473360
0.438160
0.596238
0.752404
0.874281
0.899063
0.952346
0.996611
1.376776
1.952113
2.770183
3.369834
4.013483
4.203835
4.013483
3.375221
2.798367
2.022750
2.356582
2.857496
3.505891
4.231906
4.946448
5.600868
5.766550
5.435352
4.779253
4.216197
3.775944
3.170831
2.587506
2.187538
2.039964
2.187202
2.218997
1.992736
1.611557
1.182739
0.814803
0.606812
0.771719
0.958064
1.148744
1.277057
1.283771
1.173983
0.986083
0.812115
0.875302
1.017774
1.076771
1.059678
0.959770
0.804872
0.667784
0.577276
0.491486
0.382710
0.287618
0.205998
0.199619
0.211157
0.195841
0.226808
0.221256
0.235809
0.287180
0.385293
0.496319
0.607569
0.713868
0.797606
0.846286
0.839308
0.793173
0.691984
0.602674
0.696871
0.739453
0.696105
0.599582
0.520010
0.587782
0.601413
0.547578
0.491544
0.434541
0.388057
0.361332
0.377113
0.593994
0.865310
1.205408
1.625268
2.138623
2.714243
3.270923
3.580954
3.265449
2.691402
2.108124
1.592482
1.175489
1.136263
1.113828
1.044126
1.185011
1.270561
1.353983
1.554021
1.559811
1.838065
2.218762
2.640105
3.073779
3.412390
3.398529
3.049230
2.612654
2.182326
1.808452
1.508453
1.248062
1.050369
1.155117
1.247604
1.156489
1.026330
1.230589
1.324273
1.215453
1.148174
1.117476
1.284287
1.373081
1.413578
1.545899
1.658237
1.659594
1.573836
1.446082
1.426287
1.531339
1.600344
1.767150
1.911935
1.941569
1.825640
1.640630
1.444378
1.432163
1.495499
1.452680
1.316427
1.248950
1.239609
1.141943
1.313556
1.580672
1.881112
2.080626
2.072026
1.892438
1.603613
1.311497
1.047966
0.812397
0.746221
0.694234
0.679260
0.667558
0.593181
0.479187
0.433707
0.515177
0.583814
0.637312
0.695245
0.606932
0.461557
0.745563
1.089991
1.429767
1.931743
2.505874
2.476762
1.866960
1.516471
1.218868
0.864885
0.556201
0.334937
0.336204
0.365348
0.420090
0.430952
0.399501
0.352675
0.300481
0.255254
0.196960
0.184794
0.225325
0.294048
0.351662
0.334602
0.260989
0.191410
0.231627
0.263079
0.301088
0.293520
0.253132
0.204815
0.155488
0.120190
0.227605
0.284422
0.302335
0.307867
0.299936
0.288830
0.368224
0.455990
0.537526
0.574441
0.560677
0.497109
0.414006
0.335478
0.297285
0.355660
0.449721
0.522381
0.581518
0.594900
0.591694
0.577344
0.544542
0.492181
0.420791
0.340011
0.253397
0.210292
0.273813
0.331471
0.378922
0.378431
0.327030
0.268943
0.201969
0.152471
0.192532
0.223373
0.220462
0.186966
0.148280
0.215865
0.311319
0.396463
0.496628
0.641112
0.784669
0.901986
1.064688
1.125607
1.072221
0.901221
0.717208
0.545914
0.397538
0.568737
0.730410
0.763327
0.816564
0.971826
1.114221
1.174483
1.181361
1.276602
1.612380
1.990932
2.405962
2.802308
3.039212
3.092754
3.511515
4.054764
4.540189
5.041722
5.248336
6.074512
6.514545
6.142926
5.312369
4.377233
3.532299
2.808181
2.770267
3.082017
3.405822
3.704969
3.748716
4.057872
4.537931
5.065942
5.756603
6.366896
6.599477
6.276989
5.648664
4.925828
4.298074
4.155370
4.058459
3.965782
3.644804
3.219813
2.867326
3.087404
3.086262
3.084112
3.492393
3.852604
4.092126
3.971064
3.668290
3.275423
2.898415
2.672860
2.609167
2.406720
2.131516
1.886511
1.925417
2.015736
1.949661
1.825691
1.633808
2.139089
2.784152
3.517746
4.198111
4.728362
4.586431
3.933455
3.191592
2.535768
2.047860
1.623611
1.382542
1.262593
1.176081
1.140574
1.134082
1.131920
1.043191
0.956555
0.843079
0.714803
0.595613
0.555040
0.592146
0.603146
0.673894
0.675294
0.608458
0.511699
0.552842
0.567279
0.520220
0.489031
0.637837
0.759376
0.814120
0.816681
0.756362
0.607569
0.416144
0.383664
0.403184
0.590585
0.700835
0.746779
0.749992
0.717324
0.647167
0.522636
0.512732
0.514152
0.481751
0.441215
0.447033
0.489033
0.532022
0.618883
0.704349
1.045954
1.245350
1.231465
0.985426
0.640313
0.442659
0.302214
0.180375
0.085151
0.057154
0.086588
0.112173
0.129078
0.114202
0.079079
0.044043
0.017526
0.014518
0.033938
0.060869
0.088769
0.114196
0.110904
0.081568
0.048780
0.048873
0.041519
0.059883
0.068966
0.056832
0.032316
0.043391
0.058944
0.067168
0.049440
0.019384
0.017465
0.030623
0.034926
0.079678
0.152515
0.196611
0.293177
0.443973
0.553533
0.536097
0.613896
0.605815
0.647637
0.548433
0.382209
0.228618
0.112816
0.042864
0.008895
0.043627
0.119651
0.181199
0.170751
0.090625
0.079834
0.179318
0.322746
0.445285
0.454423
0.348159
0.201975
0.089408
0.055953
0.058056
0.108540
0.185357
0.285056
0.406092
0.550609
0.718861
0.883293
0.999640
0.981053
0.834592
0.655985
0.484718
0.335223
0.212285
0.120195
0.057355
0.019054
0.001496
0.000000
0.000000
0.000000
0.000000
0.000000
0.000000
0.000000
0.000000
0.000000
0.002863
0.010334
0.004404
0.000000
0.000000
0.000000
0.000000
0.000000
0.000000
0.000000
0.014733
0.083880
0.127708
0.141429
0.145571
0.147154
0.143189
0.126848
0.072839
0.004527
0.004784
0.012552
0.018957
0.010477
0.003154
0.000443
0.000000
0.000000
0.000000
0.000000
0.000000
0.000000
0.000000
0.000000
0.000000
0.000000
0.000000
0.000000
0.000000
0.000000
0.000000
0.000000
0.000000
0.000000
0.000000
0.000000
0.000000
0.000000
0.000154
0.014410
0.029483
0.105284
0.272749
0.568720
0.750288
0.881350
1.027372
0.885089
0.799963
0.765958
0.657256
0.447118
0.634754
0.907769
1.257753
1.673586
2.149998
2.608788
2.805009
2.648569
2.742383
3.213461
3.348583
3.577152
4.235887
4.717865
3.883671
2.978515
2.399463
2.138062
1.713917
1.281779
0.892059
0.988409
1.474329
1.676787
1.729948
1.730132
1.682109
1.496735
1.070190
0.616252
0.338042
0.153278
0.051055
0.017096
0.010485
0.010878
0.006004
0.000000
0.000000
0.000000
0.000000
0.000000
0.000000
0.005673
0.051548
0.089320
0.107741
0.108100
0.089896
0.051377
0.012203
0.031808
0.063263
0.108242
0.169048
0.245583
0.338386
0.442345
0.550313
0.668234
0.803156
0.948329
1.109393
1.302154
1.522660
1.726650
1.857644
1.787405
1.629737
1.433199
1.242180
1.080240
1.040892
1.049561
0.958591
0.832562
0.737787
0.797216
0.772510
0.802062
0.946298
1.098532
1.198115
1.212807
1.137740
1.002618
0.860265
0.788944
0.925570
1.074018
1.215051
1.308561
1.308193
1.206985
1.055239
0.929699
0.915013
1.037392
1.166115
1.254661
1.217601
1.111211
0.956867
0.834965
0.856450
0.920391
0.866840
0.698270
0.528101
0.290539
0.226594
0.165996
0.184251
0.225038
0.324784
0.537650
0.841465
1.218811
1.548634
1.677759
1.499382
1.110519
0.740674
0.468549
0.483547
0.635295
0.669460
0.803139
1.020049
1.269353
1.552505
1.862734
2.218328
2.623977
3.090179
3.599221
4.106898
4.416681
4.402026
4.068175
3.564278
3.083438
2.651195
2.602425
2.999246
3.422595
3.868481
4.353714
4.854668
5.349237
5.750840
5.946160
5.776148
5.377847
4.852810
4.333641
3.863019
3.436481
3.044558
2.705105
2.369646
2.056568
1.767575
1.865750
1.849622
2.138246
2.516364
2.737732
2.934891
3.291449
3.680586
4.077882
4.448723
4.743856
4.790998
4.647723
4.763814
5.126037
5.490090
5.753915
5.810827
5.582593
5.437422
5.433789
5.241904
5.073005
5.935413
6.346854
5.893210
4.999264
4.097218
3.330825
3.535078
3.786196
3.899019
3.768294
3.448777
3.127757
3.058322
2.912607
2.700031
2.966528
3.302691
3.674227
4.021855
4.227570
4.190707
4.004080
3.785558
3.444069
3.636498
3.528962
3.237864
2.981607
3.021599
2.994650
3.332597
3.758950
4.246228
4.754714
5.270679
5.863953
6.552146
7.252176
7.721316
7.704368
7.263954
6.611310
5.965082
5.367911
4.807848
4.271809
3.923200
4.702018
5.250609
5.270452
4.734044
3.964005
3.215694
2.564075
2.419832
2.726375
2.968451
3.022400
2.888365
2.644452
2.368837
2.235131
2.234768
2.148978
2.297537
2.356902
2.557538
2.582400
2.451669
2.287191
2.101774
2.173955
2.176061
2.205221
2.308566
2.323429
2.179284
1.948258
1.688846
1.451219
1.306689
1.119220
1.080675
1.137832
1.101849
0.957773
0.853101
0.912294
0.931036
0.922190
0.940744
0.984718
0.924683
0.803748
0.676197
0.540484
0.423973
0.331437
0.312393
0.541558
0.838684
1.105793
1.106240
0.844162
0.564013
0.374798
0.431515
0.462288
0.398740
0.357113
0.528159
0.679234
0.710631
0.700473
0.666630
0.570415
0.446936
0.614911
0.935661
1.329504
1.762520
2.085305
2.138732
1.988335
2.274798
2.439945
2.482678
2.454909
2.409594
2.396233
2.381880
2.555899
3.019356
3.065384
2.620653
2.665027
2.467944
2.044673
1.558627
1.130290
1.023061
1.419496
1.607520
1.668203
1.681705
1.674668
1.623083
1.407735
0.879696
0.469865
0.232133
0.087367
0.021170
0.029276
0.039532
0.029547
0.012882
0.025858
0.028280
0.012636
0.000387
0.000000
0.000000
0.000000
0.000000
0.000000
0.000527
0.000000
0.000000
0.001153
0.004953
0.002254
0.000000
0.000000
0.000000
0.000000
0.000000
0.000000
0.000000
0.000000
0.000000
0.000000
0.000000
0.000000
0.000000
0.000000
0.000000
0.000000
0.000000
0.000000
0.000000
0.000000
0.000000
0.000000
0.000000
0.000000
0.000000
0.000000
0.000000
0.000000
0.000000
0.000000
0.000000
0.000000
0.000000
0.014836
0.081021
0.085268
0.028356
0.032873
0.101913
0.174403
0.342201
0.664828
0.977408
1.113178
1.146255
1.102550
0.974163
0.722307
0.482957
0.286812
0.220087
0.201222
0.139029
0.046525
0.014512
0.002424
0.000000
0.000000
0.000000
0.000000
0.000945
0.015073
0.044679
0.085048
0.127475
0.152498
0.157834
0.151376
0.124674
0.082471
0.085761
0.059527
0.062972
0.125784
0.204237
0.260642
0.268887
0.212494
0.350008
0.557827
0.789816
0.957064
0.949205
0.772335
0.710340
0.714104
0.722887
0.708846
0.621602
0.429571
0.245473
0.416878
0.639922
0.910592
1.147960
1.293610
1.276805
1.266971
1.340412
1.679994
2.014575
2.021486
1.750904
1.517502
1.228759
1.088274
1.229186
1.452219
1.559187
1.411688
1.570821
1.865675
1.969573
1.835959
1.542704
1.343402
1.289350
1.132274
0.942393
1.032138
1.239352
1.397130
1.631197
1.759180
1.721489
1.528239
1.465336
1.784127
2.145536
2.521734
2.834816
2.953720
2.778682
2.433429
2.045789
1.706413
1.626965
1.924032
2.225137
2.493568
2.640850
2.519664
2.302297
2.185796
2.093006
1.954000
1.749995
1.554418
1.416514
1.371043
1.441034
1.461122
1.490281
1.683934
1.858150
1.937094
1.901183
1.876098
1.972016
2.022175
1.900394
1.809862
1.638433
1.484967
1.659470
1.794859
1.781674
1.637786
1.529568
1.426908
1.243955
1.059143
0.905578
0.948647
1.296147
1.807238
2.632982
3.194430
3.357437
3.199127
2.695873
2.514091
2.891318
3.264881
3.559956
3.861425
4.165595
4.469783
4.745904
4.948726
4.954139
4.723112
4.401400
4.062240
3.751154
3.597659
3.891889
4.209437
4.527896
4.828071
5.085968
5.237656
5.135676
4.798246
4.398913
4.005429
4.276268
4.626190
4.189926
2.991107
2.451674
2.681597
2.857852
2.915095
2.963510
2.922307
3.329359
3.811578
3.931679
3.620512
3.176121
2.828539
2.714923
2.773760
3.026215
3.300968
3.606747
3.942196
4.283580
4.583285
4.781582
4.923420
5.048971
5.290157
5.524559
5.971699
5.996456
5.655587
5.600366
5.829397
6.311419
6.599234
6.579099
6.242498
5.761747
5.496949
5.974813
6.489361
7.053402
7.645401
8.184282
8.464633
8.361245
7.851043
7.221849
6.598523
7.128233
7.785575
8.356530
8.671401
8.854146
8.684360
8.428077
7.790401
7.170897
6.470971
5.764534
5.938354
6.502379
7.024210
7.773976
8.714955
9.774638
10.936288
12.208999
13.542210
14.917937
16.539837
18.313084
20.223637
22.348368
24.692205
27.233601
29.994701
32.540653
33.397671
32.463833
29.838366
27.016344
24.418989
22.051910
19.924208
18.013935
16.258127
14.627676
13.114086
11.756853
10.670477
10.570615
10.258220
9.545511
8.741851
9.389441
10.117798
10.303189
9.935466
9.208059
8.350929
7.523748
6.763310
6.100318
5.529910
5.039353
4.799391
4.421527
3.963506
3.560224
3.208701
2.913635
2.583792
2.476276
2.259006
1.972550
1.809674
1.706286
1.654588
1.781895
1.891770
1.838812
1.661765
1.447132
1.288034
1.206315
1.171857
1.105478
1.004027
1.002011
1.067536
1.067071
1.074425
1.086872
1.167926
1.213626
1.236588
1.250934
1.361714
1.544210
1.742666
1.987608
2.340393
2.916787
3.654717
4.133260
4.307239
4.253054
4.222888
4.405304
4.353776
4.188835
4.266351
4.155241
3.999575
4.274145
4.529011
4.666653
4.770523
5.087720
5.326168
5.385709
5.592056
5.852313
6.124930
6.470587
6.728651
6.899773
6.889333
7.030021
6.898650
6.982235
7.219593
7.264217
7.017690
6.654788
6.216508
5.775944
5.405870
5.099058
4.879716
4.562741
4.178716
3.520490
2.847914
2.279736
2.079364
1.926860
1.838585
1.753968
1.719985
1.604863
1.880052
2.257225
2.680720
3.126179
3.560985
3.847100
3.883817
3.748276
3.657534
3.718706
3.489070
3.165270
3.742310
4.397932
5.147511
6.011469
6.934588
7.685309
7.871990
7.360320
6.587874
5.729478
4.955554
4.236399
4.480477
4.830055
5.316318
5.980570
6.567441
6.973326
6.958839
6.484997
5.825368
5.147665
4.510565
3.924278
4.341717
4.798797
5.283347
5.786377
6.299327
6.748907
7.168941
7.246385
6.956192
6.671423
6.501356
6.111709
5.590708
5.054388
4.551158
4.143160
3.967961
4.425627
4.976855
5.581363
6.227812
6.829456
7.173059
7.091912
6.603883
5.992712
5.326097
4.708425
4.943655
5.385789
5.963873
6.455983
6.434815
6.004149
5.349689
4.701481
4.167675
3.788520
3.474116
3.093134
2.709685
2.967250
3.161587
3.228642
3.443853
3.676160
3.898458
4.044858
4.035274
3.884981
3.638353
3.362592
3.357563
3.569320
3.857489
4.155704
4.480223
4.799517
5.039114
5.011819
4.711106
4.333869
4.382683
4.625269
4.828824
4.989812
5.304115
5.682062
6.050445
6.286249
6.370719
6.504117
6.410284
6.225809
6.230474
6.120531
5.969375
6.274401
6.645985
7.022162
7.404247
7.754380
7.806528
7.542617
7.150371
6.862392
6.551755
6.390827
6.129527
5.807045
5.692039
5.718229
5.548516
5.251791
5.165817
5.281630
5.172762
4.904325
4.583202
4.295807
4.464975
4.554631
4.688865
4.838721
4.925540
5.056668
5.236807
5.173183
4.825054
4.604837
4.403357
4.223818
3.952589
3.899531
4.057733
4.252458
4.338354
4.229998
3.971550
3.624738
3.277648
3.498553
4.163353
4.660028
4.658421
4.738848
5.188053
5.676932
5.723387
5.316395
5.221193
5.485531
5.997457
6.611796
7.284070
8.008471
8.742732
9.306029
9.523457
9.160594
8.536528
7.770299
7.017784
6.390288
5.932258
5.522712
5.221714
5.671380
6.400855
6.558685
6.260271
5.791925
5.347941
4.967925
4.702950
5.001001
5.122434
4.997314
5.017476
5.109051
4.973439
4.800208
4.511491
4.201399
3.968270
4.170069
4.190274
4.011652
3.811412
3.638295
3.874201
4.170511
4.431100
4.589843
4.722229
4.972400
5.259087
5.518648
5.686627
5.573810
5.243200
4.824265
4.428177
4.080568
3.770559
3.510439
3.717726
4.263642
4.744842
5.127654
5.043958
4.591473
4.178682
4.461914
4.770523
5.087720
5.259379
4.792948
2.955392
1.551701
1.114742
1.051935
1.098751
0.996209
1.078083
1.249977
1.448254
1.625591
1.784195
1.828116
1.696150
1.506948
1.325341
1.417164
1.516168
1.459664
1.305622
1.117834
0.943889
0.783216
0.633994
0.598599
0.717515
0.854442
1.096947
1.378768
1.632075
1.721545
1.637780
1.463058
1.387066
1.377021
1.421002
1.362145
1.141270
0.881867
0.648571
0.577979
0.732554
0.902030
1.084994
1.292575
1.534562
1.818011
2.142895
2.496087
2.857721
3.164374
3.190371
2.569860
2.011506
1.903224
2.111324
2.437511
2.823033
3.261822
3.750348
4.292233
4.878406
5.429126
5.681982
4.807580
2.168607
1.227566
0.870912
0.726338
0.819966
0.894675
0.858608
1.046043
1.343690
1.713894
2.067384
2.173082
1.667801
1.665685
2.011563
2.446726
2.713959
2.146171
1.355597
1.361721
1.620040
2.035088
2.291998
1.631024
1.185195
0.910079
0.309498
0.000000
0.000000
0.000000
0.000000
0.000000
0.000000
0.000000
0.000000
0.000000
