track	type=wiggle_0
fixedStep	chrom=chr	start=1	step=1
0.000000
0.000000
0.000000
0.000000
0.000000
0.000000
0.000000
0.000000
0.000000
0.001501
0.003102
0.006152
0.017707
0.085584
0.219228
0.438789
0.509482
0.403712
0.164287
0.047577
0.020131
0.072823
0.172593
0.309356
0.481402
0.709633
0.928053
1.022171
0.882177
0.651150
0.700992
0.901989
0.650071
0.360358
0.160190
0.057126
0.010725
0.002573
0.001899
0.002438
0.005813
0.004766
0.000000
0.000000
0.037096
0.110353
0.203598
0.318785
0.458304
0.622817
0.789797
0.943998
0.967462
0.866527
0.788410
0.870868
0.829197
0.689970
0.514291
0.486999
0.681722
0.932934
1.228738
1.514170
1.710610
1.615352
1.370491
1.122799
0.889758
0.668379
0.470832
0.350077
0.380100
0.344557
0.248026
0.148577
0.086828
0.062007
0.029923
0.058289
0.081764
0.083423
0.063075
0.141250
0.318346
0.614895
1.180921
1.466210
1.545230
1.558508
1.545230
1.484877
1.271984
0.796603
0.446215
0.213086
0.075114
0.009799
0.007188
0.002826
0.004009
0.018133
0.039795
0.044911
0.031992
0.018650
0.039433
0.070119
0.110927
0.158490
0.201237
0.227146
0.213718
0.184522
0.202196
0.199995
0.217626
0.211151
0.233356
0.422333
0.899466
1.143829
1.210668
1.222472
1.222472
1.222472
1.210668
1.564458
2.049508
2.630099
3.312827
4.049798
4.663348
5.126505
5.138008
5.238166
6.567678
8.233237
8.324400
6.850510
5.409610
4.359559
3.497145
2.753364
2.128896
1.613424
1.225031
0.998961
0.869035
0.717454
0.759066
0.771862
0.660895
0.537506
0.680932
0.818594
0.974254
1.148002
1.368107
1.618152
1.897822
2.195220
2.496407
2.795257
3.139666
3.482881
3.635279
3.497556
3.371269
3.310666
3.025047
2.787538
2.811554
3.000677
3.254112
3.337507
3.267740
3.063357
2.888069
2.738861
2.856251
3.054895
3.084413
2.945539
2.695147
2.462211
2.103365
1.935029
1.658515
1.634400
1.859352
2.088192
2.272017
2.404568
2.381955
2.225775
2.193182
2.062507
1.844887
1.619496
1.661109
1.590756
1.447528
1.660314
1.803730
1.657188
1.697255
1.625886
1.610322
1.790779
1.852397
1.792757
1.594599
1.385153
1.201204
1.014941
0.845162
0.820341
0.757782
0.888124
0.931145
0.887045
0.757183
0.617814
0.585240
0.513914
0.500555
0.450749
0.391159
0.391799
0.472541
0.647811
0.849888
1.075124
1.335426
1.524730
1.523993
1.332867
1.073099
0.841845
0.631524
0.452914
0.387460
0.486117
0.518886
0.580808
0.549747
0.454092
0.326829
0.216162
0.155117
0.208215
0.218590
0.183335
0.178792
0.206916
0.206119
0.204276
0.220580
0.180618
0.128677
0.112377
0.136565
0.262776
0.462521
0.463278
0.266350
0.152152
0.208367
0.251437
0.251134
0.206316
0.311164
0.451147
0.432429
0.443349
0.482874
0.472865
0.411029
0.327726
0.227459
0.166761
0.121336
0.166461
0.231329
0.283065
0.345945
0.440167
0.553891
0.697035
0.813678
0.820443
0.703777
0.560019
0.427137
0.297710
0.216557
0.143604
0.150891
0.195973
0.249968
0.286693
0.492466
0.771310
0.871357
0.804760
0.605360
0.591036
0.754808
0.928558
1.367887
1.764642
1.949114
1.987062
1.949115
1.774069
1.392589
0.931566
0.591488
0.341951
0.184375
0.100542
0.035527
0.002239
0.002505
0.016474
0.042386
0.079419
0.130174
0.192464
0.253707
0.282190
0.247863
0.186337
0.124931
0.074473
0.037043
0.035169
0.071852
0.108080
0.152436
0.198809
0.286462
0.406626
0.553997
0.718520
0.854781
0.917215
0.827337
0.689412
0.610302
0.382137
0.480885
0.648644
0.840188
1.027780
1.127262
1.054584
0.877621
0.673733
0.491930
0.340263
0.219760
0.130079
0.064379
0.021813
0.001887
0.000000
0.000000
0.000000
0.000075
0.031335
0.141835
0.227464
0.260773
0.269435
0.271189
0.273754
0.278089
0.281135
0.404727
0.632924
0.806347
0.781267
0.561311
0.346751
0.183677
0.120440
0.112732
0.108313
0.100092
0.074105
0.028023
0.000000
0.000000
0.000000
0.000000
0.000000
0.000000
0.000000
0.000000
0.000000
0.000000
0.000000
0.000000
0.000000
0.000000
0.000000
0.000000
0.000000
0.000000
0.000000
0.000000
0.000000
0.000000
0.000000
0.000000
0.000000
0.000000
0.000000
0.000000
0.000000
0.000000
0.000000
0.000000
0.001536
0.044400
0.158119
0.384964
0.754197
0.928602
0.976976
0.986463
0.986463
0.986463
0.986463
0.976976
0.929012
0.756583
0.393684
0.168190
0.060394
0.023139
0.030699
0.023286
0.003505
0.000000
0.001177
0.024327
0.080577
0.172290
0.290012
0.381304
0.373096
0.276973
0.167718
0.130183
0.184370
0.340025
0.567782
0.861098
1.190436
1.484384
1.499249
1.235438
0.908544
0.661439
0.840774
0.900519
0.761122
0.559529
0.363538
0.205777
0.096025
0.029778
0.001955
0.003801
0.045603
0.111788
0.160132
0.175198
0.179257
0.179257
0.179257
0.173299
0.148819
0.078715
0.008247
0.000000
0.000000
0.000000
0.000000
0.000000
0.000000
0.000467
0.015847
0.023746
0.019683
0.007609
0.042343
0.131156
0.243973
0.369195
0.372219
0.255726
0.135925
0.074186
0.020526
0.017854
0.012160
0.000469
0.000000
0.000000
0.000000
0.000511
0.004118
0.008358
0.006834
0.001157
0.000000
0.000000
0.000000
0.000000
0.000004
0.000023
0.000019
0.000839
0.000284
0.000000
0.000000
0.001483
0.003201
0.008061
0.028361
0.060709
0.081587
0.070979
0.076658
0.064737
0.039012
0.027764
0.020153
0.033752
0.063684
0.081835
0.086634
0.145065
0.244953
0.372872
0.518519
0.634174
0.627814
0.509552
0.366317
0.244153
0.159967
0.130730
0.267666
0.453481
0.730928
1.095467
1.556103
2.083013
2.345790
2.134567
1.667135
1.357818
1.190254
0.971698
0.760654
0.920360
1.088101
1.202005
1.194638
1.113365
1.301461
1.625170
1.879534
1.949169
2.184456
2.435665
2.959208
3.616496
4.245532
4.581210
4.456295
4.089000
4.787311
5.405046
5.549291
5.217809
4.636402
3.958965
3.330977
2.772964
2.279944
1.850192
1.479562
1.161470
0.888825
0.660648
0.476915
0.598582
0.701224
0.726937
0.675982
0.547944
0.417377
0.302596
0.229624
0.268270
0.259429
0.201356
0.137851
0.079031
0.050007
0.032926
0.018933
0.011428
0.033435
0.059644
0.072635
0.059720
0.032953
0.010662
0.000485
0.000000
0.000000
0.000000
0.000000
0.000000
0.000000
0.000000
0.000000
0.000000
0.000000
0.000000
0.000000
0.000000
0.011008
0.073312
0.198134
0.393976
0.676463
1.103122
1.617109
1.858319
1.925504
1.947566
1.947086
1.935233
1.863742
1.590146
1.166274
1.063169
0.794597
0.548234
0.322046
0.153826
0.053855
0.013111
0.004497
0.014677
0.022894
0.017654
0.008428
0.009799
0.011739
0.002771
0.000271
0.000000
0.000000
0.000000
0.000000
0.000000
0.001561
0.013395
0.020352
0.008620
0.000061
0.000000
0.000000
0.000000
0.000000
0.000000
0.000000
0.000000
0.000000
0.000000
0.000002
0.005683
0.023516
0.057060
0.103993
0.159598
0.230943
0.316650
0.393061
0.407509
0.347167
0.269812
0.196950
0.131269
0.078260
0.039181
0.013452
0.009957
0.029753
0.062260
0.113135
0.145549
0.148787
0.227436
0.339781
0.470101
0.547397
0.577526
0.554446
0.692073
0.879992
1.101963
1.251240
1.241402
1.082678
0.896642
0.687524
0.598699
0.620303
0.549767
0.550062
0.806506
1.083983
1.249731
1.185792
1.472279
1.968830
2.602006
3.181343
3.161497
2.578407
2.095183
1.901317
1.623368
1.819051
2.221195
2.160881
1.610028
1.291483
1.027251
0.713851
0.445906
0.260735
0.132717
0.145994
0.102631
0.043114
0.007306
0.000000
0.000000
0.000000
0.000125
0.001758
0.001038
0.000000
0.000000
0.000000
0.003546
0.011724
0.018348
0.015986
0.016894
0.019641
0.029789
0.047986
0.057466
0.053707
0.079734
0.086209
0.070942
0.063097
0.094625
0.130842
0.178534
0.237762
0.298692
0.340772
0.335712
0.287588
0.223186
0.160436
0.109193
0.176013
0.235091
0.291252
0.351118
0.419621
0.504595
0.608826
0.711356
0.759508
0.742609
0.670475
0.617857
0.630584
0.638644
0.691936
0.765400
0.810588
0.841250
0.920398
0.976015
0.959976
0.891304
0.795483
1.098449
1.516248
2.002493
2.531633
3.062155
3.454050
3.387518
3.037031
2.550719
2.474761
3.009512
3.619340
4.281543
4.884395
5.128903
4.941223
4.420811
3.762880
3.146074
2.641441
2.983731
3.289051
3.400411
3.605767
3.750067
3.709907
3.499283
3.539248
3.866019
4.446450
4.906345
5.172980
5.569686
5.587904
5.184274
4.887270
4.552327
5.239593
5.638302
5.344956
4.722696
4.368298
4.758742
5.178686
5.623346
6.039699
6.395506
6.639198
6.511294
6.244889
5.813869
5.440146
5.488022
5.757864
5.843662
5.766648
6.125994
6.582315
6.752190
6.543219
6.114712
5.621451
5.183477
4.835320
4.664609
4.794677
5.177528
5.489653
5.634573
5.461018
5.149430
4.775216
4.419602
4.119908
4.058036
3.941055
3.721196
3.856743
3.979607
4.227293
4.539392
4.742820
4.726781
4.539363
4.232178
3.966941
4.063333
4.090616
4.483400
4.160977
3.537440
3.576079
3.852423
4.173034
4.480922
4.638825
4.570561
4.302438
4.077801
4.034501
3.520640
3.372216
3.471828
3.559063
3.792057
4.035236
4.648604
5.515301
6.169742
6.705294
7.067688
7.334394
7.493330
7.432556
7.368630
7.260162
7.311577
7.327353
7.670339
8.082550
8.401128
8.568643
8.481252
8.252571
7.960027
8.011500
8.331218
8.533596
8.621433
8.708126
8.657092
8.405628
8.034124
7.639166
7.230308
6.839787
6.450407
6.037824
6.179601
6.430189
6.732532
7.001710
7.119767
7.047038
6.905621
6.669629
6.368885
5.979229
5.577892
5.186477
4.842845
4.536794
4.225674
3.910441
3.576897
3.407157
3.437800
3.391104
3.255956
3.119904
2.891667
2.632280
2.366365
2.111817
1.886782
1.678989
1.490707
1.313589
1.143514
0.988147
0.984948
1.109108
1.242999
1.702356
2.477811
2.852416
2.837740
2.456639
1.721936
1.601954
1.770429
1.795358
1.727048
1.535022
1.810972
2.253920
2.696060
2.885381
2.750281
2.376787
2.134141
2.374976
2.536962
2.457048
2.167851
1.883048
1.808660
1.760660
1.571364
1.378517
1.360300
1.581510
1.695070
1.751701
1.620583
1.392728
1.460835
1.770703
2.029088
2.139108
1.964172
1.697111
1.985961
2.535899
3.151902
3.717574
4.188558
4.427352
4.113649
3.548758
2.924639
2.376106
1.912700
1.524294
1.210691
0.966594
0.765072
0.804591
0.786547
0.683210
0.532180
0.379360
0.247192
0.148943
0.096823
0.077990
0.102374
0.107146
0.084147
0.053534
0.026698
0.008398
0.000360
0.000000
0.000000
0.000000
0.000000
0.000000
0.000000
0.000030
0.002813
0.053854
0.093096
0.105464
0.108074
0.106550
0.102272
0.088176
0.045967
0.001347
0.000000
0.000000
0.000000
0.000000
0.000000
0.000000
0.000000
0.000000
0.000000
0.000000
0.000000
0.000000
0.000000
0.000000
0.000000
0.000000
0.000000
0.000000
0.000000
0.000000
0.000000
0.000000
0.000000
0.000000
0.000000
0.000000
0.000000
0.000000
0.001401
0.043833
0.154060
0.351281
0.667185
0.937847
1.081361
1.166613
1.581588
1.933009
1.978695
1.724468
1.333814
0.990974
0.733319
1.025362
1.359848
1.662788
1.776799
1.618677
1.364661
1.737367
2.216719
2.680711
2.802214
3.002641
3.576054
4.008168
3.279939
2.462207
1.829580
1.377733
1.009421
0.684266
0.429210
0.245100
0.152464
0.210201
0.236092
0.300106
0.356719
0.346011
0.271223
0.197659
0.187342
0.126454
0.068708
0.038346
0.020187
0.010719
0.008627
0.003509
0.000000
0.005276
0.083251
0.206532
0.257655
0.228383
0.163322
0.141434
0.144575
0.139478
0.234784
0.410002
0.615485
0.802060
0.801426
0.590245
0.374697
0.210837
0.168114
0.246676
0.332931
0.417143
0.489510
0.500713
0.462621
0.471217
0.476442
0.585377
0.690219
0.722698
0.762463
0.854354
0.856928
0.773722
0.768010
0.743305
0.668015
0.744378
0.846413
0.949894
1.018012
1.012339
1.116823
1.188125
1.131327
1.014823
0.871175
0.737305
0.773818
0.855890
0.927911
0.915341
1.032416
1.232827
1.418165
1.511785
1.598529
1.804094
1.938996
1.988279
1.842307
1.620546
1.460338
1.517489
1.495282
1.703877
1.975913
2.274271
2.637383
3.102184
3.599281
4.066819
4.347163
4.371208
4.864046
5.532020
6.350143
7.293077
8.344608
9.498335
10.659660
11.510612
11.452631
10.511930
9.310736
8.185782
7.265671
6.816120
6.959184
6.996896
6.912220
6.593476
5.908483
5.180199
4.506551
3.910908
3.414611
2.939817
2.488178
2.083491
1.804245
1.871524
1.824149
1.677325
1.830641
2.079465
2.384795
2.709004
3.055046
3.432295
3.808899
4.058559
4.045893
3.813871
3.457046
3.078627
2.711218
2.367617
2.069546
1.832788
1.818865
1.990668
2.049509
1.942505
1.746682
1.523247
1.324861
1.186515
1.380658
1.587486
1.810072
2.057424
2.301092
2.449532
2.419649
2.232315
1.965587
1.731114
1.944789
2.183552
2.346568
2.378511
2.276950
2.072485
2.063241
2.589755
3.015603
3.022673
3.976985
4.344597
4.024057
3.051513
2.190826
1.590596
1.113573
0.734031
0.476715
0.376522
0.285765
0.205785
0.144202
0.102521
0.179303
0.289046
0.425928
0.585334
0.774288
0.977652
1.122837
1.131370
0.998659
0.800847
0.835759
0.910223
1.028077
1.175307
1.234239
1.179991
1.051298
0.880559
1.054249
1.280657
1.525121
1.781782
2.052088
2.376671
2.617072
2.633605
2.406579
2.074194
1.751262
1.464164
1.211982
0.986830
1.253083
1.446381
1.451184
1.266534
1.150090
0.909671
0.563303
0.436703
0.316218
0.395608
0.526105
0.804432
1.221529
1.716706
1.978632
1.767830
1.438471
1.116741
1.107620
1.098160
0.981074
0.739638
0.490976
0.463570
0.418174
0.343185
0.258166
0.180385
0.113688
0.063046
0.074284
0.107213
0.118372
0.119649
0.096819
0.053150
0.018503
0.002002
0.000000
0.000000
0.000000
0.000000
0.000000
0.000000
0.000000
0.000000
0.000000
0.000000
0.000000
0.000447
0.003508
0.018140
0.051651
0.101965
0.158869
0.183460
0.161938
0.105166
0.053613
0.018688
0.001620
0.000000
0.000000
0.000000
0.000000
0.000000
0.000000
0.000000
0.000000
0.000047
0.004477
0.004342
0.000242
0.000000
0.000000
0.000000
0.000000
0.000000
0.000000
0.000000
0.000000
0.000000
0.000000
0.000000
0.000510
0.012305
0.032441
0.066741
0.139292
0.175730
0.162924
0.101218
0.018966
0.000019
0.000000
0.000000
0.000000
0.000562
0.010913
0.013435
0.004266
0.031769
0.084847
0.135416
0.142611
0.102477
0.046483
0.008642
0.000000
0.000000
0.000000
0.000000
0.000000
0.000000
0.000000
0.000000
0.000000
0.000000
0.000000
0.000000
0.000000
0.000000
0.000000
0.000000
0.000000
0.000000
0.000000
0.000000
0.000000
0.000000
0.000000
0.000000
0.000000
0.000000
0.000403
0.036878
0.127510
0.243688
0.304925
0.213257
0.092497
0.017446
0.000000
0.000000
0.000000
0.000000
0.002125
0.006566
0.003880
0.014434
0.020733
0.041955
0.082588
0.137122
0.163999
0.149951
0.099072
0.103522
0.129350
0.121095
0.077469
0.037890
0.010177
0.000072
0.000154
0.020750
0.090117
0.262862
0.405957
0.533036
0.686425
0.742066
0.641481
0.492703
0.389389
0.296388
0.431486
0.604719
0.670059
0.598397
0.718687
0.731417
0.682356
0.664209
0.736510
0.743825
1.085837
1.556427
2.178502
2.656137
2.858054
2.924070
2.960151
3.033341
3.137831
3.229905
3.374182
2.961853
2.329729
1.783619
1.431541
1.151939
0.887507
0.639060
0.475064
0.311418
0.300231
0.386239
0.501812
0.635032
0.761258
0.755988
0.620177
0.462994
0.312686
0.193834
0.194130
0.196846
0.245490
0.314296
0.404779
0.502858
0.592771
0.707329
0.846666
0.981557
1.051195
1.038468
0.927746
0.811341
0.759079
0.699532
0.617816
0.680608
0.824054
0.987344
1.170760
1.365558
1.552158
1.744471
1.868787
1.926326
1.957904
2.070611
2.213759
2.200962
2.034098
1.811108
1.596704
1.399793
1.526674
1.739288
1.956062
2.151803
2.295044
2.359755
2.224929
1.984545
1.733603
1.540441
1.648008
1.801434
1.834915
1.952783
1.945046
1.950675
2.277771
2.602698
2.942372
3.175036
3.285773
3.161756
2.966873
2.691407
2.475957
2.295342
2.177894
1.983611
2.089555
2.386658
2.693662
2.920644
2.985521
2.891708
2.844153
3.461910
4.156451
4.898158
5.709475
6.654543
7.654254
8.442701
9.333359
10.964319
12.400309
12.323575
10.853261
9.521555
8.448987
7.668870
7.616062
7.155371
7.555124
7.293415
6.841066
7.178857
6.864113
6.152036
5.336855
4.918556
5.319678
5.919020
6.382117
6.406691
5.957665
5.317635
4.666752
4.076761
3.492736
3.377756
3.813529
4.335453
4.876619
5.334657
5.358149
4.966384
4.427016
3.876436
3.639308
4.029906
4.318199
4.297774
3.964411
4.242610
3.873243
2.783063
2.338240
2.010643
1.718938
1.464783
1.388161
1.551148
1.655888
1.771182
1.825732
2.036324
2.293931
2.576144
2.869478
3.154187
3.359830
3.394541
3.298864
3.030415
2.732868
2.770068
2.968182
3.024149
2.978981
2.829580
2.801653
3.218739
3.577665
3.640234
3.636087
3.678418
3.624137
3.417020
3.169701
3.299391
3.530762
3.642953
3.537790
3.306926
3.168231
3.403942
3.675011
3.832446
3.789139
3.607422
3.362733
3.160156
3.033700
3.197686
3.219122
3.063214
2.803849
2.527270
2.261338
2.012903
1.807964
1.877479
1.848158
1.703395
1.501328
1.452556
1.368690
1.504630
1.682540
1.809420
1.857108
2.178084
2.443171
2.673361
2.762686
2.710531
3.148644
3.836127
4.605366
5.407072
6.151708
6.353021
5.959399
5.135273
4.294433
3.585758
3.077205
2.768502
2.335787
2.241427
2.423116
2.561211
2.591497
2.515014
2.359771
2.236005
2.018306
1.831876
1.605180
1.661824
1.914340
2.105251
2.051584
1.810175
1.574938
1.561644
1.460065
1.519286
1.661242
1.750708
1.710764
1.613781
1.493647
1.512344
1.641760
1.667775
1.611828
1.431616
1.280266
1.139003
1.165061
1.255223
1.343504
1.405765
1.483802
1.734447
2.336671
2.999325
3.520112
3.509483
2.983966
2.472952
2.692829
2.838989
2.822041
2.645663
2.572996
2.506854
2.276681
1.998251
1.725778
1.676511
1.827672
1.915616
1.958702
2.048549
2.215617
2.791559
3.137624
3.201979
3.073022
2.883223
2.800450
3.111358
3.379552
3.470793
3.335618
3.054349
2.783752
2.915755
2.947814
2.840623
2.924151
3.368566
3.836133
4.189843
4.364647
4.205708
3.866049
3.505447
3.096507
2.682445
2.306525
2.312182
2.459491
2.529444
2.416100
2.599360
2.782840
2.922713
3.006433
2.997289
2.889297
2.698829
2.481797
2.330762
2.868714
3.436885
3.983286
4.420116
4.540088
4.300623
3.947626
3.752934
3.719665
3.803197
3.745578
3.828289
4.080723
4.954809
6.037606
7.199294
8.100769
8.205872
7.447167
6.835905
6.823781
6.244951
5.452932
4.810679
4.436901
3.993133
3.494780
3.120655
2.631768
2.940738
3.302619
3.440590
3.329409
3.000655
2.828045
2.645583
2.358369
2.399894
2.573839
2.684826
2.584859
2.860250
2.996599
2.930331
2.635686
2.293146
1.980224
1.936165
2.233112
2.556418
2.852216
3.122239
3.274747
3.145614
2.893057
2.609199
2.316331
2.084129
2.027383
1.887554
1.880858
1.957619
2.177464
2.319752
2.379017
2.411835
2.613616
2.650295
2.534662
2.392561
2.658280
2.917237
3.146903
3.353468
3.657449
4.017031
4.343335
4.513142
4.403760
4.102355
3.860615
3.995887
3.958354
3.881424
3.952838
4.061262
4.232637
4.522120
4.846869
5.111598
5.227875
5.157752
4.938084
4.708560
4.557612
4.435142
4.377318
4.719897
5.031141
5.224760
5.144516
4.874155
4.519086
4.157680
3.804937
3.461871
3.125252
3.284927
3.548337
3.864781
4.112931
4.408644
4.711111
4.980594
5.152255
5.087019
5.114143
5.335381
5.355837
5.178758
4.883703
4.488790
4.328098
4.405446
4.777925
4.906651
4.702003
4.193773
3.722093
4.205666
4.683247
4.975121
4.629435
4.021247
3.720696
3.592451
3.769917
3.962947
4.088092
4.143917
4.133003
4.384012
4.539628
4.600957
4.651309
4.892670
5.103878
4.994278
4.558643
4.091123
3.702774
3.517911
3.631288
3.806411
3.992332
4.174512
4.219666
4.188760
3.985772
3.707300
3.503380
3.257478
3.215335
3.360801
3.351040
3.406094
3.586986
3.848984
4.201233
4.526145
4.643226
4.609441
4.544232
4.649716
4.779922
4.654499
4.692197
4.653390
4.550832
4.653847
5.223860
5.809400
6.323778
6.421333
6.131677
5.651265
5.115773
4.636212
4.656073
4.975644
5.255049
5.664189
6.052107
6.205227
5.862939
5.951056
5.759355
5.529125
5.318367
5.209255
4.875510
4.471859
4.744109
4.975826
4.999701
4.822337
4.553174
4.368803
4.050518
3.684946
3.337687
3.449961
3.670372
3.950807
4.153982
4.171433
3.982144
3.697765
3.387161
3.079109
2.796084
2.581241
2.428786
2.186542
2.197154
2.791559
3.111292
2.863721
1.876081
1.404875
1.262653
1.128601
1.167523
1.361391
1.466070
1.383292
1.321662
1.265436
1.245943
1.381153
1.543908
1.684715
1.654279
1.309400
1.256688
1.236577
1.330175
1.494200
1.681319
1.878086
2.093754
2.312182
2.459491
2.301940
1.518016
0.971646
0.646850
0.539205
0.531945
0.485734
0.521044
0.469754
0.507268
0.617648
0.761743
0.931642
1.118383
1.316521
1.483372
1.656961
1.781550
1.604926
1.271351
0.840025
0.468460
0.455458
0.470507
0.485830
0.441693
0.354285
0.266141
0.296021
0.390176
0.512738
0.655172
0.794565
0.953170
1.105047
1.221517
1.395065
1.629505
1.888818
2.091858
2.048399
1.469491
1.193088
1.292132
1.517886
1.801902
2.099499
2.339009
2.399894
2.573839
3.150756
3.895695
4.542352
4.626918
4.144782
3.796972
3.614325
3.161474
2.630503
2.491095
2.021556
1.508373
1.059492
0.695580
0.415229
0.269153
0.211942
0.381300
0.610482
0.869944
1.065193
0.886016
0.699446
0.878837
1.213064
1.571099
1.652240
1.100796
0.797400
0.364465
0.420703
1.180921
0.000000
0.000000
0.000000
0.000000
0.000000
0.000000
0.000000
0.000000
