track	type=wiggle_0
fixedStep	chrom=chr	start=1	step=1
0.000000
0.000000
0.000000
0.000000
0.000000
0.000000
0.000000
0.000000
0.000000
0.301252
0.635069
0.851088
0.892831
0.642057
0.404858
0.199996
0.158520
0.153368
0.239237
0.377317
0.491381
0.593830
0.825212
1.055470
1.159117
1.006190
0.752973
1.170274
1.520591
1.585964
1.381756
1.117993
1.336123
1.718063
2.179062
2.729656
3.340306
3.838126
3.865491
3.379839
2.768557
2.222065
1.812089
2.005889
2.363983
2.510615
2.353229
2.012030
1.685900
1.343114
1.021892
0.750994
0.544024
0.445213
0.447227
0.461731
0.494912
0.653429
0.831262
0.996305
1.044096
1.046802
1.025049
0.955192
0.791525
0.436507
0.181309
0.050362
0.002065
0.000000
0.000000
0.002048
0.008223
0.007406
0.001336
0.000000
0.000000
0.000000
0.000000
0.000000
0.000000
0.002141
0.079540
0.179208
0.216188
0.224149
0.224721
0.224149
0.217630
0.191670
0.108748
0.023914
0.027558
0.025006
0.039967
0.046002
0.037062
0.019613
0.006666
0.004296
0.013127
0.017140
0.014942
0.008682
0.001618
0.000000
0.000000
0.000000
0.000000
0.000000
0.000029
0.026177
0.107644
0.254433
0.473809
0.775419
1.222989
2.045342
2.443363
2.551578
2.551578
2.466239
2.159081
1.471818
0.960013
0.592086
0.338681
0.189719
0.123107
0.128340
0.223480
0.296674
0.274790
0.172598
0.077631
0.019419
0.000218
0.019700
0.064352
0.158636
0.218721
0.167483
0.084799
0.036109
0.021953
0.009736
0.006094
0.002181
0.000339
0.000000
0.000000
0.000000
0.000000
0.000000
0.000000
0.000000
0.000000
0.000000
0.000000
0.000000
0.000000
0.000000
0.000000
0.006606
0.069733
0.223820
0.518299
0.872972
0.964096
0.901484
0.617263
0.313444
0.136937
0.039305
0.003369
0.000000
0.000000
0.000000
0.009094
0.065345
0.090325
0.083749
0.040699
0.000620
0.022475
0.069844
0.142489
0.248020
0.344971
0.336891
0.235442
0.127167
0.055563
0.013108
0.000000
0.000000
0.000000
0.000000
0.000000
0.000000
0.000000
0.000000
0.000000
0.000000
0.000000
0.000000
0.000000
0.000000
0.000000
0.000000
0.000000
0.000000
0.000000
0.000000
0.000000
0.000000
0.000000
0.000000
0.000000
0.001232
0.079328
0.149092
0.166631
0.149092
0.083638
0.005322
0.000000
0.000127
0.008702
0.041441
0.081263
0.034152
0.000285
0.000000
0.000000
0.000000
0.000000
0.000000
0.000000
0.000000
0.000000
0.000000
0.000000
0.000000
0.000000
0.000000
0.000000
0.000000
0.000000
0.000000
0.000000
0.000000
0.000000
0.000000
0.000000
0.000000
0.000000
0.000000
0.000000
0.000000
0.000113
0.000725
0.000853
0.000786
0.000754
0.000741
0.000554
0.000064
0.000000
0.000000
0.000000
0.000000
0.000000
0.000000
0.000000
0.000000
0.013307
0.069060
0.076811
0.032518
0.005509
0.041836
0.109671
0.202281
0.338412
0.486906
0.574526
0.520417
0.398227
0.246516
0.123747
0.071537
0.135698
0.223938
0.318150
0.386648
0.471435
0.515433
0.451383
0.369361
0.333410
0.421468
0.415074
0.341289
0.442639
0.560274
0.634884
0.689175
0.811812
1.113829
1.518348
2.015777
2.568825
3.054929
3.195462
2.835710
2.372157
2.512234
2.455100
2.197534
1.590489
1.016955
0.883165
0.933988
0.863933
0.683102
0.490856
0.319648
0.326337
0.260032
0.162423
0.080682
0.030501
0.079161
0.145018
0.202493
0.225737
0.402494
0.516392
0.556851
0.556851
0.516001
0.404215
0.192969
0.062341
0.021592
0.005437
0.011364
0.030884
0.051822
0.056805
0.075803
0.121408
0.162912
0.158619
0.113592
0.064042
0.028058
0.029527
0.019404
0.007914
0.000969
0.000000
0.000000
0.000687
0.013680
0.036423
0.051285
0.033663
0.046416
0.077663
0.117166
0.165464
0.220743
0.278109
0.311240
0.306533
0.262836
0.205970
0.152640
0.142422
0.210225
0.274657
0.327524
0.357967
0.387363
0.376337
0.309379
0.252470
0.200582
0.113532
0.041628
0.035678
0.053539
0.078036
0.097416
0.109109
0.147594
0.201906
0.267265
0.336918
0.404970
0.430825
0.405914
0.341031
0.292052
0.351171
0.368207
0.372101
0.372101
0.381308
0.468421
0.552088
0.576203
0.545544
0.459352
0.378442
0.423660
0.451687
0.428069
0.356266
0.335318
0.413635
0.516791
0.636182
0.769505
0.916883
1.080371
1.254170
1.418189
1.481214
1.420746
1.263686
1.096892
1.034692
0.923796
0.911503
0.807467
0.689770
0.777368
1.074633
1.225039
1.143226
0.912154
0.967525
1.025859
0.937684
0.921865
0.969597
1.187617
1.460151
1.782380
2.150261
2.566434
3.019796
3.457362
3.673559
3.621520
4.120221
3.645752
3.020871
3.585983
4.249802
5.000895
5.848619
6.756059
7.655977
8.383202
8.548817
7.904639
6.994075
6.026065
5.160945
4.530619
5.433127
6.616100
8.505509
9.864030
10.344699
10.441407
10.344706
9.858989
8.458816
6.442811
5.252176
4.332881
3.765920
3.957281
3.680489
3.144889
2.561879
2.079968
1.814142
1.905755
1.735600
1.402360
1.083101
0.794255
0.679277
0.817966
0.972565
1.125916
1.231203
1.242309
1.147338
1.011830
0.910650
1.061435
1.222026
1.387121
1.541794
1.600153
1.548903
1.420331
1.336406
1.327440
1.523998
1.733831
1.959180
2.197329
2.439820
2.653381
2.716961
2.635605
2.420054
2.171397
1.934965
1.711886
1.500458
1.638333
1.858312
2.108897
2.360606
2.510532
2.516600
2.402814
2.173946
1.915629
1.672522
1.450247
1.247366
1.062904
0.896143
0.963356
1.035587
0.971551
0.833834
0.680476
0.536466
0.408342
0.300511
0.210312
0.294859
0.487516
0.704369
1.040035
1.487111
2.140111
3.094165
3.556579
3.683440
3.684256
3.584540
3.230466
2.473899
1.904904
1.704342
1.391954
1.039531
0.995956
1.312217
1.690235
2.128559
2.554451
2.864143
3.179600
3.509003
3.690660
4.027995
4.650870
5.378334
6.042112
6.346363
6.000581
5.287380
4.485115
3.739950
3.690318
3.705220
3.428780
3.102996
2.584286
2.064702
1.631154
1.197759
0.828393
0.539164
0.320821
0.327754
0.436693
0.524270
0.550924
0.537615
0.658486
0.746899
0.725097
0.782985
0.926464
1.048775
1.180169
1.251800
1.197452
1.075918
0.910456
0.763220
0.739083
0.876544
1.001372
1.056906
1.010582
0.903972
0.801613
0.703096
0.701243
0.652695
0.571318
0.492489
0.477484
0.577325
0.681676
0.778014
0.843081
0.834227
0.741704
0.626149
0.519243
0.436844
0.385055
0.370906
0.353185
0.386585
0.391595
0.344232
0.397754
0.490676
0.606318
0.739871
0.874257
1.004029
1.130660
1.245936
1.355064
1.384978
1.332991
1.218146
1.077687
0.936472
0.812165
0.725032
0.665750
0.601548
0.545265
0.475058
0.492947
0.522309
0.653186
0.847852
1.075273
1.347200
1.667479
2.033953
2.413625
2.716201
2.729001
2.450212
2.085923
1.723364
1.403405
1.142559
0.944608
0.859920
1.065650
1.150742
1.063437
0.827435
0.961831
1.087143
1.127469
1.104467
0.979570
0.841580
0.746071
0.629752
0.655658
0.815287
1.000773
1.145680
1.196169
1.108801
0.961721
0.835417
0.708372
0.636226
0.665422
0.792715
0.909044
0.907214
0.853399
0.781073
0.745934
0.940436
1.124845
1.344730
1.582608
1.846412
2.155396
2.451017
2.679411
2.655553
2.366993
2.022342
1.687236
1.382332
1.110952
0.954887
0.842441
0.774945
0.734641
0.619073
0.468141
0.368380
0.454635
0.515792
0.564787
0.619935
0.538576
0.418713
0.679278
0.993693
1.302407
1.760916
2.290688
2.263143
1.704104
1.393613
1.118070
0.792343
0.509488
0.300878
0.160516
0.067713
0.014274
0.011497
0.021342
0.036541
0.048987
0.047303
0.030279
0.037105
0.065022
0.105729
0.153371
0.197353
0.207044
0.179264
0.127600
0.082915
0.050137
0.031124
0.024544
0.028652
0.044324
0.073458
0.110426
0.153912
0.198816
0.220007
0.212472
0.175590
0.136828
0.107018
0.076058
0.100155
0.132988
0.157098
0.182734
0.275752
0.359587
0.444889
0.526915
0.581434
0.588983
0.536281
0.467845
0.408294
0.324056
0.230797
0.161601
0.093332
0.063999
0.042947
0.038336
0.020403
0.023747
0.022148
0.011236
0.002981
0.000037
0.000000
0.001009
0.009593
0.019952
0.047831
0.066043
0.058778
0.039744
0.016460
0.042561
0.062205
0.068571
0.071109
0.074610
0.117824
0.228442
0.364069
0.481591
0.550033
0.699969
1.037567
1.197828
1.186049
1.440745
1.790659
2.281569
2.796422
3.044367
2.969032
2.697134
2.462798
2.895258
3.404446
3.992650
4.652380
5.357116
6.100383
6.849751
7.350179
7.309709
6.750283
6.152815
5.860947
5.277195
4.508963
3.753670
3.504810
3.907933
4.313632
4.651695
4.639621
4.955557
5.203810
4.952438
4.442188
3.865914
3.359143
2.859035
2.478582
2.229477
2.218373
2.316483
2.260623
2.040687
2.648796
3.104431
2.665770
2.033649
1.496376
1.062931
0.951607
0.974483
0.934578
0.842867
0.770884
0.672537
0.585952
0.675096
0.763896
0.855127
0.953526
1.015672
0.999735
0.897394
0.766013
0.664887
0.590821
0.517592
0.480240
0.454744
0.486512
0.495885
0.463324
0.385180
0.297815
0.223105
0.160154
0.111283
0.132310
0.167944
0.180502
0.158277
0.180211
0.206644
0.202458
0.167749
0.115826
0.083301
0.049025
0.056049
0.065663
0.061934
0.063586
0.094560
0.133932
0.182270
0.235873
0.292778
0.317518
0.285309
0.247190
0.259635
0.295515
0.315545
0.312494
0.274620
0.190193
0.088152
0.150494
0.350054
0.705742
1.140190
1.500330
1.834299
2.058362
2.304920
2.496001
2.612828
2.625526
2.518013
2.328630
2.067708
1.777517
1.325399
0.940041
0.618559
0.973199
1.165036
1.138697
0.858433
0.478644
0.236342
0.090939
0.038077
0.014229
0.002841
0.003553
0.001893
0.006463
0.020904
0.055106
0.114273
0.175158
0.171622
0.107644
0.077418
0.145093
0.246255
0.358630
0.429257
0.423751
0.336837
0.258801
0.163400
0.068274
0.016513
0.029383
0.060814
0.088584
0.151882
0.229616
0.308002
0.327009
0.274918
0.308442
0.418595
0.488998
0.464609
0.394719
0.298426
0.209450
0.146853
0.128370
0.065645
0.012386
0.011730
0.033711
0.063444
0.067764
0.061664
0.104487
0.176931
0.266078
0.300243
0.264927
0.288438
0.442654
0.717369
1.147461
1.641020
1.853748
1.857284
1.639001
1.618923
1.987891
2.296993
2.238971
1.916461
1.528005
1.198279
0.966817
0.761460
0.531818
0.620402
0.612573
0.514351
0.388940
0.285534
0.457665
0.612882
0.728247
0.656075
0.548429
0.393340
0.185703
0.056412
0.003581
0.000000
0.000000
0.000000
0.000000
0.000000
0.000000
0.000000
0.000000
0.000000
0.000000
0.000000
0.000000
0.000000
0.000000
0.000000
0.000000
0.018037
0.083431
0.122477
0.132633
0.134789
0.135302
0.131618
0.116512
0.066053
0.003392
0.000000
0.000000
0.000000
0.000000
0.000000
0.000000
0.000000
0.000000
0.000000
0.000000
0.000000
0.000000
0.000000
0.000000
0.000000
0.000000
0.000000
0.000000
0.000000
0.000000
0.000000
0.010324
0.044279
0.091008
0.098555
0.065786
0.028691
0.006689
0.010706
0.066607
0.174096
0.330170
0.530863
0.817555
1.161450
1.452017
1.465041
1.180150
0.876506
0.869854
0.793609
0.679161
0.733620
1.021168
1.338418
1.700617
2.098220
2.519921
2.700988
2.551411
2.612825
3.058439
3.205620
3.421049
4.082836
4.592671
3.819546
2.943355
2.327003
1.878827
1.468434
1.617649
1.634308
1.374375
1.064584
0.758536
0.511017
0.339792
0.290744
0.207248
0.204475
0.194870
0.180273
0.174071
0.167588
0.156801
0.126981
0.069597
0.051032
0.057205
0.054472
0.048037
0.073574
0.091694
0.126803
0.149012
0.150022
0.202324
0.258604
0.297414
0.333726
0.395592
0.440033
0.440054
0.419437
0.522378
0.643935
0.784683
0.946596
1.122710
1.297816
1.471555
1.662193
1.856486
2.060079
2.305888
2.578106
2.820407
2.930961
2.807705
2.580868
2.351395
2.165450
2.239377
2.303174
2.259649
2.090540
1.896494
1.731879
1.579904
1.480323
1.653822
1.836646
1.987273
2.044475
1.948907
1.821491
1.976804
2.078037
2.508066
2.999262
3.375603
3.379035
3.001037
2.505699
2.275767
2.008651
2.033653
2.188547
2.329132
2.354483
2.256992
2.105824
2.109285
2.232132
2.423389
2.531769
2.783822
3.097190
3.456877
3.847573
4.254511
4.698320
5.191092
5.740375
6.312199
6.834819
7.096763
7.034313
6.749858
6.558985
6.446773
6.510588
6.384815
6.082536
5.648063
5.202331
5.065883
5.327949
5.516082
5.535718
5.257369
4.885534
5.252849
5.679370
6.098762
6.409291
6.737442
7.532272
8.129930
8.109358
7.450092
6.612879
6.627476
6.718287
6.517383
6.100999
5.642560
5.790548
6.367804
6.976217
7.541856
8.169674
8.651488
8.808870
8.502175
7.885246
7.288799
6.949897
6.949003
6.898994
6.613743
6.243061
6.370563
6.576860
6.606178
6.671204
6.875536
6.844541
6.939398
6.929606
6.764223
6.733341
7.002984
7.381768
7.681194
7.728926
7.557347
7.155200
7.264212
7.717634
8.164462
8.444346
8.426819
8.134630
7.848327
7.798687
7.481087
7.039589
7.416727
6.922056
6.197329
5.758196
5.738428
6.128071
6.475762
6.616859
6.443520
6.016821
5.519701
5.630418
5.801508
5.739290
5.524458
5.274857
5.172177
4.995974
4.897869
4.790748
5.026499
5.265432
5.329713
5.226823
5.075218
5.067705
5.203760
5.386814
5.485798
5.430000
5.303086
5.168504
5.615222
6.138616
6.736567
7.444801
8.179980
8.675507
8.653473
8.173639
7.485259
6.802782
6.170069
5.568804
4.996407
4.466711
3.981374
3.577971
3.442501
3.274289
3.333297
3.740301
4.177620
4.615434
5.044458
5.380336
5.607949
5.490554
5.194090
4.800332
4.589910
4.592767
4.389952
4.300596
4.688122
4.960045
4.976028
4.763343
4.412795
4.034468
3.680313
3.487216
3.785134
4.048211
4.179659
4.053177
3.786330
3.427697
3.075989
2.755283
2.447319
2.153941
1.895390
2.054188
2.257091
2.473892
2.616140
2.572072
2.407044
2.671055
2.859137
2.986521
2.922852
2.787647
2.601152
2.707079
3.076934
3.487561
3.811043
3.986066
3.840452
3.649778
3.230139
2.740437
2.378322
2.333429
2.263318
1.943114
2.006424
2.370163
2.617790
2.517342
2.323582
1.956686
1.632510
1.317041
1.211343
1.504572
1.798381
1.929825
2.114113
2.182872
2.068937
2.277827
2.438997
2.473464
2.426721
2.352849
2.271239
2.108383
2.008330
2.087017
1.935598
1.914068
2.172759
2.131925
1.788633
1.359062
0.975916
1.083625
1.354584
1.499123
1.551488
1.562776
1.554288
1.504103
1.291939
0.784811
0.411537
0.195652
0.089248
0.110683
0.083610
0.045644
0.018583
0.005169
0.000000
0.000085
0.010241
0.038015
0.077457
0.108255
0.103980
0.066408
0.031315
0.008111
0.000107
0.000846
0.011027
0.025216
0.038133
0.035280
0.025289
0.012009
0.003218
0.000017
0.000000
0.000000
0.000000
0.000000
0.000000
0.000000
0.000000
0.000000
0.000000
0.000000
0.000000
0.000000
0.000000
0.000000
0.000000
0.014793
0.100423
0.159182
0.177866
0.182858
0.182412
0.185028
0.189012
0.192799
0.303275
0.541534
0.856707
1.234790
1.713926
2.405124
2.622915
2.397960
1.712406
1.229748
0.882243
0.595841
0.388936
0.445496
0.507967
0.522822
0.492883
0.406609
0.259932
0.115742
0.044940
0.022407
0.017689
0.019387
0.008380
0.000209
0.000000
0.000000
0.000020
0.006557
0.025069
0.055027
0.099063
0.154676
0.221941
0.287683
0.325402
0.285423
0.213046
0.137846
0.081095
0.038871
0.017323
0.009594
0.024047
0.024154
0.053416
0.126511
0.243424
0.412383
0.630762
0.875114
1.048153
1.047207
0.870023
0.727170
0.725795
0.722528
0.699095
0.613508
0.433742
0.251750
0.389730
0.627836
0.902292
1.136573
1.272838
1.189474
1.044249
0.853342
1.108356
1.402735
1.449237
1.192962
1.051828
0.891722
0.936043
1.057634
1.280114
1.399141
1.265961
0.940421
0.641688
0.401998
0.435710
0.557654
0.692516
0.825730
0.961153
1.051356
1.131197
1.178199
1.144191
1.259957
1.348536
1.296444
1.403744
1.574864
1.751484
1.937234
2.124364
2.266653
2.283998
2.178011
2.008255
2.117520
2.229312
2.515335
2.797324
3.104139
3.433399
3.783902
4.118606
4.335020
4.349886
4.183933
3.920442
4.145426
4.336501
4.338568
4.158038
3.876985
3.516794
3.372771
3.608153
3.850732
3.928160
3.806416
3.676821
3.441769
3.275782
3.447390
3.513220
3.381092
3.121990
2.819119
2.517606
2.228187
1.967733
1.750030
1.694569
1.853123
1.971326
1.991868
1.901169
1.736542
1.565753
1.609921
1.808210
1.983924
2.110721
2.165921
2.252741
2.414028
2.632880
2.880375
3.135985
3.331174
3.392121
3.290921
3.265711
3.266149
3.281172
3.183639
3.010779
2.909619
2.737804
2.456910
2.136368
1.829741
1.995855
2.017787
1.807552
1.703544
2.175657
2.790141
3.496575
4.240422
4.571825
4.239643
3.406565
2.683835
2.047188
1.617654
2.040548
2.541777
3.120753
3.624639
4.043078
4.167786
3.928058
3.406083
2.877017
2.331191
1.844432
1.731677
2.308518
3.014223
3.889276
4.070858
3.397139
2.648126
2.022261
1.916006
2.084923
2.095378
1.979008
1.811966
1.599120
1.695276
1.754293
1.885288
2.060025
2.116011
2.041229
2.216938
2.484883
2.748880
2.929376
3.056632
3.084073
2.977523
2.822007
2.792615
2.675486
2.429265
2.216552
2.430771
2.543092
2.453827
2.347403
2.268091
2.155527
2.343575
2.451729
2.475132
2.484649
2.497023
2.650572
2.873629
3.128819
3.394809
3.617327
3.652747
3.504496
3.241624
2.951830
2.694740
2.684744
3.209760
3.815142
4.509222
5.295451
6.170410
7.166439
8.289866
9.397668
10.032005
9.922257
9.484264
8.451761
7.387997
6.416578
5.574655
4.885405
4.336501
4.494757
4.273230
3.934436
3.528713
3.455616
3.528639
3.987618
4.593859
5.203173
5.600894
5.451744
4.945213
4.258025
3.592179
3.004654
2.498774
2.608324
2.956326
3.296583
3.449521
3.264982
2.909267
2.573416
2.786034
2.883708
2.764135
2.501829
2.030975
1.743695
1.662973
1.817480
1.994396
2.105739
2.132525
2.088944
2.036213
2.100951
2.151908
2.407134
2.694923
2.909106
2.911448
2.698952
2.378033
1.894948
1.659707
1.584870
1.614109
1.630416
1.644513
1.618823
1.516337
1.316612
1.252221
1.775036
2.190107
2.472996
2.750515
2.953130
3.069306
3.067259
3.112098
3.220070
3.482250
3.704983
3.875462
3.950205
3.816736
4.014506
4.295341
4.618394
4.916396
5.130420
5.063279
4.817220
4.466819
4.105516
3.771325
3.740288
3.978645
4.144189
4.077314
3.866561
3.560122
3.228672
2.908643
3.068889
3.238542
3.395871
3.470177
3.445828
3.298204
3.066623
2.831015
2.629799
2.561498
2.888076
3.201980
3.426762
3.417922
3.187867
2.861880
2.519086
2.274912
2.170884
2.236907
2.422300
2.416136
2.323006
2.559409
2.613167
2.744452
3.203700
3.690655
4.195902
4.732607
5.377338
6.088267
6.861914
7.629632
8.198418
8.836664
9.263639
8.872592
8.033900
7.472931
8.091175
8.965642
9.890341
10.679901
10.916311
10.472702
9.603730
8.645981
7.859375
7.168181
7.384042
7.605831
7.519217
7.063907
6.370744
5.652147
5.424731
5.240637
4.698296
4.435768
4.576184
4.436000
4.475477
4.077383
3.627579
4.356092
4.771003
4.882209
4.739440
4.276419
3.246573
2.565659
2.682879
2.990577
3.380089
3.651526
3.680983
3.431994
3.116381
2.768449
2.369776
2.029702
1.988027
2.447978
3.036266
3.278059
3.277925
2.992744
2.555389
2.141191
2.475664
2.950324
3.331674
3.625162
3.872138
4.107268
4.273098
4.319079
4.224436
4.363079
4.564057
4.671142
4.735790
4.690980
4.635285
4.923201
5.258140
5.617541
5.995379
6.389657
6.817949
7.264336
7.655670
7.861659
8.203466
8.559522
8.970288
9.374309
9.636209
9.609645
9.272060
8.787731
8.300200
7.841373
7.402474
6.982613
6.573750
6.215714
6.200759
6.255964
6.097888
5.759014
5.364541
4.962438
4.597464
4.345411
4.135579
4.134415
4.195208
4.253138
4.477433
4.706688
4.877166
5.045264
5.203897
5.571741
5.919376
6.049780
5.706947
5.303637
4.706415
4.209353
3.652864
3.122006
2.959273
2.910632
3.079618
3.252569
3.415602
3.612937
3.811592
3.768945
3.474543
3.291456
3.121686
3.106226
3.095406
2.922761
2.826603
2.894338
3.108284
3.187225
3.011172
2.632843
2.817453
2.834600
3.430803
4.001322
4.439347
5.065905
5.671726
5.840735
5.666365
5.195226
4.650898
4.923213
5.186325
5.050462
4.611980
4.133042
3.895169
3.418293
3.079410
3.178266
3.139107
2.920389
2.584266
2.635417
3.072891
3.708086
4.400540
4.714526
4.586919
4.191006
3.723038
3.784511
4.029161
4.186827
4.259616
4.550757
4.755948
4.831014
5.065143
5.162065
5.156603
5.081692
5.003191
5.132895
5.447413
5.690399
5.702369
5.436181
5.005025
4.927056
4.664211
4.298477
3.900990
3.518376
3.174284
3.590499
3.990766
4.265267
4.420990
4.268385
3.962197
3.557871
3.199380
2.877196
2.765036
3.140872
3.653283
4.208307
4.689703
5.075539
4.987988
4.530169
3.976880
3.447986
2.960548
2.881506
2.761462
2.812647
2.974792
3.178585
3.352282
3.542067
3.511358
2.682098
2.697367
2.817483
2.729822
2.526508
2.180234
1.865822
1.672493
1.569503
1.679446
1.707154
1.902526
2.052018
2.042065
1.877703
1.718833
1.807230
1.728129
1.595815
1.761284
1.741838
1.455589
1.494954
1.658520
1.844413
1.965984
1.758306
1.457270
1.246602
1.007234
0.951217
1.014429
1.170969
1.329964
1.319496
1.068777
1.142736
1.323926
1.548726
1.777560
1.927167
2.161018
2.464954
2.745440
2.918461
2.981598
3.012223
3.345821
3.796641
4.301189
4.847002
5.436033
6.075086
6.717275
7.172381
7.241995
7.129138
6.233272
5.018427
5.131381
5.936749
6.212496
5.717085
4.888895
4.119941
3.558373
2.986886
3.066848
3.512455
3.552824
2.242281
1.151803
1.169342
1.486738
1.941992
2.420409
2.817250
2.921052
2.132720
1.879623
1.267799
0.308680
0.030944
0.040392
0.000000
0.000000
0.000000
0.000000
0.000000
0.000000
0.000000
0.000000
0.000000
