track	type=wiggle_0
fixedStep	chrom=chr	start=1	step=1
0.000000
0.000000
0.000000
0.000000
0.000000
0.000000
0.000000
0.000000
0.000000
0.260608
0.410679
0.228226
0.092955
0.050391
0.055478
0.055718
0.116834
0.249771
0.347205
0.468567
0.686554
0.888177
0.979106
0.844832
0.632389
0.649386
0.833682
0.601036
0.333506
0.148025
0.054029
0.011091
0.003555
0.002765
0.003411
0.009113
0.007853
0.000265
0.000786
0.009227
0.052028
0.209109
0.456724
0.573691
0.732460
0.899759
1.047149
1.070804
0.970172
0.883857
0.962063
0.919907
0.782813
0.606276
0.554486
0.744546
0.993791
1.279639
1.560995
1.743633
1.653169
1.429095
1.192265
0.956004
0.732186
0.532244
0.414776
0.430737
0.393749
0.297450
0.211194
0.133481
0.081159
0.053815
0.037578
0.012285
0.001741
0.040211
0.136101
0.301428
0.573699
1.107335
1.384881
1.460086
1.472848
1.460086
1.402166
1.198120
0.748967
0.418742
0.200774
0.072272
0.012491
0.000000
0.000000
0.000000
0.000000
0.000000
0.000000
0.000000
0.000361
0.003234
0.000998
0.000000
0.000000
0.000000
0.000000
0.000000
0.000000
0.014004
0.049767
0.065727
0.062253
0.161900
0.386834
0.832547
1.064506
1.127948
1.139129
1.139129
1.139129
1.127948
1.072324
0.875464
0.478085
0.236784
0.151818
0.192743
0.235301
0.269663
0.388118
0.411702
0.303427
0.180878
0.112320
0.211025
0.332472
0.446297
0.561285
0.444277
0.291820
0.131756
0.194870
0.350749
0.550089
0.723594
0.761613
0.642580
0.468005
0.287803
0.154299
0.074745
0.047768
0.019081
0.002402
0.008701
0.022982
0.045137
0.067498
0.072432
0.051694
0.028295
0.009213
0.009138
0.034031
0.068589
0.181898
0.342880
0.500044
0.500044
0.342881
0.190330
0.079886
0.128635
0.204030
0.314458
0.422295
0.469456
0.424528
0.321485
0.208599
0.115948
0.058295
0.069954
0.055801
0.026571
0.005885
0.017018
0.033804
0.042285
0.023074
0.009365
0.001329
0.000000
0.002323
0.017131
0.041213
0.077432
0.112516
0.175566
0.290438
0.616220
0.745927
0.643852
0.447529
0.325055
0.213521
0.127492
0.105727
0.179396
0.322013
0.471968
0.423690
0.265942
0.183106
0.166654
0.126808
0.080540
0.108725
0.114794
0.118953
0.104126
0.048963
0.052237
0.086858
0.126109
0.163934
0.216964
0.276901
0.327889
0.352863
0.402385
0.410416
0.370795
0.300616
0.229009
0.167141
0.119546
0.131569
0.162023
0.177969
0.184532
0.169033
0.135930
0.143487
0.173777
0.165401
0.153975
0.209411
0.269556
0.321515
0.339791
0.317089
0.257620
0.196853
0.140315
0.094061
0.061136
0.055384
0.050251
0.057350
0.047872
0.023611
0.005502
0.028185
0.079781
0.104709
0.077959
0.145811
0.236160
0.350779
0.491303
0.658591
0.841276
0.989955
1.069418
1.161510
1.426582
1.760883
2.155188
2.596834
3.097292
3.649557
4.267454
4.850194
5.178770
4.984593
4.433530
4.001857
3.648962
3.147611
2.790198
2.863726
2.927680
2.972731
2.774231
2.433778
2.002568
1.606240
1.300675
1.502137
1.592335
1.464415
1.299675
1.117117
0.958031
1.020003
1.082400
1.100297
1.098054
1.049867
0.872160
0.473455
0.349886
0.536255
0.729892
0.834179
0.722803
0.524318
0.430224
0.380982
0.417791
0.452664
0.524106
0.567939
0.652642
0.689984
0.664689
0.572573
0.559205
0.642611
0.661812
0.590971
0.493525
0.387448
0.293551
0.213457
0.146495
0.092643
0.072440
0.040185
0.023567
0.059651
0.111506
0.167165
0.191267
0.171069
0.115236
0.084284
0.145583
0.196515
0.166173
0.237352
0.353213
0.492400
0.681045
1.019967
1.468100
2.061412
2.787450
2.783336
2.044035
1.441524
0.995258
0.657687
0.403729
0.226887
0.178881
0.248998
0.250014
0.179381
0.098733
0.049266
0.071880
0.058993
0.030151
0.008337
0.044728
0.068345
0.091793
0.101762
0.098894
0.094823
0.093004
0.089412
0.077305
0.041345
0.003768
0.000000
0.000360
0.002974
0.036990
0.068757
0.015653
0.000000
0.000000
0.000000
0.000000
0.000000
0.000000
0.000000
0.000000
0.000000
0.000000
0.000000
0.000000
0.000000
0.000000
0.000000
0.000000
0.000000
0.000000
0.000000
0.000000
0.000000
0.000000
0.000000
0.000000
0.000000
0.000000
0.000000
0.000000
0.000000
0.000000
0.000000
0.000000
0.000000
0.000000
0.000000
0.000000
0.000000
0.000000
0.000000
0.000000
0.000000
0.000000
0.000000
0.000000
0.000000
0.000000
0.000000
0.000000
0.000000
0.000000
0.000000
0.000000
0.000000
0.000000
0.000000
0.000000
0.020306
0.090546
0.216728
0.401740
0.650228
0.998544
1.246890
1.045532
0.994241
0.785017
0.559203
0.518723
0.453527
0.346771
0.215305
0.151517
0.233445
0.257598
0.210524
0.090912
0.011470
0.000000
0.000000
0.000000
0.000000
0.000000
0.000000
0.000000
0.005793
0.016085
0.005793
0.000000
0.000000
0.000000
0.000000
0.000000
0.000000
0.000000
0.000000
0.000000
0.000000
0.000000
0.000000
0.000000
0.000000
0.000000
0.005442
0.052720
0.154851
0.319840
0.540403
0.766239
0.771495
0.557823
0.337686
0.167955
0.060769
0.008349
0.000000
0.000000
0.000000
0.000000
0.000000
0.000000
0.015784
0.072787
0.162970
0.260975
0.292486
0.223464
0.110670
0.031953
0.000904
0.000000
0.000000
0.000011
0.004925
0.014645
0.019663
0.013442
0.015259
0.038353
0.078765
0.135030
0.208294
0.299746
0.410410
0.539093
0.668589
0.779570
0.779784
0.669955
0.547126
0.447987
0.522788
0.615861
0.700249
0.749395
0.753080
0.740338
0.804490
1.049158
1.437239
1.940744
2.592975
3.510524
4.796910
5.383224
5.539813
5.539811
5.405858
4.945350
3.962348
3.326929
3.124718
2.694209
2.180208
2.032807
2.250656
2.435419
2.515265
2.480348
2.325509
2.587372
2.712237
2.589583
2.352151
2.480411
2.710324
2.985276
3.284730
3.606892
3.950802
4.316121
4.706118
5.117121
5.521639
5.800567
5.833007
5.600395
5.293663
5.047963
4.747108
4.577888
5.008482
5.478613
5.977326
6.513209
7.076619
7.647685
8.128754
8.411170
8.960931
9.251926
9.251928
8.757339
8.074514
7.405220
6.820879
6.390306
6.100628
5.637854
5.153884
4.686156
4.251944
3.867023
3.556837
3.231905
2.903562
2.585855
2.297049
2.048165
1.954641
2.157253
1.981762
2.065929
2.262874
2.468822
2.656959
2.815984
2.849597
2.751025
2.609761
2.527242
2.347464
2.145919
2.127052
2.050424
1.934297
1.753962
1.706691
1.875758
2.041227
2.171198
2.202032
2.125890
2.082224
1.999949
2.063225
1.878577
1.735393
1.786307
1.735236
1.449981
1.475006
1.434288
1.432065
1.505823
1.668656
2.108033
2.440456
2.788923
3.031537
3.214219
3.408341
3.497321
3.493805
3.291654
3.237817
3.088292
2.902308
2.868165
2.790422
2.673308
2.460136
2.241372
2.058661
1.916703
1.799305
1.701252
1.705747
1.679904
1.558728
1.304181
1.040707
0.754362
0.467038
0.349035
0.338264
0.444590
0.564358
0.687179
0.796060
0.813742
0.735903
0.624504
0.510494
0.403486
0.307279
0.305277
0.380691
0.466101
0.542844
0.636338
0.749370
0.877996
1.009841
1.112601
1.141020
1.077059
0.986072
0.883932
0.912317
0.917723
0.870424
1.084599
1.225980
1.209244
1.053145
0.881120
0.683587
0.631658
0.752125
0.890237
1.023988
1.109240
1.095788
1.186965
1.123177
1.382698
1.839279
2.437695
2.995682
2.978443
2.419796
1.967367
1.789075
1.522232
1.700156
2.081879
2.026292
1.506491
1.698597
1.942105
2.211726
2.525308
2.827388
3.058585
3.110782
3.433161
3.912677
4.376137
4.595543
4.468424
4.091222
3.588530
3.090147
2.644512
2.269976
2.438473
2.674994
2.933403
3.188038
3.363281
3.386022
3.263014
2.986889
2.681503
2.411835
2.399492
2.585697
2.727944
2.738972
2.642248
2.495829
2.333103
2.491844
2.691954
2.830212
2.797899
2.963516
3.213991
3.454578
3.607844
3.550379
3.304090
2.991012
2.677276
2.390841
2.148467
1.966014
1.946519
2.095545
2.288994
2.354458
2.288818
2.267957
2.432850
2.637443
2.866886
3.091759
3.324073
3.565297
3.775761
3.944456
3.959128
3.841206
3.644942
3.433581
3.222462
3.006796
2.778729
3.195512
3.744853
3.826631
3.426203
2.834339
2.579680
2.740708
2.829708
2.765151
2.630358
2.536640
2.246653
1.929577
1.989426
2.515618
2.999343
3.266748
3.018037
2.665641
2.728608
2.519198
2.216362
1.956270
1.654636
1.361968
1.648143
1.901353
2.118559
2.320830
2.366805
2.604967
3.028499
3.341686
3.239538
3.041996
3.299599
3.034638
2.483281
2.253327
2.537381
2.828998
3.135779
3.404076
3.499284
3.413726
3.188049
2.961271
2.680743
2.371323
2.083373
2.042569
2.280291
2.567091
2.869295
3.172489
3.402069
3.392258
3.150784
2.816627
2.475126
2.159118
1.875620
1.615170
1.649962
1.882956
2.129992
2.326168
2.382615
2.302020
2.102450
1.878657
1.652674
1.435459
1.227011
1.035717
1.074011
1.151192
1.128135
1.295814
1.493283
1.628631
1.652243
1.565220
1.456701
1.581064
1.670188
1.645722
1.526691
1.369430
1.224661
1.091375
0.967780
0.924919
1.048570
1.148120
1.235491
1.329155
1.426977
1.525871
1.538842
1.460692
1.381364
1.402230
1.483274
1.506495
1.461535
1.362795
1.479804
1.598763
1.647810
1.570525
1.447628
1.552773
1.659973
1.706484
1.687339
1.956209
2.096563
2.095373
1.961753
1.665101
1.676708
1.762630
2.207800
2.780158
3.422325
3.796323
4.142931
4.415946
4.705272
4.984102
5.157441
5.167306
5.015493
4.777338
4.539578
4.295361
3.979915
3.479463
3.127653
2.740184
2.568854
2.554551
2.514211
2.863335
2.994728
2.994109
2.859520
2.501429
2.034639
1.803796
1.580586
1.386285
1.233709
1.084502
0.962791
0.985680
1.106092
1.220408
1.252866
1.189605
1.073942
0.937732
0.807351
0.880742
0.950668
0.943190
0.861752
0.762731
0.658044
0.559105
0.467071
0.383206
0.308687
0.239662
0.176825
0.122267
0.077097
0.095505
0.102039
0.082243
0.058438
0.073643
0.078142
0.083632
0.124941
0.181530
0.251475
0.321771
0.376534
0.391692
0.353294
0.296514
0.282888
0.242700
0.187950
0.137096
0.277133
0.501027
0.803775
1.220454
1.614186
1.793229
1.841393
1.836389
1.774746
1.644109
1.420627
1.382366
1.346254
1.248913
1.080832
1.324049
1.629986
1.975428
2.362622
2.770850
3.198729
3.523061
3.506945
3.159705
2.699449
2.412542
2.663287
2.844127
2.761017
2.480226
2.110442
1.751104
1.437062
1.161701
0.915528
0.695858
0.784859
0.999095
0.823582
0.696978
0.518077
0.579656
0.654826
0.670606
0.661170
0.620199
0.499801
0.306859
0.300965
0.318922
0.471102
0.772257
0.923503
0.979554
0.976388
0.924074
0.796980
0.545396
0.321423
0.109378
0.052284
0.039849
0.018790
0.004182
0.000033
0.003576
0.009708
0.008767
0.003271
0.000000
0.000000
0.000000
0.000000
0.000000
0.000000
0.003024
0.017797
0.043986
0.079695
0.121127
0.151145
0.145527
0.112767
0.071921
0.039250
0.017640
0.005940
0.000185
0.000083
0.032523
0.131658
0.316381
0.617679
0.880555
1.024316
1.104261
1.512288
1.866709
1.922673
1.674205
1.291565
0.955356
0.700018
0.977669
1.304435
1.600085
1.711645
1.557984
1.315466
1.679150
2.149794
2.605661
2.731496
2.951738
3.543270
3.989706
3.271538
2.453648
1.816319
1.364067
0.994108
0.670959
0.713603
0.907833
1.122706
1.328329
1.426455
1.565213
1.757648
1.873711
1.794437
1.548923
1.285148
1.059682
1.035362
1.077684
1.026354
0.862522
0.713237
0.648143
0.556037
0.436816
0.312445
0.328353
0.425346
0.460827
0.649052
0.930063
1.298489
1.754814
2.303710
2.957195
3.669900
4.187036
4.195925
3.680835
2.973891
2.325044
1.780339
1.329571
1.002080
1.133993
1.185431
1.121617
0.979325
0.847032
0.736758
0.641598
0.559643
0.595335
0.698513
0.799614
0.875465
0.879426
0.952035
1.184377
1.434829
1.715556
2.076403
2.504816
2.921813
3.090328
2.929392
2.526420
2.110616
1.723534
1.397303
1.139137
0.924905
0.779053
0.691631
0.677516
0.725160
0.690534
0.765392
0.773105
0.679811
0.794014
1.099228
1.466084
1.857473
2.038234
1.877368
1.507046
1.127191
0.794302
0.852049
0.901416
0.883490
0.783389
0.656053
0.530592
0.420212
0.436562
0.439376
0.375536
0.290267
0.336567
0.422859
0.484026
0.490648
0.461330
0.464324
0.400735
0.358556
0.412263
0.429409
0.374429
0.378997
0.445617
0.422389
0.406518
0.387950
0.334279
0.287735
0.382328
0.384565
0.339352
0.247403
0.329798
0.339803
0.272279
0.245396
0.326920
0.380142
0.342409
0.458394
0.607990
0.677286
0.624590
0.498981
0.801601
1.229570
1.671924
1.934031
2.063242
2.065765
1.941551
1.689518
1.811631
2.278897
2.794604
3.362519
4.001925
3.977266
3.222535
2.495389
1.876776
1.371085
0.959606
0.632881
0.387610
0.273282
0.442678
0.634373
0.782747
0.913220
0.923516
0.785443
0.580225
0.389209
0.239378
0.132455
0.056947
0.016060
0.059018
0.191188
0.421342
0.754202
0.904988
0.817712
0.536515
0.249014
0.104373
0.053824
0.030672
0.007911
0.000000
0.000000
0.000000
0.000000
0.000000
0.000000
0.000000
0.000000
0.000000
0.002523
0.030700
0.081338
0.116438
0.087748
0.038128
0.005898
0.000000
0.000000
0.000000
0.000000
0.000000
0.000000
0.000000
0.000000
0.000000
0.000000
0.000000
0.000000
0.000000
0.000000
0.000000
0.000000
0.000000
0.000000
0.011070
0.039876
0.063445
0.041868
0.097811
0.225064
0.322448
0.324007
0.232293
0.085581
0.013924
0.000000
0.000000
0.000000
0.000523
0.007524
0.006607
0.000000
0.000000
0.000000
0.000000
0.000000
0.000000
0.000000
0.000000
0.000000
0.000000
0.000000
0.000000
0.000000
0.000000
0.000000
0.000000
0.000000
0.000000
0.000000
0.000000
0.000000
0.000000
0.000000
0.000000
0.000000
0.000000
0.000000
0.000000
0.000000
0.000000
0.000000
0.000000
0.000000
0.000000
0.000000
0.000000
0.000000
0.000000
0.000000
0.017297
0.085596
0.158884
0.184357
0.135468
0.075927
0.015781
0.000000
0.000161
0.015874
0.062573
0.129992
0.166265
0.143739
0.092892
0.036142
0.006256
0.000000
0.000000
0.004073
0.055453
0.173601
0.368613
0.661601
1.169072
1.683395
1.903284
1.964795
1.982453
1.965809
1.917375
1.772331
1.466078
1.216015
1.000652
0.698701
0.451934
0.325297
0.275527
0.220804
0.167942
0.189458
0.315263
0.498892
0.616284
0.551068
0.379132
0.275526
0.151433
0.113292
0.116546
0.055207
0.008481
0.000000
0.000000
0.000000
0.000000
0.000000
0.016888
0.090649
0.209524
0.298433
0.179977
0.061528
0.006217
0.000000
0.000000
0.000000
0.000000
0.000000
0.000000
0.000000
0.000000
0.000000
0.000000
0.000000
0.000000
0.000000
0.000000
0.000000
0.000000
0.000000
0.000052
0.005284
0.012448
0.012211
0.003765
0.000000
0.000000
0.000000
0.000000
0.000000
0.000000
0.004976
0.014880
0.029439
0.041978
0.031329
0.012452
0.001721
0.003699
0.050554
0.156225
0.330605
0.583110
0.917422
1.343054
1.998736
2.448796
2.610785
2.652815
2.655725
2.621745
2.504273
2.216099
1.768704
2.080336
2.221504
2.020821
1.645751
1.343840
1.727860
2.177107
2.688709
3.182273
3.533105
3.550643
3.203586
2.705495
2.332302
2.123592
1.768751
1.756956
1.864693
2.081448
2.956218
3.867796
4.249463
4.357850
4.395039
4.427212
4.453816
4.422187
4.076294
3.262706
2.451280
1.992067
2.233694
2.314153
2.098289
1.670931
1.977878
2.256745
2.344926
2.221751
1.944368
1.624161
1.323038
1.057682
0.835003
0.742518
0.907601
1.118616
1.215503
1.180488
1.036000
0.838065
0.639910
0.467313
0.395222
0.544143
0.727311
0.915189
1.002341
0.968948
0.812157
0.731997
0.971703
1.362600
1.850449
2.324979
2.515838
2.327713
1.853296
1.372702
1.256230
1.369161
1.366719
1.243963
1.156617
1.082139
1.018437
1.118357
1.263863
1.387202
1.477454
1.510060
1.638175
1.718867
1.684157
1.561677
1.389109
1.381603
1.451500
1.396497
1.333297
1.487119
1.668906
1.869315
2.063693
2.289698
2.491329
2.548708
2.429693
2.215621
2.051491
1.936458
1.955441
1.969607
1.919473
1.763492
1.564218
1.357361
1.436853
1.549648
1.617646
1.604607
1.510333
1.374312
1.200344
1.225930
1.164562
1.251910
1.236708
1.283228
1.667677
2.083086
2.546084
2.959848
3.014392
2.760127
2.542691
2.247525
2.264789
2.658125
3.303736
4.077003
4.866623
5.746495
7.404588
8.260905
8.483327
8.250902
7.405068
5.761227
4.545249
3.681182
3.499858
3.973328
4.260522
4.381844
4.196769
3.942707
3.723254
3.438678
3.428148
3.544932
4.013775
4.624912
5.152312
5.413005
5.076116
4.533342
3.915004
3.332724
2.790777
2.308380
2.239329
2.958458
3.991180
4.349445
4.031215
3.067354
2.261999
1.696225
1.290855
0.927072
0.619448
0.718747
0.754542
0.725048
0.641096
0.566128
0.472933
0.515890
0.625831
0.731911
0.798454
0.841520
0.803005
0.744240
0.729020
0.655039
0.537497
0.603872
0.731099
0.834093
0.893518
1.070162
1.311436
1.487449
1.630054
1.719869
1.727263
1.652320
1.623847
1.585695
1.475354
1.450979
1.586591
1.681211
1.780353
1.823885
1.859389
1.859123
2.058259
2.308907
2.496601
2.519228
2.342614
2.110420
1.871975
1.655606
1.551891
1.745662
1.905692
1.953702
1.850401
1.648652
1.440880
1.230287
1.039105
1.065742
1.121071
0.995558
1.050926
1.048288
0.957188
1.091944
1.234024
1.318749
1.392073
1.507065
1.678035
2.361727
3.198453
3.753549
3.987051
4.090796
4.105448
4.062698
3.923494
3.649830
2.994396
2.133939
2.389293
2.434286
2.735606
3.354428
4.031647
4.568622
4.847822
4.522674
4.065300
3.414233
2.793021
3.132255
3.647945
4.154016
4.756347
5.421982
6.028462
6.335453
6.030032
5.418284
4.757800
4.215630
4.017792
3.731648
3.439414
3.774656
3.951101
3.801296
3.611923
3.410914
3.303093
3.479676
3.600876
3.416500
3.096888
2.683282
2.297137
1.958611
1.653026
1.401323
1.147313
1.032283
0.816348
0.828781
0.957133
1.120436
1.267224
1.356962
1.305327
1.183387
1.078968
0.994613
1.216930
1.546243
1.915992
2.086753
1.879154
1.498321
1.670136
1.906813
1.885969
1.730377
1.748192
1.954043
2.146431
2.274346
2.422867
2.534057
2.518616
2.418957
2.221643
2.142816
2.097244
1.918621
1.716647
1.539374
1.373347
1.205009
1.039795
0.959565
0.872299
0.963126
0.934900
1.033084
1.091105
1.082814
1.174621
1.300809
1.330816
1.254986
1.122795
1.074681
0.955716
0.791240
0.645467
0.519710
0.419123
0.350576
0.266277
0.201408
0.271574
0.339962
0.399717
0.417805
0.409655
0.429357
0.391485
0.334200
0.423540
0.440062
0.372787
0.283884
0.356412
0.600469
0.918512
1.300489
1.758452
2.495240
3.178289
3.463721
3.532724
3.543645
3.541838
3.541596
3.534314
3.474676
3.678878
4.526796
5.363533
5.931020
5.964254
5.460066
4.915272
4.477207
5.436942
5.778959
5.276434
4.106885
3.128806
2.348235
1.724367
1.219092
1.034775
1.124879
1.245601
1.230620
1.409345
1.432446
1.256827
1.021758
1.025934
1.169543
1.148837
0.946573
0.721152
0.509350
0.344022
0.243004
0.304614
0.328386
0.299119
0.421768
0.620960
0.605086
0.500479
0.580936
0.569071
0.471364
0.347928
0.237610
0.150343
0.085516
0.051061
0.072531
0.096559
0.121105
0.198910
0.272820
0.331575
0.385019
0.466609
0.564994
0.629328
0.622329
0.548809
0.441555
0.412852
0.424767
0.382543
0.323626
0.410079
0.479994
0.487583
0.439339
0.451419
0.509276
0.506988
0.438833
0.436709
0.528015
0.642528
0.758351
0.839708
0.856461
0.782956
0.726641
0.762871
1.150639
1.204920
1.074458
1.209812
1.479823
1.798318
2.048481
2.123917
2.155677
2.303967
2.490664
2.570786
2.528964
2.378816
2.369944
2.475703
2.473349
2.356626
2.168000
1.963765
2.004646
2.397296
2.686375
2.847491
2.772744
2.530842
2.114671
1.785663
1.521696
1.354478
1.292648
1.337402
1.623265
1.622551
1.336002
1.183758
1.225182
1.228720
1.432469
1.706770
1.991885
2.260392
2.381284
2.292979
2.037436
1.757539
1.523878
1.547129
1.824945
2.128165
2.217598
2.051236
2.001780
1.942825
2.093065
2.608463
3.213898
3.946636
4.727354
5.289344
5.279400
4.704516
3.932157
3.511222
3.906781
4.263481
4.520686
4.732256
5.042571
5.116176
4.868845
4.723093
5.135824
5.641757
6.160995
6.657315
6.981262
6.893549
6.453027
6.828104
7.412299
8.096531
8.788377
9.191538
9.202438
8.647970
7.916619
7.199065
6.548281
5.999104
5.648990
5.632528
5.407467
5.366807
5.840857
6.280944
6.538870
6.562514
6.350250
5.981482
5.603098
5.213994
4.805814
4.394680
3.978224
3.561455
3.392295
3.228994
3.026563
2.803550
2.574765
2.348851
2.262800
2.188927
2.112235
2.240860
2.276140
2.187266
2.006101
1.866180
1.887744
1.992494
2.206975
2.301431
2.277964
2.178079
2.397190
2.502503
2.429032
2.245435
2.023643
1.788272
1.572468
1.383568
1.216609
1.061347
1.098885
1.339376
1.441505
1.325048
1.075622
0.948824
1.108407
1.311941
1.500433
1.309383
0.976588
0.649205
0.411003
0.334015
0.264688
0.199980
0.193100
0.143795
0.116551
0.192838
0.277395
0.357256
0.435604
0.458366
0.389247
0.322660
0.369549
0.370813
0.210514
0.034457
0.019854
0.005113
0.004080
0.000017
0.000000
0.000000
0.000000
0.000000
0.000007
0.000202
0.000000
0.000000
0.000000
0.000000
0.000000
0.000029
0.015509
0.055797
0.119535
0.225414
0.324916
0.418403
0.442050
0.696152
1.018588
1.420236
1.917673
2.522854
3.219743
3.972359
4.622573
4.692489
4.183281
3.787234
3.543895
3.067652
2.521779
2.377466
1.918314
1.418177
0.988214
1.025934
1.113588
0.670938
0.126961
0.022497
0.009135
0.000642
0.023686
0.072650
0.123687
0.231561
0.331308
0.260369
0.296953
0.362389
0.173513
0.000000
0.384488
1.107335
0.000000
0.000000
0.000000
0.000000
0.000000
0.000000
0.000000
0.000000
