track	type=wiggle_0
fixedStep	chrom=chr	start=1	step=1
0.000000
0.000000
0.000000
0.000000
0.000000
0.000000
0.000000
0.000000
0.000000
0.000000
0.000000
0.000000
0.005433
0.126896
0.558188
0.951599
1.125452
1.017582
0.769103
0.799393
1.009606
0.743209
0.495386
0.884252
1.294980
1.810813
2.324534
2.896473
3.517027
3.999583
3.995940
3.508587
2.918540
2.386635
1.948691
2.220587
2.458222
2.569456
2.406013
2.070369
1.686171
1.335848
1.036463
0.785844
0.586461
0.425262
0.299902
0.235154
0.236069
0.189478
0.202445
0.436368
0.773477
0.902519
0.931432
0.902519
0.770927
0.426196
0.178560
0.051042
0.002712
0.000000
0.000000
0.000000
0.000000
0.000000
0.000000
0.000000
0.000000
0.000000
0.002979
0.011461
0.020835
0.023411
0.052164
0.225440
0.506848
0.763346
0.943842
1.103049
1.248697
1.440450
1.630703
1.817906
1.944480
2.132290
2.247334
2.232556
2.111042
1.912097
1.703012
1.504267
1.322537
1.152894
0.994591
0.938561
0.942905
1.034604
1.083878
1.098659
1.137662
1.239120
1.401416
1.519123
1.584180
1.515105
1.390116
1.484967
1.717445
2.082698
2.487737
2.598372
2.909137
3.234010
3.476368
3.514865
3.244010
2.913822
2.524347
2.185404
2.238872
2.668982
3.180841
3.682115
3.781506
3.305877
2.677051
2.107675
1.606792
1.189373
0.849358
0.584131
0.521680
0.615435
0.663837
0.622626
0.599087
0.532571
0.443633
0.599368
0.639838
0.542254
0.402526
0.240636
0.128041
0.105100
0.102929
0.091680
0.065712
0.039834
0.019180
0.008568
0.001553
0.001402
0.001435
0.000038
0.000000
0.000000
0.000000
0.010828
0.024357
0.028598
0.029558
0.029558
0.028598
0.023505
0.008734
0.000000
0.000000
0.000000
0.000000
0.000000
0.000000
0.000000
0.000000
0.000000
0.000014
0.004486
0.017508
0.037012
0.056955
0.066806
0.097450
0.105464
0.066307
0.092628
0.107480
0.102687
0.094546
0.074023
0.051113
0.032476
0.015412
0.017903
0.032445
0.035722
0.037602
0.033089
0.022421
0.015791
0.015007
0.019511
0.016997
0.006698
0.000000
0.000000
0.000000
0.000000
0.000000
0.000000
0.000000
0.004672
0.087766
0.160470
0.192097
0.212764
0.217364
0.218621
0.215211
0.199214
0.145724
0.040082
0.000535
0.000000
0.000000
0.000000
0.000000
0.000000
0.000000
0.003434
0.071874
0.173455
0.208165
0.216088
0.209066
0.175683
0.078644
0.013178
0.000001
0.000000
0.000000
0.000000
0.000000
0.000000
0.000000
0.000001
0.000000
0.000000
0.000391
0.004825
0.010309
0.008722
0.002609
0.005437
0.004780
0.001352
0.006218
0.003973
0.000166
0.002069
0.011380
0.031750
0.062756
0.100784
0.145341
0.192106
0.258541
0.325500
0.364204
0.343798
0.312389
0.395144
0.512646
0.654049
0.819004
1.003871
1.195969
1.413106
1.791963
2.208080
2.567499
2.791232
2.740932
2.375849
1.964642
1.603485
1.273844
1.064993
1.020523
1.010918
0.982101
0.905019
0.748447
0.563488
0.407189
0.277975
0.226782
0.197654
0.203495
0.231396
0.259959
0.262203
0.240583
0.209167
0.386046
0.612838
0.830360
1.050445
1.380276
1.532088
1.295834
0.827992
0.494704
0.272986
0.363798
0.478310
0.527083
0.438310
0.314811
0.203446
0.184599
0.120926
0.075316
0.028177
0.004234
0.011277
0.057468
0.154513
0.324874
0.618535
0.818568
0.894962
0.894962
0.816597
0.606234
0.295380
0.118712
0.050049
0.045070
0.043194
0.054904
0.039499
0.013241
0.000587
0.000000
0.000000
0.000000
0.000000
0.000959
0.007246
0.015511
0.016868
0.009497
0.010961
0.032219
0.055619
0.070295
0.069018
0.051659
0.028730
0.016010
0.018799
0.034509
0.039201
0.032277
0.025490
0.034463
0.031692
0.021575
0.009265
0.016467
0.057193
0.075796
0.111036
0.139312
0.142117
0.138967
0.137007
0.131925
0.112272
0.053421
0.079895
0.131736
0.156248
0.131641
0.079822
0.034248
0.007547
0.000000
0.000000
0.000000
0.000000
0.000000
0.002462
0.049385
0.092690
0.111653
0.124885
0.138207
0.138207
0.124735
0.111020
0.090576
0.045656
0.034199
0.040409
0.029531
0.043921
0.081368
0.125066
0.158892
0.162833
0.136962
0.092539
0.052310
0.023952
0.006999
0.000549
0.000044
0.000000
0.000000
0.000000
0.000000
0.000000
0.000000
0.000000
0.000000
0.000000
0.000000
0.000000
0.002022
0.028827
0.077834
0.105756
0.093195
0.038895
0.009263
0.038777
0.067623
0.075574
0.138190
0.244677
0.392999
0.579288
0.806175
1.115545
1.498524
1.958126
2.504378
3.155531
3.792542
4.275162
4.236485
3.674363
3.440102
4.095956
4.724185
5.019711
4.892417
4.307571
3.678200
3.056178
2.513047
2.059305
1.684622
1.488188
1.614002
1.617766
1.540492
1.566609
1.581962
1.829414
1.889638
1.675869
1.473979
1.193142
0.749962
0.515156
0.656709
0.828853
1.019046
1.189081
1.269640
1.191066
1.045846
0.867646
0.700976
0.609064
0.605405
0.663122
0.712023
0.722843
0.748081
0.707631
0.581836
0.439588
0.447207
0.562263
0.675069
0.749993
0.751433
0.819619
0.963307
1.117318
1.289313
1.476132
1.645486
1.800173
1.938942
1.941246
1.810106
1.857325
2.282938
2.550162
2.707042
2.413704
1.927919
1.677015
1.505774
1.334167
1.408859
1.568543
1.673230
1.657470
1.537949
1.361943
1.430878
1.576555
1.640570
1.558731
1.397486
1.544259
1.762616
2.130413
2.509144
2.714939
2.563670
2.311356
1.939684
1.725731
1.797258
1.806556
1.916620
1.775301
1.714566
1.885033
2.011444
2.397045
3.136195
4.147200
5.551137
6.200297
6.375823
6.375823
6.226384
5.684675
5.627645
5.615164
5.195108
4.656216
4.109265
3.608577
3.152484
2.739201
2.440957
2.942915
3.519648
4.142171
4.711113
5.327569
5.752241
6.526973
7.470741
8.338959
8.712079
8.344685
7.482233
6.494354
5.563892
4.739820
4.017052
3.395741
2.885774
2.414210
1.987688
1.613685
1.307012
1.046383
0.808562
0.724912
0.683624
0.579347
0.476232
0.447593
0.501404
0.498911
0.448102
0.545700
0.560161
0.543331
0.673713
0.807051
0.896283
0.879463
0.777195
0.644131
0.715569
0.731223
0.671367
0.660689
0.589731
0.509742
0.433217
0.411901
0.491668
0.532931
0.525214
0.531182
0.553805
0.605689
0.675442
0.682868
0.587881
0.427158
0.381733
0.342386
0.358687
0.428841
0.480524
0.483239
0.542885
0.588898
0.568531
0.549086
0.518889
0.671489
0.948442
1.292641
1.703145
2.128738
2.398326
2.344997
1.969943
1.549576
1.777440
2.161562
2.104657
1.587356
1.137636
0.770520
0.486087
0.500535
0.524034
0.604450
0.726218
0.732635
0.618474
0.469083
0.386243
0.501616
0.653881
0.833156
1.015206
1.229874
1.382200
1.380517
1.225050
1.007677
0.786341
0.605547
0.466375
0.419707
0.797033
1.117566
1.207869
1.117388
0.803960
0.526532
0.569434
0.643229
0.744163
0.843554
0.976470
1.150527
1.365267
1.566274
1.729637
1.755878
1.623916
1.454509
1.265875
1.083048
0.948194
0.837336
0.742690
0.705729
0.702184
0.786782
0.779951
0.737597
0.639020
0.670756
0.848913
1.012527
1.212149
1.425080
1.655159
1.925067
2.232152
2.475126
2.479922
2.234866
1.917840
1.597441
1.310141
1.053315
0.930380
0.848727
0.834126
1.052900
1.357861
1.521702
1.436619
1.707695
2.206637
2.871931
3.490003
3.469501
2.850213
2.350381
2.163652
1.857544
2.032396
2.457543
2.397238
1.821775
1.499760
1.210704
0.875216
0.785799
1.035359
1.274230
1.506378
1.816710
2.209928
2.612244
2.937247
2.911387
2.553828
2.080960
1.649440
1.288597
0.988589
0.736673
0.532313
0.366238
0.235810
0.145294
0.093941
0.097206
0.143207
0.201443
0.268324
0.341387
0.412198
0.463354
0.509622
0.521285
0.494942
0.443409
0.509127
0.607676
0.722993
0.836488
0.915239
0.928409
0.871326
0.766129
0.652760
0.547434
0.451192
0.424617
0.449577
0.442608
0.398941
0.341569
0.289231
0.223416
0.159461
0.118456
0.133801
0.146928
0.152935
0.173772
0.161029
0.131299
0.111338
0.109232
0.100279
0.078870
0.083684
0.089167
0.078848
0.090756
0.116455
0.144764
0.169109
0.173042
0.148958
0.144592
0.145200
0.118461
0.106921
0.095697
0.131964
0.168942
0.176506
0.151142
0.176666
0.295525
0.462888
0.688239
0.974606
1.326043
1.750222
2.267022
2.819237
3.187640
3.175295
2.773672
2.216440
1.692609
1.285517
1.042952
1.137884
1.255456
1.230010
1.197751
1.182347
1.022939
0.827752
0.905288
1.137696
1.381491
1.560830
1.549729
1.343253
1.100388
0.859438
1.099929
1.374297
1.566368
1.566894
1.372479
1.105591
1.096980
1.205085
1.153384
1.009091
1.309194
1.724878
2.119319
2.428365
3.042138
3.871195
4.448358
3.888166
3.082286
2.388197
2.058020
2.151646
2.059904
1.798812
1.525676
1.277714
1.070290
0.936752
0.806451
0.715913
0.798947
0.950347
1.118446
1.250942
1.294577
1.201410
1.029142
0.845959
0.668582
0.517886
0.413845
0.404101
0.407813
0.423864
0.402836
0.446139
0.483190
0.466603
0.396020
0.322051
0.344357
0.388034
0.375887
0.319092
0.240402
0.169456
0.109705
0.156752
0.304708
0.515337
0.782561
1.099352
1.486216
1.809125
1.832205
1.557985
1.253397
1.077951
0.937642
0.913969
1.217412
1.704212
2.353442
2.777505
2.927020
2.921663
2.746262
2.240005
1.472838
0.980588
0.650559
0.418599
0.334651
0.387003
0.364075
0.525832
0.665694
0.688450
0.564138
0.442995
0.400963
0.333650
0.253228
0.170994
0.206118
0.401915
0.677605
1.045863
1.248056
1.220196
0.924309
0.529015
0.275895
0.120663
0.036546
0.002334
0.000000
0.000000
0.000000
0.000000
0.000000
0.000000
0.000000
0.000000
0.000000
0.000000
0.000000
0.000000
0.000000
0.000000
0.000000
0.000000
0.000000
0.000000
0.000000
0.000000
0.000000
0.000000
0.000000
0.000000
0.000000
0.000000
0.000000
0.000000
0.000000
0.000000
0.000000
0.000000
0.000000
0.000000
0.000000
0.000000
0.000000
0.000000
0.000000
0.000000
0.000000
0.000000
0.000000
0.000000
0.000000
0.010679
0.054327
0.136779
0.263463
0.449141
0.700952
1.027258
1.440081
1.931651
2.481594
2.939147
2.943800
2.501773
1.956145
1.457444
1.232738
1.545479
1.949435
2.366602
2.563233
2.525396
2.249121
1.824580
1.403210
1.054539
0.779977
0.564247
0.380189
0.299724
0.324561
0.524514
0.752391
0.903380
0.849798
0.532275
0.259835
0.116727
0.034040
0.001138
0.000000
0.000000
0.000000
0.000000
0.000000
0.000000
0.000000
0.000000
0.000000
0.000000
0.000000
0.000000
0.000000
0.000000
0.006547
0.067281
0.111408
0.125936
0.130512
0.131169
0.127766
0.112096
0.062619
0.002727
0.000000
0.001169
0.008285
0.020519
0.025182
0.019223
0.008164
0.006851
0.010020
0.005914
0.000782
0.000000
0.000000
0.000000
0.000000
0.000000
0.000000
0.000000
0.000000
0.000000
0.000000
0.000000
0.000000
0.004347
0.005661
0.011006
0.066579
0.172826
0.335546
0.560814
0.854183
1.228727
1.694084
2.233785
2.765491
2.734164
2.182624
1.692481
1.289803
1.495950
1.903467
2.376058
2.916213
3.474984
3.886419
4.017567
3.735089
3.211474
2.974241
3.494788
4.017918
4.374382
4.383430
4.181159
4.552673
4.632375
4.049232
3.375537
2.729562
2.192888
2.021856
1.927544
1.786422
1.486694
1.144869
0.836544
0.708611
0.616381
0.566079
0.476467
0.357641
0.247327
0.176353
0.172621
0.168397
0.158195
0.126864
0.152400
0.214811
0.283457
0.362765
0.457996
0.567733
0.693510
0.839810
0.995652
1.121753
1.174590
1.211975
1.120567
0.972882
0.821183
0.699836
0.614903
0.569761
0.617565
0.591004
0.526437
0.595081
0.728673
0.856836
0.959946
1.001171
1.046332
1.139972
1.300627
1.511135
1.747641
1.950901
2.070005
2.310202
2.512599
2.614546
2.570744
2.450845
2.280278
2.111289
2.025850
2.167232
2.324738
2.440929
2.633241
2.880439
3.147510
3.379922
3.471225
3.400079
3.179111
3.051366
3.627316
4.267286
4.811221
4.809370
4.261858
3.593045
2.983706
2.536014
2.494627
2.356402
2.483700
2.809941
3.065365
3.232733
3.195759
2.872193
2.435729
2.380314
2.679724
2.994133
3.283177
3.522132
3.887107
4.320853
4.820790
5.358444
5.906372
6.330100
6.504916
6.472429
6.561974
6.588082
6.630075
6.310423
5.790948
5.544135
5.657074
5.387756
4.938281
4.443020
4.282513
4.903840
5.608184
6.340375
6.991754
7.272824
6.963013
6.297369
5.564451
4.850700
4.201118
3.624471
3.111136
2.810330
2.800447
2.631668
2.399027
2.389936
2.340064
2.117759
1.878165
1.702577
1.934370
2.196353
2.671778
3.311197
3.975882
4.437487
4.450314
3.996432
3.332327
2.700089
2.185978
1.725167
1.331273
1.060410
1.031966
1.201685
1.378157
1.553352
1.704864
1.818732
1.906729
1.901586
1.777661
1.599560
1.506169
1.439939
1.296510
1.145181
1.010567
1.108174
1.295140
1.463348
1.604301
1.722867
1.735909
1.621240
1.461293
1.274715
1.087508
1.023676
1.086690
1.129307
1.108583
1.005646
1.044171
1.156918
1.192218
1.183779
1.199050
1.235883
1.264121
1.391343
1.471928
1.638934
1.900644
2.072266
2.163680
2.090757
1.879262
1.588547
1.674311
1.862728
2.083770
2.304091
2.467125
2.534714
2.477956
2.319867
2.136411
1.951613
1.764850
1.590179
1.426964
1.275958
1.132372
0.992689
0.823850
0.639274
0.716405
0.850699
1.008103
1.182172
1.338175
1.397397
1.356305
1.230803
1.095747
0.977853
0.897143
0.853439
0.769018
0.706191
0.639289
0.737343
0.868176
1.020163
1.141824
1.167802
1.072289
0.947989
0.909496
0.868294
0.761009
0.640403
0.557288
0.508048
0.544181
0.649701
0.762313
0.894958
1.045421
1.204873
1.357881
1.485185
1.642037
1.796014
1.831695
1.751413
1.817093
2.066412
2.194605
2.047124
1.798805
1.530512
1.514693
1.798445
2.099169
2.336536
2.378702
2.213586
1.961540
1.698427
1.455921
1.242829
1.063615
0.927437
1.238911
1.681797
2.179287
2.602679
2.828439
2.562759
2.132194
1.671556
1.476771
1.853295
2.256110
2.579842
2.628129
2.375769
2.249313
1.977855
1.639212
1.336694
1.042311
0.773505
0.556899
0.647264
0.913932
1.314184
1.854001
2.335451
2.530329
2.581016
2.541238
2.483553
2.413460
2.254407
1.970909
1.509718
1.312481
1.230226
1.183914
1.128572
1.005929
0.735142
0.408295
0.195178
0.066390
0.007196
0.000000
0.000000
0.000000
0.000000
0.000143
0.008147
0.014575
0.004658
0.000000
0.000000
0.000000
0.000000
0.000000
0.000000
0.000000
0.000000
0.000000
0.000000
0.000000
0.000000
0.000000
0.000000
0.000000
0.000000
0.000000
0.000000
0.000000
0.000071
0.021716
0.046617
0.060385
0.064601
0.065249
0.064749
0.064727
0.063663
0.057344
0.036618
0.009809
0.061610
0.108822
0.113711
0.068679
0.014549
0.000000
0.000000
0.000000
0.000000
0.000000
0.000000
0.000000
0.000000
0.000000
0.000000
0.000000
0.000000
0.000000
0.000000
0.000000
0.000000
0.000000
0.000000
0.000000
0.000000
0.000000
0.000000
0.000000
0.000000
0.000000
0.013486
0.072959
0.142249
0.177268
0.183034
0.174519
0.139385
0.072948
0.020646
0.028993
0.090678
0.132912
0.147236
0.092623
0.104545
0.138762
0.178858
0.228367
0.289547
0.383691
0.377931
0.275431
0.204040
0.148465
0.126256
0.228584
0.336192
0.566603
0.882690
1.041370
1.081461
1.047004
0.870981
0.518912
0.512508
0.492697
0.611876
0.671523
0.638682
0.587081
0.742117
0.951900
1.201150
1.460533
1.640172
1.642429
1.439804
1.164529
0.912077
0.705879
0.541431
0.418625
0.303298
0.200982
0.119366
0.086906
0.088129
0.055127
0.055795
0.064535
0.076131
0.150675
0.269062
0.411681
0.589313
0.705050
0.950518
1.270915
1.411004
1.290425
0.963703
0.659762
0.438080
0.445158
0.569904
0.680181
0.729274
0.686907
0.573567
0.675963
1.109845
1.301639
1.299431
1.096293
1.000995
0.988936
1.154084
1.400787
1.689767
2.007093
2.292098
2.391617
2.236984
1.920356
1.601537
1.314988
1.064632
0.845503
0.653948
0.531189
0.589780
0.676416
0.741461
0.768207
0.820789
0.960541
1.103594
1.188203
1.120614
0.963029
0.872882
0.943660
1.050204
1.165057
1.200445
1.163652
1.238976
1.219010
1.101149
0.964089
1.050117
1.219633
1.388709
1.565377
1.728395
1.847332
1.967274
2.019517
2.209198
2.456041
2.654586
2.713508
2.618409
2.400406
2.153619
1.973850
1.895025
1.965342
2.077055
2.058897
1.930226
1.759355
1.646261
1.577210
1.509584
1.626812
1.754233
1.772199
1.813850
1.983057
2.190255
2.408140
2.604768
2.717505
2.702177
2.595653
2.494891
2.642730
3.203495
3.482869
3.422914
3.138933
2.840349
2.784651
3.094773
3.287623
3.834185
4.551587
4.909019
4.588282
3.903774
4.444459
4.952162
5.258432
5.213010
4.849457
4.320774
4.305758
4.724116
4.866973
5.571597
6.370300
7.251159
8.108077
8.591560
8.427944
7.859534
7.111639
6.365488
5.578233
5.478175
6.389625
7.182450
7.337645
6.910989
6.608916
5.955411
5.209460
4.629788
4.185735
4.280435
4.186776
3.935022
3.657256
3.360559
3.206434
3.461499
3.713944
3.981125
4.252169
4.494454
4.604931
4.499237
4.225027
3.905328
3.576499
3.703776
3.876625
3.838632
3.608340
3.309606
3.000093
2.692432
2.383534
2.455992
2.687126
2.929530
3.134588
3.167592
3.043642
2.792099
2.975017
3.151497
3.159760
2.975981
2.859781
2.622264
2.336746
2.047241
1.802151
1.565905
1.328825
1.110589
0.917380
0.868154
0.880823
1.007197
0.935232
0.886503
0.758917
0.661229
0.787335
0.991750
1.140468
1.418903
1.471758
1.321787
1.132418
1.143425
1.261345
1.248335
1.248724
1.350556
1.494689
1.651476
1.828823
1.987866
2.083250
2.032495
1.879652
1.873845
2.015584
2.140646
2.351028
2.922503
3.159530
3.169690
3.254328
3.434520
3.269041
2.961437
2.793730
2.689530
2.662775
2.838101
2.856019
2.926889
2.883492
2.756975
2.869886
3.175660
3.387994
3.972090
5.317586
6.007251
6.211138
6.197898
5.993442
5.350976
4.068953
3.103002
2.794479
2.754534
2.634812
2.517707
2.591810
2.485048
2.559500
2.675383
2.763955
2.809951
2.755926
2.601739
2.341769
2.062233
2.184507
2.358660
2.531730
2.722633
2.841363
3.025370
3.108950
3.065667
3.026141
3.115803
3.344055
3.611122
3.886286
4.067262
4.052561
4.054630
4.099449
3.985755
3.754095
3.876675
3.878799
3.915667
4.013187
4.318716
4.618127
4.881733
5.015542
4.926235
4.660912
4.336844
4.067343
3.766469
3.610097
4.007071
4.671846
5.413733
6.233212
7.131686
8.091287
8.974985
9.467563
9.372540
8.665098
7.722130
7.622412
8.750045
10.075558
11.546527
13.143622
14.800045
16.188517
17.204002
16.635981
15.095404
13.241689
11.414801
12.686966
14.170889
15.462253
16.814211
17.561159
17.099678
15.935497
14.312608
12.728302
11.351665
10.289442
11.183922
11.748758
12.347919
12.426834
11.942279
11.073792
10.310350
10.186101
9.931330
9.843390
10.620915
10.983131
10.734168
10.104993
9.447512
9.563432
9.286325
8.789958
8.355701
7.873770
7.283996
6.652297
6.076934
5.801455
5.398702
4.934681
4.475826
4.089065
4.077834
4.172188
4.174699
4.377854
4.357011
4.082529
3.730891
3.499371
3.626105
3.582119
3.637429
3.569595
3.679543
3.995435
4.308261
4.543931
4.688464
4.562420
4.292965
4.290411
4.622583
4.964037
5.240221
5.871922
6.313840
6.737869
7.146774
7.547712
7.913731
8.248944
8.600312
8.910749
9.061275
9.004962
8.700086
8.301461
8.149935
8.573212
9.039941
9.527889
10.045170
10.581940
11.147840
11.658934
11.977153
11.965064
11.527103
10.964752
10.789783
11.003458
10.940377
10.578992
10.069753
9.577357
9.124928
8.661974
8.206909
7.767658
7.370389
7.363934
7.419026
7.238005
6.866130
6.731072
7.550385
7.849680
7.613459
6.854990
6.039552
5.710201
5.573756
5.666027
5.943372
6.418522
6.941393
7.301847
7.452322
7.262806
6.596185
5.834003
4.960424
4.196032
3.516526
2.920617
2.316005
1.916574
1.843614
1.924825
2.045641
2.155285
2.297620
2.451128
2.426749
2.247929
2.209860
2.328512
2.510365
2.453503
2.637429
2.943569
3.268394
3.488156
3.596048
3.716310
4.131793
4.587054
5.115375
5.767482
6.497264
7.265876
8.109430
8.919528
9.494510
9.472544
8.882900
8.071278
7.250905
6.508673
5.809548
5.163876
4.794663
5.312337
5.781283
5.872263
5.628645
5.239429
4.802119
4.348426
4.084565
3.963373
4.019234
4.289614
4.462401
4.270579
3.873932
3.943626
3.935717
4.328039
4.715554
5.144555
5.520422
5.657054
5.481169
5.304710
5.023176
4.691515
4.263628
3.971974
3.728342
3.677073
4.114071
4.585562
4.843239
4.672136
4.221502
3.736467
3.341846
3.457393
3.328106
3.067030
2.821782
3.062916
3.307984
3.357191
3.177897
2.913468
2.575114
2.268188
1.987889
1.860827
2.157471
2.545858
2.984079
3.427304
3.738420
3.662293
3.295221
2.843400
2.412716
2.029145
1.679090
1.370603
1.112337
0.911766
1.121615
1.350991
1.592116
1.680294
1.546686
1.373303
1.437288
1.564845
1.773608
1.957071
1.934837
1.353428
1.093272
1.134234
1.132081
1.187691
1.107367
0.819208
0.901727
1.106362
1.375437
1.688801
2.040069
2.429194
2.850426
3.318589
3.841913
4.418497
5.054893
5.719890
6.257493
6.057021
4.946514
4.410400
4.658700
5.217197
6.019908
6.971385
8.041707
9.183528
10.255651
10.739946
10.060879
9.935813
7.963637
5.580602
3.997464
2.304173
2.115732
2.095924
1.155523
0.607674
0.383292
0.383292
0.000000
0.000000
0.000000
0.000000
0.000000
0.000000
0.000000
0.000000
