track	type=wiggle_0
fixedStep	chrom=chr	start=1	step=1
0.000000
0.000000
0.000000
0.000000
0.000000
0.000000
0.000000
0.000000
0.000000
0.175875
0.110976
0.040753
0.012880
0.016963
0.016889
0.052219
0.182999
0.317551
0.521135
0.784806
1.017676
1.118085
0.969920
0.731005
0.752411
0.957075
0.698788
0.399985
0.191633
0.136480
0.224690
0.364323
0.507181
0.508705
0.367754
0.223322
0.122146
0.127853
0.095999
0.162501
0.212957
0.202640
0.134311
0.064867
0.045906
0.056907
0.153355
0.383689
0.755834
0.934616
0.995911
1.028960
1.059062
1.049111
1.164428
1.222158
1.144606
1.071914
1.023327
0.981190
0.901475
0.748673
0.408462
0.166396
0.043881
0.001071
0.000000
0.000000
0.000000
0.002111
0.012978
0.011317
0.014487
0.029740
0.034284
0.035176
0.034928
0.228794
0.521339
0.871106
1.173652
1.402927
1.588309
1.736176
1.766495
1.703710
1.649565
1.755397
1.898898
2.081627
2.252934
2.325176
2.253053
2.143680
2.193890
2.342741
2.406562
2.445835
2.417851
2.304179
2.366546
2.555026
2.680539
2.916220
3.211006
3.479416
3.624050
3.781805
3.995668
4.055613
3.921309
3.630210
3.629997
4.077829
4.565595
5.097579
5.673078
6.291756
6.941406
7.511975
7.745041
7.725419
7.499169
6.961146
6.392594
5.899763
5.548773
5.246834
5.064769
5.412583
5.692857
5.875267
5.833819
5.505376
5.060359
4.589489
4.143995
3.728455
3.346181
2.990469
2.662212
2.367262
2.375729
2.373902
2.289923
2.313963
2.562814
2.821496
3.078832
3.326095
3.621460
3.925969
4.180402
4.300253
4.218874
4.251492
4.182092
4.121249
4.015344
3.806844
3.672353
3.747266
3.799760
3.752352
3.573738
3.392459
2.974558
2.704895
2.448503
2.210370
2.193120
2.120367
2.090791
2.122522
2.117898
2.043650
2.219891
2.376204
2.568063
2.802848
3.003937
3.037301
2.906741
2.697719
2.510223
2.331352
2.149968
1.982547
2.128866
2.140748
1.994319
1.807896
1.691870
1.871348
2.018520
2.032230
1.896991
1.746429
1.889353
1.976425
2.201591
2.469227
2.717386
2.819330
2.718158
2.470964
2.211086
1.972773
1.751763
1.580520
1.445271
1.335391
1.258830
1.231683
1.207614
1.090798
1.081636
1.232710
1.365544
1.475043
1.624537
1.731404
1.749297
1.642084
1.468683
1.304128
1.271293
1.323181
1.283538
1.156653
1.023353
0.953195
1.034484
1.065145
1.020602
0.904273
0.782298
0.677153
0.589390
0.530346
0.612409
0.704158
0.771831
0.758472
0.666566
0.635602
0.577658
0.508025
0.530532
0.579659
0.578072
0.520240
0.460127
0.518526
0.605972
0.661741
0.625672
0.539742
0.435039
0.353772
0.357041
0.475971
0.597859
0.629753
0.575084
0.444768
0.314154
0.222392
0.256534
0.269661
0.176749
0.079254
0.049112
0.034404
0.048849
0.054886
0.042704
0.047075
0.094857
0.159858
0.240806
0.343910
0.472115
0.625011
0.785992
0.907481
0.911185
0.809469
0.675947
0.524394
0.388330
0.311972
0.416811
0.509843
0.543311
0.480437
0.385875
0.283038
0.195991
0.130734
0.080557
0.176343
0.290702
0.491323
0.858269
1.332889
1.538725
1.594986
1.594986
1.548813
1.403370
1.093233
1.256631
1.423333
1.346342
1.054573
0.749999
0.502409
0.303915
0.351100
0.471968
0.558488
0.567038
0.494963
0.356458
0.216069
0.110801
0.044001
0.065202
0.071796
0.055919
0.045134
0.145634
0.322275
0.593099
0.770973
0.840156
0.840156
0.766156
0.566842
0.447106
0.571627
0.664704
0.648790
0.540806
0.407219
0.288863
0.307563
0.444388
0.613200
0.806347
1.005373
1.132210
1.089822
0.934219
0.730945
0.543309
0.386455
0.390483
0.417795
0.239827
0.083683
0.014672
0.000000
0.000000
0.000000
0.000000
0.000000
0.000000
0.000000
0.000000
0.000000
0.000000
0.000000
0.000000
0.000000
0.011499
0.037443
0.074890
0.118851
0.128040
0.127708
0.126073
0.123722
0.115308
0.087255
0.037668
0.000735
0.000000
0.000000
0.000000
0.000000
0.000000
0.000000
0.000000
0.000000
0.000000
0.000000
0.000000
0.000000
0.000000
0.000000
0.000000
0.000000
0.000000
0.000000
0.000000
0.000000
0.000000
0.000000
0.000000
0.000000
0.000000
0.000000
0.000000
0.000000
0.000000
0.000000
0.000000
0.005931
0.059905
0.186750
0.423422
0.809409
0.992845
1.043674
1.053653
1.053653
1.053653
1.053653
1.043674
0.998646
0.839425
0.512757
0.282282
0.484748
0.742883
1.030522
1.203184
1.120881
0.907318
0.631158
0.596832
0.801465
0.916314
1.142564
1.262569
1.208295
1.011879
0.807465
0.864322
1.241121
1.711830
2.271051
2.870059
3.265080
3.402767
3.255311
2.769472
2.237995
1.825625
1.429510
1.094423
0.900430
0.728830
0.642989
0.708370
0.631646
0.422062
0.215214
0.135966
0.067662
0.026803
0.006541
0.008130
0.029057
0.083932
0.206356
0.254252
0.201929
0.079195
0.014726
0.000133
0.000076
0.001606
0.002588
0.002427
0.000203
0.000000
0.000000
0.003778
0.002172
0.012037
0.033044
0.064642
0.107177
0.161057
0.226901
0.427240
0.683092
0.928498
0.903639
0.653236
0.502264
0.607372
0.703444
0.830700
0.970793
1.109110
1.209114
1.228830
1.142168
1.004869
0.938446
1.091699
1.224296
1.395173
1.588740
1.782931
1.930925
1.975034
1.862192
1.700858
1.509899
1.322168
1.145810
0.983400
0.837464
0.903130
1.004867
1.050314
1.200077
1.397467
1.598916
1.752757
1.755127
1.667838
1.904991
2.009668
1.991823
1.851043
1.611467
1.510728
1.845788
2.227180
2.637144
3.059637
3.564681
4.081382
4.434442
4.451411
4.140340
3.612778
3.108135
2.694005
2.625144
2.700663
2.721640
2.982594
3.370517
3.602560
4.326196
5.258831
6.337367
7.548765
8.950332
11.030597
12.160413
11.011646
8.861473
7.425456
6.259833
5.456825
5.751897
5.771523
5.857448
6.270144
6.974414
7.234019
6.949791
6.274526
5.474221
4.689611
3.986595
3.367539
2.837149
2.362947
1.940922
1.974877
1.776366
1.455737
1.069071
0.730818
0.465167
0.325960
0.214169
0.129428
0.080597
0.109341
0.134182
0.156969
0.182205
0.208455
0.218702
0.183242
0.236870
0.321397
0.426456
0.542986
0.619502
0.630394
0.565363
0.448000
0.335287
0.239694
0.233496
0.186456
0.164626
0.142849
0.169416
0.166286
0.131617
0.135248
0.174360
0.188144
0.175787
0.151681
0.125708
0.103362
0.075479
0.070150
0.058465
0.039029
0.083190
0.233511
0.541161
0.787641
0.933596
1.094989
1.290816
1.086240
0.932816
0.843863
0.794471
0.767870
0.748069
0.691225
0.561160
0.446277
0.284422
0.169620
0.118541
0.077377
0.055616
0.071601
0.098915
0.117802
0.116907
0.093835
0.064395
0.042456
0.024567
0.009545
0.001407
0.000289
0.000000
0.000000
0.000000
0.000000
0.000000
0.000000
0.000000
0.000001
0.000349
0.001723
0.007218
0.016217
0.020247
0.013554
0.017563
0.044518
0.078976
0.119990
0.175914
0.249942
0.343595
0.453006
0.570935
0.708766
0.873906
1.044435
1.165260
1.189139
1.092977
0.939673
0.784920
0.641963
0.510634
0.392725
0.291878
0.215669
0.169694
0.168836
0.137919
0.211572
0.358540
0.564367
0.825053
1.106675
1.311247
1.333078
1.221581
1.193965
1.579750
2.106514
2.956253
3.729179
4.032455
4.110082
4.123983
4.128954
4.125925
4.056134
3.770068
3.074167
2.978997
2.714282
2.666185
2.548902
2.404843
2.756812
3.282737
3.249196
3.202235
2.987702
2.548457
2.073643
1.652101
1.301827
1.016016
0.876944
0.975857
1.052518
1.136010
1.249834
1.356890
1.497969
1.655854
1.824681
1.989382
2.145705
2.214495
2.184664
2.062947
1.925167
1.795336
1.645962
1.507986
1.386165
1.350993
1.323389
1.243542
1.164645
1.176282
1.096380
1.242820
1.416918
1.605133
1.785996
1.932110
2.016670
2.175210
2.393876
2.643412
2.904233
3.166886
3.388940
3.489055
3.417015
3.558382
3.527382
3.398405
3.562439
3.613919
3.554077
3.534672
3.764405
3.943568
4.084712
4.061119
3.884958
3.693294
3.542763
3.508651
3.421827
3.426665
3.628300
3.878260
4.152816
4.409195
4.633479
4.785290
4.719652
4.634248
4.819698
4.949950
4.895925
4.677795
4.395987
5.267687
6.279664
7.393573
8.423901
8.781691
8.357623
7.364326
6.249559
5.233216
5.145673
5.702223
6.323332
7.012953
7.747462
8.468516
9.122505
9.938221
10.874451
11.936807
13.106738
14.333482
15.406575
15.942929
15.675656
14.629845
13.482032
13.006756
12.820721
12.786385
12.418198
11.835387
11.486232
10.924959
11.558757
12.400080
13.991450
15.447924
16.113241
15.478252
14.067763
12.458529
11.839358
12.203193
12.053391
11.501997
10.906684
10.397671
9.786826
9.251065
8.657284
8.041183
7.445382
6.902662
6.439298
6.441293
6.801678
7.184318
7.416678
7.374692
7.111483
6.689569
6.251432
5.883898
6.144341
6.211280
6.021646
5.706219
5.475497
5.904841
6.357305
6.791499
7.071568
7.093768
6.864015
6.449450
6.008915
5.570847
5.167831
4.841189
4.561594
4.306109
4.063413
3.822496
3.554705
3.258250
2.964948
2.698988
2.477113
2.345314
2.243635
2.168406
2.248943
2.444859
2.646016
2.836297
3.045834
3.227648
3.421069
3.642023
3.860245
4.033925
4.121424
4.013412
3.823411
3.719251
3.898398
4.617709
5.264428
5.794102
6.108490
6.289682
6.282198
6.104434
5.771051
5.375701
5.076918
4.997063
4.975852
4.853329
4.628569
4.345868
4.085106
4.316216
4.628803
4.901382
5.112824
5.136381
4.991617
4.766358
4.491868
4.216516
3.953830
3.692123
3.427275
3.259976
3.118748
2.917736
2.696939
2.354093
2.130749
2.003038
2.203918
2.249398
1.956691
2.404843
2.862345
3.081014
3.172084
3.158552
3.013593
2.626457
1.854866
1.284133
0.903208
0.800739
0.688877
0.584839
0.503641
0.440808
0.363050
0.280228
0.204975
0.141865
0.093230
0.056300
0.028315
0.009562
0.000809
0.000021
0.000875
0.001409
0.000023
0.000000
0.000000
0.000000
0.000000
0.000000
0.000000
0.000000
0.000000
0.000000
0.000000
0.000000
0.000000
0.000001
0.000229
0.000094
0.000000
0.000657
0.003416
0.003847
0.001120
0.005679
0.004666
0.012503
0.039127
0.064597
0.100266
0.172033
0.264863
0.324778
0.289595
0.203812
0.188254
0.273722
0.373063
0.451615
0.629481
0.882325
1.200918
1.581743
2.024262
2.551905
3.146496
3.747015
4.271489
4.505738
4.241282
3.704883
3.072929
2.462726
1.925290
1.472916
1.095809
0.871107
0.797912
0.690132
0.612920
0.519868
0.353435
0.165354
0.034238
0.002582
0.000000
0.000000
0.000000
0.000000
0.000000
0.000000
0.000000
0.000000
0.000000
0.000000
0.000000
0.000000
0.000000
0.000000
0.000000
0.000000
0.000000
0.000000
0.000000
0.000000
0.000000
0.000000
0.000490
0.005923
0.008627
0.009447
0.009438
0.009169
0.009050
0.009347
0.008820
0.005316
0.000000
0.000000
0.000000
0.000000
0.000000
0.000000
0.000000
0.000000
0.000000
0.000000
0.000000
0.000000
0.000000
0.000000
0.000000
0.000000
0.000000
0.000000
0.000000
0.000000
0.000000
0.000000
0.002483
0.048588
0.160998
0.357566
0.671869
0.930799
1.043261
1.034940
0.906896
0.608619
0.340575
0.160731
0.050753
0.036013
0.100569
0.205221
0.339777
0.459003
0.514957
0.439285
0.364489
0.540955
0.764408
0.964533
0.995498
0.979376
1.407814
1.611207
1.398799
0.869693
0.524904
0.292044
0.133172
0.039832
0.002389
0.001464
0.006681
0.003845
0.000001
0.000782
0.012715
0.035989
0.046929
0.034202
0.038934
0.067297
0.067289
0.036467
0.006904
0.000000
0.000000
0.000000
0.008128
0.070500
0.201819
0.353623
0.423888
0.434138
0.693340
0.986577
1.246683
1.238803
0.969437
0.671991
0.418365
0.230519
0.104188
0.030330
0.001398
0.000000
0.000000
0.000000
0.000000
0.000000
0.013635
0.014392
0.000000
0.000000
0.000000
0.000000
0.000000
0.000000
0.000000
0.000000
0.000000
0.000000
0.002945
0.023134
0.051319
0.057141
0.059283
0.096730
0.117517
0.106434
0.066064
0.027586
0.053440
0.065669
0.049111
0.019820
0.008021
0.034538
0.089331
0.152007
0.258078
0.421104
0.636513
0.897678
1.189312
1.487232
1.683332
2.015891
2.544746
3.210408
3.939255
4.578198
5.057698
5.068504
4.588012
3.792191
3.024565
2.366230
1.817301
1.358798
0.984173
0.688223
0.457628
0.291346
0.407050
0.581758
0.735974
0.790142
0.678758
0.522852
0.416519
0.560243
0.741893
0.939427
1.082557
1.189629
1.453669
1.677863
1.776137
1.741724
1.604866
1.372311
1.117686
0.888377
0.697136
0.540852
0.414791
0.296280
0.319551
0.519214
0.785313
1.126828
1.542522
2.035427
2.576678
3.009679
3.023332
2.593055
2.058930
1.574593
1.164769
0.828131
0.559821
0.350927
0.194589
0.086156
0.023835
0.026178
0.035292
0.059196
0.151204
0.194215
0.135589
0.041214
0.002758
0.000000
0.000000
0.000000
0.000000
0.000000
0.000000
0.000000
0.000000
0.000000
0.000000
0.000000
0.000000
0.000000
0.000000
0.000000
0.000000
0.000000
0.000000
0.000000
0.000000
0.000000
0.000000
0.000000
0.000000
0.000000
0.000000
0.000000
0.000000
0.000000
0.000000
0.013664
0.014738
0.000000
0.000000
0.000000
0.000325
0.018650
0.050428
0.043803
0.008489
0.000000
0.000000
0.000000
0.000000
0.000000
0.000000
0.000000
0.000000
0.000000
0.000000
0.000000
0.000000
0.000000
0.000000
0.000000
0.000000
0.000000
0.000000
0.000000
0.000540
0.000806
0.000000
0.000318
0.003333
0.012708
0.049339
0.113251
0.197614
0.324644
0.470273
0.581802
0.599866
0.526873
0.383863
0.243021
0.133232
0.120306
0.284850
0.547886
0.733980
0.882872
1.260816
1.717651
2.227635
2.649865
3.137677
3.646850
3.638663
3.078164
2.419792
1.821473
1.329426
0.933582
0.620697
0.387565
0.239510
0.241381
0.319881
0.316048
0.230770
0.125664
0.125540
0.217020
0.337839
0.486052
0.639840
0.720842
0.717565
0.625728
0.541229
0.671453
0.824246
0.901379
0.793593
0.612013
0.622017
0.602434
0.513559
0.635155
0.798741
0.879099
1.054975
1.379980
1.588121
1.422630
1.162532
0.861533
0.898442
0.944235
0.833112
0.729399
0.944775
1.090808
1.089043
0.955049
0.727175
0.718284
1.061871
1.458844
1.781930
1.904770
1.783927
1.577903
1.405191
1.546889
1.886225
2.039280
2.082169
2.102009
2.097280
2.070304
1.961768
1.740831
1.711086
1.562334
1.224838
1.059977
0.817255
0.573280
0.368529
0.214811
0.165936
0.249577
0.400663
0.510324
0.447549
0.302184
0.182344
0.142928
0.104944
0.045325
0.002297
0.008397
0.014232
0.058464
0.110382
0.119659
0.205983
0.393688
0.676727
1.036621
1.321404
1.017631
0.656153
0.381035
0.200833
0.096149
0.052150
0.044685
0.029467
0.013467
0.019825
0.017294
0.023961
0.034073
0.054333
0.061338
0.064507
0.094283
0.114423
0.101311
0.068388
0.036335
0.014907
0.008823
0.029942
0.062638
0.097204
0.111056
0.112893
0.116036
0.109181
0.117539
0.133204
0.161439
0.171691
0.151018
0.116081
0.096145
0.067266
0.052926
0.066744
0.178931
0.358243
0.615941
0.957565
1.393554
2.062641
2.520897
2.689144
2.726910
2.730609
2.690396
2.521538
2.065932
1.405954
1.000575
0.746974
0.481977
0.278914
0.444916
0.661060
0.931228
1.250659
1.563016
1.746068
1.691098
1.641194
1.965654
2.313268
2.638101
2.800112
2.741576
3.089471
3.585415
4.112860
4.621454
5.113077
5.671625
6.355012
6.821401
6.799678
6.303516
5.567480
4.865865
4.224128
3.637773
3.141307
2.732808
2.329701
2.061221
2.226389
2.225266
2.074438
2.047124
1.898112
1.660613
1.424958
1.328287
1.437991
1.462568
1.487459
1.626301
1.703695
1.591582
1.420503
1.216596
1.027184
0.837498
0.901955
1.143850
1.556295
2.018258
2.391695
2.378518
2.057363
1.666484
1.243127
0.939684
0.710340
0.488313
0.341825
0.300875
0.296137
0.317210
0.380499
0.390352
0.434880
0.495344
0.490873
0.452522
0.381769
0.344902
0.383133
0.385839
0.444227
0.354288
0.334840
0.416873
0.509651
0.611029
0.720504
0.805658
0.810898
0.722450
0.684686
0.796923
0.916814
1.026654
1.094553
1.068357
1.042350
1.056937
0.999181
0.912289
0.833179
0.969004
1.112062
1.226789
1.237009
1.143195
1.043544
1.013155
0.923975
0.789223
0.650012
0.536162
0.455178
0.424230
0.374850
0.364884
0.333210
0.301297
0.293040
0.262770
0.209873
0.211802
0.251683
0.275686
0.318032
0.502722
0.646742
0.609454
0.521390
0.528342
0.772877
1.103371
1.529024
2.157668
2.953963
3.319973
3.426693
3.325164
2.968493
2.175900
1.499935
1.085228
1.326512
1.534411
1.599175
1.520936
1.358626
1.206580
1.084234
1.119519
1.244480
1.305850
1.370631
1.656536
1.972874
2.308388
2.596884
2.637323
2.434400
2.117400
1.771457
1.876309
2.226950
2.922759
3.843513
4.163361
3.809325
2.712171
2.753225
3.021732
3.263986
3.491198
3.610352
3.621196
3.464581
3.265942
3.013465
2.829789
2.915179
2.887133
3.043777
3.235638
3.332377
3.295961
3.210806
3.294713
3.596170
3.937108
4.286302
4.644950
5.016867
5.412089
5.835523
6.204604
6.299283
6.095067
5.710929
5.350766
5.599416
5.804731
5.919353
5.791027
5.830463
5.994930
6.400673
6.816229
7.270244
7.707083
7.867103
7.712548
7.289449
6.846072
6.411984
6.008525
5.965711
6.196468
6.220546
6.015615
5.762711
5.637546
5.389416
5.105924
4.789199
4.430845
4.420004
4.371730
4.223031
4.258830
4.157678
4.173917
4.508141
4.728983
4.802164
4.688726
4.435091
4.143233
3.822695
3.496025
3.201277
3.132350
3.551407
3.859206
4.019310
4.029336
4.030835
4.170659
4.152205
4.042529
3.887834
3.691563
3.448102
3.197296
2.944491
2.957707
3.540542
4.027523
4.286370
4.010056
3.604388
3.131043
3.322633
3.776321
4.187221
4.405810
4.840847
5.454969
6.025868
6.205036
5.839892
5.208368
4.552087
4.003714
3.777679
3.459775
3.127905
3.197461
3.204031
2.938215
2.582178
2.211398
2.056015
2.213916
2.382373
2.398826
2.280587
2.007831
1.990505
1.819758
1.625885
1.692189
1.685707
1.598793
1.471789
1.338290
1.199892
1.207385
1.279563
1.335596
1.360537
1.337983
1.255706
1.188677
1.250373
1.309138
1.428773
1.485559
1.448987
1.517021
1.619109
1.650099
1.582551
1.460096
1.597351
1.769341
1.964325
2.145752
2.334815
2.401266
2.329472
2.120492
1.972995
2.035080
1.957686
1.866629
1.719005
1.530718
1.342936
1.183915
1.060493
1.021286
0.968086
0.947716
0.891281
0.918350
1.045972
1.105161
1.052667
1.179410
1.265284
1.273772
1.152341
1.175876
1.125318
1.006600
0.837017
0.672217
0.600053
0.709473
0.803408
0.885647
0.988812
1.104475
1.214450
1.270892
1.506778
1.843502
2.094846
2.279361
2.362801
2.335230
2.166622
1.886376
1.802087
1.947645
2.034973
2.012349
1.872178
1.708744
1.557305
1.436535
1.568789
1.944527
2.420259
2.880120
3.203590
3.280573
3.652312
4.266214
5.076659
6.023953
6.939510
7.853996
8.520679
8.513353
7.801852
6.691765
5.609178
4.657989
3.834563
3.146556
2.728897
2.393018
2.216856
2.505244
2.568722
2.325389
2.040701
1.907777
2.290976
2.414014
2.218406
1.925304
1.945726
1.898999
1.824723
1.817084
1.912448
2.186804
2.460109
2.717754
2.964634
3.256681
3.580835
3.921229
4.294466
4.684605
5.045755
5.166573
5.012717
4.680339
4.318885
3.954864
3.559936
3.272921
3.462329
3.747380
3.916634
3.832180
3.556079
3.235034
3.025922
2.958247
2.779279
2.773875
2.823959
2.756667
2.732143
2.571862
2.589694
2.789196
3.071658
3.382730
3.716009
4.009505
4.220383
4.182646
3.941048
3.619576
3.308342
3.031904
3.288800
3.584570
3.829911
3.929511
3.908822
3.777025
3.545047
3.501335
3.452693
3.630268
3.765995
3.895872
4.211070
4.528244
4.865859
5.238832
5.605149
5.947426
6.300933
6.508297
6.643008
6.630369
6.422012
6.125965
6.010699
6.380724
6.629379
6.940710
7.329576
7.763905
8.100355
8.178975
7.952257
7.572389
7.195349
6.931220
7.144291
7.124728
6.850372
6.312866
5.662007
5.094503
4.739625
4.441122
4.178790
4.199728
4.149198
3.998603
3.717571
3.900379
3.903120
3.626348
3.250820
3.125982
3.316842
3.319518
3.069509
2.937284
3.080809
3.121211
3.360487
3.645789
4.074949
4.712536
5.494533
6.173183
6.774093
7.231032
7.392702
7.354601
7.280569
7.314017
7.556482
7.881215
8.389279
8.754382
8.867746
8.548453
8.076356
7.515737
6.990917
6.962807
7.013309
7.010367
7.175370
7.595157
8.222586
8.922194
9.643998
10.279198
10.498521
10.255093
9.524194
8.680702
7.869586
7.137727
6.528613
6.131115
6.113742
5.869923
5.793633
6.241171
6.697563
6.974669
7.023453
6.799831
6.390360
5.951113
5.481215
5.027653
4.595220
4.176771
3.775699
3.397463
3.054160
2.742032
2.748024
2.979954
3.200520
3.366999
3.538211
3.722275
3.752949
3.612667
3.325763
3.070700
3.252810
3.337856
3.190495
2.775997
2.158068
1.885572
1.787675
1.848422
1.811396
1.884966
1.938428
1.699500
1.099565
1.029673
1.041313
0.920116
0.887395
1.131876
1.306727
1.382621
1.265288
1.020953
0.959154
1.078919
1.272862
1.458678
1.271334
1.230691
1.135123
1.112633
1.125318
0.925789
0.486163
0.514667
0.469140
0.359941
0.248850
0.160552
0.093281
0.023891
0.012177
0.035665
0.054044
0.115481
0.199388
0.310803
0.456712
0.631820
0.827353
1.038741
1.170472
0.938520
0.448816
0.262637
0.286028
0.405560
0.585235
0.811342
1.083063
1.410191
1.803790
2.249758
2.679361
2.960742
2.998428
3.435753
4.089463
4.917428
5.872701
6.894286
7.919955
8.513353
7.212170
3.060586
1.963852
2.023401
2.412682
2.572068
1.059062
1.049111
0.000000
0.000000
0.000000
0.000000
0.000000
0.000000
0.000000
0.000000
