track	type=wiggle_0
fixedStep	chrom=chr	start=1	step=1
0.000000
0.000000
0.000000
0.000000
0.000000
0.000000
0.000000
0.000000
0.000000
0.008172
0.026798
0.079465
0.261972
0.530902
0.617560
0.500349
0.217450
0.070517
0.024024
0.089058
0.219055
0.408022
0.631644
0.904415
1.114168
1.114887
0.903539
0.646672
1.001480
1.203645
1.291758
1.265244
1.221848
1.498151
1.908626
2.400452
2.979849
3.624188
4.144960
4.181417
3.673608
3.035623
2.487073
2.152931
2.355204
2.678825
2.842402
2.647243
2.229536
1.827430
1.437191
1.110679
0.845444
0.629138
0.460194
0.516517
0.442871
0.384295
0.496207
0.909161
1.230287
1.325341
1.339595
1.297967
1.139409
0.910012
0.508079
0.222925
0.076586
0.010518
0.000000
0.000000
0.000000
0.000000
0.000000
0.000000
0.000000
0.000000
0.000000
0.000000
0.000000
0.000000
0.000000
0.000000
0.000000
0.000000
0.000000
0.000000
0.000000
0.000000
0.000000
0.000000
0.000000
0.003156
0.010091
0.013513
0.011012
0.004433
0.000057
0.000000
0.000000
0.000000
0.000000
0.000000
0.000000
0.000000
0.000000
0.000000
0.000000
0.000000
0.000000
0.001640
0.039395
0.134601
0.294736
0.527879
0.848846
1.322530
2.192770
2.613938
2.728360
2.728360
2.638126
2.313177
1.588598
1.061641
0.953021
1.264926
1.411064
1.347947
1.071449
0.797492
0.637842
0.945665
1.313435
1.335252
1.027592
0.883016
0.782361
0.658125
0.447011
0.342940
0.212167
0.105992
0.048756
0.031192
0.020340
0.015287
0.011327
0.006422
0.000166
0.000000
0.000000
0.000000
0.000000
0.000000
0.000000
0.000000
0.000000
0.000000
0.000000
0.000000
0.000617
0.032504
0.123971
0.297368
0.595934
1.091189
1.624795
1.751825
1.643306
1.172558
0.704613
0.403685
0.205555
0.092406
0.021942
0.000000
0.000148
0.017839
0.076528
0.154756
0.245188
0.291664
0.237683
0.145598
0.061543
0.014352
0.069205
0.174932
0.305051
0.440339
0.519783
0.431724
0.276133
0.129303
0.038164
0.001535
0.000000
0.000000
0.000000
0.000000
0.000000
0.000000
0.000000
0.000000
0.000000
0.000000
0.000000
0.000000
0.000000
0.000000
0.000000
0.000000
0.000000
0.000000
0.000000
0.000000
0.000000
0.000000
0.002820
0.092071
0.168479
0.187533
0.168479
0.096459
0.134270
0.178536
0.213495
0.212852
0.176744
0.131681
0.090553
0.066267
0.098265
0.131933
0.180203
0.241279
0.311349
0.387449
0.468586
0.535869
0.545788
0.493104
0.414730
0.332332
0.258803
0.260600
0.306217
0.309951
0.264085
0.261172
0.287688
0.273320
0.227435
0.167333
0.113622
0.153586
0.216060
0.291383
0.371025
0.421593
0.408440
0.346982
0.266433
0.193696
0.133603
0.140211
0.205034
0.282563
0.482323
0.670459
0.676347
0.732419
0.881276
1.037836
1.176305
1.211797
1.146776
1.168141
1.349757
1.536130
1.816941
2.343800
2.935314
3.488236
3.796478
3.802443
3.435583
2.810075
3.088795
3.486087
3.914561
4.377236
4.877382
5.423279
6.011200
6.634468
7.238832
7.660254
7.656962
7.225282
6.621871
5.999330
5.412114
4.867051
4.369472
3.925761
3.517352
3.120700
2.755427
2.419355
2.200712
2.785330
3.295187
3.448096
3.092318
2.978921
3.473430
3.723238
3.419456
2.900802
2.412510
1.943362
1.526228
1.163253
0.857674
0.614876
0.443563
0.411154
0.431672
0.377323
0.307667
0.250063
0.198111
0.198525
0.170670
0.127802
0.139210
0.159337
0.136275
0.095511
0.054600
0.025469
0.045226
0.071095
0.039213
0.025434
0.010443
0.001131
0.000000
0.000000
0.000000
0.000000
0.000000
0.000000
0.000000
0.000000
0.000000
0.000000
0.000106
0.005331
0.016189
0.025385
0.022691
0.020438
0.042136
0.071175
0.109031
0.153806
0.198218
0.234215
0.229924
0.190386
0.141425
0.101720
0.100101
0.155577
0.256924
0.401637
0.504002
0.485482
0.343919
0.222911
0.166625
0.164394
0.139625
0.103831
0.096153
0.079753
0.072015
0.063954
0.045142
0.023893
0.009414
0.006643
0.005774
0.024225
0.046962
0.018869
0.000464
0.006852
0.016766
0.018426
0.063683
0.197294
0.326600
0.390710
0.409164
0.413397
0.413397
0.408314
0.379994
0.280655
0.088898
0.007766
0.000000
0.004168
0.044411
0.115093
0.159312
0.144065
0.074917
0.018474
0.086388
0.234295
0.498009
0.920899
1.122804
1.178647
1.189621
1.189621
1.189621
1.189621
1.178647
1.129153
0.953887
0.591975
0.351973
0.581905
0.870850
1.191658
1.354638
1.266121
1.015937
0.717146
0.466522
0.302161
0.242018
0.158304
0.198446
0.330297
0.452798
0.482469
0.437849
0.619270
0.816125
0.938279
0.904299
0.784639
0.601610
0.425978
0.548046
0.728989
0.932398
1.137320
1.253967
1.197958
1.228495
1.456954
1.520522
1.501620
1.607035
1.871515
2.374057
2.957724
3.612622
4.760957
5.294363
5.479653
5.546933
5.479652
5.294363
4.740841
3.504531
2.648292
2.000654
1.469037
1.039921
0.713606
0.519710
0.458506
0.320739
0.231126
0.154571
0.087646
0.031774
0.006090
0.000081
0.000000
0.000000
0.000000
0.001568
0.008656
0.013632
0.007682
0.005612
0.012033
0.018367
0.020421
0.021065
0.021797
0.034287
0.036683
0.029390
0.028352
0.018984
0.007007
0.006282
0.003977
0.000417
0.000000
0.000000
0.000841
0.008273
0.021743
0.032944
0.041133
0.036963
0.028868
0.032629
0.066821
0.111739
0.161745
0.177058
0.162739
0.120317
0.077626
0.039826
0.082310
0.170976
0.183127
0.185893
0.127000
0.085125
0.059048
0.090432
0.087051
0.049410
0.080270
0.147323
0.256981
0.370142
0.462036
0.494957
0.569655
0.649378
0.604739
0.478478
0.449310
0.609999
0.766294
0.887623
0.912276
0.964838
1.009319
1.376830
1.952113
2.770183
3.369834
4.013483
4.203835
4.013483
3.375221
2.798367
2.022750
2.359856
2.859367
3.506100
4.228633
4.939889
5.590409
5.755850
5.426540
4.774672
4.217336
3.779122
3.176341
2.595934
2.186210
2.037942
2.183507
2.215029
1.990579
1.612113
1.185208
0.820161
0.623058
0.789530
0.976541
1.166296
1.295404
1.302142
1.191576
1.004573
0.830331
0.889029
1.030274
1.088880
1.072533
0.974640
0.822216
0.689017
0.600003
0.507846
0.397804
0.300075
0.217509
0.210645
0.221589
0.209551
0.241682
0.234040
0.250391
0.301596
0.401623
0.512660
0.625536
0.732408
0.816995
0.865976
0.858254
0.811398
0.709253
0.598391
0.489871
0.444669
0.377811
0.374556
0.368111
0.379371
0.368645
0.316882
0.305592
0.344521
0.377191
0.361199
0.380590
0.597084
0.869626
1.209317
1.626975
2.139429
2.713946
3.269640
3.580211
3.263704
2.690477
2.108413
1.593821
1.175763
1.159650
1.138250
1.061390
1.191091
1.277186
1.360096
1.561388
1.566834
1.850405
2.224247
2.637454
3.058856
3.395650
3.394716
3.055640
2.623610
2.193831
1.812012
1.489443
1.222758
1.037130
1.155350
1.247847
1.156801
0.843568
0.839529
0.976639
1.025880
1.016041
1.134316
1.293200
1.377982
1.379009
1.365195
1.315517
1.251278
1.127992
1.058143
1.241326
1.389662
1.565433
1.764026
1.914465
1.945655
1.830628
1.651172
1.458968
1.455315
1.515833
1.470932
1.328523
1.268690
1.258833
1.160275
1.317665
1.579915
1.868430
2.058364
2.053184
1.885132
1.605654
1.315561
1.053074
0.820096
0.753758
0.702112
0.685182
0.681237
0.605056
0.491485
0.437892
0.514652
0.581694
0.635254
0.693349
0.605581
0.464723
0.747470
1.090733
1.429293
1.928792
2.500803
2.471720
1.865087
1.516098
1.218632
0.865614
0.557313
0.336400
0.352846
0.384553
0.439361
0.450678
0.416987
0.369804
0.317400
0.261650
0.208348
0.197445
0.228627
0.307857
0.366414
0.348592
0.268386
0.204896
0.246673
0.279462
0.317490
0.310038
0.268939
0.219208
0.168980
0.120357
0.227944
0.284758
0.302543
0.308206
0.300115
0.308114
0.390310
0.480108
0.561879
0.594922
0.568810
0.489982
0.400007
0.321057
0.282833
0.336036
0.429751
0.500853
0.558523
0.571770
0.566950
0.552068
0.524831
0.473008
0.402500
0.324087
0.240077
0.198897
0.260642
0.316972
0.362751
0.362782
0.313093
0.256549
0.190872
0.142973
0.181922
0.212509
0.208647
0.176299
0.139108
0.207059
0.300577
0.384875
0.482763
0.625539
0.767947
0.885113
1.044906
1.104905
1.051554
0.882648
0.701144
0.532976
0.387343
0.558953
0.717926
0.748607
0.792937
0.937417
1.069059
1.122865
1.128822
1.242589
1.574388
1.952058
2.366690
2.770828
3.027327
3.099659
3.541440
4.100685
4.597475
5.092094
5.310061
6.092174
6.466583
6.066691
5.231791
4.307698
3.482161
2.785407
2.719451
3.032937
3.352657
3.634521
3.660721
3.957004
4.429528
4.957261
5.640398
6.259888
6.529082
6.254549
5.633987
4.904282
4.273043
4.107271
4.004568
3.909443
3.589681
3.155927
2.791506
3.053583
3.073248
3.028177
3.448556
3.820654
4.068776
3.943351
3.640306
3.240993
2.867427
2.629215
2.558832
2.336480
2.053006
1.809581
1.855679
1.954852
1.905957
1.779811
1.615603
2.126507
2.776258
3.485867
4.141730
4.654765
4.512297
3.868566
3.146842
2.518036
2.054217
1.635266
1.343834
1.214989
1.161210
1.119149
1.102955
1.105808
1.000620
0.919049
0.801758
0.669637
0.549762
0.508901
0.542999
0.546288
0.613658
0.614525
0.564734
0.458689
0.495395
0.509159
0.464449
0.456500
0.627762
0.745086
0.798602
0.801674
0.743097
0.597861
0.408430
0.375237
0.394238
0.579618
0.688423
0.734367
0.738179
0.707966
0.636892
0.512802
0.458328
0.459403
0.429748
0.392394
0.399275
0.441778
0.482865
0.564235
0.687786
1.039341
1.228943
1.212477
0.967964
0.622690
0.417533
0.277900
0.161211
0.072154
0.039162
0.063661
0.085843
0.100586
0.087511
0.057388
0.028670
0.008511
0.006726
0.021082
0.042977
0.066762
0.089187
0.086570
0.060479
0.035712
0.037860
0.030802
0.046594
0.054564
0.043800
0.022809
0.032105
0.045861
0.053010
0.037547
0.012414
0.011196
0.022236
0.026759
0.067473
0.135109
0.176187
0.276766
0.421332
0.527178
0.510352
0.579776
0.572632
0.614446
0.518758
0.359418
0.213062
0.103561
0.037520
0.006611
0.036100
0.105463
0.163004
0.152797
0.078562
0.070569
0.163565
0.298670
0.414677
0.425289
0.323753
0.185194
0.079404
0.050261
0.051162
0.099101
0.172833
0.268581
0.385927
0.526884
0.690098
0.851010
0.967049
0.947154
0.803527
0.631149
0.463246
0.318099
0.199003
0.110923
0.050899
0.015089
0.000614
0.000000
0.000000
0.000000
0.000000
0.000000
0.000000
0.000000
0.000000
0.000000
0.001443
0.007368
0.002579
0.000000
0.000000
0.000000
0.000000
0.000000
0.000000
0.000000
0.010630
0.071906
0.111753
0.124692
0.129139
0.130084
0.127050
0.111544
0.061912
0.002371
0.003115
0.009588
0.015551
0.008135
0.001787
0.000085
0.000000
0.000000
0.000000
0.000000
0.000000
0.000000
0.000000
0.000000
0.000000
0.000000
0.000000
0.000000
0.000000
0.000000
0.000000
0.000000
0.000000
0.000000
0.000000
0.000000
0.000000
0.000000
0.000000
0.010511
0.023376
0.092296
0.248291
0.531142
0.706596
0.844781
0.982682
0.848594
0.754865
0.725277
0.620299
0.430725
0.619558
0.886765
1.225163
1.631356
2.095480
2.541171
2.728839
2.575553
2.654717
3.106943
3.239623
3.452757
4.084980
4.542272
3.739434
2.871476
2.316925
2.062374
1.652184
1.232427
0.856279
0.937007
1.405134
1.599819
1.653961
1.655853
1.609826
1.429649
1.017053
0.579937
0.315013
0.139958
0.044987
0.014366
0.008508
0.009243
0.004829
0.000000
0.000000
0.000000
0.000000
0.000000
0.000000
0.003543
0.043820
0.078972
0.095668
0.095387
0.078235
0.043049
0.048914
0.083221
0.130272
0.192224
0.269681
0.365226
0.475201
0.597225
0.721676
0.856399
1.007834
1.169309
1.345017
1.556183
1.794514
2.017295
2.155004
2.079844
1.908487
1.696685
1.490905
1.317558
1.275631
1.315670
1.255948
1.127151
1.051298
1.041338
1.053720
0.992537
1.151827
1.317502
1.431002
1.457193
1.370964
1.223769
1.067258
0.970169
1.119759
1.282081
1.441950
1.559310
1.608096
1.506674
1.357683
1.209012
1.144859
1.237149
1.388894
1.506569
1.509627
1.426438
1.366626
1.244670
1.126126
1.208330
1.164766
1.001653
0.912693
0.914651
0.956490
1.005907
0.969282
0.883057
0.761405
1.046973
1.447392
1.905542
2.361663
2.574694
2.338389
1.864815
1.412667
1.243798
1.490791
1.743503
1.994742
2.293759
2.655049
3.072457
3.527714
4.013194
4.540726
5.122400
5.739990
6.382245
7.183197
7.777939
7.757599
7.112212
6.286862
5.479801
4.987949
5.561195
6.170659
6.806658
7.441710
8.043704
8.473795
8.542019
8.253984
7.953770
7.896080
7.574000
6.974200
6.354564
5.868471
5.533748
5.352803
5.241168
5.272607
5.605565
5.934165
6.173812
6.067590
5.657033
5.142807
5.143490
5.604265
6.102878
6.584472
6.972640
7.029870
6.736305
6.258854
6.151258
6.363304
6.788597
7.017262
7.170911
7.350590
7.293961
7.010882
6.581569
6.148700
5.776038
5.771607
6.173508
5.729152
4.867809
3.992532
3.493371
3.330673
3.180608
3.281434
3.161530
3.275914
3.256047
3.331427
3.356249
3.259721
3.074934
2.850432
3.008919
3.318981
3.510425
3.483264
3.302782
3.121515
3.398697
3.632288
3.525627
3.378990
3.299541
3.114831
2.913117
2.931402
3.015417
3.460576
3.913685
4.370641
4.889372
5.495138
6.122687
6.538846
6.540262
6.153855
5.570364
4.987593
4.452980
3.949607
3.476596
3.042506
2.962835
3.763090
4.351002
4.367455
3.818843
2.842853
2.154397
1.904865
2.172762
2.383858
2.432678
2.318499
2.218246
2.540610
2.214657
1.756240
1.636926
1.652323
1.878193
2.057249
2.081328
1.970353
1.820007
1.666914
1.748627
1.747782
1.767556
1.858607
1.875110
1.750417
1.546138
1.320970
1.115988
0.945991
0.776826
0.616759
0.481157
0.390584
0.432866
0.406969
0.357297
0.411332
0.432954
0.494346
0.494458
0.431819
0.367252
0.335032
0.301927
0.294126
0.241768
0.288996
0.520549
0.806424
1.062041
1.063135
0.811264
0.539986
0.357095
0.416732
0.446437
0.383695
0.351970
0.522378
0.670050
0.698395
0.689856
0.656294
0.560520
0.442974
0.591727
0.902915
1.283506
1.706318
2.016950
2.070529
1.923200
2.175375
2.336982
2.384913
2.359158
2.314236
2.301911
2.287054
2.467162
2.912938
2.958179
2.529008
2.583067
2.397306
1.985391
1.513756
1.099368
0.969856
1.352463
1.533583
1.591379
1.605837
1.599595
1.548355
1.336537
0.829132
0.442593
0.216040
0.079081
0.012361
0.015654
0.020925
0.012842
0.003376
0.011804
0.015686
0.005386
0.000000
0.000000
0.000000
0.000111
0.000634
0.000000
0.000000
0.000000
0.005790
0.020844
0.032515
0.024503
0.006957
0.000000
0.000000
0.000000
0.000000
0.000000
0.000000
0.000000
0.000000
0.000000
0.000000
0.000000
0.000000
0.000000
0.000000
0.000000
0.000000
0.000000
0.000000
0.000000
0.000000
0.000000
0.000000
0.000000
0.000000
0.000000
0.000000
0.000000
0.000000
0.000000
0.000000
0.000000
0.000000
0.015577
0.082891
0.087209
0.029229
0.034294
0.104633
0.178192
0.347428
0.677757
1.014092
1.179423
1.222430
1.174979
1.025669
0.746378
0.492948
0.291787
0.223733
0.205147
0.142559
0.049043
0.016207
0.003350
0.000000
0.000000
0.002636
0.019198
0.052427
0.101270
0.162658
0.231300
0.295879
0.331218
0.294260
0.222357
0.146447
0.088402
0.089609
0.062298
0.066568
0.131613
0.213092
0.271352
0.279845
0.222647
0.360762
0.571950
0.806646
0.974866
0.965551
0.783979
0.714794
0.720804
0.731083
0.716739
0.630375
0.437905
0.254475
0.428238
0.653173
0.924831
1.162850
1.307850
1.289908
1.279722
1.356691
1.697209
2.036290
2.042942
1.769232
1.539318
1.250630
1.108032
1.250565
1.474616
1.581559
1.432051
1.088398
0.774106
0.500494
0.296891
0.176735
0.151353
0.116765
0.126218
0.145828
0.109614
0.094808
0.126967
0.165534
0.233067
0.302232
0.330820
0.310749
0.248604
0.182536
0.130210
0.138856
0.186790
0.222454
0.292744
0.332617
0.304627
0.282943
0.335696
0.409165
0.515605
0.642588
0.770395
0.865790
0.887423
0.812378
0.719793
0.611398
0.624217
0.597668
0.634159
0.666969
0.613725
0.582242
0.619196
0.723418
0.968694
1.049657
0.843078
0.998841
1.158235
1.271379
1.260762
1.134277
0.949593
0.900286
1.234464
1.564671
1.705558
1.601679
1.313159
1.182057
1.530352
1.854846
2.199888
2.596821
3.030972
3.246034
3.224374
3.386276
3.228767
2.718637
2.020330
2.167429
2.614129
3.087583
3.440540
3.598455
3.438949
3.082167
3.001890
2.991783
2.816464
2.573920
2.555762
2.909606
3.325904
3.636226
3.676834
3.467903
3.075068
3.032962
3.157401
3.125791
2.943101
2.800754
3.160920
4.231053
4.573904
4.145982
2.956172
2.589711
2.808646
2.953051
2.932041
2.998310
3.262922
3.436731
3.739672
3.862073
3.553242
3.432928
3.387829
3.626834
3.941599
4.290264
4.646029
5.022932
5.432188
5.835743
6.145762
6.239513
6.128317
5.849573
5.596077
5.589307
5.995775
6.056083
5.722384
5.676323
5.913033
6.406308
6.701879
6.682400
6.339712
5.855890
5.582294
6.066520
6.586781
7.151506
7.749650
8.288885
8.574990
8.474244
7.961143
7.325465
6.698617
7.223619
7.885103
8.463128
8.781417
8.966093
8.793551
8.530856
7.894492
7.269269
6.556708
5.842402
6.014573
6.586847
7.109648
7.865344
8.814000
9.884757
11.050263
12.328491
13.675691
15.057667
16.691511
18.469154
20.385887
22.527315
24.889734
27.453936
30.224163
32.781620
33.631157
32.688717
30.047466
27.201061
24.586367
22.216175
20.076138
18.143280
16.386383
14.745795
13.214248
11.843097
10.743664
10.631628
10.284596
9.537245
8.712092
9.346630
10.067957
10.209517
9.797880
9.055107
8.201551
7.381092
6.631610
5.966086
5.401290
4.912393
4.675701
4.300264
3.847355
3.455684
3.196686
3.190841
3.319966
3.164930
2.867011
2.492297
2.129287
1.808487
1.575157
1.722848
1.830305
1.750246
1.577646
1.365593
1.156567
1.018544
0.895903
0.831495
0.794084
0.889722
0.939866
0.919020
0.933569
1.006614
1.153283
1.199043
1.220219
1.236247
1.220582
1.346934
1.535489
1.773972
2.131119
2.733492
3.520925
4.061924
4.299886
4.314470
4.297376
4.488805
4.442568
4.278102
4.354216
4.243488
4.088753
4.376965
4.630270
4.770187
4.874251
5.198025
5.437121
5.492571
5.707652
5.963161
6.257159
6.601834
6.867687
7.034351
7.021826
7.150809
7.012432
7.122810
7.363359
7.414066
7.166697
6.799842
6.344759
5.895690
5.510484
5.203056
4.986310
4.663121
4.269407
3.602440
2.920365
2.341920
2.142905
1.987405
1.898731
1.812674
1.776265
1.658423
1.764753
2.128691
2.534482
2.964046
3.389835
3.762206
3.876371
3.785910
3.706947
3.766668
3.537100
3.117968
3.526893
4.154630
4.872939
5.691951
6.556110
7.279298
7.675607
7.280522
6.552361
5.675351
4.882135
4.157201
4.377502
4.722317
5.198786
5.853719
6.430563
6.829005
6.818644
6.357145
5.701615
5.033759
4.404367
3.811295
4.216412
4.667269
5.145703
5.642939
6.150647
6.594409
7.007152
7.071513
6.776700
6.424029
6.016975
5.585899
5.103655
4.586484
4.242985
3.888842
3.988707
4.484433
5.051181
5.664035
6.321764
6.915313
7.143912
7.003752
6.482574
5.863237
5.200645
4.586727
4.841803
5.288904
5.881228
6.413487
6.456477
6.055118
5.731986
6.145068
6.448644
6.538850
6.357695
6.005352
6.349632
6.702169
7.072516
7.429134
7.773620
8.146545
8.500237
8.730689
8.756516
8.662359
8.513163
8.082506
7.766401
8.197801
8.650000
9.117356
9.611059
10.104142
10.451827
10.416703
9.987255
9.406396
8.848817
8.330158
8.321771
8.283973
8.556938
8.940476
9.136876
9.594338
10.011740
10.274899
10.287147
10.098278
10.365257
10.330395
9.987850
9.541631
9.194582
9.555515
9.895332
10.473001
11.026370
11.389897
11.380826
11.144664
11.369698
11.337923
10.984522
10.546991
10.057405
10.250179
10.298912
10.075788
10.002197
10.121514
9.890506
9.474619
8.972736
8.454838
7.991310
7.731649
7.913551
8.223415
8.384314
8.501323
8.679969
8.588657
8.129854
7.843099
7.513423
7.150908
6.878690
7.686100
8.768770
9.783294
10.430920
11.054523
11.569951
12.498430
13.874825
15.683502
17.630058
19.117838
19.139666
17.641468
15.683520
14.918258
14.909647
14.138488
12.935731
11.745992
10.667456
10.229290
9.864566
10.725761
11.608353
12.322443
12.521192
12.140769
11.351930
10.405609
9.476109
8.639090
7.981962
7.467486
7.131429
7.774084
8.786367
9.152759
8.950293
8.463834
8.794642
9.497683
10.261281
10.897799
11.131448
11.013101
10.763944
10.403400
10.076093
9.644428
9.537626
9.848272
10.102009
10.023170
9.624393
9.638628
9.455610
9.025390
8.432132
7.842866
7.274570
6.721085
6.242845
6.589018
6.885675
7.081808
7.258754
7.114969
6.738156
6.251301
5.790934
5.779198
5.899289
6.088622
6.024737
5.775788
5.451019
5.192343
5.112475
4.655110
4.490222
4.560970
4.874251
5.198025
5.369327
4.899265
3.032019
2.943998
2.782854
2.512703
2.228104
1.874795
1.847918
1.843996
1.705482
1.659642
1.821783
1.861762
1.724887
1.521096
1.322807
1.400631
1.492673
1.431267
1.271754
1.073115
0.887500
0.725150
0.579718
0.625397
0.745613
0.830378
1.046409
1.318468
1.568357
1.658371
1.574291
1.402896
1.329720
1.319748
1.361669
1.307422
1.087907
0.834530
0.607367
0.598622
0.756658
0.929491
1.115075
1.323553
1.560915
1.834431
2.141279
2.478390
2.831356
3.130311
3.151211
2.513352
1.943689
1.830647
2.036020
2.355611
2.736350
3.167369
3.648403
4.179304
4.762339
5.311680
5.561548
4.696795
2.097510
1.176834
0.873084
0.732725
0.802324
0.952974
1.066544
1.328748
1.682352
2.086976
2.413801
2.284510
1.657309
1.626814
1.959960
2.388809
2.658585
2.102959
1.323744
1.330932
1.587707
2.000650
2.254574
1.603811
1.164910
0.896119
0.304210
0.000000
0.000000
0.000000
0.000000
0.000000
0.000000
0.000000
0.000000
0.000000
