track	type=wiggle_0
fixedStep	chrom=chr	start=1	step=1
0.000000
0.000000
0.000000
0.000000
0.000000
0.000000
0.000000
0.000000
0.000000
0.172844
0.108472
0.038972
0.011695
0.015193
0.015134
0.048720
0.174089
0.301537
0.498691
0.757213
0.986841
1.085308
0.939499
0.703963
0.737006
0.939573
0.684346
0.388401
0.179635
0.069821
0.017233
0.006567
0.005436
0.006320
0.012807
0.011222
0.000918
0.000173
0.001725
0.019446
0.113954
0.298702
0.535779
0.747660
0.937056
1.105235
1.130734
1.022031
0.930031
1.014484
0.970837
0.822335
0.632061
0.588149
0.790408
1.059235
1.368881
1.669548
1.872036
1.772501
1.516085
1.248940
0.986252
0.741671
0.543265
0.404251
0.278440
0.207068
0.129608
0.162462
0.282451
0.392285
0.491015
0.569901
0.586557
0.577790
0.575734
0.675163
1.326266
1.971649
2.460924
2.857233
3.091284
3.193164
3.100519
2.936284
3.066625
3.070514
2.999724
3.357032
3.591508
4.086413
4.482740
4.762752
4.811319
4.660017
4.502612
4.682949
4.733975
4.695507
4.764040
4.929074
5.083048
5.418301
5.798565
6.128462
6.318055
6.327357
6.181905
5.841840
5.435149
5.028989
4.639780
4.280666
3.966426
3.692080
4.159677
4.663116
5.119498
5.515810
5.569025
5.226679
4.764183
4.223471
4.191172
4.462140
4.663216
4.688490
4.497942
4.238821
3.944616
3.801714
4.013414
4.217833
4.405826
4.529960
4.443784
4.218967
4.091482
3.962606
3.768231
3.626409
3.485587
3.103463
2.859314
2.640959
2.465691
2.366597
2.490993
2.526507
2.430239
2.266470
2.173272
2.089174
2.074987
2.010283
1.868069
1.848941
1.833512
2.050145
2.285432
2.483124
2.564146
2.487831
2.295005
2.053085
1.811461
1.584561
1.377001
1.192551
1.299927
1.328899
1.276262
1.168733
1.185246
1.329527
1.478756
1.606170
1.766062
1.959893
2.119951
2.147097
2.132498
2.039330
1.794058
1.565897
1.420208
1.265593
1.375769
1.383934
1.272949
1.125004
1.017252
1.155061
1.269707
1.280458
1.176778
1.109047
1.237769
1.304584
1.393617
1.603013
1.796818
1.875481
1.797447
1.604412
1.400980
1.215334
1.102025
1.433340
1.061130
0.813388
0.756433
0.751640
0.794308
0.717765
0.608865
0.691864
0.790118
0.873664
0.988495
1.071912
1.085882
1.002639
0.868921
0.744692
0.728486
0.766819
0.736275
0.642330
0.543442
0.497989
0.560117
0.581167
0.551322
0.468294
0.383851
0.350180
0.323808
0.269855
0.224044
0.255338
0.273037
0.294672
0.349127
0.355510
0.315185
0.244898
0.226511
0.254442
0.250909
0.270037
0.355768
0.448385
0.529966
0.582778
0.548844
0.467909
0.369412
0.296607
0.220699
0.246879
0.309671
0.347815
0.344626
0.301640
0.301592
0.208149
0.249661
0.260714
0.169189
0.074942
0.045864
0.031943
0.040163
0.036588
0.021872
0.031046
0.071676
0.129604
0.203863
0.299700
0.419846
0.564514
0.718537
0.834622
0.838068
0.740608
0.612516
0.468788
0.341328
0.265324
0.363676
0.450133
0.480451
0.421527
0.335056
0.239250
0.159210
0.100942
0.070957
0.166412
0.277855
0.475427
0.838973
1.307181
1.510596
1.566238
1.566238
1.520554
1.376767
1.070650
1.220833
1.386398
1.309383
1.018717
0.718790
0.476233
0.282430
0.320703
0.437796
0.522298
0.529963
0.460859
0.328624
0.194909
0.094575
0.033531
0.044478
0.049987
0.036881
0.040347
0.137483
0.311466
0.578897
0.753266
0.821250
0.821250
0.748504
0.552960
0.396346
0.514283
0.605020
0.589610
0.484947
0.358103
0.247726
0.269474
0.397805
0.558782
0.746661
0.937569
1.062427
1.021123
0.867248
0.668034
0.489588
0.342613
0.379319
0.405926
0.231253
0.078760
0.012339
0.000000
0.000000
0.000000
0.000000
0.000000
0.000000
0.000000
0.000000
0.000000
0.000000
0.000000
0.000000
0.000000
0.009278
0.033715
0.069986
0.112211
0.121013
0.120660
0.119072
0.116806
0.108698
0.081731
0.034253
0.000332
0.000000
0.000000
0.000000
0.000000
0.000000
0.000000
0.000000
0.000000
0.000000
0.000000
0.000000
0.000000
0.000000
0.000000
0.000000
0.000000
0.000000
0.000000
0.000000
0.000000
0.000000
0.000000
0.000000
0.000000
0.000000
0.000000
0.000000
0.000000
0.000000
0.000000
0.000000
0.004084
0.054299
0.177629
0.411006
0.792451
0.972778
1.022743
1.032536
1.032536
1.032536
1.032536
1.022744
0.978520
0.822127
0.501281
0.263484
0.461633
0.715197
0.997468
1.166483
1.085892
0.877134
0.606259
0.557396
0.755206
0.866158
1.085162
1.201275
1.148523
0.955894
0.756951
0.835484
1.204993
1.667086
2.221521
2.819639
3.211367
3.332476
3.187314
2.700664
2.171715
1.766348
1.377366
1.047455
0.857650
0.687385
0.628502
0.692338
0.617034
0.411423
0.207068
0.128102
0.061779
0.023167
0.004763
0.002250
0.018637
0.079858
0.200152
0.247297
0.195887
0.075451
0.012770
0.000076
0.000000
0.000714
0.002074
0.002039
0.000099
0.000000
0.000000
0.001358
0.000515
0.002940
0.015811
0.039356
0.074115
0.120836
0.210956
0.409916
0.665149
0.910262
0.886012
0.635772
0.427030
0.522873
0.607861
0.728665
0.859866
0.991590
1.084934
1.103296
1.022695
0.891846
0.829116
0.973305
1.102505
1.261342
1.449253
1.641438
1.788425
1.832557
1.724352
1.565041
1.373158
1.190679
1.023555
0.871577
0.737646
0.818256
0.915380
0.958031
1.100751
1.287850
1.480010
1.629355
1.631641
1.558571
1.787957
1.888261
1.870965
1.735704
1.504094
1.425649
1.749096
2.117869
2.518478
2.936932
3.439086
3.951835
4.298234
4.314795
4.007631
3.483780
2.985572
2.584934
2.506898
2.580956
2.598381
2.839738
3.223135
3.450979
4.237022
5.161174
6.229402
7.430143
8.824677
10.899879
12.017077
10.880865
8.736313
7.308528
6.152968
5.355635
5.632209
5.642938
5.719824
6.106021
6.802061
7.055284
6.775689
6.110937
5.315083
4.542284
3.856431
3.251911
2.729200
2.263145
1.888826
1.932509
1.734911
1.414595
1.033846
0.699178
0.439478
0.289907
0.184312
0.105937
0.056748
0.084821
0.106719
0.127383
0.149903
0.173609
0.183025
0.150877
0.195447
0.273062
0.370891
0.479687
0.553207
0.563863
0.500494
0.391187
0.285916
0.235489
0.234311
0.188924
0.169572
0.144328
0.174662
0.174617
0.139524
0.117884
0.153371
0.161706
0.147059
0.118052
0.090269
0.059055
0.035489
0.026460
0.015902
0.012398
0.078064
0.225229
0.528363
0.769842
0.913492
1.073381
1.268491
1.066288
0.914599
0.827953
0.779336
0.752640
0.733879
0.676592
0.549037
0.434587
0.274356
0.165138
0.114514
0.074345
0.033139
0.002362
0.007071
0.011883
0.011682
0.005351
0.000504
0.000000
0.000000
0.000000
0.000000
0.000000
0.000000
0.000000
0.000000
0.000000
0.000000
0.000000
0.000000
0.000000
0.000000
0.000000
0.000033
0.001767
0.002424
0.000666
0.000213
0.000001
0.003471
0.009417
0.025985
0.056220
0.102751
0.162715
0.232314
0.320101
0.430609
0.547647
0.630165
0.647793
0.583033
0.476342
0.371590
0.277795
0.195216
0.127278
0.074196
0.097201
0.089664
0.057181
0.103001
0.190172
0.332453
0.530837
0.782570
1.058146
1.257367
1.276527
1.167914
1.153495
1.532785
2.055278
2.897239
3.658152
3.960527
4.036125
4.050485
4.055521
4.052071
3.982444
3.698086
3.006587
2.903676
2.645800
2.597759
2.484493
2.343318
2.693753
3.217699
3.185298
3.093563
2.884231
2.449906
1.986364
1.574387
1.231578
0.954487
0.758365
0.589125
0.647952
0.713979
0.803792
0.888182
1.000927
1.129365
1.267639
1.404484
1.534583
1.594885
1.574717
1.474115
1.363465
1.256750
1.132753
1.021215
0.923384
0.890278
0.870917
0.809574
0.764105
0.819708
0.953902
1.109371
1.277743
1.453384
1.625546
1.763820
1.842772
1.998226
2.209378
2.452313
2.704727
2.958967
3.172095
3.269488
3.188773
3.324609
3.294928
3.185448
3.343852
3.395294
3.334157
3.321582
3.544400
3.722441
3.874392
3.890452
3.771538
3.617313
3.479351
3.451359
3.367431
3.360846
3.556382
3.802237
4.073189
4.327590
4.550790
4.701982
4.636719
4.549710
4.733367
4.861698
4.807971
4.591680
4.369043
5.243585
6.255943
7.365068
8.396702
8.748349
8.324142
7.327499
6.221467
5.208571
5.082256
5.635865
6.255549
6.941469
7.667322
8.395507
9.049088
9.860083
10.796690
11.849888
13.014010
14.232976
15.315474
15.854622
15.591981
14.544948
13.404053
12.932207
12.745373
12.715429
12.348113
11.766144
11.418395
10.859758
11.493331
12.348427
13.940500
15.392878
16.061224
15.423792
14.004627
12.394096
11.746263
12.099109
11.957149
11.409958
10.817832
10.310314
9.696088
9.165516
8.580721
7.964804
7.373769
6.837234
6.372283
6.367971
6.725293
7.102204
7.328979
7.287566
7.027904
6.609542
6.174421
5.804677
6.066299
6.131114
5.943609
5.627851
5.392726
5.816477
6.268523
6.701793
6.979682
7.002808
6.782880
6.385199
5.960805
5.659355
5.340955
5.038404
4.763375
4.507090
4.254005
4.004420
3.732684
3.439069
3.181680
3.058435
2.890992
2.702512
2.525487
2.382165
2.358679
2.560970
2.766674
2.962590
3.178878
3.364441
3.563505
3.791226
4.013444
4.189372
4.280556
4.171480
3.979349
3.866743
4.053218
4.772748
5.435665
5.968864
6.285661
6.468050
6.465283
6.281842
5.943196
5.539166
5.243426
5.164844
5.139078
5.015075
4.790862
4.501867
4.235435
4.485378
4.805781
5.087958
5.299720
5.323408
5.175333
4.946970
4.664906
4.383281
4.114582
3.846982
3.575440
3.393754
3.250244
3.044997
2.817103
2.463965
2.243561
2.109247
2.191141
2.238877
1.949786
2.395023
2.848751
3.066381
3.163694
3.154350
3.008880
2.619023
1.848998
1.288729
1.014374
0.904146
0.783418
0.672398
0.584354
0.515410
0.430988
0.340187
0.256134
0.184111
0.128134
0.083524
0.048069
0.027932
0.045492
0.044068
0.029406
0.018428
0.006663
0.004431
0.005172
0.001475
0.001942
0.002470
0.000815
0.000701
0.001579
0.006344
0.020594
0.032501
0.029533
0.019047
0.028853
0.020466
0.008187
0.001408
0.000000
0.000000
0.000000
0.000000
0.000099
0.010885
0.036083
0.060888
0.096090
0.166759
0.257917
0.315278
0.279952
0.196060
0.181851
0.266010
0.364160
0.441945
0.618378
0.870161
1.186589
1.563340
2.004511
2.529719
3.121059
3.720336
4.242563
4.474789
4.210997
3.678166
3.051247
2.438363
1.902296
1.452435
1.079254
0.865118
0.792436
0.684259
0.607699
0.515007
0.350112
0.163810
0.032940
0.001757
0.000000
0.000000
0.000000
0.000000
0.000000
0.000000
0.000000
0.000000
0.000000
0.000000
0.000000
0.000000
0.000000
0.000000
0.000000
0.000000
0.000000
0.000000
0.000000
0.000000
0.000000
0.000000
0.000370
0.005431
0.007984
0.008759
0.008640
0.008597
0.008513
0.008793
0.008328
0.004858
0.000000
0.000000
0.000000
0.000000
0.000000
0.000000
0.000000
0.000000
0.000000
0.000000
0.000000
0.000000
0.000000
0.000000
0.000000
0.000000
0.000000
0.000000
0.000000
0.000000
0.000000
0.000000
0.002061
0.046927
0.158322
0.354117
0.666077
0.924429
1.034942
1.026899
0.899133
0.601721
0.335594
0.158092
0.048797
0.033169
0.096062
0.199247
0.331037
0.449188
0.506969
0.431951
0.357491
0.533443
0.755411
0.957147
0.987188
0.970628
1.397691
1.602826
1.393859
0.864933
0.517262
0.286548
0.129524
0.037702
0.001887
0.000819
0.005174
0.002738
0.000000
0.000331
0.010684
0.032899
0.043121
0.030936
0.036406
0.063487
0.063792
0.033715
0.005729
0.000000
0.000000
0.000000
0.007535
0.068848
0.199404
0.350081
0.419933
0.426851
0.683028
0.975071
1.234765
1.229171
0.958767
0.662452
0.409503
0.224279
0.100546
0.028376
0.001044
0.000000
0.000000
0.000000
0.000000
0.000000
0.012887
0.013087
0.000000
0.000000
0.000000
0.000000
0.000000
0.000000
0.000000
0.000000
0.000000
0.000000
0.000588
0.014867
0.038201
0.043338
0.045097
0.078889
0.097940
0.087928
0.051831
0.019284
0.041891
0.052960
0.038137
0.012965
0.004158
0.025991
0.075406
0.134658
0.236395
0.393093
0.600978
0.856513
1.142348
1.435220
1.630726
1.958784
2.480554
3.139492
3.863202
4.497741
4.970032
4.977461
4.496528
3.703836
2.944330
2.295392
1.755764
1.306123
0.939527
0.649556
0.426873
0.266222
0.370084
0.538146
0.686714
0.739003
0.631995
0.481827
0.372881
0.509028
0.682738
0.873459
1.009540
1.109373
1.363868
1.579522
1.673975
1.640098
1.508076
1.283357
1.038138
0.819512
0.635768
0.486708
0.367389
0.256633
0.294152
0.487720
0.745426
1.078029
1.487592
1.967996
2.505863
2.938127
2.950812
2.523086
1.994006
1.514059
1.111355
0.785928
0.525419
0.325039
0.175068
0.072821
0.020930
0.023040
0.031624
0.053608
0.142978
0.184555
0.127978
0.036835
0.000543
0.000000
0.000000
0.000000
0.000000
0.000000
0.000000
0.000000
0.000000
0.000000
0.000000
0.000000
0.000000
0.000000
0.000000
0.000000
0.000000
0.000000
0.000000
0.000000
0.000000
0.000000
0.000000
0.000000
0.000000
0.000000
0.000000
0.000000
0.000000
0.000000
0.000000
0.011773
0.012751
0.000000
0.000000
0.000000
0.000012
0.014875
0.044104
0.038605
0.006115
0.000000
0.000000
0.000000
0.000000
0.000000
0.000000
0.000000
0.000000
0.000000
0.000000
0.000000
0.000000
0.000000
0.000000
0.000000
0.000000
0.000000
0.000000
0.000000
0.000000
0.000000
0.000000
0.000000
0.000710
0.006812
0.036909
0.093685
0.171954
0.291751
0.430903
0.539009
0.556593
0.484955
0.347731
0.214437
0.112556
0.110880
0.271084
0.528868
0.709023
0.843704
1.213696
1.664297
2.167280
2.585084
3.064904
3.571393
3.562577
3.001804
2.350443
1.761684
1.278643
0.891831
0.588060
0.360117
0.217161
0.217947
0.293077
0.288391
0.206513
0.107923
0.102695
0.188439
0.302004
0.441134
0.588682
0.667118
0.661709
0.572975
0.495936
0.622189
0.769361
0.846330
0.741205
0.566990
0.563514
0.545498
0.464116
0.579313
0.737056
0.814560
1.020331
1.342595
1.547867
1.384589
1.125015
0.827461
0.857419
0.902289
0.793460
0.681626
0.891068
1.033413
1.034268
0.903261
0.680010
0.686619
1.023562
1.415278
1.739627
1.861015
1.738139
1.540057
1.365963
1.521480
1.857289
2.008147
2.050458
2.068408
2.064127
2.038458
1.931137
1.710892
1.675028
1.528347
1.174465
1.011956
0.773506
0.534212
0.337213
0.193279
0.152986
0.233853
0.382261
0.489099
0.427116
0.285721
0.160015
0.123349
0.098444
0.041238
0.000822
0.003854
0.010018
0.049775
0.098964
0.107856
0.193492
0.376508
0.655220
1.010450
1.292587
0.988238
0.632467
0.362651
0.187235
0.086430
0.026105
0.007939
0.002461
0.009463
0.027394
0.048017
0.057746
0.054042
0.039828
0.023303
0.017906
0.034034
0.046447
0.038245
0.019423
0.004788
0.001675
0.012829
0.035863
0.065691
0.085979
0.081803
0.057216
0.047345
0.042764
0.048760
0.059679
0.078772
0.085446
0.070747
0.047224
0.034875
0.018042
0.025716
0.057749
0.164644
0.338326
0.589386
0.926440
1.359253
2.020095
2.471772
2.637153
2.674824
2.672902
2.630747
2.464314
2.020229
1.369793
0.968826
0.718903
0.459290
0.261793
0.408390
0.614935
0.876653
1.187531
1.493036
1.672330
1.618124
1.329915
1.589208
1.896857
2.185894
2.330207
2.274177
2.580742
3.029669
3.512901
3.983577
4.435357
4.939815
5.562426
5.988862
5.971289
5.519777
4.842574
4.201490
3.618376
3.084238
2.636948
2.267046
1.920843
1.709278
1.892583
1.953373
1.828153
1.770379
1.805859
1.758528
2.107184
2.529564
2.988427
3.495553
3.940970
4.090464
3.921977
3.489536
3.009298
2.549806
2.137930
2.075049
2.584880
3.189078
3.852439
4.390426
4.475150
4.007178
3.426462
2.776845
2.182784
1.697683
1.316876
1.041891
0.815593
0.834785
1.059235
1.213148
1.213511
1.083510
0.870883
0.683129
0.547138
0.388879
0.260641
0.335519
0.342718
0.229665
0.266526
0.193636
0.186690
0.207569
0.258510
0.312204
0.358651
0.431154
0.511528
0.598015
0.683845
0.731681
0.733497
0.819313
0.883656
0.857585
0.786083
0.738581
0.676663
0.581825
0.493143
0.594384
0.723087
0.817301
0.818772
0.729896
0.628721
0.613858
0.559999
0.489688
0.425440
0.421877
0.512752
0.560555
0.584510
0.675793
0.706340
0.663049
0.579807
0.487463
0.409333
0.333180
0.346321
0.428772
0.506538
0.537328
0.632230
0.595147
0.450884
0.513658
0.753582
1.081955
1.505074
2.137221
2.924224
3.285354
3.391341
3.293628
2.935956
2.147728
2.045079
2.040601
2.096170
1.856778
1.586333
1.484371
1.581144
1.779590
1.994749
2.197156
2.386535
2.532183
2.619356
2.541556
2.372406
2.227461
2.510035
2.550892
2.354640
2.043618
2.099757
2.130321
2.194437
2.890522
3.801832
4.109300
3.747594
3.345943
3.721478
4.038436
4.321811
4.589860
4.727952
4.718595
4.521952
4.269070
3.974895
3.656357
3.344722
3.120483
3.288870
3.362096
3.544894
3.773265
3.944951
3.965564
3.838286
3.754036
4.048621
4.404498
4.776416
5.181337
5.622403
6.002727
6.105999
5.912586
5.539525
5.176474
5.414959
5.616554
5.729496
5.602427
5.666568
5.807065
6.203426
6.611456
7.057376
7.487360
7.644920
7.490820
7.072008
6.630649
6.209349
5.814445
5.768540
5.997096
6.021390
5.818572
5.573270
5.450390
5.207331
4.928474
4.619202
4.268909
4.255638
4.207953
4.058889
4.094437
3.996256
4.007957
4.331721
4.548524
4.619527
4.510323
4.262303
3.978244
3.662578
3.342158
3.050467
3.095636
3.512995
3.819244
3.950729
3.991028
3.986110
3.996822
3.976503
3.868985
3.722542
3.526683
3.293533
3.046969
2.798788
2.895827
3.476680
3.962534
4.218534
3.942702
3.537488
3.030349
3.230444
3.680278
4.086468
4.302082
4.733754
5.334795
5.898355
6.076201
5.718847
5.092469
4.448264
3.905018
3.678844
3.364524
3.039887
3.101227
3.111373
2.850523
2.501913
2.132517
1.924479
2.058724
2.194372
2.194468
2.075645
1.876668
1.867738
1.702922
1.487084
1.518371
1.511790
1.428231
1.309204
1.184221
1.054892
1.072500
1.139625
1.192906
1.215498
1.195291
1.118394
1.058983
1.115118
1.171483
1.283763
1.343041
1.313113
1.400371
1.513849
1.553986
1.494364
1.378511
1.513413
1.682809
1.869634
2.047420
2.232855
2.300912
2.232111
2.026599
1.875205
1.937270
1.862160
1.767744
1.626467
1.442479
1.262537
1.106300
0.987399
0.950741
0.901550
0.884324
0.829595
0.861944
0.985161
1.041941
0.992533
1.116696
1.200333
1.208519
1.090719
1.114359
1.066538
0.952198
0.788375
0.627242
0.539942
0.643264
0.732763
0.811413
0.909370
1.019908
1.124476
1.179397
1.406941
1.731752
1.970827
2.149783
2.227182
2.201646
2.041545
1.773159
1.694820
1.834782
1.915847
1.894238
1.759537
1.601854
1.457340
1.339667
1.479756
1.892271
2.360497
2.814596
3.132181
3.209029
3.577965
4.187295
4.991773
5.934164
6.845351
7.759140
8.412202
8.404383
7.698112
6.594315
5.519585
4.575748
3.759323
3.078338
2.664762
2.334053
2.152951
2.435336
2.499544
2.259091
1.975045
1.834450
2.192442
2.305039
2.109797
1.823956
1.756487
1.711366
1.640278
1.632027
1.762900
2.029797
2.294299
2.539806
2.781982
3.060269
3.372936
3.707852
4.078149
4.459877
4.805247
4.922246
4.775427
4.441793
4.085225
3.738353
3.371732
3.109900
3.316043
3.600318
3.771795
3.693192
3.424611
3.109740
2.906924
2.838825
2.663159
2.660669
2.711071
2.644775
2.622051
2.463335
2.476550
2.658781
2.934225
3.237561
3.564727
3.852118
4.056285
4.018835
3.780125
3.468132
3.164844
2.895197
3.141931
3.432601
3.673162
3.770127
3.750348
3.619971
3.393060
3.354490
3.306757
3.473944
3.604324
3.721976
4.029270
4.338079
4.670604
5.028153
5.387865
5.716809
6.065942
6.278822
6.410964
6.397157
6.193894
5.899686
5.779714
6.139617
6.383080
6.690037
7.071389
7.500751
7.829609
7.905366
7.678497
7.305471
6.937953
6.685878
6.893355
6.874285
6.603384
6.082197
5.444748
4.881742
4.536261
4.256565
3.996714
4.086523
4.040293
3.895449
3.619281
3.779229
3.783534
3.508435
3.141749
3.024364
3.214104
3.215522
2.969391
2.810711
2.949266
3.005753
3.236206
3.510064
3.922281
4.524614
5.259152
5.914663
6.490834
6.936747
7.096554
7.056421
6.980839
7.013896
7.247422
7.555122
8.054379
8.410045
8.520552
8.207328
7.745274
7.198954
6.683858
6.640521
6.692063
6.729222
6.882474
7.299909
7.924617
8.617248
9.338516
9.994765
10.243422
10.017042
9.304270
8.478407
7.676504
6.950907
6.348926
5.962225
5.943730
5.703397
5.634150
6.070662
6.515160
6.787490
6.837626
6.616202
6.213313
5.778450
5.315907
4.870528
4.449877
4.040238
3.644838
3.274647
2.935497
2.629534
2.627720
2.852864
3.069735
3.233311
3.399928
3.580278
3.611060
3.472347
3.191905
2.943465
3.120456
3.203772
3.059478
2.652475
2.049577
1.789678
1.694738
1.752663
1.714392
1.788238
1.841895
1.611932
1.030567
0.963439
0.975912
0.857970
0.850035
1.089698
1.261017
1.335096
1.217840
0.979198
0.900793
1.038822
1.250844
1.434652
1.249953
1.165841
1.074302
1.052366
1.066538
0.872491
0.452494
0.481921
0.437878
0.332077
0.226073
0.142608
0.080138
0.017725
0.008301
0.028690
0.044088
0.100758
0.179774
0.286135
0.426118
0.597528
0.787847
0.992992
1.121648
0.894942
0.420933
0.242155
0.264886
0.380060
0.554495
0.775189
1.040550
1.362756
1.750000
2.188539
2.613009
2.888775
2.929023
3.362949
4.010561
4.830661
5.778282
6.792518
7.812696
8.402369
7.118846
3.013673
1.931176
1.993174
2.360449
2.520262
0.393984
0.179759
0.000000
0.000000
0.000000
0.000000
0.000000
0.000000
0.000000
0.000000
