track	type=wiggle_0
fixedStep	chrom=chr	start=1	step=1
0.000000
0.000000
0.000000
0.000000
0.000000
0.000000
0.000000
0.000000
0.000000
0.000000
0.000012
0.014620
0.065542
0.238424
0.475187
0.540136
0.403954
0.245892
0.109678
0.061796
0.020405
0.289734
0.708903
1.199712
1.758145
2.328901
2.897025
3.502071
3.973236
3.982028
3.508907
2.910893
2.387681
1.998247
2.315394
2.545971
2.660115
2.488515
2.154834
1.770711
1.418249
1.114298
0.858912
0.644886
0.468641
0.453736
0.540111
0.604395
0.592061
0.497380
0.476382
0.826527
0.961439
0.991586
0.961439
0.823923
0.465791
0.322103
0.361265
0.315705
0.235037
0.149153
0.082022
0.091359
0.097749
0.090737
0.109862
0.153137
0.203327
0.225569
0.190795
0.247540
0.318857
0.372301
0.500912
0.605856
0.632650
0.636655
0.632650
0.608301
0.535194
0.646327
0.736665
0.781481
0.775818
0.857987
0.864133
0.793941
0.687874
0.581241
0.480201
0.386380
0.302835
0.229204
0.185173
0.252425
0.312442
0.345110
0.321772
0.275250
0.253016
0.269357
0.315840
0.351913
0.454358
0.566106
0.880258
1.331704
2.192761
2.615420
2.730315
2.730315
2.645232
2.339043
1.722230
2.057786
2.209216
2.192399
2.428045
3.021716
3.600395
4.245385
4.771745
4.768344
4.215786
3.492519
2.836397
2.245739
1.742020
1.319946
0.972657
0.691125
0.511939
0.685630
0.865736
1.019665
1.042124
0.936741
0.755149
0.572145
0.417258
0.292169
0.193867
0.115237
0.056771
0.021256
0.014339
0.005362
0.000127
0.000000
0.000000
0.001782
0.002522
0.013960
0.077866
0.201965
0.415951
0.814828
1.318258
1.472158
1.370085
0.939659
0.583460
0.330433
0.156522
0.051579
0.025057
0.036666
0.032423
0.018179
0.004355
0.000000
0.000000
0.000000
0.000000
0.000000
0.000000
0.000000
0.000000
0.000000
0.000000
0.000000
0.000000
0.000000
0.000000
0.000045
0.015885
0.040693
0.042948
0.012903
0.000000
0.000000
0.000000
0.000000
0.000000
0.000000
0.000000
0.000000
0.000000
0.000000
0.000000
0.000001
0.000249
0.000000
0.000000
0.000000
0.000000
0.000000
0.000000
0.000000
0.008308
0.103140
0.182364
0.216691
0.240167
0.245479
0.246950
0.243245
0.225726
0.167036
0.050567
0.002336
0.000000
0.000000
0.000959
0.000000
0.000000
0.000000
0.007276
0.085470
0.197586
0.235530
0.244177
0.235530
0.196967
0.087168
0.013598
0.000000
0.000000
0.000000
0.000000
0.000000
0.000000
0.000000
0.000000
0.000000
0.000000
0.000511
0.000016
0.000000
0.000034
0.000784
0.000000
0.000000
0.000172
0.000683
0.000000
0.000000
0.000000
0.000000
0.000023
0.006881
0.020414
0.019565
0.005938
0.008066
0.036238
0.088657
0.159866
0.235803
0.277276
0.250278
0.340381
0.491801
0.692596
0.943241
1.240229
1.569902
1.860314
1.916381
1.991640
1.936306
1.624380
1.273265
0.956786
0.695646
0.628569
0.681432
0.645582
0.634158
0.553422
0.409540
0.274423
0.166772
0.088677
0.036500
0.058193
0.089731
0.093842
0.080445
0.074179
0.056103
0.050501
0.117741
0.238296
0.393100
0.526147
0.529480
0.401569
0.269650
0.207327
0.097983
0.067169
0.129978
0.182711
0.177692
0.122961
0.061246
0.017836
0.006199
0.020644
0.043447
0.075994
0.117846
0.167897
0.230489
0.304539
0.389758
0.485168
0.578556
0.656367
0.659495
0.588771
0.494674
0.398243
0.381344
0.304737
0.209752
0.136871
0.092081
0.055236
0.028053
0.010173
0.001193
0.000000
0.000000
0.000000
0.000000
0.000037
0.004415
0.011836
0.013741
0.049298
0.162455
0.343352
0.459095
0.459494
0.346405
0.164171
0.053822
0.065652
0.081892
0.081751
0.084040
0.112136
0.133630
0.127499
0.101845
0.070428
0.044013
0.075339
0.101353
0.133734
0.165334
0.168554
0.165153
0.163006
0.185327
0.280193
0.410179
0.579055
0.741095
0.835595
0.742612
0.582912
0.410882
0.267039
0.157035
0.079120
0.028821
0.005479
0.008847
0.025717
0.064933
0.118916
0.150407
0.238698
0.353866
0.353866
0.238698
0.149633
0.116399
0.059216
0.063306
0.071829
0.112895
0.160674
0.198723
0.204852
0.230044
0.241282
0.211794
0.156622
0.105535
0.063196
0.069587
0.082369
0.079859
0.076162
0.075961
0.114930
0.159321
0.199519
0.208613
0.233344
0.244671
0.222255
0.172083
0.122795
0.132580
0.177472
0.208931
0.213416
0.238790
0.245548
0.212412
0.164071
0.116348
0.083658
0.172288
0.297980
0.464408
0.678767
0.952190
1.285588
1.690487
2.174490
2.746575
3.402293
4.074336
4.582476
4.541757
3.966788
3.812179
4.498495
5.150921
5.463753
5.329176
4.718181
4.053299
3.400988
2.828306
2.348483
1.956222
1.768596
1.923929
1.977526
2.332197
2.667788
3.043969
3.420376
3.651501
3.594230
3.258596
2.854082
2.463152
2.104810
2.367673
2.701066
3.004304
3.115567
3.026433
2.730696
2.395416
2.079917
2.301217
2.702290
3.078166
3.628433
4.064204
4.173758
3.804873
3.199651
2.614929
2.110276
1.755954
1.880024
2.013541
2.114019
2.330637
2.463371
2.651596
2.879240
3.017259
2.978333
2.776819
2.527470
2.477453
2.731084
2.999305
3.281372
3.573653
3.859812
4.075398
4.173556
4.034075
3.781394
3.490098
3.198742
2.920862
2.781033
2.977561
2.977597
2.783135
2.510653
2.743158
2.993317
3.194985
3.220834
3.101632
3.063673
3.258325
3.313722
3.176397
2.924282
2.914598
2.795947
2.567148
2.329740
2.421837
2.758143
2.853783
2.869220
2.935389
3.264070
3.627233
3.897591
4.001860
4.588780
5.863513
6.494189
6.676034
6.676034
6.520802
5.959070
4.724616
4.722912
4.459588
4.450629
4.947617
5.554720
6.164526
6.733716
6.840289
6.512226
5.854452
5.159111
5.182263
5.824168
6.246562
7.038274
8.007028
8.915587
9.286910
8.921912
8.019450
7.003915
6.047616
5.200120
4.445150
3.790279
3.252759
2.754187
2.296128
1.890995
1.712904
1.488522
1.279159
1.004154
0.925289
0.908474
0.905312
0.838689
0.747949
0.702287
0.806684
0.900225
1.012078
1.129493
1.207229
1.211126
1.154813
1.176962
1.164018
1.081997
1.032676
1.164420
1.277922
1.314620
1.284067
1.196935
1.163625
1.316371
1.492047
1.662262
1.760212
1.753982
1.655657
1.483688
1.319630
1.178429
1.307031
1.376842
1.330223
1.207610
1.181963
0.999757
0.849566
0.915421
1.034015
1.162903
1.277878
1.384735
1.428510
1.392890
1.299212
1.319095
1.482930
1.654594
1.815582
1.898787
1.847678
1.765646
2.182602
2.644688
2.871871
2.643621
2.165259
1.732282
1.893611
2.000805
1.993824
1.873511
1.713723
1.558149
1.392483
1.267977
1.431380
1.412970
1.243812
1.071147
1.068109
1.310969
1.494501
1.477743
1.293129
1.061530
0.848412
0.734410
0.666821
0.566999
0.862065
1.193108
1.285543
1.190916
0.861896
0.986073
1.135717
1.304466
1.493903
1.669048
1.795811
1.779585
1.776578
1.920229
2.053319
2.062618
1.904911
1.694000
1.476791
1.270085
1.160347
1.303201
1.409906
1.406906
1.307518
1.177190
1.046588
0.903268
0.762256
0.736198
0.920571
1.092283
1.297679
1.515187
1.751629
2.025572
2.340927
2.580402
2.580842
2.334915
2.021612
1.706325
1.412128
1.148847
1.002868
0.920730
0.906097
1.105224
1.413639
1.574083
1.492167
1.756166
2.255657
2.915074
3.533361
3.518808
2.901761
2.403704
2.217648
1.902856
2.073144
2.500102
2.437030
1.864512
1.540890
1.245700
0.907966
0.780391
0.939146
0.989590
0.902201
0.759716
0.597892
0.652196
0.741583
0.706897
0.554910
0.425861
0.395554
0.342937
0.349362
0.397227
0.371007
0.441760
0.478772
0.441979
0.430547
0.415166
0.356493
0.289458
0.263244
0.331761
0.401867
0.452489
0.497041
0.508298
0.482484
0.432724
0.495304
0.589400
0.702252
0.812870
0.889660
0.902642
0.845447
0.742304
0.631199
0.530377
0.437350
0.429174
0.459736
0.451341
0.404923
0.346221
0.293668
0.261995
0.234384
0.211565
0.189639
0.164627
0.129621
0.135365
0.123812
0.096343
0.072461
0.058292
0.077295
0.085080
0.072873
0.047452
0.031330
0.019518
0.050575
0.152572
0.317427
0.554151
0.764726
0.711153
0.645966
0.594971
0.564281
0.545783
0.537415
0.537392
0.728792
0.977721
1.267869
1.610270
1.988991
2.459146
3.033357
3.699516
4.471779
5.332000
6.158473
6.736770
6.734875
6.117317
5.179037
4.277197
3.526020
2.987251
3.061445
3.177227
2.957792
2.575164
2.141048
1.729587
1.921916
2.297012
2.692855
3.070351
3.295977
3.191461
2.870328
2.449576
2.057146
1.730455
1.483837
1.620269
1.621154
1.873723
2.154738
2.343848
2.360302
2.202344
1.959476
1.770277
1.754845
2.146840
2.451032
3.060000
3.882443
4.455735
3.903844
3.103271
2.410243
2.144945
2.238911
2.146847
1.880856
1.600468
1.342441
1.111249
0.907260
0.732632
0.736904
0.886081
1.050161
1.229912
1.364651
1.393440
1.289094
1.108255
0.918890
0.768406
0.698667
0.639609
0.692091
0.687509
0.628599
0.532068
0.493578
0.539364
0.524752
0.643785
0.776480
0.909661
1.015914
1.056847
1.006127
0.879888
0.736757
0.599756
0.478547
0.381045
0.299946
0.230706
0.175009
0.191268
0.265659
0.265479
0.190680
0.191968
0.347111
0.560652
0.850156
1.225604
1.703337
2.342769
2.759163
2.908308
2.906887
2.729478
2.221318
1.463555
0.974573
0.649524
0.419053
0.337448
0.389704
0.367582
0.534526
0.673671
0.697429
0.572011
0.571678
0.479137
0.342510
0.222614
0.130149
0.200716
0.392532
0.663173
1.024783
1.223512
1.196376
0.906138
0.518399
0.271729
0.121725
0.040106
0.003877
0.000000
0.000000
0.000000
0.000000
0.000000
0.000000
0.000000
0.000000
0.000000
0.000000
0.000000
0.000000
0.000000
0.000000
0.000000
0.000000
0.000000
0.000000
0.000000
0.000000
0.000000
0.000000
0.000000
0.000000
0.000000
0.000000
0.000000
0.000000
0.000000
0.000000
0.000000
0.000000
0.000000
0.000000
0.000000
0.000000
0.000000
0.000000
0.000000
0.000000
0.000000
0.000000
0.000000
0.000000
0.000000
0.000000
0.000000
0.000000
0.000000
0.000000
0.000000
0.000000
0.000000
0.000000
0.000000
0.000000
0.000000
0.005353
0.005110
0.000000
0.000000
0.000000
0.000000
0.000000
0.000000
0.000000
0.000000
0.000000
0.000000
0.003041
0.032036
0.034870
0.008347
0.000031
0.000000
0.000000
0.000000
0.002435
0.023478
0.073044
0.132692
0.217521
0.308647
0.341781
0.286635
0.188020
0.100661
0.042266
0.009653
0.000000
0.000000
0.000000
0.000000
0.000000
0.000000
0.000000
0.000000
0.000000
0.014690
0.077924
0.115893
0.125531
0.126449
0.125937
0.121603
0.103501
0.049263
0.004292
0.019853
0.044102
0.069897
0.079529
0.088434
0.090206
0.067139
0.042013
0.041489
0.045332
0.057623
0.060461
0.041705
0.018264
0.003832
0.018157
0.051595
0.100510
0.155075
0.215702
0.273499
0.270819
0.209201
0.140870
0.082981
0.098659
0.150311
0.244025
0.342404
0.534641
0.816142
1.164097
1.608782
2.140161
2.685794
2.685262
2.169752
1.711944
1.321808
1.513045
1.924533
2.396556
2.933047
3.491935
3.905574
4.032257
3.749807
3.215208
2.698469
2.689026
3.315498
3.856642
4.068886
4.157597
4.517795
4.596652
4.018290
3.328670
2.646552
2.056711
1.574414
1.182963
0.857250
0.597195
0.412784
0.404574
0.476641
0.552641
0.516622
0.393348
0.257260
0.146120
0.070206
0.078847
0.103621
0.135713
0.159397
0.173134
0.196170
0.227258
0.242406
0.278582
0.324234
0.342804
0.378527
0.410428
0.454297
0.498409
0.543613
0.508882
0.427827
0.416033
0.503095
0.580566
0.610835
0.590707
0.597540
0.715484
0.854588
0.984554
1.046081
1.138591
1.265356
1.414271
1.583844
1.788638
2.022152
2.273237
2.456588
2.530386
2.460840
2.275198
2.057387
1.846024
1.655458
1.670050
1.654339
1.821700
2.016489
2.213753
2.407429
2.636358
2.886545
3.113117
3.280766
3.323623
3.263745
3.060186
2.820102
2.749746
3.284420
3.740497
3.742167
3.287666
2.721702
2.212944
1.950473
1.814230
1.640874
1.729584
1.750692
1.736601
1.634626
1.494930
1.339571
1.188558
1.224381
1.151554
0.994909
1.155214
1.281871
1.483312
1.731364
2.017192
2.316766
2.628904
2.866709
3.012328
3.048304
3.122826
3.136773
3.212072
3.054399
2.737468
2.897084
2.959100
2.793966
2.473814
2.185846
2.022243
2.162721
2.594163
3.053328
3.462290
3.675435
3.481414
3.121060
2.754606
2.459552
2.219314
1.989418
1.692943
1.406924
1.301681
1.330331
1.405564
1.354970
1.234240
1.185357
1.543569
1.961998
2.468456
3.064946
3.741910
4.506564
5.281483
5.860224
5.878921
5.328770
4.552465
3.790073
3.156415
2.581256
2.081926
1.653535
1.295883
1.291836
1.335310
1.540903
1.707760
1.814515
1.755272
1.662011
1.469858
1.219648
0.969432
0.756811
0.570485
0.428355
0.317788
0.386880
0.429926
0.458180
0.431622
0.380410
0.402550
0.424813
0.394306
0.424459
0.464243
0.500220
0.705949
0.930432
1.079836
1.209522
1.245694
1.211693
1.160836
1.081118
1.022992
0.939433
0.873694
0.909198
0.898029
0.851170
0.819887
0.887432
0.907669
0.879615
0.839768
0.912916
0.979010
1.012469
1.089964
1.072397
1.107215
1.144694
1.107717
1.036764
0.954452
0.873061
0.967559
1.045560
1.116384
1.136617
1.089348
1.107322
1.135373
1.097989
1.028293
1.102536
1.165228
1.320353
1.441773
1.570903
1.575719
1.495491
1.387708
1.486246
1.537447
1.502064
1.391919
1.249157
1.082385
0.920419
0.786582
0.684558
0.659945
0.687845
0.690027
0.762899
0.834677
0.831704
0.865551
0.846590
0.775211
0.714349
0.832613
0.927470
0.946594
0.869042
0.919362
1.061851
1.215720
1.383015
1.552791
1.709286
1.769203
1.695961
1.526497
1.360367
1.350467
1.265223
1.118297
1.037949
0.909342
1.040186
1.244629
1.433320
1.508219
1.454716
1.276493
1.124639
1.384059
1.709421
1.944729
2.160962
2.774945
3.414059
3.976362
4.025743
3.575196
2.966234
2.548255
2.679451
2.605694
2.289274
2.469347
2.880185
3.137177
3.023530
2.843722
2.483327
2.133211
1.796692
1.734098
2.068815
2.398758
2.532719
2.404884
2.476016
2.355110
2.471897
2.656080
2.698326
2.669770
2.593058
2.506645
2.338406
2.511994
2.602117
2.460230
2.372744
2.616036
2.556880
2.188197
1.723183
1.300236
1.211001
1.497991
1.646937
1.699428
1.716506
1.709217
1.653435
1.424711
0.877411
0.499041
0.355128
0.259897
0.198820
0.179058
0.126129
0.116211
0.121872
0.091916
0.050517
0.016884
0.001186
0.000000
0.000000
0.007982
0.022533
0.020120
0.007698
0.000000
0.000000
0.000000
0.001020
0.029726
0.058570
0.074098
0.079281
0.080014
0.078905
0.078661
0.076994
0.067463
0.037257
0.001256
0.000000
0.000000
0.000000
0.000000
0.000000
0.000000
0.000000
0.000000
0.000000
0.000000
0.001012
0.007585
0.020459
0.040427
0.062323
0.077692
0.098348
0.099442
0.079248
0.046677
0.019455
0.003878
0.000061
0.001217
0.000874
0.000000
0.000000
0.000000
0.000000
0.000000
0.022361
0.095462
0.185832
0.241942
0.257220
0.236276
0.179051
0.092455
0.028490
0.012452
0.041629
0.097092
0.117964
0.077555
0.025714
0.001852
0.009094
0.010424
0.002135
0.000000
0.000000
0.000000
0.002953
0.017101
0.039502
0.135260
0.304274
0.586807
0.944465
1.119505
1.163237
1.126333
0.934012
0.563420
0.530486
0.471403
0.313168
0.355908
0.561364
0.816267
1.066624
1.195522
1.130409
0.953491
0.763452
0.616163
0.890044
1.222353
1.452599
1.535710
1.316852
0.994535
0.729550
0.560677
0.607535
0.689357
0.657585
0.639861
0.869639
1.180509
1.464728
1.508562
1.569815
1.515119
1.482826
1.370683
1.181435
1.399241
1.689302
2.022924
2.418519
2.803421
2.959304
2.818815
2.475598
2.078934
1.723020
1.707875
1.969635
2.129345
2.082682
1.823118
1.523461
1.418938
1.518492
1.534273
1.466727
1.396205
1.363150
1.330209
1.256885
1.330392
1.430976
1.578066
1.744228
1.946558
2.173619
2.403437
2.605244
2.802945
2.834397
2.907800
3.219974
3.547795
3.816419
3.976205
3.869237
3.559055
3.280510
3.305774
3.199153
3.010846
2.784720
2.887674
3.159780
3.448359
3.725381
3.906175
3.878493
3.685941
3.893068
4.106766
4.116616
3.918700
3.657907
3.434187
3.132775
2.829657
2.733443
2.954514
3.049930
2.944302
3.026896
3.131865
3.093058
2.965660
2.737549
2.549349
2.310910
2.044728
1.787836
1.685669
1.819547
2.184187
2.636688
3.158893
3.751529
4.373262
4.892234
5.196295
5.224627
5.109148
5.348146
5.548290
6.075975
6.737137
7.459424
8.185615
8.831038
9.077102
8.843038
8.116203
7.387692
7.846324
8.982900
10.390567
11.936443
13.386902
14.178314
13.437572
11.953866
10.397797
8.910607
7.709899
7.674937
8.641530
9.641878
10.188847
10.130005
9.622994
8.771308
8.961923
9.169438
8.946624
8.268181
7.402158
6.596482
5.968312
5.268795
4.595783
3.992190
3.899009
4.501672
4.808638
5.338457
5.532252
5.383889
4.875785
4.300951
3.765168
3.306260
2.932309
2.675790
2.574852
2.553944
2.456591
2.606588
2.698217
2.704080
2.485990
2.307030
2.075635
1.783992
1.533431
1.324746
1.146342
1.130241
1.173823
1.221528
1.134007
1.001720
0.881437
0.742838
0.616901
0.522586
0.586012
0.668118
0.703511
0.755787
0.874135
1.022238
1.184726
1.328425
1.407935
1.372580
1.232996
1.062409
0.895630
0.737985
0.886228
0.995274
0.964702
0.795168
0.874995
0.786901
0.520364
0.297034
0.145822
0.053175
0.032492
0.047160
0.064013
0.094539
0.136240
0.208765
0.272953
0.324460
0.404523
0.488406
0.609525
0.724884
0.812705
0.888680
1.056676
1.308267
1.743283
2.405074
2.804896
2.988276
2.975387
2.824215
2.665210
2.549398
2.700709
2.776893
2.817426
2.887220
2.838929
2.638468
2.258168
1.946435
1.904297
1.977359
2.005378
2.107702
2.315323
2.556327
2.633198
2.578113
2.383828
2.252201
2.150803
2.027856
1.991734
2.006693
1.886970
1.796680
1.811034
1.822526
1.663939
1.448203
1.223141
1.059330
0.947348
0.890307
0.897585
0.895662
0.969172
0.980926
0.988411
1.077947
1.140948
1.170431
1.311339
1.442901
1.542713
1.578225
1.531421
1.445169
1.361367
1.309264
1.351252
1.432672
1.457654
1.411069
1.479784
1.597844
1.643592
1.712922
1.798020
1.873888
1.969678
2.032785
2.103748
2.278889
2.401448
2.400030
2.258316
2.146717
2.088114
2.078065
2.258476
2.490535
2.725803
2.926605
3.024531
3.036923
3.563151
4.145805
4.804663
5.548742
6.376892
7.290353
8.262575
9.156213
9.654468
9.559907
8.847931
7.884708
7.778932
8.924619
10.271410
11.754869
13.371421
15.056179
16.466688
17.489822
16.904486
15.318967
13.410240
11.550511
9.944735
10.968461
12.035508
13.070464
13.892216
13.599253
12.757413
11.500047
10.342010
10.422441
10.963394
12.294420
13.817971
14.582381
14.752589
14.644390
13.936259
12.878326
13.857083
15.102409
16.413647
17.056334
16.795660
15.742830
14.259968
12.797559
11.509677
10.526793
10.382567
9.788361
8.999130
8.294445
8.382427
9.001648
9.415977
9.350541
8.793861
8.137818
7.749005
7.269804
6.696087
6.794125
7.275524
7.756640
8.170639
8.371593
8.247638
7.911885
7.441626
7.001202
6.919219
7.405273
7.886939
8.354023
8.890500
9.497685
9.986636
10.206193
10.086875
9.599518
8.990881
8.411374
8.598721
9.220623
9.731271
10.209948
10.691350
11.125942
11.529893
11.948599
12.336411
12.520141
12.456643
12.097888
11.615327
11.496410
12.019235
12.581986
13.170224
13.779518
14.419430
15.055785
15.610373
15.962049
15.911977
15.383748
14.716437
14.580367
14.843114
14.794757
14.358702
13.725699
13.073885
12.446016
11.834374
11.258601
10.712745
10.314487
10.215209
10.257532
10.409095
10.467679
10.237557
10.190387
10.530402
10.259197
9.367129
8.483988
8.092736
7.946928
8.059050
8.371708
8.861704
9.388102
9.740775
9.787522
9.584844
8.875984
8.078231
7.133907
6.139555
5.511330
5.126541
5.088239
5.176070
5.212431
5.487586
6.461750
7.020231
7.069299
6.844308
6.617157
6.362164
6.349579
6.938646
7.530914
8.174437
8.814306
9.358511
9.725984
9.559849
8.948114
8.212262
7.554483
7.062491
7.590789
8.441517
9.400215
10.388794
11.428307
12.433658
13.111427
13.066617
12.328076
11.326996
10.296669
9.371733
8.478386
7.629444
6.859921
6.264539
6.101421
6.227573
6.047766
5.778890
5.922225
6.339097
6.588305
6.561208
6.319207
6.061149
6.337401
6.109328
5.599577
5.421421
5.813921
6.263730
6.733933
7.258940
7.742830
7.876571
7.632301
7.429103
7.086293
6.671541
6.151309
5.664948
5.483587
5.421596
5.122722
4.734311
4.338656
4.017009
3.811291
3.534017
3.196313
2.925982
2.763292
2.497501
2.321712
1.968374
1.994682
2.083296
2.047755
1.919555
1.814269
1.747952
1.792207
2.049348
2.349923
2.682108
3.089136
3.528327
3.839848
3.766847
3.395067
2.932832
2.492778
2.094517
1.733205
1.422172
1.156163
0.950553
1.165301
1.401947
1.647938
1.735053
1.593802
1.305204
1.305713
1.289639
1.423230
1.571665
1.343172
1.007230
1.094875
1.329063
1.608047
1.937950
2.314516
2.739236
3.214756
3.751513
4.362092
5.039035
5.788260
6.612413
7.488578
8.383993
9.090938
8.847931
7.407849
6.657322
7.073195
8.007176
9.161510
10.465877
11.928808
13.484530
14.876923
15.167227
13.506168
13.163442
10.646055
7.635221
5.614855
3.357263
3.043409
0.000000
0.000000
0.000000
0.000000
0.000000
0.000000
0.000000
0.000000
0.000000
