track	type=wiggle_0
fixedStep	chrom=chr	start=1	step=1
0.000000
0.000000
0.000000
0.000000
0.000000
0.000000
0.000000
0.000000
0.000000
0.000000
0.000000
0.010074
0.052978
0.381567
0.775033
0.909254
0.730335
0.493406
0.293170
0.163398
0.115941
0.324417
0.770839
1.223697
1.712863
2.290479
2.883918
3.524762
4.038479
4.074465
3.573416
2.938672
2.395120
2.058246
2.256949
2.572157
2.732082
2.538648
2.128276
1.736039
1.354291
1.034728
0.779094
0.577109
0.429134
0.483515
0.412523
0.353561
0.474474
0.886206
1.203859
1.297994
1.312102
1.270953
1.114217
0.887430
0.489223
0.209612
0.066693
0.006902
0.000000
0.000000
0.000000
0.000000
0.000000
0.000000
0.000000
0.000000
0.000000
0.000000
0.000000
0.000000
0.000000
0.000000
0.000000
0.000000
0.000000
0.000000
0.000000
0.000000
0.000000
0.000000
0.000000
0.000259
0.004078
0.012385
0.018109
0.015037
0.006777
0.000359
0.000000
0.000000
0.000000
0.000000
0.000000
0.000000
0.000000
0.000000
0.000000
0.000000
0.000000
0.000204
0.030165
0.118189
0.272347
0.499872
0.814515
1.284845
2.144607
2.561258
2.674517
2.674517
2.591155
2.294202
1.614555
1.096812
0.740828
0.872294
1.112206
1.197912
1.122246
0.893277
0.726784
0.910531
1.248178
1.237656
0.930375
0.713012
0.634697
0.585720
0.502247
0.362888
0.209060
0.097315
0.041155
0.026362
0.016529
0.012064
0.008507
0.004305
0.000000
0.000000
0.000000
0.000000
0.000000
0.000000
0.000000
0.000000
0.000000
0.000000
0.000000
0.000000
0.000000
0.000000
0.008299
0.076457
0.237928
0.545694
0.920098
1.016307
0.950159
0.649917
0.332464
0.148011
0.044257
0.004544
0.000000
0.000000
0.000000
0.010131
0.070137
0.096673
0.089799
0.095469
0.076056
0.029601
0.001722
0.009259
0.057980
0.157371
0.282885
0.414343
0.491537
0.406282
0.255048
0.114317
0.030016
0.000268
0.000000
0.000000
0.000000
0.000000
0.000000
0.000000
0.000000
0.000000
0.000000
0.000000
0.000000
0.000000
0.000000
0.000000
0.000000
0.000000
0.000000
0.000000
0.000000
0.000000
0.000000
0.001141
0.010336
0.085456
0.159597
0.178189
0.159597
0.180794
0.238378
0.296602
0.342481
0.341607
0.294513
0.235121
0.177157
0.127568
0.171760
0.216376
0.227172
0.205416
0.178151
0.210645
0.265337
0.315151
0.322220
0.281457
0.222920
0.163523
0.113040
0.113632
0.144261
0.146836
0.115300
0.114024
0.137623
0.134527
0.102711
0.064149
0.069455
0.105285
0.158661
0.222954
0.292990
0.338439
0.326611
0.271811
0.201881
0.139840
0.088832
0.096707
0.149920
0.262874
0.456415
0.643071
0.648821
0.636224
0.777249
0.924355
1.053854
1.087124
1.025858
1.049610
1.223843
1.402746
1.747514
2.263640
2.847568
3.398524
3.703823
3.742453
3.370931
2.744839
2.911986
3.301236
3.721921
4.179063
4.669856
5.205289
5.779646
6.393155
6.987989
7.403831
7.400660
6.974879
6.380611
5.767884
5.194303
4.659554
4.171380
3.732766
3.331696
2.942966
2.586148
2.261607
2.134414
2.710864
3.215277
3.366122
3.016250
2.878373
3.370261
3.617440
3.312834
2.801981
2.321062
1.861237
1.453582
1.098992
0.801289
0.565430
0.398895
0.365626
0.385091
0.333227
0.243353
0.192409
0.145450
0.144157
0.120845
0.086045
0.098836
0.116175
0.096258
0.062307
0.030065
0.009700
0.036764
0.060380
0.030969
0.008238
0.001070
0.000000
0.000000
0.000000
0.000000
0.000000
0.000000
0.000000
0.000000
0.000000
0.000000
0.000000
0.000000
0.000000
0.002567
0.006845
0.005508
0.004009
0.015512
0.034801
0.062650
0.097730
0.134504
0.164645
0.161114
0.127677
0.087789
0.056991
0.059291
0.103386
0.194901
0.330966
0.406504
0.389824
0.264250
0.159817
0.107557
0.105855
0.086050
0.058359
0.053583
0.040982
0.035555
0.030018
0.017649
0.005575
0.000612
0.000385
0.000392
0.020178
0.041452
0.015394
0.000000
0.000080
0.003074
0.005334
0.055131
0.183331
0.307967
0.369819
0.387630
0.391697
0.391697
0.386803
0.359378
0.263390
0.079643
0.004875
0.000000
0.001464
0.033739
0.097854
0.138806
0.124644
0.061116
0.013161
0.075327
0.216172
0.472278
0.889324
1.087726
1.142682
1.153456
1.153456
1.153456
1.153456
1.142683
1.094007
0.921763
0.567221
0.322276
0.545763
0.826663
1.138877
1.299578
1.211148
0.967526
0.676443
0.432336
0.273846
0.214461
0.136053
0.168385
0.290484
0.407779
0.435771
0.387658
0.561569
0.750162
0.867303
0.833773
0.717538
0.542341
0.375817
0.484088
0.654091
0.848558
1.044238
1.161072
1.107190
1.199365
1.424747
1.487382
1.468325
1.553808
1.816306
2.314401
2.894201
3.547861
4.700279
5.233806
5.419312
5.486714
5.419312
5.233807
4.680347
3.440845
2.587355
1.945168
1.419556
0.996357
0.673778
0.483528
0.424882
0.293305
0.205343
0.132307
0.071032
0.022020
0.002149
0.000000
0.000000
0.000000
0.000000
0.000000
0.000910
0.002923
0.000620
0.003928
0.009436
0.015153
0.017035
0.017627
0.017627
0.017627
0.017627
0.017627
0.016656
0.012528
0.002353
0.000462
0.000030
0.000000
0.000000
0.000000
0.000000
0.000845
0.007524
0.014677
0.020402
0.017282
0.011672
0.015512
0.040981
0.077503
0.120001
0.133787
0.121629
0.085338
0.050033
0.020507
0.075073
0.160903
0.164064
0.166672
0.109956
0.070399
0.046755
0.073737
0.070801
0.036663
0.060091
0.122269
0.224788
0.332015
0.415383
0.453954
0.529756
0.607683
0.564359
0.440590
0.396643
0.548908
0.698038
0.813682
0.836515
0.890549
0.933577
1.331522
1.899809
2.709112
3.301302
3.937413
4.125914
3.937413
3.306577
2.736815
1.972819
2.270344
2.764245
3.400867
4.119849
4.822528
5.480181
5.644383
5.316983
4.658054
4.098770
3.660521
3.062231
2.489116
2.141546
1.986198
2.135453
2.164760
1.939002
1.561306
1.138525
0.777570
0.494400
0.517339
0.670891
0.831013
0.939031
0.944769
0.852314
0.694489
0.550306
0.605468
0.723311
0.772573
0.758700
0.676023
0.549361
0.433625
0.358769
0.296555
0.212402
0.145965
0.114516
0.159801
0.179155
0.150083
0.122015
0.111006
0.114910
0.152106
0.219679
0.300717
0.386074
0.474067
0.544317
0.594416
0.606569
0.589857
0.504101
0.412181
0.328179
0.292104
0.277008
0.294490
0.323740
0.303350
0.295988
0.252861
0.216769
0.222231
0.230326
0.211109
0.336073
0.542917
0.805872
1.138335
1.549043
2.053552
2.622451
3.168683
3.479389
3.162799
2.601077
2.027230
1.521966
1.105760
0.987251
0.966008
0.969942
1.105307
1.188239
1.264576
1.460232
1.466166
1.719166
2.085508
2.497432
2.925247
3.255902
3.242621
2.902709
2.475256
2.055004
1.686528
1.375274
1.117269
0.938006
1.121241
1.211120
1.123671
0.815067
0.744405
0.875751
0.921569
0.912334
1.003173
1.155132
1.237548
1.235839
1.221557
1.173431
1.112740
0.997761
0.934725
1.111536
1.252010
1.419742
1.613145
1.757353
1.785804
1.672633
1.496710
1.312615
1.124816
0.954671
0.978673
1.138529
1.308193
1.418959
1.479160
1.459796
1.485943
1.768160
1.957225
1.950087
1.775612
1.495558
1.213242
0.956127
0.732889
0.684998
0.633696
0.621176
0.653171
0.713848
0.677733
0.592567
0.494294
0.560046
0.611780
0.668073
0.583378
0.432640
0.711325
1.052971
1.389283
1.888457
2.462037
2.435293
1.833341
1.486789
1.195438
0.845251
0.540637
0.323707
0.171270
0.155917
0.189072
0.196775
0.232482
0.290403
0.252193
0.201493
0.156964
0.126028
0.108136
0.125408
0.155494
0.146794
0.118861
0.076380
0.064249
0.085199
0.112574
0.118150
0.093431
0.065829
0.063583
0.147366
0.288762
0.401075
0.524289
0.654766
0.519264
0.375954
0.210476
0.235934
0.291681
0.329504
0.309719
0.264760
0.232429
0.201020
0.225414
0.245601
0.252717
0.311453
0.370271
0.408808
0.448395
0.491534
0.478873
0.428621
0.396138
0.374434
0.322924
0.264616
0.218849
0.269652
0.314999
0.318838
0.276221
0.217042
0.154841
0.114159
0.148732
0.176571
0.173596
0.145466
0.124303
0.100155
0.064659
0.110185
0.163571
0.250812
0.339895
0.416795
0.527322
0.574543
0.540603
0.429321
0.311990
0.205115
0.351737
0.543813
0.703409
0.737655
0.608154
0.521408
0.621519
0.786612
0.887786
1.162877
1.476560
1.837439
2.236974
2.635098
2.886809
2.957927
3.397879
3.946863
4.435836
4.923474
5.123196
5.885827
6.253110
5.851148
5.017262
4.113478
3.312631
2.638639
2.605066
2.913641
3.230686
3.504677
3.526356
3.814804
4.273760
4.785964
5.458674
6.071564
6.344767
6.082180
5.472478
4.755039
4.137062
3.986061
3.919813
3.878402
3.554589
3.104386
2.727240
3.018002
3.012077
2.860571
3.255854
3.612829
3.846372
3.724373
3.430745
3.049634
2.692044
2.439401
2.397984
2.200829
1.962031
1.784720
1.742832
1.839952
1.849488
1.736657
1.605829
2.144358
2.791428
3.499034
4.156203
4.670699
4.522505
3.869117
3.140334
2.509974
2.045405
1.702766
1.661808
1.612738
1.748708
1.946362
2.151928
2.348829
2.417805
2.294429
2.095540
1.856985
1.639376
1.545616
1.611418
1.576579
1.445009
1.270145
1.102197
0.988348
1.003521
0.907601
0.856108
0.761911
0.656205
0.741187
0.847807
1.026266
1.166600
1.215790
1.114630
0.946190
0.779333
0.732492
0.682173
0.727149
0.725554
0.817288
0.927648
1.046510
1.116698
1.131963
1.088484
1.035891
1.066463
1.156553
1.238346
1.367541
1.507718
1.617268
1.623673
1.523658
1.375228
1.440395
1.659115
1.648942
1.408844
1.130955
0.862614
0.658793
0.708111
0.750638
0.670109
0.541378
0.433908
0.391602
0.393698
0.415140
0.503737
0.584035
0.645819
0.639107
0.559431
0.462437
0.363324
0.329971
0.269276
0.290061
0.309775
0.282940
0.222851
0.161511
0.107061
0.064375
0.101236
0.155642
0.205549
0.235215
0.219117
0.165702
0.219129
0.318118
0.436144
0.570679
0.708327
0.834363
0.924851
0.893973
0.793625
0.662575
0.527949
0.402130
0.287572
0.191563
0.115787
0.112426
0.172460
0.162238
0.084215
0.071964
0.168134
0.306957
0.426390
0.436797
0.331931
0.189679
0.080979
0.051081
0.048002
0.094507
0.166562
0.261311
0.379119
0.518742
0.682900
0.843542
0.957698
0.940587
0.797841
0.623739
0.457038
0.311815
0.193864
0.106310
0.047672
0.013255
0.000224
0.000005
0.001934
0.002867
0.000364
0.000000
0.000000
0.000000
0.000000
0.000000
0.001368
0.007117
0.002398
0.000000
0.000000
0.000000
0.000000
0.000000
0.000000
0.000000
0.012378
0.078210
0.121146
0.134500
0.138152
0.139553
0.136061
0.120196
0.067720
0.003286
0.001489
0.006689
0.011542
0.005201
0.000575
0.000000
0.000000
0.000000
0.000000
0.000000
0.000000
0.000000
0.000000
0.000000
0.000000
0.000000
0.000000
0.000000
0.000000
0.000000
0.000000
0.000000
0.000000
0.000000
0.000000
0.000000
0.000000
0.000000
0.000002
0.011905
0.025867
0.099132
0.263663
0.559046
0.744545
0.875256
1.021074
0.879966
0.796446
0.762491
0.654472
0.443632
0.630342
0.904222
1.255130
1.673506
2.153001
2.611870
2.808044
2.650086
2.746049
3.220121
3.354684
3.589732
4.256721
4.742255
3.899100
2.989351
2.404414
2.140003
1.711931
1.277817
0.887796
0.983692
1.472182
1.676562
1.729454
1.730038
1.682162
1.497334
1.070899
0.613396
0.333289
0.149089
0.048307
0.015751
0.009336
0.009781
0.005100
0.000000
0.000000
0.000000
0.000000
0.000000
0.000000
0.004825
0.049962
0.087632
0.104806
0.104728
0.086046
0.047832
0.049841
0.085226
0.133945
0.198245
0.278252
0.376840
0.491189
0.615907
0.743038
0.880548
1.036135
1.201345
1.383521
1.599161
1.843969
2.071583
2.212890
2.135250
1.959771
1.741680
1.528872
1.348252
1.301518
1.323343
1.246733
1.110009
1.027156
1.090718
1.164441
1.152533
1.173337
1.343813
1.476701
1.518771
1.428184
1.291361
1.332328
1.416190
1.385986
1.307015
1.480162
1.645203
1.748182
1.754109
1.753178
1.695415
1.616462
1.746085
1.850775
1.872443
2.039924
2.156998
2.105770
1.941417
1.724700
1.573611
1.749351
1.917527
2.028394
1.998753
1.846092
1.650282
1.774338
1.896143
2.010152
2.140504
2.121673
1.978296
1.967599
2.050233
2.290511
2.549067
2.805345
3.080611
3.373729
3.634127
4.006151
4.478010
5.023501
5.624166
6.279219
6.968269
7.722940
8.557383
9.507913
10.537205
11.557007
12.225462
12.206035
11.492682
10.488774
9.500834
8.601652
7.789807
8.071424
8.822023
9.595238
10.424688
11.281364
12.108127
12.795290
13.088320
12.830521
12.152992
11.275991
10.405169
9.619250
8.874580
8.166461
7.545346
6.966551
6.378576
6.031734
6.245777
6.137401
5.720984
6.039576
6.530783
7.062715
7.655575
8.283593
8.916426
9.494871
9.934871
10.012769
9.790218
9.371449
9.092412
9.602002
9.974302
10.047984
9.715280
9.635900
9.615629
9.333220
8.838304
8.233029
7.615109
7.022715
6.473319
5.975125
5.503186
5.073471
4.808023
4.648109
4.529236
4.776471
4.974482
5.037747
4.954383
4.749623
4.862574
4.896841
4.727441
4.465712
4.193845
4.271059
4.507669
4.635610
4.592610
4.757617
4.775855
4.678923
4.915913
5.055795
4.979569
4.764616
4.504145
4.305663
4.290015
4.402832
4.925406
5.532873
6.166737
6.587169
6.587710
6.199117
5.611803
5.025124
4.485687
3.977899
3.499771
3.060572
3.077418
3.946172
4.557711
4.574753
4.003632
2.981052
2.257698
1.911863
2.181703
2.397434
2.448306
2.334772
2.332267
2.667494
2.322591
1.765918
1.647412
1.656961
1.885065
2.066401
2.089185
1.976075
1.826987
1.672521
1.756542
1.752740
1.772168
1.864226
1.879037
1.752789
1.546692
1.319741
1.112138
0.939417
0.770068
0.610729
0.474931
0.385199
0.427735
0.401956
0.351622
0.405336
0.427324
0.488984
0.489585
0.426869
0.362952
0.329496
0.297063
0.288201
0.235884
0.301244
0.542385
0.838195
1.105679
1.105183
0.842262
0.562136
0.372013
0.429478
0.460323
0.396367
0.356036
0.527140
0.678533
0.710259
0.700186
0.666387
0.569516
0.444558
0.608215
0.931625
1.328245
1.763477
2.086582
2.141936
1.989034
2.272513
2.438759
2.484519
2.457269
2.411802
2.400788
2.385471
2.559199
3.029610
3.074359
2.622836
2.665021
2.467731
2.044050
1.557963
1.130534
1.021987
1.420646
1.609169
1.668344
1.681432
1.675066
1.622594
1.403390
0.876291
0.467257
0.229349
0.084742
0.013801
0.013768
0.018795
0.011252
0.002705
0.010598
0.014160
0.004413
0.000000
0.000000
0.000000
0.000001
0.000235
0.000000
0.000000
0.000000
0.004469
0.018500
0.029725
0.022020
0.005547
0.000000
0.000000
0.000000
0.000000
0.000000
0.000000
0.000000
0.000000
0.000000
0.000000
0.000000
0.000000
0.000000
0.000000
0.000000
0.000000
0.000000
0.000000
0.000000
0.000000
0.000000
0.000000
0.000000
0.000000
0.000000
0.000000
0.000000
0.000000
0.000000
0.000000
0.000000
0.000000
0.013637
0.078172
0.082185
0.026398
0.031090
0.099096
0.171317
0.340117
0.670647
1.004597
1.167328
1.207387
1.159554
1.010884
0.732949
0.480308
0.279789
0.207675
0.184133
0.122967
0.037261
0.009614
0.000836
0.000000
0.000000
0.000342
0.010972
0.037976
0.081795
0.142110
0.213118
0.277274
0.312529
0.277768
0.209580
0.136437
0.081546
0.082915
0.056516
0.058987
0.117144
0.188441
0.240788
0.249010
0.199547
0.338844
0.539881
0.759613
0.918434
0.910565
0.746410
0.693307
0.696242
0.696396
0.680891
0.603370
0.426021
0.249745
0.416796
0.629354
0.892948
1.134517
1.293880
1.284341
1.275669
1.349018
1.678366
2.009460
2.025509
1.753649
1.510565
1.209953
1.061601
1.204497
1.439988
1.570744
1.436727
1.095014
0.778104
0.502549
0.298390
0.174046
0.124509
0.101780
0.119114
0.137468
0.104630
0.094467
0.082263
0.121370
0.173363
0.230634
0.273731
0.277162
0.238394
0.183867
0.149050
0.150243
0.158964
0.226748
0.298012
0.336078
0.308773
0.266311
0.258296
0.330096
0.381264
0.458619
0.499752
0.519710
0.595342
0.610274
0.562754
0.524723
0.447690
0.427925
0.478706
0.548153
0.559875
0.501257
0.472649
0.578931
0.973989
1.057231
0.758735
0.611866
0.696370
0.781046
0.873044
0.871021
0.806255
0.909134
1.246731
1.577390
1.716663
1.615160
1.326873
1.185333
1.532831
1.860328
2.192553
2.594226
3.038088
3.252854
3.259891
3.421196
3.254169
2.737685
2.034616
2.084589
2.395461
2.628624
3.012207
3.309504
3.400489
3.674199
3.943344
4.139563
4.040004
3.788171
3.586214
3.470424
3.621051
3.579092
3.718331
3.638658
3.665490
3.840684
3.865821
3.754514
3.542948
3.314352
3.285433
3.399276
4.502783
4.838805
4.383906
4.172044
4.474195
4.671936
4.737601
4.572075
4.826659
5.114961
5.314674
5.226519
4.928391
5.103175
5.252979
5.391342
5.347509
5.506096
5.921728
6.397477
6.905037
7.410206
7.850755
8.078097
8.019794
7.654812
7.132946
6.629685
6.426951
6.200568
5.795633
6.094491
6.275108
6.259358
6.578404
6.629927
6.337378
5.870991
5.673553
6.092931
6.606693
7.171802
7.780394
8.420016
8.959192
9.202575
8.964139
8.410121
8.988179
9.708161
10.329453
10.651638
10.415759
9.767408
9.392790
9.070036
8.586107
7.801904
7.014989
6.299433
6.156817
6.631896
7.136266
7.889479
8.841682
9.910757
11.081795
12.370104
13.723735
15.113880
16.760273
18.550152
20.485367
22.637274
25.012304
27.601156
30.410574
33.010052
33.869747
32.912128
30.243172
27.376831
24.730000
22.335083
20.175426
18.237856
16.461464
14.802425
13.265780
11.895914
10.800674
10.697327
10.380355
9.659860
8.845378
9.492917
10.229074
10.417062
10.081944
9.433478
8.592834
7.755572
7.055726
6.449724
5.898664
5.381684
5.101736
4.691408
4.237552
3.850454
3.603878
3.663968
3.873942
3.808344
3.700146
3.464086
3.293532
3.206030
3.172303
3.220465
3.008891
2.777089
2.490350
2.256241
2.156456
2.112076
2.093994
1.989864
1.862135
1.819040
1.859276
1.805164
1.776855
1.828452
1.788395
1.731702
1.693655
1.916289
2.170267
2.446324
2.719747
2.992790
3.272520
3.588452
3.929733
4.215397
4.336283
4.289741
4.225671
4.363179
4.336713
4.240771
4.357659
4.265111
4.113470
4.398473
4.655490
4.795274
4.902877
5.225106
5.466857
5.526926
5.737046
6.002777
6.303237
6.647739
6.914261
7.083932
7.070446
7.198264
7.061896
7.171906
7.413360
7.458547
7.206069
6.843362
6.385082
5.939148
5.557658
5.252036
5.033517
4.708724
4.314192
3.641476
2.953322
2.374189
2.177946
2.022261
1.930808
1.844607
1.809296
1.689393
1.775078
2.141058
2.552262
2.984283
3.403131
3.776740
3.892076
3.801015
3.723939
3.785390
3.553172
3.133920
3.545968
4.182589
4.908465
5.745646
6.644997
7.403350
7.815659
7.411876
6.677511
5.812694
5.048218
4.358013
4.645961
5.007368
5.571297
6.301686
6.917165
7.314436
7.266320
6.760389
6.110951
5.445449
4.821462
4.311890
4.834633
5.408765
6.030841
6.638615
7.229600
7.730622
8.195105
8.285358
7.948577
7.524680
7.043651
6.532902
5.993239
5.459758
5.107366
4.739086
4.796802
5.307479
5.906545
6.573145
7.304595
7.997273
8.309829
8.217396
7.694920
7.063060
6.399327
5.785454
5.958986
6.414274
6.905492
7.150070
6.776836
6.156922
5.424025
4.735837
4.182576
3.782587
3.857940
4.226531
4.564789
4.883401
5.203371
5.498139
5.763232
5.992282
6.099499
6.071720
5.846447
5.534346
5.223440
5.315366
5.654443
5.986318
6.456443
6.723071
6.755542
7.050838
7.417874
7.616830
7.544315
7.161659
6.689715
6.921116
7.260263
7.633923
8.060797
8.457886
8.691379
9.167868
9.571155
9.822985
9.836851
9.663748
9.929013
9.897242
9.566135
9.121125
8.782091
9.137017
9.436920
9.998970
10.538555
10.890551
10.887287
10.659877
10.885101
10.853071
10.509067
10.088543
9.608736
9.747280
9.795595
9.583884
9.537002
9.691398
9.525427
9.156846
8.690872
8.198117
7.759501
7.596191
7.784606
8.116242
8.111610
7.808422
7.267570
6.736076
6.685717
6.932304
7.028701
7.072348
7.158366
7.012998
6.808856
7.355713
7.650069
7.402267
7.773236
8.119150
8.349114
8.865381
9.723994
10.749949
11.835756
13.007019
14.124749
14.939592
14.924977
14.113241
12.999988
11.841692
10.783561
9.775792
8.860049
9.147253
9.974277
10.667655
10.839291
10.466719
9.862969
9.121801
8.415417
7.901018
7.652641
7.574673
7.647796
7.678130
7.448352
6.951848
6.867052
7.374939
7.988006
8.667974
9.422526
10.115707
10.398227
10.301344
10.046697
9.624619
9.069585
8.442945
7.819249
7.232707
6.695366
6.196338
5.714965
5.245117
5.109355
5.169284
4.898822
4.533598
4.115802
3.703786
3.325847
3.754080
4.160549
4.437811
4.594996
4.426872
4.111756
3.692721
3.324890
3.004928
2.885896
3.269797
3.782120
4.334088
4.824518
5.212428
5.129698
4.672045
4.108584
3.569271
3.072220
2.620406
2.222579
1.879196
1.569773
1.275846
0.987165
1.068973
1.129933
1.027551
0.806544
0.588883
0.602342
0.718517
0.610765
0.438442
0.269419
0.152925
0.081214
0.025958
0.001202
0.000000
0.000000
0.000000
0.000000
0.000000
0.000000
0.000000
0.000000
0.000026
0.017494
0.057830
0.118268
0.175582
0.148216
0.046090
0.000000
0.000000
0.000000
0.000000
0.004034
0.031550
0.029232
0.000000
0.000000
0.000000
0.007159
0.051369
0.154450
0.334155
0.067793
0.000000
0.000000
0.000000
0.000000
0.000000
0.000000
0.000000
0.000000
