track	type=wiggle_0
fixedStep	chrom=chr	start=1	step=1
0.000000
0.000000
0.000000
0.000000
0.000000
0.000000
0.000000
0.000000
0.000000
0.298385
0.634136
0.871908
1.008452
1.062328
1.025730
0.804397
0.390516
0.187842
0.141836
0.120013
0.156422
0.234280
0.336815
0.428680
0.441298
0.644032
0.847107
0.935180
0.803912
0.590015
0.631034
0.817499
0.583457
0.317844
0.136224
0.045119
0.006621
0.000933
0.000555
0.000861
0.003402
0.002634
0.000000
0.000000
0.029235
0.086755
0.150882
0.214510
0.222125
0.229249
0.313966
0.400407
0.415396
0.352780
0.287182
0.328131
0.303366
0.230007
0.141715
0.218148
0.387478
0.669615
0.805940
0.845608
0.853347
0.839909
0.780025
0.636858
0.327486
0.175947
0.090141
0.037547
0.070249
0.087311
0.081483
0.060782
0.051176
0.053681
0.024635
0.002137
0.000000
0.000000
0.023862
0.106494
0.264034
0.551428
1.080991
1.347188
1.420714
1.433209
1.420714
1.364097
1.164487
0.721790
0.397772
0.183816
0.060861
0.006255
0.000000
0.000000
0.000000
0.000951
0.003560
0.005168
0.019792
0.052479
0.078985
0.092953
0.081072
0.063131
0.053314
0.069318
0.079612
0.093698
0.095082
0.113195
0.131357
0.128086
0.134940
0.191819
0.342044
0.390123
0.401079
0.401079
0.397799
0.383356
0.332581
0.186977
0.185976
0.155553
0.160257
0.164138
0.172559
0.207133
0.238712
0.291086
0.330258
0.332039
0.301241
0.259541
0.211346
0.297414
0.428908
0.545472
0.510699
0.567648
0.562560
0.492272
0.409269
0.378508
0.471148
0.557939
0.620377
0.754957
0.915629
1.083612
1.291527
1.529876
1.797894
2.094300
2.413738
2.746974
3.032975
3.234667
3.221881
3.260266
3.311922
3.656221
4.133463
4.627288
5.010797
5.191718
5.029068
4.815884
4.683336
4.904936
5.489659
6.219293
7.041729
7.948347
8.891591
9.721572
10.109163
9.736428
8.910133
7.986594
7.323298
7.049968
6.475115
6.190262
5.704982
5.171597
4.651613
4.306335
4.055459
3.786216
3.405102
3.042995
2.906014
2.666912
2.369428
2.058153
1.750738
1.459160
1.214709
1.069993
1.059084
0.967478
0.838350
0.730037
0.709469
0.710683
0.829250
0.951666
1.050486
1.107895
1.067679
1.104525
1.247425
1.399604
1.561334
1.731493
1.909707
2.088933
2.239665
2.330897
2.284465
2.257738
2.284670
2.481075
2.671196
2.821723
2.835338
2.732987
2.575274
2.704836
2.898359
3.074740
3.142218
3.123528
3.022785
2.905935
2.911713
2.802790
2.646686
2.788759
2.923042
2.915505
2.874669
2.719805
2.509009
2.295515
2.101403
1.943351
1.811405
1.727710
1.887489
2.027060
2.107300
2.073118
1.937811
1.769801
1.605138
1.455601
1.452046
1.482749
1.456339
1.374015
1.320457
1.320351
1.451526
1.536335
1.617975
1.652966
1.601084
1.475399
1.329249
1.188295
1.057679
0.937182
0.926241
1.019513
1.276229
1.601767
1.985543
2.416644
2.906093
3.455462
4.068655
4.650402
5.004691
4.914965
4.453848
4.041926
3.832687
3.375619
2.895077
2.777758
2.786392
2.844487
2.691041
2.343323
1.923355
1.722913
1.465476
1.329829
1.471671
1.543016
1.612399
1.632117
1.542693
1.518344
1.451817
1.255782
1.114611
1.177716
1.226980
1.261052
1.637885
2.071849
2.463396
2.617652
2.453623
2.052817
1.622729
1.249247
0.962505
1.095310
1.275729
1.434108
1.539693
1.498752
1.348725
1.166125
1.039144
0.888443
0.737288
0.596365
0.822936
1.146128
1.364797
1.377563
1.159290
0.976797
0.714203
0.476527
0.308412
0.271015
0.381500
0.525663
0.617808
0.643083
0.556986
0.520036
0.604604
0.573418
0.462830
0.332479
0.220996
0.133637
0.082432
0.172311
0.339569
0.617840
1.011469
1.038052
0.688115
0.394061
0.194590
0.070653
0.009681
0.000000
0.001280
0.004892
0.000735
0.000000
0.000000
0.000000
0.000000
0.000000
0.000000
0.000000
0.000000
0.000000
0.000000
0.000000
0.000000
0.000000
0.000000
0.000000
0.000000
0.000000
0.000000
0.000000
0.000000
0.000343
0.032711
0.066127
0.015550
0.000000
0.000000
0.000000
0.000000
0.000000
0.000000
0.000000
0.000000
0.000000
0.000000
0.000000
0.000000
0.000000
0.000000
0.000000
0.000000
0.000000
0.000000
0.000000
0.000000
0.000000
0.000000
0.000000
0.000000
0.000000
0.000228
0.017290
0.093699
0.238903
0.477111
0.729172
0.853669
0.889280
0.897418
0.897418
0.897418
0.897418
0.888531
0.848469
0.707149
0.419742
0.211398
0.371630
0.591338
0.838861
0.996555
0.924586
0.732296
0.490593
0.417101
0.581660
0.655349
0.584496
0.451451
0.355487
0.273383
0.412917
0.661016
0.986241
1.397613
1.893525
2.430021
2.815888
2.528974
2.065575
1.723279
1.336842
1.005431
0.836960
0.624453
0.433921
0.367874
0.533765
0.592862
0.524293
0.337506
0.147796
0.041506
0.015488
0.057832
0.120291
0.169601
0.164736
0.107086
0.048132
0.011281
0.000008
0.000000
0.000000
0.000000
0.000000
0.000000
0.000000
0.000000
0.000000
0.000041
0.000000
0.000000
0.000000
0.000000
0.008660
0.021322
0.027694
0.033817
0.044762
0.073295
0.168696
0.326702
0.544186
0.765039
0.810059
0.672378
0.471630
0.277341
0.134102
0.155641
0.217488
0.266370
0.279814
0.245994
0.182179
0.254796
0.362172
0.364769
0.265136
0.197031
0.164727
0.224657
0.267957
0.278755
0.243765
0.184413
0.126920
0.080052
0.091883
0.114647
0.188508
0.282554
0.397358
0.521920
0.608476
0.625734
0.577783
0.643055
0.754805
0.804597
0.766197
0.634993
0.500922
0.401996
0.541982
0.737554
0.964086
1.205604
1.497439
1.853473
2.250185
2.556157
2.679987
2.458730
2.144710
1.848542
1.643827
1.808194
1.852225
1.855665
1.830588
1.984301
2.569225
3.260417
4.032975
4.894678
5.815968
7.331095
8.191290
7.320672
5.747028
4.680877
3.823824
3.251136
3.480000
3.521887
3.610480
3.968904
4.515655
4.738639
4.553434
4.052944
3.454772
2.885564
2.367923
1.920975
1.658297
1.505752
1.666399
1.705565
1.517537
1.224289
0.878834
1.043665
1.253262
1.486983
1.747035
2.002774
2.182338
2.193304
2.037379
1.787554
1.535077
1.307680
1.128647
1.060143
0.961455
0.809600
0.662283
0.529299
0.417891
0.336273
0.272856
0.200962
0.134180
0.082807
0.047824
0.024252
0.006750
0.000266
0.000038
0.000000
0.000000
0.000000
0.000000
0.000000
0.000000
0.000000
0.001677
0.010460
0.027303
0.049432
0.069455
0.069300
0.084729
0.088603
0.071064
0.048461
0.045895
0.032684
0.015341
0.021648
0.070264
0.187542
0.334220
0.539864
0.626410
0.626238
0.735001
1.060265
1.406753
1.757535
1.707502
1.255151
0.849909
0.538956
0.309423
0.151027
0.052899
0.006906
0.000346
0.004573
0.011547
0.023012
0.039299
0.060010
0.075661
0.077211
0.067813
0.050556
0.100235
0.156729
0.178021
0.138747
0.084619
0.042294
0.022607
0.025404
0.028997
0.019066
0.003836
0.000000
0.003828
0.019518
0.047911
0.092118
0.155548
0.231952
0.319148
0.418734
0.532844
0.651181
0.757100
0.773594
0.694085
0.577114
0.463503
0.361522
0.269886
0.190733
0.124496
0.079826
0.121753
0.148073
0.148109
0.155795
0.157905
0.236799
0.348515
0.477678
0.551381
0.560380
0.537898
0.675000
0.855333
1.067913
1.212167
1.196003
1.041239
0.863896
0.649489
0.472528
0.321512
0.361214
0.551320
0.795159
1.042155
1.185046
1.120581
1.381871
1.841679
2.443993
3.009425
2.987511
2.381890
1.784745
1.330314
1.038785
0.988462
0.886750
0.818105
0.848190
0.885768
1.071373
1.229765
1.240469
1.101764
0.932692
0.758134
0.639090
0.723141
0.821323
0.814161
0.722095
0.856310
0.954561
0.970546
0.883289
0.769236
0.779887
0.864385
0.982649
1.121034
1.231786
1.258610
1.199312
1.052599
1.052533
1.111742
1.153182
1.154869
1.263853
1.411407
1.534289
1.653716
1.824808
2.022647
2.542915
3.472900
3.989195
3.440301
2.778441
3.046420
3.220262
3.193529
2.977448
2.692912
2.423398
2.182959
1.967936
1.784892
1.634998
1.548537
1.541577
1.719825
1.890787
2.058305
2.214110
2.282531
2.308937
2.239606
2.138244
2.105983
2.087382
2.129327
2.140071
2.094289
1.954559
1.809742
1.663540
2.084684
2.659242
3.274515
3.855145
3.998785
3.712079
3.085957
2.464829
2.364122
2.354191
2.340364
2.676349
2.785889
2.629952
2.346711
2.758549
3.314649
3.831663
3.846801
3.375154
2.791763
2.780037
2.613061
2.278102
1.963436
2.035208
2.345415
2.649790
2.676172
2.442129
2.421375
2.560118
2.723923
3.064652
3.354080
3.249327
3.059812
3.320336
3.045056
2.488060
2.188344
2.460355
2.754426
3.057377
3.306301
3.377979
3.234840
2.972926
2.670735
2.372242
2.086613
1.833247
1.640702
1.480171
1.419984
1.563204
1.594057
1.473379
1.557895
1.648430
1.606932
1.550255
1.618078
1.521760
1.552208
1.533014
1.492807
1.407760
1.265554
1.329191
1.297419
1.290037
1.374386
1.388047
1.564952
1.651495
1.583466
1.430499
1.349121
1.364055
1.372909
1.392612
1.447582
1.581066
2.082981
2.662827
3.175844
3.303625
2.963517
2.470855
1.942582
1.997425
1.888879
1.626377
1.638394
1.492270
1.300660
1.111429
0.927343
0.761629
0.619691
0.620770
0.739568
0.804987
0.767719
0.672689
0.642382
0.602379
0.526605
0.490679
0.511825
0.474716
0.376440
0.277300
0.293131
0.312068
0.544582
0.976554
1.288676
1.404235
1.403804
1.296978
1.008506
0.610587
0.370505
0.274009
0.335962
0.330426
0.281936
0.211178
0.350803
0.535071
0.737081
0.853799
0.861980
0.651305
0.459701
0.342708
0.469976
0.670702
0.890015
1.139930
1.262787
1.679395
2.255742
2.713100
2.940771
3.039240
3.031060
2.896634
2.540715
1.815760
1.259956
0.846043
0.537006
0.310345
0.153578
0.055578
0.007962
0.000000
0.000000
0.000000
0.000000
0.000000
0.000000
0.000000
0.000000
0.000000
0.000000
0.000000
0.000000
0.000000
0.000000
0.000000
0.000000
0.000000
0.000000
0.000000
0.000000
0.000000
0.000000
0.000000
0.000000
0.000000
0.000000
0.000000
0.000000
0.000000
0.000000
0.000000
0.000000
0.000000
0.000000
0.000000
0.000000
0.000000
0.004428
0.044163
0.136378
0.292537
0.520121
0.827213
1.244923
1.640405
1.819287
1.869073
1.864105
1.802003
1.671486
1.447186
1.410162
1.377374
1.279453
1.120685
0.996771
1.289087
1.627393
2.014846
2.456925
2.910359
3.233748
3.191935
2.832530
2.354448
1.889629
1.484149
1.143184
0.861359
0.629088
0.442900
0.292245
0.175040
0.088714
0.032636
0.004359
0.000000
0.000000
0.000000
0.000000
0.000000
0.000000
0.000000
0.000000
0.000000
0.000000
0.000000
0.000000
0.000000
0.000000
0.000000
0.000000
0.000000
0.000000
0.000000
0.000000
0.000000
0.000000
0.000000
0.000000
0.000000
0.000000
0.000000
0.000000
0.000000
0.000000
0.000000
0.000000
0.000000
0.000000
0.000000
0.000000
0.000000
0.000000
0.000000
0.000000
0.000000
0.000000
0.000000
0.000000
0.000000
0.000000
0.000000
0.000000
0.000000
0.000000
0.000000
0.000000
0.001125
0.040620
0.145216
0.333676
0.637655
0.903903
1.049415
1.145857
1.559402
1.919170
1.973868
1.726339
1.342186
1.006843
0.771650
1.067997
1.401896
1.700788
1.814549
1.657145
1.388934
1.756060
2.221714
2.674080
2.799658
2.994432
3.570889
4.006419
3.303332
2.495406
1.867609
1.417871
1.047890
0.721775
0.835078
1.040287
1.263706
1.478950
1.581200
1.735477
1.946408
2.070973
1.988931
1.735229
1.460161
1.214051
1.182204
1.228719
1.168917
0.992031
0.802139
0.636285
0.470056
0.328026
0.265244
0.392222
0.502809
0.558297
0.759973
1.050373
1.415762
1.854110
2.399614
3.046013
3.725919
4.238531
4.263383
3.788819
3.198517
2.649327
2.169306
1.690388
1.264238
1.023989
1.064899
1.008775
0.881466
0.764811
0.673030
0.655434
0.760943
0.828104
0.942921
0.998338
0.981314
0.991166
1.132528
1.224136
1.506703
1.841451
2.153676
2.520652
2.923815
3.063839
2.922654
2.507213
2.088368
1.724143
1.429067
1.222753
1.023139
1.049586
1.126048
1.129083
1.505408
1.926578
2.260159
2.703279
3.284413
3.736258
3.683304
4.144596
4.682013
4.939166
4.608869
3.939704
3.248818
2.613377
2.064312
1.618806
1.262646
0.941554
0.876587
0.836685
0.732741
0.862866
0.943356
0.929085
1.111343
1.162633
1.048786
0.864766
0.896557
1.097205
1.313960
1.562360
1.815629
2.000050
2.003327
1.824373
1.554185
1.279381
1.042884
0.836468
0.654155
0.518546
0.467725
0.405290
0.502591
0.628557
0.746453
0.854784
0.835820
0.708890
0.545715
0.396314
0.344318
0.306294
0.238925
0.310944
0.314323
0.215042
0.258915
0.330088
0.347300
0.302885
0.241899
0.175988
0.119464
0.075097
0.065348
0.089387
0.097906
0.088358
0.062402
0.047452
0.049516
0.036764
0.022370
0.048771
0.080357
0.110392
0.121860
0.107800
0.118047
0.164798
0.204597
0.214682
0.176929
0.140232
0.125859
0.136435
0.122129
0.085568
0.047851
0.040892
0.135932
0.298428
0.553862
0.932549
1.435785
1.622902
1.410795
0.901403
0.539390
0.325644
0.170413
0.083253
0.132842
0.193762
0.262413
0.334017
0.378741
0.372814
0.323808
0.252176
0.180255
0.117827
0.067266
0.056315
0.121003
0.161563
0.129517
0.067425
0.021071
0.001295
0.000000
0.000000
0.000054
0.006143
0.013967
0.039888
0.086388
0.149768
0.227487
0.311777
0.351621
0.329711
0.244100
0.157536
0.088037
0.040730
0.012309
0.000574
0.000000
0.001995
0.040751
0.124910
0.238804
0.337661
0.339451
0.250935
0.161062
0.229406
0.243131
0.315672
0.492916
0.733729
1.038441
1.363002
1.765799
2.278680
2.919715
3.686117
4.497924
5.192843
5.199312
4.500712
3.667359
2.892758
2.235278
1.691542
1.242164
0.876032
0.587061
0.365952
0.209641
0.144102
0.100203
0.072000
0.057921
0.076686
0.080953
0.058374
0.034942
0.057730
0.072014
0.073863
0.058636
0.036602
0.041715
0.047469
0.038174
0.020969
0.045200
0.065671
0.064731
0.043988
0.019391
0.004276
0.007571
0.031159
0.073177
0.127476
0.166957
0.157782
0.114759
0.061778
0.023495
0.004110
0.006687
0.011990
0.024601
0.061334
0.168543
0.246755
0.299243
0.475748
0.751477
1.052247
1.311203
1.604145
1.817905
2.004609
2.139698
2.165110
2.113289
2.069349
2.034022
1.974147
1.784192
1.392456
1.465953
1.419316
1.657652
1.947433
2.016877
1.954225
1.839947
1.755389
2.052301
2.610324
3.219218
3.575922
3.281072
2.719437
2.113616
1.581650
1.173739
0.938021
1.029985
1.122575
1.255685
1.429152
1.506521
1.321479
0.995839
0.693742
0.636901
0.995749
1.296647
1.006353
0.653148
0.378952
0.186178
0.067038
0.009773
0.000000
0.000000
0.000000
0.000000
0.000000
0.000000
0.000000
0.000000
0.000000
0.000000
0.000589
0.005888
0.009451
0.009804
0.003371
0.000071
0.000000
0.000000
0.000000
0.000000
0.000000
0.000000
0.000000
0.000000
0.000000
0.000000
0.000006
0.002400
0.003598
0.000787
0.000000
0.000000
0.010335
0.068159
0.182916
0.364728
0.621632
0.961346
1.392763
2.050973
2.508399
2.680043
2.723641
2.727054
2.698216
2.575000
2.279042
1.833068
2.176786
2.319813
2.113737
1.775031
2.076660
2.638447
3.261225
3.764193
4.294061
4.521542
4.238591
3.612556
3.038876
2.525987
2.039471
1.576686
1.180357
1.170934
1.294158
1.273524
1.130463
1.060079
1.209852
1.252245
1.261351
1.247745
1.195727
1.026299
0.671350
0.375762
0.504429
0.647892
0.791365
0.906075
0.929367
0.915493
1.038651
1.071964
0.972220
0.802674
0.615381
0.449547
0.460707
0.573214
0.711835
0.863551
1.028805
1.176646
1.247340
1.194290
1.051936
0.883846
0.878813
0.951658
0.954190
1.020643
1.062487
1.152041
1.114107
1.152137
1.321470
1.489121
1.602808
1.914013
2.388473
2.575686
2.409851
2.465474
2.363171
2.189013
2.259463
2.403873
2.570742
2.623850
2.529866
2.432148
2.330784
2.510968
2.622533
2.597553
2.477628
2.412757
2.327105
2.274615
2.294571
2.247267
2.183619
2.045875
2.123801
2.199649
2.183689
2.026224
2.020526
2.327076
2.690324
3.080428
3.470740
3.774908
3.820347
3.583706
3.434473
3.180072
2.813648
2.446519
2.594829
2.800713
2.895767
2.918004
2.786137
2.559217
2.398437
2.402158
2.459785
2.690552
2.996539
3.302696
3.546205
3.580801
3.395143
3.254668
3.005241
2.690528
2.376896
2.085314
2.043880
1.987371
1.804279
1.872241
2.372664
3.066672
3.893532
4.829151
6.079655
7.832782
8.829713
9.168471
8.941215
7.944297
6.189383
4.907633
4.000714
3.343961
3.596408
3.739907
3.729195
3.492896
3.188468
2.937767
3.243214
3.649248
3.783526
4.366899
5.019491
5.516311
5.715821
5.359137
4.697686
4.033481
3.406216
2.839008
2.335031
2.142994
2.833314
3.829948
4.146625
3.747654
2.640456
1.853789
1.339203
0.935494
0.636859
0.716496
0.929516
1.072819
1.053964
1.038508
0.997854
0.885514
0.772677
0.641964
0.699765
0.738481
0.711173
0.617584
0.502278
0.392853
0.484833
0.558006
0.569644
0.522720
0.514903
0.709973
0.967108
1.057630
0.973614
0.832580
0.823717
0.905638
1.035945
1.176349
1.334452
1.510969
1.684637
1.823652
1.882095
1.853445
1.734254
1.599277
1.488394
1.586838
1.750435
1.823096
1.776550
1.724175
1.683345
1.535899
1.367059
1.207595
1.077115
1.113642
1.107837
1.003757
1.023602
1.172113
1.306411
1.381531
1.333909
1.217018
1.087698
0.948860
0.838710
1.001183
1.233994
1.388250
1.498978
1.561036
1.616732
1.661172
2.280698
3.110135
3.696206
3.949450
4.064850
4.084151
4.038733
3.891514
3.612396
2.956623
2.210396
2.477225
2.527991
2.624804
2.637969
2.402251
2.120885
1.831615
2.079514
2.267485
2.305439
2.728872
3.174320
3.663834
4.160959
4.759052
5.413474
6.000789
6.298831
5.980647
5.381828
4.726563
4.180501
3.968705
3.656063
3.319302
3.172543
3.237217
3.000194
2.716785
2.398981
2.040253
1.958712
2.022266
1.950719
1.782016
1.683762
1.719068
1.566911
1.366377
1.153433
1.046346
1.043162
0.814870
0.841756
0.974522
1.095773
1.166230
1.142098
1.029158
0.906603
0.837455
0.718116
0.692419
0.961709
1.235818
1.339417
1.211095
1.023663
0.850065
0.996927
1.202466
1.281815
1.298812
1.376825
1.522753
1.710071
1.915342
2.102053
2.210764
2.178266
2.084216
2.166501
2.167565
2.019606
1.833862
1.628731
1.484639
1.438102
1.338591
1.249190
1.136976
1.059359
1.090445
1.245378
1.367656
1.380125
1.274979
1.274306
1.321712
1.388068
1.597603
1.775164
1.859616
1.759479
1.579150
1.355162
1.174627
0.978468
0.800868
0.646258
0.538759
0.498089
0.468517
0.526577
0.701453
0.907901
1.142354
1.411955
1.715798
1.989093
2.143954
2.076937
1.818555
1.631225
1.378850
1.234195
1.540013
1.911548
2.333736
2.758028
3.092072
3.135319
3.077855
3.610817
4.296261
5.095786
5.983859
6.912204
7.723122
8.226123
8.561852
9.625713
10.344503
10.308039
9.497053
8.250130
7.027493
5.940647
4.977190
4.135986
3.422420
2.851795
2.567185
2.789962
3.154087
3.346980
3.303712
3.644615
3.990940
4.105569
3.829412
3.401578
2.922274
2.488487
2.093900
1.739930
1.415692
1.132865
0.920368
0.825960
0.707238
0.749362
0.872714
0.971914
1.085776
1.236173
1.258222
1.164238
1.021710
0.830152
0.656229
0.605895
0.571938
0.526678
0.609790
0.764307
0.906138
1.076028
1.200667
1.289014
1.433924
1.600206
1.740436
1.764130
1.664235
1.488477
1.277240
1.074284
1.134839
1.249711
1.341397
1.395550
1.438789
1.375081
1.306009
1.339625
1.372733
1.396838
1.391888
1.558998
1.702935
1.748657
1.824585
2.026855
2.218254
2.401399
2.572311
2.728524
2.778320
2.812769
2.812849
3.007923
3.189973
3.235868
3.104467
2.987564
3.167837
3.389047
3.511827
3.434287
3.255905
3.377958
3.503267
3.533650
3.454571
3.312952
3.320856
3.278252
3.665438
3.938822
4.059004
4.145591
4.375515
4.488039
4.499326
4.304422
4.033980
3.745699
3.485977
3.151553
2.822866
2.313716
2.404633
2.369697
2.205343
2.404964
2.741865
3.081909
3.402276
3.520205
3.468169
3.194821
2.849327
2.499108
2.260326
2.100592
2.108080
1.993986
1.760621
1.772219
1.862567
2.039121
2.225868
2.482663
3.112067
3.810984
4.363081
4.412991
3.928738
3.752992
3.747566
3.951332
4.166009
4.256518
4.218071
4.434831
4.443974
4.190908
4.188788
4.592412
4.923385
5.044316
5.000604
5.248515
5.381447
5.728409
6.256914
6.868931
7.559585
8.306941
8.900753
9.166687
8.756739
8.065727
7.326833
6.625257
6.051630
5.696505
5.676680
5.457244
5.428948
5.903581
6.337339
6.590087
6.602678
6.390539
6.014788
5.608493
5.186056
4.766907
4.353941
3.945393
3.555133
3.406337
3.275294
3.074643
2.843720
2.608918
2.388230
2.193696
2.082001
1.918606
1.736680
1.763945
1.720280
1.704589
1.830816
1.858173
2.078759
2.293528
2.391524
2.368851
2.279004
2.492850
2.593896
2.509326
2.318403
2.085646
1.854172
1.644004
1.458858
1.291741
1.141720
1.148768
1.391492
1.492600
1.378113
1.125078
0.868017
1.116278
1.307035
1.500725
1.312105
0.985686
0.662828
0.531653
0.467376
0.374393
0.274824
0.186127
0.118404
0.142519
0.222036
0.309724
0.391364
0.470918
0.494343
0.423346
0.321401
0.377500
0.408965
0.263126
0.212790
0.162036
0.040473
0.022509
0.029715
0.028014
0.000000
0.000000
0.000000
0.000000
0.002928
0.019588
0.051455
0.100640
0.167638
0.245438
0.304869
0.249827
0.221314
0.187676
0.225774
0.313410
0.441333
0.592281
0.755547
0.945596
1.332495
1.810281
2.390129
3.060500
3.785600
4.411901
4.495455
4.030686
3.701945
3.533357
3.107264
2.557494
2.403297
1.995486
1.433312
1.003590
0.659551
0.396135
0.210636
0.088997
0.023794
0.002710
0.000000
0.000000
0.000000
0.000000
0.000000
0.000000
0.000000
0.000715
0.034897
0.101760
0.099671
0.370414
1.080991
0.000000
0.000000
0.000000
0.000000
0.000000
0.000000
0.000000
0.000000
