track	type=wiggle_0
fixedStep	chrom=chr	start=1	step=1
0.000000
0.000000
0.000000
0.000000
0.000000
0.000000
0.000000
0.000000
0.000000
0.000467
0.000388
0.000100
0.000000
0.000000
0.000000
0.000000
0.000000
0.000000
0.000000
0.000000
0.003154
0.032301
0.108976
0.237036
0.427653
0.668782
0.882043
0.973330
0.839461
0.622203
0.656479
0.846475
0.607903
0.334721
0.143461
0.039368
0.001687
0.000000
0.000000
0.000000
0.000000
0.000000
0.000000
0.000000
0.004508
0.023856
0.065037
0.129565
0.216637
0.326259
0.446084
0.556173
0.574186
0.499066
0.425085
0.476438
0.446657
0.354373
0.238642
0.229895
0.402224
0.693186
0.833885
0.874832
1.001665
0.930173
0.806851
0.658942
0.439173
0.290037
0.172850
0.085860
0.092353
0.105956
0.094636
0.071583
0.060539
0.063137
0.030936
0.004274
0.000000
0.000038
0.028676
0.117395
0.281746
0.576096
1.119438
1.393095
1.468646
1.481496
1.468646
1.410432
1.205148
0.751627
0.418843
0.197600
0.068322
0.008473
0.000000
0.000000
0.000062
0.000717
0.000001
0.000000
0.002664
0.013239
0.032527
0.059046
0.083986
0.101085
0.102098
0.126920
0.142989
0.161064
0.160382
0.170721
0.189325
0.191273
0.251747
0.318619
0.389764
0.448252
0.460142
0.436244
0.414209
0.404776
0.369551
0.323372
0.269802
0.294323
0.357132
0.429597
0.517726
0.603172
0.637847
0.615375
0.546744
0.482162
0.529058
0.555449
0.574403
0.635973
0.722339
0.805678
0.908210
0.985352
0.985863
1.050872
1.047823
0.959692
0.839863
0.950190
1.102363
1.271300
1.429918
1.505858
1.459706
1.647333
1.923365
2.226741
2.556822
2.902306
3.197283
3.403139
3.381915
3.422922
3.479723
3.828122
4.316709
4.827621
5.222944
5.409587
5.241441
5.021432
4.883825
5.104000
5.697900
6.436994
7.282948
8.214382
9.178171
10.020679
10.417998
10.035920
9.197087
8.253582
7.586970
7.301314
6.832847
6.729999
6.296901
6.276250
5.965527
5.489596
4.965838
4.482214
4.075330
3.783590
3.832824
3.713505
3.421959
3.068731
2.674927
2.295061
1.981850
1.766563
1.849579
1.949102
2.001227
2.112805
2.135001
2.032232
2.141045
2.351083
2.577628
2.761923
2.840977
2.812952
2.995108
3.275787
3.508778
3.645365
3.724050
4.006350
4.154973
4.226427
4.159991
4.141221
3.993990
3.876076
3.834580
4.151509
4.442899
4.615509
4.703018
4.551147
4.322886
4.019474
3.751096
3.468250
3.339260
3.462134
3.564292
3.530463
3.370015
3.238051
3.202683
3.232374
3.241907
3.090375
2.879680
2.697123
2.476703
2.248514
2.032258
1.845843
1.778439
1.800896
1.744633
1.689903
1.605682
1.481960
1.370325
1.453997
1.486742
1.385270
1.301693
1.233058
1.183334
1.260408
1.466784
1.652328
1.812982
1.946351
2.004744
1.959656
1.837470
1.807191
1.714902
1.567313
1.412001
1.265823
1.353960
1.691413
2.087852
2.529014
3.029446
3.591733
4.222155
4.821251
5.185802
5.094280
4.619521
4.197140
3.985066
3.516904
3.033496
2.897940
3.126410
3.251964
3.124515
2.813921
2.891798
2.736020
2.422268
2.116605
2.018875
1.954207
1.934017
1.820338
1.547172
1.274898
1.093042
1.114199
1.192589
1.238557
1.036665
0.878406
1.063439
1.352482
1.620768
1.743929
1.602810
1.298692
0.975665
0.693249
0.756664
0.911044
1.078207
1.229949
1.305824
1.270939
1.124491
0.959461
1.022663
1.074285
1.006063
0.873021
0.719581
0.577587
0.453469
0.346277
0.255839
0.180176
0.117813
0.146085
0.230419
0.331883
0.434647
0.490873
0.465677
0.365296
0.257944
0.205419
0.312080
0.442483
0.572963
0.630216
0.567165
0.436995
0.307365
0.198895
0.185087
0.391079
0.706389
0.751943
0.542758
0.391862
0.250440
0.248629
0.186494
0.087468
0.020823
0.000000
0.000000
0.000000
0.000000
0.000000
0.000000
0.000000
0.000000
0.000000
0.000000
0.000000
0.000000
0.000000
0.000000
0.000000
0.000000
0.000000
0.000000
0.000000
0.000000
0.000000
0.000000
0.000005
0.025218
0.065697
0.014988
0.000000
0.000000
0.000000
0.000000
0.000000
0.000000
0.000000
0.000000
0.000000
0.000000
0.000000
0.000000
0.000000
0.000000
0.000000
0.000000
0.000000
0.000000
0.000000
0.000000
0.000000
0.000000
0.000000
0.000000
0.000000
0.000474
0.020842
0.101953
0.253153
0.498105
0.758126
0.886341
0.922985
0.931358
0.931358
0.931358
0.931358
0.922197
0.881783
0.734506
0.430681
0.298419
0.486828
0.739133
1.030555
1.201593
1.123419
0.913580
0.636141
0.405795
0.518604
0.665565
0.673751
0.568249
0.469574
0.375577
0.333277
0.551771
0.840962
1.207399
1.661619
2.158411
2.571059
2.580718
2.222604
1.794193
1.369709
1.078948
0.922535
0.670457
0.440224
0.349050
0.540189
0.610582
0.542827
0.350561
0.156785
0.046743
0.001859
0.016261
0.053397
0.084780
0.080316
0.042504
0.010041
0.000000
0.000000
0.000000
0.000000
0.000000
0.000000
0.000000
0.000000
0.000000
0.000000
0.000000
0.000000
0.000000
0.000000
0.000049
0.010302
0.023224
0.027695
0.028943
0.029247
0.051734
0.147887
0.302139
0.513581
0.728496
0.811489
0.691719
0.497866
0.296943
0.145461
0.050463
0.006497
0.004702
0.005140
0.000652
0.000000
0.000000
0.000000
0.000000
0.000000
0.000000
0.000000
0.001245
0.006616
0.019975
0.059693
0.121344
0.196703
0.261913
0.270441
0.222014
0.145399
0.221403
0.324319
0.438290
0.515691
0.505943
0.428431
0.336184
0.267519
0.376715
0.571721
0.811489
1.061024
1.216488
1.164522
0.930302
0.949262
1.085456
1.324418
1.646153
2.018280
2.322608
2.444768
2.344828
2.040353
1.751932
1.697065
1.866303
1.911656
1.915192
1.889369
2.065433
2.655685
3.363735
4.156059
5.033225
5.970726
7.507718
8.383496
7.497086
5.900198
4.814316
3.942109
3.357286
3.603785
3.648957
3.743368
4.120388
4.680889
4.909491
4.718060
4.202611
3.588317
3.002647
2.472298
2.019499
1.706836
1.561791
1.723923
1.765461
1.577755
1.277949
0.944010
1.141638
1.361429
1.604243
1.871291
2.134879
2.321001
2.332381
2.170833
1.913480
1.654379
1.418814
1.232080
1.160366
1.055321
0.894326
0.737606
0.594806
0.476626
0.388211
0.319069
0.241483
0.169420
0.111765
0.069947
0.039826
0.016044
0.007081
0.011470
0.024884
0.050493
0.075729
0.109275
0.145482
0.186118
0.227858
0.273698
0.328920
0.392898
0.466336
0.551127
0.642950
0.722475
0.739447
0.693702
0.794810
0.894690
0.992514
1.056291
1.054594
0.981670
0.868699
0.755226
0.810064
0.914750
1.014372
1.045490
1.091375
1.442277
1.795604
1.742838
1.329243
1.478356
1.610295
1.661910
1.652791
1.563610
1.406477
1.254776
1.121426
0.991554
1.076463
1.159852
1.244519
1.377627
1.548370
1.670709
1.707638
1.645837
1.518755
1.376487
1.230229
1.088189
0.963293
0.863602
0.941859
1.017829
0.976611
0.971857
0.899400
0.786263
0.855838
1.020498
1.216293
1.443286
1.671573
1.888281
2.138267
2.431118
2.734998
2.989027
3.027141
2.844742
2.584022
2.317449
2.049628
1.803248
1.570062
1.349110
1.178124
1.301145
1.385110
1.377177
1.293122
1.172614
1.030219
1.047702
1.120613
1.322310
1.421039
1.254532
1.171418
1.516128
1.986612
2.762496
3.484856
3.776924
3.851858
3.862604
3.863425
3.851310
3.780756
3.509991
2.842155
2.736722
2.483251
2.426490
2.537525
3.059262
3.447400
3.586647
3.625673
3.415890
2.930939
2.412987
1.945414
1.711512
2.099431
2.039920
1.489228
1.103900
1.080078
1.234966
1.238657
1.098592
0.932474
0.759503
0.638416
0.750503
0.850021
0.840693
0.735866
0.778721
0.776227
0.690109
0.583236
0.612471
0.732883
0.857741
0.999774
1.146820
1.258330
1.284433
1.225335
1.075241
0.920098
0.845483
0.891435
0.962589
1.077405
1.152730
1.205816
1.342360
1.519075
1.661812
1.782035
1.885545
1.974199
1.995472
2.055340
2.220215
2.352303
2.330594
2.153572
1.912369
1.681444
1.475188
1.296816
1.153563
1.220798
1.342251
1.464794
1.484081
1.406072
1.403253
1.528015
1.686448
1.862783
2.034154
2.221796
2.420498
2.601710
2.734821
2.776389
2.674219
2.502396
2.332364
2.150521
2.213461
2.608582
3.235226
3.786932
3.865718
3.459817
2.859376
2.276756
1.848133
1.889291
2.266984
2.544196
2.461051
2.129323
1.724137
1.934386
2.497718
3.062035
3.357633
3.100877
2.721606
2.777931
2.564712
2.245164
1.923747
1.620028
1.808562
1.979030
2.103664
2.230169
2.436545
2.454446
2.281081
2.049353
2.155525
2.595864
3.149049
3.397629
3.123624
3.218413
3.560408
3.926920
4.311545
4.684310
4.896117
4.908532
4.705508
4.354764
3.994997
3.609522
3.230052
2.888772
2.584306
2.639320
2.925793
3.274253
3.596215
3.738734
3.646137
3.314524
2.953591
2.849682
2.918240
2.747946
2.445704
2.091914
1.815791
2.065403
2.272104
2.389520
2.307128
2.135557
2.052038
2.460135
2.706935
2.664511
2.378047
1.974832
1.601915
1.429965
1.540090
1.759508
1.932245
1.957353
2.149211
2.738188
3.262962
3.398492
3.052856
2.553463
2.015569
2.088203
1.952392
1.679180
1.372766
1.127049
1.000475
0.868431
0.755196
0.624388
0.756380
0.859645
0.822575
0.717182
0.654709
0.615448
0.704746
0.685691
0.617488
0.553036
0.606479
0.566997
0.491055
0.448012
0.526782
0.621825
1.022062
1.634256
2.051685
2.204292
2.207367
2.069791
1.681792
1.110195
0.746235
0.608632
0.677541
0.629569
0.509444
0.461234
0.665670
0.922626
1.189123
1.324351
1.254066
1.041208
0.787531
0.558197
0.495885
0.701628
0.924356
1.181089
1.306504
1.733183
2.325925
2.794699
3.025573
3.127413
3.120419
2.981373
2.615774
1.871739
1.306657
0.883798
0.565209
0.330813
0.167108
0.063372
0.010897
0.000000
0.000000
0.000000
0.000000
0.000000
0.000000
0.000000
0.000000
0.000000
0.000000
0.000000
0.000000
0.000000
0.000000
0.000000
0.000000
0.000000
0.000000
0.000000
0.000000
0.000000
0.000000
0.000000
0.000000
0.000000
0.000000
0.000000
0.000000
0.000000
0.000000
0.000000
0.000000
0.000000
0.000000
0.000000
0.000000
0.000000
0.000000
0.000000
0.012647
0.061537
0.116077
0.137372
0.166133
0.185586
0.219501
0.287932
0.498566
0.793676
1.054376
1.254209
1.364829
1.387802
1.582955
1.997277
2.474898
3.003535
3.506337
3.851836
3.842259
3.484315
2.937205
2.384635
1.901127
1.484659
1.128736
0.831318
0.590451
0.399155
0.253269
0.145348
0.067995
0.020129
0.000565
0.000000
0.000000
0.000000
0.000000
0.000000
0.000000
0.000000
0.000000
0.000000
0.000000
0.000000
0.000000
0.000000
0.000000
0.000000
0.000000
0.000000
0.000000
0.000000
0.000000
0.000000
0.000000
0.000000
0.000000
0.000000
0.000000
0.000000
0.000000
0.000000
0.000000
0.000000
0.000000
0.000000
0.000000
0.000000
0.000000
0.000000
0.000000
0.000000
0.000000
0.000000
0.000000
0.000000
0.000000
0.000000
0.000000
0.000000
0.000000
0.000000
0.000000
0.000000
0.000000
0.000000
0.000000
0.001057
0.040731
0.145401
0.335177
0.642319
0.913066
1.057941
1.111676
1.228696
1.442179
1.464979
1.212488
0.881313
0.857154
1.166142
1.422536
1.688716
2.008566
2.189408
2.125978
2.506497
3.120425
3.758668
4.294556
4.259320
3.770628
3.910141
4.044195
3.257263
2.441204
1.808269
1.341537
0.961038
1.008097
1.233817
1.487969
1.747798
1.926604
1.955992
1.795036
1.537206
1.605188
1.543722
1.410887
1.441830
1.349835
1.169141
1.137555
1.046366
0.861667
0.716242
0.640982
0.495091
0.496905
0.608157
0.725860
0.857650
1.001396
1.165705
1.340539
1.507587
1.788855
2.298093
2.933804
3.608892
4.112737
4.113543
3.611246
2.924712
2.291542
1.764974
1.334295
1.447425
1.608775
1.674574
1.596307
1.426041
1.267743
1.141554
1.037623
0.962450
1.011281
0.994595
1.090171
1.332123
1.615411
1.941176
2.306080
2.674812
2.892852
2.847702
2.602817
2.241887
1.890241
1.582336
1.312455
1.072288
0.862700
0.796230
1.043218
1.323757
1.672184
2.062528
2.371234
2.389262
2.088938
1.688695
1.535391
1.852627
2.088059
1.895640
1.633375
1.398423
1.258824
1.066364
0.810148
0.721541
0.595621
0.502212
0.509353
0.522122
0.467282
0.386322
0.314103
0.286600
0.268408
0.307280
0.310289
0.349759
0.371440
0.334755
0.391380
0.554902
0.691437
0.702997
0.592610
0.416989
0.263639
0.158947
0.157219
0.155568
0.112556
0.065696
0.031549
0.021039
0.080446
0.202018
0.347398
0.366716
0.233195
0.101162
0.047904
0.048167
0.033791
0.019368
0.013235
0.051927
0.123538
0.242501
0.357235
0.361245
0.247416
0.121151
0.142710
0.151361
0.129872
0.097551
0.063603
0.035074
0.013441
0.004359
0.014344
0.012295
0.005427
0.049523
0.120319
0.103104
0.028844
0.000033
0.000000
0.000000
0.000000
0.000000
0.000000
0.000000
0.000000
0.000000
0.000000
0.000000
0.000247
0.000000
0.000000
0.000000
0.000000
0.000270
0.031141
0.118717
0.274321
0.525460
0.899608
1.401564
1.597167
1.395325
0.892281
0.532019
0.317730
0.162666
0.071135
0.013684
0.011127
0.031098
0.057745
0.076746
0.074984
0.055107
0.028388
0.008613
0.000126
0.000000
0.015952
0.059315
0.092450
0.064415
0.022617
0.002865
0.005708
0.000758
0.000000
0.000000
0.001006
0.008767
0.013916
0.035078
0.047849
0.065917
0.099313
0.131607
0.147910
0.120992
0.073185
0.052509
0.022787
0.041796
0.081805
0.112891
0.203015
0.286862
0.357259
0.439627
0.481539
0.423519
0.308966
0.193998
0.104842
0.151299
0.263074
0.417452
0.638275
0.932888
1.306871
1.760195
2.304044
2.958068
3.732430
4.551411
5.255483
5.263680
4.557054
3.713556
2.934540
2.274766
1.724703
1.271041
0.900568
0.604393
0.375905
0.210959
0.096502
0.027824
0.004482
0.029027
0.075551
0.139587
0.203563
0.265399
0.306900
0.377202
0.385164
0.323625
0.219504
0.226014
0.338925
0.473759
0.606304
0.656896
0.604832
0.478350
0.346168
0.238095
0.254612
0.357954
0.464130
0.544613
0.528240
0.449607
0.337085
0.231924
0.262905
0.414692
0.580914
0.662782
0.627954
0.478449
0.317276
0.186822
0.252116
0.302390
0.365013
0.534367
0.796760
1.022699
1.262706
1.581215
1.990308
2.206811
2.260939
2.209334
2.160542
2.107313
2.029220
1.832728
1.400657
1.425798
1.407330
1.688763
1.974186
2.028119
1.954741
1.831586
1.742147
2.031689
2.583694
3.191003
3.550120
3.254875
2.697054
2.091436
1.556666
1.122912
0.808877
0.639656
0.569234
0.509276
0.559883
0.539137
0.405751
0.238266
0.109834
0.045722
0.154553
0.283023
0.184137
0.066905
0.103733
0.152823
0.180519
0.160319
0.114314
0.108937
0.141700
0.143851
0.112045
0.063323
0.027233
0.024220
0.048210
0.062727
0.113402
0.193987
0.299902
0.418708
0.507298
0.532510
0.468464
0.352117
0.241426
0.148975
0.077479
0.029628
0.029841
0.057231
0.097107
0.148682
0.203386
0.245884
0.243969
0.201010
0.160617
0.303945
0.507192
0.774705
1.111925
1.531537
2.044011
2.665536
3.418835
4.318851
5.726304
6.913121
7.374289
7.374288
6.922986
5.801691
4.531752
3.715128
3.377489
2.873788
2.355885
1.875142
1.453821
1.132520
0.946477
1.157608
1.294097
1.263831
1.054007
0.913115
0.856633
0.989866
1.250597
1.490394
1.617560
1.534301
1.334529
1.117074
0.923644
0.792398
0.929142
0.957275
0.884209
0.882343
0.743217
0.604846
0.571456
0.723490
0.875178
1.005356
1.017139
0.911139
0.755075
0.851134
0.998027
1.048802
0.957739
0.857160
0.688601
0.471820
0.345719
0.423779
0.545066
0.562122
0.490755
0.387703
0.267191
0.172377
0.138785
0.181489
0.184451
0.232754
0.375923
0.515852
0.607754
0.592952
0.483618
0.481586
0.685069
0.992284
1.400340
1.889701
2.361089
2.548236
2.366562
1.894864
1.416538
1.053405
0.803532
0.845300
0.817036
0.719105
0.710170
0.821634
0.932000
1.031428
1.132833
1.224105
1.248838
1.221145
1.359827
1.483931
1.514566
1.463179
1.333876
1.162860
0.994843
0.849063
0.758776
0.773038
0.925033
1.069682
1.128625
1.189965
1.285098
1.267549
1.114204
0.934693
0.887641
0.782628
0.682663
0.692416
0.695786
0.640205
0.560404
0.475457
0.467963
0.537965
0.571215
0.778738
0.987975
0.743898
0.462200
0.628942
0.804493
0.946748
1.117232
1.181568
1.494374
1.904803
2.321256
2.520083
2.720262
3.130234
3.421819
3.805789
4.463236
5.323975
6.338743
7.385094
8.107259
8.126678
8.149241
8.377314
8.170238
7.334074
5.693120
4.484321
3.715096
3.123196
3.158190
3.091004
2.634687
2.222021
2.210594
1.972737
1.627989
1.252889
0.911486
0.638102
0.447024
0.313643
0.350321
0.464887
0.603053
0.762127
0.918759
1.032048
1.092219
1.043147
0.885056
0.680930
0.498076
0.362746
0.358925
0.279540
0.183002
0.103516
0.082758
0.118232
0.120875
0.140700
0.200289
0.278520
0.376014
0.486369
0.610094
0.739987
0.853668
0.895213
0.858905
0.742101
0.603043
0.476633
0.369615
0.273097
0.296354
0.399065
0.569398
0.873680
1.263326
1.501374
1.541522
1.437224
1.236711
1.163504
1.303212
1.413044
1.489494
1.506714
1.445979
1.333829
1.328358
1.362408
1.360912
1.368657
1.460671
1.462073
1.359949
1.430288
1.431672
1.300641
1.127051
1.195174
1.283301
1.342902
1.318256
1.195101
1.050716
0.987006
0.861027
0.729525
0.649462
0.615099
0.667237
0.690410
0.716328
0.760002
0.830560
0.903789
1.172086
1.344436
1.495337
1.616770
1.738971
1.785894
2.314074
3.147372
3.701939
3.936864
4.046450
4.064869
4.019797
3.872685
3.591079
2.944002
1.953310
2.048139
2.198255
2.716899
3.334307
4.004452
4.533578
4.809015
4.487822
4.034949
3.413439
3.584220
4.136991
4.724281
5.312942
6.020244
6.789608
7.478924
7.803855
7.443620
6.740755
5.975699
5.336331
5.072317
4.705315
4.328558
4.665954
4.817039
4.559231
4.228997
3.831877
3.379219
3.278964
3.375502
3.304296
3.070511
3.107492
3.034169
2.781174
2.461510
2.134218
1.818771
1.539013
1.322671
1.108155
0.906724
0.740807
0.676839
0.754944
0.780128
0.711333
0.601457
0.877149
1.176392
1.520818
1.867828
2.007948
1.861290
1.543577
1.230126
1.096247
1.271098
1.275857
1.163895
1.008166
1.064640
1.111113
1.232639
1.344971
1.369305
1.275614
1.353957
1.366872
1.273097
1.119991
0.963129
0.816524
0.693360
0.651523
0.571295
0.466047
0.361808
0.326514
0.384491
0.415379
0.385170
0.315292
0.327766
0.379968
0.383165
0.485029
0.590430
0.641538
0.607472
0.496662
0.384290
0.277997
0.204188
0.295209
0.449639
0.624812
0.767460
0.894586
0.943575
0.962542
1.047894
1.160570
1.220261
1.216016
1.156784
1.101802
1.136098
0.977146
0.775648
0.584742
0.493071
0.509585
0.495258
0.440343
0.383653
0.446043
0.583467
0.724830
0.976926
1.312062
1.722779
2.198759
2.725969
3.267488
3.608373
3.664915
4.282258
5.034423
5.584116
5.585929
4.943752
4.211630
3.905708
3.104223
2.196071
1.552971
1.172458
0.960105
0.813869
0.786098
0.735308
0.810801
1.057316
1.366557
1.712660
1.845465
1.730646
1.376199
1.022399
0.806381
0.785900
0.664282
0.501265
0.608028
0.712887
0.865038
1.041941
1.229108
1.395617
1.502241
1.692159
1.872170
1.875570
1.697227
1.459268
1.214973
0.990727
0.792453
0.642834
0.649031
0.772570
0.904101
1.109872
1.305909
1.434437
1.517638
1.672825
1.859215
2.001232
2.014810
1.870537
1.674265
1.447577
1.234332
1.155462
1.308879
1.479894
1.625654
1.654130
1.553388
1.436919
1.501880
1.483987
1.353128
1.278953
1.455845
1.649539
1.842455
2.051142
2.260860
2.460430
2.653520
2.817243
2.892161
2.869402
2.711108
2.486162
2.273162
2.634588
2.964043
3.293086
3.581688
3.882807
4.161042
4.293650
4.232628
4.058343
4.099112
4.217815
4.234111
4.083318
3.865782
3.611018
3.480429
3.969602
4.410869
4.642866
4.611722
4.250694
3.898204
3.474710
3.279467
3.068600
2.937367
2.806236
2.704201
2.603195
2.540956
2.467038
2.716145
2.902414
2.871661
2.640985
2.474056
2.755706
2.873765
3.036503
3.148224
3.134495
2.948243
2.652302
2.355770
2.113421
2.256567
2.484109
2.697534
2.844556
2.829424
2.809288
2.998541
3.276794
3.769758
4.323703
4.374716
4.525906
4.511165
4.429397
4.379762
4.311126
4.248438
4.113112
3.991994
3.957377
3.869037
4.178488
4.578744
5.054502
5.550834
6.018147
6.320210
6.231397
5.830243
6.188550
6.750072
7.435950
8.182240
8.772248
9.044499
8.641429
7.959457
7.232913
6.542551
5.970150
5.612938
5.590473
5.369542
5.345764
5.805902
6.236347
6.487568
6.501633
6.290205
5.918731
5.517184
5.103679
4.686494
4.280196
3.869255
3.462323
3.316568
3.222854
3.038919
2.817534
2.586893
2.547582
2.512073
2.438904
2.364317
2.499633
2.534307
2.437258
2.241025
2.055307
1.951087
1.961315
2.165512
2.258831
2.233994
2.139672
2.349843
2.452982
2.375700
2.194515
1.975539
1.742526
1.528568
1.340310
1.159945
0.954163
1.093341
1.331426
1.433798
1.321301
1.074960
0.821202
1.095062
1.293598
1.482697
1.293986
0.966763
0.645808
0.492274
0.435716
0.348810
0.251847
0.167382
0.103117
0.118583
0.193384
0.275719
0.353780
0.429495
0.451651
0.383000
0.286030
0.187586
0.107234
0.050685
0.022420
0.011761
0.001567
0.000506
0.000000
0.000000
0.000000
0.000000
0.000000
0.000000
0.000000
0.000000
0.000000
0.000000
0.000000
0.000000
0.000000
0.009806
0.043787
0.100289
0.200005
0.295501
0.383610
0.380629
0.612058
0.918568
1.302631
1.781666
2.365715
3.039912
3.765608
4.395791
4.476136
4.007590
3.675785
3.502856
3.073830
2.535997
2.384065
1.919300
1.417224
0.988788
0.647692
0.386373
0.286194
0.437712
0.612726
0.664282
0.308070
0.000000
0.000000
0.000000
0.000000
0.000000
0.000000
0.000000
0.000000
0.000000
0.000000
0.387365
1.119438
0.000000
0.000000
0.000000
0.000000
0.000000
0.000000
0.000000
0.000000
