track	type=wiggle_0
fixedStep	chrom=chr	start=1	step=1
0.000000
0.000000
0.000000
0.000000
0.000000
0.000000
0.000000
0.000000
0.000000
0.277771
0.417281
0.375925
0.166514
0.084349
0.064925
0.094300
0.193683
0.334443
0.517066
0.752080
0.972217
1.068688
0.925443
0.694697
0.726280
0.928813
0.674166
0.381471
0.177558
0.168719
0.293080
0.463837
0.696474
0.979366
1.224146
1.266499
1.088062
0.932681
0.815161
0.686181
0.664987
0.674681
0.728598
0.637631
0.484576
0.347325
0.340827
0.371729
0.319627
0.246207
0.139752
0.106335
0.210200
0.381999
0.577337
0.775641
0.932874
0.978460
0.981001
0.960102
0.893072
0.736983
0.398605
0.159945
0.040224
0.076660
0.132820
0.168109
0.192077
0.165190
0.165102
0.166506
0.108321
0.045273
0.005955
0.040902
0.138268
0.303570
0.551996
1.004384
1.644773
1.912225
1.980447
1.990483
1.980447
1.918849
1.689094
1.105548
0.664597
0.559526
0.542508
0.641875
0.706655
0.706393
0.636476
0.678003
0.791642
0.851173
0.834449
0.740251
0.657567
0.664499
0.616535
0.661244
0.763489
0.833942
0.899705
0.916445
0.881405
0.922018
0.889878
0.837712
0.889372
0.965860
0.992240
1.211828
1.461652
1.739600
2.026050
2.291238
2.429921
2.291238
2.026049
1.739852
1.462546
1.213838
1.002345
0.961657
1.146502
1.350497
1.575318
1.815059
2.048629
2.212657
2.271466
2.208466
2.163541
2.069347
1.896771
1.867237
1.783497
1.806825
1.921819
1.920705
1.927466
1.952212
1.931270
1.828777
1.668872
1.480109
1.289839
1.478045
1.736835
2.024462
2.342631
2.692023
3.044123
3.366071
3.514431
3.412623
3.278052
3.544606
3.763202
4.073081
4.238314
4.260805
4.241492
4.172676
4.487700
4.589988
4.835826
5.223533
5.507679
5.591041
5.450907
5.615060
5.925847
5.889281
6.550279
7.140273
7.404720
7.137171
6.547371
5.881254
5.241148
4.656024
4.119783
3.632915
3.188944
2.780093
2.405440
2.070205
1.984031
2.201532
2.372204
2.461594
2.362401
2.143112
1.904954
1.720067
1.886416
2.044247
2.259172
2.485675
2.721275
2.941254
3.201785
3.469161
3.706105
3.834952
3.806951
3.615369
3.372988
3.465017
3.751634
4.062147
4.360344
4.550878
4.571023
4.400901
4.106625
3.795044
3.497199
3.237592
3.436896
3.652194
3.769082
3.702835
3.501451
3.240347
2.980081
2.729636
2.494956
2.282819
2.245975
2.434562
2.549194
2.541199
2.423944
2.234617
2.036133
1.849728
1.689477
1.555326
1.402950
1.258371
1.298798
1.443479
1.523983
1.509710
1.421239
1.248103
1.071485
0.945764
0.817129
0.675737
0.525964
0.409315
0.268025
0.204868
0.154584
0.113515
0.131117
0.155679
0.170290
0.270158
0.395343
0.547182
0.738211
0.974061
1.250710
1.571146
1.946532
2.375177
2.844247
3.319781
3.679811
3.929624
4.362213
4.777902
5.225522
5.954063
6.979523
8.138364
9.322783
10.101508
10.403190
10.330798
9.430689
8.325114
7.255526
6.296563
5.488910
5.802996
6.491188
6.924479
6.978783
6.662906
6.017058
5.369054
4.888870
4.410858
3.904187
3.378629
3.158615
3.530076
3.655123
3.508532
3.144263
2.737758
2.366540
2.078125
1.970313
1.884559
2.030744
2.030319
1.438994
1.527328
1.585288
1.495487
1.301789
1.204870
1.377545
1.563559
1.758913
1.961272
2.156722
2.316173
2.532381
2.790877
3.076998
3.379460
3.698100
4.030447
4.371314
4.700604
4.914992
4.915483
4.702462
4.371364
4.021988
3.685600
3.365168
3.063316
2.776455
2.510084
2.261672
2.027660
1.808055
1.603077
1.413794
1.240030
1.078937
0.937488
1.066108
1.202032
1.267010
1.231784
1.129229
0.995941
0.862753
0.749481
0.733226
0.756837
0.668186
0.711390
0.700117
0.629800
0.539125
0.448116
0.370757
0.366436
0.396993
0.381292
0.330920
0.355428
0.433407
0.599282
0.764828
0.909417
1.004816
1.044687
1.108697
1.117191
0.976089
0.764289
0.490716
0.241792
0.091814
0.028382
0.007400
0.000402
0.000000
0.000000
0.000000
0.000000
0.000000
0.000000
0.000000
0.000222
0.039277
0.152652
0.263292
0.318869
0.335524
0.340375
0.341750
0.337359
0.312777
0.226968
0.066125
0.004334
0.000000
0.000000
0.000000
0.000000
0.000000
0.000000
0.000000
0.000000
0.000000
0.000000
0.000000
0.000000
0.000000
0.000000
0.000000
0.000000
0.000000
0.000000
0.000000
0.000000
0.000000
0.000000
0.000000
0.000000
0.000000
0.000000
0.000028
0.000000
0.000000
0.000000
0.000000
0.000000
0.000000
0.000000
0.000000
0.000000
0.000000
0.000000
0.026736
0.108870
0.268370
0.545553
0.954228
1.194816
1.272754
1.128898
0.761230
0.479633
0.300025
0.167845
0.102050
0.110932
0.184631
0.276171
0.348295
0.453731
0.610328
0.806801
1.040254
1.314202
1.629886
1.992385
2.388136
2.740243
2.949273
2.798511
2.455804
2.056280
1.686493
1.365029
1.084581
0.845092
0.642912
0.483755
0.523534
0.631058
0.688716
0.654853
0.577431
0.446230
0.318609
0.213239
0.133129
0.080304
0.104772
0.208951
0.404494
0.655467
0.910475
0.934320
0.745836
0.500136
0.564570
0.658756
0.703710
0.644546
0.559173
0.653139
0.745370
0.752121
0.673466
0.565503
0.451636
0.352495
0.406486
0.500634
0.606673
0.696199
0.738709
0.838466
0.953595
1.017078
0.968792
0.871212
0.743189
0.617821
0.504190
0.400234
0.308458
0.250450
0.311049
0.302299
0.245946
0.405590
0.635762
0.932894
1.273714
1.547394
1.599883
1.472845
1.700944
1.696988
1.468117
1.168836
0.934650
1.016270
1.218852
1.372492
1.514016
1.571824
1.445412
1.235889
1.061202
0.987652
1.159528
1.256652
1.335436
1.538370
1.718793
1.843709
1.958314
1.882738
1.716119
2.012220
2.692072
3.285448
2.976463
2.192724
1.627968
1.508402
1.772103
1.849352
1.685634
2.040471
2.350621
2.694598
3.023796
3.024182
2.692854
2.314018
2.399383
2.990005
3.492571
3.620580
3.522468
3.430059
3.195160
2.861597
2.327934
1.813096
1.367016
0.999520
0.701197
0.467501
0.290517
0.164899
0.172936
0.217259
0.223225
0.179836
0.118585
0.072234
0.050554
0.029445
0.009806
0.000292
0.000000
0.000000
0.000000
0.000000
0.000000
0.000000
0.000000
0.000000
0.000000
0.000000
0.000000
0.000000
0.000000
0.000000
0.000000
0.000000
0.000000
0.000000
0.000000
0.000000
0.000000
0.000000
0.000000
0.000000
0.000000
0.000000
0.000022
0.000010
0.000265
0.003675
0.010666
0.026480
0.080080
0.105229
0.115762
0.243281
0.424897
0.651154
0.954582
1.350008
1.845746
2.422979
3.068312
3.050635
2.386322
1.803853
1.303848
0.902989
0.592082
0.359409
0.191325
0.081102
0.019980
0.000017
0.000000
0.000299
0.003299
0.007705
0.006139
0.002504
0.000002
0.000000
0.000000
0.001977
0.010917
0.030710
0.064778
0.121003
0.184616
0.218459
0.188284
0.127309
0.066428
0.025042
0.031719
0.035095
0.032610
0.022711
0.023273
0.071023
0.076785
0.121558
0.151553
0.172141
0.155169
0.108325
0.065442
0.031298
0.009875
0.000426
0.000000
0.001996
0.014776
0.050984
0.108395
0.176599
0.216259
0.216833
0.308552
0.435119
0.579237
0.663682
0.637327
0.614457
0.781970
0.974500
1.198931
1.343478
1.322180
1.154784
0.967256
0.750194
0.657356
0.674153
0.599211
0.577513
0.833144
1.109250
1.271882
1.203171
1.472244
1.944310
2.560260
3.135051
3.117664
2.540533
2.075013
1.884565
1.603807
1.784660
2.176379
2.110176
1.540620
1.357575
1.426258
1.427444
1.353131
1.230431
1.169337
1.317842
1.482144
1.665174
1.830455
1.938391
1.926953
1.840384
1.797035
1.896955
1.908315
2.164438
2.434248
2.723787
3.015424
3.285065
3.470203
3.490568
3.351532
3.083446
2.788549
2.521540
2.540562
2.769084
2.918105
2.964261
3.026161
3.080445
3.228807
3.481630
3.776161
4.014122
4.100381
4.189744
4.347329
4.689662
4.923329
4.914349
4.662962
4.285435
3.923925
3.597961
3.314714
3.250313
3.433019
3.584996
3.925024
4.280975
4.606129
4.870478
5.205409
5.542925
5.791663
5.785195
5.537401
5.177840
5.131282
5.148478
5.009315
4.764190
4.488749
4.445515
5.316834
6.328737
7.475120
8.652360
9.616317
9.745296
9.084668
7.956295
6.822638
5.911235
5.489291
6.136024
6.553357
6.326180
5.775922
5.040005
5.076634
5.693230
6.399134
7.182412
8.012036
8.718173
8.983752
8.736908
8.505250
9.049369
9.299248
9.642723
9.990818
10.236471
9.867272
9.342986
9.512020
10.620345
11.720390
12.427524
12.379235
11.574848
10.467974
9.318460
8.267564
7.307993
7.383206
7.775439
8.002426
7.907703
7.867189
7.514096
7.018136
6.538050
6.031112
5.517605
5.037508
4.591525
4.165919
3.761827
3.679992
3.953831
4.233835
4.427081
4.457155
4.401523
4.139224
3.821941
3.498368
3.215134
3.112305
3.255845
3.480987
3.574889
3.624311
3.552577
3.566781
3.770175
3.834085
3.828351
3.670274
3.686345
3.734513
3.791801
3.721946
3.546105
3.341112
3.316401
3.146100
2.967901
3.117951
3.190107
3.333001
3.491432
3.627378
3.728105
3.712996
3.642234
3.929382
4.227637
4.520463
4.776800
5.035034
5.321433
5.625692
5.952263
6.270124
6.553727
6.778343
6.837080
6.686640
6.396946
6.299942
6.520269
6.565601
6.368975
6.068519
5.952788
6.095264
6.155071
6.076066
5.987344
5.801420
5.792994
5.946258
5.959876
5.779481
5.518699
5.223210
4.908944
4.613604
4.342786
4.093418
3.864517
3.647939
3.477601
3.394925
3.231204
3.032611
2.737617
2.468321
2.508235
2.802502
3.097754
3.384650
3.699927
4.047285
4.371578
4.609381
4.604249
4.352628
4.029337
4.121542
4.265121
4.251154
4.054157
3.780793
3.458640
3.125801
2.818931
2.559627
2.313135
2.076876
1.852521
1.638581
1.442471
1.275959
1.300379
1.419571
1.476646
1.641647
1.610282
1.402947
1.298959
1.034830
0.863832
0.804223
0.847475
1.135442
1.275174
1.281929
1.186560
0.911709
0.961298
1.052218
1.296131
1.826520
2.101963
2.191694
2.223526
2.238114
2.233043
2.153980
1.839825
1.156625
0.704248
0.424109
0.299674
0.442872
0.511944
0.432264
0.372893
0.465109
0.526664
0.524266
0.421429
0.285213
0.172235
0.187847
0.224543
0.296988
0.512454
0.817546
1.078332
1.261697
1.334408
1.265615
1.208838
1.141617
1.108727
1.105817
1.040987
0.841950
1.105472
1.338323
1.310203
1.045659
0.746256
0.488752
0.288543
0.146316
0.058433
0.017420
0.004701
0.014586
0.039820
0.077974
0.094992
0.072446
0.029061
0.002864
0.000000
0.000000
0.000000
0.000000
0.000000
0.000000
0.000000
0.000000
0.000000
0.000000
0.013149
0.079721
0.220348
0.461796
0.825779
0.994031
1.056946
1.059892
1.012853
0.880075
0.609594
0.362470
0.123284
0.027335
0.000000
0.000000
0.000000
0.000000
0.000000
0.000000
0.000000
0.000000
0.000000
0.000000
0.000000
0.000000
0.000000
0.000000
0.000000
0.000000
0.000000
0.000000
0.000000
0.000000
0.000000
0.000000
0.000000
0.000000
0.000000
0.000000
0.000011
0.037446
0.150575
0.275359
0.501498
0.809832
1.018546
1.111329
1.120406
1.064565
1.008274
0.945186
0.963264
0.963416
0.925652
0.805069
0.834834
0.906146
1.031332
1.277462
1.396618
1.535099
1.967293
2.418067
2.684942
2.659133
2.477817
2.146289
2.290924
2.193737
1.777419
1.329722
0.932460
0.623774
0.470262
0.402902
0.301006
0.202473
0.187402
0.254008
0.371433
0.476834
0.513658
0.459022
0.347024
0.237166
0.151713
0.087811
0.046496
0.028505
0.017407
0.097249
0.160231
0.183856
0.208256
0.309155
0.415991
0.454581
0.399788
0.262824
0.141108
0.202077
0.279728
0.360284
0.415927
0.448121
0.588155
0.603012
0.670674
0.663119
0.623246
0.723360
0.872727
1.020314
1.149091
1.191897
1.128180
0.981728
0.850907
0.754160
0.670112
0.596787
0.576600
0.564146
0.522936
0.492613
0.511569
0.657381
0.837457
1.047195
1.263794
1.459143
1.545614
1.472976
1.327176
1.189368
1.096799
0.933869
0.797304
0.890203
1.011270
1.120211
1.186565
1.377925
1.580177
1.649769
1.554083
1.335360
1.106946
0.905895
1.043722
1.193558
1.426754
1.812383
2.230073
2.491379
2.739378
2.937982
2.855456
2.479714
1.984221
1.531198
1.170836
0.975259
0.889240
0.909596
1.053371
1.281659
1.591870
1.967891
2.410580
2.925751
3.763056
4.872262
5.431343
4.833436
3.992549
3.399703
2.836463
2.363316
2.021080
1.950828
1.734023
1.500033
1.714407
1.902544
2.022476
2.270472
2.490370
2.527250
2.445556
2.215938
1.882406
1.556289
1.270428
1.027158
0.823064
0.893248
1.073704
1.136449
1.292749
1.423580
1.477556
1.467772
1.534410
1.701155
1.875267
1.893515
1.834736
1.673066
1.440406
1.202553
1.226034
1.700076
2.300621
3.010030
3.708579
3.673080
2.914621
2.209956
1.631605
1.166216
0.795062
0.508602
0.368528
0.468350
0.666264
0.895674
1.123665
1.329346
1.482988
1.416308
1.452418
1.648469
1.859222
1.833589
1.629478
1.329205
1.043959
0.799595
1.021242
1.560472
1.772757
1.634687
1.299766
1.586070
2.060562
2.667387
3.398423
4.237222
5.233841
5.999322
6.045820
5.618847
5.000462
3.877522
2.877649
2.155419
1.579463
1.138949
0.821071
0.790104
0.758253
0.702950
0.697741
0.710485
0.672244
0.710193
0.809835
0.844211
0.834213
0.912869
0.865284
1.025216
1.224720
1.328916
1.332643
1.295619
1.162779
0.986683
0.874096
1.014483
1.122054
1.198486
1.177827
1.122408
1.004696
1.040206
1.437315
1.872012
2.339496
2.363486
1.970771
1.365325
0.911942
0.821230
0.899673
0.882081
0.818593
0.811509
0.977152
1.160534
1.339963
1.461034
1.476811
1.416435
1.301331
1.224604
1.285784
1.321730
1.436718
1.491295
1.486378
1.516794
1.462733
1.416265
1.432650
1.466226
1.518013
1.475990
1.333566
1.172582
1.003740
0.842088
0.835958
1.022137
1.230998
1.420397
1.482778
1.419420
1.323690
1.259493
1.101678
1.212983
1.375968
1.513927
1.533798
2.018748
2.598051
3.285389
4.089069
4.992935
5.828462
6.171189
5.825260
4.991865
4.091703
3.322242
3.636104
4.244709
4.936571
5.717467
6.566233
7.322509
7.892197
7.789982
7.215843
6.367295
5.543263
5.468692
6.161770
6.744796
6.883561
6.589656
5.949963
5.260911
5.587071
6.017565
6.380009
5.852318
4.919243
4.097973
3.626061
4.060958
4.291791
4.217372
3.729916
3.185341
2.746122
2.460141
2.047622
2.034168
1.995056
1.822808
1.408351
0.933035
0.780854
0.939813
1.088839
1.193834
1.142174
0.980860
0.766376
0.625161
0.719840
0.743261
0.671548
0.561955
0.452037
0.374807
0.408194
0.382571
0.333524
0.275901
0.215833
0.155820
0.121605
0.148830
0.199288
0.219072
0.198106
0.168879
0.195980
0.196418
0.207772
0.284821
0.337304
0.345906
0.311173
0.249760
0.185004
0.127802
0.176164
0.234203
0.303606
0.377478
0.439569
0.443682
0.384309
0.300577
0.228280
0.178979
0.148787
0.177612
0.226234
0.281767
0.349650
0.424012
0.493640
0.530368
0.808236
1.262396
1.415654
1.293893
0.945721
1.010374
1.054204
1.019291
0.923676
0.798634
0.714212
0.712268
0.694380
0.625453
0.460112
0.223619
0.187095
0.229995
0.275853
0.292832
0.287804
0.281776
0.245198
0.194434
0.153097
0.122624
0.102668
0.120729
0.122531
0.103065
0.087305
0.129680
0.198046
0.334938
0.476489
0.531873
0.486421
0.461520
0.388977
0.339178
0.282072
0.259714
0.233044
0.219902
0.295322
0.425732
0.571876
0.705976
0.833329
0.880954
0.866702
0.803300
0.716291
1.229712
1.667247
1.845413
1.876795
1.880200
1.867159
1.799803
1.619413
1.206980
0.711338
0.548300
0.605772
0.588421
0.495571
0.505746
0.529392
0.604215
0.755441
0.938001
1.171948
1.432814
1.720473
2.017401
2.292897
2.531367
2.653343
2.513700
2.239143
1.926666
1.648898
1.611465
1.664711
1.604650
1.735353
1.798314
1.832934
1.984436
2.071260
1.987192
2.139250
2.254883
2.319480
2.393077
2.764500
3.023530
2.942943
3.261993
3.556198
3.753309
3.714498
3.964327
4.083220
3.802645
3.382904
3.131202
3.320438
3.708420
4.133512
4.551006
4.899469
5.314986
5.535283
5.354076
4.929716
4.444932
3.964648
3.527822
3.346370
3.707130
4.033236
4.245196
4.140498
3.817054
3.430403
3.211554
3.604175
3.805345
3.689572
3.389284
2.979556
2.579973
2.707373
2.635854
2.410997
2.607577
2.771119
2.804207
2.810177
3.035552
3.296716
3.507355
3.585669
3.550126
3.391678
3.742213
4.971340
6.139410
6.597379
6.699515
6.601351
6.151832
5.011954
3.850374
3.744322
3.938852
4.641429
5.183083
5.104440
4.503742
4.342161
4.384152
4.208641
3.928972
3.603644
3.657779
3.874371
4.185018
4.598217
5.147336
5.714618
5.962100
5.837358
5.531960
5.143691
4.769893
4.476043
4.467415
4.470386
4.340382
4.099515
3.832150
3.584184
3.714107
3.908262
4.041619
4.073486
4.004007
3.783359
3.659102
3.912319
4.185561
4.544055
4.792167
4.819254
4.615982
4.322310
4.059371
3.964800
4.035988
4.138411
4.371665
4.656519
4.931752
5.328344
5.770456
6.139929
6.253137
6.009565
5.555831
5.051976
4.603962
4.247800
4.204230
4.172454
4.191555
4.323290
4.148503
3.777120
3.362324
3.253900
3.315602
3.210193
2.993645
2.756997
2.546682
2.683094
2.814447
2.848050
2.754056
2.575523
2.358545
2.166394
2.354670
2.533358
2.553660
2.425711
2.181815
1.908890
1.641087
1.412312
1.219248
1.077472
1.205987
1.306171
1.313713
1.388610
1.880778
2.453743
3.056320
3.427979
3.385420
2.917471
2.324768
1.759685
1.319023
0.944377
0.871141
0.859718
0.798183
0.730675
0.649734
0.574650
0.682235
0.907634
1.166012
1.457264
1.778760
2.099025
2.245536
2.179039
1.902717
1.576760
1.285503
1.073121
0.890925
0.723377
0.715221
0.754316
0.791199
0.995360
1.277677
1.399878
1.308972
1.023228
1.048975
1.501449
1.878312
2.130281
2.243142
2.210002
2.056996
1.934923
1.832733
1.771143
1.845007
1.968263
1.979290
1.851142
1.641580
1.438748
1.460924
1.513271
1.503752
1.561548
1.538098
1.572786
1.532972
1.421778
1.232481
1.040361
0.913917
0.770571
0.659548
0.712662
0.731991
0.825681
1.066987
1.213645
1.256916
1.436790
1.636823
1.839407
1.974875
1.965301
1.846354
1.892040
1.947603
1.880415
1.749972
1.698197
1.807333
1.904677
1.853346
1.709776
1.516835
1.566121
1.654541
1.636547
1.512598
1.580468
1.657636
1.603143
1.482586
1.540465
1.678853
1.752882
1.729231
1.600453
1.441809
1.283650
1.145203
1.227747
1.399860
1.500602
1.549322
1.505391
1.557299
1.753868
1.936536
2.033338
2.245738
2.432115
2.432827
2.267404
2.322407
2.366013
2.221532
2.210778
2.013245
2.005582
2.353849
2.701084
3.124104
3.591805
4.041225
4.407821
4.500471
4.908993
5.245289
5.812561
6.667497
7.599927
8.620557
9.759833
10.999516
12.214649
13.067313
13.069809
12.204364
10.958860
9.689988
8.608465
9.399122
10.151030
10.808773
11.110570
10.817214
10.224618
9.566578
8.891322
8.386213
8.454350
7.919038
7.208189
6.850407
6.794899
6.997138
7.238249
7.444335
7.926976
8.102010
7.758163
6.961744
6.238575
5.922430
5.748555
5.869266
6.410642
6.666018
6.376002
5.652404
4.911609
4.386302
4.247905
4.460728
4.733729
4.893032
5.078817
5.153014
5.248491
5.025227
4.669328
4.272506
3.870990
3.499277
3.408324
3.744020
4.136565
4.425507
4.514266
4.248986
3.876771
3.466043
3.381206
3.233303
3.286571
3.543380
3.718045
3.692938
3.548825
3.557994
3.660706
3.801736
3.878748
3.862963
3.759908
3.931485
3.868003
3.679235
3.486012
3.572112
3.750683
3.942902
4.090815
4.270553
4.471274
4.666423
4.788104
4.789163
4.701515
4.622503
4.725384
4.823794
4.866065
4.754058
4.677127
4.521931
4.423627
4.423264
4.412988
4.509578
5.043046
5.409992
5.682837
5.986899
6.272018
6.240474
6.105333
5.664586
5.296862
5.233256
5.121172
4.904704
4.528000
4.561072
4.814554
5.102319
5.253901
5.352787
5.429384
5.293383
5.061412
5.101977
5.398403
5.585923
5.600727
5.365825
5.083378
4.797971
4.613204
4.534017
4.325579
4.384962
4.492879
4.591556
4.545673
4.517208
4.452416
4.317947
4.258421
4.331656
4.486326
4.617387
4.614139
4.439302
4.245038
4.074210
4.487938
5.056193
5.105818
4.616442
4.323023
4.691654
5.178139
5.678752
6.177432
6.622086
6.876710
6.873629
6.618977
6.216690
5.791540
5.565122
5.607648
5.471372
5.268098
4.957220
4.620178
4.817336
5.254028
5.808264
6.286849
6.499182
6.243878
5.727673
5.084089
4.967434
4.746403
4.422031
4.085764
3.803409
3.614025
3.396215
3.052980
3.051862
3.286342
3.442140
3.402998
3.199413
3.111849
2.962436
3.094798
3.288373
3.172246
2.837144
2.553781
2.459131
2.176775
2.060795
1.839537
1.747841
1.765423
1.750441
1.685131
1.730325
1.729485
1.566763
1.458412
1.335297
1.201475
0.993593
0.932134
1.128000
1.329941
1.433512
1.313159
1.153189
0.974559
0.776238
0.589529
0.454594
0.419428
0.310403
0.349991
0.356662
0.368999
0.420368
0.461566
0.413178
0.411382
0.654365
0.966774
1.286322
1.480820
1.281504
0.964575
0.652300
0.426043
0.241991
0.108296
0.052112
0.047800
0.030194
0.011199
0.010032
0.009000
0.019827
0.058211
0.119352
0.163684
0.146903
0.183331
0.254951
0.381014
0.524188
0.593459
0.554475
0.410414
0.490699
0.681760
0.945968
1.278525
1.676555
2.138679
2.671617
3.271556
3.923959
4.545534
4.987436
5.527708
6.021410
5.764342
4.005215
3.740072
3.547955
2.747046
2.709961
3.431334
0.000000
0.000000
0.000000
0.000000
0.000000
0.000000
0.000000
0.000000
0.000000
