track	type=wiggle_0
fixedStep	chrom=chr	start=1	step=1
0.000000
0.000000
0.000000
0.000000
0.000000
0.000000
0.000000
0.000000
0.000000
0.000000
0.000000
0.006885
0.042595
0.336649
0.715517
0.925030
0.866930
0.649270
0.737941
0.944321
0.685371
0.387924
0.178656
0.068737
0.016299
0.005974
0.004904
0.005781
0.011433
0.009930
0.000509
0.000000
0.000000
0.000996
0.012252
0.021171
0.055353
0.189774
0.502017
0.841983
0.967050
0.909425
0.892765
0.977582
0.934065
0.787455
0.600619
0.563082
0.766305
1.029798
1.338846
1.637792
1.840582
1.741296
1.485616
1.218004
0.958216
0.716134
0.518586
0.381544
0.258426
0.196117
0.120658
0.055114
0.085600
0.105946
0.267193
0.424780
0.477533
0.467796
0.484868
0.470628
0.458136
0.475359
0.841096
1.616518
2.345458
2.754901
2.765142
2.841302
2.969210
2.972004
2.824624
2.564491
2.627446
3.035524
3.277674
3.760335
4.236503
4.197711
4.375345
4.553708
4.604425
4.566882
4.634816
4.799862
4.956622
5.286363
5.657955
5.984769
6.173759
6.188599
6.041745
5.700236
5.297630
4.896526
4.513206
4.158375
3.847518
3.605965
4.075767
4.575525
5.028938
5.422162
5.474921
5.135742
4.676977
4.140601
4.050634
4.317685
4.522072
4.547478
4.352894
4.097589
3.808792
3.677021
3.885548
4.089095
4.275312
4.397375
4.308126
4.082397
3.932212
3.744694
3.600492
3.451102
3.228424
2.987404
2.777092
2.622153
2.354110
2.250074
2.370081
2.405757
2.313591
2.151057
2.064669
2.002811
1.989466
1.926176
1.786774
1.767349
1.757302
1.972705
2.202271
2.395509
2.477726
2.400170
2.211740
1.975930
1.736607
1.514547
1.310119
1.126061
1.224018
1.252123
1.200328
1.095356
1.114253
1.251358
1.397327
1.524644
1.683620
1.873585
2.030779
2.058937
2.062362
1.971506
1.729828
1.487650
1.345589
1.198763
1.305915
1.313761
1.205610
1.060712
0.957702
1.091860
1.204378
1.214754
1.112926
1.035225
1.160084
1.225560
1.326777
1.533547
1.727523
1.805886
1.728140
1.534971
1.334226
1.153960
1.103584
1.439492
1.062660
0.745756
0.691474
0.714524
0.746739
0.655935
0.532809
0.638062
0.729420
0.807354
0.915505
0.996685
1.010110
0.929485
0.803284
0.687692
0.670684
0.708188
0.679270
0.589755
0.495623
0.451429
0.510352
0.530606
0.502029
0.422552
0.342032
0.307359
0.282693
0.231592
0.190194
0.219546
0.236193
0.257821
0.309038
0.315008
0.277518
0.212274
0.191723
0.217819
0.214558
0.238567
0.320177
0.408608
0.486912
0.537785
0.505261
0.427504
0.333045
0.264618
0.192904
0.214136
0.273779
0.310922
0.306843
0.296581
0.297068
0.204319
0.249640
0.262161
0.168418
0.076092
0.046755
0.032520
0.037730
0.034073
0.012946
0.022866
0.059503
0.114198
0.184657
0.276201
0.391046
0.532403
0.682869
0.796183
0.799570
0.704529
0.579269
0.438586
0.316182
0.240161
0.333548
0.417990
0.447312
0.390177
0.305753
0.215272
0.139140
0.084339
0.067210
0.161073
0.274702
0.474154
0.840105
1.309637
1.513576
1.569342
1.569342
1.523508
1.379382
1.072439
1.207903
1.376918
1.300864
1.008780
0.707514
0.466433
0.274211
0.306099
0.420411
0.502998
0.510640
0.442708
0.311625
0.180462
0.084762
0.028057
0.033416
0.038260
0.027001
0.039062
0.136164
0.309832
0.578820
0.753738
0.821889
0.821889
0.748974
0.552885
0.367012
0.480010
0.568515
0.553687
0.451771
0.328794
0.221382
0.248240
0.372581
0.529156
0.712725
0.899552
1.022836
0.982331
0.831345
0.636022
0.461707
0.319200
0.380593
0.407178
0.231292
0.077417
0.011465
0.000000
0.000000
0.000000
0.000000
0.000000
0.000000
0.000000
0.000000
0.000000
0.000000
0.000000
0.000000
0.000000
0.008876
0.032988
0.070181
0.112756
0.121661
0.121326
0.119723
0.118186
0.112877
0.092932
0.056305
0.129090
0.228357
0.298109
0.254834
0.144475
0.048362
0.002742
0.000000
0.000000
0.000000
0.000000
0.000000
0.000000
0.000000
0.000000
0.000000
0.000000
0.000000
0.000000
0.000000
0.000000
0.000000
0.000000
0.000000
0.000000
0.000000
0.000000
0.000000
0.000000
0.000000
0.000000
0.000000
0.003727
0.053528
0.176963
0.410932
0.793800
0.974981
1.025196
1.035056
1.035056
1.035056
1.035056
1.025196
0.980729
0.823502
0.501690
0.256047
0.450762
0.702488
0.982188
1.152964
1.072696
0.862516
0.591978
0.537477
0.734040
0.843716
1.055631
1.171086
1.119103
0.925698
0.731188
0.822995
1.193847
1.659649
2.214692
2.812474
3.209180
3.315947
3.171075
2.687720
2.157484
1.748760
1.357481
1.027763
0.838723
0.669124
0.629127
0.693446
0.617777
0.411586
0.206292
0.124970
0.059284
0.039410
0.067881
0.103202
0.141707
0.175453
0.209262
0.246653
0.195166
0.132248
0.092939
0.060729
0.059551
0.076411
0.081028
0.067050
0.044567
0.025894
0.010799
0.001903
0.000090
0.000355
0.008389
0.027182
0.057500
0.099365
0.208329
0.406987
0.661501
0.906839
0.882650
0.632277
0.384831
0.475737
0.555010
0.670363
0.797357
0.923714
1.017028
1.034740
0.953947
0.827660
0.774117
0.914622
1.040380
1.192397
1.373983
1.561579
1.707190
1.750409
1.644773
1.487797
1.301886
1.124945
0.961974
0.813375
0.681009
0.767796
0.861955
0.905471
1.046464
1.232399
1.418555
1.563752
1.566049
1.502976
1.728794
1.828306
1.811448
1.677661
1.449942
1.380328
1.701870
2.065058
2.462721
2.880043
3.377628
3.886705
4.230397
4.247649
3.945240
3.424349
2.927328
2.537104
2.449975
2.523572
2.536276
2.770771
3.150279
3.411575
4.210092
5.143054
6.220854
7.429070
8.831383
10.925599
12.047848
10.906664
8.743105
7.307305
6.144343
5.338365
5.602177
5.608615
5.686100
6.049627
6.750489
7.005501
6.726720
6.054837
5.258760
4.487252
3.800956
3.195297
2.676173
2.213763
1.884699
1.928493
1.726819
1.407400
1.024371
0.689907
0.430318
0.239660
0.143218
0.076179
0.040392
0.026789
0.066938
0.125222
0.185394
0.208932
0.184603
0.127446
0.160055
0.238880
0.335970
0.442015
0.511998
0.522396
0.460983
0.354465
0.253931
0.171159
0.106517
0.058564
0.031182
0.079535
0.161913
0.243846
0.319298
0.393254
0.412055
0.376382
0.301867
0.228304
0.199845
0.243629
0.286629
0.300023
0.282360
0.275725
0.258142
0.342931
0.640075
1.037436
1.480891
1.711453
1.816980
1.809987
1.788766
1.755848
1.660244
1.458675
1.080661
0.839855
0.628184
0.483700
0.433720
0.457424
0.426735
0.363827
0.324392
0.406189
0.497511
0.559524
0.557604
0.498910
0.420591
0.351054
0.285681
0.223830
0.168555
0.123331
0.088532
0.075642
0.052568
0.081679
0.144353
0.222713
0.308216
0.365982
0.365375
0.310671
0.231878
0.248985
0.349358
0.461170
0.583704
0.722695
0.862401
0.998809
1.164941
1.510151
2.063960
2.753309
3.301830
2.733120
2.669857
2.981537
3.209176
3.250422
3.066366
2.782318
2.490989
2.211823
1.938287
1.684662
1.923759
2.030634
1.938454
1.738027
1.483894
1.228288
1.038561
0.931401
0.913286
1.018913
1.214170
1.231764
1.124211
1.198527
1.494735
2.019879
2.853948
3.602887
3.904497
3.984379
4.000314
4.006295
4.003716
3.934127
3.651007
2.959916
2.858874
2.604574
2.552974
2.437331
2.294619
2.650027
3.172842
3.141556
3.005710
2.803896
2.376787
1.920661
1.513043
1.218474
1.400060
1.575079
1.705376
1.855115
2.013090
2.197783
2.403585
2.626608
2.847243
3.075195
3.286650
3.496905
3.584013
3.537901
3.371440
3.185935
3.006128
2.802494
2.610908
2.443846
2.390592
2.352754
2.239595
2.096710
2.090558
2.162022
2.341614
2.521583
2.632130
2.712098
2.775998
2.732355
2.579156
2.411942
2.329689
2.550190
2.795485
3.003849
3.105473
3.014411
3.146899
3.117918
3.019759
3.173993
3.225020
3.166342
3.160735
3.373486
3.548200
3.694146
3.750630
3.797797
4.001366
4.126362
4.095006
3.894841
3.630917
3.369108
3.606387
3.872159
4.119638
4.334501
4.474426
4.411935
4.336590
4.517323
4.642844
4.591329
4.379904
4.294702
5.164320
6.176916
7.291033
8.326937
8.684051
8.264597
7.267461
6.156970
5.157833
4.998458
5.565629
6.193206
6.881924
7.605222
8.324267
8.969923
9.778267
10.715486
11.766727
12.936307
14.157497
15.239549
15.777271
15.514047
14.467658
13.328385
12.875871
12.687472
12.670758
12.307418
11.716197
11.368133
10.817198
11.464394
12.344303
13.948607
15.422243
16.080059
15.437430
14.009354
12.397407
11.645408
12.001677
11.851846
11.306560
10.719199
10.217693
9.607385
9.081356
8.500095
7.887520
7.296319
6.757386
6.292962
6.291099
6.644744
7.020797
7.246935
7.204690
6.943280
6.523735
6.089664
5.727876
5.986967
6.049022
5.862051
5.549423
5.310245
5.731911
6.185331
6.614758
6.894165
6.913224
6.691946
6.294738
5.872809
5.584846
5.266776
4.968149
4.686978
4.433519
4.185592
3.940200
3.669667
3.379257
3.123181
3.003278
2.837817
2.650656
2.473813
2.329931
2.304738
2.502919
2.708766
2.903215
3.117176
3.302803
3.500606
3.725482
3.947748
4.125680
4.217292
4.105677
3.915798
3.801925
3.985300
4.702550
5.355289
5.886375
6.201266
6.382339
6.376245
6.194754
5.859768
5.456623
5.167120
5.085802
5.066152
4.942359
4.713386
4.423193
4.156294
4.407609
4.727087
5.005803
5.217572
5.243270
5.099817
4.874934
4.598677
4.316788
4.047358
3.780334
3.509575
3.331918
3.188315
2.984345
2.760405
2.413298
2.191000
2.060233
2.188899
2.232075
1.939896
2.402481
2.861490
3.078899
3.171047
3.159164
3.014024
2.623903
1.847286
1.283414
0.983349
0.876075
0.757649
0.648015
0.561822
0.494334
0.410958
0.322411
0.240606
0.171306
0.117400
0.074445
0.041333
0.023704
0.040424
0.039240
0.025170
0.014540
0.004490
0.002948
0.003510
0.000631
0.001148
0.001562
0.000337
0.000257
0.000874
0.004893
0.017912
0.029112
0.026259
0.016210
0.025459
0.017670
0.006432
0.000722
0.000000
0.000000
0.000000
0.000000
0.000009
0.009613
0.033372
0.057385
0.092178
0.162043
0.251182
0.309319
0.275527
0.193344
0.177451
0.261193
0.358274
0.436161
0.613015
0.863566
1.181126
1.559341
2.004099
2.536547
3.138926
3.741434
4.266730
4.501480
4.231187
3.693105
3.057830
2.443195
1.902793
1.453199
1.076335
0.869762
0.794557
0.686773
0.608389
0.515101
0.349718
0.162910
0.032182
0.001223
0.000000
0.000000
0.000000
0.000000
0.000000
0.000000
0.000000
0.000000
0.000000
0.000000
0.000000
0.000000
0.000000
0.000000
0.000000
0.000000
0.000000
0.000000
0.000000
0.000000
0.000000
0.000000
0.000248
0.005283
0.007612
0.008306
0.008129
0.008055
0.008091
0.008174
0.007643
0.004413
0.000000
0.000000
0.000000
0.000000
0.000000
0.000000
0.000000
0.000000
0.000000
0.000000
0.000000
0.000000
0.000000
0.000000
0.000000
0.000000
0.000000
0.000000
0.000000
0.000000
0.000000
0.000000
0.001812
0.046180
0.157449
0.354896
0.671652
0.934724
1.047442
1.042111
0.914483
0.610961
0.339116
0.158033
0.047888
0.031811
0.093798
0.196807
0.329156
0.447985
0.505476
0.429876
0.355932
0.532470
0.756147
0.961250
0.993510
0.982618
1.418173
1.625992
1.412437
0.874620
0.522577
0.286756
0.128265
0.036445
0.001606
0.000367
0.004044
0.001922
0.000000
0.000119
0.009339
0.030462
0.040081
0.028176
0.033571
0.060428
0.060576
0.031415
0.004708
0.000000
0.000000
0.000000
0.007196
0.069166
0.200390
0.352195
0.422505
0.426076
0.684367
0.982235
1.244538
1.237135
0.964429
0.665398
0.409474
0.222036
0.097836
0.026485
0.000648
0.000000
0.005098
0.022335
0.048310
0.076168
0.085778
0.069584
0.037602
0.014464
0.003099
0.001103
0.008250
0.017017
0.034869
0.078734
0.116194
0.181219
0.241708
0.261890
0.295273
0.250683
0.190235
0.163882
0.244957
0.283892
0.268757
0.281803
0.259291
0.229521
0.290576
0.465633
0.703564
1.010790
1.399525
1.866434
2.400167
2.912503
3.329863
4.044192
4.909553
5.434109
4.906810
4.013891
3.232064
2.552322
1.970238
1.469839
1.061536
0.741958
0.509483
0.502813
0.553031
0.485311
0.342773
0.211644
0.186046
0.249427
0.255579
0.252788
0.291372
0.289342
0.335373
0.413342
0.457494
0.570114
0.663043
0.696075
0.676650
0.603975
0.532084
0.557772
0.523334
0.478736
0.376452
0.272901
0.226901
0.238755
0.229641
0.382890
0.402387
0.258590
0.163376
0.159148
0.288800
0.482636
0.745824
1.085245
1.499838
1.991922
2.538401
2.977019
2.988671
2.552568
2.015735
1.529760
1.122072
0.788994
0.525742
0.323676
0.172556
0.070668
0.020531
0.022813
0.031439
0.053830
0.143935
0.186890
0.129071
0.036401
0.000410
0.000000
0.000000
0.000000
0.000000
0.000000
0.000000
0.000000
0.000000
0.000000
0.000000
0.000000
0.000000
0.000000
0.000000
0.000000
0.000000
0.000000
0.000000
0.000000
0.000000
0.000000
0.000000
0.000000
0.000000
0.000000
0.000000
0.000000
0.000000
0.000000
0.000000
0.011289
0.012234
0.000000
0.000000
0.000000
0.000001
0.014546
0.043697
0.037972
0.005708
0.000000
0.000000
0.000000
0.000000
0.000000
0.000000
0.000000
0.000000
0.000000
0.000000
0.000000
0.000000
0.000000
0.000000
0.000000
0.000000
0.000000
0.000000
0.000000
0.000000
0.000000
0.000000
0.000000
0.000536
0.005919
0.035266
0.091603
0.170064
0.290104
0.429718
0.537496
0.554747
0.483516
0.346010
0.211854
0.110235
0.110852
0.273026
0.534201
0.718626
0.845547
1.219391
1.675020
2.191994
2.619440
3.110473
3.629913
3.618856
3.045647
2.380478
1.780643
1.289081
0.897184
0.587907
0.359075
0.215752
0.214581
0.290847
0.286639
0.204675
0.106033
0.101163
0.185553
0.298462
0.437584
0.585551
0.663757
0.658874
0.569723
0.494177
0.621270
0.770835
0.852426
0.747492
0.571995
0.572025
0.552541
0.467604
0.585742
0.744316
0.822013
1.025126
1.346579
1.548134
1.384684
1.128935
0.831673
0.859516
0.904606
0.796082
0.681217
0.893090
1.034208
1.033141
0.903051
0.681720
0.684551
1.022311
1.414647
1.739312
1.866303
1.743883
1.548366
1.380382
1.541129
1.883799
2.038908
2.082140
2.099633
2.096319
2.071412
1.965307
1.743840
1.710728
1.558619
1.193061
1.020532
0.778003
0.534823
0.336629
0.192623
0.151824
0.233745
0.383808
0.494280
0.430162
0.286583
0.157810
0.121483
0.097566
0.040334
0.000629
0.003281
0.009641
0.049056
0.098305
0.107239
0.192891
0.377514
0.659153
1.021295
1.310100
1.001455
0.639723
0.366110
0.187389
0.085090
0.025068
0.006586
0.001738
0.007776
0.024376
0.044311
0.054150
0.050296
0.036904
0.020973
0.015882
0.031582
0.043921
0.035689
0.017547
0.003853
0.001038
0.010902
0.032679
0.061546
0.081367
0.077160
0.053274
0.044615
0.040259
0.045805
0.056334
0.075124
0.080997
0.066529
0.044193
0.032108
0.016194
0.022848
0.056499
0.163142
0.338601
0.591579
0.935015
1.375116
2.046345
2.507236
2.673742
2.710516
2.708902
2.667882
2.499434
2.048400
1.386015
0.978462
0.723668
0.459175
0.260680
0.405159
0.613084
0.874718
1.186449
1.493227
1.673589
1.619568
1.329956
1.573502
1.884161
2.174635
2.319463
2.265160
2.570961
3.020514
3.502967
3.972084
4.426586
4.931809
5.559086
5.988901
5.969637
5.517008
4.836899
4.191060
3.606836
3.072485
2.624547
2.254651
1.906798
1.695469
1.877431
1.940599
1.814760
1.753308
1.791765
1.748282
2.098109
2.520414
2.983758
3.489662
3.934711
4.085239
3.919155
3.486586
3.005511
2.545287
2.129578
2.076689
2.589231
3.202863
3.875009
4.419526
4.498553
4.028475
3.445173
2.785001
2.186707
1.697221
1.315939
1.039933
0.814416
0.830869
1.054431
1.206987
1.206319
1.076432
0.863584
0.678264
0.541842
0.382672
0.251145
0.338992
0.345682
0.228731
0.265944
0.193136
0.173030
0.210416
0.262579
0.323872
0.370627
0.406908
0.476555
0.555732
0.635719
0.683004
0.714063
0.807775
0.902350
1.036732
1.164589
1.234970
1.182078
1.066616
0.939415
0.960472
1.098232
1.179214
1.177334
1.095111
0.956347
0.978019
0.932679
0.817085
0.768003
0.897511
1.028659
1.093419
1.066871
0.944668
0.807754
0.835451
0.919288
0.881108
0.800811
0.683266
0.770994
0.904453
1.026259
1.074478
1.039326
0.920449
0.773243
0.634756
0.769444
1.103320
1.536008
2.180019
2.984397
3.345970
3.450191
3.344376
2.984202
2.191328
2.003502
1.994935
2.054168
1.809095
1.543228
1.473240
1.592916
1.886622
2.235406
2.518367
2.736611
2.898362
3.011695
3.195309
3.675308
4.170181
4.592979
4.661943
4.415503
3.956964
3.477196
3.602885
3.917385
4.091872
3.924569
3.949114
4.259314
3.865849
3.615464
3.896197
4.175542
4.437951
4.572310
4.562630
4.375768
4.126095
3.834432
3.520048
3.215341
2.998896
3.164052
3.237116
3.412360
3.642106
3.813377
3.838788
3.726115
3.683522
4.024170
4.375538
4.747131
5.159144
5.599862
5.975262
6.078763
5.881976
5.511662
5.178319
5.424195
5.605896
5.711758
5.570144
5.638467
5.767132
6.145385
6.521421
6.933452
7.348415
7.526524
7.422857
7.074247
6.660680
6.214658
5.786211
5.715038
5.901103
5.908236
5.701954
5.467998
5.331242
5.114092
4.854638
4.581389
4.282487
4.292511
4.259154
4.111282
4.147445
4.048980
4.058558
4.390133
4.608548
4.682580
4.571101
4.323184
4.041920
3.723151
3.399877
3.108879
3.161273
3.579434
3.888285
4.009993
4.061638
4.056791
4.049892
4.033414
3.924940
3.775151
3.579506
3.337485
3.088404
2.838561
2.932952
3.519353
4.015617
4.276536
3.994791
3.586064
3.069841
3.259542
3.724822
4.158889
4.428348
4.933058
5.582387
6.146328
6.324637
5.982927
5.386635
4.765986
4.246939
4.037123
3.732251
3.398866
3.472837
3.496517
3.271195
2.934670
2.615420
2.627238
2.567403
2.422416
2.261662
2.074531
1.862854
1.854331
1.691036
1.474767
1.497870
1.491637
1.409709
1.292927
1.167769
1.038537
1.057313
1.125335
1.177197
1.200677
1.178094
1.099922
1.041320
1.097734
1.152928
1.265437
1.322368
1.292530
1.381733
1.494532
1.536339
1.477176
1.362522
1.496891
1.664149
1.849922
2.027215
2.212448
2.277402
2.206696
2.002272
1.853330
1.905806
1.821845
1.729266
1.596316
1.427788
1.263263
1.113045
0.989553
0.944597
0.889595
0.862671
0.804867
0.844121
0.963565
1.017408
0.970040
1.098579
1.192446
1.213776
1.100454
1.125314
1.078186
0.959951
0.794426
0.633574
0.551366
0.656788
0.747822
0.828067
0.927476
1.039147
1.144762
1.200303
1.432856
1.760416
2.002747
2.183138
2.261084
2.236474
2.073695
1.802824
1.721649
1.864332
1.949072
1.924698
1.786746
1.626744
1.478575
1.362211
1.495626
1.912628
2.387651
2.847431
3.170061
3.251836
3.625217
4.243578
5.068694
6.044825
6.977731
7.888340
8.533660
8.512610
7.819297
6.755760
5.714617
4.790714
3.981189
3.300282
2.896597
2.553616
2.422737
2.746713
2.835890
2.586297
2.274601
2.051484
2.303855
2.340930
2.114470
1.816454
1.738517
1.691820
1.621333
1.611786
1.749919
2.012939
2.275269
2.523518
2.763670
3.045934
3.360908
3.691011
4.051559
4.431160
4.782536
4.896589
4.746689
4.424212
4.073163
3.722706
3.345826
3.089441
3.294414
3.575461
3.749028
3.668132
3.399912
3.085314
2.879170
2.812537
2.639324
2.638298
2.685581
2.619571
2.591883
2.428886
2.422417
2.595940
2.880848
3.211629
3.570282
3.868380
4.058199
3.996992
3.747742
3.408213
3.092306
2.824533
3.049639
3.329124
3.571511
3.685492
3.709028
3.626544
3.425944
3.396469
3.352813
3.519182
3.655649
3.781070
4.092742
4.405595
4.740600
5.106433
5.472271
5.799211
6.141685
6.352213
6.483521
6.470257
6.262539
5.972471
5.862959
6.228490
6.473361
6.783363
7.168488
7.599243
7.933384
8.007588
7.777174
7.401971
7.031085
6.764957
6.977327
6.959931
6.690380
6.161533
5.513089
4.944549
4.603766
4.338768
4.137132
4.224871
4.256632
4.152707
3.876163
4.086564
4.108030
3.869555
3.531069
3.408648
3.620230
3.638276
3.381999
3.415972
3.594863
3.632865
3.879805
4.178052
4.567719
5.019516
5.499539
5.988120
6.493934
6.910478
7.068802
7.032038
6.960155
6.992473
7.226724
7.532275
8.030554
8.387085
8.495561
8.181532
7.723687
7.174696
6.661068
6.619470
6.668537
6.704762
6.867020
7.280500
7.892541
8.580835
9.299624
9.949584
10.200779
9.989439
9.277709
8.451427
7.650962
6.930866
6.331338
5.942614
5.921319
5.678932
5.600996
6.031433
6.460680
6.708955
6.734205
6.512173
6.131070
5.738863
5.321524
4.888600
4.453813
4.023433
3.617595
3.229487
2.882221
2.575046
2.297694
2.041744
1.888954
2.120518
2.207159
2.106029
1.835183
1.547141
1.282272
1.043287
0.837799
0.660625
0.504999
0.371549
0.313581
0.323097
0.422473
0.543373
0.658305
0.697042
0.681018
0.656805
0.533440
0.391001
0.440845
0.622433
0.853513
1.097300
1.272146
1.350747
1.233021
0.992262
0.776346
1.054145
1.274829
1.459637
1.271081
0.941793
0.622544
0.390763
0.232847
0.095601
0.013600
0.000000
0.000000
0.000000
0.000000
0.000000
0.000000
0.000000
0.000000
0.000000
0.000000
0.000000
0.000000
0.000000
0.000000
0.000000
0.000000
0.000000
0.000000
0.000000
0.000000
0.000000
0.051410
0.007394
0.058880
0.182489
0.394225
0.705421
1.087592
0.000000
0.000000
0.000000
0.000000
0.000000
0.000000
0.000000
0.000000
0.000000
