track	type=wiggle_0
fixedStep	chrom=chr	start=1	step=1
0.000000
0.000000
0.000000
0.000000
0.000000
0.000000
0.000000
0.000000
0.000000
0.305126
0.649299
0.894153
1.035269
1.091403
1.054695
0.828912
0.409697
0.204078
0.160497
0.137707
0.178846
0.263739
0.373133
0.471094
0.479014
0.688394
0.895233
0.986851
0.850365
0.631275
0.657425
0.844283
0.608371
0.336975
0.148996
0.053013
0.010068
0.002650
0.001974
0.002522
0.007204
0.006063
0.000005
0.037816
0.171739
0.382389
0.546536
0.686183
0.717054
0.709240
0.860839
1.012370
1.043963
0.966410
0.853026
0.941448
0.953815
0.918856
0.903692
0.982276
1.072910
1.334913
1.650674
1.963562
2.124007
1.983839
1.679986
1.354656
1.063865
0.813563
0.603977
0.431440
0.293282
0.184921
0.103202
0.046514
0.012583
0.003889
0.000000
0.000000
0.001410
0.027871
0.072945
0.129244
0.169357
0.304637
0.655032
0.816317
0.860443
0.867023
0.860443
0.830151
0.722421
0.431602
0.292995
0.270257
0.211454
0.220873
0.273634
0.323527
0.392754
0.418441
0.415014
0.370626
0.301736
0.235424
0.187954
0.165584
0.204236
0.274898
0.358171
0.443816
0.524354
0.554695
0.519987
0.436209
0.343993
0.260360
0.190055
0.403815
0.846571
1.074944
1.138536
1.149724
1.149724
1.149724
1.138536
1.070693
0.834494
0.427123
0.315195
0.223024
0.276621
0.411133
0.580759
0.786866
1.031561
1.318645
1.654377
2.035893
2.451571
2.901284
3.267172
3.449573
3.192931
2.784477
2.440201
2.979733
3.634456
4.375298
5.033725
5.359144
5.031826
4.366444
3.628309
2.987486
2.489464
2.232497
1.903709
1.565587
1.254863
0.970930
0.731242
0.554702
0.485198
0.474627
0.392999
0.292328
0.218231
0.316649
0.426184
0.492518
0.442687
0.508022
0.503997
0.343150
0.188882
0.132919
0.120759
0.108924
0.097774
0.162541
0.244142
0.332800
0.418083
0.510534
0.607065
0.712686
0.776621
0.705917
0.586473
0.453527
0.334250
0.236789
0.194409
0.237513
0.280578
0.280329
0.228249
0.164093
0.103125
0.056510
0.088302
0.131223
0.184035
0.246487
0.316633
0.379716
0.411858
0.381884
0.325081
0.297959
0.305535
0.291624
0.243860
0.370230
0.542526
0.490374
0.298737
0.191806
0.148536
0.112913
0.094503
0.079295
0.117441
0.162287
0.202041
0.213619
0.189222
0.148946
0.106727
0.073535
0.072790
0.098266
0.105937
0.089002
0.065222
0.059699
0.060741
0.046720
0.162451
0.286332
0.289757
0.171628
0.052241
0.002312
0.000024
0.000000
0.000000
0.000000
0.000063
0.001482
0.000905
0.000000
0.000000
0.000000
0.000000
0.000000
0.000000
0.000000
0.000000
0.000000
0.000000
0.022604
0.048853
0.058945
0.048853
0.022437
0.000000
0.000000
0.000000
0.000000
0.000043
0.000000
0.000000
0.000000
0.000000
0.000000
0.000000
0.000000
0.000997
0.012903
0.030729
0.036040
0.027048
0.024444
0.032283
0.060004
0.133612
0.226138
0.273505
0.297936
0.302768
0.259780
0.192410
0.125656
0.070802
0.056819
0.065835
0.201421
0.427065
0.645898
0.759569
0.789027
0.797399
0.801622
0.797538
0.801111
0.820241
0.851306
0.972580
1.034788
1.097572
1.115593
1.113334
1.075388
0.954135
0.710854
0.556533
0.545925
0.734946
0.890123
0.883955
0.762185
0.548697
0.353484
0.338597
0.432770
0.497109
0.518831
0.570120
0.483455
0.339968
0.276055
0.329370
0.352452
0.445813
0.690753
1.013337
1.382741
1.687947
1.684929
1.379020
1.046973
1.275404
1.522307
1.782905
1.982872
2.049149
1.894485
1.657816
1.391943
1.651252
1.970724
2.320375
2.700211
2.971804
2.969504
2.697950
2.314617
1.944094
1.612253
1.318714
1.064996
0.846398
0.667532
0.507025
0.366788
0.251944
0.160161
0.098012
0.043019
0.014075
0.003424
0.009202
0.005489
0.000365
0.000000
0.000000
0.007225
0.053422
0.148448
0.259695
0.286748
0.199212
0.122268
0.110417
0.101269
0.097289
0.094616
0.087972
0.065782
0.027913
0.001912
0.001866
0.000832
0.000000
0.000000
0.000000
0.000000
0.000000
0.000000
0.000000
0.000000
0.000000
0.000000
0.000000
0.000000
0.000000
0.000000
0.000000
0.000000
0.000000
0.000000
0.000000
0.000000
0.000000
0.000000
0.000000
0.000000
0.000000
0.000000
0.000000
0.000000
0.000000
0.000000
0.000000
0.000000
0.000000
0.000000
0.000000
0.000000
0.000000
0.000000
0.000000
0.000000
0.000000
0.000000
0.000000
0.000000
0.000000
0.000000
0.000000
0.000000
0.000000
0.000000
0.000000
0.000000
0.000000
0.000000
0.000000
0.000000
0.000000
0.000000
0.000000
0.000000
0.013540
0.079366
0.211264
0.442210
0.752065
0.957526
0.928355
0.871923
0.755995
0.536120
0.351548
0.236203
0.173282
0.178609
0.332180
0.534019
0.610502
0.546107
0.357634
0.173176
0.103814
0.046342
0.014591
0.003678
0.016557
0.019321
0.060457
0.167437
0.209835
0.163808
0.056603
0.006464
0.000000
0.000000
0.000000
0.000235
0.000220
0.000000
0.000000
0.000000
0.000072
0.000000
0.000000
0.000000
0.000000
0.012934
0.066313
0.178093
0.357455
0.592407
0.832503
0.854836
0.676870
0.447320
0.251987
0.120439
0.076430
0.124950
0.186655
0.261393
0.345744
0.423244
0.475426
0.455805
0.381390
0.299994
0.248826
0.245798
0.331324
0.436229
0.560238
0.686289
0.775920
0.776740
0.689414
0.562199
0.446168
0.361914
0.380679
0.411117
0.438611
0.553308
0.669976
0.745330
0.748002
0.677013
0.564577
0.449412
0.348124
0.299221
0.278833
0.287973
0.392972
0.418746
0.342307
0.222550
0.153406
0.118802
0.183738
0.246338
0.261146
0.238253
0.445889
0.782153
1.279610
1.700263
1.869691
1.915086
1.918625
1.892855
2.091836
2.678395
3.384353
4.179868
5.051267
5.979819
7.506811
8.383507
7.496180
5.909527
4.832741
3.965918
3.382549
3.638794
3.687542
3.787154
4.189039
4.749803
4.981525
4.788566
4.276578
3.655412
3.062841
2.524852
2.067870
1.710016
1.572825
1.733241
1.775417
1.586510
1.288264
1.004243
1.204714
1.428183
1.679093
1.952370
2.221172
2.420761
2.458998
2.333067
2.108472
1.833245
1.579869
1.369016
1.250506
1.119979
0.948893
0.788046
0.642193
0.521678
0.438989
0.382508
0.299355
0.218029
0.151179
0.100772
0.059467
0.027408
0.016697
0.015939
0.011711
0.022039
0.040758
0.069130
0.103189
0.137639
0.150940
0.135208
0.097322
0.064893
0.093790
0.119630
0.119112
0.091882
0.060755
0.065241
0.090244
0.089360
0.069577
0.057226
0.074486
0.085781
0.089933
0.093787
0.100482
0.186417
0.365032
0.614745
0.941055
1.341143
1.752779
1.733864
1.280505
0.869750
0.553422
0.329434
0.323700
0.289793
0.230241
0.176146
0.133338
0.096187
0.063984
0.039538
0.021119
0.029643
0.030107
0.019501
0.007669
0.000952
0.000000
0.000000
0.000000
0.000000
0.000510
0.008884
0.024654
0.039080
0.031619
0.016024
0.003387
0.007700
0.027357
0.059040
0.104111
0.167418
0.248314
0.342093
0.451570
0.568206
0.674845
0.775109
0.790416
0.710678
0.596247
0.485163
0.383467
0.294500
0.215708
0.146838
0.099689
0.072746
0.086695
0.145044
0.180637
0.181719
0.265409
0.381001
0.510255
0.581172
0.575448
0.553011
0.699512
0.882795
1.100772
1.246049
1.228825
1.069090
0.892226
0.688661
0.606005
0.625900
0.555852
0.540541
0.784807
1.051509
1.208047
1.143335
1.409092
1.869694
2.470942
3.032589
3.016509
2.456255
2.000912
1.816749
1.544338
1.722417
2.102467
2.037981
1.484481
1.102371
0.749544
0.473183
0.280730
0.166132
0.136134
0.081027
0.035495
0.021797
0.005112
0.000403
0.000000
0.000000
0.000000
0.000000
0.000047
0.000040
0.000003
0.000000
0.000000
0.000000
0.000123
0.006302
0.021448
0.040561
0.055881
0.049873
0.030446
0.027969
0.018432
0.005921
0.000337
0.000000
0.000024
0.000000
0.001534
0.002811
0.008458
0.027779
0.059335
0.103750
0.154904
0.191039
0.178483
0.132485
0.079305
0.050730
0.050462
0.073305
0.109467
0.157736
0.203564
0.228865
0.209057
0.194345
0.214429
0.258996
0.323000
0.388444
0.452510
0.491026
0.481543
0.443025
0.468834
0.464354
0.426499
0.555994
0.821588
1.159694
1.580124
2.038264
2.441679
2.480037
2.142550
1.700531
1.289964
0.973629
0.869382
0.843001
0.751846
0.661366
0.558845
0.457083
0.648720
0.830677
0.920565
0.945098
0.932213
0.870815
0.758603
0.640707
0.525538
0.422651
0.363614
0.446272
0.534847
0.626652
0.720969
0.961896
1.250143
1.589846
1.954876
2.237767
2.221358
1.936142
1.739029
1.973690
2.234623
2.525737
2.835288
3.160477
3.487854
3.742488
3.852606
3.703310
3.453317
3.143622
2.804853
2.479201
2.184212
2.334620
2.541425
2.842705
3.166857
3.463983
3.713985
3.724723
3.477306
3.122989
2.757744
2.408678
2.098104
1.809220
1.658720
1.898531
2.158754
2.382721
2.536164
2.477566
2.300577
2.065472
1.818138
1.575778
1.346798
1.164569
1.238032
1.258691
1.375837
1.576163
1.781636
1.951143
2.064644
2.005440
1.834615
1.675472
1.678065
1.603599
1.492802
1.389616
1.314977
1.208650
1.092030
0.986945
0.967365
1.024220
1.001096
0.903109
0.772198
0.651649
0.634813
0.693535
0.760459
0.804971
0.790264
0.911180
1.042324
1.192781
1.339289
1.462391
1.597539
1.759952
1.942508
2.117287
2.240682
2.289768
2.225331
2.094340
2.163120
2.156761
2.017544
1.783991
1.653507
1.504095
1.359221
1.241465
1.264382
1.413092
1.516877
1.559719
1.557899
1.724044
1.911975
2.126947
2.363953
2.597513
2.828325
3.071728
3.282794
3.425030
3.446614
3.320525
3.175562
3.121790
2.909174
2.912376
3.047165
3.048655
2.913644
2.732050
2.540939
2.673479
2.832913
2.877187
2.758925
2.566817
2.334217
2.094672
1.857652
1.633691
1.423412
1.232606
1.065530
0.914720
0.778858
0.748317
0.830158
0.878876
0.845018
0.766079
0.660348
0.545636
0.435686
0.466629
0.461349
0.352082
0.218983
0.239643
0.323152
0.401919
0.502275
0.532310
0.488049
0.448808
0.487939
0.493439
0.445513
0.372887
0.284491
0.381199
0.461810
0.444629
0.345552
0.302198
0.405961
0.495483
0.522769
0.448417
0.343905
0.539535
0.851974
1.280757
1.711812
1.948703
2.077647
2.129166
2.046522
1.816667
1.503753
1.389775
1.788519
2.273300
2.785160
3.274269
3.602919
3.862404
3.941134
4.128861
4.107791
3.823358
3.355417
2.792095
2.903539
2.702149
2.185069
1.552811
1.066079
0.930030
1.088860
1.080301
0.909151
0.723242
0.545495
0.371553
0.231207
0.127047
0.055419
0.014365
0.000071
0.000000
0.000000
0.000000
0.000000
0.000000
0.000000
0.000000
0.000000
0.029284
0.124265
0.317695
0.420750
0.460360
0.459565
0.424552
0.338697
0.185525
0.073936
0.003296
0.000000
0.000000
0.000000
0.000000
0.000000
0.000000
0.000000
0.000000
0.000000
0.000000
0.000000
0.000000
0.000000
0.000000
0.000000
0.000000
0.000000
0.000000
0.000000
0.000000
0.000000
0.000000
0.000000
0.000000
0.000438
0.000038
0.000000
0.000000
0.000801
0.040005
0.145852
0.336974
0.642876
0.907272
1.050542
1.140558
1.555364
1.914081
1.968436
1.721065
1.333973
0.993880
0.744211
1.040398
1.375428
1.678274
1.794093
1.635902
1.379477
1.750511
2.221862
2.677760
2.807156
3.008332
3.590762
4.031426
3.319157
2.507717
1.860821
1.345733
0.933267
0.615470
0.381484
0.240101
0.357039
0.502253
0.674585
0.865935
1.043084
1.143072
1.087386
0.905674
0.706786
0.570438
0.623217
0.698806
0.667334
0.534343
0.425204
0.369965
0.263196
0.213616
0.292084
0.378509
0.479211
0.595793
0.726939
0.849302
0.911275
1.177777
1.607313
2.121162
2.662544
3.070461
3.089534
2.683083
2.111328
1.592228
1.435733
1.414096
1.467237
1.493511
1.512244
1.633796
1.668751
1.571153
1.448826
1.395973
1.495643
1.724189
2.056288
2.370396
2.545635
2.533083
2.426769
2.425086
2.822317
3.297533
3.851507
4.462237
5.022454
5.232745
5.031234
4.500117
3.890470
3.341455
3.270962
3.455944
3.522605
3.376237
3.156579
2.907587
2.638103
2.456503
2.494745
2.417591
2.521519
2.797386
3.106925
3.440411
3.808722
4.196651
4.561856
4.771415
4.738477
4.516221
4.643657
4.965939
5.362427
5.809752
6.310470
6.769002
7.020820
7.060093
6.865733
6.400219
5.883326
5.399767
4.950760
4.516228
4.101321
4.049498
4.371791
4.687089
5.035647
5.402696
5.678421
5.928933
5.898577
5.725936
5.827960
5.688856
5.337792
5.239408
5.405286
5.386784
5.605685
6.134204
6.741449
7.238014
7.225369
6.684705
5.982811
5.331531
4.753350
4.210250
4.630570
4.944046
5.307517
5.649858
5.960994
5.971053
5.988291
6.284298
6.261685
6.060456
6.172784
5.893808
5.382193
4.868470
4.703209
5.748639
6.972083
8.250689
8.233618
6.921254
5.695379
4.659788
3.770262
2.998833
2.442028
2.941739
3.507614
4.170862
4.836858
5.418429
5.788240
5.873862
5.610778
5.628060
5.507468
4.985230
4.353392
3.743402
3.777548
3.692348
3.472160
3.193295
4.169012
4.540270
4.137782
3.070272
2.258224
1.746566
1.554495
1.475546
1.383265
1.359999
1.247240
1.134383
1.216723
1.190203
1.273873
1.500740
1.755908
2.027473
2.297200
2.474461
2.455869
2.289195
2.046100
1.795557
1.550699
1.462239
1.513673
1.461332
1.318174
1.164389
1.151910
1.317523
1.360860
1.218675
1.061759
0.954134
0.881174
0.948318
0.991077
0.987664
0.937161
0.824576
0.769665
0.818057
0.905326
0.865439
0.709731
0.690480
0.815825
0.892930
0.880858
0.812137
0.706284
0.595643
0.488839
0.391010
0.440022
0.486807
0.496331
0.744933
1.083777
1.510154
2.022855
2.565676
3.076086
3.584433
3.581110
3.027930
2.382734
1.795781
1.309494
0.918491
0.610647
0.385695
0.255403
0.237936
0.322971
0.321741
0.231893
0.125326
0.048585
0.009333
0.005190
0.009244
0.011230
0.006019
0.010472
0.038593
0.084290
0.147630
0.215704
0.244941
0.222452
0.151047
0.085471
0.036581
0.051357
0.096128
0.159618
0.239116
0.319672
0.353827
0.338388
0.282640
0.214806
0.140153
0.141649
0.120164
0.075495
0.034909
0.010318
0.013477
0.026344
0.076585
0.176579
0.307201
0.530188
0.808053
1.122303
1.462368
1.742643
1.801831
1.586063
1.254358
0.885785
0.897509
0.747847
0.514098
0.429608
0.389518
0.377198
0.360109
0.361365
0.334075
0.329201
0.258458
0.152669
0.070559
0.026772
0.044126
0.052763
0.089859
0.170548
0.272414
0.391205
0.518483
0.703973
0.868936
0.933359
0.878899
0.726833
0.550114
0.393387
0.266415
0.165117
0.086088
0.031988
0.018667
0.095490
0.216992
0.309102
0.189941
0.078220
0.030580
0.050863
0.045572
0.023759
0.005701
0.000130
0.000000
0.000000
0.000000
0.000000
0.000000
0.001241
0.009826
0.016874
0.014535
0.007910
0.002413
0.000047
0.000000
0.000000
0.000000
0.000000
0.000000
0.000000
0.000000
0.000000
0.004817
0.029262
0.057763
0.056575
0.027851
0.015762
0.023820
0.020919
0.007248
0.009856
0.026837
0.057655
0.167592
0.342729
0.593960
0.928308
1.351825
2.001959
2.447902
2.609297
2.646157
2.646497
2.610873
2.453235
2.007545
1.359465
0.961230
0.711800
0.451880
0.255254
0.130152
0.064927
0.082222
0.180442
0.297171
0.347272
0.313429
0.211040
0.131694
0.132659
0.096525
0.056213
0.057534
0.174828
0.380447
0.718421
1.088855
1.263008
1.313370
1.330100
1.349633
1.370619
1.360465
1.178883
0.841115
0.550590
0.374476
0.473733
0.515041
0.440239
0.277626
0.146451
0.114111
0.209067
0.267695
0.307531
0.319948
0.320328
0.316128
0.303126
0.264909
0.185488
0.130289
0.119982
0.140049
0.178661
0.189784
0.296497
0.339575
0.330708
0.377319
0.585485
0.863480
1.143696
1.184503
0.951488
0.779992
0.667851
0.713875
0.818611
1.022247
1.138327
1.014487
0.725650
0.648756
0.712330
0.648481
0.505357
0.421018
0.402881
0.445484
0.555921
0.693904
0.912442
1.080370
1.166255
1.299732
1.320947
1.203345
1.028521
0.928627
1.080212
1.336549
1.557519
1.648895
1.737316
1.718220
1.562880
1.567817
1.835786
2.160245
2.514070
2.867333
3.130341
3.156768
2.931429
2.791156
2.563184
2.237503
1.905234
1.633660
1.686074
1.546352
1.600987
1.696258
1.643342
1.497824
1.623557
1.815313
2.057638
2.340667
2.619314
2.839566
2.867942
2.702107
2.573827
2.366383
2.118186
1.855017
2.097627
2.361834
2.331892
2.108147
1.856977
2.241419
2.936100
3.757947
4.685499
5.936018
7.705304
8.711075
8.996978
8.736959
7.749904
6.025411
4.767976
3.887142
3.244322
3.482326
3.580025
3.578936
3.362629
3.076246
2.832670
3.040600
3.414567
3.637307
4.207215
4.849322
5.334296
5.528761
5.179591
4.536251
3.921895
3.342152
2.796564
2.312247
2.101679
2.774880
3.807276
4.151912
3.773260
2.687512
1.897935
1.350754
1.088168
1.256745
1.615060
2.007998
2.258335
2.249430
2.274332
2.227702
2.064785
1.882045
1.644535
1.605670
1.693315
1.649862
1.518888
1.399961
1.312394
1.238947
1.120743
1.014881
1.109897
1.296970
1.623392
2.012912
2.264502
2.497548
2.701363
2.806025
2.852938
3.035508
3.058869
3.043696
3.324769
3.602055
3.820422
3.927719
3.886870
3.698465
3.460180
3.243698
3.392609
3.656466
3.785608
3.708728
3.584060
3.507127
3.265250
3.005441
2.751800
2.572897
2.586227
2.554301
2.554968
2.827464
3.102954
3.330699
3.447316
3.327375
3.108166
2.827633
2.559988
2.375587
2.293959
2.605619
2.882552
3.077900
3.076138
2.904625
2.786929
2.783534
3.044759
3.584920
3.815445
3.924587
3.946536
3.907522
4.057745
4.592958
5.179577
5.752749
6.201765
6.284490
6.266592
6.289316
5.922264
5.435501
4.947651
5.226522
5.940752
6.709268
7.548316
8.449933
9.402077
10.333531
11.406892
12.564438
13.596756
14.032881
13.529102
12.444815
11.285205
10.284492
9.792509
9.154102
8.538622
8.465234
8.457798
8.030489
7.776886
7.434672
6.839125
6.316340
5.782681
5.564366
5.424123
5.165549
4.867755
4.587154
4.156739
3.715364
3.325655
3.678399
4.106570
4.354675
4.358019
4.104259
4.357972
4.609802
4.684104
4.477599
4.176067
3.861717
3.539920
3.339541
3.521053
3.835275
4.196136
4.658842
5.298768
6.039893
6.620272
7.002855
7.141949
7.580172
7.884208
7.927318
7.896999
7.869404
7.622965
7.409817
7.146980
6.732327
6.591219
6.557735
6.348174
5.975101
5.572590
5.326291
5.455619
5.674602
5.665942
5.517573
5.510770
5.334904
5.024772
4.668958
4.301266
3.930834
3.960028
4.212887
4.453989
4.660644
4.798688
4.750058
4.649165
4.882525
5.026187
4.925292
4.983152
4.925798
4.732937
4.951308
5.084663
4.955364
4.962553
4.871496
5.212791
5.807097
6.122827
5.994734
5.549364
5.344062
4.952075
4.539451
4.864232
5.705214
6.656224
7.720083
8.878880
10.009443
10.761980
11.639478
12.080516
12.350064
13.277781
13.677851
13.241561
11.992807
10.546804
9.207404
8.004369
6.903784
5.919765
5.602953
5.220232
5.178284
5.720854
6.213064
6.464926
6.221974
5.633359
4.989085
4.525520
4.258778
3.792179
3.294647
3.278102
3.522826
3.802994
4.164547
4.472541
4.504610
4.681416
5.178014
5.613365
5.943520
5.828280
5.415462
4.914900
4.515851
4.257848
3.974196
3.680648
3.366534
3.109098
3.032516
3.094136
2.974977
2.811690
2.863554
2.988797
2.900466
2.669347
2.444615
2.307252
2.233502
2.229473
2.462028
2.668327
2.745899
2.650001
2.755663
2.918238
3.101758
3.160206
3.162072
3.392701
3.585322
3.714473
3.908553
3.952050
3.855812
3.644496
3.926596
4.084230
4.066016
4.326068
4.561067
4.743734
4.821454
4.769106
4.945879
4.998064
5.042152
4.868891
4.543386
4.174368
3.821118
3.706530
3.689285
3.575104
3.686992
3.809942
4.461875
5.032626
5.425155
5.618889
5.657027
5.546912
5.350178
5.538896
5.745748
6.275898
6.947026
7.557578
7.918293
8.105973
8.006073
7.766613
7.416706
6.778127
6.143236
5.503210
5.375402
5.115668
4.892792
4.914268
4.820523
4.633823
4.334664
4.159342
4.281673
4.250928
4.253558
4.474777
4.622665
4.604976
4.590137
4.528855
4.725147
5.004103
5.249187
5.363831
5.179209
4.838323
4.520894
4.349584
4.133249
3.900627
3.697057
3.916031
4.060216
4.043973
3.809937
3.740923
4.496370
5.037395
5.031138
4.477321
3.733571
3.949469
4.360817
4.769052
5.169151
5.543436
5.815353
5.821099
5.553478
5.146672
4.734991
5.226280
5.741666
6.239997
6.620239
6.633732
6.237177
6.419387
6.972474
7.635930
8.320759
8.733783
8.771663
8.257011
7.566055
6.898364
6.299280
6.134907
6.041330
5.719423
5.291783
5.231743
5.684356
6.123663
6.382543
6.405427
6.180490
5.790336
5.368406
4.922996
4.489375
4.074553
3.669315
3.668335
3.792795
3.768163
3.606472
3.360540
3.090531
2.821728
2.818291
2.737973
2.525585
2.297808
2.051734
2.295525
2.460315
2.530803
2.722827
2.945618
3.088089
2.980828
2.372902
1.912456
2.106918
2.208207
2.242520
2.380480
2.563989
2.802578
3.078853
3.390535
3.708267
4.000111
4.217583
4.318933
4.546566
4.765996
4.701349
4.713624
4.668958
3.774179
2.258927
1.656293
1.545254
1.528806
1.527718
1.662027
1.833661
1.933731
1.647984
1.160308
0.911562
0.878885
1.006018
1.186309
1.384715
1.552059
1.729713
1.871972
1.773641
1.640329
1.646720
1.755623
1.874300
1.682634
0.979720
0.755129
0.497618
0.311349
0.321238
0.412738
0.538143
0.688121
0.857717
1.047826
1.267990
1.523587
1.818411
2.138689
2.454746
2.672622
2.488219
1.587293
1.303205
1.425961
1.672580
1.974983
2.315340
2.690866
3.074644
3.456608
3.687841
3.794268
4.427109
4.499936
4.494861
4.519520
3.397075
2.939073
2.434123
2.301879
1.858463
1.373772
0.959371
0.625277
0.366399
0.181328
0.068696
0.013828
0.000565
0.000000
0.000000
0.013503
0.051792
0.099622
0.094296
0.150457
0.291799
0.461340
0.507544
0.107170
0.227169
0.655032
0.000000
0.000000
0.000000
0.000000
0.000000
0.000000
0.000000
0.000000
