track	type=wiggle_0
fixedStep	chrom=chr	start=1	step=1
0.000000
0.000000
0.000000
0.000000
0.000000
0.000000
0.000000
0.000000
0.000000
0.001446
0.002971
0.005900
0.017390
0.084991
0.218678
0.438529
0.509396
0.403592
0.163967
0.047005
0.019931
0.072405
0.171259
0.307330
0.480046
0.708904
0.927920
1.022286
0.882432
0.650893
0.702862
0.903205
0.651625
0.361414
0.161009
0.132637
0.246516
0.408129
0.632629
0.908712
1.150867
1.191990
1.014190
0.859991
0.746843
0.649284
0.628673
0.592050
0.646283
0.557061
0.418131
0.290130
0.292794
0.321498
0.269822
0.218625
0.191478
0.136549
0.183769
0.350569
0.543088
0.747449
0.899781
0.943968
0.946670
0.927173
0.864425
0.712343
0.379990
0.146457
0.033589
0.015881
0.041173
0.060354
0.076778
0.061198
0.058515
0.061087
0.028857
0.003072
0.004329
0.012537
0.038748
0.140961
0.318689
0.616387
1.182398
1.468045
1.547114
1.560401
1.547114
1.486724
1.273605
0.798570
0.448017
0.213260
0.074989
0.009712
0.019505
0.035649
0.080651
0.179632
0.356258
0.497281
0.626404
0.754455
0.886026
1.020786
1.128502
1.164723
1.115426
1.036023
1.098153
1.110036
1.230961
1.375805
1.476402
1.515325
1.613106
1.778888
1.968761
2.116890
2.125425
1.981539
1.788554
1.588503
1.398340
1.577989
2.054376
2.635173
3.320259
4.064645
4.678715
5.144626
5.156682
5.259167
6.598493
8.268063
8.359117
6.881040
5.432847
4.371770
3.501284
2.754780
2.130728
1.617442
1.230974
1.000793
0.869193
0.717572
0.759571
0.772376
0.845653
1.025871
1.195371
1.322082
1.328466
1.597010
1.871724
2.134372
2.269474
2.371529
2.688194
2.904099
3.176058
3.501024
3.649507
3.512506
3.384183
3.323336
3.034695
2.796893
2.821258
3.009970
3.259250
3.342704
3.273264
3.069042
2.896894
2.747106
2.863379
3.061762
3.089811
2.950440
2.700121
2.468852
2.109175
1.939418
1.660593
1.372326
1.276970
1.428057
1.562893
1.558826
1.412341
1.228909
1.045795
0.873229
0.721112
0.595867
0.529971
0.678254
1.118672
1.666100
1.809818
1.661561
1.700101
1.627126
1.373042
0.862028
0.674062
0.875302
0.979351
0.829980
0.611726
0.379528
0.198859
0.187517
0.165187
0.164685
0.154433
0.127516
0.107022
0.107566
0.091390
0.080810
0.080650
0.087809
0.075931
0.075300
0.125286
0.208736
0.303540
0.353999
0.323151
0.249838
0.160483
0.108071
0.123395
0.173229
0.187106
0.299389
0.376326
0.473505
0.471911
0.369566
0.278963
0.160779
0.101011
0.078792
0.167177
0.248504
0.301336
0.357018
0.437745
0.495560
0.496726
0.433241
0.347697
0.260516
0.189104
0.164761
0.169505
0.179156
0.193569
0.226602
0.274122
0.328385
0.357260
0.356821
0.332204
0.297686
0.285658
0.311321
0.359882
0.401810
0.403568
0.355743
0.292853
0.220582
0.170599
0.148487
0.114758
0.083744
0.104620
0.137679
0.165134
0.185464
0.282799
0.321067
0.310167
0.380224
0.410260
0.394255
0.347821
0.306764
0.268285
0.233730
0.188377
0.182396
0.220644
0.269579
0.492262
0.771790
0.871975
0.805354
0.605549
0.590909
0.755843
0.933351
1.377038
1.778287
1.965101
2.003541
1.965101
1.787749
1.400451
0.927366
0.572408
0.324484
0.261060
0.363752
0.472372
0.559005
0.639838
0.699542
0.693847
0.852536
1.021066
1.158558
1.221252
1.241746
1.152747
0.994345
1.022760
0.974239
1.196208
1.478210
1.790895
2.118851
2.395795
2.506199
2.673767
2.549459
2.609497
3.002135
3.380097
3.583081
3.485672
3.208836
3.653536
4.067509
4.117899
3.811348
3.728323
4.221323
4.600255
4.571261
4.190527
3.670861
3.160281
2.700964
2.288692
1.921414
1.593385
1.301171
1.046418
0.828599
0.652506
0.540036
0.573988
0.520536
0.405407
0.296293
0.198725
0.120383
0.062111
0.023695
0.004390
0.004730
0.023016
0.080669
0.181514
0.207959
0.168091
0.143142
0.125968
0.116379
0.111835
0.108176
0.099928
0.073867
0.027663
0.000379
0.000000
0.000000
0.000000
0.000000
0.000000
0.000846
0.003475
0.001179
0.000000
0.000000
0.000000
0.000000
0.000000
0.000000
0.000000
0.000000
0.000000
0.000000
0.000000
0.000000
0.000000
0.000000
0.000000
0.000000
0.000000
0.000000
0.000000
0.000000
0.000000
0.000000
0.000000
0.000000
0.000000
0.000000
0.000000
0.000000
0.000000
0.000000
0.000000
0.000000
0.000000
0.000000
0.000000
0.000000
0.000000
0.000000
0.000000
0.001175
0.037826
0.120087
0.198407
0.197326
0.118942
0.037441
0.001805
0.000000
0.000000
0.000000
0.000000
0.000000
0.007382
0.052076
0.151393
0.313254
0.544254
0.843194
1.166947
1.512977
1.671506
1.534315
1.191941
0.842226
0.587613
0.517001
0.502136
0.517735
0.433056
0.277249
0.143330
0.199741
0.239781
0.187468
0.131335
0.236632
0.376318
0.540001
0.671155
0.683127
0.557039
0.390681
0.247822
0.147451
0.070071
0.018714
0.000574
0.000000
0.000000
0.000000
0.000000
0.000000
0.000000
0.000000
0.000000
0.000000
0.000000
0.000000
0.000000
0.000000
0.000000
0.000000
0.000000
0.000000
0.000000
0.000000
0.000000
0.000000
0.000000
0.000000
0.000000
0.000000
0.000000
0.000000
0.000000
0.000000
0.000000
0.000000
0.000000
0.000000
0.000000
0.000000
0.000000
0.000000
0.000000
0.000000
0.000000
0.000000
0.000000
0.000000
0.000000
0.000000
0.000000
0.000000
0.000000
0.000000
0.000000
0.000000
0.000000
0.000000
0.000000
0.000000
0.000000
0.000000
0.000000
0.003171
0.058996
0.195171
0.194393
0.057211
0.018497
0.013126
0.003109
0.041621
0.128365
0.266979
0.453212
0.731040
1.096346
1.558146
2.088017
2.355207
2.139766
1.669574
1.363110
1.193775
0.974128
0.741098
0.537471
0.564571
0.705790
0.793058
1.001869
1.300654
1.625485
1.880124
1.951387
2.196350
2.451797
2.976713
3.634652
4.258634
4.594996
4.469816
4.111369
4.817470
5.436322
5.582258
5.246996
4.664471
3.978514
3.341561
2.776014
2.280931
1.849772
1.478527
1.160034
0.887003
0.658757
0.474268
0.603541
0.702045
0.708914
0.634382
0.531603
0.406485
0.306688
0.283013
0.272975
0.251383
0.250979
0.272437
0.248747
0.196388
0.238661
0.242476
0.244567
0.319364
0.399796
0.430159
0.397554
0.317284
0.232485
0.157791
0.101937
0.064254
0.039286
0.025635
0.011759
0.004044
0.006122
0.004428
0.001571
0.003483
0.006634
0.017592
0.039954
0.069225
0.101450
0.138790
0.160522
0.149779
0.171473
0.177965
0.108987
0.058593
0.056612
0.067088
0.098531
0.110402
0.099172
0.112271
0.146598
0.162696
0.221931
0.210957
0.120797
0.080867
0.050004
0.035176
0.030091
0.021607
0.008339
0.001158
0.000000
0.000012
0.000000
0.002378
0.024197
0.070608
0.144726
0.247148
0.362729
0.445226
0.543317
0.576834
0.489384
0.367119
0.264522
0.208382
0.162260
0.127694
0.077451
0.038152
0.016367
0.007052
0.002933
0.006374
0.009487
0.020458
0.043626
0.068774
0.107124
0.137550
0.145421
0.172236
0.178771
0.175174
0.172506
0.161834
0.160114
0.126139
0.082479
0.043175
0.017086
0.029359
0.047790
0.038906
0.006230
0.044246
0.124894
0.252751
0.406438
0.534704
0.592366
0.568462
0.527202
0.464836
0.460318
0.377691
0.341993
0.459531
0.629394
0.831644
1.047463
1.206314
1.225005
1.205642
1.034489
0.867683
0.728495
0.670837
0.657635
0.649569
0.571115
0.792400
0.934679
1.194008
1.637789
2.124159
2.624200
3.348957
4.120210
4.138094
3.386615
2.662577
2.016234
1.486376
1.062771
0.732673
0.475535
0.280785
0.142378
0.054625
0.055264
0.077487
0.117558
0.164693
0.220271
0.271553
0.305531
0.308005
0.282367
0.258118
0.236624
0.192639
0.144926
0.104638
0.114055
0.138321
0.185688
0.244859
0.312566
0.389270
0.475356
0.570467
0.678620
0.799923
0.926058
1.058591
1.198701
1.355414
1.504316
1.605188
1.595920
1.477063
1.313275
1.145069
0.989606
0.922504
1.074987
1.225008
1.348673
1.492975
1.635889
1.769513
1.899561
1.963045
1.901596
1.771266
1.720049
1.859447
1.966798
2.102718
2.249936
2.334239
2.307635
2.374605
2.443060
2.411058
2.281148
2.127321
1.961988
1.975933
2.205445
2.788423
3.418678
4.045555
4.816728
5.494736
6.119071
6.816149
6.864774
5.922119
4.945293
4.263279
4.420174
5.016809
5.330203
5.256567
4.879943
4.287872
4.275313
4.667922
5.362079
6.132364
6.936298
7.511132
7.511503
7.030140
6.614549
6.497356
6.708184
7.124574
7.897445
8.818008
9.696438
10.423621
10.376637
9.626444
8.716008
7.758992
8.185655
8.769468
9.370412
10.010610
10.691605
11.387381
12.000321
12.203561
11.955119
11.467379
10.796651
10.531230
10.977270
11.387923
11.413735
11.213084
11.397232
12.041160
12.319304
12.059866
11.450411
10.669083
9.867484
9.280949
8.949317
8.859912
9.409139
9.883388
10.085074
9.851385
9.384133
8.815225
8.271817
7.829133
7.680818
7.501467
7.127430
7.102405
7.288298
7.657425
8.081281
8.319155
8.222366
7.942345
7.510970
7.192026
7.327996
7.197429
6.910204
6.540203
6.293802
6.408762
6.791261
7.239965
7.662524
7.887489
7.782143
7.428383
6.911795
6.380362
5.902326
5.478193
5.403869
5.679675
5.979293
6.267937
6.520227
6.711535
6.915864
6.933383
7.083223
7.404265
7.671851
7.969831
8.344005
8.719133
9.033757
9.211988
9.190920
8.971134
8.601390
8.190017
7.807785
7.461687
7.119908
6.768008
6.419335
6.090332
5.782186
5.494552
5.236333
5.056832
5.050484
5.279689
5.341919
5.188504
4.947664
4.861638
5.087223
5.270019
5.410601
5.649047
6.003846
6.331006
6.413183
6.226495
5.879235
5.440998
5.003994
4.971907
4.962991
4.762347
4.447990
4.087611
3.711533
3.357112
3.044840
2.780566
2.540273
2.305601
2.063597
1.826138
1.729867
1.609860
1.459765
1.294845
1.128578
0.969072
0.820293
0.784593
0.727792
0.770247
1.165385
1.710571
2.486424
2.862061
2.852196
2.469187
1.731653
1.331536
0.970518
0.780558
0.739865
0.626729
0.600183
0.844924
1.098194
1.209263
1.138619
0.927478
0.858538
0.998532
1.111550
1.074333
0.905655
0.706157
0.519254
0.354650
0.234764
0.181935
0.202213
0.208745
0.211924
0.193054
0.195760
0.229289
0.297519
0.510548
0.809236
1.070811
1.267506
1.377705
1.402696
1.321910
1.142187
0.922061
0.977149
1.222200
1.284628
1.121176
0.854940
0.591919
0.381935
0.224906
0.112130
0.039434
0.004327
0.000000
0.000000
0.000007
0.000000
0.000000
0.000000
0.000000
0.000000
0.000000
0.000000
0.000000
0.000000
0.000000
0.000000
0.000000
0.000000
0.000000
0.000000
0.000000
0.000000
0.000000
0.000000
0.000000
0.002959
0.054837
0.094696
0.107339
0.110066
0.109911
0.105857
0.088962
0.039803
0.000000
0.000000
0.000000
0.000000
0.000000
0.000000
0.000000
0.000000
0.000000
0.000000
0.000000
0.000000
0.000000
0.000000
0.000000
0.000000
0.000000
0.000000
0.000000
0.000000
0.000000
0.000000
0.000000
0.000000
0.000000
0.000000
0.000000
0.000000
0.000000
0.001925
0.046736
0.159559
0.359115
0.677763
0.955485
1.106825
1.212179
1.633799
1.993446
2.037405
1.778550
1.381270
1.032097
0.776422
1.076101
1.421184
1.731178
1.848929
1.686393
1.417590
1.796431
2.274910
2.733169
2.853847
3.050583
3.631917
4.062776
3.329084
2.507523
1.854521
1.336554
0.923467
0.606510
0.387597
0.233323
0.107590
0.030843
0.068540
0.122785
0.165100
0.162953
0.117112
0.059680
0.020079
0.006403
0.018606
0.019555
0.011161
0.007117
0.004161
0.002027
0.000000
0.007184
0.084898
0.203337
0.253754
0.224723
0.142688
0.124973
0.136529
0.138081
0.228054
0.409893
0.613191
0.793947
0.787586
0.581006
0.368299
0.209355
0.293363
0.375267
0.402719
0.373250
0.395129
0.398825
0.448059
0.516080
0.536793
0.574717
0.667442
0.691529
0.618922
0.521094
0.415379
0.328144
0.280701
0.222167
0.283197
0.398012
0.507115
0.561000
0.652274
0.826986
1.021176
1.214257
1.304911
1.257223
1.125458
1.137949
1.375481
1.657145
1.973537
2.324895
2.637439
2.755826
2.604692
2.287483
1.937442
1.629851
1.376589
1.133992
0.918237
0.738541
0.607164
0.658330
0.613060
0.610788
0.621668
0.714225
0.798955
0.888917
1.050560
1.307976
1.467716
1.784755
2.280490
2.915469
3.641014
4.434899
5.344706
6.412181
7.486425
8.009761
7.443610
6.331119
5.241506
4.386733
3.612713
2.934394
2.337910
1.989902
2.120931
2.042586
1.741444
1.407411
1.247173
1.234100
1.046569
0.807168
0.573621
0.443800
0.515812
0.568850
0.571176
0.671821
0.818821
0.934825
0.947316
0.930100
0.925315
1.047097
1.226499
1.375966
1.402338
1.279270
1.094954
1.050821
1.223662
1.317393
1.235984
1.099709
0.937438
0.738263
0.858070
0.899493
0.849330
0.727882
0.666617
0.739042
0.770825
0.847551
0.866416
0.900261
0.983040
1.075456
1.092265
1.017160
0.861004
0.943162
1.163054
1.216519
1.087744
1.017983
1.281970
1.681657
2.178547
2.717535
3.151981
3.165137
4.109225
4.503837
4.195556
3.197960
2.319613
1.699525
1.203703
0.810633
0.507199
0.339888
0.381750
0.395887
0.489707
0.530079
0.481810
0.420543
0.557020
0.733725
0.947016
1.176439
1.336702
1.344956
1.203733
0.987916
1.010331
1.103315
1.257206
1.421951
1.484740
1.428823
1.286932
1.090873
1.277825
1.528197
1.788493
2.065169
2.350250
2.694582
2.947771
2.966374
2.728561
2.378733
2.033801
1.723873
1.449630
1.208076
1.441916
1.650894
1.654952
1.455312
1.226461
1.005978
1.138811
1.177521
1.093881
1.010918
1.117775
1.275709
1.471386
1.796206
2.062888
1.843731
1.684148
1.535898
1.388184
1.296636
1.337617
1.432923
1.451179
1.352769
1.205822
1.039955
0.882197
0.745061
0.714072
0.854372
1.004133
1.159973
1.309822
1.360365
1.278443
1.094853
0.901896
0.739289
0.604901
0.483174
0.376603
0.457642
0.591097
0.710945
0.774883
0.733740
0.588917
0.454429
0.349186
0.245036
0.164350
0.166089
0.247591
0.340980
0.438064
0.488787
0.456928
0.366799
0.264045
0.181168
0.207964
0.176768
0.182088
0.208768
0.243822
0.256825
0.236383
0.204525
0.228151
0.259604
0.250320
0.269549
0.428749
0.529570
0.580866
0.738464
1.007376
1.360922
1.708037
1.794857
1.502714
1.166122
0.880459
0.832470
0.825701
0.869059
0.986969
1.130333
1.400982
1.700665
1.787060
1.625890
1.299033
0.958167
0.674734
0.455724
0.312747
0.411116
0.518043
0.627691
0.689123
0.674724
0.606040
0.519692
0.438418
0.402594
0.437644
0.550064
0.645813
0.658856
0.585016
0.492814
0.395719
0.312145
0.244803
0.282452
0.328670
0.313658
0.286069
0.387868
0.510144
0.655386
0.817401
0.977011
1.120722
1.322481
1.512947
1.626678
1.570260
1.406135
1.541447
1.711544
1.926811
2.142167
2.253960
2.194890
2.024900
1.799953
1.583514
1.384692
1.206380
1.071455
1.017646
1.002814
0.974399
1.203411
1.367699
1.372016
1.225979
1.150357
1.345485
1.537133
1.781299
2.006185
2.049901
1.906142
1.654959
1.382944
1.153566
0.952688
0.789146
0.687153
0.721635
0.667195
0.725000
0.968528
1.272870
1.644557
2.093832
2.568806
2.905721
2.916139
2.614701
2.224036
1.994687
1.849231
1.650504
1.561752
1.728454
1.764754
1.634210
1.355418
1.256634
1.305600
1.413176
1.389535
1.151093
1.599270
2.225153
2.716586
2.918609
2.966549
2.968643
2.965868
2.948919
2.885878
2.655179
2.067040
1.334477
1.029551
0.873955
0.914176
0.758616
0.513873
0.505962
0.550821
0.593699
0.682333
0.784753
0.897750
1.011287
1.127811
1.232612
1.304339
1.280314
1.300545
1.264037
1.357595
1.541139
1.731885
1.919510
2.098691
2.244849
2.319991
2.271461
2.147648
1.988845
1.829691
1.654924
1.477609
1.444924
1.564323
1.601226
1.538602
1.476397
1.367090
1.350809
1.463297
1.649223
1.846425
2.057840
2.224640
2.331883
2.284161
2.253318
2.200339
2.113024
2.013961
2.059875
2.005175
2.064462
2.273379
2.497733
2.663952
2.736207
2.658180
2.460418
2.181608
2.316819
2.562563
2.827112
3.029577
3.103815
2.976042
2.751653
2.586382
2.790413
3.177696
3.577322
3.934825
4.085767
3.894778
3.605913
3.273660
3.045449
2.888025
2.621125
2.332504
2.074293
1.860119
1.605271
1.706069
2.110181
2.592081
3.161192
3.815161
4.533947
5.317725
6.159198
7.130259
8.163953
8.977538
9.776880
11.449017
12.912751
12.833397
11.333005
9.959527
8.789706
7.738430
6.743515
7.151430
7.708330
7.646597
7.330778
7.671879
7.341477
6.563481
5.708750
4.896948
4.177882
3.506094
2.894346
2.361208
2.342242
2.415064
2.490137
2.761009
2.996039
3.007679
2.779795
3.031931
3.467698
3.798593
3.789303
3.449620
3.073403
2.744404
2.504001
2.814346
3.057256
3.041684
2.766250
2.440753
2.085745
1.763107
1.484477
1.233053
1.016503
0.834116
0.733551
0.860619
1.012629
1.164941
1.335380
1.528840
1.743243
1.974567
2.217832
2.457847
2.629881
2.699907
2.618216
2.378083
2.120773
2.173472
2.273728
2.308076
2.275550
2.156111
2.201215
2.618849
3.035516
3.369604
3.614551
3.764805
3.764263
3.619844
3.396056
3.121078
3.069663
3.258746
3.285077
3.296458
3.502976
3.764916
4.034609
4.153357
4.106819
3.873082
3.603061
3.312241
3.028271
2.773203
2.523333
2.281710
2.055371
1.827620
1.649490
1.516951
1.348417
1.367996
1.328201
1.223317
1.065168
1.103778
1.400243
1.697763
1.904835
1.983350
1.962183
2.341636
2.718022
3.037140
3.164796
3.138931
3.465358
4.182772
4.979685
5.809250
6.577392
6.784708
6.371422
5.520497
4.647510
3.916674
3.389888
3.070362
2.616485
2.620086
2.834417
2.987707
2.997765
2.889778
2.674854
2.419622
2.085106
1.809139
1.662590
1.917036
2.192865
2.404489
2.354018
2.103414
1.775366
1.453705
1.172539
0.933600
0.825890
0.833203
0.865859
0.843334
0.786410
0.795074
0.868838
0.935267
0.920856
0.818778
0.957589
1.124616
1.299122
1.491383
1.679938
1.821289
1.832143
1.891442
2.517165
3.200992
3.731155
3.721041
3.185349
2.523463
2.212462
2.431944
2.693023
2.919611
3.068398
2.993125
2.741086
2.434534
2.130848
1.855551
1.626077
1.441030
1.342703
1.346029
1.624041
1.955639
2.208091
2.447498
2.695781
2.978014
3.288045
3.616588
3.917047
4.036417
3.908370
3.615674
3.324867
3.485205
3.518882
3.401742
3.367548
3.831181
4.321499
4.696188
4.872614
4.708529
4.347908
3.966398
3.535202
3.094618
2.753997
2.881569
3.034368
3.058101
2.890433
2.872598
3.061343
3.201788
3.291951
3.284789
3.177047
2.996480
2.773228
2.618006
3.186337
3.791922
4.354168
4.816467
4.914979
4.619865
4.030878
3.417064
2.916407
2.900468
2.755522
3.399920
4.245495
5.226453
6.349889
7.546804
8.469820
8.604126
7.830625
6.688471
5.577731
4.588620
3.728732
3.029305
2.492221
2.285535
2.288597
2.378854
2.488747
2.653604
2.889563
3.102516
3.315121
3.505928
3.508937
3.314053
3.038682
2.769392
2.960831
3.192689
3.413096
3.549749
3.509303
3.303166
3.032893
2.774234
2.528549
2.291015
2.232409
2.503910
2.721411
2.837784
2.977622
2.916152
2.739088
2.562229
2.385893
2.321022
2.484414
2.676329
2.640512
2.736469
3.066391
3.349646
3.499513
3.654989
3.675981
3.513378
3.290175
3.183211
3.024369
2.864073
2.578543
2.489498
2.501133
2.817338
3.240152
3.742338
3.968746
3.976043
4.085658
4.002248
3.857376
3.905416
3.855642
4.042039
4.197923
4.192774
4.016797
3.721534
3.955874
4.249280
4.527173
4.688356
4.698739
4.578949
4.568551
4.544178
4.522475
4.733503
4.788596
4.606741
4.331510
4.058186
4.048719
3.871849
3.552732
3.462830
3.645945
3.810677
3.867734
3.908448
4.116412
4.308122
4.547646
4.683782
5.043181
5.399617
5.676282
5.881458
6.202974
6.415004
6.617556
6.700726
7.042670
7.278833
7.030125
6.328137
5.633217
5.425998
5.578206
5.663998
5.381368
5.004008
4.728070
4.853769
5.125292
5.331182
5.526773
5.573286
5.398089
5.602783
5.869997
6.010531
6.075690
5.952590
5.639927
5.463574
5.332972
5.315158
5.102418
5.080110
5.351779
5.583724
5.778392
5.922454
5.829665
5.758794
5.518730
5.221964
4.937851
4.619455
4.542353
4.351085
4.535271
4.771574
4.835570
4.874632
5.325851
5.741214
5.940817
5.933051
5.863775
5.873817
5.913150
5.969229
5.999379
5.954374
5.756587
5.788844
5.958984
5.885683
5.559092
5.070435
4.739624
4.621924
4.698801
4.865282
5.313534
5.838209
6.440698
7.076126
7.550096
7.698093
7.293233
7.321651
7.104093
6.831527
6.596197
6.480311
6.142350
5.778736
6.127714
6.400606
6.431447
6.230398
5.870663
5.639562
5.278896
4.867828
4.537660
4.679200
4.927517
5.240435
5.468927
5.487912
5.270143
4.942067
4.581567
4.227824
3.957813
4.090827
4.066015
3.849135
3.543999
3.226573
2.929658
2.650249
2.283059
2.167508
1.987278
1.825640
1.874776
1.847747
1.730199
1.805034
1.849116
1.761254
1.597435
1.436982
1.470344
1.636127
1.728139
1.661235
1.717666
1.716942
1.807280
1.983878
2.191743
2.408375
2.644885
2.881569
3.034368
2.843848
1.927819
1.065841
0.724414
0.471113
0.348982
0.326036
0.361247
0.313644
0.320332
0.397844
0.510397
0.647417
0.800176
0.967960
1.123785
1.291986
1.465803
1.533817
1.372061
0.916737
0.318462
0.211593
0.165126
0.155436
0.129220
0.072667
0.026932
0.040118
0.079300
0.137555
0.214647
0.308593
0.419394
0.553309
0.711761
0.897497
1.102928
1.300811
1.405013
1.159424
0.437441
0.346184
0.444808
0.478072
0.743674
1.082492
1.503990
2.019470
2.641761
3.358294
4.123734
4.785255
4.868014
4.369346
3.982517
3.766092
3.305127
2.703223
2.545258
2.081831
1.574207
1.138576
0.776789
0.489789
0.350704
0.294960
0.475766
0.722871
1.007337
1.235913
1.112891
0.985289
1.105119
1.386888
1.717824
1.783128
1.191432
0.863785
0.399249
0.421153
1.182398
0.000000
0.000000
0.000000
0.000000
0.000000
0.000000
0.000000
0.000000
