track	type=wiggle_0
fixedStep	chrom=chr	start=1	step=1
0.000000
0.000000
0.000000
0.000000
0.000000
0.000000
0.000000
0.000000
0.000000
0.309705
0.658934
0.907113
1.050429
1.107605
1.070749
0.842630
0.417684
0.209608
0.163501
0.139881
0.182094
0.269322
0.380050
0.477937
0.483555
0.693876
0.900753
0.992920
0.857684
0.638853
0.668435
0.857095
0.619193
0.345019
0.153992
0.055884
0.011168
0.003294
0.002531
0.003151
0.007768
0.006564
0.000040
0.039244
0.176505
0.391389
0.559621
0.701362
0.732820
0.722458
0.876270
1.029832
1.061588
0.983017
0.863925
0.955518
0.968079
0.933756
0.919183
0.999338
1.091747
1.357494
1.678675
1.995340
2.158113
2.016072
1.708955
1.379995
1.093422
0.866248
0.696678
0.526195
0.388059
0.265827
0.165156
0.147583
0.145515
0.118540
0.092815
0.077762
0.102295
0.102427
0.085501
0.155705
0.307550
0.409936
0.663148
0.824270
0.868291
0.874788
0.868291
0.838060
0.730483
0.575279
0.635603
0.639570
0.580465
0.481480
0.382311
0.300036
0.247192
0.303110
0.313722
0.275707
0.207508
0.145220
0.100445
0.072158
0.058919
0.081160
0.139876
0.361750
0.592033
0.755592
0.847969
0.838180
0.883010
1.281067
1.541217
1.628769
1.570465
1.444607
1.327485
1.450581
1.553985
1.595860
1.566108
1.472247
1.357376
1.258125
1.225607
1.173511
1.071280
0.967741
1.015445
1.056726
1.045092
1.335184
1.676521
2.062374
2.485218
2.939370
3.306071
3.489647
3.233002
2.820233
2.468069
3.011799
3.670352
4.414756
5.075703
5.402631
5.073894
4.405912
3.664179
3.019540
2.517706
2.257368
1.924379
1.584559
1.272698
0.985299
0.925237
1.075447
1.214980
1.386154
1.588945
1.810880
2.032195
2.198447
2.285285
2.516405
2.807260
3.136321
3.468264
3.721050
3.826871
3.692617
3.556494
3.510705
3.595482
3.943609
4.376915
4.859348
5.377561
5.935712
6.503805
6.988873
7.202327
6.987627
6.491998
5.926208
5.378734
4.877890
4.450702
4.501040
4.680861
4.674480
4.443690
4.078899
3.686293
3.311173
2.960101
2.633105
2.334805
2.081799
1.963547
1.921588
1.911234
1.771415
1.577284
1.375111
1.187995
1.015518
0.858031
0.715160
0.597559
0.521710
0.504459
0.492301
0.442732
0.367677
0.441366
0.528857
0.609646
0.660436
0.657392
0.660405
0.648070
0.592104
0.696754
0.786936
0.798593
0.928035
1.068632
1.219082
1.352968
1.437252
1.431896
1.332609
1.198044
1.055718
0.948083
0.967905
0.965134
0.891623
0.795937
0.836999
0.914135
0.928775
0.955157
0.969837
0.920397
0.823788
0.713609
0.609082
0.517072
0.443137
0.406890
0.367933
0.393343
0.379409
0.335304
0.288945
0.352895
0.444782
0.471171
0.398014
0.229508
0.104209
0.021829
0.005728
0.001226
0.000000
0.000000
0.000000
0.000000
0.000000
0.000000
0.000000
0.000000
0.000000
0.000000
0.000000
0.000000
0.000000
0.000000
0.004732
0.003913
0.000050
0.007699
0.022716
0.023058
0.012190
0.002078
0.002789
0.000503
0.007836
0.065755
0.201279
0.426146
0.635649
0.737556
0.766524
0.774802
0.779082
0.786053
0.798793
0.824104
0.858463
0.982290
1.045706
1.109570
1.127892
1.125620
1.087547
1.035222
1.369850
1.769727
2.224447
2.629774
2.791488
2.619784
2.205947
1.756638
1.365952
1.075448
0.935845
0.939695
1.175226
1.372092
1.366792
1.190341
0.975487
0.758707
0.574628
0.531212
0.796032
1.134699
1.513467
1.768841
1.767080
1.466374
1.162502
0.837752
0.606094
0.761438
0.863198
0.896458
0.805763
0.653516
0.497811
0.586861
0.767939
0.976648
1.212610
1.393247
1.427581
1.274516
1.038084
0.808507
0.612233
0.447503
0.311800
0.203292
0.121856
0.132869
0.181405
0.148695
0.150309
0.116457
0.052000
0.004519
0.000000
0.000000
0.000000
0.000000
0.000000
0.000000
0.010197
0.062664
0.163515
0.278050
0.295191
0.202097
0.126239
0.114245
0.104997
0.100968
0.098228
0.091352
0.068417
0.029246
0.002213
0.002227
0.001088
0.000000
0.000000
0.000000
0.000000
0.000000
0.000000
0.000000
0.000000
0.000000
0.000000
0.000000
0.000000
0.000000
0.000000
0.000000
0.000000
0.000000
0.000000
0.000000
0.000000
0.000000
0.000000
0.000000
0.000000
0.000000
0.000000
0.000000
0.000000
0.000000
0.000000
0.000000
0.000000
0.000000
0.000000
0.000000
0.000000
0.000000
0.000000
0.000000
0.000000
0.000000
0.000000
0.000000
0.000000
0.000000
0.000000
0.000000
0.000000
0.000000
0.000000
0.000000
0.000000
0.000000
0.000000
0.000000
0.000000
0.000000
0.000000
0.000000
0.000000
0.014281
0.081291
0.215308
0.446821
0.756839
0.963687
0.933919
0.879373
0.764576
0.543699
0.359670
0.242114
0.176579
0.184013
0.339406
0.543408
0.620405
0.555744
0.365513
0.178379
0.107475
0.048442
0.015637
0.003926
0.017074
0.019936
0.062896
0.172547
0.215944
0.168856
0.059320
0.007341
0.000000
0.000000
0.000011
0.000460
0.000442
0.000000
0.000000
0.000000
0.000188
0.000000
0.000000
0.000000
0.000000
0.013732
0.069307
0.183714
0.366309
0.602454
0.843897
0.866624
0.687639
0.456988
0.258720
0.124768
0.080001
0.130313
0.193605
0.269925
0.355713
0.434591
0.488000
0.467574
0.391718
0.308665
0.255782
0.253271
0.340838
0.447972
0.574225
0.702285
0.793572
0.794425
0.705430
0.576279
0.458150
0.372277
0.390716
0.421977
0.448087
0.564499
0.684508
0.761064
0.763721
0.691479
0.575824
0.458596
0.355972
0.304568
0.285972
0.294787
0.401334
0.426253
0.350231
0.229614
0.158484
0.121249
0.187676
0.251593
0.266575
0.244186
0.455186
0.791044
1.293596
1.716412
1.887292
1.933104
1.936658
1.910487
2.113662
2.704799
3.414331
4.213927
5.083232
6.008837
7.526791
8.403005
7.516292
5.938591
4.863916
3.999032
3.414589
3.674473
3.724292
3.823119
4.229463
4.795578
5.031109
4.837183
4.318359
3.693144
3.096082
2.555931
2.096199
1.720993
1.586482
1.745775
1.786109
1.600942
1.302579
1.023971
1.229657
1.458739
1.709868
1.985984
2.261004
2.464080
2.503155
2.375406
2.147467
1.868971
1.609846
1.397179
1.277604
1.142069
0.966605
0.803174
0.653326
0.526613
0.420786
0.330968
0.250195
0.180930
0.142691
0.124029
0.173957
0.228967
0.277956
0.307273
0.301441
0.319384
0.400626
0.495189
0.587575
0.671647
0.718661
0.692802
0.605815
0.500726
0.566612
0.633899
0.660330
0.608309
0.521585
0.518190
0.585840
0.583211
0.528627
0.437867
0.467712
0.444438
0.419007
0.473505
0.560660
0.648560
0.736604
0.766317
0.949683
1.349524
1.767120
1.749911
1.298722
0.937588
1.047618
1.093191
1.082899
1.017852
0.898345
0.782347
0.685132
0.594214
0.506322
0.429399
0.391436
0.441802
0.443356
0.394519
0.326936
0.259565
0.197621
0.145781
0.219204
0.317246
0.434115
0.585730
0.742009
0.846640
0.812943
0.661159
0.490062
0.417120
0.526269
0.649650
0.794802
0.967508
1.162989
1.372373
1.598929
1.829166
2.019783
2.210435
2.236361
2.080700
1.863161
1.652726
1.446154
1.261129
1.080264
0.905443
0.766345
0.773821
0.964391
1.088652
1.071504
0.938358
0.756351
0.586655
0.515560
0.592931
0.587721
0.565357
0.716004
0.902530
1.123127
1.269711
1.251990
1.090752
0.911819
0.705661
0.622546
0.642840
0.571917
0.553309
0.801487
1.070189
1.226271
1.161017
1.425682
1.885621
2.494410
3.057497
3.041271
2.478894
2.019706
1.836903
1.564212
1.736812
2.118367
2.053611
1.497823
1.118309
0.763432
0.484740
0.289037
0.171854
0.140953
0.084815
0.038176
0.023958
0.006152
0.000778
0.000000
0.000000
0.000000
0.000000
0.000135
0.000129
0.000034
0.000000
0.000000
0.000079
0.000000
0.000000
0.000000
0.000000
0.000000
0.000000
0.000000
0.000000
0.000000
0.000000
0.000000
0.000000
0.000000
0.000000
0.000000
0.000000
0.000681
0.000000
0.000000
0.000000
0.001068
0.005119
0.003229
0.002979
0.011443
0.014408
0.009948
0.002252
0.000000
0.000000
0.000464
0.005981
0.011121
0.021557
0.038326
0.063558
0.097123
0.132529
0.170315
0.193294
0.188121
0.158605
0.116894
0.078347
0.049839
0.028157
0.050648
0.140067
0.283565
0.475777
0.656805
0.688558
0.541376
0.358910
0.213315
0.153092
0.175784
0.184411
0.163794
0.138218
0.129942
0.293160
0.544779
0.757563
0.850827
0.875746
0.875805
0.844938
0.732538
0.480609
0.235023
0.126189
0.198842
0.277940
0.392668
0.551117
0.752140
0.998286
1.291543
1.638080
2.009946
2.295826
2.279344
1.991765
1.613973
1.272786
0.987335
0.880954
1.053052
1.234807
1.432263
1.619193
1.731618
1.739021
1.647367
1.502540
1.302996
1.105951
1.248160
1.461607
1.652266
1.856903
2.111995
2.352901
2.578965
2.637749
2.500706
2.282497
2.013397
1.729360
1.465626
1.224410
1.009128
1.163575
1.369125
1.567825
1.725694
1.747774
1.632616
1.466773
1.271710
1.070559
0.880628
0.734056
0.785145
0.830681
0.831491
0.774430
0.854933
0.972579
1.030388
1.004027
0.890512
0.823028
0.876079
0.721505
0.503976
0.396086
0.389278
0.347230
0.292284
0.231033
0.181463
0.180829
0.216408
0.268594
0.279305
0.266696
0.211779
0.111559
0.084340
0.036317
0.034415
0.065788
0.107013
0.165310
0.263359
0.280961
0.323705
0.398720
0.485621
0.570403
0.632082
1.007397
1.600680
2.005473
2.144466
2.138002
2.000349
1.623436
1.064277
0.688207
0.432721
0.241019
0.118486
0.098772
0.175812
0.288522
0.452199
0.636220
0.758677
0.765434
0.632790
0.455242
0.351233
0.426236
0.511329
0.614563
0.736833
0.883535
1.293362
1.833697
2.537481
2.891131
3.024878
3.026660
2.893262
2.525228
1.779444
1.231314
0.841195
0.670132
0.599791
0.422775
0.252859
0.130356
0.088983
0.138571
0.152461
0.106428
0.053148
0.012858
0.002339
0.000017
0.001486
0.001354
0.000006
0.000000
0.022043
0.116195
0.321418
0.451535
0.457889
0.351904
0.147588
0.038974
0.000625
0.000000
0.001783
0.002852
0.002812
0.000000
0.000000
0.000000
0.000000
0.000000
0.000000
0.000000
0.000068
0.003161
0.006157
0.005051
0.007397
0.031863
0.088764
0.180040
0.305305
0.537903
0.850223
1.277653
1.705567
1.939101
2.064326
2.117108
2.039968
1.811225
1.497669
1.381371
1.344229
1.214646
1.123819
0.933791
0.916814
1.195382
1.364575
1.393530
1.340546
1.233831
0.975100
0.726165
0.496000
0.304672
0.162932
0.141831
0.237775
0.353181
0.445744
0.445055
0.348020
0.227059
0.137707
0.061928
0.016360
0.000113
0.000000
0.000000
0.000016
0.000000
0.000000
0.000000
0.006057
0.045368
0.107086
0.173320
0.226743
0.365255
0.658573
0.981706
1.136087
1.195533
1.193669
1.136764
0.998314
0.739360
0.548449
0.345157
0.158956
0.048745
0.013213
0.005476
0.001219
0.000000
0.000000
0.000000
0.000000
0.000000
0.000000
0.000000
0.000000
0.000000
0.000000
0.000000
0.000000
0.000000
0.000000
0.000000
0.000000
0.000000
0.000237
0.005012
0.009994
0.007772
0.002147
0.000000
0.001531
0.044093
0.152677
0.347031
0.656261
0.924158
1.070964
1.180998
1.599007
1.962810
2.019040
1.767705
1.378376
1.034770
0.798178
1.101966
1.444708
1.750950
1.870749
1.709552
1.435580
1.811810
2.290948
2.746563
2.877348
3.070096
3.654297
4.096207
3.381018
2.558739
1.908451
1.388861
1.012109
0.755589
0.912666
1.135530
1.394024
1.685655
2.008971
2.357627
2.633599
2.725683
2.515093
2.207186
1.863722
1.550192
1.277464
1.034386
0.817792
0.632833
0.472206
0.482239
0.595567
0.726809
0.870211
1.019922
1.185964
1.363716
1.539396
1.650465
1.745919
1.827829
1.923834
2.155728
2.728774
3.139274
3.156101
2.747171
2.171387
2.081902
2.219777
2.370732
2.462564
2.515080
2.403225
2.195214
1.959459
1.754116
1.587258
1.563057
1.506888
1.367844
1.346406
1.514121
1.653789
1.749213
2.111672
2.531030
2.973005
3.457613
4.021770
4.639247
5.208597
5.421208
5.215574
4.681127
4.061588
3.494336
3.281112
3.651350
4.114762
4.635699
5.157905
5.635014
5.752064
5.554421
5.050466
4.493091
3.972594
3.541400
3.165056
2.793756
2.450374
2.823971
2.912262
2.629976
2.957086
3.306804
3.603195
3.707159
3.571889
3.269572
2.983828
3.080851
3.207452
3.348459
3.224419
2.978070
2.673107
2.747410
2.833607
3.538270
4.587082
5.126201
4.565607
4.243340
4.084501
3.672487
3.248580
3.221501
3.235174
3.319480
3.247823
3.493951
3.686561
3.768633
3.688400
3.399265
3.340186
3.287145
3.025162
2.629363
2.240564
2.127193
2.404364
2.731308
3.073158
3.381248
3.635653
3.756646
3.686194
3.762668
3.754348
3.572723
3.572427
3.507022
3.272365
3.116167
3.213249
3.376254
3.515815
3.888810
4.805161
5.868803
7.103069
8.395755
8.380698
7.052407
5.824720
4.773768
3.868725
3.092028
2.704683
3.230439
3.850996
4.550017
5.246397
5.770819
6.220683
6.346282
6.085589
6.118213
5.985408
5.440156
4.778916
4.142446
3.564623
3.058728
3.188134
3.428070
4.394997
4.633366
4.187316
3.109790
2.354602
1.877067
1.775434
1.655143
1.348038
1.454319
1.628078
1.802591
1.932698
1.911902
1.759552
1.788029
2.058616
2.344159
2.621274
2.803056
2.773825
2.585644
2.316112
2.040079
1.779053
1.546187
1.335831
1.238809
1.327289
1.408102
1.451449
1.493147
1.519550
1.360659
1.149750
1.158186
1.484273
1.805513
2.088835
2.334037
2.587562
2.781392
2.893214
2.860892
2.732679
2.477794
2.163447
1.710992
1.778642
1.900890
1.920522
1.829995
1.668843
1.496782
1.319708
1.140305
0.979054
1.053200
1.065580
1.020105
1.107868
1.535294
2.047691
2.587186
3.097585
3.599989
3.598267
3.053727
2.407680
1.819878
1.334508
0.942594
0.633566
0.484272
0.517390
0.464110
0.369316
0.344206
0.252020
0.141579
0.129452
0.220957
0.336705
0.461322
0.541832
0.503550
0.504866
0.652522
0.823654
1.013725
1.187529
1.247638
1.168404
0.982191
0.781896
0.606351
0.463713
0.527542
0.670921
0.829636
0.973823
1.019609
0.969855
0.839419
0.687315
0.538297
0.407007
0.430025
0.377812
0.256508
0.181169
0.200480
0.274595
0.283523
0.198368
0.315377
0.539320
0.818445
1.133129
1.476801
1.744790
1.787326
1.552220
1.254018
0.985899
0.890923
0.744383
0.511213
0.428969
0.388894
0.375902
0.358565
0.361116
0.332813
0.318299
0.254768
0.147481
0.066821
0.019955
0.041551
0.053482
0.067504
0.126994
0.167094
0.166749
0.246920
0.356825
0.495488
0.606899
0.625465
0.535034
0.399647
0.267255
0.161125
0.082777
0.029687
0.003208
0.017810
0.091549
0.208305
0.294697
0.181905
0.074448
0.018641
0.000000
0.000000
0.000000
0.000000
0.000000
0.000000
0.000000
0.000000
0.000000
0.000000
0.000000
0.000000
0.000000
0.000000
0.000000
0.000000
0.000000
0.000000
0.000000
0.000000
0.000000
0.000000
0.000000
0.000000
0.000000
0.000000
0.000000
0.000000
0.000000
0.000000
0.000000
0.000000
0.000000
0.000000
0.000000
0.006053
0.056922
0.165015
0.338365
0.586002
0.913631
1.329140
1.968133
2.406755
2.568766
2.605761
2.603525
2.569183
2.410025
1.975290
1.339183
0.947117
0.702796
0.447477
0.254040
0.129396
0.064843
0.083362
0.180502
0.292477
0.340002
0.306049
0.205464
0.126784
0.125083
0.087925
0.049161
0.051724
0.165408
0.363900
0.692400
1.052047
1.221898
1.270628
1.286678
1.305558
1.326599
1.318497
1.141554
0.812201
0.529178
0.356711
0.453518
0.493831
0.419925
0.261442
0.135902
0.104992
0.196876
0.252638
0.291841
0.304983
0.305882
0.302452
0.290844
0.252801
0.175722
0.118204
0.108413
0.088307
0.078287
0.169560
0.279801
0.320920
0.312866
0.360064
0.561656
0.830935
1.104238
1.144686
0.918280
0.747508
0.641506
0.686154
0.787711
0.987081
1.101728
0.980681
0.699795
0.621185
0.680560
0.616659
0.477788
0.387791
0.368868
0.409264
0.509948
0.631782
0.873356
1.036049
1.054163
1.178998
1.197474
1.083498
0.918660
0.782407
0.995431
1.240425
1.455853
1.541911
1.600624
1.582146
1.431390
1.441435
1.698932
2.007854
2.346255
2.680457
2.933227
2.957077
2.746748
2.615325
2.396398
2.086610
1.774255
1.508331
1.560264
1.426863
1.307695
1.396943
1.413095
1.328162
1.368503
1.468533
1.657385
1.905820
2.173924
2.401440
2.536441
2.443955
2.323083
2.158020
1.940801
1.756481
2.006032
2.266590
2.237090
2.016089
1.768258
2.157784
2.840796
3.645561
4.559389
5.788207
7.526574
8.501519
8.775836
8.519390
7.558674
5.870687
4.634428
3.756435
3.101600
3.318634
3.208781
3.097404
2.978634
2.772105
2.488356
2.395308
2.749398
3.008560
3.362537
3.930842
4.488022
4.841180
4.753565
4.245053
3.677668
3.205771
2.985229
3.009648
2.838971
2.598543
2.603016
3.633181
4.004306
3.649896
2.614142
2.326701
2.118499
1.821617
1.815719
2.175893
2.448496
2.503501
2.760501
2.779377
2.520403
2.364080
2.247804
2.036862
2.204709
2.441756
2.356470
2.234874
2.573686
2.909905
2.692484
2.542864
2.452582
2.233539
2.347074
2.425871
2.425152
2.529320
2.543868
2.450934
2.281782
2.294540
2.368005
2.448222
2.696447
2.940779
3.131734
3.231291
3.232855
3.398809
3.457098
3.410542
3.249651
3.052394
3.125006
3.168547
3.319728
3.322304
3.162349
2.931712
2.676617
2.694639
2.793051
2.716920
2.511163
2.260561
2.512215
2.774710
2.996913
3.169865
3.169332
3.418142
3.492599
3.371391
3.365707
3.705433
3.979904
4.017271
3.994431
4.233969
4.257964
4.043683
3.709236
3.484753
3.707500
3.813710
3.837902
3.804971
3.676560
3.464667
3.963218
4.454497
4.849566
4.922469
4.929257
4.948187
4.621663
4.194440
3.754347
3.904032
4.483542
5.124491
5.828701
6.569217
7.373496
8.170543
9.094755
10.088226
10.972454
11.360354
10.910999
9.971851
8.971531
8.117101
7.716155
7.194261
6.670433
6.682845
6.742779
6.482144
6.419172
6.212144
5.770245
5.382378
4.916196
4.628415
4.464864
4.454048
4.274703
3.915089
3.509137
3.119233
2.767103
3.381919
4.064415
4.308759
4.294503
4.029888
3.347048
2.831632
2.838388
2.722502
2.554810
2.359696
2.202705
2.229702
2.292301
2.317647
2.523013
2.760815
3.028707
3.310775
3.558716
3.742457
3.779723
4.007458
4.167431
4.115902
3.928548
3.859584
3.675152
3.662740
3.796377
3.818508
3.666829
3.536441
3.772368
3.934242
3.893685
3.814000
3.982197
4.012437
3.826444
3.526431
3.294683
3.303535
3.177500
3.020979
2.854140
2.689287
2.592685
2.408656
2.368312
2.501223
2.516280
2.433125
2.449652
2.575297
2.569759
2.435386
2.250519
2.101397
2.294750
2.474568
2.516928
2.433436
2.246115
2.060587
1.901273
2.001107
2.165952
2.325398
2.527602
2.770132
3.290354
3.937842
4.684711
5.507608
6.433364
7.475667
8.616719
9.721250
10.454798
11.355053
11.784221
11.937241
12.816272
13.188861
12.759678
11.545252
10.148938
8.885532
7.856740
6.961963
6.584617
7.193901
8.017801
8.957597
9.945251
10.769027
11.157754
10.874540
10.014374
9.021016
8.100346
7.298218
6.610789
5.989556
5.802127
6.188921
6.187338
5.855513
5.355938
5.224357
5.476733
5.825276
6.271240
6.416611
6.254751
5.823287
5.319446
4.884423
4.596107
4.303718
4.012198
3.704058
3.534688
3.537196
3.574148
3.452460
3.276638
3.353032
3.498733
3.414108
3.151509
2.824340
2.526944
2.279960
2.074189
2.251465
2.447954
2.548798
2.485715
2.611055
2.620257
2.512671
2.344466
2.137133
2.057623
1.989167
2.043050
2.041102
2.220560
2.426526
2.693437
2.981449
3.269412
3.540587
3.820117
4.095165
4.340609
4.479543
4.730123
5.016183
5.166036
5.184721
5.138224
4.973216
4.785384
4.668922
4.369838
4.067228
3.832103
3.768449
3.666230
3.733003
3.703367
3.877762
4.025990
4.239856
4.513800
4.733012
4.943748
5.149113
5.495757
6.148646
6.732256
7.064840
7.253708
7.185863
6.972230
6.653472
6.048212
5.481627
5.005569
4.795456
4.526326
4.388760
4.458781
4.334698
4.200143
4.005282
3.836170
3.811035
3.980967
4.071270
4.002626
3.879062
3.882921
3.869540
3.845463
4.014460
4.213937
4.418917
4.516364
4.350123
4.073219
4.026107
3.841481
3.652332
3.641700
4.001828
4.419119
4.562746
4.434308
4.235179
3.993309
4.520957
5.051997
5.036063
4.468686
3.734602
3.954103
4.323476
4.740654
5.184555
5.565605
5.788418
5.759719
5.487293
5.105531
4.707517
5.069215
5.582990
6.086412
6.405899
6.340235
5.967026
6.328241
6.874505
7.497565
8.054993
8.249935
8.019456
7.372105
6.662376
6.026744
5.472674
4.997405
4.692217
4.692197
4.493119
4.459569
4.879866
5.282577
5.528391
5.562349
5.364040
5.005274
4.615900
4.206226
3.812191
3.431135
3.064214
2.708966
2.607746
2.554810
2.203098
1.670844
1.584630
1.567079
1.699110
1.879452
2.082114
2.317094
2.560743
2.790907
3.031791
3.289508
3.512150
3.472237
3.596765
3.817976
3.859584
3.409127
3.063892
2.755380
1.851350
1.066984
0.896281
0.902515
0.848587
0.910439
1.055803
1.197568
1.192794
1.164088
1.261520
1.153155
0.948986
1.015398
1.187362
1.386909
1.533831
1.643458
1.532290
1.101827
1.012602
0.940006
0.917961
0.885921
0.677023
0.515227
0.482686
0.402148
0.193220
0.209285
0.299609
0.432131
0.595201
0.794555
1.013228
1.200325
1.213174
1.013200
1.157951
1.418476
1.734718
2.049828
2.169131
2.461827
2.930676
3.490915
4.130551
4.847095
5.645008
6.537423
7.541173
8.648404
9.840489
10.989475
11.700117
12.304025
11.351505
6.779207
4.665999
4.379405
3.453542
2.562866
2.403472
2.809916
3.356853
3.410170
0.065308
0.000000
0.000000
0.000000
0.000000
0.000000
0.000000
0.000000
0.000000
