track	type=wiggle_0
fixedStep	chrom=chr	start=1	step=1
0.000000
0.000000
0.000000
0.000000
0.000000
0.000000
0.000000
0.000000
0.000000
0.000000
0.000418
0.028347
0.122590
0.286544
0.337682
0.275582
0.103124
0.018631
0.000711
0.000000
0.008580
0.055281
0.138422
0.271740
0.389973
0.393956
0.286213
0.158841
0.092564
0.141482
0.166935
0.234065
0.563332
0.900497
1.230918
1.558036
2.110472
2.629560
2.963506
3.172277
3.225509
3.678065
4.156595
4.678508
5.318169
5.894443
6.347306
7.127527
8.102961
8.956533
9.465192
8.954756
8.094756
7.081354
6.131873
5.284376
4.524974
3.865694
3.345405
3.314312
3.514685
3.439793
3.104279
2.678208
2.267309
1.898000
1.572678
1.346334
1.192104
1.017248
0.852818
0.722934
0.754272
0.821712
0.829781
0.739664
0.602783
0.581112
0.615735
0.568393
0.460801
0.342856
0.242014
0.167432
0.195643
0.193523
0.178896
0.176223
0.196658
0.230382
0.288919
0.357812
0.380612
0.349091
0.283261
0.235417
0.292949
0.319993
0.314788
0.303282
0.332796
0.318411
0.261181
0.200772
0.145200
0.100363
0.078070
0.093963
0.102672
0.089836
0.058870
0.033536
0.043287
0.120527
0.271461
0.493716
0.798478
1.250993
2.079998
2.481656
2.590833
2.590833
2.504777
2.194963
1.503124
0.985239
0.612863
0.356599
0.206802
0.138274
0.145969
0.248884
0.325538
0.302625
0.195203
0.093693
0.028452
0.001745
0.023464
0.072332
0.172458
0.251975
0.255024
0.274180
0.411841
0.672452
0.750022
0.623805
0.305889
0.111761
0.021742
0.018043
0.054296
0.108816
0.169858
0.195242
0.175154
0.113720
0.057777
0.019989
0.005806
0.027227
0.050462
0.047665
0.023758
0.077460
0.235543
0.535693
0.899344
0.992615
0.928280
0.636295
0.327413
0.146725
0.041920
0.001841
0.000000
0.000000
0.000000
0.000314
0.010868
0.036047
0.079174
0.140689
0.218532
0.291599
0.326535
0.289408
0.213766
0.141042
0.093219
0.049132
0.017333
0.014964
0.074481
0.177252
0.277321
0.322837
0.324542
0.220583
0.099256
0.022803
0.008044
0.036565
0.081998
0.120334
0.118468
0.073227
0.024682
0.001193
0.000000
0.000000
0.000000
0.000000
0.000000
0.000000
0.000000
0.000000
0.000000
0.000000
0.013389
0.103763
0.165163
0.180946
0.170564
0.121992
0.030633
0.000912
0.000000
0.000000
0.007384
0.017726
0.000379
0.000000
0.000000
0.000000
0.000000
0.000000
0.000000
0.000000
0.000000
0.000000
0.000000
0.000000
0.000000
0.000000
0.000000
0.000000
0.000000
0.000000
0.000000
0.000000
0.000000
0.000000
0.000000
0.000000
0.000000
0.000000
0.000000
0.004325
0.018107
0.048483
0.067744
0.074429
0.067491
0.048327
0.018462
0.007344
0.002016
0.000000
0.000000
0.000000
0.000000
0.000000
0.000000
0.000000
0.000000
0.016507
0.076593
0.084770
0.037491
0.063856
0.127271
0.186704
0.286553
0.443564
0.617613
0.672085
0.584454
0.419183
0.257025
0.131845
0.177580
0.264115
0.340985
0.399981
0.512992
0.662975
0.792222
0.825332
0.767892
0.620074
0.452687
0.409417
0.360656
0.479938
0.603766
0.680618
0.736703
0.857246
1.164525
1.573514
2.073408
2.629917
3.120761
3.263308
2.898880
2.417143
2.559765
2.501161
2.238864
1.623999
1.046356
0.766512
0.917469
0.902557
0.731351
0.534422
0.355838
0.357132
0.287324
0.184573
0.097017
0.046945
0.103876
0.177388
0.240137
0.265476
0.420762
0.537315
0.578634
0.578634
0.536956
0.422719
0.205657
0.070379
0.007907
0.004450
0.010333
0.024531
0.022303
0.009087
0.000000
0.000000
0.000000
0.000000
0.000000
0.000000
0.000000
0.000000
0.000000
0.000000
0.000000
0.000000
0.000000
0.000000
0.000000
0.000000
0.000000
0.000000
0.000000
0.000000
0.000000
0.000000
0.000000
0.000000
0.000000
0.000000
0.000000
0.016547
0.058518
0.076982
0.119251
0.148357
0.151279
0.148089
0.146098
0.141216
0.123784
0.069845
0.006160
0.003883
0.008710
0.001831
0.001897
0.008311
0.015067
0.019620
0.036694
0.064045
0.101038
0.145406
0.189871
0.205928
0.191085
0.147182
0.111239
0.111239
0.111239
0.111097
0.113007
0.158575
0.215046
0.270107
0.288240
0.267125
0.209493
0.153215
0.177030
0.194501
0.178257
0.133766
0.115503
0.162698
0.228743
0.307126
0.398210
0.502738
0.620699
0.747739
0.867200
0.912030
0.870394
0.749955
0.627705
0.530357
0.510235
0.503487
0.432660
0.352833
0.273755
0.201095
0.139845
0.113412
0.051729
0.024207
0.016462
0.005969
0.028486
0.080338
0.150835
0.278407
0.479275
0.749179
1.099776
1.540152
2.084358
2.754816
3.675022
4.180025
3.699290
3.107836
3.700022
4.372832
5.128096
5.978471
6.893084
7.796797
8.521907
8.692208
8.051847
7.138761
6.160099
5.289631
4.610382
5.509530
6.699908
8.594805
9.962170
10.447361
10.544890
10.447361
9.957011
8.547229
6.523706
5.326861
4.409937
3.849759
4.047735
3.769814
3.231621
2.646013
2.161589
1.894969
1.988212
1.815287
1.476275
1.148133
0.852885
0.610298
0.536598
0.554901
0.653288
0.794030
0.950810
1.111406
1.248536
1.311541
1.504011
1.716850
1.935241
2.124506
2.185672
2.121210
1.968581
1.869147
1.845241
1.924159
2.051652
2.154173
2.164890
2.055004
2.054790
2.184225
2.299008
2.308066
2.195870
2.000068
1.780705
1.567339
1.371339
1.190281
1.023598
1.175885
1.355490
1.502679
1.545123
1.491877
1.331458
1.152017
0.974150
0.836834
0.844739
0.760448
0.634025
0.503888
0.428303
0.466986
0.428093
0.486480
0.727759
1.029652
1.398203
1.846217
2.387292
3.010575
3.711386
4.581478
5.597377
6.783532
8.109505
8.860569
8.285953
7.089777
6.089966
5.381424
4.946619
4.219710
3.497040
2.938337
2.858092
2.993960
3.282310
3.660172
3.862601
4.095180
4.322803
4.673309
5.205283
5.609839
6.379031
7.313663
8.170749
8.544844
8.176616
7.325275
6.346497
5.423263
4.605845
3.887188
3.269946
2.767847
2.299970
1.884333
1.520714
1.176093
0.904308
0.682007
0.509342
0.393715
0.321916
0.229381
0.153392
0.102217
0.081508
0.044106
0.046043
0.087305
0.142983
0.208325
0.265034
0.270713
0.231091
0.198858
0.143946
0.158512
0.209761
0.231548
0.217263
0.172411
0.192250
0.260927
0.319643
0.350538
0.344171
0.319416
0.273395
0.248230
0.319068
0.398683
0.485073
0.569907
0.614776
0.579108
0.499182
0.410882
0.329720
0.259494
0.207432
0.193257
0.202793
0.227569
0.273624
0.485549
0.559599
0.396040
0.260117
0.446747
0.667405
0.855496
1.012196
1.260330
1.440816
1.807670
2.227217
2.448668
2.209766
1.769309
1.343822
0.977025
0.822424
0.884772
0.855763
0.816707
0.930735
1.055477
1.153131
1.161997
1.241198
1.350702
1.393343
1.337355
1.241684
1.124974
1.079560
0.969888
0.868561
0.750023
0.636271
0.546295
0.472202
0.769411
1.075942
1.164881
1.077125
0.771895
0.672734
0.806985
0.961160
1.139363
1.323549
1.491987
1.582317
1.769066
1.963221
2.128563
2.162408
2.044369
2.111493
2.060180
1.896893
1.719328
1.535748
1.351261
1.300213
1.221058
1.104097
0.980223
0.902109
0.823284
0.793555
0.991465
1.178039
1.399827
1.640434
1.906651
2.216682
2.514353
2.744587
2.719216
2.431733
2.087229
1.750430
1.445999
1.171062
0.995589
0.880687
0.810810
0.768850
0.652538
0.500154
0.397872
0.459522
0.520863
0.571376
0.625907
0.544724
0.469577
0.691969
1.008767
1.315969
1.774737
2.305965
2.276119
1.716930
1.403669
1.127478
0.871498
0.977982
1.033150
1.016741
0.920340
0.816304
0.719086
0.756907
0.791907
0.807449
0.772584
0.681867
0.586644
0.506378
0.532729
0.566721
0.590497
0.569487
0.502445
0.424560
0.480981
0.585891
0.705088
0.837804
0.984353
1.133191
1.289052
1.433805
1.531901
1.558096
1.477051
1.331275
1.190535
1.069310
1.007401
1.124659
1.167529
1.145271
1.154505
1.220237
1.182606
1.170451
1.206437
1.298660
1.372395
1.389080
1.347020
1.267761
1.175556
1.077890
0.998357
1.133820
1.291017
1.463493
1.612716
1.673474
1.600033
1.465408
1.323067
1.199194
1.216321
1.290832
1.321521
1.285144
1.295149
1.189306
1.021131
0.969867
0.985046
1.049653
1.241541
1.403868
1.450408
1.398825
1.258115
1.125878
1.062916
0.995202
0.880625
0.706474
0.671167
0.644254
0.636207
0.715892
0.814545
0.917796
1.024146
1.112608
1.273091
1.472891
1.682657
1.890878
2.099122
2.304115
2.483792
2.582638
2.580338
2.640535
2.751139
2.930257
3.076049
3.284915
3.536456
3.629940
3.519063
3.257576
2.933270
2.605298
2.300593
2.343966
2.515877
2.628236
2.754357
2.916630
3.244912
3.624212
4.037324
4.439382
4.903070
5.396257
5.838076
6.134038
6.148204
5.888282
5.406181
4.863050
5.242100
5.811814
6.507108
7.250299
7.953247
8.463607
8.402919
7.873467
7.211373
6.546965
5.925258
5.330386
4.769407
4.235576
3.759225
3.405058
3.376612
3.367644
3.691348
3.957628
3.948067
3.688298
3.312510
2.904864
2.520652
2.187620
1.928463
2.089971
2.317896
2.443062
2.500187
2.507141
2.550492
2.682739
2.910531
3.269937
3.444815
3.234934
2.858934
2.429152
2.042933
1.702093
1.775927
1.902275
2.014068
2.196888
2.372986
2.504614
2.520352
2.427752
2.417580
2.610352
2.809498
2.969815
3.047816
2.914920
2.730191
2.539859
2.377432
2.225841
2.102551
2.045337
2.072063
2.093364
2.040226
2.019889
2.031859
1.958277
2.328791
2.839268
3.253510
3.582478
3.845113
3.983807
3.992662
3.860898
3.617572
3.299171
2.881613
2.314796
1.722237
1.272028
1.155060
1.242154
1.373642
1.405576
1.337836
1.178808
1.029653
0.900014
0.775507
0.655929
0.542238
0.431121
0.336460
0.262605
0.194989
0.142222
0.161543
0.249030
0.370106
0.525576
0.716065
0.946131
1.189701
1.379487
1.445011
1.291384
1.027728
0.780575
0.573916
0.408919
0.301957
0.425661
0.578086
0.736336
0.875537
1.037511
1.084970
1.014726
0.997715
1.189601
1.332519
1.313494
1.177042
0.986310
0.804944
0.642544
0.505419
0.635202
0.693559
0.483818
0.306242
0.213828
0.212525
0.178366
0.170595
0.174999
0.203898
0.269047
0.285690
0.298746
0.460135
0.730321
1.150304
1.643855
1.856405
1.858599
1.638914
1.650412
2.019046
2.324018
2.266916
1.947593
1.559817
1.232772
0.999779
0.792472
0.557595
0.355007
0.200601
0.125209
0.209750
0.286021
0.454851
0.610184
0.725794
0.654343
0.547035
0.392124
0.185816
0.056990
0.003997
0.000000
0.000000
0.000000
0.000000
0.000000
0.000000
0.000000
0.000000
0.000000
0.000000
0.000000
0.000000
0.000000
0.000000
0.000000
0.000000
0.006540
0.067325
0.107775
0.119948
0.123647
0.124022
0.120995
0.105901
0.058372
0.002047
0.000000
0.000000
0.000000
0.000000
0.000000
0.000000
0.000000
0.000000
0.000000
0.000000
0.000000
0.000000
0.000000
0.000000
0.000000
0.000000
0.000000
0.000000
0.000000
0.000000
0.000000
0.000000
0.000000
0.000000
0.000000
0.000000
0.000000
0.000000
0.011528
0.067108
0.171041
0.321922
0.515933
0.794288
1.126307
1.409890
1.421860
1.153321
0.862503
0.864803
0.790618
0.677967
0.737638
1.022060
1.335078
1.695405
2.088490
2.500052
2.678194
2.530540
2.586365
3.026864
3.167913
3.361975
3.983249
4.445706
3.688303
2.836927
2.233391
1.796878
1.404515
1.562854
1.581788
1.330678
1.033957
0.739289
0.541353
0.686889
0.757628
0.696614
0.704585
0.722121
0.782978
0.851537
0.891143
1.010125
1.038076
1.067738
1.055625
1.009232
0.925026
0.903882
1.028236
1.159859
1.307890
1.467544
1.633550
1.799570
1.962318
2.113589
2.218026
2.342126
2.471097
2.490907
2.547194
2.806901
3.089527
3.397787
3.732633
4.084801
4.425930
4.752831
5.080076
5.410264
5.761132
6.179086
6.637160
7.046726
7.225077
7.013280
6.636465
6.238109
5.886285
5.661634
5.711574
5.558173
5.254190
4.887791
4.530819
4.205828
3.891653
3.613359
3.437302
3.445125
3.486070
3.760813
4.061631
4.328878
4.504354
4.510347
4.610913
4.877008
5.083829
5.166023
5.073793
4.896358
4.651883
4.743968
4.772768
4.749485
4.845663
4.782157
4.566907
4.307171
4.059602
3.954945
3.929905
3.914778
3.777542
3.427428
2.806042
2.248414
1.689813
1.458315
1.670424
1.887513
2.065464
2.339169
2.668607
3.013364
3.341459
3.672273
3.915409
3.971047
3.797601
3.524506
3.148400
2.854021
2.583677
2.757045
2.817595
2.753629
3.023162
3.320192
3.646842
4.000834
4.377284
4.703836
4.903176
4.784945
4.594042
4.285547
4.256835
4.260732
4.065931
3.931339
3.627203
3.296870
3.283077
3.686635
4.114858
4.514689
4.958097
5.305800
5.384284
5.196084
4.812646
4.381419
4.087140
4.029164
3.869051
3.585929
3.275056
2.940610
3.212165
3.716800
4.295552
4.883709
5.451424
5.841026
5.840113
5.557938
5.282913
4.890774
4.331979
3.780271
3.287213
2.821780
2.486409
2.535105
2.809748
3.057004
3.146046
3.047458
3.374559
4.144704
5.071970
6.092927
7.004492
7.432065
6.934763
5.988015
4.977386
4.058072
3.278004
3.343044
3.335903
3.152374
2.841311
2.523917
2.235718
2.055743
1.868014
1.728337
1.628277
2.032095
2.526453
2.799335
2.908370
2.873534
2.688069
2.619425
2.625338
2.880995
3.136334
3.369458
3.583521
3.748268
3.815919
3.798972
3.735518
3.741630
3.705917
3.573101
3.348965
3.753811
4.059407
4.059196
3.761728
3.344601
2.964209
3.242976
3.524916
3.733842
3.776799
3.716698
3.562840
3.394125
3.320307
3.157511
2.954010
2.734607
2.498832
2.253824
2.260988
2.468080
2.502950
2.460979
2.719116
2.936968
3.174620
3.402617
3.534361
3.584777
3.471881
3.245882
3.103474
2.903872
2.672917
2.409838
2.154104
1.907691
1.768765
1.896153
1.903061
1.783577
1.904654
2.061854
2.121557
2.093868
2.146983
2.213889
2.394625
2.563092
2.751124
2.884743
2.928533
3.152739
3.356372
3.535161
3.522079
3.311357
3.104945
2.861379
3.031535
3.429854
3.856686
4.240875
4.447182
4.327858
3.954811
3.543823
3.149996
2.764216
2.425317
2.353084
2.030207
2.120709
2.491555
2.743223
2.639908
2.444747
2.066912
1.736623
1.414922
1.327489
1.630813
1.930757
2.060939
2.179432
2.249248
2.141244
2.324684
2.493373
2.534206
2.488277
2.412197
2.329309
2.163038
2.127609
2.212804
2.070356
2.039156
2.297653
2.258850
1.910940
1.470667
1.073108
1.128141
1.404305
1.547638
1.600109
1.613978
1.608341
1.555013
1.335817
0.812957
0.433130
0.256686
0.330930
0.339066
0.274222
0.194968
0.149553
0.114396
0.101660
0.117421
0.130077
0.169445
0.220330
0.279422
0.317760
0.318705
0.282517
0.230352
0.198158
0.168064
0.176517
0.207197
0.220272
0.226921
0.220949
0.200259
0.169020
0.153823
0.127286
0.075833
0.052961
0.054010
0.073837
0.081844
0.067177
0.041229
0.018935
0.004631
0.001439
0.004279
0.005170
0.003717
0.010043
0.016025
0.103995
0.164734
0.183869
0.188067
0.187616
0.187246
0.183210
0.169355
0.125408
0.062846
0.072294
0.165902
0.288067
0.480125
0.479631
0.279271
0.127608
0.053729
0.009704
0.014163
0.056543
0.125270
0.172791
0.188116
0.175610
0.137487
0.084828
0.069888
0.102511
0.167953
0.184921
0.139131
0.045231
0.005219
0.010578
0.029944
0.037179
0.038001
0.039252
0.031538
0.016011
0.016809
0.021821
0.042592
0.054112
0.038736
0.017101
0.002403
0.003764
0.027496
0.068396
0.105682
0.100723
0.060929
0.072191
0.148981
0.268455
0.437465
0.657540
0.901178
1.075589
1.078909
0.904164
0.714095
0.713154
0.712663
0.698135
0.623061
0.445471
0.291740
0.422546
0.661796
0.928843
1.153960
1.281758
1.194853
1.046943
0.848647
1.090196
1.371548
1.418243
1.178716
1.056263
0.888925
0.937907
1.074071
1.298900
1.416580
1.283304
0.951655
0.995934
1.076055
1.003767
0.804069
0.588668
0.463540
0.566672
0.653065
0.653079
1.071473
1.255029
1.249301
1.050034
0.604186
0.371020
0.454856
0.521105
0.566979
0.577392
0.728519
0.784803
0.704752
0.534620
0.495450
0.622918
0.773907
0.941357
1.095990
1.170572
1.153269
1.069225
1.078469
1.179342
1.195939
1.133694
1.292073
1.432649
1.546111
1.594698
1.518484
1.387966
1.434040
1.514674
1.498285
1.406891
1.251724
1.248913
1.395015
1.419639
1.325065
1.270072
1.397832
1.478475
1.562854
1.607625
1.549720
1.517385
1.549057
1.638581
1.645596
1.532026
1.620036
1.776501
1.838038
1.785318
1.624402
1.431183
1.235706
1.051530
0.877758
0.922322
1.074490
1.152754
1.164264
1.501286
1.848751
2.121118
2.278944
2.270219
2.188135
1.951643
1.833231
1.690674
1.767390
2.186261
2.684693
3.287728
3.932724
4.505033
4.891374
5.120903
5.564266
6.549389
7.753657
9.083134
10.366871
10.917118
10.258550
8.926563
7.558614
6.315388
6.469733
7.396332
8.466002
9.626385
10.532901
11.050071
10.621801
9.951004
9.956055
10.922107
11.117297
10.651327
9.691739
8.652735
7.635073
6.704510
5.864913
5.829821
4.999140
5.183623
5.786143
5.877248
5.295201
4.525175
3.727517
3.293415
3.108000
2.980058
3.308983
3.684723
4.049541
4.309099
4.478765
4.600611
4.740412
5.137324
5.593011
6.096891
6.576263
6.884984
7.139318
7.137882
6.836377
6.624845
6.229005
5.740385
5.294764
4.973878
4.797350
4.552417
4.286434
4.199636
3.993987
3.693939
3.612572
3.878113
4.063560
4.235806
4.198191
3.955030
3.632656
3.310381
3.006131
2.733369
2.638695
2.583607
3.061152
3.651439
4.327406
5.094362
5.957731
6.940812
8.038005
9.125344
9.764892
9.648145
9.215572
8.205179
7.162822
6.207121
5.381119
4.699944
4.169746
4.327494
4.123594
3.806714
3.413929
3.345463
3.512450
3.873211
4.475791
5.085154
5.499927
5.399168
4.937894
4.340380
4.045185
4.526867
4.844041
4.722163
4.299164
3.958842
4.209220
4.346479
4.338625
4.166049
3.747322
3.312891
2.760489
2.160254
1.709833
1.551529
1.691280
1.855531
2.012993
2.081722
2.047117
1.988366
2.065709
2.055636
2.144601
2.708475
2.971019
3.069687
3.129745
3.465352
3.667686
3.551529
3.313144
3.061990
3.339660
3.550037
3.643850
3.534689
3.787594
4.110771
4.454370
4.717421
4.872741
4.766405
4.460602
4.077225
4.046016
4.341902
4.628790
4.858673
4.788617
4.524528
4.173790
4.039764
4.308284
4.447793
4.432860
4.401514
4.716775
4.935343
4.926269
4.759918
4.757731
4.973961
5.027575
4.946037
4.721124
4.487626
4.447831
4.771456
5.070008
5.319866
5.491987
5.580988
5.507170
5.714728
5.962432
6.307179
6.624802
6.840568
6.790070
6.587698
6.302402
6.569713
7.499134
8.483549
9.341581
9.763965
9.530945
8.675006
7.739462
7.338993
8.450801
9.757404
11.185414
12.751309
14.391562
15.768105
16.829931
16.289310
14.785582
12.972161
11.202168
12.438103
13.915299
15.216455
16.567001
17.334524
16.894672
15.744072
14.149693
12.588726
11.234884
10.959376
12.048461
13.230052
14.329521
14.903175
14.627352
13.787919
12.751492
12.561798
11.957518
11.130653
10.983324
10.828091
10.210588
9.513098
9.205950
9.749515
10.394080
11.063678
11.753786
12.587815
13.523326
14.472659
15.236751
15.593370
15.188594
14.442983
13.463068
12.487290
11.641592
10.991795
11.660648
12.490488
13.233812
13.706447
13.880079
13.458826
12.823767
12.062753
11.296748
10.593188
10.939251
11.542409
12.145046
12.624027
12.826648
12.824639
12.848483
12.703388
12.130688
11.508454
10.928639
10.466763
10.034440
9.526468
9.063957
9.310538
9.781701
10.250238
10.756127
11.311603
11.895719
12.405405
12.705496
12.551741
12.138231
11.573007
10.964672
10.375936
9.967892
10.496243
10.863632
10.982758
10.893659
10.418294
9.916742
9.727582
9.801221
9.785813
9.654738
9.457006
9.320473
8.977475
8.584386
8.331807
8.697094
8.859776
8.782790
8.428668
7.996931
8.180631
8.494986
8.791961
9.180464
9.780701
10.034404
9.632574
8.984820
8.365067
8.005087
7.408907
6.698638
6.356109
6.304025
6.084160
5.784785
5.768951
5.807600
5.775695
5.643330
5.360897
5.067196
4.903876
4.781535
4.537275
4.653845
4.690608
4.695733
4.495078
4.211319
3.921394
3.848562
3.710240
3.472196
3.247291
3.306890
3.417985
3.483315
3.409959
3.334905
3.236479
2.980284
2.768571
2.604626
3.106240
3.825615
4.568978
5.038297
4.993101
4.444746
3.757848
3.053257
2.861385
3.241761
3.699988
4.218003
4.621572
4.820986
4.807083
4.492158
4.066179
3.628597
3.639784
3.714223
3.538365
3.203176
2.818293
2.464925
2.559577
2.496614
2.374687
2.452231
2.373801
2.410922
2.504242
2.523663
2.599834
2.963758
3.295678
3.464444
3.426978
3.579970
3.780167
3.865416
3.887417
3.714322
3.404628
3.134420
3.096691
2.931592
3.197901
3.014803
3.164291
3.346397
3.424117
3.338256
3.236253
3.248749
3.137563
2.966470
2.683442
2.786013
2.826546
2.930842
2.844822
2.628894
2.565797
2.581127
2.606360
2.859574
3.155087
3.447520
3.716319
3.906058
3.783940
3.802656
3.915474
4.113132
4.401514
4.680251
4.723970
3.890734
2.940547
2.801520
2.965748
3.156436
3.103811
2.955953
3.067514
2.978267
3.074671
3.297253
3.302781
3.113054
2.748734
2.227690
1.566319
1.350156
1.443126
1.623048
1.853106
2.095961
2.384016
2.704690
3.029444
3.271065
3.369207
3.490581
3.189114
2.820303
2.771091
2.584273
2.566086
2.415300
2.707161
3.034240
3.353451
3.681303
4.100453
4.599523
5.172729
5.797256
6.464806
7.157902
7.769125
7.956315
7.188724
6.850952
7.200861
7.905383
8.730023
9.532866
9.941903
10.154052
10.953053
12.048461
13.128012
14.025108
13.795256
10.951928
9.486068
7.141248
5.912591
6.067078
6.272701
5.782522
5.228436
5.863095
6.080035
5.709059
4.925302
3.103384
2.845319
3.205233
3.826836
4.348869
3.918981
2.940242
3.424880
0.000000
0.000000
0.000000
0.000000
0.000000
0.000000
0.000000
0.000000
0.000000
