track	type=wiggle_0
fixedStep	chrom=chr	start=1	step=1
0.000000
0.000000
0.000000
0.000000
0.000000
0.000000
0.000000
0.000000
0.000000
0.000000
0.000244
0.030795
0.127446
0.294309
0.356204
0.291708
0.189797
0.108630
0.050961
0.114393
0.243545
0.418960
0.614407
0.872903
1.114085
1.221761
1.063411
0.801253
0.881065
1.072447
1.133063
1.183599
1.218034
1.493934
1.885519
2.356055
2.926070
3.548980
4.030254
4.026597
3.540501
2.948372
2.414316
1.974041
2.248880
2.488191
2.600764
2.435742
2.096495
1.710168
1.357911
1.055213
0.800502
0.596903
0.431089
0.304640
0.241513
0.242535
0.194728
0.205870
0.441909
0.778312
0.907036
0.935844
0.907036
0.775786
0.431786
0.181869
0.052951
0.003382
0.000000
0.000000
0.000000
0.000000
0.000000
0.000000
0.000000
0.000000
0.000000
0.034365
0.134615
0.291273
0.447723
0.588737
0.738040
0.892335
1.101549
1.243681
1.314806
1.308393
1.467505
1.658381
1.853264
1.982809
2.166807
2.289969
2.273431
2.144439
1.940863
1.729389
1.528758
1.345236
1.173710
1.012958
0.957874
0.960848
1.053840
1.104204
1.119529
1.158345
1.263955
1.428647
1.547859
1.614080
1.544228
1.417483
1.511191
1.745552
2.098891
2.505953
2.617105
2.964722
3.298162
3.538712
3.577946
3.299929
2.965396
2.572145
2.222283
2.261260
2.692171
3.209043
3.712070
3.813265
3.335869
2.700757
2.129493
1.624003
1.204287
0.863366
0.595679
0.533406
0.627715
0.676117
0.634448
0.609722
0.542315
0.451290
0.607727
0.648805
0.550255
0.409698
0.247320
0.130970
0.107783
0.105485
0.094060
0.067306
0.040718
0.019751
0.008759
0.001596
0.001573
0.001814
0.000085
0.000000
0.000000
0.000000
0.011383
0.024969
0.029189
0.030138
0.030138
0.029189
0.024106
0.009251
0.000000
0.000000
0.000000
0.000000
0.000000
0.000000
0.000000
0.000000
0.000000
0.000029
0.004732
0.017952
0.037714
0.058988
0.069142
0.100363
0.108414
0.066624
0.093433
0.108523
0.104876
0.096947
0.077397
0.053224
0.033261
0.016074
0.018824
0.034284
0.037634
0.039683
0.034861
0.023907
0.017018
0.016089
0.020654
0.018128
0.007265
0.000000
0.000000
0.000000
0.000000
0.000000
0.000000
0.000000
0.005490
0.092196
0.166392
0.198555
0.219540
0.224213
0.225489
0.221969
0.205512
0.150508
0.041512
0.000667
0.000000
0.000000
0.000000
0.000000
0.000000
0.000000
0.003950
0.064590
0.191272
0.134349
0.138865
0.134349
0.113698
0.063798
0.004200
0.000015
0.000000
0.000000
0.000000
0.000000
0.000000
0.000000
0.000006
0.000000
0.000000
0.000491
0.005180
0.010644
0.009021
0.002854
0.006045
0.005349
0.001527
0.006679
0.004368
0.000255
0.002273
0.012267
0.033627
0.065612
0.104153
0.149678
0.196531
0.263990
0.332696
0.372187
0.351437
0.320612
0.405272
0.523762
0.667648
0.835788
1.023502
1.218184
1.428881
1.813682
2.237778
2.600021
2.826652
2.776184
2.409086
1.989162
1.620808
1.289519
1.084297
1.039516
1.030040
1.001270
0.922980
0.763507
0.575715
0.415183
0.283847
0.231022
0.202764
0.209560
0.237597
0.267173
0.269231
0.246529
0.213742
0.392211
0.621104
0.845229
1.058676
1.388160
1.539956
1.303045
0.834262
0.499273
0.277189
0.368780
0.485692
0.535634
0.445068
0.320222
0.209322
0.189991
0.124952
0.077894
0.029658
0.004663
0.011060
0.059177
0.157721
0.330133
0.625755
0.825884
0.902342
0.902343
0.823904
0.613358
0.300386
0.121514
0.051942
0.039616
0.045242
0.056550
0.040767
0.014037
0.000657
0.000000
0.000000
0.000000
0.000000
0.000000
0.000000
0.000000
0.000000
0.000000
0.000000
0.000000
0.000810
0.003360
0.003060
0.000481
0.000000
0.000000
0.000000
0.000115
0.000000
0.001836
0.009532
0.017658
0.018225
0.010391
0.002340
0.017554
0.058587
0.077235
0.114456
0.143214
0.146129
0.142974
0.140996
0.135810
0.115787
0.055666
0.000368
0.008935
0.017394
0.008003
0.000000
0.000000
0.000000
0.000000
0.000000
0.000000
0.000000
0.000000
0.001192
0.050168
0.090625
0.103249
0.106062
0.106062
0.106062
0.105924
0.102651
0.088575
0.046704
0.000369
0.000000
0.000000
0.000000
0.000000
0.003987
0.011743
0.012836
0.006346
0.000668
0.000871
0.000871
0.000871
0.000668
0.000084
0.000000
0.000000
0.000000
0.000000
0.000000
0.000000
0.000000
0.000000
0.000000
0.000000
0.000000
0.002413
0.030259
0.079694
0.107862
0.095137
0.040191
0.009850
0.040394
0.069974
0.078795
0.142883
0.252245
0.403788
0.592758
0.818960
1.129414
1.512408
1.976343
2.530005
3.173033
3.821672
4.307987
4.268876
3.703717
3.478617
4.141104
4.777324
5.076069
4.947666
4.356191
3.718257
3.090997
2.543733
2.081137
1.717964
1.534801
1.727028
1.983066
2.319103
2.462773
2.395459
2.155033
1.832530
1.576297
1.485378
1.204234
0.973023
0.896515
1.102553
1.335243
1.593969
1.855516
2.020132
2.036641
1.889036
1.629743
1.373209
1.193208
1.213746
1.284228
1.285338
1.157381
1.010141
1.178212
1.370538
1.579518
1.807092
2.035028
2.240863
2.308026
2.225855
2.021199
1.809840
1.669981
1.882513
2.116790
2.359879
2.575422
2.708490
2.674004
2.484348
2.260428
2.295231
2.561247
2.717946
2.425078
2.221988
2.162221
2.048286
1.849670
1.640123
1.759906
2.001899
2.051514
1.923288
1.705374
1.842497
1.992723
2.039642
1.913847
2.089764
2.407190
2.715196
2.907981
2.905177
2.737429
2.586861
2.333797
2.071017
2.126307
2.096030
1.936819
1.939802
1.796226
1.746197
1.918888
2.046489
2.413213
3.151782
4.166227
5.580785
6.231160
6.406961
6.406961
6.257176
5.714363
5.716486
5.704070
5.277092
4.730455
4.174469
3.665648
3.203953
2.783389
2.478546
2.989632
3.567678
4.193463
4.766382
5.390289
5.810174
6.583203
7.526439
8.398465
8.770507
8.404458
7.538213
6.550208
5.620129
4.796004
4.065987
3.443722
2.932820
2.455313
2.016835
1.633585
1.300759
1.016873
0.776194
0.703813
0.660899
0.557545
0.455572
0.433175
0.486036
0.482599
0.422342
0.369022
0.384551
0.398001
0.510748
0.628065
0.714419
0.702683
0.607201
0.600560
0.688826
0.695124
0.634557
0.638734
0.580964
0.511061
0.442646
0.434523
0.504092
0.536637
0.524678
0.512732
0.509916
0.526177
0.577205
0.595162
0.508089
0.392338
0.354948
0.317539
0.350423
0.420739
0.473211
0.478322
0.519976
0.568084
0.546178
0.534508
0.506075
0.675902
0.951984
1.301118
1.715292
2.144114
2.417606
2.365155
1.986213
1.558582
1.793928
2.182957
2.126669
1.604318
1.146214
0.773556
0.487202
0.464516
0.523433
0.604526
0.726181
0.732554
0.618151
0.468451
0.384560
0.501265
0.654628
0.834864
1.017261
1.234329
1.385980
1.384501
1.230715
1.011826
0.787731
0.606162
0.466107
0.422640
0.803040
1.126425
1.215484
1.124492
0.809401
0.523695
0.567477
0.641768
0.743055
0.843223
0.977995
1.151261
1.367674
1.569499
1.731673
1.756767
1.623991
1.454628
1.268027
1.084510
0.945965
0.833925
0.738869
0.700834
0.697858
0.788102
0.781265
0.738604
0.638834
0.670436
0.849605
1.017523
1.217663
1.432139
1.663215
1.931283
2.239392
2.482696
2.490264
2.242876
1.925473
1.604094
1.312181
1.053338
0.935698
0.851795
0.836347
1.056495
1.365000
1.528192
1.444763
1.720944
2.221238
2.892657
3.516578
3.498201
2.871086
2.367058
2.172228
1.864596
2.043762
2.471564
2.407761
1.832481
1.509982
1.216669
0.880581
0.788296
1.037859
1.278394
1.512906
1.826615
2.221391
2.624455
2.951375
2.923725
2.567655
2.094858
1.661047
1.296206
0.993253
0.740810
0.585096
0.490432
0.406669
0.371842
0.325881
0.374304
0.463735
0.565947
0.678846
0.795094
0.903976
0.981352
1.048123
1.064786
1.027579
0.953453
1.060006
1.202345
1.368499
1.529563
1.640885
1.658879
1.576876
1.429439
1.268401
1.115615
0.971278
0.872194
0.913279
0.902762
0.838208
0.752425
0.672305
0.606783
0.533161
0.446144
0.365537
0.383441
0.436374
0.467450
0.441703
0.385627
0.339687
0.306407
0.298456
0.371114
0.431081
0.443737
0.397544
0.319791
0.298347
0.322654
0.364533
0.555430
0.767022
0.712747
0.649080
0.597713
0.566420
0.549109
0.542472
0.540764
0.552606
0.504286
0.582017
0.807812
1.071594
1.407452
1.824927
2.327455
2.922699
3.597513
4.222134
4.696292
4.689618
4.168874
3.440498
2.748067
2.186418
1.827319
1.921268
2.025306
1.877512
1.615631
1.300666
0.996401
1.187750
1.476419
1.789837
2.107354
2.310920
2.262604
2.006962
1.666839
1.353307
1.128099
1.403319
1.600363
1.603119
1.404528
1.455385
1.632851
1.724988
1.618455
1.412137
1.332832
1.754469
2.155905
2.466242
3.086216
3.926022
4.509359
3.946985
3.132259
2.430505
2.109362
2.204324
2.111989
1.845673
1.567616
1.314398
1.103394
0.969447
0.836574
0.744500
0.834116
0.989156
1.161114
1.296073
1.340594
1.247025
1.073189
0.884930
0.703207
0.548887
0.442001
0.430639
0.435102
0.452363
0.431072
0.477873
0.516638
0.499998
0.424360
0.346667
0.374479
0.417778
0.404231
0.344873
0.265011
0.190748
0.125990
0.164142
0.313767
0.526544
0.798039
1.119267
1.508903
1.835167
1.858420
1.581779
1.274323
1.096631
0.954334
0.930710
1.237026
1.729345
2.383810
2.811159
2.962659
2.957602
2.780302
2.267261
1.492476
0.997551
0.664144
0.428789
0.344398
0.397333
0.373986
0.539566
0.681182
0.704391
0.578255
0.469163
0.426543
0.359120
0.279529
0.194331
0.215006
0.415329
0.696292
1.071535
1.277302
1.248898
0.947565
0.545822
0.288809
0.129039
0.041008
0.003499
0.000000
0.000000
0.000000
0.000000
0.000000
0.000000
0.000000
0.000000
0.000000
0.000000
0.000000
0.000000
0.000000
0.000000
0.000000
0.000000
0.000000
0.000000
0.000000
0.000000
0.000000
0.000000
0.000000
0.000000
0.000000
0.000000
0.000000
0.000000
0.000000
0.000000
0.000000
0.000000
0.000000
0.000000
0.000000
0.000000
0.000000
0.000000
0.000000
0.000000
0.000000
0.000000
0.000000
0.000000
0.000000
0.014524
0.062384
0.149327
0.282200
0.475247
0.736499
1.069932
1.486516
1.988165
2.546958
3.006840
3.013339
2.563417
2.010297
1.503339
1.286833
1.604765
2.018783
2.448261
2.648725
2.610587
2.328228
1.892641
1.466733
1.110995
0.829034
0.605616
0.412901
0.332930
0.340453
0.547052
0.779662
0.934139
0.877298
0.550061
0.273510
0.126260
0.038951
0.002091
0.000000
0.000000
0.000000
0.000000
0.000000
0.000000
0.000000
0.000000
0.000000
0.000000
0.000000
0.000000
0.000000
0.000000
0.008193
0.073677
0.119654
0.133662
0.138081
0.138725
0.135429
0.119149
0.067518
0.003591
0.001109
0.005467
0.017377
0.033783
0.039961
0.032110
0.017030
0.014983
0.019558
0.013580
0.004603
0.000011
0.000000
0.000000
0.000000
0.000000
0.000000
0.000000
0.000000
0.000000
0.000000
0.000000
0.000054
0.007903
0.009621
0.015437
0.077279
0.191031
0.359610
0.590938
0.893946
1.278975
1.752098
2.303255
2.849663
2.816165
2.251729
1.751191
1.337583
1.571870
1.986471
2.468588
3.021538
3.591683
4.014534
4.141957
3.855210
3.321661
3.090018
3.622732
4.154866
4.519154
4.528211
4.290554
4.663310
4.738573
4.154264
3.466768
2.812955
2.272191
2.097437
2.001198
1.855741
1.550307
1.198065
0.882078
0.765717
0.668553
0.616413
0.522748
0.396216
0.279121
0.190766
0.181591
0.176854
0.166184
0.133767
0.087954
0.136036
0.191156
0.255317
0.334066
0.427083
0.535463
0.663240
0.801064
0.913038
0.961243
0.997972
0.918162
0.784361
0.650055
0.542395
0.460344
0.370352
0.296787
0.278250
0.322045
0.409867
0.510287
0.609548
0.704239
0.798609
0.903378
1.024320
1.176422
1.362059
1.578013
1.809572
2.042000
2.281408
2.511455
2.658127
2.643125
2.547902
2.376980
2.204829
2.117668
2.263427
2.427517
2.546180
2.741069
2.995471
3.263119
3.491930
3.564099
3.490380
3.254647
2.982455
2.765777
3.308435
3.769325
3.769336
3.307006
2.737306
2.232790
1.971879
1.817715
1.802290
1.898324
1.906189
2.013218
2.025072
1.913746
1.860854
2.014238
2.285246
2.577050
2.870224
3.174417
3.397359
3.733573
4.155896
4.644618
5.153936
5.675869
6.173097
6.453281
6.570546
6.684888
6.745091
6.837428
6.591878
6.193774
6.507551
6.669544
6.362928
5.874603
5.324797
5.211977
5.913657
6.709229
7.532131
8.264568
8.580024
8.233548
7.487885
6.649459
5.843497
5.115783
4.459917
3.881435
3.387727
3.116578
2.894403
2.825173
2.945985
2.895594
2.650122
2.380272
2.195835
2.456561
2.758942
3.037817
3.423855
4.095396
4.553239
4.600877
4.141550
3.444892
2.789669
2.233546
1.753429
1.423093
1.218241
1.118791
1.285382
1.458999
1.638429
1.798883
1.935306
2.036064
2.045868
1.946471
1.860196
1.917419
1.846980
1.683632
1.509197
1.351908
1.467819
1.669570
1.861205
2.031765
2.172974
2.186946
2.056112
1.870350
1.656181
1.440274
1.239270
1.186321
1.232144
1.221736
1.132829
1.067823
1.104675
1.063341
1.041469
1.174061
1.230795
1.214820
1.153551
1.223700
1.330812
1.543909
1.703452
1.764783
1.687947
1.502232
1.242349
1.321165
1.494889
1.687352
1.873187
2.015144
2.065366
1.989781
1.838333
1.675584
1.511091
1.347827
1.198296
1.061005
0.932233
0.811007
0.691202
0.617356
0.521669
0.384705
0.411410
0.517580
0.633310
0.744349
0.781684
0.745915
0.656036
0.559803
0.480425
0.452661
0.425972
0.366888
0.298455
0.242157
0.299430
0.378155
0.538041
0.552316
0.564609
0.498790
0.414551
0.427081
0.423900
0.428527
0.420736
0.432973
0.446646
0.437196
0.446440
0.451654
0.587709
0.704249
0.784818
0.746109
0.782550
0.856537
1.061980
1.304512
1.582492
1.886873
2.142650
2.272843
2.122636
1.868939
1.595137
1.581218
1.870920
2.181329
2.424976
2.468987
2.299698
2.041584
1.769265
1.518352
1.296731
1.114355
0.975420
1.276232
1.727215
2.234141
2.663590
2.894613
2.624286
2.185339
1.717074
1.523751
1.906961
2.319262
2.647393
2.697143
2.441117
2.314536
2.039903
1.691063
1.380337
1.078974
0.805001
0.583479
0.668851
0.942326
1.345313
1.893520
2.386470
2.584929
2.634989
2.592455
2.530375
2.458683
2.296407
2.011793
1.544987
1.348595
1.264345
1.216288
1.160920
1.035044
0.759728
0.429177
0.208920
0.072022
0.008311
0.000000
0.000000
0.000000
0.000000
0.000036
0.007276
0.013392
0.004048
0.000000
0.000000
0.000000
0.000000
0.000000
0.000000
0.000000
0.000000
0.000000
0.000000
0.000000
0.000000
0.000000
0.000000
0.000000
0.000000
0.000000
0.000000
0.000000
0.000115
0.022427
0.047313
0.061074
0.065678
0.066789
0.065828
0.065687
0.064695
0.058297
0.037360
0.009645
0.061686
0.109772
0.114688
0.069144
0.014580
0.000000
0.000000
0.000000
0.000000
0.000000
0.000000
0.000000
0.000000
0.000000
0.000000
0.000000
0.000000
0.000000
0.000000
0.000000
0.000000
0.000000
0.000000
0.000000
0.000000
0.000000
0.000000
0.000000
0.000000
0.000000
0.013520
0.073254
0.143017
0.178934
0.185322
0.176951
0.141696
0.074151
0.020771
0.028570
0.090158
0.132345
0.146702
0.091768
0.106551
0.140548
0.180652
0.229603
0.291176
0.385732
0.379908
0.276973
0.204979
0.149118
0.125579
0.228974
0.336459
0.569289
0.890797
1.051790
1.088551
1.052634
0.873585
0.520058
0.513780
0.476977
0.594707
0.653228
0.621357
0.571755
0.724885
0.932686
1.179727
1.436541
1.614975
1.617703
1.417813
1.148010
0.903015
0.705346
0.541210
0.413542
0.293812
0.191149
0.111592
0.083045
0.085202
0.052670
0.033116
0.033919
0.073594
0.146110
0.263412
0.405988
0.584861
0.707459
0.980359
1.315805
1.462178
1.333542
0.993908
0.672969
0.440352
0.325470
0.203034
0.163111
0.245257
0.370859
0.448990
0.680087
1.116189
1.311353
1.308027
1.107831
0.646256
0.635608
0.637145
0.594761
0.508303
0.668332
0.835928
0.899465
0.814812
0.629055
0.544243
0.674177
0.822667
0.966191
1.080925
1.095855
1.018133
0.910749
0.919441
0.995143
1.141071
1.238992
1.264246
1.155983
0.983262
0.986729
1.080078
1.144668
1.340508
1.569832
1.827210
2.112567
2.370607
2.560415
2.532284
2.326547
2.085273
1.868962
1.933430
2.065767
2.078465
1.963083
1.905134
2.110408
2.364808
2.540408
2.568252
2.707636
2.996960
3.307821
3.581264
3.699264
3.655891
3.555793
3.457138
3.185647
2.872903
2.571044
2.875055
3.267811
3.622837
3.798956
4.368863
4.804412
4.799073
4.374750
3.801390
3.210752
2.669231
2.251492
2.523610
2.894451
3.279928
3.591317
3.917610
4.183934
4.226104
4.227269
4.651184
5.120971
5.544461
5.621964
5.396331
5.057141
4.879435
4.621438
4.188202
3.734167
3.307607
3.358570
3.335960
3.057442
3.420568
3.714463
3.767440
3.703352
4.354326
5.291887
6.130382
6.797143
6.934564
6.533134
5.886960
5.256814
4.572070
4.482580
4.237401
5.016459
5.740025
5.889926
5.520824
5.339595
4.863404
4.371253
3.853578
3.379921
2.967160
2.623297
2.493011
2.627208
2.593049
2.460337
2.324764
2.417461
2.464403
2.377908
2.452616
2.658964
2.772573
2.774712
2.761878
2.959798
3.177983
3.337641
3.303012
3.094824
2.822216
2.539935
2.258228
1.979222
2.022524
2.230089
2.453004
2.638248
2.665728
2.552259
2.318752
2.470782
2.628590
2.641178
2.473784
2.364332
2.149855
1.893319
1.635101
1.404941
1.198699
1.066435
0.964604
0.878409
0.805147
0.870804
0.995330
0.925212
0.879232
0.714251
0.555859
0.587705
0.766325
0.913469
1.168614
1.219108
1.084186
0.915280
0.997885
1.021726
1.017000
1.060884
1.175389
1.416296
1.569944
1.626720
1.703128
1.761158
1.690439
1.537562
1.812909
1.946617
1.827394
1.744747
1.883138
1.976708
2.390453
2.695699
2.866085
2.693753
2.380181
1.931576
1.500156
1.132726
1.201424
1.239190
1.560943
1.769110
1.733833
1.624181
2.017669
2.684949
3.628923
4.907168
5.551527
5.791441
5.929513
5.938217
5.426281
4.169370
3.191961
2.430541
2.337360
2.212405
2.111843
2.134860
1.873951
1.818565
1.912128
1.980765
2.023243
1.976684
1.848849
1.791096
1.945253
2.133852
2.334294
2.536309
2.720061
2.807811
2.974964
3.052910
3.002038
2.967676
3.050423
3.278813
3.553303
3.827134
4.001772
3.990234
3.984391
4.030947
3.922117
3.697540
3.817911
3.821159
3.858397
3.951133
4.253388
4.557286
4.823072
4.962971
4.873267
4.604733
4.281293
4.016997
3.716019
3.559960
3.977894
4.645050
5.391848
6.209911
7.105506
8.063797
8.945438
9.439251
9.343087
8.639301
7.684746
7.600332
8.737808
10.064693
11.531137
13.129993
14.792528
16.185349
17.208532
16.644560
15.104607
13.241875
11.408038
12.652362
14.141109
15.441525
16.795742
17.545166
17.089556
15.923102
14.299378
12.709513
11.327588
10.250657
11.148488
11.712485
12.309133
12.388951
11.894913
10.965819
10.059577
9.625883
8.966277
8.568133
9.213894
9.545625
9.286328
8.656066
7.983638
8.028347
7.687046
7.151332
6.659147
6.173458
5.620479
5.071334
4.587433
4.372606
4.046844
3.676278
3.261192
2.894134
2.881578
3.106691
3.407252
4.016921
4.265882
4.106000
3.787964
3.559299
3.666999
3.582340
3.589844
3.512165
3.608180
3.919489
4.231604
4.467341
4.611613
4.487546
4.217735
4.210575
4.548856
4.911732
5.229802
5.925495
6.357244
6.717558
7.086654
7.465000
7.816816
8.153396
8.495615
8.813540
8.973768
8.917789
8.606701
8.202560
8.046516
8.473878
8.938773
9.433104
9.950181
10.490865
11.057611
11.570820
11.892343
11.883450
11.443425
10.885893
10.710607
10.930188
10.864829
10.504390
9.997246
9.504519
9.048903
8.585418
8.128597
7.689477
7.291798
7.285007
7.332952
7.150387
6.789326
6.657445
7.474919
7.772085
7.533920
6.770597
5.954270
5.627947
5.491587
5.583667
5.859228
6.329840
6.848997
7.213187
7.370796
7.180197
6.520124
5.758110
4.901584
4.140259
3.462307
2.867188
2.267698
1.875144
1.801361
1.883387
2.001404
2.110580
2.253391
2.404093
2.371173
2.149973
2.025198
1.978465
2.024451
2.146404
2.331888
2.385602
2.560611
2.660821
2.745275
2.838886
3.164567
3.515689
3.928322
4.464085
5.092992
5.798420
6.598156
7.384757
7.938444
7.954525
7.409840
6.633698
5.913504
5.385045
5.051932
4.830368
4.702831
5.323156
5.831339
5.921494
5.657236
5.235717
4.768004
4.301332
4.027925
3.906778
3.957709
4.231500
4.404768
4.213472
3.821606
3.868358
3.875261
4.282843
4.707119
5.177478
5.550917
5.647810
5.446775
5.255592
4.972018
4.639035
4.215902
3.931952
3.680900
3.631612
4.079194
4.550771
4.803765
4.633903
4.184092
3.699284
3.306502
3.421704
3.294137
3.033661
2.789473
3.028241
3.272702
3.322403
3.146477
2.881012
2.543547
2.238399
1.959790
2.051044
2.283263
2.536309
2.953700
3.394825
3.706028
3.632712
3.262858
2.812160
2.383338
2.020145
2.005157
2.173126
2.360868
2.565536
2.825700
3.109878
3.392904
3.598998
3.548448
3.084787
2.815681
2.933188
3.077693
2.979556
2.470598
2.292538
2.118433
2.101544
2.128088
2.296291
2.529823
2.712748
2.766963
3.021972
3.362771
3.690077
3.819462
3.734159
3.191622
2.640387
2.549455
2.557033
2.126604
2.060722
2.285323
2.607757
2.963316
3.340753
3.763882
4.235026
4.755582
5.334617
5.913347
6.432721
6.599666
6.728320
6.833926
6.143271
5.407818
5.381357
5.705191
6.326721
7.079377
7.891082
8.713809
9.669980
10.708003
11.581588
12.309133
12.153744
9.878606
8.788199
6.963291
6.014303
5.314917
5.146638
4.691562
3.563621
3.226699
3.510983
3.673187
3.397215
2.607753
2.673486
3.044585
3.571903
3.941629
3.123589
1.880400
2.034772
0.000000
0.000000
0.000000
0.000000
0.000000
0.000000
0.000000
0.000000
0.000000
