track	type=wiggle_0
fixedStep	chrom=chr	start=1	step=1
0.000000
0.000000
0.000000
0.000000
0.000000
0.000000
0.000000
0.000000
0.000000
0.000000
0.000000
0.002727
0.032289
0.297604
0.640447
0.829250
0.772358
0.570024
0.649951
0.837436
0.601361
0.330240
0.165994
0.204028
0.281709
0.426277
0.551714
0.588159
0.509621
0.424873
0.306553
0.250544
0.239713
0.158443
0.216971
0.279484
0.363798
0.443209
0.698505
0.838021
0.813104
0.767773
0.846150
0.834052
0.740138
0.577884
0.531715
0.698290
0.924579
1.191069
1.466729
1.697837
1.706519
1.480707
1.442536
1.270107
0.802709
0.461028
0.304126
0.183494
0.096420
0.039113
0.007674
0.000000
0.000000
0.000000
0.000000
0.000000
0.000000
0.014238
0.039467
0.055942
0.061410
0.055976
0.078717
0.101775
0.104351
0.079429
0.045490
0.072514
0.115896
0.146416
0.147040
0.138951
0.126610
0.097156
0.061128
0.039480
0.021848
0.007301
0.001411
0.002818
0.002142
0.007850
0.015742
0.017032
0.008418
0.001065
0.000070
0.002728
0.010931
0.019761
0.018414
0.020594
0.020519
0.062490
0.181027
0.403836
0.841356
1.068755
1.132500
1.143743
1.143743
1.143743
1.132680
1.076938
0.878682
0.765513
0.967020
1.272349
1.659066
2.117519
2.638091
3.152356
3.388249
3.227748
2.790875
2.271927
2.715744
3.419431
4.114600
4.441928
3.945789
3.226218
2.551217
2.010997
1.729872
1.817569
1.828916
1.701260
1.442546
1.241227
1.414621
1.432206
1.270767
1.064356
1.129963
1.379254
1.536544
1.713005
1.791066
1.669039
1.403904
1.129080
0.898389
0.801372
0.790832
0.741848
0.822426
0.867492
0.879736
1.231726
1.650412
2.097586
2.285103
2.197103
1.926652
1.789668
1.948468
1.994583
2.022428
1.738379
1.316567
0.927043
0.607002
0.364951
0.192527
0.078767
0.017101
0.000000
0.000000
0.000000
0.000000
0.010271
0.009762
0.000000
0.000000
0.000000
0.000000
0.000000
0.000000
0.000000
0.000000
0.000000
0.000000
0.000000
0.000000
0.000000
0.000000
0.000000
0.000000
0.000000
0.000000
0.000000
0.000000
0.000000
0.000000
0.000000
0.000000
0.000000
0.000000
0.000000
0.000000
0.000000
0.000002
0.000000
0.000000
0.000000
0.000000
0.000000
0.000000
0.000000
0.000000
0.000000
0.000000
0.000000
0.000000
0.000000
0.000000
0.000000
0.000000
0.000000
0.000000
0.000000
0.000000
0.000000
0.000000
0.000000
0.000000
0.000000
0.000000
0.000000
0.000000
0.000000
0.000000
0.000000
0.000000
0.000000
0.000000
0.000000
0.000000
0.000000
0.000000
0.000000
0.000000
0.000000
0.000168
0.000543
0.002514
0.000000
0.000000
0.000000
0.000000
0.000236
0.000013
0.000000
0.010525
0.045963
0.032456
0.039716
0.098665
0.188547
0.346259
0.474380
0.378189
0.536109
0.728306
0.943767
1.152549
1.270652
1.438170
1.755884
2.104034
2.425668
2.843470
3.331020
3.772377
3.961657
3.846717
3.500789
2.986715
2.492136
2.815621
3.279385
3.714947
4.395717
5.407236
6.763675
8.544883
9.585908
10.170542
10.170545
9.584593
8.519703
6.708200
7.060031
7.184390
6.875206
6.488009
5.930709
5.117167
4.298721
3.544852
2.903340
3.052731
3.273267
3.086864
2.758783
2.377604
2.508888
2.726797
2.826177
3.045788
3.487411
3.972305
4.451715
4.737816
4.715148
4.426502
4.014083
3.738275
4.178473
4.621955
4.887829
4.879542
4.747392
4.415490
4.011704
3.573524
3.150278
2.755963
2.400876
2.081221
2.044573
2.015594
1.778812
1.841013
2.395856
3.068693
3.853096
4.768513
5.724810
5.760486
4.850775
3.936259
3.127770
2.441284
1.871403
1.400651
1.014142
0.709317
0.485774
0.315669
0.176935
0.183017
0.304088
0.441213
0.508222
0.473713
0.355891
0.232872
0.136592
0.082350
0.087332
0.139150
0.184825
0.192832
0.156394
0.108320
0.048702
0.037088
0.118721
0.201215
0.200759
0.123547
0.041772
0.003949
0.000000
0.000000
0.002430
0.011908
0.029674
0.054349
0.081152
0.100555
0.198508
0.268330
0.288566
0.292582
0.292582
0.288566
0.264922
0.181085
0.032583
0.000000
0.000000
0.000000
0.000000
0.000000
0.000000
0.000000
0.000000
0.000000
0.000000
0.000000
0.000000
0.000000
0.000000
0.000000
0.000000
0.000000
0.000000
0.000000
0.000000
0.000000
0.000000
0.000000
0.000000
0.004696
0.049330
0.133503
0.219948
0.223225
0.142157
0.054668
0.008229
0.000000
0.000000
0.000000
0.004520
0.024430
0.084912
0.200993
0.377926
0.623224
0.940692
1.305464
1.739636
2.217155
2.274697
1.849392
1.386926
0.978636
0.657544
0.596124
0.692070
0.800444
0.734403
0.607679
0.788601
1.006697
1.261108
1.555325
1.893130
2.278985
2.709389
3.148988
3.455967
3.454040
3.147235
2.707761
2.277531
1.891806
1.554186
1.260082
1.005681
0.785516
0.598078
0.440804
0.309351
0.203471
0.121637
0.062014
0.022727
0.010787
0.026622
0.047136
0.053978
0.048032
0.030389
0.021751
0.016839
0.011711
0.002758
0.002307
0.018089
0.038790
0.063843
0.066875
0.048855
0.049582
0.049823
0.032187
0.018815
0.034101
0.040894
0.070283
0.112900
0.151455
0.158869
0.128268
0.094783
0.143898
0.198936
0.252744
0.295268
0.327787
0.302125
0.250664
0.216983
0.245476
0.232746
0.189587
0.138909
0.096097
0.084891
0.064803
0.041544
0.024429
0.017913
0.039383
0.067986
0.094711
0.101003
0.080208
0.087136
0.192635
0.345638
0.552417
0.821621
1.161731
1.585503
2.091769
2.654951
3.355696
4.255650
5.465268
7.098644
7.805236
7.993953
8.027863
7.993953
7.827370
7.238158
5.915096
5.138740
4.833936
4.247321
4.168189
4.690613
4.908892
5.001108
5.060602
4.736487
4.425743
4.056009
3.876854
3.553508
3.225631
3.145332
3.364582
3.478868
3.225980
2.830114
2.381279
1.999129
1.934084
1.965890
1.758247
1.635792
1.733706
1.755748
1.562105
1.265516
1.063497
0.979985
0.837326
0.666296
0.514738
0.461794
0.403333
0.433313
0.477803
0.446908
0.364005
0.451773
0.574035
0.694290
0.810246
0.892877
0.932659
0.959626
0.905272
0.908127
0.896484
0.808118
0.878168
0.922917
0.890747
0.913873
0.862459
0.764008
0.635097
0.513100
0.408004
0.593565
0.897531
1.198805
1.200138
0.903956
0.622449
0.610009
0.631634
0.614469
0.590288
0.682515
0.776530
0.802497
0.766947
0.684234
0.597801
0.619516
0.719942
0.818427
0.900426
0.947584
0.947397
0.894441
0.798069
0.818554
0.909827
1.005992
1.303840
1.725376
1.692164
1.349478
1.330966
1.239749
1.141189
1.247829
1.330521
1.292367
1.188359
1.136432
1.112376
1.129006
1.216213
1.264404
1.339408
1.497110
1.591023
1.598623
1.524382
1.483513
1.491232
1.358028
1.176356
1.042099
1.075886
1.190043
1.261572
1.295770
1.220558
1.087416
0.970317
1.061601
1.200244
1.209080
1.090962
1.095725
1.236512
1.417134
1.629096
1.858664
2.038115
2.067908
1.920717
1.700530
1.480298
1.669399
1.856646
2.015618
2.107285
2.049963
1.925213
1.763279
1.602528
1.691112
1.877499
2.070974
2.276691
2.497426
2.712810
2.835110
2.809296
2.647298
2.413581
2.175451
1.944740
2.047508
2.253189
2.487870
2.729580
2.943690
3.039982
3.003369
2.833994
2.566959
2.340311
2.526390
2.735247
2.863063
2.816829
2.651157
3.045487
3.030030
2.458910
1.993115
1.805588
1.600134
1.856953
2.140878
2.442288
2.758327
3.078172
3.357116
3.543265
3.532835
3.258583
2.904926
2.547568
2.303126
2.600177
2.933723
3.284762
3.628266
3.989188
4.255431
4.317322
4.075521
3.721827
3.334693
2.982224
2.667369
2.402820
2.148791
1.936728
1.724464
1.523078
1.344895
1.250093
1.298873
1.417261
1.445647
1.446370
1.500686
1.462726
1.340203
1.243226
1.204965
1.088146
1.021679
0.834187
0.778180
0.865610
0.886378
0.810946
0.689679
0.815202
1.101090
1.349982
1.554366
1.559833
1.382338
1.423931
1.871245
2.456296
3.152980
3.927203
4.684969
4.625134
3.783946
3.003344
3.023234
3.045003
2.940355
2.755610
2.571360
2.379855
2.210741
2.237848
2.178581
2.011238
1.836520
1.674752
1.558481
1.548887
1.802894
2.034684
2.124824
2.088720
1.955728
2.016001
2.000157
1.885939
1.737778
1.580625
1.425295
1.243095
1.074943
0.949651
0.799126
0.628100
0.567412
0.502235
0.501268
0.509571
0.612806
0.711160
0.799098
0.855146
0.840806
0.815378
0.845620
0.907221
1.203612
1.413195
1.625495
1.828027
1.975670
2.110018
2.189950
2.155439
1.999447
2.070902
2.136213
1.996745
1.886512
1.716431
1.519441
1.327506
1.141353
0.970741
0.884467
0.998796
1.194795
1.393325
1.518904
1.542378
1.473134
1.293914
1.104154
1.007675
0.959739
1.290912
1.668988
1.955155
1.961706
1.715548
1.599826
1.415186
1.218403
1.003059
0.826035
0.723594
0.767338
0.794349
0.816915
0.979325
1.143806
1.269826
1.276531
1.291224
1.365402
1.277698
1.048353
0.880561
1.067024
1.252780
1.368338
1.336434
1.168089
0.959810
0.991319
1.172808
1.325717
1.334878
1.209605
1.258515
1.297765
1.426747
1.555332
1.652464
1.651485
1.546109
1.415859
1.476471
1.456795
1.329548
1.235562
1.482537
1.742420
1.859116
1.744896
1.501137
1.250117
1.064274
1.516477
2.112356
2.898078
3.380746
3.551416
3.544402
3.360889
2.836452
1.999133
1.651890
1.662659
1.575086
1.446251
1.480677
1.538076
1.667850
1.773034
1.774473
1.760497
1.675242
1.681171
1.864604
2.027259
2.176995
2.322670
2.548403
2.808553
3.025784
3.122593
3.039854
2.839775
2.563340
2.282303
2.046286
1.874731
1.784009
1.683155
1.700352
1.580071
1.416422
1.394668
1.390308
1.284679
1.136414
1.254985
1.380294
1.363119
1.218102
1.051847
1.041243
1.044370
0.976129
1.067022
1.063472
1.075469
1.274078
1.476407
1.634203
1.663552
1.511909
1.679047
1.832654
1.969732
1.979767
2.250159
2.667422
3.191522
3.797433
4.481400
5.246931
5.989165
6.337889
6.086529
5.466465
4.865882
4.259961
3.683069
3.195550
3.095313
2.809324
2.433891
2.033536
1.834332
2.270795
2.528221
2.384983
2.071923
1.869690
1.833683
1.906733
2.353827
3.051041
4.111958
5.112430
5.575750
5.785511
5.911213
5.800693
5.270989
4.201467
3.179309
2.741012
2.761442
2.485116
2.033466
1.585753
1.199012
0.879358
0.617860
0.405878
0.282069
0.255087
0.369310
0.499857
0.579366
0.555539
0.443721
0.488167
0.578333
0.622099
0.606967
0.534299
0.457524
0.451577
0.428781
0.431220
0.503727
0.597295
0.711714
0.849045
0.997502
1.142113
1.228510
1.239057
1.149015
1.002089
0.956694
1.123006
1.175651
1.125521
0.963719
0.635564
0.434075
0.390773
0.421454
0.458516
0.421120
0.351294
0.274445
0.205257
0.143876
0.139434
0.130780
0.102254
0.143694
0.205627
0.273921
0.324894
0.340255
0.302720
0.230643
0.160200
0.101452
0.055957
0.024374
0.009376
0.021782
0.060009
0.091659
0.114505
0.104121
0.080081
0.047843
0.040155
0.083055
0.119316
0.126879
0.109504
0.120918
0.181742
0.232064
0.226847
0.166630
0.097824
0.043120
0.078970
0.146663
0.208131
0.276062
0.389517
0.565395
0.794369
1.049255
1.279209
1.440482
1.684705
2.094757
2.637044
3.284270
4.010719
4.738927
5.496481
6.182226
6.459053
6.174977
5.835308
5.753549
7.201939
8.516685
8.996181
9.117373
9.123080
9.008498
8.515367
7.180084
5.408181
4.322705
3.481392
2.880384
2.880296
2.627604
2.249078
2.218337
2.168509
1.894636
1.511108
1.157464
0.860658
0.607420
0.403752
0.247037
0.137362
0.098030
0.100529
0.109415
0.163395
0.226899
0.293807
0.358846
0.413543
0.424525
0.452845
0.502986
0.570721
0.597849
0.559514
0.621141
0.679811
0.649658
0.650731
0.750769
0.742490
0.821037
0.894218
1.046383
1.196614
1.338091
1.441876
1.540147
1.708241
1.931862
2.166581
2.436737
2.739448
3.042245
3.312924
3.499667
3.515781
3.366736
3.241016
3.229815
3.520189
3.847547
4.119730
4.272613
4.156708
3.874054
3.533712
3.198391
2.865150
2.552603
2.274941
2.050587
2.198206
2.187346
2.420297
2.740506
3.082707
3.429686
3.795915
4.189870
4.544704
4.761692
4.693007
4.351948
3.909033
3.471612
3.811307
4.306234
4.840298
5.370227
5.844651
6.166380
6.138892
6.072517
5.763161
6.050064
6.401455
6.486661
6.191744
5.739271
5.381353
6.050333
6.797699
7.678103
8.637308
9.687155
10.742084
11.463441
11.491491
10.806437
9.760090
8.712168
7.833909
6.963984
6.133537
5.371956
5.018263
4.965709
4.823364
5.108950
5.229309
5.315691
5.097270
5.631446
6.235764
6.870365
7.471817
7.915431
8.132070
7.996594
7.933939
8.095737
8.055633
7.666891
7.081708
6.480971
5.904190
5.380980
4.905674
4.458407
4.510686
4.722791
4.786417
4.667930
4.639803
4.524512
4.407377
4.787131
5.123301
5.373296
5.482506
5.654214
5.904510
5.955023
5.790281
5.692612
5.494299
5.172176
4.790580
4.415755
4.052794
3.679783
3.306105
2.948366
2.616387
2.597356
2.848791
3.085088
3.242731
3.275511
3.130847
3.008932
2.846100
2.815533
3.020177
3.193285
3.193535
3.044950
3.017898
2.841452
2.652897
2.613113
2.568717
2.645376
2.876060
2.990890
3.174233
3.407934
3.519005
3.490317
3.348532
3.184160
3.169449
3.023139
2.891185
2.769873
2.828676
3.155130
3.131654
3.135387
3.270024
3.316744
3.220466
2.949846
2.660541
2.275233
1.923332
1.579653
1.687093
2.436407
2.897658
2.912523
2.484818
1.734271
1.182423
0.792058
0.721066
0.790883
0.822656
0.920158
1.004840
1.059928
1.050007
0.959794
0.921577
0.835790
0.950283
1.085252
1.205081
1.294727
1.287545
1.190471
1.235158
1.288594
1.405999
1.501687
1.529506
1.460791
1.372698
1.296243
1.216431
1.050732
0.884276
0.767007
0.874168
0.988498
1.041345
1.054431
1.208398
1.376218
1.766692
1.793008
1.859977
1.797753
1.612110
1.406007
1.493302
1.450858
1.466142
1.732263
2.018118
2.347540
2.879211
3.169326
2.865587
2.338465
1.775658
1.280236
0.883682
1.088306
1.442876
1.808247
1.974019
1.968173
1.705476
1.379535
1.094961
0.832317
0.644144
0.518484
0.595246
0.750891
0.836778
0.777549
1.336971
1.897265
2.130898
2.195202
2.210764
2.193467
2.141772
1.983150
1.651953
1.396422
1.214385
0.959567
0.652908
0.398800
0.216905
0.146140
0.178796
0.155018
0.076294
0.018416
0.000000
0.003111
0.033295
0.096462
0.180095
0.243941
0.243905
0.181754
0.097871
0.036559
0.005925
0.007031
0.003749
0.000002
0.000000
0.000000
0.006783
0.019248
0.002783
0.000000
0.000000
0.000000
0.000000
0.000000
0.000000
0.000000
0.000000
0.000000
0.000000
0.000000
0.000000
0.000000
0.000000
0.000000
0.000000
0.000000
0.000000
0.000000
0.000000
0.000000
0.000000
0.000000
0.000000
0.000000
0.000000
0.000000
0.000000
0.000000
0.000000
0.000000
0.000000
0.002418
0.049880
0.166581
0.362124
0.647471
0.958596
1.277979
1.388116
1.259638
0.906054
0.774378
0.966552
1.088259
1.488267
2.046146
2.316824
2.307053
2.023005
1.419839
0.917356
0.612575
0.432718
0.310358
0.169417
0.106948
0.105933
0.255321
0.394850
0.453711
0.456607
0.477433
0.396421
0.241257
0.110526
0.030819
0.000441
0.000000
0.000000
0.000000
0.000008
0.000006
0.000001
0.000000
0.000000
0.000000
0.000000
0.000000
0.000000
0.000000
0.000000
0.000000
0.000000
0.000000
0.000000
0.000000
0.000000
0.000000
0.000509
0.004492
0.006936
0.007389
0.007446
0.007417
0.007979
0.008702
0.008344
0.024212
0.032761
0.026724
0.015346
0.008514
0.005606
0.005023
0.003620
0.005278
0.042324
0.113969
0.194687
0.236528
0.248583
0.413325
0.650558
0.932102
1.307575
1.757982
2.209667
2.426017
2.256904
1.794942
1.310742
0.923113
0.695881
0.909469
1.133059
1.209580
1.122223
0.917862
0.764976
0.981299
1.181887
1.283869
1.350787
1.486055
1.672542
1.923022
2.334338
2.860739
3.465284
4.078686
4.595888
4.681256
4.200791
3.565743
2.948120
2.418105
1.952770
1.549530
1.550819
1.662180
1.864535
2.090570
2.253833
2.322780
2.348295
2.481479
2.425283
2.380622
2.367346
2.401522
2.237743
1.987929
2.261203
2.590869
2.949028
3.336704
3.743649
4.189341
4.660171
5.096937
5.390443
5.345624
4.967188
4.532700
4.085653
3.658243
3.304926
3.087531
2.963243
3.020231
3.116410
3.453012
3.796325
4.045499
4.046589
4.150830
4.051538
3.743767
3.382115
3.032943
2.700761
2.393970
2.107821
2.155751
2.355967
2.581977
2.781810
2.849418
2.810812
2.815049
2.919712
2.854339
2.645117
2.393185
2.282240
2.536236
2.896193
3.164443
3.144143
3.039384
3.209241
3.846010
4.739108
5.774876
6.958726
8.269901
9.580132
10.279178
9.435588
8.095204
6.814901
5.630517
4.614295
3.782117
3.188586
3.254204
3.165693
3.550522
4.173847
4.698702
4.950216
4.655371
4.199860
3.599733
3.532830
3.739159
3.834593
3.742769
3.509234
3.246811
2.976596
2.720647
2.589316
2.757947
2.673790
2.381622
2.351357
2.456093
2.478087
2.556599
2.475678
2.270720
2.457184
2.702812
2.764370
2.678818
2.750753
2.965062
3.121293
3.142659
3.032244
2.954684
3.300402
3.485567
3.453280
3.206798
2.883060
2.552951
2.277437
2.063204
1.896299
1.862755
1.735285
1.669962
1.875114
2.116822
2.376885
2.653679
2.901690
3.046505
2.959616
2.753846
2.483325
2.221895
1.987148
1.965195
1.889827
1.710700
1.647900
2.107641
2.645039
3.472511
4.059527
4.571602
4.801311
4.519036
4.369916
4.216806
3.925599
3.235693
2.567713
2.483583
2.442641
2.863299
3.465521
4.153399
4.690744
4.972368
4.670012
4.198209
3.618952
3.111632
2.590954
2.478186
2.948979
2.983659
2.591352
2.665656
3.114159
3.597635
3.934979
3.980164
3.710898
3.348301
2.906452
2.674986
2.720262
2.683050
2.579250
2.420537
2.156137
1.879839
1.522035
1.284497
1.322162
1.259712
1.532382
1.737736
1.748976
2.193850
2.897346
3.890781
5.183233
5.857455
6.054805
6.045530
5.846292
5.222062
3.960098
3.020828
2.367888
1.799142
1.551377
1.444783
1.284221
1.474870
1.687563
1.907669
2.091257
2.185524
2.105191
1.975619
2.101653
2.254399
2.523370
2.758786
2.993248
3.186645
3.276193
3.210272
3.025547
2.891252
2.819640
2.594933
2.330095
2.084723
2.074010
2.149072
2.127001
2.156053
2.172612
2.089200
2.002113
2.153954
2.216920
2.220478
2.248454
2.310555
2.415906
2.433108
2.281960
2.079755
1.988341
2.114262
2.163533
2.253573
2.393643
2.481146
2.468440
2.368783
2.359841
2.666847
2.731630
2.853438
3.009819
3.585263
4.298869
5.119099
6.050562
7.112973
8.305665
9.631348
11.130348
12.836460
14.662844
16.197443
16.753437
16.027534
14.563827
12.747746
11.105171
11.592229
12.781834
13.239050
13.234137
12.734857
11.336042
10.148888
9.153534
7.962872
6.853137
6.477041
7.093733
7.671957
7.985694
7.708322
7.213772
6.627928
6.112673
6.468475
7.001081
6.936315
6.398392
6.503392
6.339226
5.800876
5.245713
5.140080
5.080526
5.340417
5.786756
6.102326
6.205491
6.236824
5.974215
5.476107
5.003468
4.647903
4.347192
4.417750
4.530917
4.398708
4.072821
3.799596
3.483537
3.249963
2.985293
3.383245
3.627383
3.356650
2.771259
2.166542
1.796414
2.009621
2.381907
2.577280
2.452543
2.280019
2.382257
2.318652
2.167574
1.963601
1.757289
1.578191
1.509240
1.574932
1.775447
1.977991
2.185625
2.407710
2.652024
2.924112
3.194313
3.366315
3.350566
3.188188
2.917544
2.639554
2.381621
2.215929
2.195688
2.387659
2.583354
2.640347
2.554918
2.329177
2.089382
2.096638
2.241233
2.479994
2.749899
3.043073
3.340005
3.641797
3.934420
4.245026
4.511632
4.658446
4.586043
4.343663
4.084448
4.429113
4.808326
5.474141
5.953499
6.265900
6.188306
5.984085
5.933756
5.787772
5.468832
4.952235
4.566244
4.420771
4.147713
3.871748
3.785996
3.876511
3.825817
3.634766
3.389380
3.138260
3.025776
2.844389
2.699392
2.933628
3.153282
3.372688
3.373003
3.354526
3.424991
3.351892
3.166509
2.933379
2.733272
2.643385
2.471137
2.299495
2.334062
2.430524
2.425686
2.311539
2.163890
2.513698
3.055890
3.748600
4.516856
5.084171
5.108292
4.575542
3.856534
3.171199
3.110960
3.473036
3.858619
4.223196
4.422449
4.398768
4.169989
3.827516
3.509658
3.484306
3.540599
3.477126
3.333380
3.112746
3.444194
3.851439
4.348249
4.857426
5.282165
5.483386
5.278960
4.814882
4.252047
3.746777
3.383349
3.564770
3.445669
3.215006
2.915805
2.611381
2.324029
2.489862
2.784801
3.079784
3.301337
3.499956
3.730909
3.762052
3.603342
3.436252
3.157432
2.822830
2.492374
2.181758
1.897175
1.657501
1.861597
2.031169
1.865334
1.540655
1.544676
1.764553
1.944549
1.917605
1.496451
1.407250
1.515328
1.562344
1.328506
1.217500
1.268341
1.357490
1.313583
1.141041
0.920104
0.705629
0.627388
0.535160
0.608868
0.804350
1.007052
1.261963
1.569623
1.861943
1.982944
1.846333
1.540763
1.509872
1.507197
1.688653
1.906837
1.679362
1.303301
0.913196
0.605751
0.663664
0.880603
1.145778
1.444836
1.746620
1.930123
1.613819
1.593830
1.824819
2.148764
2.381055
2.390286
2.468802
2.795128
3.320054
3.965389
4.715149
5.565863
6.506403
7.558079
8.700792
10.039831
11.591634
13.256235
14.650102
14.563827
10.721851
9.250273
9.968694
11.487100
13.239050
0.000000
0.000000
0.000000
0.000000
0.000000
0.000000
0.000000
0.000000
0.000000
