track	type=wiggle_0
fixedStep	chrom=chr	start=1	step=1
0.000000
0.000000
0.000000
0.000000
0.000000
0.000000
0.000000
0.000000
0.000000
0.000000
0.000461
0.034657
0.127857
0.288246
0.340391
0.277381
0.132891
0.297028
0.494293
0.712503
0.896066
1.041734
1.164176
1.431123
1.862383
2.406255
2.989959
3.736552
4.628295
5.325601
4.622961
3.698370
2.883725
2.248172
1.794739
2.163489
2.542710
2.759775
2.930396
2.806143
2.394416
1.934761
1.534072
1.687216
2.024811
2.265216
2.432293
2.305621
1.999963
1.629781
1.290762
0.999824
0.753962
0.552077
0.409891
0.567064
0.595408
0.494869
0.426186
0.614043
1.019098
1.525341
1.708108
1.746776
1.707336
1.519994
0.998207
0.561874
0.290903
0.131862
0.040711
0.022933
0.025146
0.049829
0.051364
0.048897
0.093863
0.132832
0.129119
0.113608
0.106101
0.172806
0.341791
0.534389
0.688644
0.811891
0.874738
0.945138
1.084028
1.244622
1.422753
1.611250
1.773805
1.844471
1.801433
1.911905
1.924144
1.823456
1.647943
1.458740
1.279474
1.114086
0.960940
0.951537
0.972978
1.120670
1.275140
1.368452
1.369329
1.446772
1.494062
1.470667
1.590044
1.601029
1.503057
1.324533
1.418224
1.678687
2.110223
2.519449
2.636631
3.025812
3.440169
3.818342
3.972561
3.824954
3.452258
3.075520
2.713228
2.865895
3.428750
4.057735
4.571106
4.567778
4.028847
3.324000
2.686589
2.111286
1.623071
1.215096
0.882379
0.720711
0.715643
0.818391
0.876049
0.943585
0.942426
0.998409
0.935690
0.815674
0.697264
0.633724
0.662091
0.613344
0.519130
0.478677
0.399953
0.325864
0.266362
0.205705
0.180909
0.152470
0.127885
0.126085
0.107081
0.179829
0.387640
0.771944
1.260194
1.408336
1.310386
0.892253
0.547313
0.303401
0.137843
0.067621
0.088365
0.084999
0.069207
0.041878
0.019372
0.013662
0.050255
0.079356
0.069676
0.041194
0.009719
0.000000
0.022724
0.045840
0.053585
0.117952
0.151798
0.132978
0.094635
0.157768
0.258126
0.301405
0.308294
0.211500
0.095918
0.022919
0.000710
0.000000
0.000000
0.000052
0.000156
0.000000
0.000000
0.000000
0.000000
0.000000
0.000000
0.000000
0.000000
0.000000
0.000000
0.000000
0.000000
0.000000
0.000000
0.000000
0.000000
0.019010
0.127201
0.200907
0.223569
0.223569
0.201449
0.129563
0.021002
0.000000
0.000000
0.000000
0.000000
0.000000
0.000000
0.000000
0.000000
0.000000
0.000000
0.000000
0.000000
0.000000
0.000000
0.000000
0.000000
0.000000
0.000000
0.000000
0.000000
0.000000
0.000000
0.000000
0.000000
0.000000
0.000000
0.000000
0.000000
0.000000
0.000000
0.000168
0.000000
0.000000
0.000000
0.000000
0.000000
0.000000
0.000000
0.000000
0.000000
0.000000
0.000000
0.001863
0.021496
0.064561
0.132865
0.228260
0.342033
0.448091
0.512732
0.485696
0.617785
0.827301
1.096268
1.422167
1.798830
2.209245
2.572694
2.637799
2.776322
2.701603
2.308626
1.868534
1.860993
2.189870
2.527653
2.690338
2.681533
2.770947
2.657408
2.314266
1.950578
1.591868
1.278344
1.010503
0.875625
1.011797
1.019339
1.019842
1.000796
0.868786
1.028821
1.371664
1.796591
2.258745
2.644130
2.649790
2.550484
2.525280
2.270846
1.645720
1.082400
1.138747
1.326921
1.316932
1.117460
0.860519
0.632280
0.456593
0.351817
0.247934
0.150714
0.198809
0.264832
0.344504
0.436142
0.539786
0.654011
0.766137
0.853498
0.853498
0.766051
0.653931
0.539714
0.436077
0.345778
0.272581
0.211416
0.152472
0.102587
0.062751
0.032834
0.012666
0.002088
0.000000
0.000000
0.000178
0.005926
0.019211
0.033535
0.036085
0.023443
0.010112
0.001771
0.000050
0.004493
0.016292
0.035231
0.055569
0.065105
0.068436
0.061854
0.094816
0.130957
0.154053
0.151637
0.127491
0.092031
0.060119
0.036541
0.035944
0.074255
0.129657
0.144811
0.146235
0.144846
0.139776
0.119561
0.058577
0.000819
0.013087
0.024748
0.012855
0.000341
0.000000
0.000000
0.000000
0.000000
0.000000
0.000000
0.000000
0.001819
0.055239
0.100637
0.120329
0.133999
0.147741
0.147741
0.133843
0.119672
0.098434
0.051062
0.000444
0.000000
0.000000
0.000000
0.000000
0.000000
0.000000
0.000000
0.000000
0.000000
0.000000
0.000000
0.000000
0.000000
0.000000
0.000000
0.000000
0.000000
0.000000
0.000000
0.000000
0.000000
0.000000
0.000000
0.000000
0.000000
0.002083
0.037057
0.105047
0.150372
0.137659
0.068075
0.017977
0.002318
0.013650
0.056121
0.130818
0.242245
0.395964
0.600956
0.861028
1.179614
1.565692
2.033204
2.590914
3.231069
3.888024
4.379616
4.340468
3.776254
3.587239
4.251307
4.881622
5.183832
5.054689
4.463447
3.823767
3.193650
2.638178
2.171874
1.768316
1.405653
1.098340
1.321451
1.533330
1.595256
1.640725
1.900734
1.963414
1.746700
1.502934
1.220393
0.750675
0.526060
0.396471
0.527232
0.655713
0.746082
0.758856
0.716461
0.585785
0.456555
0.356089
0.424087
0.558316
0.680865
0.766308
0.784672
0.692996
0.541056
0.397659
0.308261
0.403566
0.502809
0.573605
0.592475
0.599057
0.568827
0.513141
0.588326
0.710766
0.843270
0.977584
1.086227
1.168001
1.203927
1.494495
1.914145
2.332041
2.591619
2.746286
2.431847
1.933097
1.446370
1.141882
0.990755
0.951183
1.092872
1.232552
1.296115
1.268880
1.142794
0.995088
0.927647
0.996803
0.969263
1.213431
1.598404
2.057437
2.597934
3.131729
3.338609
3.177867
2.649103
2.158690
1.884874
1.923059
2.170002
2.201505
2.019251
2.126208
2.345673
2.507431
2.545884
3.184401
4.194922
5.598044
6.247956
6.423591
6.423591
6.274071
6.114564
6.346732
6.138949
5.642367
5.049498
4.475898
3.958416
3.489542
3.069579
2.714643
3.095492
3.680629
4.311975
4.890911
5.513833
5.936224
6.713095
7.660909
8.541346
8.906025
8.547216
7.672508
6.679403
5.744902
4.923364
4.218909
3.619729
3.165605
2.696934
2.242873
1.835537
1.483224
1.182684
0.946676
0.879519
0.952108
0.915538
0.769052
0.729940
0.803728
0.849506
0.891883
0.907200
0.940481
0.898556
0.803943
0.795308
0.924712
0.967104
1.023412
1.174428
1.338525
1.502190
1.612288
1.625649
1.530186
1.388910
1.242331
1.094821
0.951624
0.844371
0.796694
0.931532
0.885707
0.835314
0.865076
0.904060
1.014870
1.065532
1.021002
0.915234
0.872682
0.928584
0.974181
0.973358
1.055181
1.124764
1.110098
1.062693
1.150403
1.174605
1.117013
1.022957
0.934847
0.847860
0.952621
1.149398
1.421007
1.637152
2.036336
2.481829
2.711228
2.484722
2.022572
1.560140
1.162211
0.926907
0.812878
0.707380
0.628650
0.789678
0.981719
1.138733
1.304802
1.289853
1.128043
0.967406
0.959220
1.190166
1.362147
1.343327
1.164293
0.943819
0.743955
0.638851
0.581299
0.471503
0.834490
1.157666
1.248823
1.158501
0.836513
0.887195
1.025833
1.177644
1.360585
1.537523
1.678383
1.681462
1.698800
1.844142
1.974818
1.983531
1.823914
1.616786
1.404799
1.207760
1.112009
1.268957
1.382507
1.384716
1.293628
1.177559
1.061959
0.921622
0.779955
0.748679
0.935461
1.109151
1.318349
1.539153
1.776827
2.052208
2.371129
2.612803
2.613354
2.365293
2.048700
1.728741
1.433530
1.166563
1.016857
0.935239
0.918600
1.112706
1.422097
1.587347
1.506463
1.772917
2.274179
2.938637
3.559563
3.537810
2.912550
2.414348
2.226173
1.914766
2.081989
2.506542
2.443624
1.874564
1.552125
1.254653
1.002919
1.085006
1.125213
1.083009
0.989041
0.890499
0.765331
0.860592
0.911306
0.947261
0.927770
0.846579
0.746643
0.658110
0.652997
0.720816
0.758736
0.741027
0.658486
0.564851
0.525871
0.625926
0.741746
0.871235
1.013180
1.160913
1.314597
1.457005
1.552620
1.575945
1.491478
1.348626
1.228704
1.147798
1.097696
1.188408
1.261034
1.254238
1.175691
1.051917
0.917369
0.824592
0.939587
1.037701
1.105960
1.169809
1.184414
1.169897
1.124188
1.041194
1.106127
1.115578
1.183264
1.204632
1.134789
0.998921
0.851814
0.764030
0.756837
0.816366
0.872494
0.928599
1.092134
1.205835
1.215712
1.116772
0.959038
0.804036
0.670795
0.717743
0.831095
0.899302
0.912888
0.872092
0.766192
0.642705
0.548400
0.542592
0.534067
0.498940
0.606804
0.834398
1.098223
1.437004
1.859809
2.360679
2.953369
3.623087
4.245245
4.718936
4.714341
4.193452
3.467053
2.774239
2.205338
1.832696
1.866871
1.952619
1.800198
1.539381
1.751022
2.011964
2.281927
2.486134
2.649327
2.762856
2.734376
2.563281
2.345012
2.112675
1.814423
1.769045
2.052851
2.363379
2.715403
3.098644
3.497706
3.842680
3.936718
3.763510
3.453062
3.157269
2.963085
2.858939
2.635070
2.335340
2.841794
3.292226
2.935133
3.366026
3.814510
4.163126
4.277404
4.027386
3.661014
3.248950
2.847795
2.481373
2.142599
1.828660
1.590382
1.686449
1.897440
2.128074
2.382808
2.519800
2.485716
2.269490
1.997829
1.709172
1.501489
1.507275
1.414026
1.396545
1.310498
1.164555
1.012072
1.042321
1.039207
0.981671
1.144575
1.313971
1.472297
1.580567
1.597826
1.481579
1.318492
1.147692
0.978296
0.832791
0.701436
0.579985
0.467357
0.366582
0.369850
0.440015
0.545093
0.512513
0.477212
0.566684
0.842140
1.214281
1.691808
2.324972
2.740652
2.893304
2.896771
2.728097
2.226892
1.490436
1.162204
1.234487
1.075667
0.806995
0.592184
0.441292
0.435767
0.549908
0.534210
0.430720
0.429978
0.352989
0.241381
0.170568
0.109536
0.142210
0.285784
0.513041
0.772739
0.896117
0.894057
0.763453
0.492341
0.269408
0.117936
0.070935
0.038992
0.009707
0.000000
0.000000
0.000000
0.000000
0.000000
0.000000
0.000000
0.000000
0.000000
0.000000
0.000000
0.000000
0.000000
0.000000
0.000000
0.000000
0.000000
0.000000
0.000000
0.000000
0.000000
0.000000
0.000000
0.000000
0.000000
0.000000
0.000000
0.000000
0.000000
0.000000
0.000067
0.000000
0.000000
0.000000
0.000000
0.000000
0.000000
0.000000
0.000000
0.000000
0.000000
0.000000
0.000000
0.000000
0.000000
0.000000
0.001037
0.028497
0.102948
0.241472
0.449739
0.749042
1.182696
1.686345
1.901537
1.898655
1.670886
1.686081
2.088266
2.400279
2.340201
2.018287
1.627425
1.294705
1.057134
0.853279
0.611832
0.404995
0.243646
0.152228
0.254317
0.314865
0.472952
0.624085
0.740239
0.667588
0.558783
0.400989
0.192531
0.061495
0.006211
0.000000
0.000000
0.000000
0.000000
0.000000
0.000000
0.000000
0.000000
0.000000
0.000000
0.000000
0.000000
0.000000
0.000000
0.000000
0.000000
0.026634
0.088089
0.116899
0.124910
0.126684
0.127438
0.124288
0.109034
0.060835
0.002524
0.000000
0.000000
0.000000
0.000000
0.000000
0.000000
0.000000
0.000000
0.000000
0.000000
0.000000
0.003682
0.016174
0.034575
0.052026
0.052682
0.035139
0.015389
0.002647
0.000000
0.000000
0.000000
0.000000
0.003227
0.004071
0.008761
0.060596
0.163611
0.321229
0.540445
0.824369
1.173473
1.621995
2.156696
2.705425
2.702543
2.173747
1.701714
1.303390
1.472690
1.877414
2.347327
2.885482
3.442428
3.846271
3.963638
3.665421
3.124487
2.606786
2.618328
3.242415
3.785794
4.006912
4.101180
4.468301
4.554985
3.973155
3.285862
2.605149
2.015417
1.532898
1.143363
0.821708
0.566286
0.385538
0.371567
0.443789
0.516788
0.479923
0.359820
0.228539
0.124158
0.054697
0.015576
0.000511
0.000000
0.000000
0.000000
0.000000
0.000000
0.002520
0.049921
0.158398
0.296152
0.345813
0.286264
0.220789
0.235672
0.240004
0.207759
0.152639
0.099356
0.101720
0.092870
0.064604
0.052241
0.070289
0.102012
0.157239
0.221389
0.286935
0.353963
0.427052
0.508650
0.604259
0.727552
0.878285
1.025864
1.112101
1.072677
0.960189
0.827017
0.712761
0.636246
0.658258
0.649455
0.700674
0.767816
0.787222
0.740180
0.639534
0.617683
0.708057
0.779423
0.848986
0.992684
1.287279
1.668908
2.113497
2.575706
3.101303
3.549925
3.551393
3.102172
2.553481
2.058810
1.706367
1.672684
1.505776
1.313213
1.303403
1.301168
1.318015
1.263075
1.068029
0.827783
0.728523
0.691131
0.711660
0.721143
0.707385
0.824580
0.984129
1.178945
1.390983
1.581089
1.727255
1.976350
2.284225
2.609507
2.943587
3.264112
3.480517
3.476701
3.283766
3.017317
2.677673
2.349794
2.071150
1.853060
1.922412
1.812939
1.713279
1.644696
1.675366
1.776025
2.063902
2.424331
2.801768
3.088067
3.077900
2.774265
2.385120
2.091676
2.409420
2.736601
2.980692
3.000166
2.784836
2.499417
2.222886
1.965128
1.789285
2.286045
2.841020
3.422960
3.805732
3.652569
3.212488
2.642298
2.104141
1.689424
1.308818
0.970813
0.869926
0.883279
1.056106
1.233825
1.406819
1.548446
1.595012
1.536785
1.406306
1.262937
1.198820
1.099929
0.949646
0.818150
0.717551
0.618598
0.623175
0.695460
0.736056
0.737724
0.775675
0.767090
0.698056
0.590501
0.473659
0.482354
0.518924
0.538141
0.657703
0.819647
0.974843
1.091397
1.220477
1.236557
1.173976
0.961939
0.832509
0.709190
0.572535
0.629057
0.649322
0.679423
0.808535
0.921596
1.036145
1.141171
1.181832
1.153804
1.122561
1.190393
1.210093
1.208336
1.133530
1.006644
0.892231
0.807694
0.768765
0.776605
0.814624
0.792641
0.707290
0.616204
0.581030
0.606219
0.483017
0.351383
0.314043
0.384306
0.458442
0.502464
0.471963
0.420291
0.623257
0.789111
0.797570
0.653016
0.383662
0.402091
0.472932
0.501227
0.476778
0.421229
0.377933
0.333901
0.342350
0.391295
0.433702
0.467662
0.443996
0.406467
0.337459
0.326409
0.316985
0.295161
0.279526
0.274040
0.243738
0.279452
0.348616
0.439579
0.541528
0.654403
0.760122
0.803498
0.778026
0.678459
0.582246
0.486185
0.392876
0.372429
0.383975
0.420797
0.439891
0.414737
0.412687
0.492693
0.535081
0.549715
0.572613
0.795471
1.121877
1.537569
2.060879
2.686287
3.324304
3.855129
3.892641
3.444483
2.836083
2.367328
2.542100
2.460828
2.136548
2.265509
2.653545
2.904360
2.796066
2.613183
2.254037
1.911345
1.578525
1.262233
1.089119
1.500004
1.948784
2.276838
2.359010
2.248222
2.429359
2.604573
2.655282
2.621084
2.539490
2.451915
2.284724
1.999620
1.533733
1.337268
1.254511
1.208894
1.153413
1.027196
0.753551
0.424672
0.207606
0.141140
0.196017
0.206015
0.157433
0.091426
0.041365
0.011565
0.004827
0.016110
0.048490
0.084442
0.091776
0.071188
0.037842
0.010024
0.000242
0.000000
0.000000
0.000000
0.000000
0.000000
0.000000
0.000000
0.000000
0.000000
0.000000
0.000000
0.000000
0.000000
0.000043
0.020902
0.045710
0.059322
0.063244
0.063914
0.063419
0.062979
0.062353
0.056035
0.035096
0.008165
0.057709
0.104907
0.109605
0.065059
0.012530
0.000000
0.000000
0.000000
0.000000
0.000000
0.000000
0.000000
0.000000
0.000000
0.000000
0.000000
0.000000
0.000000
0.000000
0.000000
0.000000
0.000000
0.000000
0.000000
0.000000
0.000000
0.000000
0.000000
0.000000
0.000000
0.014023
0.079416
0.161461
0.213977
0.228490
0.210232
0.156748
0.077784
0.019419
0.005053
0.010625
0.021700
0.026917
0.007642
0.000563
0.006311
0.012457
0.012355
0.003770
0.000000
0.000000
0.000000
0.005017
0.022770
0.045440
0.059867
0.043485
0.024277
0.043502
0.051437
0.071648
0.088510
0.137868
0.191423
0.191436
0.253096
0.394604
0.591974
0.851815
1.173720
1.522721
1.780582
1.846461
1.649954
1.330901
1.093455
0.947457
1.176998
1.418989
1.465188
1.238908
0.945541
0.655385
0.487710
0.510062
0.580332
0.544925
0.546453
0.794003
1.102980
1.405715
1.455496
1.205384
1.071260
0.910273
0.956804
1.084191
1.315890
1.478372
1.807724
2.187638
2.560825
2.711268
2.570400
2.234951
1.850105
1.764924
1.979045
2.151836
2.148958
1.954551
1.695025
1.437588
1.207182
1.015856
1.142870
1.253958
1.307303
1.353891
1.341597
1.347950
1.337865
1.444588
1.629524
1.861062
2.128341
2.415828
2.708299
2.962946
3.129627
3.120606
3.117943
3.210915
3.202845
3.085864
3.011820
2.871071
2.778670
2.873992
2.817428
2.617077
2.373924
2.338676
2.474777
2.479316
2.330772
2.145034
1.934884
1.807037
1.800360
1.802891
1.825540
1.712364
1.640185
1.473568
1.271986
1.226627
1.409020
1.624000
1.791068
1.808304
1.753211
1.712915
1.679095
1.712018
1.635511
1.471603
1.290289
1.110757
0.937249
1.081512
1.318499
1.582997
1.869214
2.124350
2.418236
2.870176
3.211945
3.270575
3.088037
2.924317
2.817538
2.764710
2.638107
2.480498
2.662288
3.260431
3.951678
4.682453
5.323087
6.020714
6.695386
7.177834
8.204022
9.565861
11.055031
12.360878
13.071209
12.217545
10.831162
9.307281
7.882402
6.647547
7.096322
8.049913
9.036438
9.787385
9.875370
9.274259
8.561085
8.117368
8.475244
8.326452
7.787901
6.994606
6.164474
5.359950
4.630415
4.349313
4.569952
3.881315
3.184456
3.477487
3.471592
3.025274
2.479792
1.965101
1.489401
1.082663
0.773951
0.828673
0.804427
0.831406
0.989538
1.151534
1.362670
1.529702
1.634627
1.777366
1.767784
1.621564
1.434412
1.340324
1.292501
1.123659
0.934458
0.768861
0.733123
0.731461
0.692309
0.842409
0.996867
1.106096
1.120750
1.021140
0.849303
0.688941
0.608534
0.674950
0.796182
0.947391
1.110468
1.234720
1.239780
1.133844
0.981551
0.830215
0.686163
0.624575
0.882512
1.028404
1.058656
0.954715
0.874743
0.803019
0.849906
0.974907
0.905460
0.863737
0.697948
0.543898
0.366941
0.214750
0.227289
0.357849
0.514636
0.692809
0.884682
0.986814
0.919328
1.012973
1.125781
1.206367
1.252880
1.404642
1.600711
1.793377
1.924541
1.941673
1.847421
1.853835
1.998064
1.874753
1.694714
1.869271
1.939000
1.832837
1.626277
1.301414
0.996999
0.737512
0.777612
0.698944
0.551622
0.486661
0.502446
0.465313
0.419979
0.359287
0.312804
0.265575
0.303353
0.424586
0.566182
0.720245
0.833619
1.001589
1.182431
1.187844
1.135490
1.147650
1.288765
1.344187
1.369333
1.380712
1.340808
1.178885
1.035344
1.038070
1.187469
1.348785
1.460663
1.441211
1.341625
1.304105
1.495245
1.670980
1.803926
1.766179
1.614727
1.754989
1.844478
1.836887
2.000719
2.154600
2.240374
2.261747
2.324763
2.542648
2.622358
2.738339
2.790829
2.710807
2.653103
2.675938
2.638351
2.789246
3.026512
3.133469
3.113577
2.978420
2.886085
2.876123
3.031114
3.107510
3.087077
2.950136
3.309194
3.902375
4.566882
5.304116
6.119781
7.016021
7.972560
8.853827
9.341960
9.247896
8.545145
7.600381
7.536365
8.678158
10.011813
11.480518
13.086369
14.767035
16.189070
17.286173
16.729393
15.174818
13.314198
11.498351
12.719503
14.252664
15.585114
16.956032
17.730545
17.262415
16.081888
14.441895
12.847373
11.473879
11.513278
12.701001
13.893712
14.939176
15.503519
15.305214
14.443073
13.187313
11.917105
10.779631
10.058335
10.423985
10.377676
9.758587
8.929816
8.128512
8.228399
8.529154
8.458742
8.090484
7.540840
6.924502
6.384547
6.390665
6.229770
5.952701
5.559543
5.400447
5.310448
5.186384
4.903976
4.784576
4.931807
5.089056
4.976761
5.145502
5.059566
5.046943
4.781726
4.374418
4.109288
4.469049
4.822351
5.118437
5.463433
5.872561
6.244756
6.423628
6.351121
6.019971
5.587313
5.674761
5.922062
6.163126
6.176681
6.035747
6.342480
6.662824
6.959468
7.227407
7.325825
7.363719
7.480350
8.022413
8.518291
8.865689
8.883703
8.581113
8.275602
8.771895
9.271799
9.728241
10.002560
9.976491
9.579465
9.029119
8.929376
9.221986
9.422742
9.367962
9.054327
8.582266
8.117449
7.724589
7.402965
7.039490
6.647144
6.275613
5.939644
5.675636
5.757991
5.705950
5.893705
6.390858
6.803301
6.804123
6.751508
6.670163
6.383329
6.058063
5.652662
5.254416
5.108406
5.367682
5.798168
6.132497
6.400001
6.303154
6.263829
5.676361
4.934192
4.390143
3.940064
3.734328
3.719037
3.674603
3.552711
3.324497
3.160691
3.231445
3.369370
3.315377
3.125059
3.284275
3.091444
2.679116
2.602785
2.636707
2.781498
3.091236
3.656692
4.232681
4.984100
5.884974
6.926968
8.101829
9.279560
10.103312
10.078037
9.204746
7.998995
6.822099
5.779109
5.185209
4.726660
5.286357
5.440616
5.213163
4.959790
4.411143
4.161376
4.608531
4.774165
4.618867
4.207655
3.893146
4.052506
3.910464
4.226559
4.548239
4.863622
5.183756
5.570116
5.897714
6.053983
5.888179
5.559777
5.187634
5.633769
5.849203
5.788931
5.443148
4.983809
4.458889
4.017595
4.122071
3.986743
4.301970
4.599653
4.780409
4.736212
4.740988
4.560606
4.256088
3.898582
3.546621
3.411836
3.401036
3.283475
3.353182
3.643687
3.762058
3.557355
3.195427
2.782141
2.397442
2.059417
1.951782
2.116950
2.295261
2.444403
2.871133
3.307212
3.616242
3.539422
3.172844
2.731777
2.307735
1.969492
1.720139
1.539552
1.625594
1.817485
2.040331
2.283903
2.506121
2.614229
2.423281
2.018116
1.713691
1.720920
1.607489
1.568991
1.377618
1.238012
1.055764
0.870204
0.782699
0.836388
0.983395
1.176572
1.400029
1.646486
1.914143
2.196069
2.453354
2.634306
2.680042
2.650173
2.512808
2.032016
1.801191
1.872365
2.130545
2.457760
2.804835
3.174908
3.591278
4.056402
4.562383
5.130147
5.750922
6.423171
7.126869
7.766575
8.040936
7.301951
6.406839
6.329276
6.854180
7.605175
8.480618
9.421278
10.385063
11.513278
12.701001
13.706452
14.513551
14.255690
11.364118
9.859932
7.436337
6.197399
6.379005
6.610718
6.133553
4.578676
4.128180
4.523451
4.992057
4.696511
3.328959
2.932174
3.194734
3.749381
4.319010
4.106000
3.174873
3.714261
0.000000
0.000000
0.000000
0.000000
0.000000
0.000000
0.000000
0.000000
0.000000
