track	type=wiggle_0
fixedStep	chrom=chr	start=1	step=1
0.000000
0.000000
0.000000
0.000000
0.000000
0.000000
0.000000
0.000000
0.000000
0.263713
0.415704
0.231334
0.094663
0.051895
0.056545
0.057110
0.119528
0.255356
0.355467
0.479207
0.698861
0.902301
0.994484
0.859201
0.645315
0.658274
0.843181
0.609415
0.339797
0.153247
0.057008
0.012709
0.004547
0.003631
0.004336
0.010561
0.009138
0.000570
0.001403
0.011040
0.055983
0.217316
0.473137
0.595807
0.758331
0.928287
1.079413
1.103572
1.000261
0.910126
0.988393
0.945384
0.806817
0.626051
0.573290
0.764689
1.016310
1.308078
1.594178
1.782013
1.689650
1.460081
1.218025
0.979610
0.753156
0.551608
0.428907
0.445726
0.407559
0.309115
0.221179
0.141948
0.086419
0.058260
0.041079
0.014339
0.002301
0.042746
0.140908
0.307998
0.582502
1.123829
1.404798
1.480903
1.493807
1.480903
1.422257
1.215568
0.759494
0.425941
0.205545
0.075852
0.014007
0.000000
0.000673
0.008352
0.016240
0.016578
0.009048
0.001547
0.000819
0.004442
0.001715
0.000000
0.000000
0.000000
0.000000
0.000000
0.000000
0.014793
0.052040
0.068685
0.065583
0.167277
0.392430
0.841719
1.075802
1.139838
1.151117
1.151117
1.151117
1.139838
1.083705
0.885086
0.484757
0.241654
0.156810
0.196410
0.238773
0.276021
0.398778
0.422821
0.313842
0.188380
0.088163
0.141620
0.307219
0.454941
0.568920
0.452111
0.294330
0.134274
0.093320
0.203559
0.332690
0.449671
0.469019
0.403802
0.269564
0.141633
0.059526
0.037198
0.080014
0.095929
0.101202
0.101202
0.101202
0.101202
0.101497
0.100877
0.097585
0.130090
0.199210
0.281373
0.367476
0.454500
0.489980
0.489780
0.510664
0.508149
0.584239
0.599033
0.592573
0.641544
0.740193
0.815164
0.804209
0.845486
1.057031
1.289702
1.516833
1.606375
1.626881
1.701108
1.626881
1.423943
1.202012
0.994747
0.809092
0.646427
0.510465
0.404604
0.483634
0.564022
0.583733
0.606082
0.577387
0.503682
0.430079
0.472710
0.575629
0.697525
0.840844
0.993053
1.104133
1.104731
0.993916
0.941049
1.071162
1.191559
1.290614
1.293954
1.203413
1.080508
1.013447
1.144414
1.281354
1.399286
1.424623
1.365146
1.230319
1.108727
1.246770
1.412153
1.588634
1.762483
1.915451
2.078766
2.208691
2.186244
2.033123
1.830034
1.627695
1.442553
1.271871
1.117173
0.974532
0.856038
0.894321
0.947827
0.921133
0.827719
0.715017
0.606427
0.512059
0.444395
0.447143
0.450330
0.430204
0.378949
0.344475
0.363412
0.372185
0.394143
0.413548
0.396672
0.353447
0.331213
0.369046
0.389333
0.372512
0.319680
0.258112
0.202748
0.175971
0.257747
0.363621
0.452179
0.526556
0.549565
0.526490
0.509472
0.679202
0.863748
1.013808
1.096132
1.193237
1.464818
1.804608
2.200943
2.642655
3.144294
3.705158
4.334574
4.927621
5.260799
5.062773
4.502477
4.052081
3.697121
3.191090
2.831266
2.907376
2.971955
3.015387
2.814218
2.472632
2.039015
1.638789
1.331514
1.542361
1.634767
1.505140
1.336764
1.148239
0.973820
1.036876
1.100447
1.118694
1.116401
1.067448
0.886915
0.482662
0.361900
0.551129
0.747882
0.852107
0.740625
0.540078
0.456252
0.398911
0.436495
0.479478
0.552608
0.596062
0.682518
0.720106
0.693089
0.597009
0.585808
0.672027
0.691878
0.618916
0.518358
0.409352
0.310643
0.226241
0.157627
0.103012
0.075225
0.041823
0.028202
0.066647
0.121366
0.178478
0.203202
0.182477
0.125173
0.089336
0.152517
0.204998
0.173935
0.249038
0.367853
0.509736
0.694637
1.037231
1.488968
2.086654
2.817675
2.813538
2.069171
1.462202
1.012313
0.670987
0.413422
0.233652
0.187135
0.258607
0.259557
0.187197
0.104248
0.053364
0.076856
0.063755
0.033533
0.008924
0.046634
0.070953
0.095139
0.105627
0.102713
0.098531
0.096658
0.092960
0.080514
0.043474
0.004293
0.000000
0.000510
0.003511
0.038507
0.070934
0.016623
0.000000
0.000000
0.000000
0.000000
0.000000
0.000000
0.000000
0.000000
0.000000
0.000000
0.000000
0.000000
0.000000
0.000000
0.000000
0.000000
0.000000
0.000000
0.000000
0.000000
0.000000
0.000000
0.000000
0.000000
0.000000
0.000000
0.000000
0.000000
0.000000
0.000000
0.000000
0.000000
0.000000
0.000000
0.000000
0.000000
0.000000
0.000000
0.000000
0.000000
0.000000
0.000000
0.000000
0.000000
0.000000
0.000000
0.000000
0.000000
0.000000
0.000000
0.000000
0.000000
0.000000
0.000000
0.000000
0.000000
0.021597
0.093853
0.223518
0.411570
0.663655
1.012782
1.265980
1.060143
1.013225
0.805436
0.569967
0.533886
0.485362
0.432648
0.316323
0.350323
0.542446
0.613437
0.545193
0.352172
0.159892
0.050098
0.003017
0.000000
0.000000
0.000000
0.000000
0.000000
0.000000
0.000000
0.000000
0.000000
0.000000
0.000000
0.000000
0.000000
0.000000
0.000000
0.000000
0.000000
0.000000
0.000000
0.000000
0.000000
0.000000
0.000000
0.005953
0.055020
0.160339
0.328923
0.551279
0.778795
0.783970
0.568461
0.346360
0.173509
0.063327
0.009082
0.000000
0.000000
0.000000
0.000000
0.000000
0.000021
0.017224
0.075520
0.168832
0.268929
0.301420
0.230630
0.126004
0.139571
0.117091
0.084444
0.050234
0.024063
0.007404
0.003027
0.007746
0.021474
0.038092
0.049954
0.088154
0.136303
0.196920
0.246816
0.278865
0.384977
0.492388
0.583741
0.582114
0.491805
0.405118
0.329429
0.290573
0.438014
0.539379
0.630328
0.686774
0.679957
0.774948
1.065399
1.457423
1.965511
2.625563
3.551524
4.849519
5.441048
5.599041
5.599041
5.474959
5.021901
4.017294
3.216713
2.921212
2.484320
1.982665
1.575105
1.391380
1.152719
1.063335
1.371978
1.732236
2.130344
2.473857
2.788374
2.962568
3.406347
3.993318
4.557725
4.822441
4.615890
4.128802
3.555931
2.965988
2.429168
1.962223
1.607267
1.850116
1.939173
1.799464
1.543729
1.166429
1.329785
1.555587
1.804924
2.081934
2.359411
2.547482
2.601802
2.471366
2.197412
1.915974
1.664811
1.465823
1.377603
1.268543
1.163755
1.106882
1.002480
0.854361
0.707365
0.572519
0.454810
0.352484
0.265522
0.214194
0.177825
0.118831
0.066304
0.029044
0.076692
0.159878
0.222543
0.171511
0.114651
0.154696
0.178466
0.174669
0.165558
0.199957
0.244811
0.275249
0.269941
0.233185
0.180212
0.158733
0.146196
0.147642
0.123233
0.098496
0.136632
0.182761
0.229342
0.345700
0.556043
0.645893
0.646402
0.771722
1.103163
1.451727
1.809884
1.755352
1.296375
0.888502
0.574216
0.338715
0.256832
0.285086
0.279309
0.331639
0.396626
0.428480
0.540430
0.741955
0.913932
0.997061
0.943860
0.763746
0.563306
0.367624
0.274161
0.265671
0.242338
0.185544
0.123013
0.066728
0.045313
0.046738
0.034635
0.023045
0.019021
0.016218
0.041176
0.076958
0.127478
0.194599
0.276835
0.372792
0.483986
0.608885
0.736322
0.846589
0.865059
0.786764
0.671451
0.552888
0.441781
0.340658
0.253442
0.179485
0.126474
0.095108
0.101602
0.160002
0.199435
0.262685
0.327383
0.399066
0.532203
0.609432
0.587075
0.564296
0.721937
0.906900
1.124836
1.269490
1.252525
1.093481
0.917907
0.715593
0.633754
0.653628
0.583470
0.555945
0.800969
1.067243
1.223071
1.158900
1.419361
1.874459
2.478456
3.044173
3.025466
2.459078
2.003999
1.821397
1.550014
1.727649
2.115550
2.057008
1.504507
1.155883
1.374640
1.549499
1.564100
1.402546
1.192824
0.995454
0.990829
1.202019
1.433707
1.573797
1.460563
1.268820
1.038163
0.830016
0.714170
0.837330
0.975101
1.116933
1.274128
1.434367
1.558306
1.585186
1.520915
1.357737
1.180775
1.031993
1.057830
1.175454
1.288896
1.339606
1.366313
1.358599
1.452208
1.584856
1.738576
1.835517
1.810669
1.920217
2.109714
2.305855
2.428539
2.396256
2.210772
1.963438
1.719377
1.497129
1.317686
1.198123
1.127280
1.061708
1.200061
1.247686
1.201022
1.186943
1.302052
1.445960
1.612911
1.777794
1.947632
2.125754
2.268519
2.394340
2.414638
2.338222
2.191684
2.034697
1.875691
2.052475
2.625656
3.256720
3.813261
3.896044
3.488125
2.889284
2.307624
1.874701
1.920308
2.297744
2.593667
2.596354
2.300628
1.902701
2.031687
2.567122
3.058111
3.327578
3.075241
2.739805
2.804518
2.593152
2.281530
2.016125
1.707189
1.406755
1.688444
1.945970
2.166751
2.374263
2.421470
2.668242
3.097900
3.413978
3.309407
3.098569
3.358865
3.086386
2.528548
2.328626
2.617002
2.912229
3.219551
3.494075
3.590022
3.505641
3.275776
3.045569
2.761125
2.447411
2.155222
2.109134
2.349470
2.640021
2.952276
3.258194
3.492048
3.485419
3.238155
2.897504
2.554261
2.231271
1.939440
1.675609
1.714456
1.952812
2.205649
2.404061
2.460600
2.379050
2.174106
1.943590
1.714929
1.493420
1.280226
1.085653
1.131922
1.211961
1.190212
1.355549
1.560544
1.701630
1.725970
1.635129
1.525503
1.653359
1.746145
1.721575
1.599135
1.438085
1.289165
1.151909
1.023900
0.992323
1.118264
1.220482
1.308175
1.403092
1.502442
1.603389
1.614719
1.533279
1.452978
1.475835
1.560189
1.583785
1.538154
1.439366
1.556815
1.679001
1.729261
1.649693
1.523687
1.636273
1.744877
1.793726
1.766731
1.989709
2.135826
2.134200
1.996857
1.747909
1.760090
1.677810
1.536314
1.387066
1.661551
1.882809
2.100209
2.288307
2.487722
2.678040
2.791279
2.795341
2.695691
2.527847
2.368600
2.211996
2.070649
2.009295
2.248455
2.474621
2.647748
2.634159
2.551633
2.908783
3.047640
3.048882
2.912289
2.547602
2.108043
1.871606
1.641199
1.444652
1.288549
1.133158
0.994307
0.864615
0.816320
0.755405
0.691621
0.705113
0.716773
0.664352
0.579474
0.489053
0.518630
0.582149
0.589088
0.538137
0.467144
0.388805
0.313629
0.246772
0.188477
0.136467
0.090547
0.053203
0.025653
0.036425
0.053488
0.053021
0.034785
0.019642
0.016142
0.008077
0.009784
0.022965
0.049044
0.081529
0.109241
0.115274
0.094564
0.067376
0.061920
0.044361
0.040658
0.131486
0.286259
0.513498
0.820325
1.241295
1.638708
1.819766
1.868160
1.862558
1.797999
1.664506
1.437339
1.395113
1.360645
1.262177
1.085949
0.896527
1.034592
1.355832
1.734491
2.110430
2.550380
2.893598
2.852445
2.475073
2.023487
1.618512
1.259516
1.154953
1.411160
1.714399
1.990575
2.083222
1.956816
1.658315
1.339579
1.051882
0.809235
0.604056
0.431275
0.291291
0.182377
0.336007
0.431802
0.458650
0.458671
0.432929
0.353884
0.254334
0.298973
0.469741
0.732123
1.118034
1.616844
1.847512
1.843263
1.611329
1.122060
0.713415
0.416681
0.210923
0.079995
0.012777
0.012609
0.013313
0.006897
0.000405
0.000000
0.000000
0.000000
0.000185
0.000000
0.000000
0.000000
0.000000
0.000000
0.000000
0.000000
0.000000
0.000735
0.007125
0.022126
0.044381
0.067931
0.079602
0.067835
0.043649
0.021496
0.006124
0.000023
0.030095
0.127903
0.312976
0.614586
0.876473
1.022067
1.102362
1.505101
1.860245
1.917717
1.666055
1.279397
0.942770
0.687381
0.954640
1.278538
1.574336
1.687591
1.532956
1.300256
1.664077
2.134432
2.594230
2.718805
2.945888
3.540529
3.994065
3.270314
2.446441
1.808055
1.352567
0.982349
0.658725
0.660492
0.849126
1.058173
1.259622
1.354334
1.507901
1.710431
1.829633
1.749429
1.506108
1.248108
1.021643
1.005352
1.048178
0.994614
0.832691
0.684062
0.619784
0.529004
0.413049
0.290629
0.316338
0.414165
0.453108
0.641061
0.923351
1.293922
1.751729
2.305693
2.959267
3.650585
4.173639
4.177818
3.657740
2.945795
2.296443
1.755046
1.307331
0.942894
0.929515
0.973885
0.916695
0.788774
0.669737
0.572463
0.489987
0.480195
0.659410
0.856814
1.029669
1.074854
0.989116
0.975449
1.149313
1.368772
1.688872
2.076283
2.495074
2.881131
3.036104
2.884076
2.497470
2.086171
1.700959
1.374371
1.116278
0.902688
0.757945
0.664963
0.632141
0.696121
0.654979
0.593127
0.604936
0.532099
0.776947
1.080344
1.446456
1.838766
2.016433
1.858101
1.486393
1.107665
0.777714
0.678751
0.729879
0.714292
0.633197
0.526824
0.443013
0.382013
0.422779
0.418436
0.352123
0.268784
0.236674
0.308278
0.360636
0.365562
0.446724
0.449800
0.357518
0.327996
0.390755
0.408560
0.354142
0.357075
0.421989
0.399133
0.387990
0.369254
0.317794
0.271742
0.376573
0.379963
0.322558
0.239299
0.323575
0.339504
0.272253
0.249522
0.328143
0.374700
0.332413
0.442400
0.590386
0.656975
0.605951
0.494828
0.797050
1.225549
1.666635
1.927376
2.055235
2.056931
1.929971
1.680984
1.797178
2.266415
2.781042
3.347418
3.982783
3.959660
3.206009
2.483750
1.866219
1.357951
0.945017
0.622802
0.377697
0.260051
0.427205
0.616576
0.762373
0.891735
0.902116
0.765388
0.561794
0.373981
0.226742
0.122736
0.050289
0.012531
0.056069
0.187181
0.417992
0.751450
0.900401
0.813968
0.531594
0.246288
0.101930
0.046086
0.024935
0.005039
0.000000
0.000000
0.000000
0.000000
0.000000
0.000000
0.000000
0.000000
0.000000
0.001597
0.027491
0.076366
0.110687
0.080910
0.033660
0.004207
0.000000
0.000000
0.000000
0.000000
0.000000
0.000000
0.000000
0.000000
0.000000
0.000000
0.000000
0.000000
0.000000
0.000000
0.000000
0.000000
0.000000
0.000000
0.008644
0.035560
0.058036
0.037405
0.094691
0.222027
0.318715
0.321113
0.229616
0.083357
0.012836
0.000000
0.000000
0.000000
0.000429
0.007169
0.006238
0.000000
0.000000
0.000000
0.000000
0.000000
0.000000
0.000000
0.000000
0.000000
0.000000
0.000000
0.000000
0.000000
0.000000
0.000000
0.000000
0.000000
0.000000
0.000000
0.000000
0.000000
0.000000
0.000000
0.000000
0.000000
0.000000
0.000000
0.000000
0.000000
0.000000
0.000000
0.000000
0.000000
0.000000
0.000000
0.000000
0.000000
0.010769
0.066626
0.176098
0.341044
0.557188
0.779250
0.896479
0.766676
0.542303
0.380782
0.569117
0.797398
1.038569
1.163011
1.102523
0.899579
0.659498
0.450516
0.278368
0.153241
0.086645
0.171105
0.240744
0.245142
0.408186
0.696188
1.221529
1.749200
1.972101
2.037316
2.053385
2.039836
1.982027
1.796783
1.377333
1.001589
0.658040
0.394495
0.278871
0.221364
0.216121
0.174729
0.105985
0.145695
0.195584
0.348128
0.455217
0.391824
0.262160
0.186074
0.090778
0.104579
0.110354
0.050828
0.006620
0.000000
0.000000
0.000000
0.000000
0.000000
0.014919
0.086556
0.205072
0.294628
0.174957
0.058118
0.005032
0.000000
0.000106
0.000723
0.000000
0.000000
0.000000
0.000000
0.000000
0.000000
0.000000
0.000011
0.000000
0.000000
0.000000
0.000000
0.000000
0.000149
0.005434
0.014815
0.018556
0.010801
0.002036
0.000000
0.000000
0.000000
0.000148
0.003529
0.005917
0.002248
0.009123
0.020874
0.031531
0.022534
0.007185
0.000200
0.002502
0.046088
0.148920
0.320215
0.569171
0.900995
1.325342
1.975201
2.424470
2.589871
2.628693
2.633078
2.604449
2.487925
2.199731
1.747503
2.053404
2.193656
1.995841
1.621355
1.309165
1.687563
2.131746
2.637566
3.127060
3.476954
3.494545
3.149539
2.658326
2.285958
2.078795
1.728251
1.708006
1.814929
2.058851
2.931329
3.839138
4.219929
4.329855
4.369210
4.400330
4.421905
4.388067
4.043655
3.234828
2.427043
1.966807
2.199068
2.278416
2.066256
1.642947
1.912051
2.187746
2.276504
2.153949
1.881186
1.569779
1.274795
1.014305
0.795105
0.694464
0.871423
1.079111
1.174218
1.141444
1.001690
0.805200
0.610029
0.441873
0.368070
0.512519
0.689171
0.873166
0.959566
0.924744
0.765366
0.698345
0.934381
1.322603
1.804374
2.274687
2.469905
2.278542
1.806892
1.332655
1.147653
1.257349
1.253286
1.135791
1.045499
0.972475
0.912349
1.003212
1.144545
1.261345
1.347729
1.383030
1.509743
1.597809
1.581881
1.482399
1.321279
1.315153
1.388236
1.335600
1.272384
1.422569
1.592796
1.762880
1.921209
2.120879
2.306245
2.357049
2.247782
2.040910
1.879755
1.767789
1.787431
1.799563
1.750045
1.600160
1.412208
1.215594
1.281679
1.389679
1.456380
1.445167
1.356511
1.224666
1.094272
1.119735
1.060981
1.149646
1.136580
1.222924
1.597626
2.005717
2.453372
2.850492
2.892038
2.638678
2.421588
2.135388
2.158725
2.550601
3.183016
3.945221
4.725348
5.611171
7.244287
8.085098
8.303919
8.076834
7.247340
5.627062
4.428230
3.575070
3.335494
3.798383
4.083875
4.201273
4.021533
3.772626
3.559059
3.282438
3.268398
3.385983
3.846675
4.447825
4.966976
5.219586
4.883878
4.345791
3.727230
3.154768
2.627890
2.159639
2.160585
2.870835
3.890568
4.239297
3.925820
2.980254
2.183979
1.625837
1.227358
0.875400
0.565614
0.588628
0.620495
0.593197
0.517622
0.450479
0.354785
0.413048
0.513219
0.609799
0.668982
0.707210
0.672203
0.621579
0.535839
0.462154
0.437380
0.496988
0.614906
0.714535
0.781392
0.821535
0.767749
0.804996
0.906421
0.960885
0.952372
0.902743
0.878566
0.837920
0.761282
0.794445
0.900632
0.979969
1.051070
1.068051
1.069971
1.015615
1.109238
1.273057
1.403540
1.410815
1.279571
1.114784
0.948388
0.835889
0.739709
0.867663
0.980015
1.011759
0.942709
0.803347
0.664936
0.580785
0.803642
1.015793
1.070903
0.948777
0.781857
0.581139
0.443634
0.528519
0.626399
0.688778
0.757242
1.116934
1.629692
2.298616
3.113921
3.652696
3.886537
3.990024
4.000443
3.962577
3.831281
3.559843
2.912540
1.925003
1.278088
1.216310
1.303696
1.311991
1.153270
0.959125
0.771303
0.663467
0.760488
0.972060
1.246584
1.560426
1.909354
2.254630
2.678199
3.158134
3.589559
3.823209
3.592062
3.156884
2.684305
2.305818
2.179568
1.980197
1.850312
2.081571
2.209938
2.100437
1.977356
1.829298
1.748683
1.867531
1.952312
1.830258
1.608227
1.326945
1.064637
0.839489
0.647689
0.763530
0.983271
0.981803
0.772512
0.532450
0.590604
0.718392
0.834673
0.908170
0.867564
0.770107
0.686832
0.880572
1.143174
1.468102
1.826145
1.996702
1.793622
1.422628
1.213360
1.443271
1.439751
1.349625
1.533410
1.730036
1.929516
2.086454
2.285806
2.416661
2.395101
2.291316
2.083970
2.055183
1.982197
1.801070
1.589646
1.384324
1.196991
1.027140
0.874337
0.753344
0.800779
0.890947
0.862738
0.902869
0.953200
0.926997
1.088297
1.210055
1.238122
1.164446
1.034648
0.990940
0.876126
0.718284
0.578009
0.456233
0.363582
0.298783
0.221121
0.162442
0.199504
0.274529
0.332282
0.356163
0.340927
0.307641
0.294424
0.273377
0.367184
0.383333
0.321318
0.254193
0.328440
0.566824
0.877899
1.249741
1.698816
2.422721
3.090882
3.374336
3.448872
3.461631
3.460161
3.459703
3.450978
3.389406
3.556016
4.397645
5.221004
5.779489
5.813105
5.320432
4.780705
4.369176
5.313830
5.650537
5.161150
4.005416
3.038692
2.265461
1.648071
1.155009
0.945461
1.029875
1.144391
1.123499
1.297154
1.318798
1.150707
0.927109
0.939397
1.076874
1.055620
0.861226
0.648286
0.448249
0.394592
0.495512
0.595523
0.628453
0.588634
0.636539
0.745616
0.808578
0.924298
1.040943
1.025295
0.884438
0.705242
0.539640
0.397657
0.279593
0.190718
0.231378
0.275120
0.309609
0.429158
0.540162
0.629084
0.704066
0.821709
0.961375
1.064098
1.070992
0.973473
0.823060
0.721518
0.742148
0.683036
0.633088
0.749848
0.839586
0.836805
0.763845
0.713628
0.788179
0.784078
0.697971
0.688455
0.783986
0.924433
1.065575
1.165682
1.186211
1.098593
1.019493
1.059582
1.118484
1.173494
1.247090
1.359278
1.642574
1.978738
2.239385
2.319000
2.357405
2.514985
2.714435
2.797940
2.745361
2.572068
2.551252
2.642383
2.631263
2.504322
2.299228
2.074543
2.119057
2.523126
2.822507
2.987369
2.909503
2.656431
2.224492
1.866291
1.527876
1.247437
1.060673
1.268693
1.549812
1.548016
1.264330
0.967927
1.170742
1.407220
1.682808
1.974650
2.255548
2.484504
2.539248
2.342901
2.053764
1.778658
1.570157
1.488390
1.719087
2.005261
2.088653
1.925343
1.571622
1.542655
1.965329
2.482873
3.087652
3.810755
4.579719
5.122411
5.108074
4.545096
3.784803
3.055462
3.177517
3.498549
3.730222
4.079575
4.384861
4.378528
4.049632
3.907443
4.279657
4.740811
5.221509
5.673340
5.966523
5.884725
5.476755
5.815240
6.352608
6.992663
7.648551
8.057162
8.109977
7.625327
6.959804
6.303953
5.704620
5.202691
4.898982
4.922068
4.767138
4.791548
5.254872
5.682886
5.938910
5.953392
5.744014
5.371250
4.962436
4.539579
4.126605
3.729424
3.344728
2.967850
2.856938
2.707965
2.531061
2.327097
2.143059
2.119078
2.081064
2.013921
1.945882
2.072988
2.106750
2.018576
1.837379
1.666575
1.571491
1.579249
1.763063
1.847141
1.826455
1.739679
1.934070
2.029669
1.964278
1.787225
1.572861
1.352585
1.155533
0.993567
0.856907
0.769905
1.011272
1.241126
1.343810
1.231261
0.990333
0.799817
1.045668
1.260666
1.442363
1.256000
0.932101
0.614346
0.381129
0.265231
0.203749
0.147146
0.140412
0.098867
0.081330
0.146436
0.222257
0.295093
0.365906
0.387400
0.323523
0.262044
0.298362
0.294424
0.152341
0.013645
0.005643
0.000250
0.000060
0.000000
0.000000
0.000000
0.000000
0.000000
0.000000
0.000000
0.000000
0.000000
0.000000
0.000000
0.000000
0.000000
0.010988
0.046826
0.105679
0.207188
0.302692
0.393528
0.393397
0.635331
0.947654
1.339285
1.825897
2.414297
3.100360
3.842607
4.485934
4.559206
4.063273
3.686274
3.461356
2.999311
2.472370
2.332824
1.882015
1.387580
0.965472
0.939397
1.024020
0.604109
0.105608
0.019860
0.006568
0.000000
0.014933
0.056926
0.103614
0.204424
0.300302
0.234632
0.271231
0.335719
0.157412
0.000000
0.391646
1.123829
0.000000
0.000000
0.000000
0.000000
0.000000
0.000000
0.000000
0.000000
