track	type=wiggle_0
fixedStep	chrom=chr	start=1	step=1
0.000000
0.000000
0.000000
0.000000
0.000000
0.000000
0.000000
0.000000
0.000000
0.000366
0.000238
0.000021
0.000000
0.000000
0.000000
0.000000
0.000000
0.000000
0.000000
0.000000
0.002087
0.028339
0.101063
0.223510
0.406590
0.640620
0.849195
0.937589
0.806323
0.594445
0.630431
0.817182
0.583573
0.318296
0.136976
0.046134
0.007133
0.001156
0.000727
0.001074
0.003801
0.002984
0.000000
0.000034
0.037909
0.110889
0.200861
0.312405
0.446480
0.602714
0.762714
0.911551
0.934801
0.838191
0.762682
0.837515
0.797013
0.666269
0.499376
0.465114
0.645545
0.884194
1.164002
1.434759
1.621367
1.530734
1.296093
1.053167
0.817234
0.600545
0.426540
0.306732
0.200599
0.146435
0.084390
0.032998
0.035554
0.045833
0.032575
0.019253
0.066666
0.224131
0.435856
0.621991
0.792158
0.945800
1.101193
1.260740
1.393308
1.459126
1.396376
1.278202
1.361977
1.358531
1.266935
1.103696
1.036028
1.196708
1.389939
1.605425
1.816305
1.947799
1.964626
1.873480
1.684707
1.498536
1.327668
1.218942
1.156316
1.110861
1.175997
1.330822
1.468467
1.523326
1.442883
1.287369
1.117570
0.956101
0.807707
0.981446
1.204921
1.459637
1.750050
2.066074
2.387537
2.623329
2.659019
2.471215
2.189377
1.901318
1.621806
1.385972
1.205796
1.072847
1.054756
1.148355
1.197010
1.313848
1.637175
1.986497
2.400498
2.858866
3.228695
3.402918
3.145711
2.738791
2.451599
2.986871
3.651385
4.391911
5.055171
5.366065
5.044960
4.378847
3.635556
2.993466
2.513627
2.263646
1.949143
1.598904
1.256017
0.954134
0.710702
0.533343
0.463841
0.357403
0.238587
0.242543
0.267965
0.268843
0.225209
0.222311
0.337957
0.480229
0.476399
0.319256
0.189084
0.141572
0.097302
0.097765
0.099761
0.140679
0.207877
0.311854
0.442779
0.576785
0.626087
0.722630
0.754722
0.695142
0.564525
0.431251
0.313284
0.217105
0.155563
0.178269
0.226694
0.237002
0.204552
0.207193
0.276007
0.345828
0.421398
0.495086
0.566822
0.618716
0.616315
0.558916
0.528585
0.538272
0.518032
0.496095
0.488472
0.549591
0.570381
0.560422
0.538438
0.583980
0.660895
0.706408
0.724484
0.806341
0.876864
0.958504
1.011195
1.005899
1.097968
1.203445
1.244527
1.201408
1.244427
1.247532
1.169529
1.195552
1.351807
1.514168
1.666479
1.794108
1.826067
1.763243
1.618139
1.451858
1.296156
1.170208
1.051918
0.949483
0.846919
0.736480
0.655990
0.558385
0.569777
0.595537
0.571111
0.530779
0.575945
0.588153
0.547011
0.484829
0.433286
0.521243
0.598364
0.607558
0.551170
0.458307
0.405543
0.367965
0.442824
0.537298
0.774836
1.019562
1.053745
0.857982
0.598217
0.629909
0.744991
0.833177
0.816410
0.788385
0.945720
1.140327
1.357409
1.571324
1.731067
1.746778
1.671697
2.035450
2.312035
2.810322
3.361956
3.826333
4.043440
3.774553
3.354551
3.495900
4.007375
4.404917
4.703573
5.181243
5.852756
6.298901
6.345444
5.878589
5.122490
4.374561
3.885312
3.429207
3.865989
3.948394
3.662100
3.847075
4.912526
5.848277
6.233998
6.337537
6.337538
6.221769
5.767482
4.592130
3.421022
2.659048
2.100272
1.730092
1.543440
1.233091
1.040106
1.021658
1.166869
1.354040
1.554669
1.725438
1.920994
2.172418
2.428851
2.589440
2.588568
2.426373
2.163712
1.893614
1.643940
1.415884
1.349809
1.430360
1.360097
1.298608
1.526248
1.807679
2.094965
2.253091
2.237018
2.053936
1.768855
1.486807
1.231921
1.008136
0.813383
0.816124
0.968954
1.015863
0.902890
0.742212
0.569797
0.410073
0.277638
0.376469
0.680250
0.724531
0.521594
0.376288
0.238453
0.236008
0.174626
0.079422
0.018695
0.000238
0.000000
0.000000
0.000000
0.000000
0.000000
0.004294
0.044724
0.132526
0.239244
0.264831
0.179942
0.113610
0.102178
0.093457
0.089676
0.087093
0.080586
0.059163
0.023332
0.000762
0.000756
0.008526
0.043060
0.066675
0.011236
0.000000
0.000000
0.000000
0.000000
0.000000
0.000000
0.000000
0.000000
0.000000
0.000000
0.000000
0.000000
0.000000
0.000000
0.000000
0.000000
0.000000
0.000000
0.000000
0.000000
0.000000
0.000000
0.000000
0.000000
0.000000
0.000000
0.000000
0.000000
0.000000
0.000000
0.000000
0.000000
0.000000
0.000000
0.000000
0.000000
0.000000
0.000000
0.000000
0.000000
0.000000
0.000000
0.000000
0.000000
0.000000
0.000000
0.000000
0.000000
0.000000
0.000000
0.000000
0.000000
0.000000
0.000000
0.000000
0.000000
0.007741
0.062151
0.175387
0.356246
0.616635
0.973176
1.216585
1.019830
0.946305
0.743021
0.535524
0.501322
0.454672
0.403997
0.292476
0.336338
0.522079
0.591009
0.526961
0.343018
0.161966
0.091561
0.037819
0.009988
0.000123
0.000000
0.005327
0.053589
0.157587
0.199054
0.154325
0.050669
0.004104
0.000000
0.000000
0.000000
0.000027
0.000024
0.000000
0.000000
0.000000
0.000000
0.000000
0.000000
0.000000
0.000000
0.008253
0.056255
0.162915
0.336413
0.563672
0.783803
0.761882
0.537198
0.316676
0.150788
0.048729
0.003900
0.000000
0.000000
0.004851
0.019999
0.045583
0.081965
0.129972
0.186479
0.253110
0.334261
0.427116
0.526136
0.605884
0.635698
0.585357
0.501778
0.403282
0.312847
0.265825
0.275043
0.359722
0.445810
0.519420
0.552817
0.659355
0.801983
0.948494
1.064103
1.065900
0.948626
1.120745
1.229159
1.216594
1.301457
1.616546
1.810616
1.729829
1.436579
1.138229
1.138600
1.367513
1.684268
2.009533
2.331227
2.460643
2.417902
2.176936
1.855039
1.642979
1.807937
1.852149
1.855589
1.830365
2.000627
2.577768
3.265179
4.038242
4.896126
5.814785
7.314604
8.171870
7.304271
5.746054
4.681544
3.818439
3.208393
3.080926
3.025236
3.411055
3.872502
4.404604
4.728587
4.617932
4.117132
3.556149
2.998417
2.696307
3.154607
3.170353
2.929174
2.635787
2.207123
1.783650
1.343105
1.011808
1.209848
1.436173
1.685757
1.959779
2.231922
2.423014
2.446367
2.300756
2.032737
1.754364
1.508100
1.311642
1.228377
1.115959
0.947693
0.788639
0.640081
0.515844
0.422842
0.350388
0.266938
0.187983
0.126353
0.080795
0.047093
0.020279
0.003896
0.000553
0.013957
0.046543
0.065767
0.045960
0.059089
0.085954
0.098671
0.087286
0.060112
0.051714
0.079251
0.103804
0.102868
0.096111
0.092875
0.077049
0.074523
0.073977
0.061679
0.080934
0.081727
0.079185
0.083739
0.087610
0.093987
0.172052
0.344971
0.587976
0.905982
1.299334
1.704828
1.685753
1.245991
0.847590
0.538565
0.310062
0.242791
0.214665
0.164424
0.119295
0.085316
0.097169
0.188898
0.316461
0.398436
0.459892
0.433273
0.360775
0.336371
0.308689
0.256117
0.199908
0.145516
0.095788
0.057549
0.032364
0.016838
0.027234
0.035191
0.034248
0.021904
0.007910
0.019257
0.046441
0.088003
0.147085
0.222708
0.311947
0.417086
0.529169
0.633719
0.732105
0.746567
0.666294
0.552982
0.440656
0.339832
0.250833
0.175366
0.112711
0.070585
0.047897
0.066341
0.118494
0.150792
0.152923
0.230592
0.341120
0.469132
0.543986
0.553653
0.528974
0.663799
0.845127
1.058852
1.201277
1.185133
1.028859
0.854126
0.650396
0.533024
0.517432
0.462884
0.518254
0.759819
1.025488
1.179325
1.115518
1.379515
1.838306
2.439324
2.997388
2.980437
2.415232
1.938532
1.683806
1.351344
1.421662
1.749061
1.695006
1.224741
0.969027
1.172238
1.331469
1.334192
1.183774
0.980428
0.787602
0.623634
0.674111
0.818855
0.983027
1.160355
1.327201
1.435532
1.442458
1.327248
1.181624
1.135773
1.140338
1.046796
1.207805
1.380172
1.542143
1.653710
1.645269
1.511234
1.581278
1.672839
1.680158
1.815103
2.004827
2.194085
2.416696
2.627011
2.872137
3.128169
3.282056
3.251894
3.444364
3.753255
4.091311
4.337314
4.324704
4.061299
3.704065
3.342772
3.004074
2.708577
2.461623
2.266458
2.108315
1.952722
1.799071
1.645140
1.593394
1.564852
1.675523
1.604594
1.536494
1.671157
1.699348
1.625250
1.902533
2.369794
2.909812
3.546637
4.294112
5.153079
6.142380
7.259968
8.414271
9.356900
9.484126
8.839718
7.733426
6.622070
5.726971
5.306094
5.929718
6.323598
6.090217
5.540606
4.802781
4.073923
3.428479
3.065276
3.343877
3.077635
2.529462
1.963559
1.740559
1.862688
1.871759
1.736010
1.530564
1.368330
1.466431
1.476453
1.370783
1.223976
1.098843
1.336027
1.477990
1.650020
1.881627
2.126484
2.390948
2.686756
3.008177
3.350056
3.701091
4.030091
4.182149
4.101588
3.863282
3.542901
3.216754
2.876564
2.546466
2.251835
1.998155
1.807132
1.751860
1.601384
1.640700
1.840178
2.004914
2.091186
2.006142
1.837977
1.625058
1.422260
1.253209
1.216900
1.172368
1.087853
0.987348
1.096547
1.274117
1.460327
1.617167
1.653420
1.557470
1.385299
1.207132
1.055513
0.933287
0.825376
0.730340
0.640754
0.656700
0.800433
0.910598
1.203717
1.480968
1.463928
1.161844
0.844258
0.662999
0.741824
0.673751
0.517445
0.366071
0.252347
0.365985
0.550991
0.624707
0.596106
0.486238
0.276440
0.139068
0.106775
0.092120
0.115652
0.143905
0.245497
0.376721
0.430096
0.375860
0.257525
0.186500
0.204144
0.358696
0.616534
0.999092
1.587441
1.989419
2.134306
2.136639
2.003190
1.627250
1.074816
0.722119
0.587752
0.654923
0.608760
0.491692
0.443023
0.646097
0.897333
1.159310
1.289488
1.218490
1.012194
0.770341
0.551747
0.488369
0.692200
0.912510
1.166068
1.286456
1.697106
2.274958
2.734881
2.961774
3.061563
3.055956
2.925902
2.570652
1.843874
1.286155
0.867990
0.554749
0.322060
0.160622
0.059779
0.009536
0.000000
0.000000
0.000000
0.000000
0.000000
0.000000
0.000000
0.000000
0.000000
0.000000
0.000000
0.000000
0.000000
0.000000
0.000000
0.000000
0.000000
0.000000
0.000000
0.000000
0.000000
0.000000
0.000000
0.000000
0.000000
0.000000
0.000000
0.000000
0.000000
0.000000
0.000000
0.000000
0.000000
0.000000
0.000000
0.000000
0.000000
0.006810
0.051061
0.149192
0.311907
0.546580
0.858262
1.283007
1.682753
1.860880
1.908037
1.906509
1.849262
1.716423
1.490830
1.451753
1.417364
1.317767
1.168502
0.977894
0.955147
1.240975
1.412980
1.447268
1.390799
1.282222
1.019434
0.764566
0.529153
0.330872
0.189226
0.098444
0.041771
0.046795
0.064849
0.055101
0.022229
0.008991
0.005603
0.000865
0.000000
0.000000
0.000497
0.027618
0.068838
0.068449
0.026942
0.000642
0.000000
0.000000
0.000000
0.000000
0.000000
0.000000
0.003912
0.055747
0.094927
0.106566
0.108939
0.107668
0.102717
0.085890
0.038456
0.000000
0.000000
0.000000
0.000000
0.000000
0.000000
0.000000
0.000000
0.000000
0.000000
0.000000
0.000000
0.000000
0.000000
0.000000
0.000000
0.000000
0.000000
0.000000
0.000000
0.000000
0.000000
0.000000
0.000000
0.000000
0.000000
0.000000
0.000000
0.000000
0.000000
0.000000
0.000000
0.000000
0.000000
0.000000
0.000000
0.000000
0.007421
0.033824
0.058586
0.031071
0.001358
0.000000
0.000000
0.016708
0.066338
0.125977
0.214827
0.326447
0.520257
0.777757
1.085740
1.481904
1.999475
2.631681
3.352725
3.914582
3.257450
2.483324
1.944511
1.633351
1.292122
1.198490
1.192874
1.017089
1.209240
1.393370
1.443106
1.448584
1.645191
1.758392
1.684055
1.451491
1.196511
1.209214
1.478587
1.640233
1.630823
1.454951
1.179692
0.926454
0.843925
1.113621
1.350188
1.438171
1.297077
1.060266
1.107515
1.190753
1.038550
1.322396
1.755461
2.288711
2.853217
3.267020
3.271950
2.850823
2.259451
1.718859
1.274921
1.278706
1.250943
1.186185
1.087271
0.940434
0.922108
1.051998
1.185429
1.221139
1.146934
1.095571
1.080408
1.151788
1.189586
1.322911
1.581378
1.795107
2.047624
2.249679
2.256094
2.284135
2.671560
2.820663
2.687996
2.340153
1.967135
1.877233
1.787024
1.612952
1.417151
1.347895
1.694356
1.961130
1.980992
1.766782
1.702014
1.585974
1.544297
1.474143
1.613205
1.836343
2.073526
2.283644
2.503670
2.565168
2.449115
2.174853
1.882739
1.911403
2.034223
2.060206
1.948616
1.735718
1.545507
1.447771
1.620369
1.876094
2.111937
2.196421
2.113631
1.861598
1.583887
1.471559
1.396848
1.538581
1.797421
2.050515
2.110313
1.987222
1.719867
1.447013
1.209286
1.074944
1.279302
1.389868
1.425204
1.672542
1.904781
2.110814
2.272981
2.492944
2.488360
2.250356
1.960154
1.635122
1.325905
1.786698
2.299874
2.689399
2.701324
2.324583
1.824700
1.589180
1.428583
1.380515
1.392481
1.272460
1.108516
1.232882
1.254956
1.149915
0.950842
0.939545
1.081096
1.132557
1.142365
1.033744
0.906481
0.805756
0.667932
0.521316
0.483566
0.574809
0.633969
0.597219
0.494250
0.440099
0.392513
0.420374
0.459798
0.441861
0.379028
0.334507
0.559395
0.862671
1.250434
1.740792
2.344640
3.192852
4.202969
4.516422
4.094558
3.039031
2.246622
1.704730
1.233928
0.849531
0.548914
0.324055
0.160845
0.057647
0.008739
0.000000
0.000000
0.000000
0.000000
0.000000
0.000000
0.000000
0.000000
0.000000
0.000490
0.014872
0.034985
0.038758
0.023397
0.007882
0.012997
0.037324
0.057916
0.055020
0.033691
0.029683
0.034630
0.046203
0.088500
0.155386
0.210243
0.211850
0.157538
0.090535
0.039990
0.023452
0.014198
0.005656
0.001971
0.018884
0.072363
0.134105
0.179358
0.244215
0.273949
0.290134
0.297220
0.303469
0.313262
0.338350
0.441539
0.693297
1.024358
1.437709
1.939384
2.473114
2.968693
3.471052
3.465564
2.925285
2.292459
1.716876
1.243246
0.863530
0.565796
0.347341
0.211338
0.116819
0.049144
0.012459
0.000008
0.000000
0.000000
0.000000
0.000000
0.000000
0.000000
0.000000
0.000000
0.000000
0.000000
0.000000
0.004117
0.013050
0.032303
0.066902
0.116847
0.182024
0.264309
0.371522
0.504901
0.651483
0.785743
0.844072
0.802842
0.676370
0.538449
0.409278
0.295457
0.198416
0.120757
0.063069
0.025591
0.013106
0.025877
0.063247
0.175075
0.261869
0.464355
0.729358
0.976793
1.137979
1.207093
1.209933
1.162452
1.479864
1.815162
1.966263
2.010501
2.027527
2.015096
1.956674
1.769636
1.625219
1.361529
1.220019
1.590886
1.911101
1.978264
1.914849
1.787246
1.704327
2.004695
2.568023
3.186727
3.557421
3.251557
2.682415
2.072581
1.532452
1.090885
0.753087
0.522192
0.357671
0.205316
0.111919
0.072096
0.053591
0.035784
0.046444
0.090132
0.118387
0.103551
0.055430
0.017159
0.006056
0.011190
0.005174
0.004213
0.015385
0.031811
0.037690
0.061700
0.109786
0.121310
0.091230
0.039532
0.021055
0.026321
0.037647
0.087762
0.159347
0.236455
0.257726
0.221222
0.145545
0.078403
0.031200
0.009488
0.025056
0.038549
0.034182
0.015872
0.003193
0.014592
0.040042
0.071219
0.090570
0.081617
0.047776
0.026089
0.043238
0.058912
0.169778
0.346640
0.599612
0.931952
1.353772
2.002997
2.449278
2.611623
2.647860
2.646631
2.605653
2.441989
2.001865
1.361486
0.965980
0.718635
0.459512
0.261832
0.402693
0.599594
0.849637
1.154023
1.456282
1.631265
1.578437
1.295087
1.027606
0.947864
0.821864
0.693818
1.044208
1.498759
2.084665
2.951684
3.858545
4.232445
4.330132
4.355715
4.378904
4.400046
4.357570
4.013015
3.215579
2.426903
1.980042
2.219169
2.296556
2.081707
1.657933
1.231846
0.874627
0.597001
0.385856
0.423479
0.610842
0.794136
0.921727
0.867343
0.764847
0.727493
0.797085
0.757781
0.638069
0.582841
0.557041
0.444228
0.350056
0.341442
0.389890
0.603164
0.886228
1.167423
1.211629
0.978859
0.816439
0.701211
0.750890
0.863357
1.076659
1.198492
1.072463
0.773433
0.504522
0.365659
0.342704
0.434820
0.451336
0.407660
0.295450
0.227783
0.226953
0.361727
0.431661
0.431065
0.369421
0.343628
0.322662
0.390470
0.433495
0.456798
0.429653
0.449209
0.425672
0.368696
0.466786
0.573126
0.637915
0.719666
0.850919
0.967154
1.004772
0.928169
0.806102
0.711667
0.681051
0.791114
0.845495
0.832072
0.754659
0.631766
0.515203
0.434720
0.452560
0.489953
0.482477
0.455116
0.571306
0.679998
0.753526
0.740103
0.664668
0.728759
0.749255
0.674463
0.701735
0.774395
1.016754
1.213164
1.209023
1.071690
1.108429
1.469261
1.975270
2.614748
3.372208
4.228065
5.380013
6.997141
7.815822
8.035462
7.835963
7.031626
5.453768
4.287530
3.460876
2.809891
2.977676
3.119805
3.141891
2.976002
2.711000
2.562625
2.680843
3.060246
3.178336
3.673879
4.272243
4.774136
5.009033
4.672707
4.149525
3.573546
3.072260
2.567474
2.105838
2.051182
2.740986
3.723009
4.035800
3.649446
2.566553
1.793455
1.284311
0.875735
0.702267
0.770787
0.866264
0.887780
0.831150
0.712295
0.624040
0.684263
0.678740
0.752573
0.850963
0.895445
0.859541
0.788758
0.849159
0.994087
1.146219
1.325317
1.540474
1.791693
2.148392
2.663112
3.209221
3.420662
3.284426
3.057096
2.835758
2.569139
2.324712
2.129065
2.037648
1.866464
1.797619
1.791614
1.821514
1.907504
1.969536
2.043228
2.188557
2.434817
2.709083
2.921064
2.941741
2.744210
2.498238
2.240247
2.005797
1.835243
2.051843
2.237939
2.307690
2.204489
2.016457
1.805796
1.579034
1.382547
1.312836
1.168225
1.002953
0.971757
0.870915
0.797651
0.907892
0.974109
1.212228
1.350174
1.322033
1.546926
2.201402
3.011339
3.546035
3.769049
3.984703
3.891467
3.849818
3.705324
3.451217
2.894381
2.775037
2.531641
2.232718
2.279937
2.789314
3.392043
3.872854
4.115978
3.835245
3.431413
2.998022
2.785706
2.971207
3.482217
4.011473
4.618572
5.270125
5.837781
6.015299
5.658174
5.035089
4.394620
3.857010
3.640516
3.373391
3.292828
3.580335
3.663058
3.462157
3.172100
2.847947
2.581505
2.635025
2.475238
2.256695
2.405015
2.434508
2.333523
2.050803
1.721534
1.456593
1.265169
1.404996
1.558114
1.697272
1.814062
1.870062
1.768515
1.802891
1.872301
1.833339
1.685152
1.635587
1.859313
1.717082
1.348780
1.194446
1.089812
1.230575
1.452895
1.571633
1.717486
1.837823
1.942001
2.119461
2.303389
2.474046
2.558122
2.663080
2.633411
2.533313
2.596552
2.690492
2.647499
2.617024
2.669024
2.662241
2.540627
2.312400
2.097532
2.008085
1.853816
1.706389
1.758296
1.753857
1.662261
1.553333
1.694670
1.940657
2.109409
2.114503
1.989512
1.841377
1.596128
1.389562
1.269438
1.319247
1.385232
1.504727
1.562687
1.522802
1.697554
1.880386
2.041363
2.119571
2.280455
2.408532
2.421042
2.382074
2.379863
2.267708
2.121747
2.083546
2.010769
1.971995
2.256791
2.706213
3.417541
4.541917
5.556893
6.185298
6.817307
7.860545
8.358503
8.458803
8.038665
8.062006
8.005530
7.430976
7.484356
7.573989
7.706255
8.403997
8.484628
7.879989
6.958410
5.891891
4.904713
4.042782
3.531106
3.146656
2.699150
2.356022
2.175490
2.254812
2.260713
2.014252
1.816262
1.604908
1.666485
1.676413
1.543755
1.625172
1.583795
1.427297
1.625806
1.846350
2.043835
2.249878
2.461105
2.785695
3.108199
3.457516
3.822253
4.234868
4.644547
4.995482
5.238564
5.205733
4.846070
4.367365
3.880944
3.467083
3.144298
2.911613
2.875228
3.166272
3.553201
3.579669
3.587138
3.849572
4.153589
4.443461
4.520002
4.500813
4.493336
4.292733
3.947974
3.552697
3.198984
3.367308
3.602325
3.683986
3.707859
3.728611
3.830021
3.872384
3.672260
3.485510
3.602776
3.907930
4.253860
4.619551
4.985918
5.330616
5.596978
5.664570
5.542797
5.296237
4.968102
4.652165
4.389534
4.520224
4.548009
4.566300
4.907059
5.247142
5.689122
6.095638
6.402233
6.651954
7.017933
7.318958
7.346965
7.092251
6.902405
6.716771
6.368675
6.118798
6.218618
6.655159
6.949569
7.198928
7.186752
6.925945
6.658315
6.381269
6.019507
5.680360
5.341588
4.972914
4.696326
5.096581
5.447970
5.588059
5.443260
5.164710
5.589686
6.061783
6.470156
6.606489
6.415857
5.956213
5.440252
4.943388
4.498749
4.439487
4.508155
4.374500
4.037326
3.839052
3.765069
3.543917
3.266069
2.971141
3.617262
4.359221
4.885307
4.876612
4.323237
3.896182
4.250475
4.568415
4.647545
4.519666
4.492430
4.703588
4.686748
4.456410
4.108436
4.437697
4.919882
5.413988
5.878099
6.169964
6.053836
5.638078
6.008296
6.611145
7.310403
8.049634
8.613238
8.840852
8.419513
7.734445
7.016381
6.339727
5.779012
5.421263
5.403170
5.138860
5.018948
5.480704
5.921108
6.187221
6.204359
5.992941
5.605054
5.187341
4.747902
4.320342
3.911792
3.512272
3.122308
2.754782
2.717808
2.591086
2.410316
2.198857
2.042739
2.007046
1.937100
1.892120
2.000928
2.030782
1.944364
1.778763
1.663385
1.746413
1.690866
1.803232
1.874391
1.862510
2.013491
2.229776
2.353015
2.296890
2.149661
1.948614
1.721349
1.507630
1.324852
1.175012
1.093027
1.073983
1.194194
1.328645
1.436663
1.359937
1.316812
1.396544
1.404299
1.277169
1.099699
0.877769
0.808586
0.667339
0.544022
0.430778
0.460107
0.514828
0.546614
0.594206
0.745519
0.895787
1.002662
1.045880
0.971117
0.839613
0.712136
0.652338
0.566209
0.542276
0.605083
0.661703
0.536525
0.179729
0.088491
0.017928
0.000000
0.000000
0.003443
0.021507
0.056928
0.109101
0.178306
0.268411
0.377440
0.494599
0.640001
0.810731
0.980252
1.063371
0.936015
0.973485
1.158449
1.400324
1.680197
1.985380
2.285521
2.467649
2.661065
2.969560
3.535161
4.197575
4.311095
3.873227
3.571512
3.424236
3.001331
2.502928
2.368098
1.899351
1.393922
0.962671
0.619500
0.360208
0.175446
0.062741
0.008784
0.000000
0.000000
0.000000
0.000000
0.000000
0.000000
0.000786
0.006301
0.034987
0.101549
0.144705
0.017015
0.216188
0.631258
0.000000
0.000000
0.000000
0.000000
0.000000
0.000000
0.000000
0.000000
