track	type=wiggle_0
fixedStep	chrom=chr	start=1	step=1
0.000000
0.000000
0.000000
0.000000
0.000000
0.000000
0.000000
0.000000
0.000000
0.164945
0.101934
0.035793
0.010414
0.014007
0.013983
0.046457
0.169954
0.294856
0.484737
0.734249
0.955621
1.051605
0.909867
0.682942
0.704711
0.899889
0.653914
0.369549
0.170118
0.065075
0.015417
0.005898
0.004854
0.005709
0.012490
0.010947
0.000878
0.000433
0.002398
0.021599
0.118997
0.306189
0.550171
0.765082
0.956406
1.126140
1.151851
1.042111
0.946536
1.030141
0.984447
0.837452
0.647357
0.596454
0.799857
1.064683
1.371561
1.672002
1.871920
1.772571
1.519524
1.255576
0.996295
0.751458
0.551326
0.411998
0.286605
0.208798
0.131520
0.087970
0.139059
0.204430
0.272056
0.330949
0.343763
0.340705
0.340272
0.511603
1.033112
1.570963
1.987273
2.319922
2.523417
2.615076
2.531722
2.371739
2.488282
2.487222
2.481263
2.796843
3.007677
3.489530
3.847015
4.096171
4.142210
4.003079
3.843267
4.004790
4.051267
4.017882
4.075467
4.221610
4.359464
4.663635
5.006508
5.305426
5.478990
5.471718
5.335085
5.024213
4.650869
4.280804
3.935445
3.613008
3.331637
3.084962
3.247261
3.679913
4.068047
4.401998
4.449059
4.123888
3.724055
3.362709
3.587630
3.827809
3.991044
4.011120
3.860678
3.620787
3.374869
3.141278
3.049456
3.192810
3.410948
3.626919
3.752836
3.857570
3.848803
3.727133
3.538907
3.401031
3.265358
2.903805
2.673134
2.464365
2.295200
2.211704
2.328358
2.363524
2.274772
2.116874
2.021982
1.894247
1.746759
1.691758
1.708375
1.613352
1.521124
1.690687
1.843649
1.885013
1.885216
1.847572
1.751706
1.554864
1.385859
1.149593
0.994309
0.852305
0.791625
0.863678
0.882988
0.860623
0.833608
0.776748
0.808709
0.900163
1.015428
1.155077
1.272799
1.295048
1.214120
1.091454
0.979192
0.871272
0.815639
0.925219
1.023132
1.031509
0.937365
0.811306
0.705097
0.816019
0.911701
0.921367
0.834552
0.736642
0.704516
0.834237
0.994818
1.169032
1.332554
1.394801
1.333096
1.170228
1.001088
0.849851
1.068871
1.381177
1.019764
0.679590
0.854263
1.035233
1.088303
0.998311
0.869830
0.639323
0.538209
0.605988
0.698974
0.767662
0.779333
0.710193
0.601803
0.504120
0.574158
0.640434
0.673493
0.643747
0.562869
0.474636
0.388485
0.393349
0.381810
0.389141
0.432054
0.438310
0.396960
0.328534
0.327009
0.295124
0.347724
0.420164
0.479666
0.478645
0.417257
0.336325
0.260383
0.234281
0.310413
0.398336
0.500391
0.608989
0.703107
0.763505
0.724441
0.631715
0.517775
0.430232
0.339050
0.360350
0.441528
0.489436
0.484263
0.430976
0.349010
0.280409
0.234860
0.247167
0.159171
0.089490
0.061746
0.054588
0.073529
0.080934
0.066071
0.042069
0.080821
0.141444
0.216871
0.315923
0.438356
0.586206
0.741990
0.859521
0.863103
0.764665
0.635311
0.488533
0.358442
0.281846
0.381452
0.470533
0.502223
0.442066
0.352200
0.254765
0.172022
0.111303
0.068401
0.159764
0.265872
0.454491
0.804054
1.258453
1.456104
1.510172
1.510172
1.465808
1.326199
1.029251
1.190326
1.350794
1.276221
0.993501
0.702428
0.466866
0.277905
0.321679
0.437696
0.520113
0.529338
0.460715
0.329295
0.196409
0.096803
0.035728
0.052686
0.058678
0.044638
0.036803
0.128501
0.294815
0.552186
0.722280
0.788754
0.788754
0.717690
0.527239
0.413349
0.531924
0.623166
0.607729
0.502820
0.373471
0.259693
0.280803
0.410288
0.571686
0.758959
0.951495
1.075357
1.033505
0.880881
0.683009
0.503713
0.354962
0.361463
0.386823
0.217733
0.072350
0.010583
0.000000
0.000000
0.000000
0.000000
0.000000
0.000000
0.000000
0.000000
0.000000
0.000000
0.000000
0.000000
0.000000
0.007896
0.030411
0.063899
0.103998
0.112376
0.112042
0.110521
0.108348
0.100587
0.074844
0.030131
0.000086
0.000000
0.000000
0.000000
0.000000
0.000000
0.000000
0.000000
0.000000
0.000000
0.000000
0.000000
0.000000
0.000000
0.000000
0.000000
0.000000
0.000000
0.000000
0.000000
0.000000
0.000000
0.000000
0.000000
0.000000
0.000000
0.000000
0.000000
0.000000
0.000000
0.000000
0.000000
0.003360
0.050368
0.168108
0.391060
0.757940
0.933087
0.981688
0.991223
0.991223
0.991223
0.991223
0.981688
0.938628
0.786534
0.476114
0.256857
0.449760
0.694484
0.969785
1.134002
1.055421
0.852251
0.589555
0.558960
0.754093
0.864385
1.085461
1.200735
1.148145
0.956708
0.758553
0.815934
1.178559
1.630992
2.167112
2.740238
3.114847
3.253691
3.111424
2.646423
2.132963
1.735301
1.355776
1.033482
0.847236
0.682988
0.599322
0.661518
0.588288
0.389061
0.194087
0.121482
0.058029
0.021088
0.003960
0.002723
0.021884
0.073139
0.188546
0.234332
0.184479
0.069050
0.010728
0.000000
0.000000
0.000239
0.001147
0.001125
0.000000
0.000000
0.000000
0.001658
0.000676
0.006628
0.023309
0.050575
0.088757
0.138018
0.203077
0.393764
0.637139
0.872625
0.849188
0.608841
0.456035
0.553867
0.642601
0.765115
0.899038
1.032691
1.127381
1.145852
1.063897
0.931021
0.865625
1.012055
1.140881
1.305115
1.491557
1.679175
1.825084
1.869665
1.763470
1.605444
1.416915
1.233875
1.064358
0.909583
0.772867
0.846590
0.944638
0.987086
1.131392
1.320763
1.511760
1.660127
1.662435
1.590937
1.819315
1.920346
1.903083
1.767133
1.536496
1.443517
1.766524
2.132067
2.529196
2.944522
3.440051
3.941878
4.286535
4.303590
3.999838
3.484442
2.991279
2.585603
2.525052
2.598903
2.619678
2.871785
3.252388
3.481420
4.151179
5.052883
6.096941
7.267600
8.614891
10.611228
11.702280
10.592671
8.528171
7.148138
6.022504
5.244827
5.536713
5.559189
5.651185
6.057331
6.738297
6.989057
6.713043
6.062135
5.284754
4.526075
3.847740
3.248711
2.729490
2.264823
1.856131
1.874858
1.682392
1.374838
1.006645
0.683421
0.433278
0.300228
0.193187
0.113192
0.064920
0.094950
0.117383
0.136389
0.159268
0.184677
0.194550
0.161784
0.209851
0.289607
0.389451
0.501171
0.574719
0.585242
0.522243
0.409916
0.302578
0.255094
0.253826
0.206793
0.185108
0.157387
0.185667
0.181964
0.144377
0.125739
0.162802
0.178620
0.171873
0.150959
0.130417
0.120839
0.128171
0.133605
0.116343
0.087634
0.077205
0.223160
0.525062
0.767331
0.911150
1.070489
1.261905
1.058332
0.907352
0.821267
0.772114
0.745247
0.719128
0.655924
0.532854
0.422997
0.265485
0.155752
0.133645
0.131538
0.144001
0.167378
0.211360
0.241010
0.239126
0.204820
0.157186
0.119437
0.087224
0.055984
0.032288
0.026251
0.021118
0.012286
0.004392
0.000307
0.000000
0.000073
0.007622
0.017258
0.017200
0.010534
0.021168
0.030667
0.046560
0.090193
0.142420
0.206325
0.263985
0.306067
0.384365
0.591683
0.920678
1.354503
1.636762
1.344782
1.298453
1.507166
1.653190
1.682539
1.564280
1.378023
1.185502
0.998586
0.828424
0.748938
0.931328
1.016290
0.965847
0.840865
0.759324
0.868357
1.095828
1.363812
1.669266
1.974332
2.128913
2.033840
1.733536
1.521285
1.553653
2.046446
2.881606
3.633373
3.935389
4.013951
4.027502
4.031032
4.028126
3.960191
3.677231
2.985313
2.890073
2.634769
2.589358
2.473737
2.330201
2.677984
3.196250
3.166525
2.536606
1.912250
1.417638
1.010638
0.685168
0.655311
0.743297
0.721237
0.665014
0.570050
0.551101
0.606146
0.671030
0.763974
0.873697
0.992810
1.105845
1.223133
1.286685
1.262083
1.172743
1.074935
0.997973
0.921866
0.930724
1.084487
1.177858
1.240069
1.225103
1.327239
1.488285
1.668013
1.851855
2.011234
2.077301
2.140894
2.270559
2.301523
2.465978
2.674349
2.918253
3.170807
3.419548
3.688608
3.977280
4.237062
4.411219
4.382419
4.166464
3.873972
3.617723
3.448593
3.656073
3.892204
4.118597
4.317711
4.486008
4.539067
4.801527
5.079916
5.146103
5.078992
4.974292
5.084503
5.362851
5.652709
5.884453
6.127324
6.300381
6.225276
6.151661
6.348197
6.468711
6.352309
6.096967
5.743403
5.387383
6.220656
7.324962
8.349575
8.699141
8.277341
7.287266
6.186357
5.177606
5.066401
5.614263
6.224720
6.899354
7.613538
8.317766
8.968470
9.774210
10.702691
11.754282
12.908740
14.123889
15.193130
15.721120
15.459846
14.424845
13.288415
12.829963
12.640319
12.622582
12.253336
11.667699
11.323131
10.951763
11.409219
12.251791
13.836009
15.287098
15.940875
15.307979
13.910074
14.351571
15.125107
15.568572
15.375058
14.747053
14.046530
13.436713
12.707992
12.165851
11.486215
10.742270
10.025926
9.368962
8.752620
8.666809
8.982800
9.435118
9.715466
9.668122
9.354335
8.860127
8.390100
7.893712
8.149023
8.221468
8.002217
7.617551
7.223305
7.714790
8.252688
8.763345
9.101346
9.125641
8.862972
8.399087
7.912218
7.600414
7.237692
6.879865
6.574034
6.271399
5.961937
5.644957
5.296281
4.925399
4.587742
4.357693
4.124859
3.945249
4.028541
4.145349
4.395838
4.678535
4.964798
5.235488
5.528199
5.783920
6.051194
6.357307
6.663707
6.919221
7.046928
6.908517
6.636551
6.434566
6.689445
7.423819
8.347561
9.006985
9.408434
9.628313
9.619978
9.393327
8.960543
8.467003
8.203673
8.095211
8.098263
7.944834
7.646578
7.266010
7.012552
7.383416
7.807091
8.177792
8.448906
8.475606
8.288966
7.983867
7.612773
7.233107
6.869571
6.507968
6.135212
5.802400
5.597507
5.323179
5.005799
4.565093
4.270355
4.068829
3.970870
3.881398
3.640815
3.347325
3.058160
3.033438
3.130004
3.120185
2.975844
2.589580
1.831809
1.781070
1.736612
1.591917
1.426450
1.271595
1.144687
1.045028
0.917652
0.791918
0.675042
0.565525
0.472443
0.390342
0.316391
0.245863
0.181675
0.128258
0.087545
0.066834
0.055338
0.034609
0.013592
0.002067
0.001282
0.002232
0.000884
0.001510
0.002391
0.004735
0.018539
0.031494
0.029294
0.018709
0.028585
0.021262
0.008938
0.008724
0.011004
0.007117
0.008392
0.012296
0.006595
0.000027
0.000000
0.000000
0.003883
0.024280
0.052226
0.089701
0.114513
0.151926
0.218114
0.332031
0.459831
0.528531
0.630852
0.859827
1.169781
1.543091
1.979795
2.500986
3.087395
3.683484
4.202696
4.434363
4.170820
3.641932
3.019841
2.412594
1.879953
1.436675
1.066192
0.853320
0.781980
0.676334
0.600067
0.507617
0.343955
0.159929
0.031995
0.001558
0.000000
0.000000
0.000000
0.000000
0.000000
0.000000
0.000000
0.000000
0.000000
0.000000
0.000000
0.000000
0.000000
0.000000
0.000000
0.000000
0.000000
0.000000
0.000000
0.000000
0.000000
0.000000
0.000262
0.005122
0.007492
0.008070
0.008089
0.008033
0.008065
0.008084
0.007365
0.004095
0.000000
0.000000
0.000000
0.000000
0.000000
0.000000
0.000000
0.000000
0.000000
0.000000
0.000000
0.000000
0.000000
0.000000
0.000000
0.000000
0.000000
0.000000
0.000000
0.000000
0.000000
0.000000
0.001695
0.044726
0.153713
0.346697
0.655891
0.911317
1.021500
1.012567
0.887518
0.594520
0.329946
0.153583
0.046770
0.031805
0.092774
0.194387
0.324605
0.442266
0.497503
0.423358
0.349744
0.523242
0.743314
0.942418
0.971090
0.957041
1.381901
1.582132
1.372682
0.850284
0.510223
0.281174
0.126273
0.036243
0.001657
0.000704
0.004856
0.002429
0.000000
0.000247
0.010132
0.031363
0.041098
0.029202
0.034218
0.060969
0.061143
0.031976
0.005088
0.000000
0.000000
0.000000
0.006728
0.066462
0.194956
0.344065
0.413127
0.418838
0.672623
0.963165
1.219567
1.213784
0.947003
0.653629
0.402624
0.220424
0.097479
0.026714
0.000769
0.000000
0.000000
0.000000
0.000000
0.000000
0.011745
0.012240
0.000000
0.000000
0.000000
0.000000
0.000000
0.000000
0.000000
0.000000
0.000000
0.000000
0.000410
0.013524
0.036486
0.041228
0.043625
0.076571
0.094862
0.085137
0.049831
0.018169
0.040216
0.050906
0.036667
0.012023
0.003822
0.024878
0.072883
0.130299
0.230711
0.386621
0.593679
0.846194
1.130078
1.418052
1.610073
1.935225
2.453583
3.107140
3.826026
4.453489
4.924508
4.931901
4.453120
3.665335
2.912173
2.268074
1.734498
1.290044
0.926361
0.640764
0.418819
0.260443
0.364584
0.531510
0.678589
0.727469
0.621069
0.473696
0.367210
0.502171
0.673901
0.861011
0.996575
1.095529
1.347154
1.560669
1.655865
1.626457
1.495185
1.268294
1.025646
0.808545
0.628509
0.481717
0.364097
0.254648
0.289208
0.479823
0.735696
1.064743
1.468950
1.948167
2.481479
2.907734
2.920320
2.498010
1.974126
1.501374
1.102746
0.776097
0.517778
0.318397
0.171328
0.071540
0.019966
0.022195
0.030669
0.052574
0.140736
0.181556
0.125386
0.035474
0.000404
0.000000
0.000000
0.000000
0.000000
0.000000
0.000000
0.000000
0.000000
0.000000
0.000000
0.000000
0.000000
0.000000
0.000000
0.000000
0.000000
0.000000
0.000000
0.000000
0.000000
0.000000
0.000000
0.000000
0.000000
0.000000
0.000000
0.000000
0.000000
0.000000
0.000000
0.011271
0.012339
0.000000
0.000000
0.000000
0.000019
0.014914
0.044156
0.038695
0.006207
0.000000
0.000000
0.000000
0.000000
0.000000
0.000000
0.000000
0.000000
0.000000
0.000000
0.000000
0.000000
0.000000
0.000000
0.000000
0.000000
0.000000
0.000000
0.000000
0.000000
0.000010
0.000000
0.000000
0.001118
0.007533
0.038759
0.097340
0.177176
0.298989
0.438671
0.544674
0.562865
0.491162
0.353333
0.219404
0.116322
0.110719
0.270030
0.526106
0.705771
0.844201
1.213611
1.663568
2.163753
2.575804
3.056571
3.563280
3.554593
2.996141
2.345390
1.754256
1.267150
0.879563
0.575693
0.351103
0.210335
0.209243
0.283149
0.278957
0.199506
0.102634
0.096528
0.179945
0.291247
0.428114
0.573440
0.650369
0.645259
0.558330
0.482718
0.607730
0.753382
0.829346
0.725476
0.553959
0.552562
0.536755
0.456809
0.571744
0.725805
0.798589
1.002926
1.321530
1.522908
1.357798
1.103413
0.810402
0.840208
0.884419
0.777275
0.666612
0.873610
1.012927
1.012506
0.884705
0.666322
0.669914
1.004832
1.396010
1.718303
1.839571
1.716793
1.519521
1.347454
1.500184
1.832357
1.981339
2.023519
2.043038
2.039168
2.012913
1.906338
1.688143
1.655396
1.507063
1.155640
0.993159
0.756193
0.519641
0.326216
0.186585
0.147577
0.226528
0.372839
0.478294
0.417217
0.278101
0.153740
0.117689
0.095316
0.039216
0.000523
0.002797
0.008633
0.046743
0.094297
0.102966
0.186617
0.366416
0.641374
0.993251
1.273297
0.974595
0.622021
0.356485
0.182527
0.082456
0.023847
0.005433
0.001199
0.006234
0.021611
0.040956
0.050236
0.046586
0.033951
0.018615
0.014396
0.029263
0.040845
0.032887
0.015583
0.003054
0.000623
0.009329
0.029845
0.057712
0.077112
0.073351
0.049973
0.041852
0.037510
0.043349
0.053250
0.071324
0.077325
0.063363
0.042945
0.032433
0.017055
0.024290
0.057182
0.163183
0.335963
0.586715
0.921155
1.349920
2.007685
2.457530
2.622659
2.659375
2.659382
2.621127
2.453485
2.010145
1.362379
0.963843
0.714589
0.455168
0.258170
0.406054
0.613200
0.873239
1.182896
1.488169
1.667172
1.612895
1.324381
1.580871
1.892991
2.181661
2.325561
2.270303
2.576787
3.023905
3.504781
3.972545
4.424310
4.927588
5.552646
5.978596
5.957344
5.506045
4.828867
4.189097
3.608492
3.078658
2.628906
2.261523
1.912775
1.705314
1.887247
1.948373
1.825315
1.766160
1.802224
1.756755
2.100881
2.522071
2.983395
3.490909
3.934166
4.084563
3.918399
3.487409
3.006191
2.546952
2.134342
2.069483
2.579315
3.182550
3.842244
4.378577
4.458066
3.996077
3.416420
2.766982
2.174865
1.691088
1.309684
1.037666
0.814139
0.831572
1.055491
1.208512
1.206908
1.073928
0.858939
0.672634
0.536445
0.378466
0.246692
0.333211
0.340025
0.222882
0.261099
0.188665
0.174060
0.193539
0.243297
0.295115
0.339622
0.409326
0.488763
0.574371
0.659019
0.709202
0.711451
0.795732
0.864501
0.845234
0.783842
0.743423
0.684722
0.589154
0.499561
0.598566
0.726618
0.821504
0.823505
0.738072
0.636118
0.621747
0.568749
0.500283
0.434809
0.430835
0.521336
0.568955
0.594782
0.686148
0.716389
0.674243
0.589713
0.497148
0.417174
0.340696
0.354400
0.437689
0.515195
0.546866
0.634376
0.596858
0.453379
0.518244
0.758821
1.085538
1.511307
2.142679
2.932208
3.290682
3.396233
3.298306
2.941895
2.153628
2.068675
2.063434
2.118959
1.880507
1.607378
1.504338
1.599628
1.798586
2.016225
2.219246
2.407398
2.553512
2.642350
2.564311
2.394779
2.239154
2.523177
2.561783
2.366390
2.053309
2.121326
2.151240
2.203252
2.894874
3.798660
4.079738
3.705301
3.135213
3.623677
3.996278
4.316495
4.585049
4.721219
4.710239
4.516060
4.259693
3.966864
3.644224
3.335247
3.115417
3.283006
3.357080
3.536956
3.770101
3.942214
3.959741
3.824828
3.730092
4.014192
4.358180
4.724048
5.125309
5.570628
5.950619
6.051974
5.856168
5.478313
5.122930
5.349240
5.554400
5.669352
5.545308
5.624609
5.769772
6.156508
6.557929
7.001521
7.430731
7.588117
7.433429
7.025202
6.601253
6.198951
5.808609
5.736077
5.935246
5.947038
5.747522
5.513433
5.408484
5.198432
4.939487
4.639322
4.293179
4.276953
4.231234
4.081877
4.116487
4.019353
4.027093
4.358193
4.575466
4.646327
4.535415
4.287800
4.006171
3.688067
3.366870
3.077175
3.106274
3.522991
3.830682
3.958352
4.001361
4.001919
4.030191
4.011307
3.896466
3.747218
3.551804
3.318201
3.072548
2.824919
2.907225
3.483506
3.969043
4.227128
3.950352
3.545215
3.039151
3.242039
3.689207
4.096471
4.313502
4.746021
5.349604
5.913813
6.094198
5.735342
5.106878
4.456850
3.918267
3.694232
3.381321
3.054900
3.120612
3.126482
2.862750
2.506410
2.120441
1.830505
1.868409
1.895865
2.011897
1.994215
1.856980
1.863948
1.700159
1.484869
1.513159
1.507404
1.423544
1.305999
1.180387
1.051314
1.068262
1.134617
1.188453
1.212228
1.189207
1.112034
1.053509
1.106977
1.156344
1.258269
1.308454
1.279230
1.366362
1.480269
1.521302
1.461273
1.347751
1.480213
1.647286
1.833390
2.008917
2.195217
2.262482
2.196141
1.992160
1.842501
1.901705
1.827413
1.735305
1.594567
1.415627
1.240777
1.094325
0.985716
0.954788
0.907367
0.887899
0.831901
0.868156
0.991570
1.048165
0.999771
1.125070
1.212713
1.220219
1.099925
1.123527
1.076077
0.958109
0.794599
0.634196
0.552386
0.657342
0.747889
0.826946
0.925315
1.036822
1.143434
1.198992
1.425498
1.752111
1.993687
2.176255
2.259081
2.243583
2.102825
1.844298
1.721983
1.857675
1.943596
1.933406
1.827068
1.718392
1.587916
1.460439
1.603104
1.902097
2.370853
2.821870
3.143996
3.224154
3.590196
4.198533
5.002186
5.950038
6.864955
7.774488
8.430008
8.419552
7.708951
6.604418
5.529016
4.586411
3.769766
3.090565
2.676137
2.350374
2.161442
2.447047
2.505537
2.249080
1.936699
1.733644
2.040916
2.213687
2.071335
1.807703
1.555821
1.331492
1.376332
1.521634
1.759321
2.027158
2.290165
2.536460
2.778191
3.057225
3.369353
3.706714
4.077350
4.458972
4.803258
4.917406
4.758135
4.378556
3.959233
3.551504
3.174875
2.845770
2.617699
2.637920
2.580740
2.339268
2.047701
1.777075
1.569789
1.536806
1.595365
1.541451
1.396961
1.231253
1.309352
1.403032
1.428683
1.554072
1.760151
1.993966
2.248186
2.486264
2.661008
2.650302
2.460409
2.211999
1.990903
1.968266
2.204360
2.440340
2.686821
2.850057
2.898469
2.791917
2.711891
2.929498
3.150324
3.354945
3.459757
3.401027
3.226486
3.640341
4.086290
4.415280
4.772780
5.143515
5.500254
5.828506
6.086635
6.266530
6.174826
5.939310
5.718164
5.785241
5.986634
6.192180
6.519327
6.898098
7.188269
7.271825
7.068326
6.714438
6.363888
6.129129
6.326889
6.305884
6.040743
5.562285
4.946987
4.341770
3.984743
3.634751
3.213758
2.874394
2.715638
2.569973
2.373785
2.243876
2.166969
2.156137
2.159845
1.997237
1.912235
1.912562
1.742661
1.821933
1.942382
1.948784
2.097647
2.320301
2.603816
2.987644
3.754023
4.621083
5.229544
5.243163
5.387618
5.375114
5.381440
5.702959
6.016993
6.196876
6.109851
6.011914
5.894663
5.564303
5.617888
6.058613
6.454973
6.601765
6.396682
6.359135
6.778840
7.257901
7.880315
8.563481
9.278870
9.931987
10.180614
9.957423
9.247637
8.422921
7.624723
6.901197
6.298969
5.912983
5.895918
5.658585
5.594193
6.030892
6.467121
6.733267
6.785260
6.566043
6.166123
5.736385
5.280376
4.845336
4.436211
4.035944
3.641631
3.263630
2.919691
2.617944
2.613120
2.843987
3.074570
3.247688
3.418867
3.598929
3.630628
3.495754
3.214844
2.965055
3.166218
3.268570
3.161852
2.827492
2.242301
1.867573
1.753118
1.632413
1.620790
1.658633
1.712507
1.669252
1.124786
0.893454
0.905243
0.870028
0.852776
1.093435
1.266289
1.344124
1.227716
0.987740
0.785841
1.042268
1.253710
1.438945
1.253600
1.066659
1.093698
0.976534
0.995981
0.958109
0.522592
0.487163
0.442934
0.338159
0.233623
0.154758
0.102657
0.071932
0.009047
0.029643
0.032520
0.055037
0.114406
0.200116
0.317668
0.465687
0.636217
0.834144
1.017715
1.024431
0.632582
0.283868
0.211376
0.281632
0.418142
0.601904
0.830302
1.112228
1.453696
1.851082
2.258579
2.583335
2.606998
2.883620
3.416924
4.134120
4.982178
5.931782
6.942279
7.813362
7.708951
4.512549
1.902209
2.152054
2.671585
3.091323
2.687387
0.173634
0.323964
0.000000
0.000000
0.000000
0.000000
0.000000
0.000000
0.000000
0.000000
