track	type=wiggle_0
fixedStep	chrom=chr	start=1	step=1
0.000000
0.000000
0.000000
0.000000
0.000000
0.000000
0.000000
0.000000
0.000000
0.176186
0.115549
0.043314
0.013885
0.014856
0.005878
0.000372
0.001766
0.053855
0.076446
0.110747
0.131098
0.211929
0.310865
0.404526
0.689247
0.932963
0.682383
0.390215
0.184544
0.074628
0.020669
0.009423
0.008243
0.009364
0.019158
0.017198
0.003251
0.008631
0.015022
0.034410
0.095161
0.107013
0.111545
0.163847
0.200859
0.260475
0.370042
0.498628
0.579944
0.572922
0.504836
0.381317
0.292025
0.399084
0.617059
1.031525
1.334544
1.563363
1.628958
1.635723
1.594507
1.408623
0.909415
0.739486
0.882269
1.052113
1.150694
1.123265
0.956676
0.743635
0.736176
0.785923
0.656220
0.480918
0.302782
0.187492
0.364685
0.618973
0.967904
1.496258
2.384408
2.804829
2.915305
2.933812
2.915305
2.804828
2.395050
1.517824
0.974917
0.636818
0.734912
0.738898
0.749811
0.789454
0.870989
1.000111
1.137249
1.238402
1.269879
1.266522
1.289298
1.357803
1.418294
1.575917
1.759847
1.918234
1.999420
1.939700
1.844747
1.684364
1.491062
1.302246
1.128007
0.972220
1.202469
1.560730
1.936691
2.199535
2.202064
1.944222
1.568067
1.208759
1.092743
1.177796
1.306134
1.446008
1.548170
1.562819
1.467855
1.325094
1.191168
1.067462
1.196346
1.326949
1.443109
1.500265
1.558458
1.633558
1.461975
1.248848
1.138593
1.161416
1.536263
1.976258
2.356923
2.543379
2.323597
1.927959
1.497264
1.618733
1.786647
1.901268
1.876253
1.842960
1.960166
1.929433
1.802401
1.641251
1.553077
1.773245
1.992845
2.179128
2.249098
2.183713
2.003465
1.783273
1.562190
1.356643
1.443957
1.604976
1.705643
1.691374
1.579414
1.416295
1.253499
1.102723
1.240326
1.411976
1.599264
1.791523
2.022436
2.277582
2.376074
2.277581
2.018951
1.731429
1.466159
1.515134
1.640130
1.650592
1.531071
1.366804
1.229314
1.379505
1.503728
1.515685
1.403521
1.275066
1.242975
1.415521
1.626781
1.851464
2.059856
2.142909
2.060531
1.852967
1.634795
1.436033
1.255221
1.431653
1.064712
0.884955
0.851441
0.904502
0.905213
0.821445
0.762055
0.884476
0.991104
1.081766
1.203525
1.293060
1.307735
1.218235
1.076499
0.943237
0.929274
0.972587
0.938248
0.833435
0.726616
0.674644
0.747374
0.771478
0.736975
0.642863
0.542835
0.514318
0.482352
0.415812
0.355131
0.394057
0.415140
0.422798
0.487587
0.495357
0.448130
0.363879
0.363258
0.398561
0.394200
0.387350
0.486430
0.592482
0.686072
0.745213
0.706836
0.615297
0.502588
0.414472
0.324272
0.365517
0.440854
0.485820
0.482396
0.428540
0.346720
0.273355
0.250497
0.263711
0.173383
0.120338
0.087654
0.057954
0.076850
0.084245
0.068941
0.064492
0.119190
0.191798
0.280086
0.390151
0.523964
0.683857
0.851178
0.977846
0.981666
0.875556
0.737093
0.578928
0.437617
0.357325
0.468803
0.567610
0.603073
0.536469
0.436586
0.326758
0.232567
0.161184
0.105013
0.177335
0.290254
0.487975
0.842714
1.311400
1.515012
1.570638
1.570638
1.524948
1.381076
1.074984
1.262813
1.423760
1.346147
1.057686
0.756958
0.512287
0.318912
0.374859
0.497380
0.582613
0.590366
0.516528
0.377616
0.234504
0.124984
0.059742
0.087442
0.095073
0.076672
0.044786
0.142724
0.316045
0.581554
0.757307
0.825760
0.825760
0.752532
0.555557
0.495047
0.626309
0.725464
0.708657
0.593962
0.451497
0.324394
0.341484
0.484903
0.660572
0.860250
1.065617
1.194693
1.150509
0.990465
0.781105
0.587893
0.424736
0.383350
0.410277
0.269307
0.359096
0.378150
0.325364
0.237674
0.153154
0.086896
0.039455
0.011041
0.000180
0.000000
0.000000
0.000000
0.000000
0.000000
0.000000
0.011325
0.036271
0.071253
0.114072
0.123023
0.122686
0.121084
0.118780
0.110529
0.083099
0.035150
0.000843
0.000000
0.000000
0.001658
0.015345
0.047760
0.114038
0.227328
0.129001
0.042328
0.011560
0.007244
0.001910
0.013233
0.088221
0.236785
0.315071
0.337662
0.342087
0.342087
0.337662
0.311520
0.219740
0.052847
0.001168
0.000000
0.000959
0.029343
0.087358
0.124810
0.111856
0.053958
0.009923
0.059626
0.183042
0.414280
0.793645
0.974846
1.025084
1.034943
1.034943
1.034943
1.034943
1.025084
0.980594
0.823321
0.501413
0.292384
0.495673
0.751209
1.040022
1.207765
1.125918
0.917030
0.644252
0.622557
0.827311
0.944625
1.185223
1.308060
1.253207
1.054895
0.845196
0.877769
1.248747
1.710615
2.263921
2.856461
3.238736
3.401432
3.253832
2.771653
2.245665
1.839249
1.447104
1.115358
0.922233
0.749234
0.650388
0.693703
0.617838
0.411102
0.209250
0.135164
0.089043
0.125450
0.171540
0.226465
0.282932
0.322333
0.365997
0.368066
0.326738
0.264390
0.204231
0.154732
0.158152
0.181808
0.186669
0.166515
0.128665
0.093348
0.060356
0.045398
0.070041
0.093718
0.132979
0.182917
0.243422
0.311724
0.378692
0.417280
0.489703
0.527607
0.489655
0.429725
0.530820
0.637348
0.742066
0.872361
1.013397
1.152625
1.253201
1.272732
1.186116
1.048159
0.959972
1.114294
1.256497
1.441121
1.636679
1.832613
1.982617
2.028908
1.916340
1.751472
1.554623
1.362463
1.183612
1.019848
0.871649
0.911940
1.013100
1.055202
1.201852
1.396470
1.592988
1.739838
1.742200
1.593190
1.750095
1.931909
1.956344
1.825494
1.591789
1.590884
1.932880
2.319038
2.735138
3.162359
3.674002
4.194929
4.553687
4.571520
4.255008
3.721797
3.212411
2.793333
2.732802
2.810160
2.833747
3.113477
3.512357
3.745654
4.342815
5.265764
6.333051
7.530589
8.912677
10.940778
12.061221
10.921730
8.823668
7.407931
6.256072
5.463133
5.776043
5.807517
5.903547
6.358594
7.054657
7.313563
7.028490
6.366265
5.568225
4.782504
4.081244
3.463058
2.925980
2.443455
2.015890
1.959776
1.770796
1.456684
1.074774
0.737719
0.507541
0.363203
0.244426
0.167556
0.111298
0.135246
0.162083
0.183654
0.210972
0.243318
0.255524
0.217449
0.277834
0.368390
0.479969
0.603241
0.683138
0.694945
0.626769
0.503048
0.383438
0.341210
0.339808
0.284492
0.256502
0.221616
0.254670
0.252730
0.210280
0.158404
0.102274
0.053916
0.024203
0.017548
0.013153
0.018008
0.019416
0.021051
0.031373
0.037763
0.086247
0.237211
0.542739
0.783364
0.934367
1.109588
1.314840
1.105924
0.950380
0.860765
0.810310
0.780891
0.753725
0.688310
0.559462
0.449333
0.286813
0.167858
0.115543
0.075054
0.034042
0.019201
0.030694
0.041361
0.041455
0.028090
0.013198
0.004109
0.000212
0.000000
0.000000
0.000000
0.000000
0.000000
0.000000
0.000000
0.000000
0.000000
0.000000
0.000000
0.000354
0.002415
0.007720
0.013420
0.014274
0.009328
0.003201
0.003174
0.012828
0.022857
0.046309
0.085409
0.140467
0.209861
0.288895
0.384886
0.505617
0.630055
0.715620
0.730914
0.649893
0.521959
0.403553
0.302650
0.216610
0.145212
0.087946
0.105700
0.097058
0.062339
0.108912
0.196012
0.338732
0.541641
0.796334
1.071307
1.270321
1.290557
1.180855
1.161162
1.539427
2.059646
2.899399
3.662173
3.968442
4.049574
4.064663
4.069581
4.066749
3.996955
3.709847
3.012695
2.917319
2.658065
2.608695
2.494292
2.351558
2.702149
3.223466
3.194358
3.113692
2.908711
2.471548
2.007437
1.593340
1.246200
0.965921
0.762741
0.620709
0.680835
0.748421
0.839884
0.925356
1.040947
1.171466
1.311783
1.450886
1.583624
1.643914
1.623151
1.521219
1.406706
1.300594
1.180649
1.242126
1.425388
1.531637
1.564465
1.524009
1.434903
1.438877
1.241873
1.149088
1.316621
1.497484
1.670010
1.809346
1.890943
2.045841
2.258567
2.502251
2.759189
3.014300
3.227015
3.329653
3.245923
3.382355
3.352306
3.235969
3.397542
3.447118
3.388766
3.376756
3.595761
3.777332
3.929629
3.944744
3.952099
4.260905
4.462806
4.448947
4.584925
4.781075
5.025201
5.324255
5.654481
5.959704
6.226491
6.403278
6.327715
6.257699
6.480307
6.630257
6.568432
6.308850
5.995849
6.240123
6.413332
7.392344
8.422931
8.780285
8.355371
7.360050
6.421976
6.081783
5.713890
5.781750
6.304961
6.991868
7.720154
8.448564
9.103114
9.913848
10.854663
11.905953
13.074837
14.302608
15.388340
15.926379
15.664399
14.617715
13.471081
12.990969
12.801063
12.770364
12.396241
11.813188
11.464173
11.097965
11.546246
12.395278
13.986571
15.446469
16.111752
15.476925
14.066064
14.539747
15.329543
15.775903
15.578455
14.946886
14.229659
13.617504
12.882496
12.331557
11.645992
10.895798
10.169833
9.509764
8.885605
8.804903
9.132318
9.588154
9.875496
9.827936
9.505651
8.998594
8.524942
8.030459
8.288827
8.366752
8.143727
7.759967
7.362993
7.860594
8.402309
8.916171
9.254471
9.280838
9.006340
8.536189
8.046213
7.737224
7.379683
7.010030
6.696918
6.383911
6.074959
5.761564
5.413579
5.047783
4.725374
4.568767
4.360634
4.122927
3.895137
3.707146
3.612966
3.830372
4.086189
4.328100
4.592526
4.822352
5.065155
5.340268
5.618007
5.833992
5.938993
5.806106
5.563316
5.408714
5.637055
6.399238
7.210028
7.825211
8.192507
8.399302
8.389741
8.182486
7.795232
7.331429
7.038470
6.938899
6.927299
6.783491
6.512820
6.169345
5.889173
6.224719
6.606973
6.943981
7.191516
7.218526
7.044407
6.766227
6.430959
6.089483
5.760303
5.432752
5.099236
4.836209
4.657596
4.404274
4.111343
3.696549
3.416689
3.176796
3.048125
2.958571
2.825907
2.581556
2.852762
3.073215
3.167934
3.156868
3.012462
2.624960
1.853575
1.292208
1.078581
0.966426
0.842535
0.726676
0.648202
0.598892
0.518000
0.439130
0.355033
0.278184
0.215168
0.163062
0.117643
0.077534
0.053612
0.051739
0.036921
0.026966
0.012651
0.008961
0.008703
0.003179
0.003849
0.004545
0.002236
0.002802
0.004208
0.008295
0.024112
0.036601
0.033375
0.023189
0.033666
0.024254
0.010745
0.002703
0.000000
0.000000
0.000000
0.000000
0.000235
0.012332
0.038573
0.063619
0.099443
0.171322
0.263350
0.322564
0.286706
0.202811
0.188065
0.274773
0.378930
0.465742
0.650912
0.907915
1.230806
1.612789
2.059708
2.589552
3.185648
3.786353
4.314728
4.547196
4.286695
3.748258
3.117583
2.499227
1.956232
1.501010
1.121629
0.879724
0.806345
0.697033
0.617812
0.522902
0.355320
0.166516
0.035521
0.004198
0.000000
0.000000
0.000000
0.000000
0.000000
0.000000
0.000000
0.000000
0.000000
0.000000
0.000000
0.000000
0.000000
0.000000
0.000000
0.000000
0.000000
0.000000
0.000000
0.000000
0.000000
0.000000
0.000511
0.006008
0.008729
0.009599
0.009637
0.009378
0.009203
0.009443
0.008911
0.005362
0.000000
0.000000
0.000000
0.000000
0.000000
0.000000
0.000000
0.000000
0.000000
0.000000
0.000000
0.000000
0.000000
0.000000
0.000000
0.000000
0.000000
0.000000
0.000000
0.000000
0.000000
0.000000
0.002977
0.050723
0.164089
0.362491
0.678842
0.939262
1.049985
1.042497
0.913709
0.612162
0.343212
0.163643
0.052436
0.040525
0.108104
0.215833
0.352187
0.474203
0.533303
0.455316
0.374861
0.552659
0.777726
0.979046
1.008706
0.985079
1.406966
1.603077
1.385938
0.857550
0.513873
0.284430
0.129109
0.037826
0.001931
0.001415
0.006470
0.003640
0.000000
0.000632
0.011960
0.034760
0.044991
0.032534
0.037666
0.065315
0.065692
0.035429
0.006491
0.000000
0.000000
0.000000
0.007223
0.067662
0.196311
0.346056
0.415951
0.426222
0.680366
0.971863
1.229212
1.221792
0.956220
0.660333
0.408994
0.224588
0.101314
0.029051
0.001176
0.000000
0.000000
0.000000
0.000000
0.000000
0.012212
0.012647
0.000000
0.000000
0.000000
0.000000
0.000000
0.000000
0.000000
0.000000
0.000000
0.000000
0.001076
0.016778
0.041231
0.046170
0.048362
0.082663
0.101697
0.091733
0.055060
0.021029
0.044268
0.055448
0.040500
0.014361
0.005097
0.028055
0.078235
0.137297
0.239108
0.395520
0.603383
0.858643
1.142147
1.434302
1.626443
1.956026
2.476130
3.132433
3.852457
4.482361
4.957170
4.968642
4.488970
3.695365
2.937699
2.290581
1.753533
1.304134
0.940013
0.651791
0.429760
0.269207
0.376568
0.545574
0.694004
0.743660
0.635635
0.486358
0.380470
0.518749
0.692408
0.882371
1.020378
1.121847
1.374697
1.588160
1.684124
1.653724
1.521258
1.293264
1.049161
0.829362
0.647364
0.498238
0.378124
0.266202
0.297065
0.489704
0.747270
1.078925
1.485931
1.964294
2.499782
2.927764
2.945345
2.520073
1.992326
1.514040
1.112164
0.787843
0.529324
0.328101
0.178141
0.075664
0.020299
0.022527
0.031040
0.053122
0.141437
0.182513
0.126284
0.035988
0.000981
0.000000
0.000000
0.000000
0.000000
0.000000
0.000000
0.000000
0.000000
0.000000
0.000000
0.000000
0.000000
0.000000
0.000000
0.000000
0.000000
0.000000
0.000000
0.000000
0.000000
0.000000
0.000000
0.000000
0.000000
0.000000
0.000000
0.000000
0.000000
0.000000
0.000000
0.011197
0.012042
0.000000
0.000000
0.000000
0.000021
0.014983
0.044269
0.038809
0.006305
0.000000
0.000000
0.000000
0.000000
0.000000
0.000000
0.000000
0.000000
0.000000
0.000000
0.000000
0.000000
0.000000
0.000000
0.000000
0.000000
0.000000
0.000000
0.000000
0.000006
0.000063
0.000000
0.000000
0.001456
0.008738
0.040925
0.099432
0.179141
0.300932
0.441185
0.548280
0.566009
0.493414
0.355831
0.221660
0.118505
0.110711
0.270292
0.527501
0.707449
0.845343
1.214532
1.664559
2.166555
2.582838
3.063406
3.568093
3.559618
3.000041
2.351720
1.764984
1.282647
0.896756
0.591710
0.365139
0.221980
0.222140
0.297279
0.292957
0.211800
0.112430
0.109947
0.197387
0.312603
0.453194
0.601781
0.679271
0.675406
0.587576
0.508437
0.635208
0.782654
0.861367
0.759995
0.585011
0.595889
0.574589
0.488722
0.606591
0.764781
0.839580
1.006480
1.325077
1.527973
1.369684
1.121232
0.827282
0.861166
0.906286
0.798134
0.692041
0.901088
1.041717
1.043123
0.915314
0.694927
0.683134
1.015409
1.398404
1.714178
1.834695
1.716056
1.515759
1.345384
1.496755
1.845943
2.004127
2.049501
2.068365
2.064127
2.038034
1.928789
1.703424
1.654692
1.495018
1.169313
1.009930
0.777335
0.541570
0.344936
0.197978
0.155067
0.234835
0.382402
0.489026
0.427770
0.286292
0.166660
0.129359
0.098240
0.041010
0.000913
0.005408
0.010841
0.051284
0.100431
0.109506
0.194401
0.376348
0.652610
1.006413
1.287254
0.986972
0.632591
0.363035
0.187584
0.087177
0.026930
0.013715
0.005946
0.016276
0.038276
0.062044
0.073058
0.068980
0.052982
0.033597
0.025650
0.044527
0.058554
0.048957
0.027195
0.009127
0.004890
0.020072
0.047345
0.080945
0.102944
0.098312
0.071449
0.058067
0.052658
0.059146
0.070813
0.091324
0.098385
0.082531
0.057889
0.045726
0.026955
0.038410
0.062007
0.170842
0.346726
0.600254
0.937329
1.369285
2.032603
2.486785
2.651691
2.687132
2.687389
2.646151
2.478701
2.032758
1.381124
0.979744
0.728464
0.466167
0.267449
0.427297
0.637242
0.900607
1.214958
1.523833
1.702966
1.647701
1.358824
1.636346
1.950320
2.241616
2.386076
2.328928
2.638262
3.088115
3.571469
4.044500
4.500654
5.003743
5.631770
6.059936
6.042714
5.586501
4.908842
4.267191
3.680997
3.142325
2.688352
2.315863
1.966992
1.760204
1.943387
2.005243
1.880622
1.823369
1.860943
1.808150
2.155689
2.580277
3.042482
3.556013
4.000165
4.148417
3.984715
3.550350
3.065534
2.604828
2.187915
2.113827
2.625500
3.231053
3.896416
4.434063
4.519534
4.050433
3.469339
2.814023
2.216008
1.732631
1.348332
1.075262
0.846757
0.868306
1.095329
1.248720
1.248772
1.114645
0.896409
0.706646
0.567101
0.404633
0.283268
0.336750
0.343837
0.234479
0.270740
0.196953
0.187056
0.234627
0.288454
0.345483
0.392323
0.465879
0.548741
0.635647
0.720737
0.769947
0.774440
0.863603
0.928680
0.909542
0.872097
0.873338
0.812316
0.713024
0.615782
0.641915
0.754472
0.846151
0.848011
0.767506
0.680825
0.658677
0.602951
0.528342
0.462901
0.543620
0.643992
0.693508
0.668533
0.709604
0.741535
0.698534
0.620971
0.550839
0.484285
0.393754
0.435765
0.524397
0.616199
0.655739
0.638019
0.600349
0.457496
0.522692
0.766044
1.093934
1.517699
2.146047
2.937864
3.296858
3.401921
3.305331
2.949381
2.164019
1.749909
1.749682
1.825703
1.599692
1.569339
1.496767
1.348449
1.499708
1.694997
1.878464
2.050184
2.183880
2.267661
2.196231
2.216050
2.576783
2.883584
2.924906
2.719722
2.379205
2.004829
2.103226
2.309873
2.725725
3.759145
4.092966
3.727103
2.778848
3.249540
3.605100
3.907013
4.161173
4.290276
4.275324
4.097265
3.858662
3.583778
3.284094
2.993053
2.798783
2.956279
3.026276
3.213435
3.427629
3.587080
3.595368
3.451303
3.344317
3.285888
3.585716
3.909952
4.269600
4.662220
4.993460
5.084562
4.908469
4.578110
4.378468
4.593574
4.763595
4.855645
4.728963
4.599699
4.883155
5.228426
5.566957
5.938661
6.307693
6.449776
6.335701
5.992175
5.609505
5.221714
4.857786
4.835647
5.022830
5.053485
4.876943
4.683814
4.550431
4.377741
4.142866
3.896070
3.649145
3.542847
3.534604
3.618764
3.503074
3.328677
3.350022
3.642502
3.840763
3.905210
3.810056
3.596221
3.355185
3.067983
2.783573
2.525509
3.117249
3.534038
3.839509
3.984444
4.009109
4.012043
3.972552
3.836508
3.578161
3.137501
2.964520
2.752009
2.532558
2.511969
2.925373
3.505759
3.991555
4.248188
3.971702
3.568543
3.060844
3.273769
3.723235
4.132042
4.347127
4.779966
5.385052
5.948311
6.126838
5.767315
5.138785
4.493029
3.950369
3.723415
3.405248
3.078835
3.153264
3.157805
2.892289
2.535262
2.146318
1.797402
1.898873
1.932410
1.884504
1.744910
1.922781
1.931558
1.764427
1.554165
1.619475
1.612245
1.526008
1.403152
1.275008
1.141456
1.152313
1.221900
1.278746
1.303551
1.283205
1.202962
1.137169
1.192143
1.241184
1.348017
1.399860
1.368468
1.450895
1.565418
1.606413
1.546204
1.425666
1.562049
1.731377
1.920250
2.100317
2.287615
2.354257
2.284206
2.075937
1.925746
1.980741
1.896017
1.800926
1.661650
1.482002
1.305718
1.149897
1.029538
0.990711
0.938242
0.918666
0.865172
0.893485
1.015361
1.069007
1.018811
1.144453
1.231386
1.244389
1.124555
1.148132
1.100840
0.982470
0.815806
0.654604
0.582184
0.689677
0.782397
0.862443
0.963070
1.075427
1.182318
1.236645
1.470513
1.800567
2.044903
2.227592
2.306860
2.280207
2.115836
1.841112
1.762694
1.903379
1.987383
1.964108
1.828033
1.668104
1.519463
1.401571
1.532878
1.919642
2.390559
2.846856
3.166984
3.243557
3.613653
4.224336
5.029713
5.977851
6.890713
7.801491
8.461565
8.452480
7.738824
6.633468
5.561080
4.615302
3.793191
3.112040
2.697363
2.364566
2.186006
2.468981
2.528723
2.271547
1.956937
1.760104
2.078739
2.262976
2.122934
1.860155
1.863736
1.818383
1.747263
1.738796
1.840399
2.113421
2.380263
2.630482
2.875700
3.160224
3.478292
3.817724
4.185105
4.562748
4.916578
5.030942
4.873794
4.535913
4.169298
3.809509
3.428595
3.175686
3.377970
3.664507
3.836173
3.757655
3.485347
3.168000
2.961060
2.896007
2.720899
2.720044
2.769454
2.700828
2.676515
2.508818
2.508162
2.685424
2.965705
3.283803
3.622941
3.916349
4.113601
4.066534
3.822108
3.497909
3.188881
2.924285
3.159380
3.437438
3.674051
3.782821
3.784900
3.679965
3.463804
3.433273
3.385495
3.555812
3.690710
3.819581
4.129362
4.440504
4.773637
5.141452
5.504270
5.826535
6.175271
6.392277
6.526594
6.515942
6.306639
6.011091
5.894646
6.263729
6.507399
6.821604
7.200886
7.628970
7.960417
8.029724
7.802386
7.426860
7.058845
6.808877
7.020250
7.000736
6.725387
6.193803
5.551415
4.987422
4.642603
4.354707
4.097065
4.133847
4.086424
3.941147
3.663929
3.832580
3.835782
3.563684
3.194458
3.082243
3.266878
3.266771
3.017232
2.884808
3.027025
3.067837
3.289144
3.536863
3.881373
4.351427
5.009304
5.813195
6.510952
7.018998
7.213170
7.176007
7.103729
7.135585
7.370442
7.682160
8.189412
8.547838
8.658000
8.345036
7.883136
7.335491
6.821799
6.790403
6.840873
6.840831
6.990976
7.402351
8.005507
8.685641
9.402806
10.054194
10.300259
10.077269
9.364694
8.535551
7.732127
7.008263
6.410975
6.022329
6.004115
5.766715
5.692144
6.127747
6.558787
6.808104
6.831927
6.602994
6.208298
5.797001
5.358913
4.925140
4.497446
4.082708
3.684515
3.303714
2.961340
2.656304
2.651206
2.867988
3.083808
3.257245
3.439599
3.639415
3.679769
3.543350
3.261827
3.011457
3.217016
3.319082
3.214668
2.883473
2.301518
1.919802
1.801519
1.716869
1.702210
1.734759
1.780036
1.733533
1.184291
0.949863
0.959905
0.918256
0.869904
1.112017
1.285219
1.360252
1.243874
1.002355
0.808741
1.049599
1.264300
1.448766
1.263825
1.090249
1.119925
0.999944
1.018932
0.982470
0.542174
0.501386
0.456614
0.350660
0.244584
0.164033
0.110166
0.078468
0.010956
0.032946
0.036000
0.060544
0.122344
0.209573
0.329107
0.479055
0.652072
0.852389
1.037940
1.044517
0.647868
0.292971
0.218158
0.289978
0.428252
0.615439
0.846071
1.128574
1.471590
1.869539
2.281445
2.606973
2.626491
2.902976
3.441245
4.162109
5.008832
5.960905
6.974306
7.842005
7.738824
4.533530
1.912268
2.176783
2.701254
3.121453
2.713049
0.208420
0.431400
0.000000
0.000000
0.000000
0.000000
0.000000
0.000000
0.000000
0.000000
