track	type=wiggle_0
fixedStep	chrom=chr	start=1	step=1
0.000000
0.000000
0.000000
0.000000
0.000000
0.000000
0.000000
0.000000
0.000000
0.000513
0.000435
0.000143
0.000018
0.000007
0.000124
0.001118
0.004774
0.006148
0.006552
0.006270
0.004504
0.000260
0.000000
0.000000
0.000000
0.000000
0.000000
0.000000
0.001552
0.001754
0.000000
0.000000
0.000000
0.000000
0.000000
0.000000
0.000123
0.019512
0.055865
0.077191
0.046019
0.012420
0.001945
0.000701
0.000000
0.002274
0.005358
0.003579
0.000001
0.000000
0.001086
0.009774
0.016189
0.011993
0.032830
0.080701
0.153253
0.240195
0.282343
0.379818
0.556443
0.785832
1.056772
1.317342
1.500637
1.413205
1.185807
0.958863
0.743307
0.544668
0.368284
0.273407
0.300929
0.268779
0.185539
0.100883
0.051222
0.038454
0.014638
0.000034
0.000000
0.000000
0.025889
0.115288
0.278526
0.561597
1.101133
1.372405
1.447623
1.460236
1.447623
1.390232
1.187978
0.733380
0.400368
0.182230
0.057118
0.004043
0.000000
0.000000
0.000000
0.001952
0.011551
0.014355
0.007643
0.000359
0.000000
0.000000
0.000000
0.000000
0.000494
0.009231
0.042396
0.091842
0.137911
0.136047
0.087557
0.070248
0.145874
0.381917
0.832529
1.063517
1.126691
1.137821
1.137821
1.137821
1.126691
1.402888
1.863192
2.417332
3.069991
3.781534
4.375767
4.817735
4.829054
4.950196
6.259013
7.864346
7.951297
6.529133
5.131320
4.102799
3.256422
2.539633
1.944163
1.457179
1.091066
0.875446
0.755735
0.621702
0.663959
0.675884
0.573830
0.617675
0.676354
0.751300
0.799172
0.920404
1.114689
1.340361
1.594290
1.875349
2.163677
2.451841
2.777354
3.088659
3.232718
3.161356
3.062422
3.095139
3.113037
2.895390
2.545227
2.190061
1.861725
1.576243
1.344509
1.186617
1.495170
1.848133
2.247187
2.603474
2.770438
2.610649
2.265189
1.871416
1.506653
1.208451
1.007302
0.864475
0.668252
0.508201
0.524357
0.613291
0.589903
0.507543
0.682121
0.909150
1.071383
1.051129
0.853028
0.983452
1.283309
1.567846
1.798409
2.443823
3.227594
3.449073
3.166356
2.326093
1.821780
1.605452
1.291365
0.946226
0.661195
0.582274
0.418425
0.480464
0.527669
0.487132
0.465849
0.403039
0.329015
0.248348
0.268611
0.329916
0.395625
0.433632
0.386837
0.302731
0.221251
0.203375
0.193277
0.154701
0.181802
0.188978
0.214035
0.307199
0.421788
0.524955
0.555000
0.508188
0.389612
0.277105
0.237307
0.235994
0.226353
0.265123
0.352032
0.446748
0.543236
0.620682
0.620682
0.544361
0.447799
0.351749
0.263862
0.189134
0.130007
0.166079
0.313189
0.477498
0.641207
0.654901
0.486675
0.342853
0.426626
0.510453
0.566974
0.573905
0.536551
0.470720
0.466549
0.485662
0.475235
0.502772
0.589903
0.674969
0.778064
0.899756
1.034487
1.158950
1.247913
1.318977
1.322610
1.248180
1.142824
1.005148
0.868434
1.010977
1.379368
1.663596
1.638689
1.344360
0.991692
0.677462
0.699458
0.938700
1.184103
1.372999
1.307099
1.087137
0.813067
0.579099
0.684757
0.796904
0.856611
0.838023
0.738029
0.649611
0.932517
1.242322
1.389327
1.421281
1.390073
1.234021
1.080937
1.243683
1.437894
1.635881
1.773593
1.804817
1.685189
1.485619
1.397229
1.588054
1.742715
1.793062
1.826449
1.816746
2.039252
2.320633
2.633326
2.903940
3.017724
2.925203
2.659691
2.346684
2.051055
1.784457
1.657697
1.875835
2.180936
2.516087
2.836338
3.145164
3.357443
3.633981
3.732538
3.542921
3.186711
2.784072
3.029822
3.491467
4.026759
4.610573
5.146332
5.332178
5.127587
4.592425
4.010635
3.474610
2.991961
2.555836
2.166226
1.818097
1.506317
1.233048
0.990751
0.780888
0.599106
0.445828
0.318367
0.214415
0.132451
0.072692
0.035037
0.031318
0.025961
0.033865
0.062215
0.068430
0.096116
0.144783
0.122100
0.115622
0.104531
0.096835
0.092754
0.089492
0.082167
0.059215
0.019742
0.000000
0.000000
0.000000
0.000000
0.000000
0.000000
0.000000
0.000000
0.000000
0.000000
0.000000
0.000000
0.000000
0.000000
0.000000
0.000000
0.000000
0.000000
0.000000
0.000000
0.000000
0.000000
0.000000
0.000000
0.000000
0.000000
0.000000
0.000000
0.000000
0.000000
0.000000
0.000285
0.014811
0.091641
0.241668
0.487163
0.742410
0.868214
0.904153
0.912358
0.912358
0.912358
0.912358
0.903397
0.858028
0.695192
0.356548
0.189489
0.347179
0.567003
0.812039
0.973855
0.902584
0.706944
0.465391
0.279310
0.197662
0.278819
0.314441
0.422506
0.454840
0.365896
0.235388
0.129383
0.260431
0.473947
0.756352
1.065242
1.394320
1.544192
1.415066
1.084604
0.762439
0.467640
0.276007
0.340318
0.389338
0.337262
0.217024
0.104112
0.031068
0.001237
0.000000
0.001231
0.035087
0.094300
0.138493
0.152367
0.156109
0.156109
0.156109
0.150640
0.128229
0.064798
0.004160
0.000000
0.000000
0.000000
0.000000
0.000000
0.000000
0.001668
0.012319
0.014597
0.009534
0.005765
0.053163
0.152194
0.274855
0.353176
0.331483
0.216773
0.120831
0.098749
0.085091
0.124315
0.127527
0.083210
0.037252
0.002420
0.000000
0.000000
0.000000
0.000000
0.000000
0.000000
0.000000
0.000000
0.000000
0.000000
0.000000
0.000000
0.000000
0.000000
0.000000
0.000000
0.000000
0.000000
0.000000
0.000000
0.000000
0.000000
0.000000
0.000000
0.000011
0.000374
0.000000
0.008910
0.058237
0.158068
0.313564
0.521701
0.740333
0.900877
0.834601
0.669457
0.459165
0.326929
0.243432
0.188327
0.172944
0.177454
0.177297
0.137129
0.219862
0.391332
0.651197
0.997170
1.440291
1.947999
2.207488
1.997115
1.545613
1.266735
1.106091
1.332032
1.604665
1.853373
1.977787
1.964893
1.869474
1.609249
1.339149
1.421921
1.656528
1.729962
1.973538
2.218235
2.717521
3.344962
3.947102
4.265679
4.146770
3.733585
4.401969
4.993024
5.129382
4.815992
4.260558
3.610414
3.012860
2.485921
2.022477
1.620287
1.275539
0.982299
0.734936
0.530397
0.364961
0.444583
0.528415
0.531485
0.454352
0.345035
0.241004
0.159302
0.104615
0.089733
0.068838
0.035234
0.010443
0.000317
0.000000
0.000886
0.000497
0.000000
0.000000
0.000000
0.000000
0.000000
0.000000
0.000000
0.000000
0.000000
0.000000
0.000000
0.000000
0.000000
0.000000
0.000000
0.000000
0.000000
0.000000
0.000000
0.000000
0.000000
0.000000
0.000000
0.000000
0.000000
0.000000
0.017075
0.044856
0.070082
0.081664
0.086166
0.089293
0.095526
0.159947
0.333264
0.580382
0.905465
1.306430
1.726862
1.712446
1.259117
0.840563
0.524924
0.292433
0.135435
0.041776
0.002929
0.000000
0.000000
0.000000
0.000000
0.000000
0.000000
0.000000
0.000000
0.000000
0.000000
0.000000
0.000000
0.000000
0.000000
0.000000
0.000000
0.000000
0.001901
0.007271
0.003715
0.000000
0.000000
0.000000
0.000846
0.011816
0.036763
0.079034
0.139745
0.218077
0.312799
0.414847
0.509451
0.598593
0.613959
0.542295
0.440352
0.340170
0.249325
0.172081
0.108485
0.058705
0.026514
0.022630
0.040521
0.071533
0.097185
0.099072
0.162092
0.257384
0.372450
0.460873
0.514110
0.489931
0.590019
0.765428
0.973458
1.114808
1.098366
0.950260
0.775699
0.582385
0.496206
0.516190
0.449791
0.474297
0.714531
0.980253
1.138529
1.083015
1.360152
1.848661
2.470261
3.039138
3.019571
2.443419
1.969126
1.775137
1.516497
1.709658
2.104869
2.048321
1.513262
1.191138
0.940612
0.639679
0.386334
0.220681
0.103471
0.101743
0.064806
0.020092
0.000397
0.000000
0.000000
0.002507
0.010350
0.012544
0.004877
0.000037
0.000000
0.000000
0.000000
0.000000
0.000000
0.000000
0.000000
0.000333
0.005031
0.010139
0.017382
0.017854
0.031939
0.055258
0.078205
0.112423
0.167607
0.237309
0.308531
0.349843
0.340038
0.377753
0.471024
0.580260
0.657482
0.652687
0.568777
0.451017
0.377307
0.457571
0.537914
0.647537
0.781084
0.930152
1.053650
1.121397
1.077757
0.989641
1.048308
1.100899
1.085677
0.999574
1.036737
1.076651
1.043756
0.944918
0.887970
0.895975
0.859866
0.784458
0.700105
0.635448
0.768525
1.107157
1.523426
2.019192
2.573167
3.200146
3.946740
4.673569
4.702506
3.959552
3.202464
2.833671
3.260953
3.552767
3.630160
3.431191
2.938202
2.416367
2.765555
3.265073
3.817348
4.427143
5.069927
5.520120
5.503022
5.028480
4.432769
3.889148
3.324566
2.841500
3.181741
3.504647
3.835910
3.938435
4.681569
5.505236
5.928779
5.495518
4.657932
4.180084
4.571615
4.990137
5.433457
5.877044
6.320301
6.502484
6.611193
6.849049
7.222190
7.596084
8.110927
8.482128
8.423335
8.110949
8.669472
9.117510
9.194165
8.946477
8.357192
7.714336
7.098572
6.470503
5.897479
5.512693
5.528652
5.627807
5.792696
5.698793
5.358285
5.243791
4.999177
4.696066
4.349488
4.200067
4.056102
3.896624
3.879988
4.105879
4.408139
4.623189
4.616499
4.419230
4.203375
4.011744
4.668642
5.462698
5.754031
5.274522
4.471073
4.263993
4.609528
4.986968
5.369030
5.696296
5.835874
5.686570
5.297367
5.078767
4.824163
4.515071
4.209505
3.843946
3.574252
3.652960
3.635609
3.562137
3.604700
3.825552
4.069530
4.246514
4.253127
4.060494
3.832089
4.021320
4.231013
4.352671
4.363117
4.434933
4.294670
4.042300
3.763269
4.019868
4.142252
4.088258
3.880182
3.956129
4.217821
4.425354
4.500726
4.581588
4.648704
4.597487
4.462548
4.509714
4.379713
4.106670
4.034646
3.984592
3.792472
3.962553
4.285648
4.564080
4.633947
4.474246
4.199433
3.883027
3.694051
3.569836
3.372662
3.193799
2.939852
2.674635
2.595760
2.574492
2.787368
3.202055
3.382077
3.179405
2.748839
2.280533
1.853493
1.482636
1.164558
0.987321
0.837526
0.710078
0.717244
0.726488
0.666689
0.597443
0.670078
0.791896
0.997883
1.152542
1.149995
1.031708
0.862354
0.907004
1.039744
1.061868
1.015129
0.874842
1.006257
1.332225
1.659323
1.789247
1.687028
1.402004
1.251460
1.426226
1.549090
1.489227
1.261922
0.999631
0.787039
0.812526
0.781611
0.656218
0.508263
0.401598
0.399132
0.338216
0.242524
0.194919
0.257117
0.449235
0.736518
0.984219
1.170739
1.275851
1.299305
1.221264
1.052004
0.845028
0.570632
0.518540
0.593365
0.524583
0.502660
0.592297
0.648191
0.566166
0.424962
0.419649
0.462240
0.474615
0.462223
0.412704
0.304557
0.131265
0.030089
0.000000
0.000000
0.000000
0.000000
0.000000
0.000000
0.000000
0.000000
0.000000
0.000000
0.000000
0.000000
0.000000
0.000000
0.000000
0.000000
0.000000
0.000476
0.039045
0.073266
0.084754
0.087009
0.086289
0.082559
0.067864
0.026938
0.000000
0.000000
0.000000
0.000000
0.000000
0.000000
0.000000
0.000000
0.000000
0.000000
0.000000
0.000000
0.000000
0.000000
0.000000
0.000000
0.000000
0.000000
0.000000
0.000000
0.000000
0.000000
0.000000
0.000000
0.000000
0.000000
0.000000
0.000000
0.000000
0.000000
0.028209
0.124590
0.306194
0.602139
0.856052
0.989946
1.062284
1.434193
1.766663
1.823218
1.580075
1.206777
0.880447
0.633225
0.877906
1.190495
1.480790
1.595660
1.452486
1.233832
1.588389
2.044968
2.484964
2.599584
2.813017
3.376113
3.797678
3.089596
2.298049
1.686936
1.250792
0.898128
0.590006
0.356685
0.187583
0.082405
0.125595
0.147030
0.195981
0.243238
0.233435
0.171880
0.176290
0.169700
0.116380
0.057730
0.019443
0.005324
0.001288
0.000602
0.000000
0.000000
0.019478
0.130501
0.272642
0.326329
0.289378
0.188232
0.143040
0.116880
0.101135
0.197777
0.358179
0.551323
0.729038
0.724676
0.523357
0.322691
0.307585
0.413309
0.533364
0.658697
0.780836
0.886493
0.904162
0.847757
0.795310
0.882413
1.041829
1.184844
1.220565
1.303948
1.435218
1.446109
1.332999
1.191572
1.270051
1.379048
1.362294
1.243461
1.093280
1.010939
1.090144
1.297565
1.470222
1.537319
1.479035
1.386886
1.333053
1.240263
1.282571
1.296775
1.481545
1.727041
1.828778
1.733492
1.507565
1.520506
1.751460
1.962508
2.038756
2.249843
2.528154
2.758280
2.776713
2.658648
2.900445
3.074284
3.154933
3.042948
3.323399
3.561766
3.974089
4.235843
4.257466
4.759572
5.459510
6.257659
7.169189
8.183396
9.312868
10.471280
11.328588
11.269664
10.324278
9.123361
7.990303
6.984976
6.086003
5.288963
4.641449
4.171092
3.962193
3.724785
3.787142
3.544343
3.154705
2.861032
2.984345
3.138386
3.308931
3.545804
3.720006
3.752879
4.064639
4.360620
4.425199
4.314978
4.190918
3.877287
3.527305
3.180501
3.365209
3.349649
3.120432
2.799915
2.830719
3.034313
3.146818
3.158104
3.309579
3.311409
3.217530
3.279122
3.202749
3.219255
3.311916
3.492677
3.636349
3.635401
3.738585
3.815796
3.849605
3.865592
4.016911
4.060696
3.848827
3.523594
3.197240
2.903106
2.808503
2.988991
3.039043
2.898132
2.636264
2.361362
2.430048
2.845961
2.857583
3.865285
4.245029
3.952965
2.998809
2.137015
1.540062
1.254794
1.096822
1.037073
1.075251
1.165094
1.304375
1.349831
1.321423
1.384890
1.511510
1.772442
2.068841
2.224785
2.234081
2.107061
1.836204
1.600000
1.518812
1.655431
1.786610
2.093628
2.304982
2.371377
2.230460
1.963654
1.689020
1.738016
2.003921
2.273384
2.446968
2.698601
3.057649
3.343197
3.365940
3.092282
2.702338
2.324199
1.983871
2.039067
2.520157
3.012277
3.351909
3.615355
4.158060
4.166689
3.632675
2.677602
2.021654
1.566271
1.310150
1.134026
1.166298
1.207201
1.678405
1.934852
1.729491
1.400226
1.480208
1.484364
1.411021
1.303573
1.444707
1.578913
1.639288
1.556142
1.400574
1.211700
1.030820
0.861118
0.724521
0.822074
0.962635
1.077510
1.182599
1.238642
1.202668
1.063539
0.890930
0.733607
0.596378
0.483590
0.376080
0.282434
0.206433
0.148312
0.179300
0.233254
0.249820
0.237727
0.210146
0.150794
0.210048
0.301397
0.414504
0.528361
0.571583
0.532737
0.419959
0.304405
0.204184
0.197488
0.192090
0.212695
0.256290
0.294219
0.305258
0.275222
0.232036
0.187481
0.146084
0.109234
0.217623
0.364810
0.458170
0.506900
0.647553
0.897615
1.239169
1.577656
1.657608
1.383879
1.060573
0.782149
0.529172
0.318076
0.201093
0.351395
0.660297
0.982041
1.129188
1.128967
0.975753
0.625100
0.321375
0.264949
0.209768
0.155076
0.114332
0.169555
0.230513
0.284387
0.292015
0.255782
0.202187
0.153011
0.113721
0.081738
0.062945
0.078037
0.072542
0.049033
0.024694
0.008615
0.006250
0.016636
0.047092
0.072084
0.072247
0.061572
0.044376
0.027746
0.068522
0.129049
0.209284
0.307994
0.421686
0.524538
0.590226
0.559355
0.466694
0.363255
0.282691
0.305975
0.401361
0.483305
0.506751
0.465742
0.379980
0.304690
0.249342
0.237270
0.273778
0.383975
0.529860
0.712956
0.911435
1.052265
1.059421
0.944642
0.813557
0.731407
0.631378
0.604808
0.765206
0.879825
0.860408
0.735703
0.570113
0.539703
0.575896
0.555410
0.557343
0.615849
0.639484
0.598895
0.533823
0.483540
0.579174
0.852556
1.159414
1.427124
1.563286
1.565765
1.518464
1.720648
2.151248
2.599123
2.987115
3.235466
3.035707
2.753143
2.917039
3.406221
3.843026
4.228780
4.193698
3.692483
3.070194
2.459983
2.205625
1.966770
1.656907
1.566541
1.330988
1.247705
1.171457
0.972996
0.698327
0.590764
0.465997
0.431245
0.367442
0.313564
0.312938
0.289866
0.239628
0.261997
0.288384
0.352325
0.471271
0.574785
0.568685
0.451101
0.319802
0.198759
0.191341
0.202335
0.237784
0.253599
0.311809
0.400019
0.504104
0.618294
0.743871
0.880348
0.986727
1.003021
0.926124
0.803941
0.722297
0.758412
0.765543
0.742725
0.702919
0.718291
0.726722
0.677953
0.585247
0.494890
0.454668
0.366594
0.418889
0.497092
0.603377
0.728115
0.847597
0.934522
0.967157
0.926729
0.832343
0.717717
0.659001
0.727402
0.767573
0.724327
0.664249
0.699245
0.647261
0.650413
0.695375
0.679693
0.606420
0.543990
0.487496
0.449815
0.515511
0.613186
0.719465
0.815148
0.886285
1.059015
1.117397
1.014196
0.809655
0.595704
0.493114
0.675376
0.837375
0.866042
0.781773
0.888529
1.096061
1.456348
1.846490
2.197276
2.456394
3.016916
3.736976
4.517462
5.398800
6.434851
7.745818
9.245244
10.880688
12.329457
12.254848
10.748225
9.263240
7.954649
6.952960
6.016696
6.954441
7.697336
8.163134
8.564891
8.744319
8.119224
7.183816
6.235071
5.420218
4.744270
4.365449
3.869362
3.311036
2.840863
2.604006
2.742630
2.929834
3.229655
3.344528
3.743349
4.267516
4.813113
5.212555
5.211444
4.813884
4.274783
3.729722
3.501510
3.888576
4.168558
4.139994
3.786093
3.350608
2.898865
2.492713
2.140479
1.824801
1.553699
1.353871
1.370584
1.311324
1.332922
1.381090
1.491885
1.725571
1.937085
2.007395
1.923797
1.782821
1.671911
1.458144
1.229010
1.017630
0.831233
0.671088
0.573425
0.543414
0.562756
0.612670
0.840769
1.137577
1.402906
1.503675
1.511111
1.483969
1.496087
1.549587
1.722418
1.853063
1.880810
1.937097
1.923254
1.800131
1.716796
1.648461
1.792009
1.850545
1.790453
1.751460
1.632067
1.589014
1.699980
1.713876
1.608006
1.424975
1.224451
1.031702
0.859006
0.709348
0.600699
0.648708
0.645027
0.569398
0.461868
0.365255
0.365906
0.457315
0.556254
0.679493
0.816051
0.975214
1.091041
1.173919
1.182541
1.117197
1.018436
0.902848
0.766533
0.585800
0.465979
0.484925
0.459970
0.449010
0.431637
0.395996
0.513932
0.727014
0.921294
1.015328
1.014191
1.032760
1.041268
0.996699
0.916975
0.858599
0.817220
0.776813
0.704426
0.708951
0.925469
1.012224
1.027551
1.285179
1.523252
1.714067
1.687237
1.719708
1.567702
1.260695
1.210971
1.167622
1.054013
0.944373
0.857869
0.947084
0.971676
0.997279
1.073603
1.031566
0.850374
0.700272
0.592930
0.820473
1.202601
1.687617
2.284116
2.944280
3.464126
3.457514
2.933707
2.293168
1.712165
1.372485
1.353473
1.226516
1.056928
1.034395
1.074954
1.094725
1.108938
1.091294
1.022749
1.038702
1.027220
0.992871
1.248937
1.651065
2.000966
2.254295
2.436219
2.689383
3.017385
3.344044
3.586156
3.682357
3.512929
3.219577
2.936228
3.058050
3.093583
2.983577
2.888373
3.325921
3.780069
4.120142
4.275497
4.106259
3.761533
3.402046
3.001657
2.587446
2.200148
2.271020
2.418140
2.482420
2.313420
2.062659
1.802507
1.561028
1.341139
1.422102
1.658174
1.684568
1.777618
2.239949
2.774787
3.337689
3.869894
4.288025
4.384406
4.110645
3.549197
2.967855
2.438214
2.208569
2.401882
3.104148
3.921977
4.878469
5.973750
7.145813
8.056786
8.143766
7.371939
6.263699
5.172359
4.214693
3.388190
2.721620
2.209045
1.805410
1.987399
2.079912
1.926308
2.040248
2.263491
2.457575
2.640478
2.810780
2.814672
2.634241
2.389065
2.144571
2.036616
2.218642
2.384107
2.487746
2.439559
2.255217
2.033183
1.822154
1.624492
1.518139
1.724276
1.937739
2.113583
2.208921
2.322999
2.270472
2.112659
1.953228
1.801684
1.621971
1.684681
1.817785
1.887427
2.167025
2.462995
2.722066
2.858170
2.994668
3.016041
2.870508
2.664159
2.567920
2.424924
2.284224
2.031903
1.918923
1.879357
2.009010
2.339877
2.746687
2.965450
3.256788
3.367520
3.304806
3.172595
3.202792
3.138014
3.265160
3.395914
3.386951
3.468513
3.687237
3.916672
4.115119
4.206248
4.125538
3.914173
3.745067
3.731047
3.694097
3.644699
3.836167
3.883673
3.968591
4.186328
4.303226
4.265750
4.026637
3.700509
3.573847
3.296690
2.987814
2.911754
2.986886
3.177244
3.388790
3.556195
3.619442
3.528056
3.837505
4.060127
4.184867
4.409397
4.541789
4.512259
4.536873
4.921547
5.085061
4.874885
4.320104
3.812799
4.118656
4.596848
4.878259
4.532133
3.921542
3.288689
3.351853
3.528520
3.552267
3.475683
3.505753
3.749943
3.892760
4.067441
4.123454
4.327807
4.772130
5.003814
4.916873
4.496499
4.043515
3.560642
3.672304
3.752074
3.807018
3.902195
3.947474
3.840016
3.814692
3.695848
3.665117
3.592424
3.585233
3.786525
3.821877
3.688554
3.620629
3.551599
3.735403
4.128090
4.472198
4.695062
4.632690
4.566904
4.532030
4.549178
4.596524
4.613581
4.555474
4.370382
4.402051
4.548091
4.481780
4.203095
3.812820
3.612138
3.433170
3.479784
3.663178
4.051486
4.493827
5.015226
5.574946
6.036118
6.230233
5.906932
5.978262
5.791354
5.536665
5.347629
5.231955
4.894761
4.488873
4.323032
4.550504
4.565355
4.589774
4.578230
4.394166
4.075502
3.710361
3.345258
3.376993
3.615115
3.879543
4.071159
4.084262
3.879039
3.592398
3.266272
2.942725
2.647117
2.401281
2.211785
1.975860
1.743824
1.534454
1.608731
1.639269
1.413441
1.321063
1.182358
1.057557
1.087401
1.063809
1.059433
1.192333
1.268862
1.215507
1.087415
0.929567
1.010183
1.063626
1.152857
1.291358
1.412521
1.432365
1.506441
1.663739
1.820620
1.944175
2.098215
2.271020
2.397794
2.233803
1.444463
0.942127
0.618052
0.382709
0.271463
0.277925
0.293592
0.191623
0.130128
0.109164
0.162232
0.241459
0.339586
0.456413
0.585409
0.723770
0.857997
0.904001
0.779160
0.452433
0.090866
0.044096
0.026892
0.023994
0.014665
0.000815
0.000000
0.000000
0.002570
0.020245
0.055581
0.107442
0.178233
0.270407
0.386524
0.527227
0.692970
0.863136
0.964671
0.778549
0.364101
0.503998
0.600799
0.482828
0.609298
0.923020
1.317140
1.809382
2.407567
3.100902
3.837143
4.474498
4.559280
4.086146
3.755731
3.590687
3.147565
2.623881
2.487267
2.016193
1.502551
1.050917
0.687134
0.407800
0.259939
0.196452
0.310737
0.516676
0.761026
0.971799
0.895681
0.797403
0.944738
1.132102
1.414255
1.460182
0.912473
0.792335
0.503598
0.382393
1.101133
0.000000
0.000000
0.000000
0.000000
0.000000
0.000000
0.000000
0.000000
