track	type=wiggle_0
fixedStep	chrom=chr	start=1	step=1
0.000000
0.000000
0.000000
0.000000
0.000000
0.000000
0.000000
0.000000
0.000000
0.000745
0.000735
0.000319
0.000054
0.000000
0.000000
0.000000
0.000000
0.000000
0.000000
0.000000
0.000110
0.019683
0.057197
0.142366
0.302235
0.544270
0.870059
1.115240
0.881498
0.852028
0.652093
0.444965
0.296806
0.217103
0.153820
0.172675
0.258088
0.405215
0.559963
0.582395
0.508630
0.349709
0.187104
0.078381
0.058734
0.109452
0.162055
0.171957
0.129960
0.147978
0.166623
0.192954
0.222964
0.257795
0.296310
0.274576
0.218432
0.155267
0.268523
0.427137
0.495498
0.736636
0.867290
0.897129
0.899654
0.884029
0.821001
0.673816
0.399972
0.405230
0.507433
0.640080
0.714538
0.690949
0.559702
0.401062
0.298558
0.282879
0.218302
0.129365
0.059507
0.124135
0.280245
0.512569
0.842248
1.370139
2.219113
2.613922
2.717995
2.735397
2.717995
2.613921
2.227910
1.387984
0.848308
0.515399
0.282479
0.126821
0.039661
0.009075
0.022467
0.034206
0.027022
0.020684
0.011290
0.001251
0.000000
0.000000
0.000000
0.000896
0.004615
0.005323
0.002271
0.010896
0.025233
0.026261
0.070169
0.120768
0.152828
0.134685
0.252420
0.383889
0.422542
0.429420
0.429420
0.429420
0.422542
0.384847
0.552840
0.844002
1.213066
1.648699
2.082047
2.484067
2.794979
3.459880
4.618757
6.023649
6.185519
5.087226
3.967313
3.125159
2.415075
1.814292
1.330068
0.943406
0.660625
0.526478
0.500475
0.562747
0.691534
0.718301
0.664921
0.707390
0.722794
0.734445
0.694587
0.588869
0.460786
0.465620
0.404146
0.340137
0.472096
0.625269
0.782857
0.878397
0.848159
0.728458
0.569275
0.442010
0.372532
0.392133
0.567423
0.784394
0.814548
0.680978
0.646228
0.543319
0.419795
0.480040
0.713340
0.933232
1.000845
0.843450
0.610865
0.455225
0.288061
0.207165
0.289197
0.416871
0.593122
0.771605
0.795919
0.660962
0.470277
0.294842
0.174743
0.132873
0.246087
0.442489
0.696135
1.121351
1.796507
2.500914
2.513013
1.839597
1.213033
0.782378
0.488274
0.320448
0.280450
0.240197
0.241311
0.218751
0.160190
0.199573
0.238244
0.250860
0.237660
0.193627
0.146955
0.107831
0.126001
0.149531
0.143064
0.108797
0.075387
0.056238
0.046011
0.048822
0.041763
0.042632
0.030191
0.018068
0.025842
0.022145
0.022604
0.013352
0.013729
0.027775
0.149977
0.224044
0.246000
0.250119
0.248267
0.237903
0.199292
0.111805
0.067264
0.109268
0.162788
0.212676
0.194493
0.160628
0.129564
0.097006
0.065732
0.094200
0.172789
0.217518
0.186827
0.105654
0.152346
0.296401
0.509345
0.797138
1.168537
1.632292
2.146370
2.554763
2.593727
2.276661
1.843378
1.371841
1.170207
1.236866
1.102451
1.166746
1.193812
1.070337
1.241152
1.594698
1.994174
2.396798
2.627836
2.670933
3.066542
3.642024
4.173139
4.467039
4.464090
4.224852
3.816335
3.400315
3.525207
3.494728
3.232004
2.768777
2.856305
2.979612
2.836733
2.462011
2.002944
1.908213
1.727850
1.469093
1.516457
1.390459
1.157620
0.900176
1.314202
1.702096
1.883171
1.921112
1.885079
1.714682
1.338187
0.893162
0.595549
0.794670
0.871798
0.720755
0.612490
0.745530
0.863749
0.948311
0.976253
1.117887
1.277463
1.428168
1.520113
1.544438
1.706535
1.760805
1.704402
1.534860
1.341019
1.141114
1.013357
1.103735
1.233873
1.393873
1.510621
1.515753
1.396096
1.226675
1.057038
0.980115
0.997157
0.879309
0.713697
0.693415
0.777420
0.810565
0.836093
1.015534
1.169500
1.160791
1.002559
0.785526
0.721320
0.845979
0.958592
0.996329
0.961571
0.847269
0.724489
0.662816
0.777685
0.880857
0.987958
1.113698
1.248746
1.347029
1.347319
1.252089
1.114359
0.974815
0.843227
0.722883
0.613607
0.513868
0.723951
0.768954
0.621298
0.584112
0.512954
0.399810
0.504649
0.691243
0.786296
0.814246
0.714308
0.637361
0.727822
0.711846
0.654896
0.579853
0.575371
0.532225
0.442399
0.342959
0.234578
0.168382
0.186478
0.175433
0.245446
0.429284
0.701167
0.855279
0.920969
0.938857
0.938857
0.915812
0.818472
0.560177
0.345861
0.416835
0.469876
0.483652
0.438516
0.403579
0.360650
0.290268
0.220715
0.160721
0.110947
0.253915
0.505232
0.767815
0.897095
0.934033
0.942484
0.942484
0.942484
0.942484
0.933294
0.886813
0.940845
1.286008
1.685073
2.133192
2.708992
3.338759
3.737783
3.664293
3.234879
2.612220
2.055364
2.234931
2.581695
2.828696
3.188831
3.294011
3.031027
2.651186
2.729411
3.436112
4.264950
5.201080
6.101497
6.874185
6.875937
6.107500
5.194111
4.280364
3.460425
2.750528
2.147996
2.035310
2.361988
2.716182
3.049912
3.216596
3.175818
2.919756
2.576219
2.812782
3.242549
3.724101
4.229125
4.673976
4.840830
4.661139
4.222893
3.941224
3.557677
3.220487
2.936403
2.564569
2.190406
1.865602
1.687073
1.419225
1.381916
1.766370
2.243994
2.802704
3.450863
4.194762
4.973108
5.578800
5.600101
5.799733
5.754878
4.685654
3.513394
2.731195
2.095734
1.562117
1.135828
0.783703
0.802929
0.955193
1.097447
1.180982
1.195622
1.165196
1.050871
0.910448
1.066192
1.244750
1.433993
1.623764
1.804938
1.957973
2.046942
2.036288
1.908890
1.711401
1.505698
1.310155
1.126839
0.961648
0.812088
0.676187
0.665282
0.794459
0.906982
0.953258
0.877879
0.819030
0.889089
0.999004
1.004627
1.017211
1.185872
1.250811
1.204534
1.036499
0.858386
0.691581
0.575757
0.570135
0.849806
1.217436
1.675110
2.229495
2.911192
3.774376
4.936193
6.466553
7.123671
7.300923
7.300923
7.153599
6.601487
5.396418
4.612926
4.765936
4.835790
4.977171
5.980632
6.655792
6.477729
7.375897
8.188725
8.451869
8.311505
7.951140
7.792974
7.726253
7.930160
8.840930
9.799912
10.136854
9.619733
8.589539
7.470191
6.426584
5.494286
4.668601
3.942465
3.303920
2.740861
2.251359
1.827112
1.457613
1.140557
0.871840
0.647869
0.464038
0.517303
0.601538
0.607347
0.560068
0.474201
0.368256
0.268808
0.187456
0.140410
0.141035
0.191421
0.218476
0.188186
0.143690
0.098888
0.062735
0.031473
0.013472
0.034676
0.055190
0.055081
0.034169
0.013212
0.001282
0.000000
0.000000
0.000000
0.000000
0.000000
0.000000
0.000000
0.000000
0.000000
0.000000
0.000000
0.000000
0.000002
0.000000
0.000000
0.000000
0.000000
0.000048
0.009964
0.019043
0.023257
0.024399
0.024651
0.024949
0.025685
0.027018
0.027154
0.026338
0.039222
0.096473
0.147465
0.138061
0.055341
0.016901
0.024432
0.035484
0.061365
0.082664
0.080540
0.056687
0.032921
0.013395
0.002139
0.000000
0.000000
0.000000
0.000000
0.000000
0.000000
0.000000
0.000000
0.000487
0.000000
0.000000
0.000000
0.000000
0.000000
0.000000
0.000000
0.000000
0.000000
0.000000
0.000000
0.000000
0.000000
0.000000
0.013119
0.050778
0.019870
0.046139
0.046437
0.021397
0.002310
0.000000
0.000000
0.000000
0.000000
0.000000
0.000000
0.000106
0.003449
0.017909
0.034070
0.054434
0.077560
0.081111
0.140344
0.229949
0.338026
0.426219
0.476807
0.453312
0.545885
0.713804
0.913077
1.047456
1.030248
0.894819
0.735729
0.552784
0.472837
0.491951
0.428076
0.449933
0.678044
0.932974
1.087679
1.034944
1.296903
1.762405
2.358348
2.915601
2.899738
2.344334
1.891922
1.704463
1.453707
1.637690
2.016123
1.957589
1.441653
1.138362
0.901796
0.615292
0.400812
0.326099
0.227388
0.141029
0.076850
0.037152
0.016281
0.000435
0.009115
0.028400
0.053470
0.075676
0.083237
0.073507
0.052589
0.045284
0.078777
0.117694
0.152923
0.176806
0.172140
0.135878
0.094465
0.065299
0.100662
0.144198
0.191784
0.242550
0.312040
0.393978
0.482271
0.576912
0.682441
0.801623
0.916882
0.994633
0.992062
0.904062
0.785142
0.658317
0.543853
0.559493
0.662983
0.751284
0.860367
0.984840
1.095577
1.222351
1.349433
1.408417
1.344506
1.223177
1.262087
1.324408
1.407257
1.453272
1.514711
1.540076
1.608417
1.731712
1.827442
1.808313
1.693277
1.533383
1.367277
1.533546
1.804064
2.023600
2.235653
2.273320
1.964023
1.638800
1.515377
1.627304
1.636393
1.545354
1.410306
1.500879
1.656446
1.704410
1.590897
2.122781
2.590444
2.786449
2.791265
3.115289
3.285073
3.165396
3.050547
3.221404
3.557658
3.747305
4.171783
4.734761
5.400249
6.168308
7.028851
7.976001
8.906642
9.652820
9.617000
8.884082
7.982318
7.060186
6.221303
5.848050
6.295684
6.650123
6.732867
6.785264
6.714995
6.563381
6.154197
5.785455
5.338550
5.398048
5.800299
5.971527
6.325752
6.556108
6.502377
6.546605
6.617879
6.431518
5.983368
5.428953
5.264742
5.291383
5.260559
5.096804
4.822416
4.618071
4.960912
5.245169
5.268380
5.009442
4.608649
4.186945
3.783056
3.593564
3.807318
3.885180
4.144768
4.259847
4.275078
4.119443
4.360272
4.637967
4.706226
5.667875
6.750021
7.746161
8.014036
7.377966
6.362013
5.372712
4.428169
3.602533
2.916468
2.641792
2.583389
2.757525
2.917255
3.084993
3.271035
3.455664
3.551126
3.573182
3.450553
3.277102
3.378925
3.900358
4.374233
4.687045
4.914853
4.979389
4.874592
5.056711
5.387410
5.701702
5.988544
6.158529
6.170907
6.024601
5.797050
5.621743
5.378198
5.351288
5.461426
5.595132
5.836721
6.035618
6.076735
6.259189
6.301918
6.779469
7.219307
7.238883
7.067030
7.129847
7.429920
7.720553
7.940390
7.965108
7.788733
7.483369
7.131619
6.761403
6.412729
6.055753
5.696959
5.504305
5.212249
4.904244
4.621377
4.346277
4.049622
3.740555
3.427871
3.136910
2.883490
2.762892
2.672472
2.496026
2.322710
2.179906
1.970218
1.741923
1.527170
1.577306
1.856991
2.161065
2.438312
2.587729
2.674094
2.629667
2.386596
2.164146
2.207218
2.097408
2.002522
2.108168
2.180860
2.033187
1.798652
1.796233
1.886914
2.134369
2.280182
2.701573
3.149031
3.338567
3.212600
2.839807
2.469356
2.743912
2.886312
2.794483
2.648365
2.500361
2.235888
1.925585
1.664152
1.896669
2.187792
2.412132
2.612042
2.585310
2.356333
2.073483
1.896233
1.710287
1.525573
1.339463
1.162594
1.227345
1.536023
1.720047
2.099728
2.608505
3.170246
3.680172
3.842892
3.625215
3.148844
2.610370
2.151747
1.862962
1.752090
1.730731
1.955814
2.292734
2.254920
1.881956
1.447106
1.065578
0.756262
0.567338
0.453097
0.349280
0.259897
0.184729
0.122448
0.074665
0.080627
0.115646
0.152032
0.190429
0.220074
0.233545
0.234307
0.215551
0.124004
0.077396
0.074288
0.097759
0.119734
0.120992
0.098286
0.068459
0.042228
0.031445
0.058481
0.095490
0.134112
0.162656
0.167886
0.159373
0.167126
0.155815
0.121410
0.084777
0.053467
0.027987
0.011355
0.001886
0.000137
0.000000
0.000000
0.000000
0.000000
0.000000
0.000000
0.000000
0.000000
0.001758
0.009242
0.015537
0.014713
0.007736
0.004267
0.017367
0.037698
0.058641
0.094272
0.268374
0.585190
0.844455
0.952403
0.949066
0.840487
0.586183
0.312573
0.160111
0.290555
0.465418
0.691350
0.974170
1.295620
1.588863
1.703542
1.552899
1.294515
1.660110
2.132994
2.585711
2.713905
2.919146
3.491279
3.922647
3.226691
2.438746
1.815558
1.319043
0.921271
0.613939
0.390265
0.219822
0.164153
0.179580
0.205649
0.213280
0.189400
0.207108
0.223263
0.201465
0.175808
0.270498
0.371338
0.473182
0.615232
0.792378
0.876729
0.907204
0.822720
0.690308
0.458293
0.239769
0.078621
0.013334
0.002899
0.044484
0.107318
0.131728
0.219300
0.395670
0.575893
0.751836
0.743648
0.536940
0.318496
0.151078
0.049140
0.018265
0.040483
0.070186
0.108367
0.152919
0.205038
0.276317
0.373451
0.493853
0.626815
0.766144
0.919040
1.085108
1.259095
1.410926
1.519687
1.510905
1.453490
1.512579
1.630219
1.784229
1.889937
1.896499
2.050076
2.142052
2.104028
2.001112
1.889061
1.972739
1.902821
1.743304
1.550872
1.358739
1.571234
1.817448
2.084825
2.358879
2.648076
2.965101
3.310114
3.640507
3.904473
4.104560
4.209798
4.116099
3.911258
3.739982
3.802456
4.080984
4.325237
4.409420
4.719700
5.134505
5.796782
6.579532
7.441775
8.400106
9.462091
10.648110
11.969462
13.389915
14.784616
15.655017
15.589979
14.598786
13.149650
11.742901
10.514776
9.510971
8.715620
7.805995
7.006319
6.652952
6.154003
5.558445
5.225275
5.200833
5.077384
4.938706
4.991555
5.088789
4.940054
4.636379
4.256452
3.923792
3.798602
3.819333
3.650819
3.541752
3.857431
4.175314
4.278109
4.131819
3.807355
3.796712
3.879114
3.750276
3.499678
3.207397
3.133688
3.354620
3.578606
3.736203
3.968587
4.266286
4.597107
4.959166
5.350784
5.698905
5.875275
5.831467
5.919526
6.049127
6.018187
5.792752
5.423033
4.995122
4.574952
4.201816
3.888799
4.153028
4.526896
4.843062
4.976317
4.876432
4.590751
4.263548
3.956182
3.660040
4.295802
4.669716
4.275380
3.197138
2.618459
2.469347
2.265125
2.040405
2.011036
2.017313
1.893690
1.714808
1.476772
1.410402
1.295899
1.161457
1.020707
1.048417
1.169595
1.248304
1.252439
1.193223
1.091873
1.099771
1.318518
1.577101
1.868242
2.181079
2.506303
2.829773
3.154228
3.579889
4.051057
4.550003
5.097184
5.700258
6.340195
6.996401
7.472414
7.474258
7.008996
6.380052
5.757498
5.177080
4.649071
4.162606
3.712721
3.322088
3.085471
3.099063
2.934097
2.640972
2.334918
2.038708
1.766400
1.589193
1.719664
1.721864
1.608059
1.865022
2.140383
1.912894
1.566657
1.517404
1.603152
1.526586
1.360205
1.166246
0.980064
0.813573
0.671024
0.566415
0.628820
0.739844
0.824775
0.839435
0.762228
0.639029
0.504706
0.388110
0.289115
0.202005
0.173066
0.230182
0.293950
0.331596
0.311252
0.256321
0.184911
0.122767
0.075804
0.041161
0.019484
0.019067
0.028786
0.027377
0.015519
0.003826
0.000000
0.000000
0.000000
0.015587
0.069671
0.118607
0.072764
0.018601
0.000000
0.001635
0.021549
0.032654
0.011236
0.000000
0.000000
0.000000
0.000000
0.000000
0.000000
0.000000
0.000000
0.000000
0.000061
0.000004
0.000000
0.000000
0.000000
0.000000
0.000000
0.000000
0.000000
0.000000
0.000000
0.000000
0.000000
0.000000
0.000000
0.000000
0.008304
0.072506
0.201208
0.396141
0.746077
1.205138
1.412114
1.478151
1.493936
1.487251
1.443647
1.261438
0.833337
0.442810
0.229129
0.089275
0.031070
0.017018
0.008025
0.000459
0.000000
0.000000
0.000000
0.000000
0.000000
0.000000
0.000000
0.000000
0.000000
0.000000
0.000000
0.000000
0.000000
0.000000
0.000000
0.000000
0.000000
0.000000
0.000000
0.000000
0.000000
0.000000
0.000000
0.000000
0.000000
0.000000
0.000000
0.000000
0.000000
0.000000
0.000000
0.000000
0.000000
0.000000
0.000000
0.000000
0.000000
0.000000
0.000000
0.000000
0.000000
0.000407
0.004568
0.006550
0.024768
0.047304
0.057957
0.042695
0.067512
0.203647
0.435222
0.592175
0.658724
0.676411
0.681220
0.671050
0.623136
0.584851
0.845768
1.122755
1.305790
1.306749
1.244281
1.029418
0.777248
0.552434
0.367925
0.274929
0.254097
0.261482
0.367239
0.512689
0.690060
0.896846
1.134403
1.407543
1.734129
2.115645
2.537094
2.958437
3.391685
3.895894
4.472480
4.937937
4.923023
4.441846
3.852108
3.301242
2.805055
2.353455
1.971692
1.799118
2.040323
2.231404
2.265640
2.507884
2.528554
2.315707
2.005715
1.687001
1.380252
1.449492
1.328381
1.113486
0.901951
0.770046
0.692751
0.549665
0.407047
0.284738
0.317040
0.351382
0.369121
0.486002
0.615898
0.737160
0.809068
0.768715
0.625851
0.461060
0.407780
0.465117
0.593653
0.679830
0.800525
0.907073
1.173231
1.403647
1.513389
1.384377
1.434075
1.378274
1.248978
1.085579
0.936655
0.817325
0.731265
0.759032
0.751794
0.693145
0.588518
0.494952
0.596632
0.704296
0.817084
0.938438
1.052235
1.109207
1.088134
1.002447
0.952307
1.061849
1.110542
1.045451
0.924528
1.068470
1.161096
1.149740
1.053788
0.894526
0.749032
0.709128
0.601623
0.492740
0.433118
0.387717
0.439886
0.540650
0.657553
0.785200
0.904347
1.048300
1.153282
1.192030
1.167262
1.066396
1.268752
1.595404
1.787765
1.716679
1.465492
1.686940
1.924939
1.868795
1.584085
1.815112
2.091916
2.601990
3.310997
4.176162
5.179995
6.502435
8.371068
9.472778
9.798612
9.535532
8.481714
6.654836
5.323781
4.385534
3.725346
4.048686
3.923783
3.370882
2.750662
2.214735
1.766892
1.606842
1.717803
1.784567
1.747480
1.790934
1.700914
1.477821
1.465889
1.379776
1.223234
1.095939
1.056139
0.980021
0.856693
0.778414
0.701364
0.583111
0.467489
0.526130
0.616026
0.704087
0.822106
0.972042
1.139073
1.332173
1.526771
1.720088
1.917918
2.098811
2.248523
2.261822
2.205752
2.097265
2.203008
2.161038
2.061174
2.097710
2.310347
2.503882
2.736382
3.027906
3.377056
3.831723
4.510315
5.266234
5.567101
5.476827
5.149509
4.812921
4.507717
4.233979
4.201400
4.158468
3.903739
3.579138
3.246742
2.955584
2.862104
2.942867
2.894429
2.699921
2.462039
2.219371
2.149676
2.363590
2.526696
2.586076
2.481896
2.287332
2.048598
1.823248
1.720964
1.815755
1.958393
2.036150
1.982228
1.801329
1.905878
2.063740
2.379373
2.778697
3.009821
2.994013
2.755218
2.577795
2.655275
3.033516
3.578694
4.251918
5.031916
5.924561
6.923409
8.002785
8.965876
9.405810
8.993972
7.992444
6.909714
5.980008
5.309430
4.940327
4.372804
3.822264
3.647486
3.437680
3.053039
2.715191
2.411367
2.174880
2.087486
1.916195
1.948070
2.361556
2.675132
2.694251
2.388199
1.985506
1.667027
1.406561
1.204275
1.129950
1.172552
1.325309
1.347904
1.221868
1.158113
1.288041
1.246674
1.429185
1.549899
1.495735
1.269757
1.023606
0.788935
0.611240
0.647946
0.661377
0.878353
1.321082
1.744353
2.075819
2.382978
2.575074
2.778594
2.997634
3.176955
3.278682
3.159839
2.942378
2.682054
2.419173
2.175268
1.890502
1.669512
1.464951
1.416742
1.534135
1.368051
1.312412
1.567660
1.888087
2.095117
2.248791
2.329867
2.299069
2.175627
2.007112
1.734442
1.469813
1.449969
1.379282
1.345480
1.255498
1.110901
0.963170
1.007626
1.156304
1.255013
1.317643
1.274219
1.163814
1.060690
1.155687
1.270946
1.324939
1.329190
1.368043
1.807893
2.028108
1.795630
1.382877
1.007351
0.902292
0.834708
0.878055
0.959972
1.007012
1.144815
1.263047
1.233932
1.251566
1.363890
1.523096
1.710742
1.964595
2.211564
2.391703
2.470759
2.436345
2.330516
2.219836
2.069323
1.812808
1.833646
1.815971
1.954343
1.991782
1.921049
1.854585
1.860930
1.972785
2.126044
2.266572
2.303398
2.526467
2.974004
3.301222
3.285737
3.187537
3.439203
3.686143
3.813570
3.715297
4.205051
4.249258
3.785680
3.343750
3.371335
3.387654
3.306219
3.033375
2.701165
2.432818
2.171913
1.949477
1.839482
2.003236
2.236071
2.597375
2.910359
2.948501
2.691201
2.325676
2.001507
2.265802
2.533619
2.732236
2.775276
2.670284
2.420588
2.522017
2.392927
2.060752
1.647200
1.544646
2.092442
2.726904
3.304411
3.800220
3.768396
3.088300
2.381789
1.779858
1.639643
1.802956
2.052889
2.334700
2.688469
2.833109
2.812721
2.787183
3.080047
3.376683
3.629246
3.856089
4.044508
4.262988
4.446643
4.534819
4.447205
4.252669
4.100552
3.898267
3.825254
3.904501
3.899300
3.729915
3.488010
3.247165
3.106329
3.150867
3.076339
3.179131
3.151618
2.992858
2.766801
2.950034
3.184148
3.367559
3.458572
3.397316
3.462360
3.727380
4.220254
4.787001
5.009801
4.913571
4.561109
4.676552
4.952865
5.251201
5.552850
5.761380
5.759887
5.560169
5.280559
5.014872
4.760945
4.486816
4.339014
4.441150
4.660535
4.976262
5.196953
5.222097
5.037399
4.960366
4.897210
5.076305
5.326274
5.610794
5.690234
5.479077
5.176795
4.826359
4.567785
4.707649
5.003098
5.221950
5.333518
5.418814
5.520047
5.510281
5.393202
5.125808
4.888853
4.804250
4.693126
4.723989
5.032021
5.179036
5.343282
5.472841
5.381361
5.098176
4.811268
5.218516
5.668303
6.128830
6.645718
7.115317
7.342186
7.280822
6.905575
6.504329
6.310759
6.550161
6.927629
7.402350
7.645982
7.547633
7.153232
6.632923
6.593379
7.109100
7.403590
7.566727
7.624294
8.145314
8.865228
9.675120
10.322191
10.606859
10.159772
9.774240
10.166887
10.199452
9.925938
9.709921
9.240650
8.675849
8.701470
8.964820
8.959872
8.704233
8.268395
7.904413
7.486173
7.023896
6.735295
6.692397
6.819501
6.801290
6.564691
6.463407
6.447905
6.341336
6.004170
5.635885
5.303790
5.221668
5.124508
4.823299
4.475544
4.094131
3.689015
3.144978
2.921553
2.834228
2.758082
2.569335
2.359804
2.200170
2.202939
2.261947
2.343715
2.280154
2.090173
1.876234
1.649308
1.443736
1.273377
1.140185
1.128500
1.418074
1.695579
1.805266
1.683747
1.407131
1.119200
1.323608
1.498408
1.686168
1.480995
1.136282
0.789256
0.528117
0.318598
0.315781
0.278725
0.252482
0.210943
0.157655
0.167383
0.206077
0.217249
0.262858
0.287278
0.343013
0.436815
0.552609
0.680606
0.825266
0.974714
1.046728
0.872912
0.519033
0.418772
0.396566
0.210898
0.146129
0.190331
0.275415
0.385203
0.511761
0.653598
0.823393
1.024322
1.255255
1.507476
1.769568
2.006170
2.074921
1.646355
1.433545
1.579743
1.835346
2.123553
2.325048
2.503566
2.807956
3.051074
2.827147
2.582679
3.260807
3.453115
3.333813
3.093383
3.074934
2.898036
2.784920
2.655242
2.188225
1.672716
1.220622
0.839355
0.532144
0.313783
0.510238
0.764514
1.076662
1.402417
1.600835
1.224530
0.717349
0.646012
0.768040
1.054065
1.481433
2.026679
2.631247
3.144959
3.800220
2.219113
0.000000
0.000000
0.000000
0.000000
0.000000
0.000000
0.000000
0.000000
