track	type=wiggle_0
fixedStep	chrom=chr	start=1	step=1
0.000000
0.000000
0.000000
0.000000
0.000000
0.000000
0.000000
0.000000
0.000000
0.309705
0.658934
0.907113
1.050429
1.107605
1.070749
0.842519
0.417420
0.209460
0.164111
0.140376
0.183366
0.270955
0.382355
0.481859
0.487456
0.697642
0.902365
0.994725
0.859302
0.641935
0.665994
0.855333
0.617537
0.344478
0.153852
0.055891
0.011233
0.003389
0.002613
0.003235
0.008320
0.007079
0.000106
0.041624
0.181019
0.393512
0.562681
0.694026
0.711445
0.736544
0.893465
1.046769
1.071038
0.966578
0.875705
0.956871
0.914967
0.773502
0.592481
0.547642
0.739326
0.992976
1.288019
1.576526
1.767084
1.671695
1.429513
1.175047
0.925429
0.693555
0.505306
0.373939
0.255896
0.183680
0.112453
0.051370
0.071118
0.085618
0.066832
0.037125
0.012326
0.000801
0.013272
0.128280
0.287139
0.421648
0.662292
0.824160
0.868291
0.874788
0.868291
0.838060
0.730415
0.608571
0.680232
0.682731
0.616806
0.512970
0.413190
0.331479
0.278925
0.240019
0.187166
0.189813
0.178929
0.138861
0.098348
0.074156
0.062809
0.058694
0.082310
0.121324
0.162916
0.178258
0.159831
0.115979
0.072351
0.055534
0.174769
0.410990
0.859372
1.090960
1.155466
1.166868
1.166868
1.166868
1.155466
1.086678
0.845744
0.390256
0.199908
0.269024
0.378236
0.531069
0.718982
0.946361
1.215123
1.529404
1.896204
2.316472
2.796381
3.299906
3.696918
3.888083
3.610238
3.173603
2.832236
3.423494
4.141975
4.946207
5.661238
5.993025
5.637021
4.923558
4.128047
3.434472
2.890429
2.601307
2.232981
1.860504
1.512449
1.187944
0.913454
0.710266
0.633984
0.508997
0.363813
0.246816
0.169013
0.173225
0.248121
0.339173
0.446451
0.566960
0.686796
0.786330
0.826430
0.800661
0.841278
0.829793
0.726726
0.751480
0.931109
1.132893
1.356836
1.606762
1.876646
2.101977
2.220506
2.101976
1.878312
1.625641
1.379103
1.160627
1.235059
1.381198
1.480920
1.466413
1.335289
1.179788
1.147554
1.321518
1.512867
1.722061
1.951712
2.200207
2.463284
2.700207
2.873214
2.878434
2.711946
2.459586
2.193385
1.945127
1.716047
1.508459
1.327475
1.188864
1.166399
1.143634
1.054299
0.929004
0.794263
0.662979
0.546171
0.567766
0.495376
0.482974
0.498588
0.469628
0.564251
0.675294
0.688859
0.608037
0.542226
0.633074
0.733083
0.825115
0.911763
0.918266
0.849059
0.787454
0.689596
0.657946
0.865031
1.066877
1.220426
1.185966
1.164197
1.466524
1.854839
2.304992
2.746609
3.059579
3.086493
2.822778
2.768045
3.237981
3.944034
4.802985
5.774945
6.825571
8.157155
10.332197
12.061228
12.545689
12.061228
10.317545
8.110306
6.728397
5.598637
4.618085
3.780029
3.102808
2.698145
2.711106
2.498663
2.142524
1.737265
1.407143
1.168977
0.919008
0.728859
0.663487
0.614554
0.489632
0.451964
0.571525
0.696328
0.755231
0.811714
0.829810
0.830650
0.812465
0.716247
0.821304
0.944834
1.070856
1.077444
0.948023
0.781820
0.615479
0.532388
0.653696
0.729619
0.701940
0.595684
0.463957
0.346729
0.260008
0.260926
0.263421
0.345821
0.571228
0.868256
1.217834
1.524669
1.566122
1.304062
1.249615
1.561655
1.716178
1.554991
1.239391
0.945656
0.720877
0.851230
1.049983
1.337635
1.517271
1.310802
0.862350
0.646521
0.483129
0.364292
0.413141
0.623152
0.837067
1.073726
1.410961
1.709572
1.708491
1.410478
1.061414
0.747681
0.878375
1.056643
1.136921
1.077370
1.141085
1.308836
1.560787
1.857648
2.211507
2.610189
3.011048
3.287450
3.285434
3.001754
2.603624
2.205760
1.848488
1.532747
1.254053
1.011333
0.811263
0.636127
0.478747
0.345004
0.262581
0.199563
0.096762
0.040262
0.031556
0.035999
0.026942
0.008930
0.000241
0.000000
0.006360
0.049765
0.140311
0.248509
0.282411
0.198794
0.119965
0.111070
0.102763
0.098761
0.095994
0.088978
0.066009
0.027076
0.000832
0.000000
0.000000
0.000000
0.000000
0.000000
0.000000
0.000000
0.000000
0.000000
0.000000
0.000000
0.000000
0.000000
0.000000
0.000000
0.000000
0.000000
0.000000
0.000000
0.000000
0.000000
0.000000
0.000000
0.000000
0.000000
0.000000
0.000000
0.000000
0.000000
0.000000
0.000000
0.000000
0.000000
0.000000
0.000000
0.000000
0.000000
0.000000
0.000000
0.000000
0.000000
0.000000
0.000000
0.000000
0.000000
0.000000
0.000000
0.000000
0.000000
0.000000
0.000000
0.000000
0.000000
0.000000
0.000000
0.000000
0.000000
0.000000
0.000000
0.000000
0.000000
0.000000
0.014635
0.082049
0.214565
0.445941
0.755648
0.962222
0.932941
0.878811
0.763733
0.543669
0.359834
0.242832
0.178765
0.183941
0.339020
0.542880
0.620104
0.555250
0.365147
0.178379
0.111957
0.201125
0.319196
0.457774
0.564905
0.575412
0.473163
0.452657
0.384973
0.249937
0.135938
0.077228
0.059328
0.051126
0.070258
0.134814
0.230238
0.311103
0.298885
0.202638
0.271032
0.343267
0.547566
0.852821
1.278688
1.856023
2.175423
2.295031
2.273185
2.069999
1.582041
1.146591
1.154229
0.987740
0.761663
0.525229
0.316817
0.256406
0.330695
0.402801
0.448860
0.442785
0.380545
0.306818
0.242363
0.244385
0.320774
0.396924
0.459464
0.487583
0.496986
0.490462
0.566133
0.566849
0.493769
0.565482
0.723087
0.839921
0.858079
0.873337
1.046752
1.230267
1.301533
1.266361
1.105453
0.950795
0.912744
0.924021
0.954138
1.218427
1.563375
1.924702
2.158835
2.127803
2.239740
2.136555
1.838165
1.522688
1.236224
1.206926
1.457304
1.701115
1.935946
2.006304
1.930764
1.769676
1.845128
1.792554
1.635417
1.461438
1.244026
1.025360
0.919965
1.161716
1.499311
1.898331
2.556519
3.107117
2.804596
2.052575
1.479315
1.061165
0.845583
0.936629
0.986056
1.150833
1.439021
1.751117
1.925386
1.869777
1.593088
1.312628
1.435823
1.850778
1.914611
1.722286
1.589086
1.748414
1.789662
1.604654
1.404037
1.637766
1.899962
2.185569
2.497825
2.841055
3.175474
3.401552
3.414403
3.211253
2.879250
2.533320
2.219519
1.945424
1.736932
1.546885
1.352197
1.155786
0.973972
0.823729
0.736547
0.710882
0.611136
0.496383
0.400800
0.334623
0.269104
0.215502
0.154246
0.100463
0.134032
0.187241
0.237153
0.247162
0.282400
0.330540
0.385751
0.445220
0.515839
0.598002
0.690123
0.793818
0.902961
0.998463
1.019341
0.965403
0.862006
0.731842
0.611131
0.524003
0.612051
0.718609
0.838461
0.963782
1.121250
1.254526
1.379419
1.417034
1.428986
1.384045
1.785558
1.738446
1.259715
0.878962
0.772299
0.659349
0.554266
0.467456
0.409458
0.415633
0.383976
0.332662
0.281414
0.265442
0.231492
0.203528
0.202361
0.171604
0.130863
0.099660
0.125292
0.152799
0.192487
0.208999
0.198215
0.166757
0.192912
0.225155
0.267335
0.348244
0.438821
0.546341
0.669939
0.809985
0.972150
1.162583
1.376683
1.607206
1.855148
2.116849
2.373013
2.594437
2.630607
2.463864
2.216635
1.966201
1.723497
1.493276
1.282000
1.092467
0.945310
0.851366
0.863668
0.797874
0.687500
0.587401
0.543331
0.518597
0.537790
0.618534
0.599754
0.576644
0.735955
0.923718
1.145035
1.293012
1.275884
1.114522
0.934399
0.728763
0.643964
0.664749
0.592387
0.564725
0.815232
1.086328
1.244421
1.179858
1.443431
1.903317
2.510792
3.078409
3.059674
2.491626
2.034703
1.850236
1.573770
1.748731
2.132053
2.067658
1.510890
1.125467
0.772757
0.491861
0.295298
0.178867
0.145953
0.088861
0.077235
0.061200
0.044853
0.050903
0.067521
0.067758
0.051262
0.030956
0.014774
0.005079
0.000693
0.001086
0.002453
0.000916
0.000813
0.009415
0.026725
0.048850
0.065683
0.061386
0.050039
0.033682
0.026389
0.018001
0.014251
0.016286
0.033026
0.057951
0.088755
0.105091
0.089954
0.114543
0.168147
0.231998
0.288824
0.286742
0.235426
0.167981
0.107482
0.116475
0.117136
0.141556
0.197144
0.271258
0.348998
0.386804
0.376160
0.356066
0.392108
0.465977
0.555108
0.642025
0.727202
0.802512
0.806801
0.756548
0.702611
0.703971
0.661074
0.576531
0.834274
1.176131
1.595383
2.057578
2.469357
2.517553
2.197589
1.749521
1.326026
1.116252
1.182195
1.165496
1.065788
0.952495
0.811734
0.666878
0.648295
0.831104
0.920785
0.943270
1.051405
1.091585
1.039332
0.904514
0.767093
0.717801
0.579899
0.643146
0.749269
0.861299
0.978077
1.024198
0.973839
1.079211
1.255093
1.455754
1.670680
1.906326
2.151699
2.415639
2.713074
3.038976
3.384709
3.744202
4.109049
4.396483
4.586912
4.470553
4.211670
3.867675
3.486340
3.115160
2.775554
2.952522
3.230808
3.601407
3.986062
4.346073
4.668888
4.717537
4.459390
4.058291
3.632907
3.221503
2.845838
2.497903
2.289174
2.572170
2.879212
3.144142
3.321627
3.246176
3.037868
2.760224
2.475945
2.217825
2.131122
2.036690
1.872478
1.747263
1.849074
2.089447
2.333565
2.530257
2.551465
2.396465
2.174542
2.049977
2.137814
2.119977
1.991130
1.795536
1.604851
1.428598
1.274418
1.123046
0.974329
0.824846
0.730436
0.638942
0.597461
0.492259
0.343893
0.265206
0.241583
0.250299
0.288537
0.349982
0.372593
0.351462
0.409835
0.355891
0.323668
0.287918
0.240581
0.357758
0.616149
1.001481
1.594713
1.999633
2.141302
2.136555
1.999670
1.622882
1.066292
0.808955
0.823690
0.774689
0.677287
0.752759
0.878326
0.979007
0.998660
1.107395
1.239532
1.171366
0.972838
1.053653
1.226720
1.409299
1.593784
1.801426
2.036633
2.253532
2.412971
2.407634
2.717587
2.945221
3.043475
3.039664
2.906151
2.534455
1.781653
1.224795
0.915091
0.811131
0.701581
0.586323
0.479350
0.379727
0.288483
0.208733
0.144310
0.147429
0.186737
0.208797
0.189521
0.160366
0.168557
0.147924
0.114993
0.076589
0.044789
0.019684
0.004249
0.000000
0.000000
0.000000
0.000000
0.000000
0.000000
0.000000
0.000000
0.000000
0.000000
0.000000
0.000000
0.000000
0.000000
0.000000
0.000000
0.000000
0.000000
0.000000
0.000000
0.000000
0.000000
0.003815
0.043619
0.137701
0.296352
0.528297
0.841052
1.267936
1.699276
1.942724
2.077608
2.133234
2.105540
1.762428
1.334138
1.062179
0.932393
0.834740
0.671967
0.422210
0.284348
0.248085
0.306501
0.385965
0.483772
0.467081
0.333650
0.209991
0.101738
0.072238
0.126643
0.150142
0.142014
0.112481
0.062972
0.027794
0.007737
0.000000
0.000000
0.000000
0.000000
0.000000
0.000000
0.018943
0.056445
0.057212
0.025519
0.009780
0.017812
0.021812
0.037357
0.072200
0.073422
0.081423
0.192585
0.418885
0.537520
0.582638
0.581715
0.541899
0.451112
0.289517
0.195461
0.117892
0.039471
0.014095
0.005792
0.002602
0.000409
0.000000
0.000000
0.000000
0.000000
0.000000
0.000000
0.000000
0.000000
0.000000
0.000000
0.000000
0.000000
0.000000
0.000000
0.000000
0.000000
0.000000
0.000000
0.000000
0.000000
0.000000
0.000000
0.000000
0.000253
0.036053
0.139241
0.327529
0.631898
0.893881
1.034680
1.113889
1.526624
1.882413
1.940881
1.693477
1.306599
0.970240
0.712789
1.000784
1.332497
1.633659
1.747243
1.591819
1.345055
1.716241
2.185970
2.639479
2.764171
2.973180
3.550158
3.989527
3.281256
2.469937
1.825535
1.315777
0.908582
0.592250
0.361485
0.203937
0.314259
0.453288
0.619253
0.800441
0.974492
1.075052
1.023851
0.849873
0.666600
0.548684
0.614831
0.694654
0.664483
0.531078
0.421286
0.364436
0.257325
0.162605
0.148857
0.226621
0.288088
0.379144
0.484199
0.585361
0.829349
1.182077
1.612283
2.130615
2.680395
3.089682
3.105878
2.692203
2.116545
1.593670
1.165224
1.157833
1.336964
1.493583
1.552133
1.476645
1.315357
1.162239
1.044872
0.968234
1.099336
1.206830
1.477839
1.736866
1.882447
1.905955
1.902717
1.996784
2.208779
2.467332
2.933931
3.457065
3.940825
4.131495
3.958108
3.526228
3.024411
2.571743
2.615798
2.772620
2.830810
2.708408
2.516878
2.303578
2.162241
2.136296
2.149514
2.114063
2.008763
2.137658
2.407323
2.692254
3.005852
3.346610
3.670460
3.865932
3.826880
3.611167
3.754557
4.004310
4.329728
4.725178
5.167791
5.572846
5.795281
5.823208
5.653863
5.247989
4.793960
4.366507
3.968691
3.593408
3.308385
3.290280
3.492095
3.771826
4.095228
4.449634
4.776181
5.041043
5.048462
4.919868
5.019072
4.892662
4.565142
4.331702
4.614984
4.709846
5.177167
5.731380
6.329319
6.783367
6.772372
6.280651
5.655670
5.036109
4.470742
4.495489
4.935843
5.294342
5.647106
5.920195
5.978791
5.888960
5.984022
6.100697
6.056760
5.874801
5.987228
5.719533
5.224517
4.728235
4.688666
5.737372
6.956172
8.232724
8.219225
6.908568
5.687369
4.650170
3.758770
2.990520
2.731252
2.920314
3.516897
4.191304
4.864462
5.471044
5.994165
6.142817
5.902263
5.927047
5.798751
5.258030
4.606477
4.001107
4.046080
3.950175
3.698785
3.399946
4.255235
4.619789
4.197561
3.135977
2.342082
1.857693
1.731892
1.611475
1.699080
1.757261
1.820530
2.035435
2.165752
2.079571
1.883508
1.954925
2.256330
2.559870
2.822422
3.021655
2.975125
2.771060
2.490820
2.203552
1.921652
1.672759
1.450452
1.372874
1.231177
1.336952
1.561362
1.752513
1.760693
1.570316
1.408697
1.173770
1.029252
1.255879
1.454548
1.519402
1.405044
1.173815
0.971206
1.160523
1.257360
1.246836
1.097693
0.883123
0.875500
0.954336
0.928274
0.846032
0.735669
0.621717
0.511725
0.477051
0.550212
0.613027
0.626228
0.750427
1.090160
1.515252
2.027055
2.572077
3.084215
3.594037
3.591266
3.036735
2.386809
1.798219
1.312101
0.919082
0.610618
0.472808
0.407881
0.321171
0.320726
0.318642
0.226948
0.187355
0.167644
0.130441
0.087752
0.050884
0.036125
0.028696
0.013407
0.034903
0.079594
0.141643
0.209199
0.238171
0.215721
0.145099
0.081179
0.033688
0.052426
0.092854
0.153987
0.231770
0.311237
0.346505
0.329689
0.274981
0.207625
0.134225
0.137945
0.118228
0.075323
0.035372
0.010695
0.015201
0.029206
0.079957
0.183895
0.314989
0.540452
0.823544
1.141594
1.485302
1.772022
1.837665
1.619805
1.289255
0.916309
0.921558
0.770963
0.531938
0.446589
0.404997
0.391631
0.373445
0.375482
0.362050
0.356179
0.281958
0.170741
0.083428
0.038909
0.059418
0.069012
0.108623
0.195400
0.304010
0.427958
0.559645
0.749622
0.912123
0.968069
0.904377
0.746757
0.564384
0.406318
0.279098
0.174167
0.092043
0.035005
0.023098
0.106722
0.235541
0.330492
0.208350
0.090533
0.040032
0.062389
0.056227
0.031276
0.009594
0.003651
0.001015
0.000000
0.000000
0.000000
0.000000
0.004906
0.017627
0.026870
0.023720
0.015017
0.006884
0.001707
0.000000
0.000000
0.000000
0.000000
0.000000
0.000000
0.000000
0.000000
0.009028
0.038671
0.071074
0.069820
0.037548
0.047363
0.045753
0.027092
0.012757
0.020578
0.031226
0.062543
0.176140
0.355724
0.612688
0.949816
1.376485
2.033241
2.485728
2.649708
2.684525
2.685419
2.648886
2.488386
2.042876
1.387689
0.984741
0.731976
0.468785
0.267387
0.138480
0.070535
0.089362
0.192107
0.312762
0.363208
0.328496
0.223491
0.138608
0.129828
0.086474
0.041231
0.062790
0.185090
0.394586
0.738359
1.113558
1.291078
1.345034
1.366566
1.388337
1.410420
1.399629
1.215284
0.875357
0.572028
0.366704
0.260660
0.179185
0.079518
0.037010
0.053649
0.087210
0.116822
0.149081
0.145902
0.113914
0.140787
0.155905
0.138071
0.103469
0.092095
0.113860
0.122440
0.153347
0.173973
0.146010
0.103796
0.140932
0.148125
0.134153
0.179275
0.227635
0.290169
0.385851
0.514217
0.720016
0.985114
1.365488
1.858230
2.349693
2.553118
2.357513
1.867677
1.379838
1.004351
0.700157
0.553907
0.576980
0.640362
0.631968
0.644661
0.781178
0.973267
1.142205
1.247478
1.347449
1.322605
1.174582
1.044711
1.127299
1.239674
1.511635
1.763286
1.859211
1.907540
2.010382
2.050024
2.342992
2.706794
3.113550
3.497559
3.756079
3.779571
3.603057
3.215775
2.889287
2.638858
2.306371
2.001768
2.120742
2.049782
1.972927
2.011915
1.934396
1.882358
1.948638
2.164219
2.392640
2.694908
3.011163
3.268178
3.374243
3.265385
2.986816
2.701326
2.475767
2.195709
1.918243
2.151764
2.419946
2.388790
2.161168
1.904655
2.289880
2.981526
3.799022
4.721022
5.959301
7.717522
8.721279
9.004148
8.741372
7.756006
6.031745
4.770296
3.879171
3.220582
3.447777
3.517025
3.518345
3.306568
3.018830
2.776152
2.984413
3.361277
3.583325
4.148011
4.790349
5.277556
5.472972
5.121842
4.477890
3.864239
3.286910
2.741138
2.256326
2.084614
2.753933
3.784572
4.133025
3.755511
2.672069
1.890641
1.351880
1.167513
1.269250
1.385475
1.587702
1.647739
1.557820
1.518486
1.460083
1.315574
1.192769
0.980719
0.961522
1.014454
0.972623
0.871788
0.778971
0.726262
0.665851
0.577505
0.560283
0.574632
0.730879
1.003083
1.341759
1.587563
1.789190
1.930173
1.992382
2.053720
2.175657
2.157980
2.134910
2.367888
2.602979
2.773482
2.832777
2.778493
2.608863
2.409341
2.231757
2.389633
2.580081
2.671077
2.590463
2.506666
2.428990
2.219517
2.007032
1.802878
1.670198
1.691689
1.662354
1.635983
1.851631
2.071124
2.248050
2.325549
2.223821
2.032705
1.809775
1.606503
1.517727
1.556342
1.677683
1.868975
1.936238
1.903179
1.760986
1.680285
2.262852
3.081627
3.624865
3.855619
3.965000
3.986745
3.948231
3.810490
3.538114
3.436040
3.866473
4.168838
4.206523
4.291357
4.259459
3.925169
4.416195
4.684522
4.324490
3.747953
4.300734
4.946936
5.631425
6.377158
7.115977
7.969104
8.876166
9.718160
10.030560
9.645139
8.749400
7.832507
7.048175
6.687462
6.321172
5.856891
5.698455
5.685575
5.287311
4.743939
4.163061
3.616457
3.171244
2.744870
2.449878
2.789229
3.016940
3.041250
2.847342
2.529090
2.192002
2.369930
3.361885
4.092986
4.362901
4.369811
4.116857
3.416603
2.594144
2.613861
2.445704
2.214522
1.986351
1.763261
1.789546
2.015676
2.253556
2.513091
2.815542
3.238399
3.795850
4.259725
4.570775
4.628881
4.810186
5.030278
5.074664
4.885753
4.653541
4.344151
4.119030
4.073719
4.054514
3.833422
3.563892
3.409029
3.263537
3.101347
3.277934
3.449291
3.431041
3.210315
2.908783
2.679539
2.457197
2.365868
2.222139
2.082671
2.282958
2.475919
2.675611
2.873096
3.046564
3.175503
3.174294
3.189912
3.377908
3.436100
3.357840
3.163397
3.102175
3.317554
3.524168
3.593811
3.479078
3.424508
3.987916
4.589236
5.138879
5.437388
5.315111
4.904582
4.716226
4.352367
3.953753
4.083564
4.836439
5.695839
6.659750
7.709414
8.714628
9.416348
9.869238
10.275993
10.806978
11.612395
11.972320
11.559649
10.433630
9.122169
7.903100
6.813231
5.818878
5.055834
4.931884
4.618691
4.973023
5.559744
6.090954
6.373693
6.137608
5.538139
4.837305
4.184314
3.596419
3.095539
3.029247
3.044247
3.120581
3.193749
3.305969
3.641651
4.003458
4.499656
5.031945
5.474520
5.802408
5.685952
5.289155
4.825124
4.657973
4.512723
4.283498
3.993740
3.703810
3.822888
3.920821
3.700857
3.366483
3.134588
2.978322
3.002340
2.879405
2.615697
2.381041
2.285114
2.368520
2.458133
2.765518
3.047786
3.297805
3.482210
3.655591
3.653299
3.431281
3.128395
3.152094
3.377430
3.565200
3.707338
3.902193
3.944657
3.850346
3.638068
3.408023
3.533377
3.831664
4.133153
4.435502
4.686574
4.809811
4.723898
4.948679
5.022019
5.074494
4.911937
4.594519
4.228194
3.873682
3.841166
3.965844
4.197333
4.289354
4.231254
4.138267
4.287023
4.621277
4.974706
5.352005
5.709928
6.016653
6.190379
6.217522
6.322217
7.057273
7.685814
8.059712
8.267518
8.183537
7.913834
7.563556
6.890253
6.269945
6.024510
5.791712
5.494308
5.266155
5.376159
5.315695
5.082649
4.649459
4.274668
4.378114
4.342188
4.386221
4.628535
4.801935
4.757373
4.752105
4.744370
4.965382
5.211487
5.416489
5.411440
5.202654
4.863588
4.476410
4.115972
3.808333
3.614736
3.881057
4.139642
4.328602
4.311086
4.140170
3.824757
4.484505
5.039341
5.053291
4.507334
3.763480
4.046159
4.440652
4.846077
5.249200
5.624167
5.899043
5.901846
5.631299
5.218392
4.797675
5.288491
5.806673
6.302186
6.622085
6.537315
6.120276
6.491264
7.067361
7.754190
8.470043
8.938892
9.042068
8.542321
7.846757
7.159363
6.521118
5.976585
5.624124
5.612553
5.382589
5.336645
5.813187
6.264356
6.530008
6.550409
6.322569
5.922485
5.489691
5.038274
4.599475
4.181706
3.771164
3.364731
2.982028
2.645062
2.474628
2.582995
2.616561
2.598955
2.547945
2.473104
2.415260
2.556606
2.592323
2.492343
2.278366
2.063191
1.883111
1.835719
2.026538
2.118443
2.098354
1.995506
2.205289
2.311795
2.247546
2.064873
1.846460
1.616459
1.694856
1.915763
2.136060
2.327409
2.402125
2.323220
2.434540
2.546496
2.376451
2.139725
2.049637
1.487479
1.435124
1.250058
0.925334
0.608338
0.378223
0.269125
0.206201
0.148918
0.141604
0.100991
0.082290
0.149204
0.222980
0.291745
0.357848
0.401239
0.505902
0.585206
0.525589
0.427418
0.286427
0.242718
0.284609
0.314409
0.290193
0.304936
0.244763
0.156546
0.163278
0.227757
0.320987
0.437573
0.571320
0.715652
0.849726
0.960009
1.151838
1.387997
1.639284
1.840945
1.788891
1.202045
1.008500
1.133379
1.357760
1.635236
1.941396
2.274567
2.585564
2.903067
3.086657
3.818552
4.449450
4.530370
4.156909
4.184314
3.492479
3.034862
2.524991
2.399431
1.941547
1.435893
0.998247
0.646702
0.379484
0.189963
0.074909
0.018344
0.004542
0.000000
0.006315
0.046844
0.106140
0.102966
0.004374
0.000488
0.015852
0.051734
0.053734
0.023504
0.232096
0.662292
0.000000
0.000000
0.000000
0.000000
0.000000
0.000000
0.000000
0.000000
