track	type=wiggle_0
fixedStep	chrom=chr	start=1	step=1
0.000000
0.000000
0.000000
0.000000
0.000000
0.000000
0.000000
0.000000
0.000000
0.323870
0.688873
0.948807
1.098936
1.159133
1.121622
0.885742
0.445403
0.230285
0.185799
0.160428
0.208293
0.303629
0.422777
0.527950
0.531998
0.750828
0.964875
1.061176
0.918223
0.692398
0.705574
0.900217
0.654354
0.370861
0.195231
0.175313
0.307213
0.479306
0.710422
0.990776
1.215938
1.207954
0.977926
0.709998
0.475087
0.324558
0.441483
0.582662
0.662967
0.609323
0.468365
0.310843
0.183501
0.092642
0.034741
0.011593
0.013568
0.029943
0.053429
0.133033
0.238082
0.276940
0.448443
0.713557
0.807104
0.826054
0.799867
0.681266
0.368353
0.145704
0.035443
0.000201
0.000000
0.000000
0.000000
0.000528
0.005489
0.006479
0.000017
0.000000
0.000000
0.006502
0.027091
0.055766
0.125762
0.335304
0.702763
0.871129
0.916999
0.923791
0.916999
0.885530
0.773764
0.478094
0.257188
0.251147
0.240466
0.210191
0.182540
0.162086
0.176524
0.222636
0.233676
0.213441
0.169415
0.124591
0.109936
0.117866
0.126685
0.136127
0.188361
0.252041
0.311383
0.379073
0.413147
0.384155
0.355162
0.445394
0.525016
0.576354
0.904492
1.143075
1.209645
1.279795
1.492223
1.656735
1.685748
1.515976
1.270504
1.034825
0.824906
0.643060
0.505089
0.535599
0.551246
0.524908
0.512733
0.557616
0.603094
0.670677
0.683774
0.641249
0.562011
0.471718
0.405501
0.438892
0.462176
0.431248
0.622259
0.912713
1.206837
1.340282
1.219049
0.923277
0.629744
0.557990
0.497294
0.511114
0.571994
0.683676
0.826563
0.965635
1.038268
1.001578
0.901210
0.811573
0.814736
0.906648
0.981174
1.144578
1.334060
1.516473
1.748377
1.998553
2.250789
2.441945
2.458321
2.284149
2.067881
2.125617
2.480590
2.869015
3.305333
3.779099
4.277956
4.723331
4.945189
4.979496
5.103300
4.941741
4.588004
4.232007
3.813294
3.411253
3.075700
2.768629
2.492381
2.161304
1.865849
1.680194
1.789873
2.030705
2.238450
2.320970
2.272560
2.076793
2.303975
2.933500
3.508137
3.814578
3.580401
3.554796
3.405587
2.952443
2.091473
1.667864
1.535889
1.425658
1.523259
1.668381
1.837473
2.021601
2.217468
2.426052
2.629019
2.774263
2.837915
2.818750
2.869726
2.824101
2.645133
2.779183
2.928226
3.130405
3.382280
3.662410
3.950977
4.219021
4.381801
4.394582
4.262732
4.185225
4.052878
4.071515
4.175485
4.106305
3.885926
3.620772
3.359864
3.135282
3.055622
2.994095
2.824481
2.635552
2.440437
2.250907
2.108742
2.349174
2.605359
2.859094
3.057229
3.134943
3.017244
2.782473
2.551245
2.488835
2.433731
2.299044
2.369150
2.317603
2.165169
2.062607
1.893574
1.690580
1.510950
1.685920
1.816531
1.957192
2.070007
2.200917
2.233002
2.307860
2.272883
2.531741
2.833052
3.193499
3.608068
4.063830
4.559101
5.095789
5.619821
5.960108
5.960029
5.614990
5.081483
4.541676
4.046523
3.596128
3.202446
2.931963
2.862247
2.632272
2.345295
2.096488
1.885198
1.683173
1.492550
1.283047
1.189310
1.364920
1.499922
1.571446
1.557082
1.547598
1.425450
1.275394
1.137276
1.111633
1.297501
1.509986
1.724087
1.887069
1.989100
2.051034
1.989690
1.794685
1.586843
1.456543
1.416130
1.298288
1.148216
1.122426
1.003812
0.855113
0.709491
0.651204
0.596872
0.511183
0.404529
0.359697
0.486421
0.602469
0.650816
0.748418
0.865035
0.948550
1.018442
1.206759
1.494882
1.847353
2.246301
2.622049
2.811059
2.619314
2.243916
1.848311
1.492489
1.200509
1.094443
1.197367
1.156194
0.987853
0.788693
0.599659
0.783472
0.812600
0.579805
0.430369
0.296798
0.306029
0.228279
0.114995
0.037685
0.005540
0.001737
0.000000
0.000000
0.000000
0.000000
0.000000
0.000000
0.014233
0.057158
0.082052
0.100361
0.118936
0.118468
0.114888
0.112836
0.110502
0.102648
0.076297
0.029291
0.000000
0.000000
0.000000
0.000000
0.000000
0.000000
0.000000
0.000000
0.000000
0.000000
0.000000
0.000000
0.000000
0.000000
0.000000
0.000000
0.000000
0.000000
0.000000
0.000000
0.000000
0.000000
0.000000
0.000000
0.000000
0.000000
0.000000
0.000000
0.000000
0.000000
0.000000
0.000000
0.000000
0.000000
0.000000
0.000000
0.000000
0.000000
0.000000
0.000000
0.000000
0.000000
0.000000
0.000000
0.000000
0.000000
0.000000
0.000000
0.000000
0.000000
0.000000
0.000049
0.000000
0.000000
0.000000
0.000000
0.000000
0.000000
0.000000
0.000000
0.000000
0.004968
0.051566
0.156976
0.328347
0.589671
0.985161
1.545159
1.857429
1.866778
1.592355
1.088750
0.764495
0.542786
0.399907
0.307261
0.210044
0.365490
0.577492
0.656762
0.587277
0.385688
0.180641
0.080556
0.153506
0.252700
0.381651
0.536129
0.690026
0.815328
0.805197
0.725141
0.641096
0.550689
0.450385
0.584426
0.699872
0.790600
0.725810
0.607770
0.720314
0.954627
1.146376
1.311286
1.708911
2.217994
2.831852
3.525466
4.273445
5.168935
6.000100
5.954129
4.855957
3.706787
2.922117
2.280117
1.736286
1.483351
1.851615
2.249047
2.710056
3.171162
3.374005
3.324486
3.011030
2.523786
2.054601
1.645886
1.295090
1.303287
1.328780
1.231632
1.354333
1.261958
1.463646
1.608286
1.657222
1.545071
1.356899
1.250433
1.349752
1.446998
1.466283
1.543751
1.750263
2.004439
2.291823
2.610415
2.954416
3.318756
3.643287
3.788834
3.691111
3.379747
3.041217
2.778292
2.620367
2.473514
2.220884
2.198245
2.362610
2.361951
2.426865
2.774080
2.950783
2.814952
2.490439
2.207143
2.057752
2.387167
2.598120
2.886346
3.351136
3.902282
4.542138
5.253200
6.062624
6.944613
7.743519
8.055788
8.687647
7.773394
6.165868
5.460118
4.849353
4.322060
3.865836
3.921902
4.030969
4.493810
5.056698
5.295256
5.093981
4.561867
3.918493
3.294478
2.738657
2.258830
1.857851
1.678660
1.842784
1.882453
1.696127
1.388295
1.017266
0.691903
0.661270
0.818697
0.989589
1.154358
1.285796
1.325815
1.317896
1.177622
0.996797
0.821005
0.670177
0.567110
0.472354
0.366403
0.273573
0.195234
0.181591
0.257065
0.317944
0.383325
0.421354
0.399524
0.339098
0.260840
0.187196
0.125561
0.077470
0.046868
0.024945
0.042305
0.074826
0.110641
0.143500
0.152974
0.129539
0.084961
0.047906
0.064157
0.088523
0.078949
0.059447
0.087443
0.130855
0.179575
0.226335
0.272677
0.309489
0.313671
0.278383
0.222952
0.192360
0.152590
0.213292
0.399498
0.656480
0.990274
1.398958
1.821466
1.801777
1.344665
0.932977
0.606975
0.449689
0.455079
0.422616
0.358416
0.293596
0.237396
0.185968
0.139230
0.098291
0.063499
0.069680
0.068361
0.050892
0.031173
0.033557
0.056395
0.080824
0.085241
0.065918
0.042649
0.030643
0.057503
0.079566
0.070494
0.048168
0.023269
0.029163
0.060757
0.103093
0.159340
0.232747
0.326778
0.437745
0.566927
0.697842
0.818432
0.927157
0.943592
0.855879
0.729907
0.601568
0.482015
0.373170
0.279173
0.199407
0.143842
0.112053
0.120333
0.187716
0.227364
0.228595
0.321342
0.449124
0.594672
0.680049
0.644043
0.616593
0.792714
0.986749
1.214096
1.367243
1.351511
1.186920
1.002367
0.787518
0.703601
0.725532
0.653186
0.625687
0.869277
1.146616
1.303258
1.234240
1.498773
1.964175
2.581830
3.151862
3.134314
2.563986
2.099374
1.918061
1.636328
1.805811
2.190905
2.125641
1.564058
1.175598
0.813895
0.525135
0.319005
0.195042
0.159505
0.098923
0.047740
0.031148
0.012607
0.035332
0.053040
0.062105
0.097294
0.129755
0.210921
0.303201
0.357777
0.351884
0.426073
0.462770
0.423550
0.317924
0.211815
0.128077
0.067688
0.092796
0.106752
0.165807
0.272959
0.357035
0.351646
0.271956
0.353106
0.453515
0.571148
0.961630
1.239154
0.964429
0.714891
0.836783
0.924582
0.915365
0.826580
0.692196
0.560012
0.445141
0.349966
0.276680
0.225120
0.184028
0.150405
0.147334
0.203301
0.265647
0.323654
0.394605
0.480290
0.540156
0.533985
0.462541
0.371004
0.285019
0.210114
0.183288
0.165089
0.131498
0.096241
0.066573
0.058325
0.081809
0.106502
0.124527
0.115586
0.141944
0.169946
0.188960
0.229308
0.260270
0.260128
0.226462
0.188681
0.202460
0.190545
0.220898
0.379816
0.495558
0.530558
0.507048
0.495415
0.698704
0.892581
0.942948
1.183195
1.395513
1.363332
1.111547
0.934857
0.994326
1.086084
1.375206
1.744667
2.224714
2.767664
3.341415
3.603426
3.334317
2.788131
2.236925
1.773595
1.339937
0.967208
0.674476
0.467252
0.402955
0.420740
0.445443
0.513034
0.644916
0.812921
1.015157
1.242105
1.457419
1.616286
1.630382
1.518241
1.329209
1.159102
0.973226
0.786031
0.709057
0.846009
0.916980
0.909356
0.819756
0.673049
0.726607
0.797713
0.778223
0.685729
0.581591
0.474398
0.471009
0.556908
0.597008
0.555604
0.466066
0.389320
0.374807
0.369055
0.426893
0.661497
0.833667
1.011823
1.259849
1.203027
0.944598
0.668228
0.514409
0.523737
0.562061
0.657417
0.690439
0.915003
1.128216
1.319400
1.309971
1.080765
0.803067
0.591955
0.737887
0.924928
1.027293
0.985331
0.807655
0.602102
0.413069
0.356475
0.436309
0.421925
0.371702
0.375627
0.598359
0.914864
1.321318
1.848034
2.199960
2.326432
2.320001
2.173336
1.769733
1.182188
0.807460
0.675949
0.744394
0.675959
0.668722
0.668910
0.618097
0.545808
0.467402
0.558177
0.730796
0.860220
0.826178
0.668149
0.480157
0.369041
0.376463
0.612637
0.773345
0.848409
0.878106
0.905784
0.987216
1.345756
1.809230
2.131867
2.224840
2.023177
1.459709
0.911594
0.584968
0.342022
0.173371
0.067869
0.045925
0.051851
0.058865
0.083776
0.093427
0.063401
0.021601
0.000395
0.000000
0.000000
0.000000
0.000000
0.007695
0.065398
0.183512
0.380418
0.508955
0.513005
0.398047
0.176927
0.054757
0.003785
0.000788
0.007264
0.013404
0.014006
0.006373
0.000146
0.000000
0.000000
0.000000
0.000000
0.000011
0.012283
0.045101
0.092503
0.131617
0.115942
0.062930
0.057585
0.130882
0.233575
0.339574
0.430751
0.530693
0.746630
1.054530
1.397804
1.741053
1.870685
1.697212
1.507743
1.408639
1.300675
1.209814
1.127684
1.103103
1.129633
1.071170
0.963497
1.221801
1.427989
1.386558
1.114264
0.804117
0.537762
0.327515
0.173683
0.073187
0.020195
0.002607
0.000031
0.000000
0.000654
0.000028
0.000000
0.000000
0.000000
0.000000
0.000000
0.000000
0.000000
0.000000
0.000000
0.000000
0.000000
0.000000
0.000000
0.000000
0.000000
0.003923
0.072991
0.152629
0.184984
0.195206
0.195550
0.190434
0.172890
0.125379
0.050070
0.000000
0.000000
0.000000
0.000000
0.000000
0.000000
0.000000
0.000000
0.000000
0.000000
0.000000
0.000000
0.000000
0.000000
0.000000
0.000000
0.000000
0.000000
0.000000
0.000000
0.000000
0.000000
0.000000
0.000000
0.000000
0.000000
0.000000
0.000000
0.000000
0.004419
0.056069
0.175009
0.381133
0.707418
0.993642
1.149698
1.273239
1.712645
2.098239
2.156688
1.893361
1.489623
1.131143
0.904902
1.228284
1.587223
1.902987
2.022876
1.852608
1.554851
1.949062
2.443077
2.911016
3.036396
3.215685
3.799460
4.235532
3.488568
2.642807
1.974398
1.446142
1.023398
0.696475
0.465596
0.299980
0.159835
0.110651
0.107452
0.123323
0.170145
0.191528
0.187984
0.155492
0.119631
0.125515
0.118275
0.148373
0.174813
0.164040
0.109928
0.061557
0.030888
0.082846
0.221133
0.372923
0.426234
0.365422
0.202742
0.117358
0.122081
0.181260
0.340995
0.543505
0.742099
0.846155
0.749942
0.536640
0.394753
0.363334
0.307839
0.278796
0.289705
0.299551
0.285820
0.327660
0.338362
0.300636
0.254478
0.260673
0.297856
0.286241
0.375784
0.482047
0.543860
0.493113
0.425606
0.391952
0.477780
0.603906
0.747548
0.985667
1.211952
1.307381
1.224186
1.034718
0.811877
0.633944
0.908477
1.246420
1.556042
1.647880
1.490497
1.154916
0.824271
0.818149
0.697630
0.476408
0.385297
0.491150
0.615044
0.746609
0.889245
0.986983
0.974404
0.932759
0.902949
0.874817
1.005798
1.173633
1.338507
1.452344
1.424654
1.273490
1.088148
0.903534
0.884169
1.069172
1.251520
1.413467
1.429971
1.297985
1.266025
1.527311
1.761005
1.842270
1.735587
1.509559
1.288530
1.137141
0.953179
0.794938
0.793879
0.786259
0.856986
0.874352
1.057572
1.344453
1.678248
2.059701
2.438220
2.742407
2.727179
2.394419
2.030521
1.658867
1.328675
1.051836
0.811734
0.603843
0.693613
0.812902
0.871787
0.830260
0.714072
0.590921
0.468213
0.471765
0.572741
0.608377
0.716835
0.793398
0.823027
0.820725
0.779254
0.689420
0.496525
0.268853
0.269890
0.319075
0.348620
0.342389
0.300565
0.234681
0.274375
0.346999
0.369738
0.338501
0.274739
0.324298
0.391291
0.454092
0.507662
0.532073
0.584935
0.606584
0.568932
0.483933
0.594165
0.999330
1.536429
1.737149
1.534987
1.218884
1.485404
1.818181
2.181649
2.625020
3.556853
4.615909
5.027962
5.117024
5.025877
4.644254
3.695313
2.669541
1.992328
1.458001
1.047360
0.714938
0.464051
0.307832
0.391200
0.460902
0.621363
0.725137
0.671762
0.593859
0.529257
0.434863
0.544256
0.719728
0.941943
1.187003
1.406463
1.454332
1.338537
1.140327
1.306825
1.472636
1.492752
1.365276
1.151576
0.928893
0.850230
1.169481
1.540334
1.917934
2.109570
1.980269
1.683805
1.360550
1.567212
1.707247
2.281916
3.029599
3.975435
4.436564
4.052981
3.274889
2.905401
3.051527
3.658051
4.221914
4.864852
5.554423
5.554555
4.816259
3.946077
3.138560
2.451975
1.879861
1.410294
1.045793
0.812045
0.745462
0.898603
0.890411
0.724253
0.514421
0.333054
0.201130
0.111279
0.110522
0.099648
0.127259
0.142810
0.187563
0.262562
0.331501
0.359524
0.316650
0.242807
0.262316
0.268064
0.217553
0.302574
0.405671
0.536780
0.674028
0.789728
0.814688
0.748152
0.609896
0.472974
0.350507
0.244872
0.158172
0.090670
0.058253
0.039153
0.050478
0.073894
0.082436
0.065417
0.123183
0.269207
0.464326
0.683233
0.801752
0.815073
0.804540
0.932032
1.381827
1.919360
2.208484
2.391533
2.564349
2.404640
2.246816
2.056163
1.791233
1.752275
2.025490
2.270046
2.278837
2.151389
1.764475
1.328976
0.944576
0.758168
1.205859
1.405753
1.463667
1.475670
1.466851
1.417118
1.217355
0.751392
0.408350
0.216845
0.084861
0.046847
0.026546
0.006957
0.000000
0.000000
0.000000
0.000000
0.000000
0.000000
0.000000
0.000000
0.000000
0.000000
0.000000
0.000000
0.000000
0.004470
0.017985
0.033091
0.046018
0.043590
0.029957
0.015679
0.004082
0.000003
0.000000
0.000000
0.000000
0.000067
0.000001
0.000000
0.000000
0.001745
0.013019
0.031594
0.049936
0.058340
0.046593
0.023076
0.006759
0.001567
0.016864
0.037778
0.097081
0.183828
0.231381
0.371011
0.722761
1.141981
1.283351
1.155595
0.791180
0.498930
0.325070
0.159640
0.169490
0.185427
0.180331
0.180987
0.312751
0.486394
0.702896
0.914836
1.048472
0.984301
0.768101
0.538180
0.493484
0.707997
1.015679
1.306577
1.592645
1.770291
1.618194
1.279370
0.915709
0.612137
0.473388
0.479956
0.430310
0.346209
0.265978
0.275334
0.330538
0.410916
0.506405
0.597503
0.661705
0.631542
0.542448
0.436983
0.410134
0.495353
0.485396
0.540646
0.633197
0.726552
0.781098
0.770498
0.712654
0.802635
0.807759
0.884283
0.989025
1.049522
1.106624
1.126921
1.241211
1.419561
1.634381
1.845397
1.956186
1.915697
1.712914
1.483796
1.507660
1.649033
1.875956
2.136302
2.478630
2.859000
3.277536
3.704842
4.109543
4.449274
4.638524
4.448067
4.067044
3.603901
3.165198
2.940740
3.342609
3.512201
3.340856
2.940274
2.506907
2.183754
2.269344
2.492018
2.718527
2.908523
3.117361
3.377124
3.673983
3.940264
4.121376
4.075502
4.230987
4.314239
4.203774
3.903538
3.911047
4.202466
4.536234
4.918066
5.338781
5.805239
6.292865
6.697331
6.933866
6.816201
6.454588
6.037470
5.673487
5.314976
4.950372
4.843575
5.170126
5.416811
5.443697
5.250452
5.376587
5.390157
5.159031
4.852750
4.778849
4.844237
4.718334
4.481017
4.525691
4.642018
4.959953
5.299854
5.350949
5.157313
4.954522
5.323109
5.621428
5.703420
5.468919
4.999794
4.533505
4.130938
4.054893
4.833033
6.098972
7.824388
8.788050
9.108922
8.914569
7.941133
6.189460
5.565655
6.300277
7.122215
8.006727
8.815869
9.297797
9.196871
8.573154
7.905883
7.510358
7.365665
8.060690
8.406975
9.374387
10.470280
11.424330
11.906400
11.776452
11.043411
10.109800
9.171904
8.696398
8.200122
8.844365
9.239669
9.456156
8.797440
7.531683
6.687688
6.166692
5.526118
5.101338
4.569423
4.047549
3.824246
4.176788
4.326082
4.053541
3.598786
3.279066
3.261264
3.575991
3.943391
4.331007
4.697465
4.966911
5.345542
5.599773
5.598221
5.315712
4.977949
5.143390
5.644381
6.284484
6.449671
6.258604
5.904734
5.512298
5.366015
5.187989
5.370542
5.472255
5.702280
5.775442
5.784335
5.835281
6.164238
6.453888
6.580625
6.575196
7.043239
7.529792
7.962882
8.277369
8.260597
7.940473
7.503788
7.054967
6.673145
6.549926
6.404897
6.619225
6.917305
7.187098
7.132124
6.757839
6.293147
5.847138
5.447227
5.077784
4.724160
4.491484
4.405729
4.351807
4.400870
4.327926
4.534626
5.280711
5.549799
5.321472
5.192585
6.094754
6.543496
6.763865
6.797404
6.693570
6.408937
5.827940
4.934619
4.708644
4.492485
4.761162
5.051095
5.186993
5.139160
5.041158
5.057977
5.145890
4.903693
4.655076
5.371663
6.020615
6.477092
6.324795
5.738114
4.984212
4.969738
5.395473
5.709214
5.615335
5.194341
5.514224
6.123872
6.672475
7.038983
6.879393
6.318194
5.612102
4.931262
4.302197
3.714580
3.610076
3.373647
2.905444
2.596595
2.562028
2.375936
2.085866
2.166696
2.372736
2.400708
2.329166
2.471435
2.453565
2.637937
2.839033
2.851814
2.995937
3.688787
4.268579
4.355680
3.964808
3.590282
2.907323
2.346719
2.310660
2.566128
2.966328
3.592130
4.325078
4.730027
4.812117
4.710789
4.777770
4.925590
5.287795
5.506968
5.523496
5.380819
5.409758
5.303519
5.003512
4.640071
4.472290
4.797220
5.023658
5.084603
5.017347
5.030575
4.837825
4.513123
4.160738
3.838579
3.566623
3.511975
3.510095
3.481642
3.630080
3.907055
4.206288
4.400311
4.366548
4.125953
3.854502
3.646649
3.418607
3.279541
3.631229
3.991048
4.272629
4.357151
4.332339
4.305618
4.090699
3.733775
3.365381
3.017064
2.717206
2.808654
2.953478
3.391672
3.893151
4.445747
4.983083
5.373804
5.345942
4.977209
4.455037
3.950131
3.884977
4.169317
4.364151
4.441329
5.160728
5.987711
6.844324
7.549829
7.944811
7.471368
6.703832
5.880964
5.218982
5.056926
5.372320
5.669447
6.000995
6.125663
6.141113
6.458140
6.584539
6.571701
6.105021
5.384470
4.645236
4.190740
3.985320
4.121445
3.908393
3.388058
3.414523
3.326920
3.007877
2.640489
2.875906
3.533180
4.072778
4.373409
4.034953
3.353393
2.648794
2.066939
1.621482
1.237914
1.074485
1.377312
1.614400
1.609416
1.470827
1.551563
1.461801
1.373646
1.304081
1.164342
1.043072
1.005001
1.265339
1.486736
1.679133
1.683105
1.613499
1.768404
1.772497
1.732751
1.654088
1.714297
1.854028
2.005074
2.152417
2.304840
2.450473
2.529248
2.540077
2.511215
2.399433
2.233443
2.043825
1.929627
1.977426
2.122356
2.319594
2.540339
2.736535
2.825921
2.993052
3.133609
3.194609
3.225399
3.409472
3.519377
3.465258
3.285202
3.047778
2.805064
2.577007
2.638648
2.860135
3.059699
3.132655
3.059043
3.217897
3.334078
3.516710
3.610497
3.699783
3.874655
4.119508
4.265966
4.274898
4.312386
4.409750
4.593851
4.597938
4.446149
4.223703
3.973159
3.837780
3.938720
4.039415
4.021932
3.889257
3.960833
4.019563
3.920237
3.781835
3.638865
3.470247
3.398129
3.337274
3.277704
3.365846
3.453553
3.561063
3.641229
3.556329
3.397017
3.191291
3.102034
3.051074
3.137075
3.257932
3.382380
3.385949
3.200926
2.917281
3.075557
3.767029
4.312914
4.362434
3.880599
3.260719
3.277809
3.554973
3.924969
4.280456
4.600336
4.824146
4.818216
4.574466
4.227341
4.629869
4.982610
5.074880
4.841582
4.793969
5.165070
5.585262
6.131148
6.743171
7.437440
8.169895
8.716674
8.913625
8.460287
7.782595
7.106587
6.496757
5.973183
5.614035
5.578502
5.295844
5.182621
5.643703
6.065219
6.308464
6.304953
6.090799
5.710460
5.295951
4.867755
4.455588
4.065296
3.684601
3.318225
3.246270
3.228846
3.086434
2.859399
2.618129
2.386539
2.356852
2.302567
2.115457
1.919623
1.697374
2.037182
2.276043
2.456788
2.514812
2.413648
2.517963
2.608992
2.479542
2.509121
2.641967
2.686613
2.591706
2.697049
2.861917
3.030188
3.225785
3.278800
3.024745
3.090358
3.314126
3.587047
3.817070
3.838579
3.145172
2.439605
2.370806
2.458065
2.434579
2.431421
2.471335
2.271203
1.596632
1.423376
1.414618
1.527970
1.608937
1.726120
1.780545
1.959210
2.213234
2.506204
2.803325
3.059764
3.145843
2.992469
3.057271
3.017064
2.285183
1.787235
1.300206
0.986263
0.699586
0.661977
0.596266
0.423819
0.432215
0.517198
0.610204
0.742727
0.847751
0.994548
1.187852
1.415596
1.675564
1.965724
2.254820
2.446918
2.244941
1.444049
1.228935
1.346747
1.579955
1.861188
2.159959
2.436317
2.519533
2.572573
3.021881
3.745994
4.370927
4.452631
3.981549
4.050850
4.352698
3.939722
2.552365
2.353083
2.350654
2.193484
2.295357
2.273653
1.296718
0.825949
0.885191
1.033771
0.934927
1.042018
1.350647
1.756071
2.127441
2.066939
1.121276
0.665771
0.386681
0.061469
0.020660
0.000000
0.252701
0.702763
0.000000
0.000000
0.000000
0.000000
0.000000
0.000000
0.000000
0.000000
