track	type=wiggle_0
fixedStep	chrom=chr	start=1	step=1
0.000000
0.000000
0.000000
0.000000
0.000000
0.000000
0.000000
0.000000
0.000000
0.000000
0.000000
0.000000
0.003690
0.037210
0.133651
0.303577
0.365211
0.298063
0.191084
0.106716
0.047301
0.107539
0.231632
0.407650
0.603878
0.865528
1.104290
1.211752
1.054862
0.791289
0.855300
1.036255
1.059844
1.107470
1.147739
1.421234
1.814237
2.288028
2.854094
3.480173
3.986658
4.014729
3.520655
2.894217
2.332623
1.911016
2.126045
2.492597
2.641879
2.480711
2.125165
1.786815
1.435508
1.102650
0.818921
0.596600
0.479912
0.546551
0.709624
0.827488
0.831383
0.863927
1.033930
1.083166
1.085856
1.063376
0.991327
0.822417
0.457054
0.195019
0.057385
0.067529
0.092762
0.113707
0.134712
0.173090
0.171032
0.131047
0.079095
0.038133
0.013923
0.023441
0.087814
0.232954
0.479305
0.948484
1.279860
1.382319
1.402762
1.404285
1.402762
1.383739
1.294863
0.984362
0.509879
0.256297
0.102307
0.066811
0.082246
0.075309
0.060864
0.036541
0.034620
0.059431
0.069624
0.065517
0.050916
0.031173
0.011483
0.001306
0.000000
0.000000
0.000953
0.002593
0.032895
0.122130
0.275523
0.500170
0.808220
1.266601
2.111512
2.519863
2.630896
2.630896
2.543286
2.228034
1.523570
1.012697
0.901063
1.201590
1.341426
1.280758
1.015619
0.751894
0.606180
0.904638
1.261858
1.283051
0.985320
0.845436
0.748095
0.628112
0.424204
0.325651
0.199181
0.097199
0.047501
0.117421
0.228278
0.394027
0.554808
0.599486
0.503034
0.356304
0.200512
0.090828
0.031991
0.016734
0.004177
0.000000
0.000000
0.000000
0.000000
0.000000
0.000000
0.000000
0.000000
0.000000
0.000000
0.000000
0.000000
0.000000
0.000000
0.000141
0.000141
0.000121
0.000000
0.000000
0.000000
0.000000
0.000000
0.010741
0.070324
0.096351
0.089532
0.044548
0.000000
0.000000
0.000000
0.000000
0.000000
0.000000
0.000000
0.000000
0.000000
0.000000
0.000000
0.000000
0.000000
0.000000
0.000000
0.000000
0.000000
0.000000
0.000000
0.000000
0.000000
0.000000
0.000000
0.000000
0.000000
0.000000
0.000000
0.000000
0.000000
0.000000
0.000000
0.000000
0.000000
0.000000
0.000000
0.000000
0.001997
0.086480
0.160027
0.178433
0.160027
0.090709
0.031888
0.027666
0.034044
0.031262
0.018214
0.035197
0.010684
0.000000
0.000893
0.006019
0.018497
0.034160
0.047578
0.042459
0.026276
0.010182
0.001349
0.000000
0.000000
0.000000
0.000000
0.000000
0.000000
0.000000
0.000000
0.000000
0.000000
0.000000
0.000000
0.000000
0.000000
0.000000
0.000000
0.000000
0.000000
0.000000
0.000000
0.001494
0.012287
0.034449
0.067717
0.113029
0.170550
0.265430
0.457473
0.641345
0.647038
0.661669
0.801531
0.947771
1.077432
1.110441
1.049226
1.072125
1.244247
1.420808
1.731480
2.240039
2.810574
3.349093
3.648224
3.669618
3.307266
2.694402
2.909383
3.286695
3.697809
4.145437
4.626159
5.147593
5.714337
6.315449
6.899487
7.305632
7.302484
6.886459
6.303046
5.702936
5.136990
4.616102
4.138174
3.711380
3.330403
2.992613
2.723585
2.529523
2.607764
2.667504
3.161330
3.309442
2.968322
2.841924
3.320697
3.562799
3.267302
2.766428
2.298995
1.849707
1.445583
1.094777
0.804687
0.573281
0.417079
0.445481
0.532648
0.513743
0.401213
0.276923
0.241986
0.218329
0.181975
0.133020
0.085091
0.100405
0.150911
0.209279
0.261253
0.279936
0.254645
0.197676
0.148891
0.101847
0.061935
0.031688
0.011522
0.001473
0.000394
0.007207
0.021635
0.036389
0.039296
0.027591
0.015992
0.039561
0.075648
0.077221
0.045290
0.005088
0.022916
0.050172
0.085844
0.129058
0.176967
0.233557
0.294901
0.339897
0.346731
0.307384
0.249433
0.197867
0.178943
0.185145
0.201176
0.230746
0.219149
0.165338
0.091062
0.027307
0.006345
0.002759
0.000038
0.000000
0.000000
0.000000
0.000000
0.000000
0.000000
0.000000
0.000002
0.000639
0.000579
0.020941
0.042338
0.016121
0.000000
0.000000
0.000000
0.006173
0.056554
0.183063
0.306430
0.367790
0.385465
0.389521
0.389521
0.384674
0.357593
0.262756
0.080604
0.005658
0.000000
0.002349
0.037392
0.102880
0.144161
0.129842
0.065314
0.015057
0.078521
0.218905
0.471529
0.879473
1.074663
1.128677
1.139294
1.139294
1.139294
1.139294
1.128677
1.080786
0.911326
0.562508
0.326470
0.547921
0.824840
1.133655
1.288057
1.204736
0.964232
0.678971
0.441914
0.281793
0.331266
0.494032
0.696904
0.945593
1.209987
1.363810
1.367000
1.627659
1.961400
2.226605
2.289489
2.162456
1.849680
1.514522
1.220799
1.222203
1.596274
2.038659
2.522603
3.033195
3.388155
3.909235
4.192412
3.969180
4.012397
4.526862
5.301170
5.979210
6.848227
8.727579
10.167736
10.712103
10.866664
10.712097
10.167733
8.691913
6.633934
5.423064
4.446119
3.650933
3.398339
3.404001
3.066002
2.599790
2.410825
2.400099
2.156830
1.789953
1.417508
1.104678
0.829509
0.592870
0.400863
0.251755
0.140803
0.191864
0.311704
0.339611
0.435701
0.541775
0.631520
0.679799
0.637213
0.550487
0.460640
0.468605
0.434751
0.377931
0.307231
0.245351
0.285140
0.373472
0.476261
0.592047
0.719805
0.860007
0.999964
1.095741
1.098704
1.004731
0.864524
0.723739
0.595372
0.479164
0.453507
0.564661
0.679407
0.736948
0.703845
0.621594
0.515945
0.407582
0.308959
0.225747
0.156120
0.099433
0.055768
0.030174
0.040471
0.034492
0.016113
0.002014
0.001926
0.015084
0.056214
0.128846
0.208678
0.285207
0.344502
0.325838
0.269576
0.217749
0.270657
0.372010
0.443292
0.482510
0.580950
0.901138
1.317724
1.869693
2.669132
3.250765
3.870361
4.053432
3.870360
3.256000
2.698258
1.949433
2.267616
2.721405
3.334199
4.046299
4.732129
5.376568
5.535929
5.216706
4.578015
4.033866
3.607366
3.024833
2.466679
2.102057
1.953968
2.098757
2.130461
1.909237
1.540326
1.126613
0.773225
0.496259
0.289383
0.143731
0.199881
0.248539
0.252328
0.211035
0.142347
0.089056
0.119153
0.174418
0.203980
0.218455
0.300400
0.375086
0.408264
0.373756
0.314783
0.285340
0.284441
0.327873
0.385923
0.420078
0.381916
0.315882
0.280820
0.278298
0.247593
0.217390
0.168189
0.154387
0.201450
0.256093
0.314662
0.375653
0.410335
0.426143
0.496010
0.564479
0.664818
0.769651
0.846357
0.848312
0.757644
0.665418
0.559223
0.496436
0.412496
0.347026
0.437757
0.549182
0.777345
1.091987
1.458947
1.831562
2.179626
2.688447
3.218202
3.510545
3.210001
2.652247
2.089637
1.586576
1.177618
1.193822
1.173083
1.102407
1.221422
1.308147
1.398436
1.592851
1.597896
1.904372
2.283474
2.708277
3.150071
3.495196
3.501275
3.173048
2.741537
2.308866
1.923072
1.600342
1.340167
1.162586
1.123379
1.210546
1.121065
0.867858
0.984572
1.126680
1.174556
1.155560
1.323930
1.495287
1.583822
1.588286
1.576504
1.532113
1.474246
1.366376
1.331352
1.552328
1.725841
1.921074
2.133050
2.289118
2.321808
2.207804
2.017757
1.805376
1.592027
1.400255
1.405266
1.578984
1.732007
1.841672
1.913058
1.811037
1.826736
2.126656
2.321255
2.310949
2.128450
1.828233
1.523533
1.243102
0.990958
0.868034
0.820552
0.926100
0.961782
1.036218
0.992345
0.894384
0.773531
0.630097
0.620543
0.678644
0.594119
0.487511
0.766154
1.096026
1.414033
1.888099
2.431199
2.401259
1.833662
1.513680
1.222805
0.883732
0.583107
0.355242
0.199642
0.106447
0.139489
0.235600
0.348494
0.416985
0.377505
0.313969
0.264958
0.227811
0.202499
0.200195
0.170023
0.148345
0.142519
0.101377
0.058439
0.036076
0.064796
0.100176
0.127819
0.155640
0.159284
0.155897
0.305688
0.432902
0.566748
0.704658
0.564416
0.413869
0.238577
0.079485
0.079141
0.093741
0.100790
0.100839
0.148178
0.238895
0.346144
0.422541
0.506071
0.555804
0.551051
0.522388
0.482330
0.469464
0.523152
0.595605
0.641055
0.625363
0.581815
0.669420
0.778447
0.868995
0.908662
0.884585
0.783020
0.672636
0.559892
0.455058
0.377284
0.315490
0.252755
0.196569
0.152545
0.159970
0.182908
0.206026
0.206147
0.243613
0.305610
0.363097
0.386979
0.348469
0.294352
0.229259
0.221044
0.378071
0.585675
0.837755
1.084551
1.180254
1.158935
1.057189
0.846079
0.969203
0.939057
0.909627
0.884494
0.866167
0.854416
0.837102
0.778671
0.612259
0.717128
0.806786
0.854330
0.793428
0.688312
0.570913
0.460409
0.518354
0.565988
0.702572
0.834136
0.915974
0.926251
1.078849
1.234676
1.262054
1.357655
1.615393
1.888419
2.158450
2.363144
2.437387
2.377326
2.657676
2.960682
3.235493
3.373139
3.238402
2.961547
2.620300
2.276913
2.292391
2.806806
3.152232
3.143073
2.806043
2.318002
1.838066
1.535357
1.567246
1.611675
1.520005
1.460624
1.369691
1.167632
1.085813
1.147992
1.429533
1.729687
1.987830
2.028311
1.853655
1.553476
1.689134
2.222485
2.794420
3.244528
3.280844
2.880033
2.325776
1.773513
1.323103
1.017215
0.936625
1.004721
1.019806
1.153183
1.127783
0.895062
0.641094
0.453833
0.401959
0.348978
0.313908
0.336361
0.415179
0.499986
0.591216
0.668822
0.750481
0.834007
0.854918
0.801571
0.728908
0.650245
0.691576
0.703285
0.746114
0.797978
0.796116
0.729879
0.564971
0.317713
0.218043
0.244854
0.511752
0.874526
1.198643
1.471868
1.700817
1.948705
2.133891
2.242843
2.260468
2.182349
2.021803
1.783539
1.513893
1.086680
0.734216
0.677897
1.047708
1.250879
1.237639
0.990572
0.646908
0.385518
0.356106
0.311482
0.251644
0.180763
0.115877
0.125232
0.132373
0.106118
0.071627
0.119500
0.171685
0.219212
0.280020
0.349436
0.410800
0.463781
0.536385
0.679193
0.790119
0.833434
0.880475
0.908742
0.901604
0.812389
0.658528
0.503183
0.532132
0.526586
0.473881
0.437286
0.399984
0.343266
0.279624
0.384254
0.558899
0.782928
1.061671
1.398148
1.808546
2.304342
2.798893
3.217812
3.424487
3.182611
2.729105
2.245448
1.797025
1.401767
1.067831
0.807823
0.657987
0.520810
0.678475
1.055893
1.294020
1.479206
1.749244
1.932717
2.051514
2.146407
2.186687
1.863562
1.313989
0.889722
0.568507
0.327714
0.249180
0.352708
0.481653
0.633443
0.789251
0.892412
0.890840
0.778115
0.608303
0.446663
0.307374
0.194022
0.108662
0.051260
0.016196
0.000968
0.000000
0.000000
0.000000
0.000000
0.000000
0.000000
0.000000
0.000000
0.000000
0.000000
0.000000
0.000000
0.000000
0.000000
0.000000
0.000000
0.000000
0.000000
0.000000
0.014950
0.082682
0.125006
0.138018
0.141875
0.143779
0.141061
0.124360
0.071202
0.004384
0.000000
0.000000
0.000000
0.000000
0.000000
0.000000
0.000000
0.000000
0.000000
0.000000
0.000000
0.000000
0.000000
0.000000
0.000000
0.000000
0.000000
0.000000
0.000000
0.000000
0.000000
0.000000
0.000000
0.000000
0.000000
0.000000
0.000000
0.000000
0.014250
0.076358
0.190181
0.352959
0.561794
0.861550
1.219093
1.524959
1.537439
1.248633
0.939748
0.938633
0.858695
0.738646
0.797868
1.100579
1.435127
1.817292
2.231230
2.662862
2.853149
2.696460
2.759778
3.215218
3.351502
3.561287
4.210268
4.693861
3.892848
2.974432
2.262742
1.750311
1.319561
0.923550
0.604734
0.366228
0.202486
0.092932
0.034505
0.007148
0.000387
0.000000
0.000000
0.000000
0.000000
0.000000
0.000000
0.000000
0.000000
0.000000
0.000000
0.000000
0.000175
0.000022
0.002263
0.011429
0.029547
0.056720
0.092416
0.135142
0.182236
0.229017
0.261848
0.248620
0.226355
0.270563
0.347116
0.442767
0.555723
0.687410
0.837619
0.997622
1.156300
1.321367
1.499830
1.685205
1.879235
2.115272
2.380909
2.611739
2.716705
2.595151
2.367503
2.131796
1.919646
1.788640
1.842566
1.776580
1.633738
1.494716
1.579056
1.666330
1.679719
1.632606
1.801845
1.950634
2.006593
1.912256
1.777380
1.609903
1.615994
1.654798
1.651913
1.812834
2.081141
2.152982
2.153833
2.092925
1.863746
1.340949
1.363001
1.406876
1.379119
1.546849
1.772283
2.018685
2.262137
2.528266
2.817637
3.092448
3.286136
3.367547
3.277263
3.004845
3.318700
3.533464
3.867696
4.297509
4.714231
4.915221
4.897875
4.709837
4.959093
5.447576
5.869498
6.262105
6.653237
6.900666
7.392477
8.062251
8.760843
9.402154
9.799095
9.850278
9.389976
8.799489
8.126866
8.854675
9.811624
10.845173
11.857310
12.516777
12.493361
11.793353
10.791189
9.801037
8.901017
8.089189
7.334179
6.622477
5.928820
5.304026
5.361397
5.716798
6.072269
6.176140
5.970601
5.588724
5.324846
5.317096
5.095589
4.752075
4.396028
4.263731
4.027897
3.778090
3.986745
4.343392
4.617898
4.664307
4.439796
4.562509
4.839352
5.206873
5.644617
6.097182
6.519495
6.803884
6.865169
6.682836
6.337951
6.703333
7.128162
7.517137
7.694859
7.577519
7.591588
7.628090
7.404052
6.996884
6.481701
5.960651
5.467143
5.003876
4.586061
4.190132
3.832984
3.626864
3.494455
3.256283
3.346703
3.528999
3.654116
3.620591
3.549185
3.616899
3.531203
3.398845
4.015326
4.360916
4.483366
4.247001
3.885015
3.955074
4.210396
4.518446
4.787464
5.040298
5.213114
5.214087
5.040339
4.797768
4.497963
4.208623
4.061038
3.893635
3.657087
4.034939
4.345250
4.336723
4.045436
3.601423
3.163224
2.762732
2.392126
2.048194
2.400356
3.016518
3.807253
4.392288
4.403746
3.852553
2.862254
2.110179
1.541328
1.231473
1.379108
1.422004
1.352175
1.207145
1.040196
0.972334
1.139348
1.327354
1.508036
1.613465
1.586304
1.664592
1.856392
2.039936
2.099295
2.009813
1.812411
1.876205
2.085975
2.332195
2.598262
2.877080
3.126090
3.306827
3.275639
3.024815
2.695460
2.371041
2.145193
1.966641
2.217951
2.527757
2.834974
3.065190
3.257526
3.363295
3.184026
2.908423
2.578923
2.274982
1.990864
2.003319
2.377763
2.748327
3.023430
3.038216
2.803027
2.467802
2.157918
1.921669
1.642321
1.365480
1.108850
0.882219
0.687638
0.642700
0.878556
1.074019
1.155457
1.088481
0.892724
0.671393
0.890448
1.127660
1.325404
1.364238
1.675241
2.192414
2.653758
2.962065
2.870663
2.548608
2.150219
2.064902
2.443931
2.880798
2.952213
2.945048
2.541180
2.071301
1.752711
1.347363
0.953260
0.632587
0.885851
1.353023
1.570964
1.641211
1.659181
1.652521
1.598859
1.381165
0.860175
0.468782
0.237637
0.216222
0.275827
0.300282
0.273065
0.218158
0.162537
0.119988
0.083570
0.052741
0.054781
0.102988
0.154818
0.193162
0.218606
0.207473
0.176806
0.148128
0.136365
0.112285
0.086490
0.056152
0.045253
0.032544
0.018273
0.006513
0.000434
0.000000
0.000000
0.000000
0.000000
0.000000
0.000000
0.000000
0.000000
0.000000
0.000000
0.000008
0.002951
0.012320
0.029523
0.047176
0.058338
0.044097
0.024196
0.009245
0.001775
0.001694
0.010629
0.019121
0.019191
0.010259
0.023537
0.087696
0.153920
0.159100
0.107641
0.048458
0.035173
0.055921
0.125636
0.256534
0.464627
0.751859
1.114196
1.481088
1.654470
1.471177
1.119931
0.788697
0.529919
0.320843
0.218345
0.193041
0.131059
0.041749
0.012124
0.001796
0.014021
0.041889
0.085961
0.147255
0.225789
0.321988
0.434220
0.555002
0.657165
0.708986
0.647245
0.536996
0.412671
0.304755
0.213255
0.138274
0.080992
0.040118
0.027478
0.093306
0.131730
0.121971
0.143655
0.313083
0.556279
0.677981
0.710516
0.715962
0.713858
0.709864
0.703220
0.679400
0.593851
0.410003
0.189624
0.292519
0.484924
0.725671
0.942350
1.082189
1.076415
1.063789
1.124755
1.405092
1.702791
1.706575
1.428777
1.099051
0.772364
0.510583
0.377535
0.283197
0.235851
0.301468
0.381705
0.475723
0.579441
0.671253
0.729952
0.709870
0.646047
0.684368
0.820589
0.967053
1.111539
1.245372
1.393315
1.560876
1.700855
1.761241
1.708252
1.573669
1.403508
1.237780
1.072838
0.912517
0.765766
0.638042
0.509624
0.482980
0.579033
0.644063
0.661894
0.603023
0.694306
0.806888
0.887164
0.897108
0.854204
0.848369
0.912202
0.897693
0.797622
0.831561
0.953727
1.093797
1.249338
1.423982
1.580745
1.656598
1.627540
1.654077
1.607598
1.707094
1.877886
2.073113
2.167828
2.122471
1.942358
2.181254
2.630430
2.793769
2.646212
2.307622
2.668572
3.227117
3.794096
4.370186
5.071791
5.788904
6.047164
5.795224
5.040646
4.232704
3.498435
3.346187
3.908606
4.546003
5.215086
5.738383
5.978302
5.826220
5.280592
4.635556
4.692879
5.230260
5.806424
6.432347
7.103022
7.802042
8.348820
8.460063
8.197042
7.535788
6.809679
6.128363
5.495526
4.913334
4.741304
4.998350
5.460591
6.044146
6.247584
6.048668
5.420568
5.380254
5.324370
5.344181
5.659677
6.036891
6.592997
7.340540
7.536992
7.077937
6.665308
6.811049
7.197381
7.668185
8.166375
8.672453
9.206991
9.782524
10.367940
10.875817
11.202317
11.471422
11.543724
11.217220
10.723900
10.185159
9.593463
9.522161
10.024587
10.344522
10.604234
10.869608
10.760316
10.259099
9.610126
8.951882
8.662621
9.300453
9.987816
10.702098
11.316928
11.592841
11.379341
10.992487
11.563125
11.915456
11.955112
11.590014
11.057476
10.945775
11.410425
11.517263
11.009862
10.156201
9.250161
8.386719
7.591795
7.503821
7.377769
7.264728
8.018671
8.974542
10.065844
11.264320
12.561293
13.911074
15.288522
16.912819
18.673477
20.586197
22.704901
25.044580
27.581413
30.315374
32.838768
33.697571
32.748970
30.148653
27.321407
24.719084
22.374271
20.249189
18.306698
16.511179
14.855167
13.328457
11.963478
10.875214
10.795128
10.483667
9.771172
8.963392
9.640692
10.356713
10.502968
10.087477
9.350144
8.485588
7.650429
6.886939
6.216144
5.645624
5.152001
4.910087
4.533555
4.074843
3.675300
3.420901
3.449587
3.617320
3.481010
3.181388
2.796431
2.416343
2.075414
1.830433
1.995419
2.108420
2.023655
1.837700
1.611403
1.536817
1.544997
1.484493
1.451167
1.450590
1.372935
1.233194
1.110838
1.044474
1.123732
1.171972
1.217520
1.237913
1.254820
1.241868
1.324388
1.730832
2.269230
2.722821
3.110521
3.464194
3.721309
3.831652
3.967652
4.281719
4.505332
4.542077
4.438192
4.553596
4.429978
4.184288
4.421263
4.697092
4.992049
5.320184
5.666568
5.969277
6.076816
6.312376
6.544550
6.523928
6.253561
5.878129
5.509184
5.223773
5.044353
4.948009
4.720459
4.562957
4.476476
4.221305
3.908601
3.588895
3.311155
3.180219
3.041234
2.925036
2.778913
2.556409
2.192506
1.865276
1.790968
1.671778
1.510917
1.274254
1.169233
1.026245
0.937785
1.177361
1.462742
1.787055
2.130355
2.470182
2.770450
2.858184
3.153587
3.524915
3.732198
3.602647
3.235729
2.784434
2.820621
3.388031
4.051919
4.777667
5.381209
5.692390
5.358120
5.229997
4.758934
4.144607
3.552186
3.001882
3.381140
4.552608
5.655313
5.974868
5.685493
4.727553
3.733052
2.909503
2.206674
1.681085
1.570599
1.516300
1.489506
1.472364
1.429616
1.295583
1.090407
1.259054
1.297430
1.242443
1.091248
0.917433
0.738823
0.580438
0.436480
0.319209
0.321062
0.310508
0.246950
0.319561
0.401506
0.501770
0.539246
0.509441
0.405309
0.310230
0.262219
0.246661
0.209026
0.177625
0.311502
0.389259
0.403972
0.400505
0.400465
0.569920
0.936371
1.247172
1.536113
1.794124
1.988221
2.197535
2.405610
2.621108
2.824300
3.021332
3.216417
3.383389
3.428227
3.352514
3.285922
3.228081
3.084124
3.106414
3.457507
3.737548
3.935392
3.944294
4.216565
4.426858
4.489790
4.391045
4.121018
3.881649
3.960640
4.207377
4.468797
4.752298
4.964569
5.247824
5.618350
5.901543
6.047179
5.991130
6.135314
6.251690
6.140405
5.880733
5.573754
5.510800
5.692418
5.637645
5.337047
5.281736
5.550946
5.611521
5.502227
5.656412
5.676415
5.473947
5.163794
5.080107
5.218392
5.157135
4.931376
4.778588
4.786040
4.757998
4.849781
5.060086
5.079157
4.906780
4.578247
4.289666
4.190749
4.401857
4.850459
5.266744
5.600670
6.002532
6.304849
6.354567
6.478681
6.347672
6.795745
7.190412
7.290921
7.560664
7.728774
8.271097
8.586164
8.798381
9.305317
10.170916
11.225367
12.400345
13.649686
14.886784
15.790520
15.830675
14.970030
13.726947
12.478329
11.394379
10.366806
9.400066
8.809924
9.533685
10.122065
10.159975
9.704250
9.053146
8.297668
7.617588
7.216841
7.261653
7.604263
7.947093
8.099660
7.908585
7.712860
8.151412
8.667175
9.249333
9.913278
10.636010
11.292752
11.574141
11.466395
11.192745
10.755876
10.174084
9.514806
8.836925
8.214134
7.722783
7.839928
7.684103
7.400079
7.145609
6.755328
6.301548
6.015136
5.772361
5.828235
5.710069
5.593783
5.748225
5.717732
5.500021
5.461998
5.584698
5.526142
5.319831
5.076032
4.895032
4.589758
4.255611
4.437083
4.902070
5.149831
4.903344
4.417567
4.203994
4.475046
4.691101
4.616574
3.507115
2.431459
2.318103
2.137391
1.877551
1.624382
1.570129
1.745085
1.886991
1.940543
1.770474
1.371276
1.047163
1.115576
1.095500
0.983726
0.858705
0.793328
0.917468
0.932382
0.828830
0.714949
0.582366
0.462400
0.505748
0.573429
0.699412
0.795570
0.981560
1.240260
1.486155
1.611425
1.566879
1.437687
1.460580
1.498502
1.579705
1.537656
1.308126
1.030771
0.776433
0.562787
0.394374
0.261574
0.178144
0.241614
0.329763
0.456717
0.614479
0.780644
0.891744
0.759503
0.545550
0.560814
0.632422
0.867493
1.214724
1.467301
1.478304
1.259527
1.201717
1.115606
0.613736
0.426981
0.405878
0.326848
0.426348
0.572072
0.598909
0.448867
0.276175
0.145706
0.056770
0.010164
0.000000
0.000000
0.000000
0.000000
0.000000
0.000000
0.000000
0.000000
0.000000
0.000000
0.000000
0.000000
0.000000
0.000000
0.000000
0.000000
0.000000
0.000000
0.000000
0.000000
0.000000
0.000000
0.000000
0.000000
0.000000
