track	type=wiggle_0
fixedStep	chrom=chr	start=1	step=1
0.000000
0.000000
0.000000
0.000000
0.000000
0.000000
0.000000
0.000000
0.000000
0.171350
0.107119
0.038327
0.011441
0.014982
0.014624
0.047512
0.172804
0.299964
0.495450
0.753012
0.982065
1.080014
0.935458
0.700857
0.731978
0.933375
0.679445
0.384988
0.178104
0.069454
0.017052
0.006538
0.005410
0.006310
0.012805
0.011222
0.000918
0.000204
0.001776
0.019529
0.114079
0.298737
0.535918
0.747062
0.934374
1.101740
1.127173
1.019130
0.927588
1.011577
0.968179
0.821084
0.632129
0.586135
0.787891
1.055593
1.366227
1.667013
1.870067
1.770646
1.513895
1.245293
0.982558
0.739007
0.540934
0.402331
0.277184
0.206842
0.129488
0.078592
0.126903
0.189666
0.256234
0.314116
0.327017
0.323207
0.322418
0.414967
0.763107
1.070218
1.297148
1.561484
1.836855
1.995206
2.074471
2.001046
1.842407
2.737638
3.413946
3.910997
4.231478
4.782516
5.221831
5.526721
5.580052
5.417652
5.264774
5.464029
5.518648
5.477687
5.546061
5.730065
5.900966
6.267608
6.679622
7.036779
7.247133
7.280704
7.122458
6.748747
6.312116
5.871799
5.447136
5.050326
4.701895
4.402295
4.557137
4.946154
5.457375
5.802382
5.802381
5.460835
4.961621
4.568538
4.842391
5.138866
5.365011
5.392362
5.179793
4.899347
4.578343
4.444344
4.672577
4.898696
5.106827
5.239314
5.143728
4.899654
4.721691
4.579928
4.372017
4.228254
4.199294
5.018914
5.743729
6.091857
5.721673
4.987912
4.172995
3.464270
2.911725
2.722632
2.626881
2.537106
2.984006
3.273180
3.269044
2.969361
2.553300
2.122824
2.305669
2.423295
2.414008
2.289693
2.166650
1.910018
1.706666
1.509793
1.330093
1.277046
1.386046
1.441072
1.416963
1.368426
1.287656
1.405032
1.559881
1.689533
1.850641
2.047537
2.212215
2.242148
2.135006
1.962941
1.803345
1.652525
1.630585
1.798296
1.938985
1.949380
1.814490
1.635596
1.524944
1.692546
1.834664
1.847356
1.718443
1.576800
1.570565
1.769369
2.010025
2.266113
2.502978
2.599661
2.503721
2.267778
2.018898
1.792125
1.584362
1.428226
1.294577
1.153635
1.101339
1.077722
1.055438
0.948015
0.944885
1.084349
1.207865
1.310486
1.451895
1.553851
1.570051
1.468137
1.304771
1.150492
1.119450
1.167704
1.188717
1.151569
1.035998
0.912182
0.896509
0.924675
0.880233
0.771596
0.657324
0.562020
0.485435
0.493480
0.564018
0.590465
0.570704
0.500094
0.440364
0.523260
0.612020
0.699271
0.794877
0.861579
0.866670
0.798644
0.694271
0.589386
0.530471
0.582921
0.548996
0.468441
0.370861
0.297427
0.221774
0.252692
0.325745
0.344649
0.310305
0.297532
0.298088
0.206434
0.245075
0.257725
0.167484
0.129749
0.095482
0.060334
0.039965
0.036373
0.014012
0.031881
0.072428
0.130406
0.204346
0.300118
0.420288
0.565116
0.718841
0.834361
0.837826
0.740934
0.613401
0.469702
0.340031
0.235003
0.155967
0.107783
0.133257
0.103772
0.056766
0.029031
0.023362
0.049887
0.069932
0.164020
0.276391
0.474347
0.836342
1.303464
1.506467
1.561974
1.561974
1.516375
1.372914
1.067735
1.212071
1.378327
1.302216
1.012311
0.715002
0.473846
0.277252
0.139854
0.059508
0.030994
0.017623
0.037294
0.041989
0.025506
0.004569
0.000000
0.000001
0.000187
0.000000
0.000451
0.018870
0.041933
0.023293
0.001561
0.001447
0.011729
0.038161
0.083765
0.148526
0.222563
0.280772
0.270074
0.203886
0.127605
0.066873
0.064113
0.129731
0.221836
0.338708
0.467524
0.548011
0.517794
0.418612
0.290658
0.182131
0.175622
0.375368
0.401671
0.227962
0.077136
0.012070
0.000000
0.000000
0.000000
0.000000
0.000000
0.000000
0.000000
0.000000
0.000000
0.000000
0.000000
0.000000
0.000000
0.009099
0.033366
0.069892
0.112177
0.121003
0.120660
0.119072
0.116787
0.108617
0.081463
0.033938
0.000311
0.000000
0.000000
0.000000
0.000000
0.000000
0.000000
0.000000
0.000000
0.000000
0.000000
0.000000
0.000000
0.000000
0.000000
0.000000
0.000000
0.000000
0.000000
0.000000
0.000000
0.000000
0.000000
0.000000
0.000000
0.000000
0.000000
0.000000
0.000000
0.000000
0.000000
0.000000
0.004081
0.054125
0.176240
0.408101
0.787547
0.967615
1.017539
1.027333
1.027333
1.027333
1.027333
1.017539
0.973287
0.816859
0.497081
0.261758
0.457193
0.707533
0.986986
1.155542
1.075413
0.867373
0.599336
0.526487
0.715256
0.796934
0.718320
0.568023
0.458555
0.364669
0.508503
0.787292
1.146908
1.597305
2.135576
2.721009
3.169740
2.948357
2.430985
1.874950
1.409439
1.088413
0.950821
0.722007
0.495700
0.379840
0.600560
0.683720
0.613798
0.408007
0.204884
0.127541
0.061155
0.022588
0.004037
0.002047
0.015424
0.077348
0.197336
0.244105
0.193077
0.072953
0.012056
0.000028
0.000000
0.000582
0.001822
0.001788
0.000052
0.000000
0.000000
0.001376
0.000526
0.003293
0.016636
0.040627
0.075990
0.122555
0.209685
0.407440
0.660997
0.902540
0.872652
0.613316
0.440352
0.535690
0.615789
0.645032
0.679520
0.796844
0.886572
0.893387
0.819745
0.787687
0.856273
1.006620
1.146007
1.253534
1.258258
1.377260
1.551602
1.684682
1.710789
1.597375
1.444718
1.267401
1.096895
0.937367
1.041478
1.184719
1.303558
1.360409
1.534165
1.756319
1.982226
2.158556
2.161150
2.071848
2.342798
2.482913
2.463323
2.284226
2.009225
1.736225
1.747802
2.116733
2.515621
2.928930
3.425983
3.932296
4.277055
4.294085
3.990351
3.472828
2.978318
2.577708
2.500380
2.573239
2.591288
2.832279
3.211898
3.437027
4.213384
5.132532
6.196392
7.395916
8.783858
10.850794
11.961675
10.832004
8.695969
7.274401
6.120092
5.326693
5.608747
5.622416
5.703847
6.077679
6.774604
7.028531
6.749863
6.084461
5.296911
4.527902
3.840812
3.235471
2.718200
2.255669
1.880664
1.925804
1.726575
1.408638
1.027862
0.696238
0.436607
0.289434
0.184470
0.106508
0.057914
0.085817
0.107699
0.128179
0.150559
0.174318
0.183937
0.152001
0.195901
0.273529
0.371623
0.480488
0.554280
0.564510
0.501437
0.391948
0.286727
0.295011
0.281089
0.237960
0.184279
0.146651
0.176835
0.176113
0.208125
0.270963
0.322279
0.329246
0.306936
0.256265
0.207770
0.156560
0.112852
0.080828
0.054489
0.028951
0.076180
0.221456
0.522185
0.764933
0.909679
1.068660
1.259392
1.053146
0.904098
0.819604
0.771626
0.747505
0.727204
0.672872
0.549182
0.434795
0.274436
0.163234
0.111231
0.072664
0.033471
0.006857
0.013747
0.020783
0.021712
0.013697
0.004582
0.000338
0.000000
0.000000
0.000000
0.000000
0.000000
0.000000
0.000000
0.000000
0.000000
0.000000
0.000000
0.000000
0.000000
0.000136
0.002248
0.006891
0.008285
0.004433
0.002074
0.000835
0.007257
0.015100
0.034512
0.068899
0.119049
0.183218
0.256399
0.347938
0.462537
0.582351
0.666548
0.684958
0.618593
0.508313
0.399653
0.302538
0.217382
0.146227
0.088682
0.106648
0.098798
0.064500
0.113459
0.202308
0.345406
0.546005
0.800702
1.076745
1.276740
1.297150
1.188245
1.166159
1.543724
2.061020
2.900039
3.662323
3.968156
4.047953
4.061704
4.065287
4.062035
3.992664
3.704254
3.012409
2.918232
2.659363
2.611739
2.497957
2.355614
2.702230
3.221539
3.190018
3.124936
2.915608
2.480480
2.014984
1.600935
1.257718
0.978498
0.766555
0.645504
0.708344
0.776662
0.869828
0.956018
1.072439
1.203018
1.343612
1.483354
1.617803
1.678790
1.660165
1.557300
1.441257
1.332438
1.215602
1.276643
1.463175
1.570546
1.602956
1.561734
1.467190
1.474042
1.278051
1.175217
1.346806
1.525792
1.698518
1.839943
1.928823
2.089949
2.308281
2.555840
2.816327
3.070762
3.289360
3.394233
3.314351
3.451219
3.421476
3.297970
3.460375
3.511036
3.453047
3.441268
3.663477
3.845088
3.999464
4.016550
4.036817
4.347450
4.550721
4.535896
4.672986
4.870294
5.117069
5.419066
5.750771
6.060193
6.329059
6.505429
6.428733
6.357657
6.582755
6.734312
6.672226
6.412080
6.096388
6.341602
6.516633
7.422826
8.455675
8.808870
8.382942
7.384306
6.520733
6.177650
5.807302
5.876888
6.375502
7.066535
7.802964
8.524694
9.178568
9.995120
10.936049
11.999766
13.173494
14.404537
15.477757
16.015690
15.750240
14.698926
13.549926
13.065789
12.876148
12.843317
12.467193
11.883638
11.531975
11.186607
11.608413
12.435402
14.039466
15.505424
16.164553
15.523078
14.110982
14.676118
15.462845
15.897806
15.698968
15.069337
14.358021
13.742979
12.999926
12.446754
11.755754
11.002985
10.277730
9.610935
8.985125
8.905148
9.248565
9.706683
9.993262
9.945765
9.625086
9.115182
8.636232
8.138341
8.402268
8.481189
8.256567
7.871058
7.471719
7.980824
8.527491
9.045810
9.389602
9.413312
9.139323
8.661300
8.165045
7.852459
7.494902
7.126209
6.804889
6.487210
6.173897
5.857484
5.507991
5.139956
4.816262
4.658354
4.447989
4.206850
3.979001
3.791376
3.692888
3.922548
4.181324
4.424149
4.690109
4.920546
5.164196
5.443150
5.718170
5.936396
6.043040
5.911174
5.668583
5.511839
5.742116
5.903180
6.570428
7.095766
7.443865
7.608577
7.587012
7.380007
7.004088
6.565250
6.279428
6.178300
6.168303
6.026051
5.771828
5.451043
5.223163
5.518704
5.857917
6.139216
6.363644
6.388382
6.224827
5.972532
5.660820
5.345339
5.042420
4.743587
4.433619
4.212091
4.050029
3.820343
3.561400
3.164402
2.916234
2.760260
2.609192
2.471043
2.409917
2.411170
2.866546
3.083894
3.174387
3.160667
3.014916
2.627716
1.858132
1.297166
1.007504
0.899924
0.796642
0.713244
0.634776
0.578006
0.494417
0.398491
0.307126
0.228177
0.165754
0.114531
0.072195
0.038865
0.015122
0.002741
0.000072
0.000765
0.000137
0.000000
0.000000
0.000000
0.000000
0.000000
0.000000
0.000000
0.000000
0.000000
0.000000
0.000000
0.000000
0.000000
0.000000
0.000000
0.000000
0.000000
0.000000
0.000000
0.000000
0.000000
0.000583
0.014456
0.041784
0.068267
0.105351
0.178581
0.270816
0.330885
0.292859
0.197182
0.127903
0.140286
0.228304
0.382619
0.506857
0.743549
0.862233
1.134205
1.490379
1.926822
2.428620
2.978164
3.491431
3.752861
3.486029
3.019889
2.470349
1.943749
1.484374
1.103548
0.876990
0.856263
0.780345
0.629991
0.410564
0.159709
0.043172
0.001247
0.000000
0.000000
0.000000
0.000000
0.000000
0.000000
0.000000
0.000000
0.000000
0.000000
0.000000
0.000000
0.000000
0.000000
0.000000
0.000000
0.000000
0.000000
0.000000
0.000000
0.000000
0.000000
0.000000
0.000000
0.000484
0.005898
0.008595
0.009319
0.009229
0.009038
0.009022
0.009343
0.008793
0.005292
0.000000
0.000000
0.000000
0.000000
0.000000
0.000000
0.000000
0.000000
0.000000
0.000000
0.000000
0.000000
0.000000
0.000000
0.000000
0.000000
0.000000
0.000000
0.000000
0.000000
0.000000
0.000000
0.002467
0.048450
0.160526
0.356749
0.670682
0.929931
1.041449
1.032295
0.904993
0.607149
0.339843
0.160505
0.050696
0.036348
0.100956
0.206403
0.340627
0.460611
0.518215
0.441265
0.364664
0.541073
0.764579
0.964887
0.996174
0.976894
1.406122
1.610195
1.398769
0.870459
0.526804
0.293828
0.134549
0.040822
0.002674
0.002308
0.008328
0.005098
0.000102
0.001311
0.014680
0.039023
0.050114
0.036901
0.041785
0.070896
0.071037
0.039229
0.008160
0.000000
0.000000
0.000000
0.008184
0.070727
0.202422
0.354991
0.425582
0.438797
0.695508
0.988908
1.249897
1.242649
0.974823
0.675331
0.420868
0.233560
0.107001
0.032060
0.001824
0.000000
0.000000
0.000000
0.000000
0.000000
0.013275
0.013632
0.000000
0.000000
0.000000
0.000000
0.000000
0.000000
0.000000
0.000000
0.000000
0.000000
0.001990
0.020191
0.046436
0.052070
0.053768
0.089882
0.109650
0.099423
0.060912
0.024571
0.049278
0.061003
0.045152
0.017346
0.006649
0.031413
0.083784
0.144593
0.248828
0.409224
0.622179
0.880891
1.169394
1.464549
1.659476
1.989260
2.515139
3.176536
3.903450
4.538828
5.013983
5.021480
4.537631
3.745468
2.982379
2.330575
1.786111
1.333812
0.962786
0.669951
0.443291
0.279579
0.391931
0.562665
0.713399
0.764477
0.655817
0.504698
0.399230
0.539301
0.717266
0.911414
1.050148
1.155048
1.413442
1.632235
1.729488
1.701599
1.565833
1.334064
1.083283
0.859948
0.673948
0.519817
0.397651
0.283571
0.308461
0.504063
0.765210
1.100975
1.514097
1.999295
2.538697
2.971577
2.984189
2.557246
2.024374
1.542369
1.136525
0.807039
0.544715
0.339546
0.186346
0.080915
0.021553
0.023997
0.032578
0.056507
0.146885
0.189067
0.131700
0.038870
0.001986
0.000000
0.000000
0.000000
0.000000
0.000000
0.000000
0.000000
0.000000
0.000000
0.000000
0.000000
0.000000
0.000000
0.000000
0.000000
0.000000
0.000000
0.000000
0.000000
0.000000
0.000000
0.000000
0.000000
0.000000
0.000000
0.000000
0.000000
0.000000
0.000000
0.000000
0.012713
0.013592
0.000000
0.000000
0.000000
0.000137
0.016864
0.047287
0.041046
0.007318
0.000000
0.000000
0.000000
0.000000
0.000000
0.000000
0.000000
0.000000
0.000000
0.000000
0.000000
0.000000
0.000000
0.000000
0.000000
0.000000
0.000000
0.000000
0.000000
0.000145
0.000290
0.000000
0.000050
0.002169
0.009947
0.044173
0.104996
0.186963
0.311279
0.453910
0.562536
0.580926
0.508562
0.367816
0.230607
0.124582
0.115245
0.276757
0.535770
0.719425
0.863058
1.236015
1.689897
2.195515
2.613981
3.097809
3.606404
3.598175
3.035434
2.381547
1.790022
1.303629
0.914505
0.606513
0.376597
0.230635
0.231920
0.308790
0.304446
0.221429
0.119075
0.117579
0.207067
0.325329
0.469565
0.620619
0.700112
0.694712
0.604329
0.523535
0.651886
0.802037
0.877335
0.772066
0.594093
0.602152
0.587122
0.502784
0.624486
0.781291
0.851498
1.028413
1.343886
1.544349
1.382060
1.132084
0.837786
0.872728
0.917168
0.808212
0.702252
0.914799
1.054976
1.049491
0.907967
0.696416
0.690973
1.025708
1.413064
1.727583
1.846255
1.731920
1.681370
1.627919
1.521615
1.860419
2.012102
2.056386
2.083302
2.097388
2.120476
2.123144
2.233691
2.696533
2.726513
2.232415
1.821014
1.455570
1.095217
0.791022
0.549463
0.374608
0.373757
0.537319
0.650826
0.586740
0.406864
0.463775
0.429859
0.308782
0.183209
0.090811
0.044196
0.047246
0.054305
0.103110
0.112620
0.197707
0.382151
0.661394
1.015527
1.299014
0.997091
0.639407
0.369210
0.192599
0.121990
0.141020
0.131802
0.110251
0.152976
0.197986
0.248731
0.268529
0.259020
0.225848
0.222190
0.299564
0.384352
0.444614
0.449450
0.389100
0.308599
0.235723
0.281933
0.375547
0.464038
0.520555
0.495605
0.405606
0.433806
0.465100
0.450163
0.383462
0.362245
0.436468
0.508527
0.525092
0.460834
0.376004
0.337880
0.308213
0.244251
0.353061
0.606195
0.945867
1.380976
2.043594
2.499433
2.667424
2.707233
2.705857
2.663165
2.494923
2.045350
1.390731
0.988199
0.738657
0.475176
0.274249
0.439309
0.651793
0.917396
1.233903
1.545806
1.727320
1.672000
1.381087
1.671480
1.989162
2.286388
2.429454
2.371829
2.684677
3.137712
3.627711
4.108417
4.565348
5.075794
5.706202
6.138774
6.122189
5.664843
4.983648
4.331859
3.736790
3.193565
2.736399
2.360748
2.008297
1.792440
1.980218
2.043157
1.917305
1.858001
1.899868
1.839314
2.192514
2.622740
3.091449
3.612004
4.066382
4.214222
4.041962
3.604098
3.115993
2.648627
2.227457
2.141089
2.654460
3.264962
3.933567
4.474113
4.558459
4.089399
3.498020
2.842300
2.241432
1.757840
1.369667
1.092723
0.860713
0.885315
1.115248
1.270319
1.270017
1.133938
0.912677
0.721218
0.580702
0.415837
0.297824
0.342380
0.349994
0.239917
0.276501
0.201999
0.222365
0.249449
0.305204
0.362598
0.410670
0.487083
0.572541
0.662761
0.753347
0.803347
0.804532
0.895318
0.963513
0.940366
0.870164
0.822787
0.756783
0.655664
0.560950
0.661542
0.796045
0.895063
0.896848
0.807397
0.700507
0.684341
0.626808
0.556647
0.487497
0.485784
0.581943
0.632596
0.649619
0.744558
0.776921
0.731333
0.643183
0.545780
0.463517
0.384571
0.400424
0.486591
0.569255
0.603773
0.648185
0.610648
0.465838
0.532737
0.777947
1.107303
1.533772
2.166267
2.960335
3.314715
3.408455
3.303984
2.945432
2.159795
2.098988
2.093195
2.147722
1.909412
1.634964
1.532810
1.628269
1.831718
2.050017
2.252510
2.442164
2.593059
2.681634
2.602077
2.427937
2.262234
2.547864
2.586759
2.488167
2.657132
2.677795
2.610689
2.478041
2.898842
3.809045
4.101059
3.733508
2.661057
2.703279
2.941947
3.033905
3.225265
3.452535
3.622431
3.617879
3.456614
3.400558
3.491097
3.573223
3.640859
3.959513
4.344993
4.570006
4.734403
4.748022
4.685684
4.811529
5.077250
5.365600
5.613225
5.790100
5.770102
5.807678
6.195072
6.297886
6.475612
6.838717
7.204670
7.509329
7.786932
7.932945
7.789606
7.627028
8.001186
8.470686
9.000432
9.579985
10.103062
10.294323
10.120900
9.627881
9.100580
8.588202
8.106104
7.971119
8.201097
8.173082
7.917008
7.629927
7.508436
7.230718
6.895426
6.595345
6.823668
6.921289
6.700240
6.683668
7.047351
7.476075
7.982669
8.464043
8.781531
8.895776
8.726027
8.343601
7.910198
7.436760
6.950648
6.515398
6.175465
6.021757
5.764059
5.473414
5.497327
5.742932
5.805087
5.716509
5.536283
5.342182
5.092868
4.780186
4.446035
4.098691
3.777284
3.554998
3.602963
3.723515
3.838239
3.853567
3.719870
3.400801
3.754285
4.136303
4.346685
4.779160
5.385804
5.949197
6.128330
5.771477
5.138020
4.490781
3.944542
3.717746
3.401898
3.075048
3.140173
3.153548
2.913735
2.651303
2.487077
2.439010
2.675269
3.008873
3.160065
3.164873
2.991332
2.685851
2.354920
2.098804
1.858595
1.783001
1.658148
1.434875
1.584448
1.673288
1.601154
1.414320
1.224146
1.279075
1.357176
1.472647
1.543350
1.589190
2.001786
2.440972
2.823092
2.995427
2.719170
2.285136
1.842677
1.432158
1.219597
1.345289
1.504044
1.678171
1.847401
2.022643
2.087427
2.033594
1.861235
1.838599
1.891876
1.853160
1.716264
1.532105
1.544110
1.613320
1.570974
1.443038
1.279634
1.106006
0.949693
0.841120
0.813787
0.773373
0.840306
1.018415
1.181423
1.280750
1.291162
1.181550
1.269583
1.323325
1.281744
1.128695
0.953518
0.770442
0.726813
0.825950
0.905492
0.987318
1.127775
1.246674
1.314220
1.549355
1.882761
2.135907
2.316326
2.395795
2.361860
2.178322
1.900670
1.809146
1.980081
2.062913
2.039011
1.916489
1.752208
1.570763
1.385327
1.500154
1.914338
2.387270
2.843350
3.163022
3.241198
3.609946
4.220687
5.026375
5.973114
6.888377
7.799141
8.459661
8.449713
7.734708
6.631430
5.558147
4.612076
3.787116
3.107625
2.693284
2.359398
2.181646
2.465552
2.525694
2.268826
1.955059
1.761057
2.089716
2.290843
2.155001
1.893246
1.638715
1.434050
1.490060
1.639337
1.886244
2.158485
2.429671
2.685671
2.931778
3.221984
3.545449
3.885017
4.256050
4.643528
5.001966
5.118822
4.953966
4.576803
4.151059
3.729735
3.339535
3.006442
2.773999
2.797692
2.738326
2.491588
2.187690
1.909665
1.696472
1.669449
1.727933
1.669235
1.516966
1.343965
1.431150
1.526560
1.550465
1.687581
1.904165
2.144577
2.405223
2.646405
2.818224
2.796575
2.594934
2.337044
2.106107
2.087542
2.328503
2.569862
2.821447
2.987532
3.037317
2.929331
2.861413
3.077277
3.305165
3.517899
3.626355
3.561330
3.383279
3.828035
4.285924
4.623716
4.989588
5.366056
5.723058
6.053095
6.320282
6.505446
6.409970
6.170338
5.942688
6.020013
6.223260
6.435940
6.770156
7.158523
7.452602
7.530898
7.303973
6.902623
6.501168
6.225002
6.411780
6.400295
6.190310
5.895068
5.606066
5.499776
5.365293
5.084896
4.603761
4.229671
4.033684
3.830123
3.512739
3.174028
2.803951
2.535136
2.256649
2.197958
2.166862
1.933739
1.762198
1.848845
1.970605
1.977995
2.125412
2.351977
2.644223
3.049066
3.799042
4.697208
5.332826
5.422542
5.602412
5.584338
5.594565
5.921880
6.244021
6.426976
6.339662
6.233017
6.111979
5.777414
5.828031
6.278753
6.681100
6.825883
6.617406
6.587754
7.022079
7.505430
8.127963
8.814160
9.540756
10.197473
10.449874
10.230795
9.515100
8.676328
7.869218
7.140429
6.693570
6.557663
7.058867
7.616282
8.198279
8.804005
9.358965
9.810652
9.912917
9.706331
9.207832
8.682448
8.097183
7.534579
6.991073
6.446324
5.908595
5.390689
4.927224
4.517996
4.378901
4.695849
4.997069
5.235289
5.451144
5.690767
5.731628
5.559420
5.192250
4.866433
5.071945
5.181421
5.007433
4.498585
3.588913
3.182070
2.973144
2.586949
2.118598
2.220449
2.171183
2.119450
1.875097
2.016244
2.147490
2.348144
2.819035
3.286340
3.598530
3.760053
3.511668
3.065934
3.386254
4.018859
4.617075
4.992656
4.591420
3.844823
3.058947
2.366910
1.793913
1.431513
1.646063
1.701807
1.617123
1.395829
1.155202
0.940457
0.756975
0.545847
0.623635
0.751823
0.821440
0.878311
0.812165
0.634247
0.709925
0.715474
0.761764
0.882132
1.066923
1.072784
0.668210
0.306477
0.228480
0.297014
0.430797
0.613358
0.842576
1.124507
1.467239
1.865591
2.277101
2.600853
2.621447
2.899563
3.436947
4.156764
5.005007
5.958177
6.972404
7.838503
7.734708
4.530049
1.908189
2.187636
2.707671
3.132044
2.719262
0.176872
0.341240
0.000000
0.000000
0.000000
0.000000
0.000000
0.000000
0.000000
0.000000
