track	type=wiggle_0
fixedStep	chrom=chr	start=1	step=1
0.000000
0.000000
0.000000
0.000000
0.000000
0.000000
0.000000
0.000000
0.000000
0.294604
0.626522
0.862294
0.997928
1.051650
1.015701
0.796987
0.389698
0.190173
0.145469
0.123239
0.160484
0.240298
0.343923
0.436377
0.445250
0.648060
0.848949
0.937130
0.807053
0.595395
0.629755
0.811673
0.582435
0.318895
0.138340
0.046848
0.007493
0.001415
0.000935
0.001326
0.004198
0.003334
0.000000
0.026749
0.139349
0.323082
0.471914
0.590714
0.606153
0.630905
0.774450
0.914840
0.937272
0.841542
0.763557
0.838796
0.799352
0.668711
0.502255
0.467949
0.648601
0.888151
1.166903
1.438027
1.623071
1.532845
1.299673
1.058428
0.821237
0.604347
0.429162
0.308675
0.200266
0.150191
0.087008
0.034500
0.010770
0.001500
0.000000
0.000000
0.004908
0.052653
0.127839
0.210832
0.270998
0.293682
0.629835
0.786248
0.828926
0.835274
0.828926
0.799610
0.696579
0.425741
0.323871
0.249565
0.190957
0.257675
0.345155
0.449328
0.555190
0.627951
0.637642
0.588816
0.492158
0.391557
0.302994
0.234476
0.280591
0.342053
0.428302
0.503923
0.724698
0.908459
0.993252
0.957903
0.873608
0.914704
1.030945
1.048575
0.970011
1.035009
1.096735
1.107589
1.107589
1.107589
1.096734
1.042717
0.851491
0.771124
0.730510
0.816396
0.910419
0.970238
1.063752
1.134989
1.300143
1.609885
1.983138
2.415453
2.907925
3.425143
3.837651
4.028945
3.748792
3.296269
3.016217
3.633783
4.379191
5.213941
5.954283
6.288373
5.934646
5.190093
4.366362
3.662979
3.195836
3.146215
2.846912
2.619987
2.393819
2.414162
2.221735
1.915582
1.846401
2.105477
2.400486
2.720912
3.055784
3.368277
3.511363
3.428240
3.185070
3.283159
3.590743
3.822399
3.959194
4.416331
4.815838
5.023550
5.039585
5.356241
5.938380
6.610254
7.328148
7.931804
8.259276
7.931806
7.450022
7.168926
6.640244
6.065650
5.505663
4.982196
4.546462
4.430249
4.631514
4.710519
4.514367
4.146637
3.757140
3.399300
3.109871
2.805996
2.510335
2.377908
2.570453
2.706593
2.887043
3.038675
3.020552
2.844701
2.615545
2.394302
2.150307
1.923260
1.758298
1.764112
1.842470
1.942576
2.051825
2.033207
1.893837
1.763527
1.620035
1.427664
1.248371
1.294860
1.414051
1.446755
1.402421
1.359823
1.239721
1.097114
1.007392
1.024016
1.041661
1.159554
1.259524
1.284807
1.328014
1.370222
1.363369
1.320347
1.384987
1.429799
1.389107
1.262022
1.110288
0.980915
0.848923
0.741204
0.645906
0.586846
0.623469
0.613260
0.564633
0.565955
0.596751
0.578424
0.510096
0.524262
0.676606
0.811348
0.941608
1.070523
1.268863
1.308360
1.330634
1.362701
1.330875
1.233120
1.094373
0.982827
0.883555
0.772050
0.659823
0.532441
0.384707
0.403992
0.407357
0.470543
0.557682
0.658001
0.753296
0.805490
0.785853
0.716321
0.622045
0.530002
0.441514
0.364724
0.300533
0.280920
0.333845
0.405458
0.487184
0.547007
0.548433
0.486583
0.399863
0.600880
0.698991
0.726851
0.734789
0.738843
0.745395
0.757697
0.781771
0.814807
0.934172
0.996048
1.060751
1.087070
1.099509
1.075303
1.003111
1.333182
1.725526
2.173157
2.597401
2.768675
2.592291
2.170408
1.726022
1.347727
1.020021
0.848890
0.970698
1.006434
0.942343
0.819338
0.678424
0.546992
0.430506
0.434419
0.560547
0.708061
0.858552
0.954651
0.955983
1.021024
1.144645
1.360347
1.625129
1.918442
2.205867
2.472121
2.571639
2.479472
2.205137
1.891986
2.037745
2.402222
2.816726
3.255326
3.599080
3.610526
3.275793
2.858101
2.436579
2.056643
1.719402
1.432830
1.234401
1.453151
1.617102
1.600094
1.421398
1.194640
0.976938
0.782457
0.614572
0.469420
0.345890
0.244017
0.161344
0.096942
0.049467
0.018255
0.002525
0.037245
0.102417
0.128890
0.083789
0.100187
0.097886
0.092871
0.090327
0.088213
0.081798
0.060267
0.024242
0.001322
0.002776
0.014029
0.061065
0.135678
0.189637
0.256033
0.272042
0.127095
0.037616
0.008247
0.003758
0.000049
0.004875
0.064056
0.190195
0.258358
0.278171
0.282069
0.282069
0.278171
0.255272
0.175473
0.034770
0.000005
0.000000
0.000000
0.000000
0.000000
0.000000
0.000000
0.000000
0.000000
0.000000
0.000000
0.000000
0.000000
0.000000
0.000000
0.000000
0.000000
0.000000
0.000000
0.000000
0.000000
0.000000
0.000000
0.000000
0.001570
0.036460
0.113192
0.183930
0.177497
0.105915
0.032305
0.000986
0.000000
0.000000
0.004564
0.031764
0.079288
0.167044
0.314184
0.524038
0.802574
1.161345
1.604621
2.085884
2.486378
2.495761
2.148134
1.733171
1.320435
1.034942
0.885558
0.640426
0.416390
0.335663
0.520218
0.588342
0.522800
0.337228
0.149037
0.042627
0.001207
0.000000
0.000000
0.000000
0.000000
0.000000
0.000000
0.000000
0.000000
0.000000
0.000000
0.000000
0.000000
0.000000
0.000000
0.000000
0.000000
0.000000
0.000000
0.000000
0.000000
0.000000
0.000000
0.000000
0.000000
0.000000
0.000000
0.000000
0.000000
0.000000
0.000000
0.010760
0.025628
0.010760
0.000000
0.000000
0.000000
0.000000
0.000000
0.000000
0.000000
0.000000
0.000000
0.000000
0.000000
0.000000
0.000000
0.000000
0.000000
0.000000
0.000000
0.000000
0.000000
0.000000
0.000000
0.000000
0.000000
0.000000
0.000000
0.000000
0.000000
0.000000
0.000000
0.000000
0.000000
0.000000
0.000000
0.000000
0.000000
0.000000
0.001816
0.018057
0.028501
0.012229
0.000134
0.001185
0.003595
0.001852
0.022911
0.091074
0.220452
0.422109
0.748233
1.235004
1.642979
1.807937
1.852149
1.855589
1.830289
1.993322
2.570401
3.257892
4.027755
4.875148
5.781776
7.277383
8.129672
7.267078
5.713583
4.662750
3.820050
3.252939
3.492163
3.534612
3.627338
3.999784
4.547390
4.770160
4.582006
4.081258
3.479959
2.908326
2.389867
1.947025
1.648347
1.507309
1.662750
1.702030
1.519338
1.230526
0.885771
0.996111
1.198143
1.427194
1.681901
1.931795
2.123113
2.170060
2.068514
1.898423
1.648829
1.406586
1.201424
1.062342
0.925650
0.766578
0.623677
0.494926
0.392850
0.328562
0.292743
0.224296
0.212054
0.246230
0.234734
0.208867
0.193993
0.195637
0.232526
0.238055
0.201968
0.149317
0.094434
0.058763
0.085382
0.095855
0.083576
0.053608
0.026574
0.039765
0.058146
0.057782
0.038651
0.019494
0.021673
0.037875
0.039391
0.029255
0.044337
0.069236
0.080520
0.085558
0.089158
0.095489
0.173470
0.346373
0.590315
0.907927
1.301674
1.706975
1.687325
1.246713
0.848392
0.539050
0.310150
0.264185
0.233495
0.180402
0.132163
0.094640
0.075563
0.108327
0.133252
0.162818
0.209642
0.276730
0.329552
0.345547
0.317207
0.266341
0.215073
0.178831
0.132151
0.087208
0.055614
0.034555
0.026868
0.042561
0.044188
0.030675
0.014330
0.019037
0.045852
0.086372
0.144625
0.220486
0.309112
0.413028
0.524227
0.626234
0.722815
0.737797
0.660895
0.550701
0.441269
0.339671
0.251088
0.175489
0.112923
0.071717
0.048908
0.066021
0.117899
0.150054
0.152491
0.229736
0.339340
0.467635
0.542740
0.550214
0.527103
0.660877
0.839551
1.050849
1.191015
1.176202
1.024695
0.852412
0.654688
0.574009
0.593918
0.525241
0.518670
0.758680
1.020028
1.176080
1.114049
1.377543
1.835102
2.433837
2.990614
2.972804
2.415215
1.962633
1.779173
1.513923
1.692511
2.074991
2.015298
1.471623
1.092724
1.081605
1.241069
1.249807
1.109727
0.938322
0.753574
0.592890
0.498747
0.647906
0.735953
0.715455
0.621455
0.483365
0.362553
0.284395
0.289978
0.325211
0.333301
0.335721
0.355652
0.415091
0.466105
0.463695
0.409464
0.331850
0.366924
0.404672
0.452614
0.505326
0.575366
0.726921
1.037861
1.444069
1.943518
2.558398
3.483468
3.995138
3.441400
2.489915
1.867015
1.369081
0.966771
0.651066
0.552966
0.512908
0.534997
0.542944
0.588550
0.604182
0.601704
0.686555
0.729079
0.712227
0.751998
0.921177
0.956865
0.854581
0.808190
0.749702
0.717477
0.824598
1.033435
1.250664
1.383727
1.359271
1.216048
1.006421
1.114055
1.524707
1.980088
2.426752
2.643859
2.430423
1.996845
2.128798
2.169397
2.168506
2.155009
2.152310
2.145799
2.115485
1.995248
1.755883
1.636838
2.004986
2.077885
1.871323
1.484621
1.113748
0.832207
0.935393
0.940781
0.806297
0.663972
0.751610
0.889345
1.115390
1.252963
1.332696
1.260145
1.375915
1.548341
1.518934
1.282790
0.998808
1.039886
1.035029
0.856099
0.896469
1.065369
1.245297
1.421906
1.543288
1.569225
1.465721
1.284193
1.282941
1.467808
1.649714
1.711584
1.630109
1.499951
1.338762
1.145100
1.133017
1.148958
1.091570
1.015668
1.029695
1.080929
1.172426
1.171112
1.051169
0.902087
0.772118
0.736832
0.783830
0.763672
0.960928
1.245827
1.539889
1.714022
1.696014
1.500371
1.209641
1.157880
1.528212
1.992628
2.549007
3.203239
3.965848
4.842120
5.804338
6.672979
6.846624
6.203342
5.279313
4.412346
3.640878
2.957469
2.362977
1.931210
1.676873
1.739299
1.658654
1.412717
1.297636
1.538905
1.751468
1.746958
1.527191
1.248648
0.976411
0.961731
0.915550
0.831652
0.922817
1.003756
0.969677
0.823735
0.856253
1.003339
1.080974
1.035542
1.519607
1.908114
2.047899
2.049885
1.920047
1.555807
1.019640
0.677622
0.541316
0.604501
0.560099
0.447384
0.383363
0.571771
0.808462
1.056847
1.185397
1.119169
0.922496
0.796861
0.802988
0.720253
0.627976
0.838789
1.078659
1.198715
1.605494
2.166570
2.608794
2.828959
2.925596
2.915699
2.780651
2.429598
1.725856
1.190727
0.794156
0.497739
0.281692
0.134435
0.152568
0.177235
0.166242
0.128401
0.088526
0.082883
0.106899
0.105462
0.078979
0.051255
0.056807
0.052900
0.036304
0.017542
0.004874
0.008586
0.018048
0.021212
0.021243
0.018197
0.010120
0.000973
0.004711
0.023124
0.090563
0.191321
0.247830
0.267369
0.271133
0.253539
0.185679
0.054938
0.043877
0.076492
0.125282
0.178846
0.197964
0.214850
0.282087
0.378899
0.452503
0.437632
0.368184
0.527492
0.781583
1.225787
1.651961
1.835544
1.886674
1.887786
1.832358
1.681087
1.460806
1.776167
2.055439
2.107721
1.857669
1.541303
1.409193
1.669226
2.042671
2.490591
2.935125
3.247574
3.210543
2.867715
2.424707
2.050095
1.715927
1.677019
1.871247
1.964349
2.020988
1.908278
1.677044
1.376141
1.089076
0.836663
0.622181
0.443315
0.298138
0.185516
0.119478
0.312483
0.430984
0.464729
0.462146
0.428928
0.335090
0.200903
0.221816
0.290597
0.455036
0.764783
0.920721
0.980404
0.980361
0.930048
0.802951
0.552716
0.330440
0.117702
0.022182
0.004338
0.008897
0.007541
0.001619
0.000000
0.000000
0.000000
0.000000
0.004720
0.009975
0.009410
0.013442
0.015236
0.013040
0.010098
0.004303
0.012437
0.029769
0.053979
0.084391
0.118543
0.161231
0.214265
0.277186
0.346766
0.397545
0.403943
0.381229
0.367606
0.445131
0.535008
0.625535
0.875236
1.016600
1.110358
1.516395
1.869442
1.925018
1.686639
1.313422
0.983746
0.791240
1.043347
1.372176
1.669560
1.784353
1.629500
1.365624
1.729137
2.191123
2.636889
2.760591
2.949845
3.508962
3.925347
3.222569
2.424464
1.809862
1.366312
1.005214
0.686388
0.436345
0.247928
0.141444
0.077913
0.111638
0.139823
0.178642
0.206481
0.184949
0.118890
0.128343
0.121200
0.138679
0.177323
0.163776
0.103553
0.046131
0.066115
0.129661
0.207401
0.271695
0.325901
0.370029
0.364340
0.311039
0.308168
0.404758
0.507456
0.585983
0.629692
0.699257
0.740076
0.710588
0.649923
0.700332
0.695702
0.791180
0.858286
0.947377
1.074394
1.123381
1.062345
0.921897
0.788585
0.689469
0.630394
0.742841
0.802101
0.776605
0.924700
1.100818
1.185287
1.167904
1.071625
1.223539
1.389229
1.439868
1.330335
1.237208
1.227345
1.355772
1.619132
1.952477
2.332444
2.715111
3.084054
3.254164
3.452080
4.050264
4.509538
4.509495
4.049928
3.443795
2.866866
2.363480
2.064189
1.995216
1.978453
2.050472
2.061786
2.203940
2.278785
2.195941
2.043221
1.849255
1.931125
1.999250
2.032925
2.083291
2.178309
2.410224
2.731684
3.068816
3.433575
3.768040
3.874059
3.764276
3.452632
3.196286
3.384012
3.313215
3.038465
2.709332
2.678444
2.848385
2.839173
2.861433
3.079247
3.365860
3.711212
4.059952
4.404145
4.692321
4.886589
4.826890
4.526286
4.127683
3.735605
3.386784
3.102010
2.881835
2.980424
3.222738
3.254846
3.091286
3.004047
3.064260
2.941574
2.712774
2.437663
2.427300
2.392374
2.670640
3.042712
3.432858
3.725738
3.853440
3.641564
3.292853
2.887215
2.512469
2.347577
2.538236
2.475860
2.255319
2.148518
2.014217
1.826328
1.633768
1.458971
1.363135
1.635707
1.850479
2.085474
2.180481
2.274360
2.177321
1.868959
1.561817
1.759089
2.209822
2.788963
3.484509
4.303678
5.247373
6.278303
7.208294
7.653387
7.144579
6.169579
5.123567
4.199554
3.416985
2.729577
2.146396
1.651370
1.235084
0.892026
0.896658
0.875293
0.791330
0.670641
0.545923
0.427231
0.323466
0.423906
0.593485
0.792499
1.021112
1.253754
1.352362
1.320582
1.144631
0.942391
0.979833
1.160347
1.236539
1.254702
1.346348
1.256420
1.090167
0.886438
0.814108
0.852048
0.827739
0.752792
0.675770
0.610272
0.545013
0.462112
0.361381
0.265040
0.267663
0.333516
0.423328
0.454822
0.394718
0.283009
0.173933
0.174103
0.195324
0.226675
0.382924
0.593188
0.872724
1.221214
1.635865
2.151459
2.772784
3.515855
4.324615
5.018969
5.024549
4.343725
3.530678
2.780018
2.147661
1.621876
1.187850
0.849860
0.603884
0.393220
0.230084
0.108430
0.033592
0.002830
0.004422
0.028880
0.075140
0.145146
0.243564
0.359899
0.465065
0.484179
0.416363
0.297254
0.191152
0.289294
0.404051
0.507147
0.525222
0.464321
0.354081
0.261566
0.183033
0.150974
0.234214
0.333003
0.418117
0.515642
0.425025
0.307369
0.211872
0.209576
0.336853
0.472475
0.540682
0.476715
0.346955
0.218933
0.124511
0.080279
0.153906
0.248909
0.337390
0.373841
0.343907
0.252536
0.381761
0.747487
1.066061
1.202151
1.250278
1.274338
1.264990
1.231356
1.129838
0.880324
0.638306
0.822603
1.118262
1.396333
1.535586
1.630280
1.599608
1.453481
1.696938
2.198133
2.752704
3.058515
2.839734
2.310980
1.760816
1.285811
0.902555
0.610816
0.409627
0.425817
0.430634
0.568043
0.758906
0.922464
0.985065
0.865875
0.676607
0.476815
0.316466
0.310338
0.275321
0.272092
0.341991
0.420598
0.506123
0.582512
0.621271
0.610051
0.514596
0.431121
0.400172
0.391745
0.363048
0.346235
0.384563
0.353144
0.262621
0.252613
0.274838
0.345019
0.428981
0.517084
0.586970
0.594826
0.529888
0.517846
0.604626
0.652406
0.633004
0.560782
0.592244
0.605418
0.678603
0.761239
0.875246
0.960678
0.998395
0.948253
0.932080
1.033903
1.078242
1.001163
0.997568
1.236791
1.889674
2.330438
2.492431
2.535073
2.539078
2.516508
2.406260
2.128721
1.699328
2.010058
2.146336
1.953417
1.595722
1.317221
1.694807
2.139550
2.641075
3.119751
3.458885
3.475209
3.154890
2.744264
2.959751
2.913089
3.202384
3.728658
4.327930
4.986448
5.656038
6.252683
6.888171
7.559277
8.395276
8.972529
8.958795
8.347632
7.454572
6.574604
5.779074
5.050858
4.402138
4.775518
5.310898
5.900108
6.500263
7.046430
7.169764
6.890841
6.320452
5.669149
5.036089
4.449803
3.918884
3.436941
2.996009
2.612864
2.306396
2.099412
1.996277
1.802496
1.606995
1.394928
1.360873
1.399026
1.327737
1.552284
1.802476
2.063912
2.319729
2.562661
2.817866
3.094495
3.385354
3.692626
4.028019
4.382459
4.759581
5.072995
5.201351
5.081959
4.928130
4.634933
4.326519
3.983558
3.749960
3.563038
3.652549
3.710551
3.606921
3.763847
3.893353
3.870948
4.153543
4.311327
4.235209
4.027994
3.778292
3.877011
3.995212
3.940033
3.735073
3.916570
4.277325
4.489279
4.500690
4.378090
4.194402
3.887952
3.560305
3.260192
3.008963
2.847509
3.074857
3.366772
3.633636
3.799817
3.828101
3.669414
3.336689
3.080128
2.907406
2.692213
2.446160
2.349492
2.422191
2.387362
2.270376
2.198902
2.463534
2.716102
2.884952
2.890763
3.022592
3.116044
3.070925
2.903931
3.054067
3.604140
4.263186
5.058988
5.958361
6.797808
7.097573
6.882326
7.015550
6.890795
6.338837
5.015486
4.293668
4.942986
5.627545
6.169143
6.391894
6.228489
5.707733
5.076754
4.523055
4.013678
3.471825
2.977849
3.303769
3.840939
4.323768
4.607832
4.380012
3.896772
3.660925
3.732219
3.584705
3.213329
2.810049
2.683158
3.682570
4.018826
3.651773
2.599475
1.833757
1.988697
2.300887
2.637790
2.979261
3.237415
3.246772
3.069354
2.764395
2.439543
2.687570
2.993585
3.295134
3.548592
3.636147
3.552333
3.365665
3.158354
3.032278
2.963530
2.873531
3.216605
3.522883
3.813216
4.119524
4.390831
4.463543
4.334137
4.048033
3.703106
3.390865
3.614019
3.887190
3.978584
3.911905
3.698109
3.403951
3.154702
3.036469
2.883542
2.942569
3.141054
3.472023
3.817986
4.084606
4.141620
3.963629
3.656104
3.463426
3.480193
3.389077
3.183982
3.223276
3.328619
3.190378
2.961437
2.685304
2.400361
2.536344
2.670924
2.694785
2.581397
2.449900
2.557835
2.623653
2.965039
3.133576
3.196028
3.158550
3.067011
2.885814
3.009110
3.409051
3.703883
3.813812
3.863437
3.858380
3.804015
3.665221
3.400992
2.782848
1.919756
2.317932
2.720241
3.149986
3.540181
4.178592
4.786655
5.092977
4.828186
4.333196
3.658130
3.041914
3.061426
3.324595
3.290916
2.926371
2.474939
2.211246
2.102608
2.013618
2.068108
2.213732
2.223949
2.338734
2.328026
2.296563
2.184944
2.067718
1.916787
2.147038
2.141464
1.903280
1.623298
1.521765
1.432128
1.385187
1.406147
1.411357
1.497402
1.641157
1.795691
1.861836
1.805329
1.747495
1.741951
1.637820
1.468719
1.498605
1.600155
1.553380
1.430674
1.339149
1.317621
1.596961
2.043422
2.373367
2.516433
2.469158
2.331844
2.506830
2.584025
2.498993
2.487209
2.696717
2.921386
3.054944
3.021692
3.184979
3.314240
3.239121
3.341648
3.330524
3.560103
3.855999
4.139654
4.294474
4.271202
4.052138
3.750957
3.435184
3.118775
2.809825
2.567852
2.517494
2.444341
2.303146
2.329931
2.637986
2.876169
2.966450
2.824449
2.565259
2.283631
2.022568
1.795817
1.724302
1.649184
1.856201
1.858804
1.801794
2.240472
2.688699
2.940928
2.913972
2.606715
2.174690
1.966022
2.348939
2.739036
3.016700
3.031546
2.779895
2.434747
2.104739
1.764955
1.460856
1.450170
1.623666
2.313962
2.959630
3.240119
3.307063
3.309927
3.303870
3.301250
3.290700
3.237101
3.446029
4.250945
5.034227
5.560996
5.593860
5.120046
4.611693
4.189981
5.085154
5.403674
4.935650
3.832632
2.912666
2.185347
1.976649
2.066766
2.443189
2.803993
2.928815
2.728135
2.308650
1.857505
1.468015
1.164480
0.915223
1.059183
1.268003
1.420373
1.353878
1.168136
0.925021
0.701203
0.518802
0.364870
0.352924
0.466541
0.596593
0.741074
0.899053
1.016524
1.023779
0.937817
0.862725
0.813677
0.717738
0.591124
0.467342
0.498769
0.608815
0.713724
0.743626
0.706025
0.607824
0.789728
0.900830
0.937397
0.950911
0.952526
0.918149
0.789384
0.635832
0.538265
0.601679
0.676369
0.735941
0.751327
0.713871
0.748953
0.881262
0.964332
0.949977
0.849185
0.730841
0.664838
0.704849
0.789438
0.879241
0.980795
1.025647
1.017222
1.210597
1.334612
1.457260
1.510619
1.615283
1.856481
2.088567
2.102564
2.154548
2.151593
2.291072
2.514337
2.746599
2.982791
3.231465
3.483530
3.638099
3.640150
3.494829
3.255729
3.002408
3.697227
4.365544
4.822928
5.118383
5.066955
4.696063
4.162749
3.771793
3.551552
3.619985
3.832722
3.968659
3.927232
3.675589
3.382641
2.903601
2.704632
2.682332
2.638561
2.550359
2.424255
2.237514
2.084520
2.232990
2.428045
2.540831
2.703315
2.942071
2.767965
2.666293
2.775490
2.916512
3.132908
3.326478
3.369412
3.204819
3.168087
3.645845
4.374380
4.895736
4.885678
4.343361
3.904401
3.728300
4.093506
4.464491
4.793886
5.018907
5.240778
5.373990
5.211955
5.147930
5.394951
5.412897
5.697450
6.122082
6.510855
6.843119
7.586455
7.939660
7.806924
8.424085
9.002706
9.202125
8.976577
8.312613
7.555410
6.843522
6.219391
5.686806
5.351177
5.335300
5.088174
4.974712
5.414966
5.832420
6.093091
6.128538
5.947982
5.600405
5.221036
4.810843
4.398479
4.000607
3.602545
3.211271
2.848101
2.527080
2.245281
2.251854
2.421286
2.526567
2.537585
2.386256
2.167984
1.937710
1.822538
1.756443
1.608122
1.486582
1.536571
1.750636
1.949171
2.039986
2.018641
2.218297
2.427854
2.600621
2.704304
2.772062
2.486701
1.937620
1.748673
1.590755
1.710414
1.908108
2.123152
2.315736
2.457668
2.517494
2.339299
1.660977
1.207166
1.123971
1.270171
1.093490
0.805211
0.521397
0.473956
0.346359
0.282771
0.325371
0.415943
0.532540
0.657629
0.761820
0.739592
0.801604
0.923910
1.078447
1.214818
1.205907
1.224491
1.120974
0.723477
0.481680
0.409063
0.246476
0.120528
0.118599
0.175928
0.268465
0.388714
0.528855
0.684968
0.862411
1.060804
1.280134
1.518525
1.721288
1.698686
1.139650
0.640487
0.634636
0.772560
0.961126
1.124015
1.035221
0.647130
0.597801
0.898198
1.283314
1.775795
2.399328
3.138010
3.903105
4.527010
4.604683
4.116022
3.684579
3.397859
2.928815
2.493004
2.253083
1.814832
1.336158
0.926330
0.599199
0.351062
0.174740
0.030390
0.006221
0.051435
0.115583
0.108088
0.004217
0.001768
0.021147
0.060623
0.000000
0.000000
0.000000
0.000000
0.000000
0.000000
0.000000
0.000000
0.000000
