track	type=wiggle_0
fixedStep	chrom=chr	start=1	step=1
0.000000
0.000000
0.000000
0.000000
0.000000
0.000000
0.000000
0.000000
0.000000
0.300528
0.639616
0.881097
1.020636
1.076296
1.040228
0.817479
0.405162
0.202847
0.161690
0.138344
0.181254
0.268598
0.378163
0.475104
0.479982
0.685078
0.885010
0.975542
0.841903
0.630442
0.650551
0.832829
0.602691
0.335016
0.148530
0.054126
0.011078
0.003454
0.002674
0.003310
0.008635
0.007365
0.000184
0.044147
0.184517
0.395616
0.561523
0.690198
0.707719
0.729383
0.879974
1.025034
1.048621
0.949169
0.867038
0.944993
0.903006
0.766009
0.589476
0.539837
0.727813
0.974808
1.259643
1.539350
1.724264
1.631573
1.397073
1.152041
0.909425
0.682207
0.498799
0.372604
0.256136
0.185894
0.115403
0.054839
0.023721
0.008585
0.002682
0.001179
0.005107
0.010646
0.035669
0.069005
0.106538
0.301506
0.646708
0.806212
0.849755
0.856183
0.849755
0.819889
0.714932
0.440285
0.240956
0.155517
0.156866
0.170220
0.154789
0.150334
0.208843
0.261350
0.288155
0.299330
0.262160
0.205683
0.203247
0.168349
0.211358
0.280044
0.360736
0.435664
0.496669
0.552747
0.596245
0.583866
0.661230
0.966324
1.181233
1.256234
1.209318
1.108271
1.122855
1.139796
1.227652
1.242433
1.215253
1.138161
1.036764
0.960704
0.858269
0.765165
0.870402
0.997118
1.131063
1.276249
1.424329
1.545935
1.663203
2.036692
2.444268
2.888384
3.245098
3.419819
3.169130
2.768434
2.420753
2.954267
3.610235
4.345329
4.991194
5.297640
4.974780
4.325469
3.600701
2.984058
2.604639
2.582305
2.321760
2.152328
2.008186
2.042011
1.935221
1.659831
1.747549
1.788846
1.777012
1.914304
1.951361
2.130747
2.381720
2.668583
2.978624
3.307308
3.637155
3.885112
3.989566
3.860198
3.750981
3.734219
3.691955
4.101254
4.545735
5.027008
5.543511
6.095088
6.653937
7.139430
7.349122
7.138178
6.642273
6.085180
5.544495
5.045986
4.620718
4.663314
4.842411
4.836486
4.608093
4.245337
3.859943
3.502189
3.218932
2.930663
2.649188
2.462807
2.683556
2.892948
2.990371
2.909020
2.731472
2.625336
2.838366
3.076906
3.291881
3.406011
3.382545
3.214061
3.053836
2.992082
3.174886
3.278509
3.198493
3.038352
3.041143
3.260396
3.409041
3.524941
3.520897
3.381904
3.199540
3.150649
2.992345
2.778194
2.712636
2.799373
2.828733
2.796217
2.896301
2.903356
2.886831
2.766499
2.595869
2.400083
2.206307
2.021472
1.962434
2.095649
2.206773
2.214477
2.113700
1.964361
1.791116
1.625865
1.719430
1.883152
2.056379
2.222216
2.321448
2.317305
2.207485
2.043897
1.871347
1.711719
1.576142
1.420875
1.312105
1.204703
0.941723
0.630147
0.613199
0.657686
0.676044
0.648685
0.575400
0.712635
0.915056
1.148580
1.383521
1.525338
1.557559
1.451280
1.482018
1.758701
2.140115
2.576820
3.072503
3.621757
4.242969
4.829254
5.190104
5.098872
4.636974
4.222198
4.020694
3.558576
3.094373
2.931809
2.949708
2.965994
3.262935
3.751062
4.228339
4.541533
4.374277
3.956981
3.417506
2.932275
2.617973
2.383406
2.138417
1.868555
1.824325
1.585985
1.939379
2.439102
2.826726
2.754780
2.395527
2.380578
2.824947
2.957314
2.757333
2.330613
1.900695
1.504730
1.160057
0.979318
1.123802
1.185257
1.128505
1.195405
1.192745
1.125746
1.010589
0.858373
0.709187
0.586783
0.652397
0.613728
0.493825
0.392951
0.365892
0.441333
0.476737
0.450537
0.442399
0.453045
0.406820
0.343255
0.247540
0.161362
0.129717
0.213247
0.318693
0.441285
0.543688
0.544161
0.442051
0.422778
0.676115
1.013499
1.458072
2.046590
2.768344
2.764245
2.029384
1.431888
0.989292
0.655806
0.402341
0.225243
0.175322
0.245162
0.246335
0.176350
0.095626
0.046699
0.068275
0.056048
0.027986
0.008499
0.045901
0.069981
0.095092
0.105530
0.102642
0.098503
0.096649
0.092977
0.080584
0.043675
0.004447
0.000000
0.001618
0.006214
0.052452
0.131595
0.173828
0.232634
0.242138
0.108865
0.028596
0.004961
0.002322
0.000051
0.006172
0.068386
0.198714
0.268910
0.289281
0.293286
0.293286
0.289281
0.265718
0.183524
0.038214
0.000303
0.000000
0.000000
0.000000
0.000000
0.000000
0.000000
0.000000
0.000000
0.000000
0.000000
0.000000
0.000000
0.000000
0.000000
0.000000
0.000000
0.000000
0.000000
0.000000
0.000000
0.000000
0.000000
0.000000
0.003539
0.044066
0.125279
0.198030
0.193390
0.120470
0.041381
0.003589
0.000000
0.000000
0.011654
0.046768
0.100588
0.194750
0.348835
0.566093
0.850548
1.213998
1.660977
2.147552
2.547554
2.557078
2.210889
1.792158
1.372747
1.090028
0.939890
0.689212
0.459394
0.347705
0.537161
0.606765
0.539779
0.349310
0.157383
0.048041
0.002537
0.000000
0.000000
0.000000
0.000000
0.000000
0.000000
0.000000
0.000000
0.000000
0.000000
0.000000
0.000000
0.000000
0.000000
0.000000
0.000000
0.000000
0.000000
0.000000
0.000000
0.000000
0.000000
0.000000
0.000000
0.000000
0.000000
0.000000
0.000000
0.000000
0.000000
0.014397
0.029754
0.014397
0.000000
0.000000
0.000000
0.000000
0.000000
0.000000
0.000000
0.000000
0.000000
0.000000
0.000000
0.000000
0.000000
0.000000
0.000000
0.000000
0.000000
0.000000
0.000000
0.000000
0.000000
0.000000
0.000000
0.000000
0.000000
0.000000
0.000000
0.000000
0.000000
0.000000
0.000000
0.000000
0.001995
0.027767
0.085935
0.178877
0.297787
0.403017
0.427374
0.352736
0.226420
0.132328
0.115892
0.193922
0.259859
0.275146
0.244299
0.444433
0.770788
1.260361
1.673282
1.839977
1.884654
1.888123
1.862718
2.079330
2.654170
3.345902
4.130895
4.991730
5.911549
7.411105
8.278028
7.400937
5.842799
4.776638
3.919578
3.346642
3.598104
3.647623
3.746290
4.141051
4.689981
4.917053
4.728504
4.225506
3.621382
3.038471
2.514129
2.065217
1.690498
1.562435
1.765756
1.984863
2.220391
2.461451
2.678190
2.811980
2.734684
2.782754
3.084897
3.426912
3.793777
4.193036
4.614873
5.005042
5.223178
5.189873
4.909045
4.538656
4.134349
3.741151
3.383804
3.072609
2.900862
2.816651
2.619788
2.380301
2.124750
1.893524
1.670459
1.463607
1.275002
1.097661
1.037178
1.020306
1.033877
0.996190
1.040064
1.170182
1.313854
1.466728
1.611196
1.734146
1.760087
1.680882
1.520022
1.384382
1.233903
1.090744
0.987091
0.958301
0.889785
0.834660
0.950399
1.074860
1.194046
1.414981
2.028813
2.496209
2.712045
2.831476
2.927952
2.935869
2.853932
2.729428
2.335510
1.593286
1.079961
0.742282
0.496140
0.446435
0.402143
0.331893
0.266575
0.297840
0.419404
0.526749
0.601018
0.665419
0.670438
0.623412
0.592395
0.565452
0.511380
0.433386
0.348090
0.293251
0.256184
0.204255
0.157578
0.121829
0.095002
0.070788
0.102086
0.159087
0.228787
0.309887
0.401634
0.510719
0.641860
0.794325
0.957046
1.136372
1.323110
1.495052
1.656126
1.679922
1.572742
1.425624
1.274112
1.094037
0.921415
0.764912
0.623377
0.506758
0.414653
0.326112
0.244355
0.200668
0.199070
0.280438
0.397246
0.530037
0.608219
0.583745
0.562613
0.718866
0.899332
1.115743
1.261127
1.249748
1.099662
0.930936
0.731900
0.648483
0.669691
0.598887
0.572300
0.810100
1.075662
1.229855
1.164773
1.423707
1.878050
2.477178
3.034537
3.018225
2.461219
2.010121
1.832193
1.564168
1.732957
2.112139
2.053479
1.510445
1.136940
0.786318
0.669585
0.678758
0.582899
0.474226
0.356705
0.257570
0.231076
0.328982
0.387404
0.390542
0.341198
0.251143
0.248631
0.241622
0.291297
0.351935
0.409002
0.480056
0.573574
0.656346
0.690464
0.654945
0.568980
0.465557
0.366854
0.282363
0.211922
0.299737
0.496825
0.756565
1.090513
1.504489
2.010817
2.634482
3.565594
4.086895
3.517724
2.564515
1.936093
1.429004
1.017014
0.691136
0.439902
0.254661
0.125668
0.135807
0.221007
0.335264
0.486635
0.675023
0.893070
1.142377
1.413239
1.650480
1.712944
1.580524
1.317371
1.047359
0.818251
0.622581
0.688140
0.760440
0.771994
0.879973
1.212921
1.617352
2.103985
2.674678
3.291740
3.862965
3.998733
3.703857
3.075360
2.460058
2.355625
2.354065
2.345188
2.341729
2.330352
2.284899
2.109655
1.825808
1.413344
1.118584
1.151191
1.398653
1.384988
1.223165
1.458445
1.595901
1.552967
1.370377
1.115422
1.228658
1.362781
1.446635
1.416117
1.299944
1.139576
0.988901
0.847558
0.715554
0.665271
0.882788
1.081896
1.081210
1.231661
1.431607
1.643859
1.860847
2.061488
2.199189
2.162737
1.994682
1.770072
1.583530
1.805844
2.005364
2.043854
1.956290
1.872709
1.793320
1.693587
1.768624
1.757784
1.592750
1.370739
1.151765
0.952615
0.778610
0.827129
0.936449
1.036094
1.077498
1.161991
1.200601
1.157973
1.027815
0.884164
0.913872
0.857790
0.773243
0.630848
0.565512
0.684973
0.821422
1.062742
1.559696
2.244430
2.662771
2.997233
3.693624
4.220720
4.206031
3.622638
2.958588
2.365304
1.860395
1.413969
1.044004
0.763613
0.802922
0.796003
0.711625
0.615810
0.683073
0.738569
0.837128
0.841475
0.844206
0.850082
0.819620
0.835191
0.976498
1.099510
1.148387
1.109921
1.003552
0.966167
1.019244
1.048510
1.022984
0.978490
1.573696
1.980320
2.124005
2.126027
1.992075
1.616145
1.066407
0.717239
0.588456
0.655848
0.609263
0.722885
0.816434
0.816908
0.899641
1.158758
1.289837
1.223309
1.264581
1.378780
1.380629
1.268746
1.107465
0.956690
1.146055
1.264889
1.674313
2.247659
2.702826
2.927779
3.026832
3.018183
2.880147
2.519199
1.798353
1.251031
0.844821
0.544198
0.333966
0.438548
0.567140
0.710085
0.878107
1.019698
1.126059
1.097679
0.939058
0.711621
0.805424
0.845423
0.765809
0.752240
0.867087
0.940067
1.156878
1.697628
2.459594
2.829422
2.816724
2.429896
1.676876
1.348392
1.524841
1.609919
1.541715
1.368682
1.648621
2.047186
2.431637
2.580906
2.493365
2.167925
1.887704
2.111267
2.296340
2.236938
1.961354
1.669735
1.416196
1.142000
0.916919
0.756170
0.784051
0.777991
0.787493
1.235778
1.663204
1.847281
1.901767
1.903297
1.850023
1.793146
1.718169
1.786863
2.071143
2.122462
1.869404
1.551059
1.425433
1.679558
2.041267
2.471091
2.901654
3.205112
3.163447
2.825234
2.383967
2.012725
1.677484
1.642623
1.834736
1.925374
1.978846
1.858432
1.626063
1.326241
1.043184
0.794078
0.586988
0.415645
0.275979
0.168816
0.115460
0.305467
0.423396
0.456122
0.453800
0.421931
0.330195
0.196738
0.217512
0.284754
0.449832
0.757137
0.911960
0.970497
0.969353
0.918668
0.790002
0.541324
0.322198
0.112807
0.061006
0.078038
0.072251
0.048164
0.025231
0.008382
0.000873
0.000617
0.000046
0.001113
0.000283
0.000000
0.000000
0.000000
0.000000
0.000000
0.000000
0.000000
0.000000
0.000928
0.003756
0.002589
0.000404
0.000000
0.000000
0.000085
0.002248
0.002708
0.020972
0.055850
0.098988
0.270540
0.585907
0.845073
0.952442
0.949509
0.841343
0.587619
0.316726
0.185656
0.324653
0.509748
0.745177
1.034735
1.361478
1.652714
1.767013
1.612740
1.339029
1.699171
2.168280
2.616246
2.742922
2.932240
3.492835
3.907858
3.200787
2.406845
1.791663
1.352486
0.992250
0.673485
0.423225
0.294140
0.362043
0.460792
0.549139
0.658392
0.731066
0.702208
0.598246
0.451259
0.323229
0.223562
0.138377
0.122903
0.102017
0.117269
0.132508
0.121282
0.082209
0.089909
0.137207
0.195018
0.255994
0.331293
0.423229
0.526587
0.644486
0.779796
0.923237
1.075965
1.209915
1.314255
1.388271
1.352900
1.236995
1.076411
0.924036
0.819346
0.856948
0.899079
0.878356
0.782833
0.689036
0.588791
0.494358
0.415841
0.508562
0.579312
0.755682
0.933608
1.136183
1.389881
1.657714
1.909942
2.137526
2.300301
2.447231
2.606658
2.571562
2.384473
2.327673
2.168433
2.039989
1.854178
2.030065
2.400692
2.897510
3.467530
4.035245
4.426691
4.427573
4.036397
3.463859
2.882514
2.603110
2.614398
2.521044
2.328210
2.142609
2.272551
2.420675
2.538773
2.493503
2.280157
2.049150
2.077848
2.116128
2.061014
1.994639
2.033787
2.292235
2.608819
2.954015
3.290129
3.596564
3.687306
3.575596
3.260767
3.329129
3.438240
3.462202
3.304331
3.049592
2.796193
2.718507
2.883969
2.955318
2.892557
3.123625
3.438740
3.772573
4.100378
4.387520
4.591044
4.557576
4.278713
3.902351
3.529099
3.193135
2.908503
2.688531
2.666274
2.861489
2.894732
2.704207
2.785474
2.829860
2.684681
2.441173
2.164064
2.166395
2.134467
2.401017
2.754022
3.135426
3.440130
3.606070
3.425951
3.094119
2.694368
2.330028
2.204596
2.405223
2.372550
2.169557
1.976679
1.849069
1.681339
1.495688
1.330004
1.204226
1.268733
1.560418
1.835742
2.081848
2.196382
2.120213
1.826319
1.485727
1.676104
2.120079
2.690441
3.373492
4.179406
5.111299
6.137005
7.064538
7.504821
7.004299
6.033584
4.993049
4.078972
3.305234
2.630820
2.196190
2.062819
1.882278
1.715249
1.607611
1.535282
1.476617
1.445148
1.340773
1.204949
1.013322
0.842796
0.746609
0.695814
0.919851
1.146449
1.241592
1.211001
1.043781
0.849739
0.863550
1.042013
1.118922
1.137062
1.225126
1.140356
1.140636
1.255555
1.352011
1.412561
1.386919
1.286731
1.182713
1.098820
1.005996
0.875414
0.733829
0.628879
0.524815
0.496015
0.462433
0.403352
0.365174
0.393145
0.421410
0.436342
0.397064
0.328121
0.363341
0.563982
0.831374
1.174901
1.594087
2.085665
2.690483
3.424588
4.226813
4.914363
4.922171
4.242987
3.441300
2.701821
2.076382
1.560228
1.138117
0.819589
0.684403
0.548807
0.428578
0.325186
0.386026
0.530889
0.705304
0.900892
1.073751
1.168400
1.101345
0.912302
0.703540
0.526631
0.603848
0.755924
0.882642
0.908868
0.835374
0.687962
0.548510
0.423718
0.360248
0.492980
0.629741
0.721310
0.731338
0.689505
0.585380
0.469132
0.362160
0.272561
0.231579
0.252334
0.297634
0.297260
0.254450
0.178908
0.107836
0.054380
0.150247
0.223489
0.270147
0.299519
0.411594
0.535392
0.676578
0.835626
1.076048
1.373288
1.474193
1.413484
1.354904
1.319871
1.280103
1.226837
1.094424
0.870567
0.878823
0.885767
1.029821
1.252725
1.382458
1.469190
1.441768
1.306660
1.558212
2.035980
2.556089
2.847449
2.638342
2.129635
1.604609
1.153572
0.795745
0.537431
0.397407
0.370938
0.390301
0.462443
0.451387
0.331977
0.183836
0.074824
0.038755
0.138534
0.260848
0.165936
0.056138
0.005247
0.000000
0.000000
0.000000
0.000000
0.000000
0.000000
0.000000
0.000000
0.000000
0.000000
0.000000
0.000000
0.000000
0.000000
0.000000
0.000000
0.000000
0.000000
0.000000
0.000000
0.000000
0.000000
0.000000
0.000000
0.000000
0.000000
0.000000
0.000690
0.009708
0.026466
0.042606
0.042288
0.025458
0.011726
0.018616
0.023712
0.023494
0.101892
0.244836
0.461230
0.768325
1.210584
1.857854
2.294306
2.456872
2.497452
2.498446
2.470948
2.354289
2.075774
1.649485
1.943924
2.077239
1.885767
1.531526
1.171564
0.891624
0.743231
0.649489
0.729488
0.823827
0.757590
0.575483
0.420649
0.513816
0.487339
0.384840
0.334595
0.359778
0.314174
0.267731
0.386622
0.457683
0.480612
0.518857
0.627889
0.623921
0.586194
0.629521
0.485025
0.295899
0.168294
0.148527
0.202693
0.294858
0.412707
0.557099
0.693514
0.743021
0.675610
0.542087
0.392209
0.293979
0.289540
0.276015
0.229655
0.130919
0.041500
0.055965
0.058714
0.046215
0.088490
0.142614
0.205822
0.281078
0.372641
0.487566
0.626873
0.782152
0.942858
1.082670
1.151576
1.121707
1.210322
1.665606
2.112818
2.301879
2.121670
1.674524
1.228703
0.892681
0.772446
0.941207
1.121475
1.302573
1.426571
1.416968
1.271952
1.071723
0.907140
0.848421
0.838365
0.795186
0.720870
0.623716
0.582803
0.642001
0.726646
0.772112
0.816458
0.932025
1.066285
1.232743
1.428354
1.628109
1.803988
1.893840
1.809113
1.634214
1.438620
1.271553
1.124321
0.988701
0.924170
0.959612
1.061820
1.168380
1.217732
1.222958
1.142158
0.984643
0.833387
0.742043
0.759514
0.829817
0.835743
0.777412
0.670102
0.552661
0.506096
0.428206
0.484740
0.516999
0.476761
0.432171
0.485456
0.752990
1.062081
1.309726
1.442541
1.732397
2.144993
2.700285
3.593195
4.731859
5.220769
5.335643
5.257932
4.867227
3.973305
2.950601
2.473399
2.912489
3.236357
3.411955
3.355664
3.013633
2.597613
2.429276
2.442130
2.383367
2.347257
2.341756
2.401479
2.498284
2.561551
2.350150
2.037765
1.713345
1.416565
1.161809
1.434720
1.986129
2.629658
3.619994
3.952928
3.591062
2.548924
1.791420
1.265210
0.856233
0.535759
0.547541
0.653932
0.669013
0.615616
0.498402
0.411680
0.524430
0.650437
0.782140
0.909154
0.965047
0.943898
0.832820
0.688595
0.551471
0.532284
0.474755
0.427217
0.387040
0.442215
0.576278
0.742459
0.851662
0.838398
0.748717
0.725843
0.860128
0.998991
1.103913
1.112536
1.060559
0.946489
0.955392
0.940205
0.878574
0.760943
0.652285
0.620039
0.600353
0.574753
0.550395
0.634749
0.738091
0.829479
0.896820
0.905113
0.860360
0.764681
0.666444
0.662481
0.667556
0.586080
0.490012
0.567066
0.766639
0.852254
0.808102
0.649763
0.736525
0.677774
0.591607
0.513389
0.589215
0.862737
1.274729
1.757279
2.321377
2.943424
3.343255
3.637873
3.785446
3.798268
3.790615
3.742290
3.603338
3.358799
2.815969
2.061039
2.198176
2.013687
1.632362
1.194152
0.770693
1.020201
1.278059
1.502796
1.781777
1.988993
2.334380
2.785118
3.183046
3.280829
3.056396
2.701494
2.709432
2.718634
2.433876
2.051902
1.689376
1.433841
1.393373
1.307043
1.320627
1.453103
1.703638
1.978086
2.166367
2.156750
1.952001
1.643090
1.334366
1.316239
1.194743
1.005352
0.926681
0.750301
0.570322
0.752460
0.973019
0.970783
0.754690
0.867073
1.011561
1.153773
1.253227
1.282107
1.204237
1.061533
0.982848
0.986068
1.039942
1.350087
1.689505
1.859764
1.690015
1.845718
2.126675
2.387054
2.430845
2.384307
2.632112
2.930321
3.234269
3.494087
3.756722
3.847892
3.737365
3.463396
3.254577
3.332038
3.211072
2.991145
2.730202
2.483414
2.252206
2.054054
2.030573
1.930582
1.868116
1.751277
1.700402
1.587712
1.469993
1.386930
1.444675
1.674323
1.912588
2.179363
2.441718
2.594770
2.576818
2.404734
2.136045
1.856608
1.604945
1.404446
1.390949
1.321378
1.190573
1.057581
1.008318
0.899973
0.781930
0.790695
0.739108
0.842288
0.866147
1.014376
1.196143
1.377492
1.436837
1.335875
1.109829
1.412232
1.921552
2.565465
3.496343
4.373967
4.744103
4.841935
4.739634
4.448002
4.278241
5.007473
5.827276
6.732408
7.519628
7.892564
8.241007
9.225332
9.906188
9.871600
9.067641
7.859708
6.675298
5.652652
4.827711
4.660310
4.323666
3.920889
3.516628
3.457087
3.164123
2.755182
2.298067
2.134358
2.315971
2.311890
2.091028
1.869171
1.919131
2.016415
1.908670
1.646487
1.398550
1.306182
1.131056
0.922170
0.723999
0.659285
0.814118
0.987825
1.173131
1.307490
1.286362
1.128783
0.926579
0.734069
0.565050
0.420728
0.311890
0.336117
0.511114
0.727514
0.830550
0.831948
0.742394
0.807353
0.922668
0.945340
0.944487
0.933164
0.894170
0.773833
0.508856
0.388261
0.363513
0.396340
0.500597
0.593164
0.729101
0.866367
1.008630
1.103218
1.094259
0.985843
0.854612
0.771591
0.816028
0.900781
0.989712
1.101526
1.151782
1.126744
1.064655
1.023381
1.072128
0.978136
1.078596
1.332196
1.692146
2.033461
2.168926
2.226825
2.389177
2.616138
2.853477
3.094453
3.351470
3.605928
3.764718
3.770571
3.622299
3.378299
3.130734
3.878795
4.527592
5.044162
5.376136
5.413101
5.101428
5.224889
5.263986
5.075097
4.811821
4.615057
4.493242
4.230381
3.825478
3.417006
2.925482
2.768883
2.673853
2.533118
2.336256
2.363645
2.583439
2.836462
3.097116
3.324443
3.442710
3.368424
3.145392
2.888296
2.936344
3.152827
3.340323
3.583202
3.797013
3.859878
3.692315
3.416124
3.549510
4.273379
4.786994
4.775128
4.237003
3.655957
3.486324
3.863548
4.226703
4.552417
4.787943
5.003815
5.138152
4.972882
4.943492
5.184348
5.210641
5.482582
5.855874
6.135072
6.163713
6.546230
6.669938
6.562786
7.201331
7.850758
8.240593
8.261293
7.754150
7.092839
6.453671
5.891542
5.408711
5.085927
5.070415
4.816175
4.693412
5.130024
5.540901
5.793304
5.820289
5.630366
5.287106
4.921996
4.524019
4.127560
3.737596
3.357061
2.984451
2.632403
2.326460
2.055546
2.059283
2.223663
2.317837
2.334577
2.218982
2.013915
1.796145
1.795654
1.721785
1.565748
1.426855
1.375585
1.564623
1.750262
1.837164
1.813820
1.695656
1.768807
1.840173
1.769651
1.610768
1.428635
1.236358
1.060718
0.919369
0.969101
1.068302
1.142395
1.267986
1.403505
1.515882
1.456392
1.456066
1.319586
1.164045
1.231052
1.057688
0.772883
0.494365
0.297053
0.216477
0.161184
0.112093
0.107307
0.072461
0.058147
0.113781
0.178080
0.242008
0.306548
0.350184
0.456011
0.574689
0.675055
0.655713
0.296965
0.089306
0.037825
0.000383
0.000000
0.000000
0.000000
0.000000
0.000000
0.000000
0.000000
0.000000
0.000000
0.000000
0.000000
0.001055
0.015710
0.045733
0.078491
0.093156
0.088554
0.181135
0.272295
0.357113
0.353389
0.567573
0.860074
1.229265
1.689816
2.248142
2.897066
3.599030
4.206135
4.275037
3.797302
3.433254
3.214825
2.775720
2.308933
2.191869
2.113446
1.395097
0.904195
0.578227
0.331687
0.158175
0.053091
0.005231
0.000000
0.000000
0.000000
0.000000
0.000000
0.000000
0.000000
0.000000
0.000000
0.000000
0.000000
0.000000
0.224015
0.646708
0.000000
0.000000
0.000000
0.000000
0.000000
0.000000
0.000000
0.000000
