track	type=wiggle_0
fixedStep	chrom=chr	start=1	step=1
0.000000
0.000000
0.000000
0.000000
0.000000
0.000000
0.000000
0.000000
0.000000
0.001648
0.003476
0.006811
0.019424
0.090568
0.227520
0.451124
0.523477
0.415510
0.171513
0.052228
0.023591
0.079549
0.182321
0.317994
0.492820
0.725903
0.954481
1.050926
0.908211
0.660745
0.722419
0.926319
0.670550
0.377883
0.171428
0.063674
0.013339
0.003863
0.003016
0.003708
0.008166
0.006912
0.000020
0.016643
0.118158
0.237124
0.384761
0.546648
0.728620
0.936264
1.145255
1.269107
1.254711
1.113242
1.128311
1.198770
1.118142
0.939896
0.728575
0.837418
1.100208
1.426469
1.793440
2.095837
2.190668
1.986451
1.681911
1.392073
1.123381
0.854194
0.621185
0.431677
0.410182
0.373218
0.271301
0.165601
0.100168
0.071251
0.114461
0.170601
0.225390
0.259922
0.271149
0.329133
0.360567
0.640375
1.220964
1.514085
1.595200
1.608845
1.595200
1.533203
1.314375
0.827330
0.467495
0.226509
0.082731
0.012475
0.037030
0.084961
0.153662
0.231184
0.303730
0.325068
0.297535
0.228103
0.257884
0.340739
0.429927
0.521760
0.603452
0.629091
0.599277
0.533422
0.590444
0.613341
0.580602
0.509910
0.420992
0.406292
0.458594
0.488966
0.452556
0.395875
0.393054
0.609153
0.883252
1.222589
1.638401
2.140358
2.738998
3.433543
4.187079
4.843891
5.174390
5.345842
6.725424
8.399897
8.399897
6.711561
5.193991
4.187992
3.339423
2.612818
2.006453
1.508441
1.113794
0.785808
0.529379
0.356418
0.237288
0.293180
0.398815
0.528103
0.679083
0.850734
1.044098
1.260711
1.504989
1.782424
2.087997
2.414367
2.772980
3.168924
3.570760
3.944157
4.107477
3.958957
3.758220
3.613222
3.305715
2.907329
2.974221
3.133230
3.353903
3.419579
3.337326
3.113494
3.044024
3.015390
3.210218
3.435821
3.574156
3.392695
3.073062
2.764020
2.341128
2.000119
1.736584
1.440125
1.161882
0.917293
0.830976
0.834470
0.772080
0.739466
0.651154
0.535528
0.461709
0.398652
0.413103
0.694373
1.144383
1.697822
1.810362
1.546312
1.414651
1.273197
1.021582
0.582822
0.301509
0.146213
0.150018
0.148740
0.122924
0.097056
0.099234
0.077524
0.046965
0.028837
0.045324
0.044412
0.030052
0.026119
0.050560
0.079482
0.099026
0.103268
0.116453
0.154112
0.205326
0.252529
0.307394
0.354093
0.366084
0.367000
0.335254
0.275906
0.213420
0.162126
0.118333
0.102037
0.118172
0.119865
0.157138
0.194876
0.241494
0.271057
0.259887
0.221763
0.195541
0.293341
0.339242
0.325552
0.374749
0.410946
0.403187
0.347365
0.262804
0.181129
0.122096
0.100949
0.118071
0.165928
0.222413
0.289366
0.365843
0.443323
0.495129
0.494329
0.442366
0.374014
0.324907
0.469444
0.453409
0.302495
0.220095
0.194228
0.224852
0.332508
0.346276
0.247676
0.143298
0.071940
0.061378
0.164214
0.355762
0.502967
0.574644
0.600779
0.614591
0.718567
0.736992
0.653822
0.648776
0.627578
0.599665
0.542711
0.393443
0.238262
0.354431
0.433216
0.505423
0.658786
0.825934
0.816135
0.620781
0.406399
0.593150
0.875326
1.382002
1.813230
2.005472
2.044578
2.005474
1.825113
1.433176
0.961378
0.613416
0.351647
0.183132
0.160472
0.188218
0.165108
0.099482
0.043853
0.103631
0.201549
0.336983
0.501886
0.643521
0.670849
0.547429
0.398605
0.276018
0.247592
0.218598
0.340640
0.557137
0.785305
0.892099
0.878717
0.791296
0.768710
0.690222
0.628737
0.846914
1.209541
1.667665
2.174852
2.207539
1.763123
1.337320
1.024798
0.784453
0.827212
1.018594
1.151647
1.168884
1.040791
0.832451
0.635452
0.459818
0.336315
0.466608
0.620045
0.788005
0.912069
0.935336
0.829930
0.662394
0.553638
0.618142
0.623366
0.571128
0.483752
0.393481
0.313383
0.289147
0.292196
0.427535
0.660723
0.839302
0.813349
0.588660
0.366308
0.197884
0.205177
0.277140
0.361941
0.451172
0.523183
0.562733
0.518319
0.441581
0.351062
0.424972
0.622225
0.919203
1.337986
1.762352
1.432366
0.983962
0.697089
0.582454
0.472793
0.370152
0.384668
0.676019
0.898688
0.987501
1.010989
1.010989
0.986656
0.883981
0.611395
0.477661
0.460278
0.639253
0.850457
1.140687
1.468527
1.657131
1.631859
1.395984
1.055734
0.975832
1.393415
1.941532
2.749101
3.589864
3.941142
4.036135
4.053853
4.053853
4.036134
3.938670
3.564305
2.640445
1.826156
1.979874
2.181801
2.189633
2.009820
1.711846
1.623523
1.981465
2.400063
2.879802
3.421119
4.033015
4.649956
5.045654
5.103998
4.748243
4.135942
3.515670
2.965323
2.735417
3.380742
4.046994
4.489134
4.491435
4.049132
3.393838
2.797247
2.405165
1.993363
1.617831
1.246084
0.921929
0.654692
0.531390
0.520397
0.459556
0.357439
0.251175
0.162399
0.158349
0.196087
0.243894
0.248640
0.211114
0.189318
0.183145
0.157871
0.085038
0.010055
0.000000
0.000000
0.000000
0.001097
0.008914
0.023437
0.032975
0.027039
0.014216
0.003013
0.001950
0.025586
0.063529
0.115610
0.249410
0.388885
0.387541
0.262273
0.245306
0.199756
0.141387
0.093004
0.118028
0.168432
0.216855
0.230314
0.222636
0.206076
0.173471
0.125991
0.081129
0.045104
0.045220
0.075845
0.090116
0.087240
0.080018
0.068750
0.043535
0.023443
0.010811
0.001348
0.000166
0.000000
0.000000
0.000000
0.004053
0.024467
0.060125
0.097373
0.104369
0.081893
0.063813
0.059347
0.078921
0.113092
0.134775
0.136140
0.207515
0.322466
0.465146
0.631266
0.760454
0.758873
0.628298
0.879075
1.197283
1.602649
2.110448
2.699902
3.365442
4.196708
5.170098
6.314026
7.605927
8.339135
7.774475
6.664365
5.740847
4.946784
4.539649
3.837111
3.147730
2.614486
2.541525
2.946877
3.519444
4.141899
4.740112
5.165602
5.067012
4.637598
4.443176
4.030288
4.243222
4.901633
5.574643
5.877420
5.573954
4.956703
4.312829
3.620789
3.472828
3.488932
3.225012
2.906733
2.439428
1.976782
1.497830
1.081875
0.747243
0.484720
0.290197
0.158109
0.140296
0.217649
0.298760
0.349505
0.331385
0.255725
0.175263
0.114465
0.099502
0.131853
0.161665
0.174658
0.150486
0.102729
0.062939
0.033737
0.016250
0.003441
0.000000
0.000000
0.000000
0.000000
0.000000
0.000000
0.000000
0.000000
0.000000
0.000000
0.000000
0.000000
0.000000
0.000000
0.000000
0.000000
0.000000
0.000000
0.000000
0.000000
0.000000
0.000000
0.000000
0.001004
0.016174
0.027805
0.032800
0.034166
0.034940
0.035787
0.037284
0.039598
0.040928
0.040751
0.059202
0.128553
0.184245
0.172566
0.077668
0.012820
0.000000
0.000934
0.008154
0.016798
0.016213
0.007519
0.001236
0.000000
0.000000
0.000000
0.000000
0.000000
0.000000
0.000000
0.000000
0.004106
0.020347
0.027320
0.011026
0.000186
0.000000
0.000000
0.000000
0.000000
0.000000
0.000000
0.000000
0.000000
0.000000
0.000000
0.000000
0.000118
0.025082
0.074007
0.055006
0.094675
0.095500
0.058170
0.021790
0.011491
0.002643
0.000000
0.000000
0.000000
0.000000
0.002837
0.012044
0.033661
0.073704
0.129972
0.169821
0.184317
0.272397
0.396637
0.539011
0.623269
0.636999
0.575304
0.472759
0.580096
0.749408
0.852421
0.809133
0.692281
0.560482
0.438910
0.560430
0.583577
0.581194
0.554111
0.476660
0.500851
0.706561
1.028021
1.466405
2.013307
2.663368
3.259695
3.238175
2.639291
2.146376
1.949682
1.668902
1.868114
2.280796
2.217059
1.653894
1.324320
1.053783
0.731596
0.454906
0.264708
0.131973
0.139697
0.096059
0.057484
0.100148
0.158805
0.234606
0.317951
0.378629
0.388316
0.336752
0.258965
0.188786
0.211176
0.220505
0.178782
0.167040
0.219535
0.274323
0.324858
0.342767
0.420535
0.467284
0.446252
0.473161
0.547313
0.615995
0.707223
0.818929
0.913460
1.048040
1.197549
1.341527
1.440721
1.585137
1.797296
1.943261
1.935389
1.775335
1.549294
1.324082
1.127742
0.985860
1.087372
1.154050
1.146572
1.069997
1.087298
1.123435
1.091065
1.077387
1.220487
1.356359
1.491099
1.602960
1.622593
1.529961
1.385592
1.415547
1.842429
2.355818
2.964767
3.678115
4.505613
5.440356
6.360836
7.031314
6.990894
6.259586
5.420794
4.584072
4.009118
3.771449
4.313957
4.688568
4.513302
4.027932
3.414146
3.487786
4.005086
4.594824
5.253215
5.944096
6.509392
6.701845
6.425180
6.177801
6.118209
6.342869
6.375996
6.487718
6.295929
5.851069
6.265611
7.103498
8.061380
9.017504
9.770376
9.727917
8.984881
8.070914
7.132621
6.280152
5.881988
6.410401
6.954247
7.497714
7.897263
8.005172
7.695269
7.271413
6.755247
6.262779
5.749480
5.291378
4.987931
5.171813
5.149149
4.897399
5.272794
5.554202
5.459512
5.168344
4.954775
4.938302
4.903808
5.151393
5.529742
5.808330
5.923181
6.156099
6.264605
6.158695
6.493897
7.040784
7.517853
7.724834
7.584233
7.147887
6.655909
6.183836
5.885190
6.323808
6.709160
7.090699
7.369526
7.394845
7.135031
6.662023
6.170585
6.074801
6.087820
6.421908
6.697024
6.681944
6.425562
6.053514
5.705226
5.546602
5.604389
6.065875
6.013468
5.389816
4.609804
4.427597
4.696020
4.986859
5.070785
5.309140
5.633767
6.269070
6.727458
6.993575
7.087302
6.977499
6.819797
6.679366
6.703265
6.907391
6.946249
6.783886
6.500938
6.275006
6.119011
5.969217
5.914297
5.820235
5.826266
6.138915
6.355544
6.433735
6.479420
6.372970
6.120659
5.768190
5.412066
5.388458
5.401505
5.204331
4.891393
4.509859
4.448174
4.693701
4.883448
4.991147
4.853172
4.586626
4.258147
3.912622
3.573214
3.254675
2.972754
2.757118
2.524858
2.308305
2.299776
2.212397
2.115680
2.163091
2.026947
2.017419
1.768769
1.438753
1.207850
1.140552
0.975254
0.897795
1.072532
1.256843
1.403799
1.425783
1.307712
1.126155
1.000262
1.078407
1.615789
2.381477
2.751692
2.740905
2.370056
2.646524
3.017024
3.418263
3.754823
3.962206
3.880557
3.639270
3.278386
3.272038
3.752757
4.245850
4.492422
4.333258
3.915497
3.550635
3.213317
2.813945
2.390333
1.993265
1.644871
1.343731
1.079760
0.853796
0.669697
0.514895
0.452271
0.377400
0.277308
0.380723
0.528537
0.697228
0.878294
0.962324
0.986129
0.984409
0.946724
1.069146
1.417099
1.807745
2.167125
2.302453
2.116688
1.709225
1.305234
0.964051
0.689131
0.470572
0.370304
0.339067
0.314913
0.311880
0.297073
0.242460
0.120306
0.016636
0.000162
0.000000
0.000000
0.000000
0.000000
0.000000
0.000000
0.000000
0.000000
0.000000
0.000000
0.000000
0.000000
0.000000
0.000000
0.000000
0.000000
0.001977
0.051042
0.089799
0.099583
0.099604
0.097980
0.093418
0.078811
0.039190
0.000482
0.000000
0.000000
0.000000
0.000000
0.000000
0.000000
0.000000
0.000000
0.000000
0.000000
0.000000
0.000000
0.000000
0.000000
0.000000
0.000000
0.000000
0.000000
0.000000
0.000000
0.000000
0.000000
0.000000
0.000000
0.000000
0.000000
0.000000
0.000000
0.000122
0.034432
0.137319
0.326005
0.629988
0.890622
1.025693
1.095903
1.495999
1.841123
1.895661
1.649263
1.266809
0.931518
0.677145
0.942669
1.267754
1.562008
1.672701
1.520443
1.283579
1.646388
2.107391
2.553716
2.671894
2.877459
3.441790
3.864737
3.155970
2.360886
1.749532
1.308275
0.948362
0.633597
0.391251
0.220296
0.148752
0.104491
0.114235
0.122725
0.181576
0.258813
0.287677
0.337486
0.410171
0.456700
0.417742
0.316627
0.209943
0.127779
0.099272
0.093108
0.069335
0.044125
0.100819
0.213423
0.284709
0.319354
0.478498
0.699847
0.901043
0.867456
0.612119
0.370507
0.406479
0.421354
0.496168
0.536978
0.783618
1.033175
1.231509
1.247538
1.275359
1.417774
1.508153
1.477187
1.534372
1.599331
1.659072
1.796470
1.941672
1.985821
2.141576
2.228300
2.152542
2.015801
1.912357
2.027281
2.053003
1.921990
1.714970
1.779035
1.856165
1.987166
2.198047
2.337105
2.287172
2.184983
2.161456
2.218295
2.335524
2.528770
2.715452
2.835852
3.147375
3.525467
3.815670
3.902774
3.678358
3.328512
3.009164
3.278856
3.469948
3.598559
3.915169
4.408348
4.869781
5.135816
5.086169
4.702841
4.357352
4.271814
4.622822
5.088814
5.396768
5.430162
6.010177
6.805154
7.756771
8.820889
9.982862
11.262848
12.577641
13.516870
13.464372
12.429986
11.075248
9.787763
8.692081
7.881794
7.709123
7.498202
7.320442
7.468554
7.982887
8.447877
8.929580
9.655579
10.179174
10.133332
9.531714
8.664225
7.810911
7.028050
6.317410
5.690665
5.126719
4.646128
4.965153
5.414025
5.684105
5.604268
5.271291
4.810967
4.355479
3.929350
3.538145
3.182731
2.908908
2.591755
2.624361
3.336852
4.168398
5.139879
6.188060
7.345495
7.327215
6.126840
5.007390
4.029571
3.201201
2.491199
1.895416
1.483227
1.601308
1.610289
1.815179
2.030684
2.002988
1.785168
1.569123
1.758642
1.899348
1.916900
1.813947
1.634194
1.434731
1.252484
1.089917
1.043155
0.971820
1.203417
1.256993
1.223874
1.070338
0.750692
0.410193
0.265531
0.189522
0.224954
0.286097
0.331603
0.435416
0.634730
0.818239
0.950650
1.164680
1.343389
1.525411
1.601217
1.598148
1.577828
1.662122
1.812124
2.025034
2.234478
2.391583
2.583441
2.679191
2.651596
2.531999
2.354295
2.158427
1.888781
1.680550
1.584221
1.477718
1.211699
0.966809
0.906103
0.830857
0.710410
0.682993
0.627170
0.693165
0.817742
0.894305
0.900867
0.889688
1.164055
1.174310
0.930293
0.708565
0.860067
0.995312
1.054215
1.024425
0.923360
1.245719
1.750062
1.999772
1.727707
1.236565
1.177774
1.126044
1.021751
0.882603
0.759956
0.641805
0.735823
0.791115
0.770791
0.675068
0.564245
0.553794
0.651432
0.717018
0.777143
0.899738
0.955016
0.877826
0.724972
0.562865
0.429185
0.327384
0.262093
0.239479
0.223460
0.194404
0.233536
0.251279
0.283436
0.374294
0.469986
0.549784
0.591603
0.670243
0.829393
1.025828
1.239817
1.431963
1.532407
1.451310
1.274791
1.066684
0.865213
0.684143
0.527333
0.409003
0.303424
0.215537
0.163780
0.106868
0.055484
0.066540
0.098232
0.117495
0.157305
0.262093
0.280136
0.221780
0.199977
0.210596
0.300638
0.439997
0.597964
0.692453
0.950507
1.046243
1.033432
0.910508
0.647463
0.353215
0.160536
0.063286
0.040206
0.020333
0.014286
0.012584
0.030161
0.084678
0.177300
0.306783
0.466473
0.617249
0.676708
0.605575
0.461279
0.315429
0.198274
0.111113
0.050673
0.015846
0.031137
0.066621
0.072648
0.151884
0.325205
0.597662
0.944004
1.243342
0.944881
0.593819
0.334245
0.226066
0.289358
0.298829
0.248797
0.184032
0.115509
0.095256
0.055014
0.020554
0.002707
0.000000
0.000000
0.000000
0.000000
0.000000
0.000000
0.003815
0.027177
0.075211
0.130778
0.161018
0.129694
0.074700
0.025965
0.002709
0.010944
0.054114
0.132331
0.242807
0.367155
0.489258
0.707910
0.935244
1.035951
0.932013
0.838510
0.866038
0.600475
0.373109
0.213453
0.092587
0.020146
0.072359
0.123674
0.143519
0.148949
0.151808
0.146669
0.119050
0.070247
0.012209
0.000004
0.000000
0.000000
0.000000
0.000000
0.000000
0.000000
0.000000
0.000000
0.000000
0.000000
0.000000
0.000000
0.000000
0.001774
0.006894
0.022131
0.050704
0.073709
0.065764
0.039680
0.014397
0.001476
0.003850
0.008669
0.007458
0.003548
0.005723
0.004287
0.000583
0.000000
0.000000
0.000000
0.000000
0.000000
0.000000
0.000935
0.018807
0.062068
0.130473
0.217198
0.294487
0.286057
0.200252
0.119695
0.056866
0.016061
0.019023
0.040956
0.055605
0.050093
0.041848
0.049970
0.046676
0.032444
0.032964
0.034395
0.033547
0.065954
0.092660
0.108580
0.150718
0.211119
0.286673
0.371577
0.459153
0.506043
0.497735
0.432323
0.347904
0.312377
0.271037
0.222026
0.216663
0.194706
0.207089
0.243655
0.262841
0.306900
0.388010
0.494652
0.576002
0.598502
0.547331
0.637854
0.707604
0.789629
0.808378
0.832557
0.779902
0.805478
0.844676
0.908166
1.047259
1.273280
1.548923
1.851883
2.164799
2.459259
2.705541
2.885164
2.971184
2.844652
2.680089
2.423961
2.198798
2.028339
1.918221
1.736890
1.585481
1.362398
1.462976
1.568771
1.870627
2.286553
2.798730
3.423773
4.141913
4.890564
5.678469
6.596911
7.633587
8.451122
9.307566
10.938781
12.366420
12.303203
10.843177
9.522447
8.460576
7.681261
7.619548
7.151600
7.539443
7.267941
6.823383
7.165377
6.858528
6.150469
5.339323
4.567900
3.857382
3.224703
2.646032
2.333289
2.387859
2.623269
2.788663
2.724419
2.486701
2.151350
1.887723
2.211674
2.576210
2.867326
2.861847
2.573727
2.274511
1.988655
1.963525
2.142114
2.288590
2.243683
1.984378
1.681567
1.373470
1.110545
0.890337
0.703264
0.556314
0.686394
0.839197
0.956349
1.039349
1.138100
1.186399
1.184632
1.173451
1.165582
1.120029
1.060861
0.963398
0.913509
1.417096
1.889582
1.885561
1.405707
0.943853
0.688874
0.655322
0.807484
0.924024
1.010087
1.177943
1.324300
1.456036
1.659324
1.863084
1.988680
1.981382
1.852334
1.669106
1.557695
1.672270
1.708020
1.641287
1.550393
1.700877
1.910734
2.144634
2.359508
2.480220
2.490056
2.362257
2.169747
1.943263
1.716167
1.497781
1.291987
1.099717
0.921253
0.755236
0.615888
0.643745
0.620117
0.572351
0.503865
0.419118
0.377214
0.469296
0.561375
0.616437
0.640139
0.647236
0.704411
0.692525
0.688502
0.995440
1.377366
1.928985
2.601695
2.737417
2.954257
2.727336
2.256919
2.224040
2.001538
1.591621
1.172764
0.897600
0.846441
0.708623
0.543727
0.423928
0.411939
0.522389
0.683299
0.905942
1.100007
1.177114
1.107925
0.941872
0.973076
0.872718
0.874609
0.805782
1.073735
1.381999
1.577628
1.479528
1.215739
1.085652
1.049186
0.943752
0.955089
1.055339
1.159242
1.287865
1.387414
1.519419
1.672656
1.833008
2.031890
2.264988
2.496101
2.676397
2.761497
2.673239
2.965973
3.481173
3.475475
2.979167
2.508280
2.741289
2.890727
2.877365
2.697754
2.444660
2.303772
2.012684
1.821447
1.724345
1.817046
1.985948
2.174288
2.357465
2.547839
2.767080
3.012143
3.016108
2.875308
2.665271
2.659070
2.984218
3.309620
3.552280
3.643960
3.482820
3.190746
2.908877
3.036862
3.070814
2.959845
2.808197
3.234534
3.685982
4.031703
4.201491
4.046957
3.716171
3.368633
2.969629
2.944748
2.884212
2.653985
2.374629
2.513957
2.333994
2.519897
2.715651
2.891235
2.988147
2.985975
2.873894
2.685701
2.461760
2.307955
2.820262
3.396559
3.959506
4.404063
4.487515
4.197584
3.659737
3.087037
2.554656
2.098047
2.460132
3.166378
3.984490
4.940748
6.037922
7.199916
8.085184
8.176055
7.409330
6.295739
5.217776
4.264011
3.443272
2.785386
2.299508
1.959810
2.110249
2.195521
2.014794
1.630629
1.519661
1.670143
1.832639
1.972216
1.973322
1.825730
1.640558
1.781644
1.925423
1.832284
1.547907
1.661247
1.710591
1.810678
1.936803
1.947329
1.835922
1.679962
1.483857
1.275968
1.313992
1.386757
1.483532
1.438193
1.505182
1.549156
1.533906
1.476506
1.517119
1.653282
1.984527
2.658646
3.264895
3.299968
2.704882
2.011242
1.983563
1.865791
1.707999
1.634181
1.522056
1.412808
1.300583
1.491858
1.705644
1.984969
2.367932
2.673214
2.892735
3.017027
3.094316
3.374457
3.684283
3.999163
4.310211
4.592779
4.754014
4.749174
4.553281
4.443095
4.694452
4.911539
4.991821
4.895916
4.668724
4.381861
4.485170
4.859314
5.198587
5.410228
5.448574
5.248390
5.070249
5.271472
5.216635
4.932064
4.547013
4.188257
3.837118
3.536806
3.495184
3.592837
3.815879
4.077231
4.276935
4.343167
4.514624
4.684095
5.050197
5.419090
5.616812
5.594223
5.442759
5.209968
5.242701
5.380655
5.235065
4.931712
4.844675
4.829866
4.849080
5.010840
4.745422
4.305174
4.605240
4.924608
5.252644
5.555361
5.729148
5.767518
5.675927
5.942796
6.187204
6.368609
6.455414
6.351377
6.041107
5.720764
5.738931
5.679733
5.470795
5.159837
5.374921
5.612901
5.812304
5.996662
6.008591
6.012680
5.771050
5.456223
5.188653
4.871887
4.715268
4.772766
4.721424
4.726881
5.031360
5.416349
5.901757
6.357880
6.550420
6.537889
6.469875
6.479794
6.522573
6.585853
6.635062
6.607306
6.410597
6.510195
6.720536
6.630198
6.358766
6.451279
6.188480
5.796679
5.495567
5.826376
6.325498
6.849555
7.482024
8.157967
8.693288
8.897220
8.468661
8.310978
8.087502
7.664635
7.363119
7.224732
6.813601
6.321170
6.333084
6.588007
6.624066
6.625968
6.618865
6.387910
5.978859
5.537115
5.078317
4.825081
5.088113
5.419569
5.661857
5.681905
5.451470
5.116676
4.745180
4.388158
4.044751
3.760531
3.568409
3.275528
2.968489
2.729545
2.959377
3.041221
3.023814
2.875669
2.662626
2.465115
2.309583
2.259297
2.415865
2.629153
2.760061
2.693285
2.532301
2.300611
2.044091
1.806324
1.609301
1.459297
1.452428
1.388434
1.346968
1.450870
1.499781
1.695846
1.903751
2.110261
2.247035
2.098275
1.351573
0.962397
0.641278
0.406811
0.277588
0.272441
0.322547
0.281526
0.309069
0.392255
0.504163
0.642911
0.800044
0.967516
1.106116
1.253958
1.373346
1.237093
0.956509
0.531569
0.164688
0.071127
0.058128
0.065158
0.055765
0.022039
0.000000
0.000150
0.006174
0.023813
0.059059
0.113136
0.184519
0.277160
0.389298
0.491368
0.625653
0.772842
0.857083
0.682400
0.194637
0.279377
0.390044
0.392191
0.632750
0.948050
1.346260
1.839214
2.435943
3.125459
3.870725
4.512877
4.594354
4.118706
3.778320
3.601481
3.157118
2.620125
2.483500
2.018097
1.507034
1.058397
0.695353
0.415448
0.227754
0.131461
0.167775
0.325360
0.531582
0.752534
0.857126
0.975759
1.240245
1.383207
1.304781
1.516356
1.456037
0.867986
0.372446
0.438468
1.220964
0.000000
0.000000
0.000000
0.000000
0.000000
0.000000
0.000000
0.000000
