track	type=wiggle_0
fixedStep	chrom=chr	start=1	step=1
0.000000
0.000000
0.000000
0.000000
0.000000
0.000000
0.000000
0.000000
0.000000
0.000000
0.000000
0.005442
0.033008
0.294054
0.606207
0.707308
0.549417
0.349346
0.187215
0.080506
0.019748
0.000015
0.000000
0.000000
0.000000
0.000000
0.000000
0.000000
0.000000
0.000000
0.001010
0.000761
0.000000
0.000000
0.000010
0.001145
0.019338
0.122246
0.242797
0.283508
0.238731
0.163893
0.095777
0.062444
0.078794
0.094406
0.118384
0.226728
0.399999
0.692228
0.833201
0.874228
0.882260
0.868304
0.806210
0.660465
0.420305
0.541506
0.634071
0.609446
0.588909
0.543318
0.432910
0.299247
0.185199
0.100490
0.043643
0.010622
0.000000
0.005478
0.020412
0.025329
0.020142
0.025374
0.051112
0.073917
0.075831
0.102009
0.211916
0.271586
0.344271
0.618445
1.006477
1.508082
1.681523
1.728656
1.735749
1.728656
1.679936
1.480042
0.923603
0.550928
0.538625
0.484917
0.404655
0.351121
0.412915
0.513850
0.623190
0.719211
0.769370
0.730989
0.680582
0.705636
0.697069
0.713278
0.788028
0.935266
1.123223
1.306324
1.383777
1.306889
1.160289
1.160289
1.148920
1.080750
1.291822
1.463495
1.479486
1.347011
1.408837
1.469845
1.417886
1.382293
1.573943
1.924844
2.347092
2.835886
3.389858
3.976143
4.449208
4.665494
4.359538
3.841684
3.591511
4.290914
5.141171
6.087265
6.931419
7.308258
6.920448
6.074935
5.139440
4.338324
3.783788
3.673391
3.312277
2.905469
2.816303
2.973558
2.974670
3.352191
3.406459
3.139233
2.736173
2.326330
2.049998
2.015496
1.799323
1.549324
1.312429
1.099694
0.913769
0.861996
0.746535
0.619838
0.659653
0.802180
0.985836
1.181761
1.326194
1.360172
1.297991
1.175512
1.133599
1.177801
1.254185
1.266715
1.467619
1.604628
1.650603
1.547733
1.360853
1.155288
0.974281
0.829900
0.739001
0.783974
0.853295
0.824960
0.829965
0.765660
0.701961
0.697821
0.622987
0.518259
0.494186
0.583924
0.633658
0.629761
0.611708
0.570214
0.501373
0.582862
0.640306
0.634928
0.698509
0.805364
0.816161
0.684740
0.718758
0.979055
1.293398
1.633066
1.994899
2.243112
2.227385
1.932484
1.542015
1.182123
0.884363
0.655116
0.509077
0.352911
0.368997
0.393227
0.458731
0.481250
0.444920
0.453600
0.368151
0.264053
0.177343
0.126266
0.142884
0.163860
0.143415
0.091584
0.083551
0.085994
0.068494
0.045606
0.027538
0.021914
0.039622
0.047248
0.035427
0.051632
0.070941
0.071013
0.191755
0.399446
0.787369
1.207240
1.387854
1.426728
1.393733
1.243202
0.914152
0.546788
0.292790
0.125165
0.031671
0.007458
0.000071
0.000000
0.000000
0.000000
0.000000
0.000000
0.000000
0.000000
0.000000
0.000000
0.004158
0.023679
0.052855
0.069532
0.053547
0.072128
0.072836
0.040997
0.011511
0.000040
0.000000
0.000000
0.000000
0.002449
0.020391
0.086099
0.154087
0.137026
0.060948
0.012781
0.000094
0.000000
0.000000
0.000000
0.005557
0.049232
0.079474
0.083144
0.061009
0.022192
0.038044
0.092058
0.150110
0.323869
0.480652
0.483964
0.333176
0.143188
0.048966
0.015728
0.001855
0.015267
0.074562
0.110900
0.071926
0.009153
0.000000
0.000000
0.000000
0.000000
0.000000
0.000000
0.000000
0.000000
0.000000
0.000000
0.000000
0.000000
0.002781
0.021324
0.049597
0.071031
0.065531
0.054229
0.107391
0.186443
0.288540
0.417952
0.573651
0.752241
0.879046
0.873155
0.752143
0.577146
0.593616
0.599822
0.599822
0.592495
0.559579
0.446121
0.226889
0.070007
0.008795
0.000000
0.000000
0.000220
0.012023
0.024725
0.049528
0.063127
0.044157
0.009635
0.000000
0.002617
0.042826
0.134090
0.244800
0.271205
0.185908
0.118455
0.106747
0.097740
0.093820
0.091754
0.087391
0.071229
0.044643
0.137926
0.260746
0.382512
0.398750
0.284186
0.143667
0.043077
0.001564
0.000000
0.000000
0.000000
0.000000
0.000000
0.000000
0.000000
0.000000
0.000000
0.000000
0.000000
0.000000
0.000000
0.000000
0.000000
0.000000
0.000000
0.000000
0.000000
0.000000
0.000000
0.000000
0.000000
0.000000
0.000000
0.000000
0.000000
0.000000
0.000000
0.000000
0.000000
0.000000
0.000000
0.000000
0.000000
0.000000
0.000000
0.000000
0.000000
0.000000
0.000000
0.000000
0.000000
0.000000
0.000000
0.000000
0.000000
0.000000
0.000000
0.000000
0.000000
0.000000
0.000000
0.000000
0.000221
0.024903
0.093855
0.213116
0.424864
0.737182
0.929036
0.868619
0.735290
0.617386
0.419286
0.257177
0.169703
0.160714
0.222574
0.395851
0.553211
0.612401
0.542653
0.353604
0.283688
0.284368
0.245873
0.208876
0.214194
0.275570
0.431068
0.543513
0.541702
0.420709
0.281685
0.225973
0.172149
0.124270
0.084169
0.059358
0.057547
0.043958
0.025561
0.051151
0.093731
0.138323
0.177561
0.198824
0.222681
0.204765
0.226414
0.276224
0.376300
0.490164
0.609388
0.823275
0.846073
0.886875
0.816748
0.748771
0.899344
1.065558
1.249247
1.447698
1.652294
1.875254
2.083918
2.206842
2.334430
2.896432
3.533463
4.070987
4.151048
3.696700
3.077355
2.774150
3.085424
3.273314
3.276330
3.122148
2.963977
2.901023
3.043077
3.311427
3.502029
3.627963
3.971008
4.336415
4.729397
5.042118
5.046084
5.103267
5.608208
5.929596
5.923797
5.602001
5.117417
4.644302
4.276702
4.360536
4.317088
4.091542
3.840039
3.511105
3.927924
4.007734
3.691975
3.261936
2.970861
3.488510
4.110965
4.772603
5.450551
5.939673
5.982868
5.560259
5.057767
4.662377
4.196147
5.075357
6.044691
7.581208
8.458128
7.561231
5.939606
4.840418
3.943072
3.442890
3.172002
3.277274
3.526787
3.961853
4.497868
4.824530
4.710440
4.192829
3.617213
3.044017
2.781053
3.254401
3.269971
3.019716
2.716213
2.269485
1.827885
1.374363
0.981239
0.797377
0.713187
0.557419
0.521735
0.562151
0.565704
0.511149
0.438440
0.483999
0.573089
0.663385
0.712489
0.693186
0.627270
0.610805
0.613916
0.554142
0.467893
0.382981
0.314647
0.438006
0.378576
0.289460
0.275077
0.329161
0.402713
0.446152
0.432071
0.429754
0.408992
0.372121
0.320265
0.396297
0.485835
0.535670
0.512525
0.440478
0.343480
0.255697
0.188566
0.259522
0.339928
0.419250
0.457203
0.434390
0.493013
0.519895
0.492273
0.411062
0.328419
0.289133
0.350251
0.432345
0.524398
0.601101
0.629083
0.918148
1.329094
1.755384
1.735454
1.266699
0.844437
0.528128
0.522774
0.531755
0.485410
0.401805
0.334733
0.482508
0.577314
0.617900
0.546550
0.447402
0.283460
0.368614
0.467449
0.570716
0.684066
0.772547
0.787631
0.718517
0.615130
0.516846
0.442601
0.460136
0.450151
0.391324
0.399310
0.350960
0.314769
0.437048
0.500723
0.403468
0.365319
0.520315
0.732919
0.981332
1.231592
1.380765
1.462205
1.587547
1.675792
1.753949
1.841001
2.213971
2.757259
3.460136
4.299545
5.283707
6.415152
7.694560
7.692559
6.435522
5.353567
4.378894
3.532411
2.818521
2.250180
1.847801
1.558492
1.688918
2.074029
2.524155
2.991168
3.384670
3.444398
3.205684
2.771121
2.337774
1.913612
1.534463
1.282746
1.467394
1.619398
1.657752
1.696586
1.862558
1.999318
2.438730
3.011636
2.993572
2.728550
3.105964
3.526325
3.934873
4.297767
4.363750
4.184155
3.789117
3.350959
2.942495
2.573859
2.309681
2.393955
2.276000
2.134606
2.442556
2.869666
3.295884
3.492792
3.354414
2.972746
2.871782
3.175156
3.503269
3.833491
4.107635
4.171675
4.035748
3.730764
3.407809
3.316026
3.637931
3.970696
4.234546
4.341597
4.243252
3.978284
3.646684
3.328609
3.272813
3.572150
3.825789
4.083838
4.134725
4.019141
3.759254
3.563341
3.675238
3.632848
3.434148
3.163257
3.004289
3.104028
3.030691
2.885473
3.038540
3.152818
3.356089
3.707041
4.085460
4.449220
4.750782
4.883960
4.863906
4.714547
4.515703
4.453019
4.287680
4.060174
3.838082
3.746234
3.653612
3.450109
3.607472
4.193108
5.046038
6.035242
7.154183
8.308466
9.243403
9.406810
8.790734
7.637967
6.496427
5.563142
6.315637
7.223511
8.047393
8.455833
8.294188
7.529824
6.646890
6.308036
6.897017
6.950149
6.290319
6.599612
6.693984
6.373064
5.818157
5.357403
5.655044
5.558944
5.150277
4.613055
4.234787
4.428358
4.283898
3.945400
3.525342
3.925409
4.360400
4.833164
5.329257
5.848363
6.381792
6.814949
7.039806
6.947227
6.549321
6.083150
5.589981
5.135633
4.853057
4.779531
4.694654
4.410849
4.779427
5.043198
5.008303
4.658305
4.164412
3.669734
3.538128
3.836025
4.039391
4.055667
3.900254
3.624630
3.313970
3.009777
2.730811
2.572837
2.858696
3.133544
3.338708
3.428005
3.351815
3.255994
3.224931
3.078730
2.940500
2.725090
2.485795
2.274949
2.083999
1.933473
1.784164
1.855098
1.950475
1.980368
1.870160
1.688002
1.575300
1.493130
1.364087
1.215505
1.208126
1.412240
1.587550
1.604532
1.498004
1.874733
2.164410
2.157092
1.836533
1.442994
1.484300
1.858476
2.176869
2.391088
2.332373
2.044817
1.659102
1.954228
2.367779
2.754019
3.016495
3.101708
2.938522
2.633944
2.173244
2.102098
2.882715
3.369256
3.540264
3.536233
3.354873
2.829363
2.155643
2.035380
1.871622
1.940412
2.126460
2.275908
2.333170
2.252885
2.113034
1.949347
1.796664
1.637302
1.469255
1.293091
1.127726
1.244346
1.359622
1.435449
1.442831
1.349054
1.233669
1.782519
2.479464
2.824011
2.953793
2.958877
2.831670
2.463870
1.715942
1.165666
0.765515
0.478309
0.282545
0.156060
0.060693
0.025087
0.028052
0.042330
0.056890
0.060348
0.045714
0.022998
0.006701
0.000037
0.000000
0.000000
0.000000
0.000000
0.000000
0.000015
0.005054
0.018938
0.034526
0.040524
0.026348
0.009958
0.000452
0.000000
0.000000
0.000000
0.000000
0.000000
0.000000
0.003278
0.012974
0.019488
0.012287
0.008913
0.011661
0.006952
0.004946
0.013002
0.021914
0.019396
0.007317
0.031609
0.079716
0.114766
0.143873
0.182351
0.204577
0.232933
0.285935
0.414791
0.637100
0.770342
0.854722
0.988077
1.334977
1.759920
2.248462
2.732623
3.225719
3.597809
3.757826
4.338178
4.829100
4.802533
4.271300
3.622779
3.003195
2.642249
2.129613
1.546325
1.198082
0.908696
0.667122
0.467824
0.308029
0.183004
0.092600
0.033526
0.004395
0.000000
0.000000
0.000000
0.000000
0.000000
0.000000
0.000000
0.000000
0.000000
0.000000
0.000000
0.000000
0.000000
0.000000
0.000000
0.000000
0.000000
0.000000
0.000000
0.000000
0.000000
0.000000
0.000000
0.000000
0.000000
0.000000
0.000000
0.000000
0.000000
0.000000
0.000000
0.000000
0.000000
0.000000
0.000000
0.000000
0.000000
0.000000
0.000000
0.000000
0.000000
0.000000
0.000000
0.000000
0.000000
0.000000
0.000000
0.000000
0.000000
0.000000
0.000000
0.000000
0.013146
0.084695
0.229100
0.476943
0.819283
1.013982
1.112749
1.529592
1.881938
1.922327
1.650796
1.252750
0.886573
0.717302
1.009202
1.327178
1.556814
1.595819
1.389221
1.070172
0.769644
1.044446
1.469964
2.006163
2.654638
3.394061
3.974744
3.306221
2.495412
1.844114
1.330370
0.921911
0.610523
0.387598
0.213298
0.148132
0.219085
0.245537
0.217217
0.147548
0.080983
0.067652
0.134887
0.238191
0.377390
0.525170
0.589584
0.554241
0.418366
0.285969
0.171884
0.088836
0.034239
0.021152
0.043380
0.077666
0.131016
0.261900
0.453114
0.664875
0.761657
0.688671
0.488179
0.492078
0.426670
0.301063
0.234067
0.215753
0.259302
0.268706
0.230118
0.123561
0.081714
0.062944
0.033234
0.008460
0.000065
0.001719
0.020475
0.081388
0.135542
0.126504
0.061926
0.011845
0.038941
0.077561
0.113989
0.101857
0.062380
0.086131
0.111868
0.162625
0.200564
0.173196
0.228277
0.336433
0.434913
0.486531
0.418156
0.310278
0.194826
0.224478
0.231472
0.363159
0.551734
0.796265
1.095871
1.456715
1.853645
2.193509
2.395761
2.414629
2.982216
3.709490
4.431677
4.970804
5.074498
4.604785
3.793571
3.016431
2.352998
1.798545
1.337980
0.961914
0.666096
0.439329
0.277829
0.358151
0.522462
0.676658
0.737079
0.645100
0.489030
0.388391
0.504128
0.670089
0.861553
0.980241
1.016841
0.910306
0.744883
0.613812
0.474907
0.335032
0.214161
0.235167
0.387220
0.387571
0.235895
0.109536
0.146121
0.268760
0.455290
0.708545
1.039485
1.445944
1.924129
2.463926
2.917211
2.934795
2.488796
1.956728
1.470395
1.078634
0.779085
0.539826
0.336543
0.180804
0.075750
0.020544
0.014150
0.013279
0.011860
0.046219
0.134341
0.245352
0.299361
0.231328
0.120228
0.037667
0.000810
0.000000
0.000000
0.000000
0.000000
0.000000
0.000000
0.000000
0.000000
0.000000
0.000000
0.000000
0.000000
0.000000
0.000000
0.000000
0.000000
0.000000
0.000000
0.000000
0.000000
0.000000
0.000000
0.000000
0.000000
0.000000
0.000000
0.000000
0.000000
0.000000
0.000000
0.000000
0.000000
0.000000
0.000000
0.000000
0.000000
0.000000
0.000000
0.000000
0.000000
0.000000
0.000000
0.000000
0.000000
0.000000
0.000000
0.000000
0.000000
0.000000
0.004308
0.028737
0.072820
0.138191
0.225313
0.336319
0.464466
0.561302
0.563031
0.472738
0.347281
0.235741
0.147530
0.081053
0.034221
0.018245
0.052088
0.085042
0.133217
0.133723
0.082239
0.042259
0.009367
0.002674
0.028273
0.095758
0.209629
0.378948
0.607674
0.891938
1.270934
1.753496
2.347110
2.998222
3.567670
3.564085
3.000577
2.349422
1.765604
1.287830
0.904056
0.598710
0.373739
0.244262
0.224084
0.308481
0.307510
0.219504
0.116384
0.043551
0.007257
0.018935
0.030699
0.018978
0.003247
0.000000
0.000000
0.004351
0.033815
0.058044
0.078296
0.062075
0.032643
0.007504
0.001331
0.003132
0.018654
0.050427
0.072431
0.068658
0.070320
0.131855
0.094262
0.035259
0.002787
0.000000
0.007470
0.011550
0.019942
0.026860
0.035356
0.054762
0.092263
0.193115
0.262931
0.311866
0.442996
0.677284
0.957939
1.186594
1.327307
1.302399
1.525410
1.866987
2.017638
2.057770
2.063825
2.053734
2.003130
1.816913
1.395491
1.017532
0.671206
0.434727
0.377072
0.511664
0.710660
0.952580
1.233955
1.534468
1.802480
1.973750
1.838807
1.598254
1.299350
1.031233
0.803289
0.898626
0.841427
0.557071
0.315688
0.152340
0.070350
0.035708
0.012245
0.000015
0.007847
0.061816
0.191134
0.348262
0.240359
0.103320
0.026139
0.004897
0.000734
0.000000
0.003953
0.026177
0.071021
0.112165
0.179333
0.162896
0.064661
0.006325
0.000000
0.000000
0.000000
0.000000
0.000000
0.000000
0.000000
0.000000
0.000000
0.000000
0.000000
0.000000
0.000000
0.000000
0.000000
0.000000
0.000000
0.000000
0.000000
0.000000
0.000000
0.000000
0.000000
0.000000
0.000000
0.000000
0.000000
0.000000
0.000000
0.000000
0.000000
0.000000
0.002053
0.005177
0.005759
0.004526
0.001171
0.000000
0.000000
0.000000
0.020335
0.053791
0.063920
0.034049
0.004082
0.000000
0.000000
0.000000
0.001922
0.007912
0.001216
0.005115
0.012509
0.014509
0.015077
0.014951
0.014919
0.014909
0.014837
0.013878
0.011168
0.004535
0.000000
0.000000
0.000000
0.000000
0.000000
0.000000
0.000000
0.002070
0.017135
0.031768
0.033251
0.037586
0.030574
0.039260
0.042072
0.075985
0.154011
0.186566
0.194813
0.194980
0.192544
0.186065
0.164250
0.119083
0.111282
0.107609
0.220106
0.387061
0.612705
0.900456
1.249317
1.636899
1.959215
2.420226
3.000103
3.514120
3.529962
3.199399
2.747305
2.201779
1.723632
1.366780
1.157670
1.209069
1.453051
1.546659
1.566126
1.529739
1.280277
1.006895
0.783839
0.661421
0.675796
0.668764
0.673633
0.622061
0.501813
0.370078
0.349264
0.353203
0.513877
0.591393
0.619896
0.641652
0.644247
0.623852
0.563653
0.435869
0.209914
0.169082
0.186638
0.168849
0.156241
0.171791
0.160430
0.170645
0.230219
0.263397
0.329210
0.387431
0.448840
0.468520
0.515315
0.577352
0.579781
0.523524
0.420250
0.446094
0.559840
0.685843
0.824430
0.967891
1.086205
1.179042
1.163811
1.085949
1.000854
0.958619
0.941557
0.880252
0.926903
0.948223
0.901812
1.074195
1.256974
1.428469
1.553097
1.599035
1.512466
1.813220
2.490091
2.807581
2.909351
2.967812
2.994484
2.916288
2.583535
1.952544
1.759139
1.908664
2.073608
2.373928
2.574040
2.784153
3.028778
3.293741
3.538805
3.762293
4.007922
4.262598
4.497334
4.651864
4.595689
4.341631
4.010551
3.725438
3.593388
3.423577
3.188857
2.944023
2.844435
3.878823
4.209918
3.802490
3.247163
3.609807
3.839083
3.883089
4.173671
4.305615
4.245669
3.963415
3.634992
3.330184
3.087970
2.859716
2.678258
2.723063
2.755000
2.799832
2.929194
3.075827
3.084149
3.113908
3.278798
3.607830
3.951975
4.346950
4.861236
5.660309
6.596698
7.160470
7.347069
7.700898
7.779331
7.631911
7.257116
6.837148
6.510228
6.891096
7.047140
6.868738
6.611022
6.737073
7.029466
7.192827
6.994287
6.769319
6.853269
6.710032
6.441745
6.095147
6.144262
6.572854
7.021081
7.398920
7.517966
7.386185
7.009166
6.549469
6.098827
6.348393
6.702815
7.092404
7.408092
7.383495
7.054330
6.624312
6.212874
5.804877
5.410002
5.038279
4.695436
4.307705
3.901702
3.717404
3.779672
3.709678
3.499731
3.342850
3.354007
3.200090
2.977436
2.798944
2.695210
2.704877
2.969646
3.068056
2.881974
2.661325
2.634750
2.481737
2.627042
3.107819
3.499655
3.772565
3.767611
3.468505
3.066572
2.996427
3.041057
3.347573
3.833461
4.274854
4.420587
4.104420
3.844806
4.557214
5.253207
5.553958
5.391763
4.779280
3.995299
3.243243
3.499236
4.043539
4.645435
5.258404
5.781370
5.966923
5.904810
5.453457
4.811875
4.123538
3.499993
2.946460
2.452255
2.005684
1.609868
1.300110
1.323492
1.297259
1.183544
1.474671
1.990439
2.718118
3.488120
3.799293
3.794299
3.463853
2.724877
1.903188
1.289516
0.849998
0.531753
0.320021
0.430737
0.487250
0.481769
0.516966
0.610622
0.725144
0.853761
0.969009
1.035637
0.972400
0.863679
0.744547
0.766265
0.718919
0.706090
0.621055
0.517284
0.418454
0.335697
0.274049
0.267543
0.258060
0.240128
0.213220
0.195320
0.153243
0.157319
0.159250
0.134759
0.119711
0.085448
0.052755
0.028727
0.010753
0.001286
0.003701
0.011552
0.016493
0.013787
0.006609
0.004399
0.001608
0.000000
0.000000
0.000196
0.005692
0.018352
0.032181
0.040868
0.049603
0.047321
0.042517
0.069021
0.094052
0.129880
0.169268
0.194089
0.220557
0.211343
0.260059
0.432264
0.612994
0.788293
0.928887
1.171411
1.525793
1.807525
1.858983
1.619746
1.293554
0.941462
1.227215
1.705573
2.500657
3.064317
3.273760
3.301957
3.151807
2.733170
1.949480
1.348613
0.890637
0.544363
0.292609
0.126904
0.047888
0.041441
0.071258
0.118171
0.132097
0.116456
0.061981
0.046877
0.067536
0.052440
0.034136
0.009889
0.030122
0.039737
0.038024
0.077704
0.181397
0.384171
0.552655
0.548198
0.464220
0.546983
0.626543
0.632556
0.564228
0.447785
0.339917
0.243545
0.169617
0.157808
0.329225
0.587413
0.755887
0.776725
0.698422
0.682847
0.760236
0.800269
0.755250
0.659544
0.610304
0.688868
0.709526
0.769778
0.843304
0.861817
0.827868
0.745786
0.649892
0.530529
0.459244
0.461545
0.417128
0.486647
0.562430
0.667315
0.780472
0.875978
0.897784
0.925182
0.975906
0.980571
0.930863
0.904301
1.004790
0.929307
1.037080
1.184873
1.370238
1.537817
1.728555
1.942791
2.173363
2.399590
2.576496
2.674052
2.744514
2.728504
2.625243
2.498726
2.386797
2.553342
2.773757
2.944291
3.445024
3.698442
3.441630
3.582733
3.596292
3.553159
3.633357
3.745330
3.725534
3.595253
3.405556
3.229398
3.094913
3.256095
3.295166
3.457734
3.529394
3.472378
3.438559
3.314762
3.098827
3.227177
3.476607
3.681426
3.781315
3.679881
3.599439
3.196519
2.887935
3.103136
3.285511
3.313272
3.196903
3.499508
3.814561
4.157680
4.537651
4.972937
5.449272
5.873986
6.079696
6.074099
5.997489
5.984797
6.119521
6.304074
6.747381
7.129686
7.278706
6.999204
6.561191
6.046115
5.545429
5.431518
5.419904
5.520041
5.657978
6.022210
6.574027
7.210423
7.926297
8.707578
9.316946
9.584337
9.151100
8.435179
7.666833
6.938113
6.340106
5.970909
5.972059
5.757754
5.699659
6.178575
6.608645
6.859713
6.873277
6.644205
6.246250
5.811656
5.354923
4.917486
4.500703
4.095046
3.702536
3.658147
3.577647
3.367260
3.133272
2.936824
2.769704
2.549489
2.347861
2.182743
1.980209
1.830345
1.787376
1.782272
1.887272
1.895986
2.095068
2.315281
2.414007
2.388535
2.287097
2.504898
2.599885
2.496331
2.279108
2.049537
1.829667
1.632689
1.438830
1.217399
0.963189
1.216219
1.396952
1.469821
1.342694
1.083958
0.825980
1.079897
1.280065
1.487945
1.308328
0.985373
0.663936
0.538142
0.484017
0.396127
0.292438
0.199580
0.127742
0.110209
0.184057
0.274819
0.377418
0.459961
0.482653
0.410317
0.309639
0.207434
0.120970
0.059773
0.028109
0.015616
0.002771
0.001245
0.000000
0.000000
0.000000
0.000000
0.000000
0.000000
0.000000
0.000000
0.000000
0.000000
0.000000
0.000000
0.000000
0.010278
0.045468
0.103534
0.203438
0.298510
0.387353
0.384690
0.621140
0.930525
1.318579
1.801687
2.384856
3.067353
3.808559
4.449262
4.531477
4.059820
3.731926
3.566091
3.128098
2.574512
2.419376
1.947337
1.437068
1.002610
0.659473
0.395989
0.207538
0.083834
0.017859
0.000000
0.000000
0.000000
0.000000
0.000000
0.000047
0.005974
0.011115
0.042881
0.113776
0.157520
0.019285
0.000000
0.000809
0.000000
0.000000
0.000000
0.000000
0.000000
0.000000
0.000000
0.000000
