track	type=wiggle_0
fixedStep	chrom=chr	start=1	step=1
0.000000
0.000000
0.000000
0.000000
0.000000
0.000000
0.000000
0.000000
0.000000
0.327412
0.695726
0.956961
1.107253
1.166878
1.128174
0.889533
0.440076
0.214252
0.161519
0.137540
0.174307
0.256587
0.366131
0.464131
0.480705
0.700085
0.920485
1.014936
0.875032
0.643774
0.700003
0.903911
0.648838
0.358026
0.157572
0.055109
0.009612
0.001974
0.001384
0.001871
0.004702
0.003762
0.000000
0.018898
0.063010
0.133091
0.196152
0.213354
0.217103
0.302794
0.386895
0.410430
0.351597
0.266455
0.309591
0.301931
0.251746
0.168573
0.203045
0.266664
0.433451
0.742890
0.891041
0.934175
0.942771
0.928829
0.865898
0.714099
0.427846
0.550349
0.645074
0.621233
0.602046
0.555539
0.440677
0.303008
0.188746
0.103634
0.045267
0.011270
0.000003
0.006220
0.022011
0.041820
0.104469
0.175529
0.213606
0.216779
0.189240
0.189286
0.239615
0.276706
0.374967
0.663300
1.068862
1.588932
1.766858
1.815123
1.822286
1.815123
1.765232
1.559845
0.982430
0.899684
0.821077
0.776898
0.761868
0.809069
0.863447
0.991233
1.140336
1.270379
1.340908
1.295303
1.228535
1.095688
0.940469
0.807765
0.732853
0.789264
0.961201
1.149209
1.216636
1.228556
1.228556
1.228556
1.216637
1.145331
1.133749
1.264004
1.263811
1.136655
0.922962
0.914629
1.070397
1.116927
1.339097
1.662969
2.055586
2.507167
3.007960
3.548173
3.986007
4.185282
3.892355
3.412403
3.153977
3.807076
4.604788
5.500820
6.297948
6.650662
6.276993
5.475870
4.587924
3.818383
3.233575
2.922889
2.538931
2.158890
2.294361
2.454043
2.335420
2.059968
1.699900
1.365578
1.076988
0.819597
0.602955
0.569144
0.651926
0.659479
0.592790
0.538852
0.594094
0.682813
0.771977
0.769668
0.842205
0.889250
0.868543
0.911158
1.104406
1.362597
1.650970
1.927522
2.050134
2.017152
2.150856
2.073875
1.861201
1.665261
1.511143
1.273206
1.200822
1.043231
0.869678
0.761571
0.893198
1.014461
1.066800
1.010889
0.970210
0.868721
0.754089
0.669150
0.564377
0.456991
0.356221
0.268041
0.290814
0.325312
0.330312
0.304049
0.263812
0.221414
0.345982
0.502664
0.672783
0.805247
0.816945
0.686494
0.511444
0.548949
0.610444
0.668201
0.665401
0.593415
0.507531
0.480416
0.572260
0.681346
0.792614
0.890970
0.915008
0.876206
0.776400
0.669381
0.563111
0.471681
0.400984
0.440481
0.492025
0.481698
0.423854
0.351953
0.292227
0.235356
0.211504
0.243700
0.294999
0.313720
0.299077
0.271870
0.236386
0.220655
0.265868
0.353771
0.451216
0.550325
0.617583
0.606211
0.526700
0.432655
0.838740
1.275733
1.462726
1.502962
1.468798
1.312972
0.970521
0.586716
0.319986
0.140948
0.053295
0.041776
0.036228
0.028386
0.036284
0.052432
0.052906
0.037357
0.034625
0.078030
0.137551
0.202390
0.262289
0.365412
0.498877
0.654035
0.812131
0.950043
0.950236
0.810493
0.642488
0.479839
0.343052
0.242241
0.254320
0.316114
0.374439
0.448233
0.481457
0.486914
0.476313
0.477655
0.501219
0.563272
0.779262
1.169171
1.668328
2.059094
2.242470
2.281768
2.229163
2.005432
1.510327
1.100711
0.864770
0.618224
0.604621
0.557642
0.376664
0.167254
0.058375
0.015191
0.000000
0.004377
0.038527
0.058747
0.036332
0.030564
0.036609
0.019681
0.002006
0.012000
0.046406
0.104982
0.186576
0.273251
0.311751
0.408904
0.445500
0.442484
0.399371
0.293083
0.180138
0.132874
0.238263
0.352282
0.469514
0.588352
0.588540
0.465613
0.316055
0.185053
0.094674
0.054771
0.075100
0.066776
0.035314
0.103881
0.240598
0.472994
0.780838
0.775847
0.454212
0.225889
0.092010
0.036977
0.014929
0.000996
0.000028
0.000000
0.000000
0.000000
0.000000
0.000000
0.000000
0.003547
0.044982
0.136373
0.233884
0.244678
0.150313
0.053200
0.005503
0.000000
0.000000
0.000000
0.000000
0.000000
0.005055
0.054617
0.154395
0.251036
0.227239
0.124551
0.036570
0.000470
0.000000
0.000000
0.000000
0.000000
0.000000
0.000000
0.000000
0.000000
0.000000
0.000000
0.000000
0.000000
0.000000
0.000000
0.000000
0.000000
0.000000
0.000000
0.000000
0.000000
0.000000
0.000000
0.000000
0.000000
0.000000
0.001003
0.041503
0.155543
0.383222
0.753893
0.929811
0.978649
0.988254
0.988254
0.988254
0.988254
0.978649
0.934678
0.778631
0.459110
0.203850
0.078039
0.027345
0.030073
0.022426
0.002957
0.000000
0.000000
0.004897
0.038023
0.105510
0.199386
0.301569
0.329224
0.281269
0.174948
0.084970
0.102059
0.227388
0.459414
0.785743
0.984400
0.922685
0.784353
0.659274
0.450343
0.280109
0.187253
0.178396
0.244075
0.428266
0.594205
0.656699
0.583326
0.384351
0.186092
0.107628
0.047929
0.074465
0.112104
0.158107
0.290797
0.393614
0.393696
0.290689
0.179712
0.120927
0.083198
0.050806
0.026546
0.011560
0.009685
0.004551
0.000392
0.000000
0.000000
0.000000
0.000000
0.000000
0.000000
0.000000
0.010628
0.064315
0.181011
0.371180
0.621187
0.879229
0.902618
0.709103
0.464356
0.256987
0.176572
0.178026
0.167536
0.219626
0.248436
0.291112
0.368337
0.420886
0.553779
0.812693
1.128298
1.372512
1.400093
1.176003
0.851083
0.579113
0.714146
0.804653
0.800514
0.711129
0.621731
0.547282
0.523655
0.621484
0.672686
0.693309
0.813716
0.977316
1.144282
1.276709
1.278732
1.144480
1.341965
1.498445
1.525627
1.427742
1.216106
1.007665
0.852656
0.893516
0.877828
0.789913
0.949775
1.237260
1.567320
1.862871
2.002999
1.895320
1.620203
1.378460
1.793975
1.970569
2.017842
2.022161
2.005648
2.130762
2.751606
3.494025
4.329024
5.250853
6.261354
7.870994
8.776000
7.850238
6.152299
5.008603
4.078435
3.419072
3.272020
3.353273
3.607047
4.053934
4.602987
4.936666
4.821360
4.293745
3.706854
3.116035
2.888102
3.385801
3.402135
3.135011
2.823996
2.360062
1.902340
1.431020
1.025366
0.699494
0.445798
0.259827
0.258378
0.363606
0.485185
0.604097
0.655358
0.613599
0.499008
0.380317
0.280347
0.204640
0.142340
0.092756
0.053987
0.023358
0.006645
0.002554
0.014456
0.033440
0.027439
0.005499
0.006742
0.012418
0.020779
0.020489
0.011882
0.007593
0.011394
0.008761
0.003442
0.002147
0.000566
0.008193
0.021326
0.041459
0.060033
0.064862
0.051389
0.043466
0.051329
0.058129
0.089195
0.116438
0.112337
0.108596
0.123306
0.115473
0.109786
0.143172
0.192930
0.251489
0.296082
0.381889
0.646261
0.991327
1.413455
1.855076
1.837302
1.353872
0.910470
0.577382
0.397165
0.397101
0.348322
0.277629
0.214315
0.167745
0.163220
0.138002
0.102970
0.097860
0.090970
0.070866
0.084195
0.105178
0.179745
0.262929
0.313723
0.291554
0.208831
0.126332
0.094397
0.150147
0.229121
0.322949
0.426617
0.547683
0.685086
0.836000
1.002921
1.191350
1.411283
1.656464
1.916969
2.201275
2.516190
2.819889
3.072296
3.092100
2.869680
2.562531
2.264596
2.257269
2.870965
3.618338
4.492881
5.471714
6.559236
7.819890
7.825835
6.566886
5.501179
4.525594
3.671010
2.942278
2.360779
1.951497
2.019949
2.085527
2.227851
2.690045
3.173021
3.582799
3.641758
3.398344
2.950732
2.495391
2.277836
2.475746
2.613881
2.540859
2.327291
2.044742
1.783403
1.543017
1.882522
2.513113
3.113381
3.129440
2.548108
2.051118
1.837017
1.701696
1.743786
2.137069
2.082087
1.530478
1.244274
1.149489
1.058886
1.082383
1.274514
1.632928
1.989032
2.399640
2.881048
3.393521
3.793357
3.832970
3.485178
2.949548
2.415566
2.596623
2.684253
2.726454
2.867471
2.989603
3.133617
3.366544
3.670759
4.017082
4.392118
4.771271
5.084238
5.189615
5.084974
5.159874
5.235215
5.109159
4.843375
4.536097
4.206998
3.879381
3.573511
3.350545
3.653112
3.993685
4.323869
4.542373
4.500588
4.207748
3.828305
3.451378
3.097337
2.790566
2.539704
2.341608
2.190144
2.065975
2.020514
1.949311
2.064912
2.075471
1.987411
1.838994
1.646324
1.466717
1.380826
1.471751
1.877133
2.353946
2.912436
3.563525
4.314631
5.177815
6.169982
7.296289
8.449466
9.383361
9.530625
8.914398
7.762026
6.613403
5.677568
5.210910
5.854348
6.312997
6.290639
5.963106
5.498311
4.895740
5.349560
5.873270
5.868721
5.255851
5.794237
5.984300
5.750846
5.356869
5.007447
4.711247
4.212698
4.197222
4.101165
3.700601
3.365489
3.778241
4.167968
4.708338
5.175344
5.125406
4.624720
3.989147
3.378690
3.308442
3.693498
4.045657
4.254901
4.292508
4.167711
4.070864
3.810905
3.475719
3.168788
2.837452
2.502718
2.304263
2.215068
2.425969
2.513293
2.375205
2.193588
2.125327
2.267178
2.374095
2.361023
2.227409
2.025661
1.801946
1.588921
1.387772
1.208440
1.277292
1.412943
1.546536
1.651677
1.845849
1.999927
1.997337
1.850869
1.643468
1.432795
1.244724
1.092265
0.960871
0.906676
0.864744
0.897427
0.931644
0.877760
0.765817
0.635944
0.616384
0.602359
0.532778
0.432762
0.381091
0.537392
0.798410
1.123865
1.493789
1.888295
2.197001
2.189373
1.859693
1.460549
1.479967
1.857851
2.187282
2.415817
2.379899
2.098263
1.739189
1.372442
1.042411
0.778274
0.883984
0.927925
0.944296
1.085322
1.546443
2.142293
2.932334
3.421648
3.603745
3.607234
3.424913
2.892392
2.041215
1.442742
1.015561
0.681778
0.445025
0.378592
0.457600
0.666379
0.924181
1.188681
1.339520
1.319026
1.096251
0.840311
0.597542
0.399292
0.242729
0.337493
0.557224
0.866325
1.282944
1.838138
2.548328
2.904259
3.044818
3.047972
2.911125
2.538467
1.778954
1.216105
0.805730
0.501627
0.281159
0.132034
0.049960
0.038895
0.056569
0.055897
0.037290
0.027785
0.064016
0.106337
0.121999
0.106405
0.064514
0.042370
0.066321
0.075934
0.058510
0.033599
0.039668
0.048071
0.041287
0.019859
0.004517
0.000000
0.000000
0.000000
0.000000
0.000000
0.000000
0.004454
0.008313
0.001762
0.000000
0.000054
0.003496
0.003334
0.000007
0.000000
0.013686
0.057892
0.135224
0.251744
0.412309
0.628075
0.899866
1.245217
1.678931
2.205888
2.841398
3.592796
4.474263
5.546004
6.869125
8.299251
8.329313
6.991113
5.836145
5.135698
5.699575
5.744976
5.324590
4.783714
4.412170
3.911320
3.873260
3.634836
3.087610
2.762501
2.873184
2.681262
2.168236
1.530498
1.040049
0.670955
0.397998
0.315492
0.210081
0.115600
0.047076
0.009184
0.000796
0.008351
0.006594
0.000000
0.000000
0.000000
0.000000
0.000000
0.000000
0.000000
0.000000
0.000000
0.000000
0.000000
0.000000
0.000000
0.000000
0.000000
0.000000
0.000000
0.000000
0.000000
0.000000
0.000000
0.000000
0.000000
0.000000
0.000000
0.000000
0.000000
0.000000
0.000000
0.000000
0.000000
0.000000
0.000000
0.000000
0.000000
0.000000
0.000000
0.000000
0.000000
0.000000
0.000000
0.000000
0.000000
0.000000
0.000000
0.000000
0.000000
0.000000
0.000000
0.000412
0.038090
0.144452
0.337834
0.648398
0.916774
1.063469
1.144853
1.564948
1.926360
1.987542
1.735573
1.321775
0.933751
0.742243
1.041458
1.371208
1.633770
1.706682
1.495543
1.186471
0.874428
1.113533
1.519004
2.048736
2.696996
3.439354
4.023845
3.350743
2.537597
1.887834
1.366927
0.951770
0.635392
0.450333
0.606533
0.786828
0.957156
1.021049
0.977735
0.814982
0.636644
0.622314
0.819801
1.070743
1.373694
1.674557
1.799542
1.712614
1.458367
1.172350
0.905330
0.678694
0.632503
0.777546
0.912641
1.066395
1.261339
1.523456
1.975604
2.433020
2.653627
2.466228
2.061486
1.618827
1.207161
0.865651
0.627911
0.732878
0.813921
0.827538
0.880341
0.978398
0.983753
0.866822
0.715912
0.559677
0.433593
0.334267
0.254282
0.309508
0.434410
0.586729
0.764411
0.963566
1.184224
1.372286
1.413838
1.265110
1.059890
0.843144
0.738524
0.792097
0.735230
0.573429
0.495199
0.503440
0.611231
0.729858
0.836797
0.891357
0.853862
0.802835
1.088146
1.419763
1.778757
2.082058
2.092871
2.172411
2.352534
2.485288
2.455632
2.532695
3.120539
3.832747
4.479061
4.956419
4.966959
4.487673
3.679551
2.904412
2.248100
1.707403
1.262784
0.899010
0.612996
0.397734
0.252474
0.329620
0.488880
0.638494
0.692677
0.598486
0.447387
0.343628
0.452911
0.612726
0.795103
0.911463
0.964131
0.890395
0.738800
0.625262
0.517402
0.438747
0.326358
0.246596
0.400325
0.401616
0.370024
0.437808
0.435253
0.392307
0.445407
0.699766
1.033334
1.444662
1.933944
2.489599
2.953811
2.972543
2.516185
1.976557
1.478292
1.070337
0.742728
0.485473
0.289138
0.146645
0.053765
0.023269
0.025463
0.034652
0.055541
0.148459
0.190656
0.133059
0.040177
0.000976
0.000000
0.001220
0.005415
0.006137
0.002454
0.000026
0.000000
0.000000
0.000000
0.000000
0.000000
0.000487
0.003808
0.003116
0.000027
0.000000
0.000000
0.000000
0.000000
0.000000
0.000000
0.000000
0.000000
0.000000
0.000000
0.000000
0.000000
0.000000
0.000000
0.000000
0.000000
0.000000
0.000000
0.000000
0.000000
0.002761
0.023755
0.059232
0.052584
0.011268
0.000000
0.000000
0.000000
0.000000
0.000000
0.000000
0.000000
0.000000
0.000000
0.000000
0.000000
0.000000
0.000000
0.001383
0.018931
0.057516
0.118495
0.203178
0.306558
0.386342
0.389041
0.311602
0.210343
0.125224
0.062509
0.022464
0.002520
0.000000
0.000000
0.001912
0.015635
0.039997
0.075954
0.097818
0.076427
0.125428
0.236764
0.403100
0.629953
0.931753
1.305925
1.750521
2.295993
2.956234
3.737412
4.589895
5.324574
5.332858
4.608873
3.743525
2.947443
2.272969
1.714529
1.254219
0.897808
0.660143
0.603953
0.737806
0.719761
0.571258
0.384513
0.227639
0.117981
0.125595
0.160415
0.130294
0.080020
0.074096
0.076338
0.119616
0.199167
0.303348
0.348698
0.294339
0.184341
0.171523
0.145609
0.161830
0.238222
0.341172
0.391112
0.368841
0.272425
0.175436
0.095510
0.041506
0.011331
0.002234
0.005805
0.010554
0.023077
0.030384
0.038899
0.055055
0.093762
0.193307
0.263832
0.314518
0.507376
0.748651
1.004442
1.226402
1.361169
1.349354
1.527173
1.865313
2.011091
2.047158
2.055393
2.040513
1.988885
1.811651
1.437718
0.954988
0.585383
0.334199
0.264248
0.221739
0.226305
0.183773
0.302603
0.453125
0.610989
0.690235
0.625827
0.480741
0.333721
0.266737
0.164435
0.101625
0.043356
0.002787
0.004998
0.008650
0.048157
0.098422
0.107937
0.196241
0.385251
0.673211
1.040018
1.329039
1.013445
0.648603
0.372276
0.192024
0.088408
0.026018
0.000227
0.000000
0.000000
0.000037
0.005110
0.017659
0.030739
0.034831
0.025698
0.011228
0.001432
0.000000
0.000000
0.000000
0.000000
0.000000
0.000000
0.000000
0.000000
0.000562
0.005925
0.011374
0.009221
0.002222
0.000000
0.000000
0.000000
0.000000
0.000000
0.000000
0.000626
0.001452
0.001881
0.004645
0.003692
0.004243
0.003649
0.000239
0.000000
0.000000
0.003368
0.008789
0.012997
0.020795
0.088058
0.218558
0.420968
0.684881
0.967512
1.109093
0.961541
0.703909
0.727950
0.975742
1.199995
1.380546
1.487890
1.370349
1.085990
1.284863
1.882118
2.193648
2.295182
2.314584
2.315274
2.317354
2.283607
2.178075
1.852907
1.207869
0.754744
0.442634
0.232190
0.190932
0.260015
0.375052
0.521211
0.684211
0.853985
1.030429
1.197283
1.423543
1.601909
1.677680
1.557503
1.362095
1.302975
1.601635
1.902537
2.109619
2.105948
2.071863
2.334849
2.536041
2.525662
2.313579
2.060770
1.803323
1.552385
1.317851
1.106277
0.950737
0.866834
1.111491
1.489664
1.871454
2.046885
1.887266
1.519951
1.177714
0.993114
1.139967
1.304221
1.489363
1.662920
1.799014
1.793784
1.649723
1.481670
1.376046
1.338537
1.243687
1.114524
1.041963
0.944035
0.864006
1.094567
1.167746
1.222953
1.335933
1.367148
1.320642
1.245488
1.346582
1.379929
1.301025
1.186101
1.231628
1.324747
1.376989
1.387920
1.330349
1.244102
1.121803
1.040671
1.158109
1.220096
1.229234
1.199446
1.118621
1.039935
0.946436
0.797377
0.656666
0.552299
0.485308
0.525965
0.571114
0.551659
0.596528
0.640143
0.582813
0.487312
0.503568
0.570442
0.673220
0.800856
0.947922
1.057724
1.139537
1.142408
1.325346
1.297604
1.141927
1.284034
1.685569
2.232572
2.865552
3.541385
4.384513
5.560393
7.223687
8.087223
8.324910
8.110904
7.275264
5.651165
4.435795
3.544113
2.860424
3.015384
3.018416
3.021922
2.856539
2.753426
2.692847
3.155896
3.576681
3.667927
3.580077
4.131504
4.591877
4.709328
4.496496
3.951232
3.394950
2.898087
2.777413
2.860297
2.638559
2.973378
3.867382
4.140424
3.736565
2.631724
2.338119
2.590408
2.839145
3.060639
3.153632
3.110385
2.882723
2.612904
2.500555
2.521437
2.513544
2.413163
2.586397
2.781386
2.867108
2.799197
2.657975
2.823448
3.053397
3.372900
3.701634
4.055098
4.474021
5.044182
5.848905
6.684221
7.019723
6.815596
6.484905
6.124065
5.697659
5.310463
4.969708
4.885230
5.167921
5.352806
5.441946
5.386292
5.630214
6.008005
6.439417
6.801514
7.043717
6.950117
6.711075
6.518571
6.403797
6.076400
5.773219
5.809322
5.673089
5.374445
5.377109
5.257855
5.505263
5.605822
5.841126
5.766134
5.405204
4.965843
4.553784
4.202761
4.204509
4.377905
4.326151
4.151339
4.053015
3.792378
3.415795
3.171995
3.036191
3.194116
3.522293
3.826624
4.050945
4.032540
3.992097
3.948869
3.893384
4.375696
4.809961
4.930086
4.750793
4.306209
3.843925
3.465416
3.630388
4.181310
4.815665
5.526040
6.293573
7.104456
7.910246
8.558852
9.288603
10.338636
11.218387
11.726157
11.275003
10.366826
9.248316
8.203732
8.688404
9.440841
9.918910
9.400354
8.439732
7.316339
6.278987
5.441558
5.647977
5.846205
5.486836
4.901322
4.268915
3.840996
3.434082
3.072298
2.935381
3.274562
3.339763
3.080496
2.698776
2.282892
1.915558
1.604859
1.303964
1.094613
1.165370
1.148632
1.105148
1.193174
1.314354
1.417346
1.414150
1.311974
1.138712
0.963241
0.825588
1.005589
1.401281
1.938750
2.362494
2.639951
2.853252
3.030403
3.178410
3.342000
3.614602
3.841392
3.934480
3.773168
3.465772
3.118551
2.798463
2.538524
2.682286
2.758199
2.674053
2.448999
2.202241
2.124016
2.058254
1.882535
1.721929
1.780925
1.849638
1.793748
1.631815
1.469562
1.333823
1.162981
1.059752
1.077443
1.014476
0.891104
0.781280
0.694146
0.575727
0.466397
0.438877
0.488743
0.557490
0.652322
0.725396
0.737721
0.678473
0.591725
0.581998
0.679714
0.898286
1.150094
1.398863
1.617023
1.646897
1.490397
1.249011
1.001238
0.777164
0.580873
0.645341
0.896773
1.196116
1.556715
1.983210
2.468970
2.953427
3.514779
4.112968
4.845291
5.716722
6.625418
7.701409
8.837333
9.593980
9.581966
8.803812
7.615406
6.453464
5.419659
4.505121
3.710680
3.050414
2.577515
2.674868
3.014788
3.096928
2.794939
2.412776
2.091770
2.282604
2.284063
2.040873
1.745219
1.522755
1.308675
1.082464
0.854204
0.639443
0.453144
0.311792
0.226080
0.245740
0.378939
0.549767
0.560179
0.700483
0.841048
0.965799
1.005293
0.930404
0.788711
0.643704
0.510140
0.396441
0.348355
0.587101
0.919665
1.134764
1.156939
1.043338
0.887902
0.794295
0.760602
0.683099
0.648074
0.659763
0.634987
0.712584
0.796799
0.841297
0.796281
0.705527
0.593052
0.486563
0.408004
0.363777
0.354683
0.331516
0.278329
0.285407
0.335772
0.426723
0.515401
0.598753
0.644539
0.616917
0.595253
0.750842
0.888694
1.045377
1.183910
1.340942
1.495700
1.666691
1.846803
2.047888
2.266087
2.506188
2.762132
2.990417
3.133276
3.247041
3.244185
3.102922
2.911824
3.051392
3.309020
3.515424
3.743427
4.018161
4.330717
4.552811
4.606093
4.460076
4.184121
3.917380
3.752664
3.990290
4.014353
3.847722
3.593410
3.274515
2.813899
2.652195
2.686018
2.708992
2.636431
2.520847
2.401176
2.242136
1.997589
1.841331
1.651596
1.728803
2.007859
2.121988
1.840315
2.007697
2.210521
2.379468
2.423049
2.319883
2.074347
1.937683
2.180637
2.421158
2.701384
3.042970
3.411063
3.817700
4.244615
4.681817
5.104564
5.532394
5.837410
5.972446
6.117288
6.237196
6.078550
5.693636
5.212557
5.179482
5.282597
5.247360
5.510901
5.649545
6.019782
6.573206
7.212180
7.931037
8.706431
9.310297
9.584254
9.176931
8.479244
7.722627
6.997493
6.397262
6.018788
5.997968
5.760640
5.694272
6.171316
6.612615
6.880312
6.913712
6.688301
6.284058
5.844831
5.381586
4.932817
4.505441
4.092798
3.697497
3.322315
2.983824
2.691203
2.504177
2.356952
2.201318
2.353373
2.429981
2.307813
2.018773
1.873020
1.754293
1.778105
1.867454
1.885711
2.062639
2.259280
2.343018
2.304716
2.183770
2.395096
2.502341
2.435199
2.248199
2.026254
1.789481
1.573027
1.394653
1.254890
1.259659
1.352113
1.508618
1.664009
1.721929
1.405579
0.827838
1.086472
1.288004
1.476451
1.288098
1.026730
0.736086
0.498855
0.447088
0.360725
0.262271
0.176708
0.113166
0.102628
0.177952
0.270447
0.371478
0.451143
0.470797
0.397867
0.298046
0.197691
0.113546
0.054450
0.024782
0.013659
0.002323
0.000993
0.000000
0.000000
0.000000
0.000000
0.000000
0.000000
0.000000
0.000000
0.000434
0.013272
0.046176
0.101334
0.174912
0.239698
0.217799
0.102474
0.201432
0.296356
0.384320
0.382342
0.619621
0.925943
1.311265
1.791042
2.373309
3.046065
3.772105
4.398867
4.479973
4.018664
3.694499
3.531320
3.109187
2.567370
2.420379
2.079254
1.444801
1.009955
0.662664
0.396133
0.205276
0.081956
0.016534
0.000000
0.000000
0.000000
0.000000
0.000000
0.000000
0.000747
0.006136
0.035588
0.108418
0.155845
0.020059
0.000000
0.002275
0.000000
0.000000
0.000000
0.000000
0.000000
0.000000
0.000000
0.000000
