track	type=wiggle_0
fixedStep	chrom=chr	start=1	step=1
0.000000
0.000000
0.000000
0.000000
0.000000
0.000000
0.000000
0.000000
0.000000
0.329328
0.700663
0.965268
1.118191
1.179565
1.141477
0.901510
0.453991
0.233427
0.186164
0.160368
0.207704
0.303219
0.423173
0.529097
0.532632
0.754404
0.971118
1.068844
0.925340
0.696300
0.717230
0.915620
0.665534
0.376964
0.173676
0.066824
0.016012
0.006045
0.004982
0.005881
0.012500
0.010964
0.000874
0.046722
0.128890
0.229881
0.313899
0.336601
0.335791
0.438893
0.536323
0.563998
0.494536
0.385216
0.436364
0.427639
0.367252
0.266356
0.333124
0.414495
0.447236
0.756936
0.907157
0.959257
0.963270
0.944410
0.878218
0.722848
0.582338
0.723933
0.827127
0.797657
0.772304
0.719192
0.589991
0.432312
0.294687
0.186197
0.104789
0.048121
0.015126
0.030074
0.057401
0.111048
0.246692
0.372903
0.445209
0.460805
0.423227
0.400281
0.472534
0.531847
0.528881
0.857057
1.256313
1.602390
1.781530
1.830149
1.837341
1.830149
1.779840
1.572944
1.577910
1.520174
1.380134
1.212673
1.058350
0.939328
0.843784
0.906391
1.054860
1.205777
1.352379
1.460014
1.456146
1.342284
1.203111
1.072788
0.984539
1.156186
1.364297
1.561896
1.638359
1.562238
1.367558
1.157768
1.025905
1.229862
1.466565
1.651066
1.668583
1.526396
1.277876
1.244786
1.432578
1.476610
1.700514
2.060079
2.494585
2.995753
3.558441
4.146319
4.625640
4.862546
4.573883
4.055590
3.954742
4.685704
5.560916
6.531131
7.392746
7.786682
7.381353
6.518302
5.554151
4.704467
4.029651
3.661291
3.204521
3.185761
3.667279
3.886799
3.834719
3.483419
2.999105
2.515049
2.082757
1.705116
1.376370
1.093020
0.856053
0.926393
1.116553
1.207084
1.184915
1.030653
0.840964
0.659130
0.777189
0.921446
1.080335
1.246670
1.391722
1.451807
1.501174
1.533250
1.433591
1.272120
1.153046
1.341765
1.561054
1.793405
1.981822
2.053158
1.930040
1.737058
1.510362
1.294920
1.103478
0.942371
0.787810
0.685572
0.823435
0.973873
1.093581
1.114383
1.024611
0.897955
0.754525
0.695042
0.603678
0.505589
0.526890
0.614765
0.680685
0.680950
0.614171
0.560655
0.715380
0.825663
0.831264
0.717495
0.634334
0.712043
0.754589
0.786064
0.761945
0.677437
0.582762
0.605159
0.682419
0.790240
0.901259
0.994870
1.001348
0.919708
0.808609
0.690590
0.582620
0.488193
0.468856
0.541295
0.577836
0.549765
0.485510
0.412322
0.350891
0.291705
0.249314
0.305331
0.363840
0.440119
0.515357
0.574221
0.578488
0.530119
0.464557
0.373014
0.261314
0.292789
0.333323
0.314863
0.261731
0.458007
0.855920
1.296826
1.485253
1.525759
1.491335
1.334250
0.988725
0.608077
0.341835
0.159974
0.051519
0.004466
0.012325
0.031327
0.059919
0.094022
0.116690
0.114740
0.091064
0.057366
0.029604
0.011261
0.040192
0.088738
0.157067
0.242609
0.333976
0.414544
0.416172
0.334726
0.236924
0.158942
0.174104
0.253921
0.420476
0.677035
1.014604
1.408227
1.766140
1.791056
1.493844
1.125236
0.947035
0.923731
0.956733
1.045479
1.289778
1.419232
1.510743
1.536727
1.534554
1.486652
1.334346
1.021490
0.837827
0.656199
0.650691
0.590241
0.395953
0.184996
0.072674
0.024584
0.016350
0.027001
0.040827
0.061747
0.104985
0.178849
0.266815
0.355590
0.393816
0.376149
0.491753
0.624487
0.710763
0.828174
0.991331
1.074083
1.053919
0.889794
0.705281
0.608939
0.654892
0.858410
1.135906
1.460769
1.788132
2.078603
2.105350
1.876200
1.539766
1.203661
0.913046
0.672993
0.481687
0.632668
0.936083
1.296416
1.785109
2.455721
3.293043
3.293043
2.455720
1.780024
1.286009
0.953638
0.672351
0.425996
0.248166
0.153410
0.101358
0.103824
0.111407
0.109842
0.096469
0.058872
0.040559
0.048461
0.029078
0.004982
0.000000
0.000000
0.000000
0.000000
0.000000
0.000000
0.000000
0.000000
0.011037
0.069409
0.174861
0.271230
0.246491
0.143074
0.048776
0.003106
0.000000
0.000000
0.000000
0.000000
0.000000
0.000000
0.000000
0.000000
0.000000
0.000000
0.000000
0.000000
0.000000
0.000000
0.000000
0.000000
0.000000
0.000000
0.000000
0.000000
0.000000
0.000000
0.000000
0.000000
0.000000
0.003660
0.052077
0.172074
0.399843
0.772629
0.950689
1.000065
1.009774
1.009774
1.009774
1.009774
1.000065
0.955556
0.797450
0.472908
0.222628
0.092369
0.037829
0.043083
0.033968
0.007895
0.000000
0.001441
0.024375
0.077991
0.164950
0.276339
0.395066
0.426645
0.371558
0.249532
0.141130
0.143166
0.282832
0.478157
0.804618
1.007288
0.943947
0.805635
0.682868
0.477742
0.301707
0.209510
0.193880
0.258642
0.442343
0.611677
0.675283
0.600723
0.397935
0.198422
0.122463
0.087109
0.113805
0.154972
0.206414
0.260394
0.343524
0.343125
0.262357
0.209706
0.160180
0.116107
0.078865
0.048770
0.025869
0.010131
0.001818
0.000000
0.000000
0.000000
0.001755
0.000723
0.000000
0.000063
0.000544
0.019912
0.083006
0.207561
0.400516
0.648790
0.901853
0.925878
0.739469
0.497211
0.288357
0.143945
0.057680
0.059810
0.090066
0.108767
0.140632
0.270383
0.434081
0.641308
0.908645
1.229316
1.484932
1.503440
1.279067
0.949293
0.655480
0.421286
0.246511
0.198905
0.151714
0.127760
0.175545
0.181503
0.220668
0.270635
0.290046
0.378243
0.474924
0.582940
0.669964
0.671410
0.583116
0.629575
0.732056
0.732056
0.631556
0.506412
0.410456
0.352149
0.383551
0.378015
0.319964
0.285830
0.293063
0.322059
0.428062
0.551698
0.576959
0.477160
0.668423
1.020477
1.165089
1.203333
1.208457
1.193116
1.133054
0.989186
0.698455
0.513808
0.429166
0.391368
0.480106
0.552843
0.543593
0.460559
0.336776
0.350493
0.374164
0.371431
0.387791
0.434395
0.508625
0.558425
0.558699
0.517117
0.751145
1.045826
1.532283
1.968253
2.035518
1.834281
1.696769
1.861411
1.903974
1.710815
1.397783
1.024899
0.695898
0.438642
0.249445
0.329001
0.442170
0.573974
0.712549
0.799461
0.780294
0.684709
0.550606
0.431810
0.347559
0.270362
0.195428
0.130552
0.081195
0.050213
0.045777
0.038370
0.054854
0.073290
0.101294
0.114016
0.137535
0.161962
0.160922
0.133989
0.115057
0.127978
0.113987
0.083342
0.047392
0.031344
0.044105
0.040321
0.041329
0.066775
0.092572
0.120244
0.161829
0.187297
0.210182
0.274053
0.325649
0.327195
0.292048
0.276324
0.273966
0.246260
0.231696
0.278485
0.334530
0.399074
0.447210
0.690261
1.038807
1.461309
1.893697
1.873422
1.395737
0.962841
0.627097
0.460646
0.390253
0.324238
0.256485
0.203358
0.222831
0.246145
0.230417
0.219816
0.224794
0.222607
0.262341
0.300896
0.340442
0.337056
0.395002
0.457695
0.431115
0.330698
0.225529
0.281003
0.380820
0.501451
0.634453
0.775138
0.934351
1.110423
1.300974
1.504501
1.731049
1.994129
2.283065
2.585818
2.916792
3.281203
3.625416
3.916041
3.938715
3.699112
3.359093
3.014644
2.684448
3.094051
3.842801
4.716475
5.719300
6.863023
8.154535
8.167271
6.904238
5.817379
4.814671
3.937797
3.190618
2.590335
2.164375
1.847053
2.133558
2.551823
3.043092
3.546471
3.982939
4.037533
3.785161
3.285926
2.763076
2.281173
1.862195
1.496158
1.224992
1.086099
1.075150
1.133350
1.497449
2.032557
2.668214
3.255879
3.234477
2.603989
1.962033
1.446107
1.041607
0.898529
0.917422
1.012249
1.079359
1.056379
1.033165
1.214323
1.284130
1.224945
1.046720
0.857442
0.847237
0.955462
1.199953
1.437388
1.564136
1.397204
1.367661
1.317680
1.188555
1.044573
1.008121
0.976633
0.867805
0.729723
0.596229
0.659855
0.646218
0.632871
0.686916
0.677930
0.611884
0.516701
0.434730
0.467420
0.467445
0.460135
0.481513
0.591220
0.709181
0.821864
0.877030
0.867533
0.835410
0.780789
0.664028
0.539353
0.535136
0.500590
0.568872
0.577025
0.524304
0.423569
0.424215
0.474557
0.585459
0.710646
0.834036
0.945370
1.045790
1.105343
1.111795
1.045617
0.959855
0.859899
0.856024
0.872990
0.818612
0.740946
0.898063
1.252758
1.686396
2.209178
2.832506
3.546414
4.291676
4.784488
4.540976
3.886278
3.172656
2.635499
2.528180
2.471406
2.447664
2.521180
2.597201
2.536801
2.257006
2.456163
2.764240
2.825783
2.520090
2.142687
1.690890
1.932852
2.298426
2.627363
2.799067
2.788654
2.633907
2.538225
2.397075
2.584168
2.668313
2.596324
2.701728
2.958761
2.944383
2.661897
2.269347
2.386651
2.447944
2.191428
2.191433
2.445298
2.583421
2.536953
2.413950
2.271832
2.034873
1.819834
1.677219
1.801545
1.945380
1.917498
1.759885
1.605378
1.460784
1.308411
1.229750
1.203021
1.128343
1.240486
1.285687
1.223425
1.167393
1.090016
1.155516
1.232073
1.212951
1.148505
1.182085
1.127852
0.998984
0.857583
0.920481
0.943875
0.903211
0.819308
0.786333
0.799155
0.831994
0.834096
0.820898
0.807718
0.828229
0.782247
0.743063
0.612867
0.565377
0.541984
0.466703
0.424595
0.507812
0.629704
0.880361
1.217058
1.602917
2.008027
2.318453
2.309368
1.976108
1.571216
1.621074
2.007720
2.346367
2.588562
2.551426
2.266927
1.899432
1.525454
1.183985
1.074280
1.271136
1.410731
1.503627
1.531159
1.626876
2.235021
3.038047
3.539009
3.723730
3.727868
3.540183
2.993811
2.127405
1.519531
1.282507
1.336858
1.503515
1.670252
1.778599
1.798349
1.731742
1.595471
1.487809
1.469554
1.292865
1.436734
1.599366
1.770094
1.912340
2.002092
2.008515
1.898978
1.724666
1.913058
2.645067
3.010615
3.152606
3.154905
3.013294
2.629616
1.857745
1.287081
0.866340
0.727689
0.653180
0.562638
0.477699
0.394306
0.315160
0.244754
0.184582
0.136262
0.098146
0.065800
0.038372
0.016698
0.020082
0.019816
0.011154
0.002886
0.000000
0.000000
0.006668
0.013915
0.012804
0.004197
0.000000
0.000000
0.000000
0.003841
0.012767
0.017051
0.018515
0.019440
0.020052
0.020393
0.019325
0.013852
0.001616
0.000000
0.000000
0.000000
0.000000
0.000000
0.000000
0.000000
0.003358
0.024843
0.053959
0.083443
0.152674
0.257982
0.355493
0.505098
0.776871
1.155678
1.648543
2.245289
2.410190
2.018895
2.337033
2.671931
3.050511
3.256822
3.654348
3.885830
3.982447
4.115238
4.111487
3.826943
3.264449
2.874895
2.991881
2.789605
2.259768
1.609699
1.107833
0.726375
0.444443
0.240742
0.208277
0.138842
0.065763
0.017583
0.007920
0.022625
0.019595
0.003001
0.000000
0.000000
0.000000
0.000000
0.000000
0.000000
0.000000
0.000000
0.000000
0.000000
0.000000
0.000000
0.000000
0.000000
0.000000
0.000000
0.001833
0.004978
0.002299
0.000000
0.000000
0.000000
0.000000
0.000000
0.000000
0.000000
0.000000
0.000000
0.000000
0.000000
0.000000
0.000000
0.000000
0.000000
0.000064
0.007013
0.023649
0.037102
0.033271
0.019254
0.005379
0.000000
0.000000
0.000000
0.000000
0.000000
0.000000
0.000000
0.002793
0.050687
0.165960
0.367755
0.686929
0.965280
1.118202
1.230835
1.662871
2.040430
2.100890
1.840496
1.418919
1.019389
0.858072
1.174000
1.522710
1.796773
1.873192
1.652111
1.326707
1.005013
1.205579
1.620782
2.165539
2.828726
3.582366
4.169330
3.487577
2.658170
2.005590
1.528690
1.126104
0.773211
0.649488
0.834253
1.042337
1.241512
1.325388
1.282243
1.094235
0.884083
0.873916
1.109652
1.400216
1.733412
2.057232
2.168206
2.088982
1.806770
1.488078
1.186196
0.924183
0.703441
0.554042
0.790339
1.070920
1.399120
1.819358
2.314838
2.799079
3.001718
2.836440
2.377648
1.899666
1.459022
1.083806
0.779266
0.538592
0.566440
0.601696
0.678634
0.720726
0.678002
0.649525
0.599640
0.487301
0.431661
0.500247
0.694499
0.945956
1.132758
1.071113
0.843682
0.651266
0.809175
0.888147
0.862226
0.743317
0.581734
0.567402
0.718793
0.894295
1.022621
1.101300
1.322550
1.556859
1.655671
1.570947
1.327279
1.056252
0.817883
0.619150
0.493139
0.727033
1.018866
1.346645
1.692612
2.096135
2.377550
2.526678
2.508585
2.575504
3.151005
3.846036
4.475624
4.946352
4.957913
4.481293
3.689738
2.930532
2.284968
1.752072
1.310507
0.948608
0.660013
0.439149
0.287331
0.385294
0.551350
0.706084
0.762328
0.663972
0.507325
0.414025
0.533031
0.702488
0.894751
1.017622
1.070675
0.991850
0.833575
0.713620
0.601731
0.516938
0.395537
0.305367
0.397762
0.396763
0.439827
0.514746
0.509557
0.462743
0.473965
0.732149
1.063887
1.469069
1.945141
2.487767
2.938796
2.952380
2.503489
1.959425
1.468273
1.068238
0.746357
0.493420
0.300528
0.158866
0.064548
0.022628
0.025138
0.034195
0.056693
0.148043
0.190003
0.133919
0.043006
0.001775
0.000000
0.000000
0.000000
0.000000
0.000000
0.000000
0.000000
0.000000
0.000000
0.000000
0.003207
0.013866
0.024504
0.022630
0.009831
0.002805
0.000000
0.000000
0.000000
0.000000
0.000000
0.000000
0.000000
0.000000
0.000000
0.000000
0.000000
0.000000
0.000000
0.000000
0.000000
0.000000
0.000000
0.000000
0.000000
0.005270
0.029622
0.068999
0.062215
0.016915
0.000000
0.000000
0.000000
0.000000
0.000000
0.000000
0.000000
0.000000
0.000000
0.000000
0.000000
0.000000
0.000488
0.013080
0.045270
0.097557
0.171603
0.269368
0.383822
0.470906
0.473391
0.388237
0.276018
0.178287
0.103528
0.049958
0.015670
0.001863
0.000568
0.009718
0.031796
0.061903
0.102857
0.123227
0.097815
0.146327
0.262180
0.433988
0.662922
0.961620
1.332512
1.775453
2.322038
2.986201
3.779227
4.636369
5.370103
5.379371
4.660303
3.802829
3.001914
2.328540
1.768110
1.305539
0.944149
0.704038
0.654958
0.789736
0.770396
0.618587
0.426730
0.263732
0.146500
0.164982
0.203917
0.170665
0.113155
0.101757
0.104069
0.154344
0.247137
0.362931
0.409156
0.352699
0.232801
0.232578
0.204136
0.223200
0.309506
0.423498
0.478394
0.452969
0.346609
0.239573
0.147387
0.080593
0.042315
0.022178
0.013309
0.017297
0.025357
0.033684
0.043862
0.069260
0.103602
0.207248
0.281149
0.333082
0.545128
0.789388
1.046694
1.258896
1.386295
1.368814
1.532687
1.871569
2.020818
2.057545
2.070973
2.056844
2.001335
1.821199
1.446261
0.966906
0.596989
0.346792
0.278907
0.236302
0.240294
0.206714
0.336003
0.491207
0.651203
0.734110
0.669954
0.522732
0.372442
0.296577
0.190676
0.103885
0.045005
0.008642
0.012011
0.012880
0.056125
0.107536
0.117143
0.204684
0.391613
0.674349
1.031265
1.312761
1.009473
0.652862
0.380785
0.201000
0.095451
0.030921
0.001083
0.000000
0.000000
0.004844
0.019353
0.040857
0.059761
0.065548
0.052700
0.029650
0.011043
0.000670
0.000000
0.000000
0.000000
0.000000
0.000000
0.000000
0.000379
0.007220
0.019041
0.028058
0.024867
0.012132
0.003744
0.000500
0.000000
0.002494
0.014121
0.034051
0.053843
0.063483
0.068729
0.082261
0.075259
0.081267
0.078429
0.055484
0.030578
0.011943
0.023209
0.044342
0.072251
0.104225
0.117993
0.231895
0.438216
0.704047
0.987999
1.131644
0.982147
0.722538
0.756717
1.005402
1.233075
1.413130
1.523153
1.403726
1.115221
1.306188
1.907119
2.221409
2.324944
2.344098
2.344820
2.346796
2.312767
2.206752
1.879263
1.229811
0.773994
0.742745
0.655057
0.523806
0.416763
0.504371
0.656274
0.843627
1.052327
1.284876
1.520831
1.698160
1.793145
1.745098
1.580269
1.731333
2.075866
2.467528
2.855252
3.121618
3.116889
2.859489
3.172816
3.403310
3.393427
3.141543
2.846674
2.539444
2.237987
1.950744
1.689868
1.489870
1.382548
1.353286
1.538955
1.922980
2.097878
1.937957
1.712861
1.901528
2.097915
2.261493
2.321634
2.410849
2.570571
2.644631
2.544848
2.315265
2.077481
1.837254
1.606345
1.408794
1.368342
1.404780
1.369432
1.238252
1.147715
1.180481
1.210445
1.188202
1.285449
1.445841
1.620024
1.788355
1.903167
1.896201
1.896018
2.059414
2.251377
2.470303
2.687724
2.859576
2.875687
2.718382
2.510623
2.449676
2.643263
2.776720
2.788491
2.652597
2.468338
2.252620
2.027009
1.796005
1.578884
1.394857
1.315521
1.322977
1.287760
1.208168
1.264450
1.262254
1.182528
1.050562
1.022736
1.119233
1.092256
1.123530
1.526799
2.003782
2.622790
3.368436
4.209260
4.975156
4.978405
4.255540
3.529328
2.903948
2.649792
2.579034
2.171171
1.707477
1.354818
1.420881
1.444298
1.435683
1.557421
1.780618
1.970054
2.009416
1.848175
1.706548
1.879753
2.001235
2.071671
2.258135
2.540636
2.851358
3.217484
3.644240
4.128440
4.655876
5.207734
5.758153
5.981565
5.666907
4.999207
4.352210
4.413463
4.829242
5.189107
5.226098
5.035286
4.661447
4.200343
3.738047
3.302610
2.916084
2.843381
2.938466
2.924183
2.783427
2.656728
2.544171
2.524333
2.355141
2.250082
2.438910
2.684274
2.936351
3.081087
3.082352
3.163789
3.265992
3.393908
3.375552
3.624051
3.766825
3.708107
3.654458
3.890457
4.092003
4.047854
3.779304
3.466461
3.140838
3.109316
2.968682
3.143568
3.378443
3.618130
3.762045
3.686594
3.785755
4.050807
4.371562
4.702356
4.958891
5.028742
4.923414
4.685012
4.355280
4.061716
3.760475
3.511120
3.800884
3.997368
4.003603
4.030271
4.283833
4.407798
4.417353
4.310605
4.156758
4.185631
4.118841
3.876932
3.544566
3.218966
2.922838
2.875569
2.768391
2.566706
2.461074
2.563638
2.622795
3.062582
3.458172
3.770608
3.906561
3.970724
3.974606
3.930648
3.792512
3.521606
2.941970
2.518316
2.386708
2.556221
2.850385
3.288485
3.890170
4.394698
4.667260
4.368886
3.942457
4.379927
4.535163
4.616837
5.059085
5.762953
6.336171
6.563445
6.152000
5.521064
5.309463
5.622656
5.946349
6.550102
7.169766
7.446970
7.279094
6.746005
6.025125
5.306870
4.999242
5.729346
6.325873
6.400052
5.994964
5.329823
5.537270
5.495946
4.988400
4.364283
3.737640
3.175365
2.680521
2.241061
1.942501
1.778023
1.521892
1.486367
1.957130
2.628828
3.526010
4.355651
4.696519
4.698077
4.362907
3.550694
2.655120
1.975713
1.825968
2.010269
2.220964
2.453859
2.640393
2.712674
2.577711
2.352869
2.169665
2.284266
2.396594
2.569778
2.658291
2.546296
2.322719
2.042056
1.888159
1.869425
1.776161
1.705430
1.641993
1.503048
1.312848
1.251817
1.211630
1.102572
1.040547
0.956297
0.942405
1.006499
1.060191
1.166976
1.273132
1.349923
1.325324
1.190771
1.030399
0.882876
0.856633
0.946082
0.994734
1.034256
1.090684
1.199346
1.348434
1.473204
1.484465
1.380227
1.256735
1.278911
1.325608
1.334362
1.524996
1.723364
1.729389
1.649237
1.681505
1.529653
1.425509
1.345140
1.390656
1.372566
1.283861
1.165941
1.219515
1.580607
2.005423
2.487677
2.965086
3.518464
4.112862
4.841376
5.705931
6.604227
7.661268
8.784204
9.535326
9.522492
8.753506
7.578936
6.424592
5.402605
4.494729
3.709104
3.054053
2.591706
2.694418
3.052221
3.192729
3.015906
2.787673
2.506859
2.148976
1.777521
1.484618
1.422160
1.265380
1.240885
1.175559
1.095697
1.011762
0.899881
0.820405
0.679883
0.546002
0.550971
0.643762
0.728382
0.820224
0.875499
0.975258
1.009437
0.945313
0.811905
0.677645
0.699239
0.795402
0.818354
0.776201
0.674875
0.656173
0.643043
0.666681
0.645900
0.567359
0.590291
0.601090
0.622438
0.661011
0.737393
0.806637
0.825095
0.745447
0.785723
0.931407
1.078970
1.169190
1.166817
1.304460
1.443860
1.523769
1.577474
1.761418
1.915742
1.929077
1.794271
1.621905
1.421519
1.239176
1.384580
1.548900
1.666888
1.714895
1.661913
1.786616
1.978906
2.174185
2.429171
2.452509
2.592334
2.813762
3.044611
3.193957
3.164772
3.263290
3.252505
3.358317
3.441357
3.404185
3.342688
3.578466
3.845324
4.197364
4.645429
5.015628
5.409471
5.738717
5.915534
5.938546
5.932158
6.427927
6.763479
6.795425
6.664077
6.276087
5.361314
4.504921
4.279840
4.267500
4.555407
4.900826
5.026741
4.958949
4.740540
4.401553
4.149352
4.211820
4.490385
4.702580
4.960495
5.269674
5.612230
5.879537
5.996480
5.905554
6.309876
7.156229
7.935502
8.621103
9.155402
9.408032
9.289493
8.950232
8.762403
8.630244
8.653056
8.964352
9.247088
9.253669
9.340153
9.416155
9.193497
8.723917
8.141601
8.124207
8.302781
8.330151
8.695262
8.878531
9.357814
10.070051
10.863958
11.685694
12.387485
12.627106
12.360134
11.573467
10.654819
9.744345
8.913962
8.219907
7.771383
7.750038
7.469030
7.367361
7.826594
8.327349
8.606438
8.626659
8.354734
7.889692
7.400804
6.872223
6.357787
5.852615
5.361113
4.891977
4.458902
4.055438
3.684863
3.346203
3.021811
2.717708
2.441562
2.348647
2.474219
2.574411
2.609241
2.625570
2.558025
2.657832
2.672930
2.542574
2.236304
2.396594
2.555281
2.509049
1.992846
1.776301
1.825829
1.872157
1.662237
1.624313
1.556598
1.134324
1.055170
1.119804
1.198587
1.379857
1.460018
1.346343
1.101163
0.846220
1.091258
1.277769
1.469810
1.286452
0.965848
0.649688
0.417874
0.289203
0.375423
0.477926
0.511680
0.291609
0.178712
0.149682
0.098130
0.022671
0.039100
0.085399
0.159011
0.259627
0.387118
0.537327
0.712576
0.930198
1.181380
1.429597
1.563170
1.224963
0.509637
0.215356
0.213215
0.311798
0.466902
0.670656
0.921270
1.219515
1.580607
2.005423
2.487677
2.965086
3.518464
4.112862
4.841376
5.705931
6.604227
7.661268
8.784204
9.481639
8.345091
4.084049
2.689786
2.741092
2.829658
1.960960
0.110699
0.000000
0.000000
0.000000
0.000000
0.000000
0.000000
0.000000
0.000000
