track	type=wiggle_0
fixedStep	chrom=chr	start=1	step=1
0.000000
0.000000
0.000000
0.000000
0.000000
0.000000
0.000000
0.000000
0.000000
0.000000
0.000000
0.005642
0.041888
0.334141
0.710929
0.919276
0.861818
0.652611
0.713760
0.908100
0.662127
0.377353
0.176856
0.179873
0.309102
0.495187
0.732437
1.016645
1.259558
1.302133
1.126707
0.971608
0.851432
0.687615
0.666325
0.731779
0.786864
0.697282
0.531969
0.389767
0.370545
0.401775
0.349401
0.344229
0.308826
0.233583
0.217781
0.388070
0.579929
0.755613
0.909518
0.954129
0.956520
0.935784
0.869153
0.715885
0.388177
0.155984
0.070069
0.031225
0.014596
0.023783
0.027803
0.016286
0.015645
0.012160
0.003428
0.019520
0.034153
0.036375
0.023617
0.034632
0.130510
0.341089
0.709008
0.878726
0.924985
0.931806
0.924984
0.893264
0.780625
0.485556
0.262512
0.135886
0.113778
0.155429
0.182378
0.215334
0.287274
0.342831
0.350430
0.312455
0.247283
0.182473
0.139390
0.119896
0.127802
0.126630
0.157370
0.185472
0.211322
0.219328
0.191378
0.210363
0.194921
0.150541
0.159739
0.197176
0.230510
0.313670
0.440994
0.591516
0.750862
0.884596
0.919581
0.815640
0.669306
0.521021
0.385894
0.272278
0.180363
0.108581
0.129077
0.196109
0.279271
0.399762
0.467777
0.547378
0.577901
0.574029
0.572817
0.542451
0.515443
0.468085
0.454394
0.416365
0.642413
0.933733
1.226454
1.361305
1.238738
0.942294
0.647397
0.409326
0.233771
0.114114
0.110664
0.114456
0.114456
0.123007
0.188525
0.264213
0.333263
0.443867
0.530437
0.659771
0.704712
0.657303
0.573741
0.586277
0.589944
0.612277
0.718501
0.818164
0.821778
1.020050
1.303750
1.635175
1.996832
2.328015
2.508674
2.330763
2.009036
2.191398
2.338337
2.541688
2.642212
2.541688
2.271166
1.978737
1.696383
1.440026
1.210999
1.009901
0.851757
0.796005
0.861420
0.833545
0.738912
0.622714
0.535636
0.457292
0.463985
0.332831
0.313479
0.272702
0.248711
0.254858
0.232592
0.248276
0.278026
0.293780
0.323981
0.328648
0.310834
0.292431
0.270176
0.231644
0.225949
0.294130
0.351942
0.376821
0.339233
0.289386
0.256216
0.291155
0.339126
0.392723
0.413140
0.390500
0.371782
0.389574
0.446850
0.519112
0.566984
0.586839
0.590150
0.587878
0.546760
0.473817
0.397977
0.349217
0.336223
0.345702
0.345588
0.324146
0.278396
0.219768
0.164400
0.117330
0.077878
0.047620
0.025552
0.057972
0.108845
0.147838
0.147838
0.108674
0.057728
0.036625
0.033549
0.036135
0.061187
0.072654
0.061673
0.033249
0.002966
0.039894
0.100368
0.127987
0.094424
0.032453
0.016047
0.021523
0.022156
0.021363
0.054116
0.091828
0.165115
0.257345
0.348371
0.392741
0.357655
0.333594
0.532791
0.792297
1.121711
1.529944
1.970134
2.244691
2.240160
1.950144
1.544145
1.395267
1.141792
0.906024
0.757436
0.652616
0.503814
0.617347
0.758548
0.849668
0.761227
0.607001
0.434655
0.288372
0.172248
0.089981
0.072243
0.069192
0.099452
0.148176
0.164679
0.209096
0.286161
0.229378
0.132050
0.048352
0.007637
0.000000
0.000000
0.000000
0.000000
0.000000
0.000000
0.000012
0.000000
0.000000
0.000000
0.000000
0.000000
0.000000
0.000000
0.000000
0.000000
0.015640
0.087725
0.248154
0.532699
0.723792
0.795282
0.795282
0.723792
0.534500
0.253807
0.092722
0.017693
0.000000
0.000000
0.000000
0.000147
0.016540
0.039343
0.038748
0.015500
0.000442
0.000984
0.002522
0.034807
0.093809
0.214381
0.433033
0.765919
0.815073
0.593431
0.437494
0.289715
0.296375
0.230985
0.118728
0.037697
0.002071
0.000000
0.000000
0.000000
0.000000
0.000000
0.000000
0.000000
0.000000
0.000000
0.000000
0.000000
0.000000
0.000000
0.000000
0.000000
0.000000
0.000000
0.000000
0.000000
0.000000
0.000000
0.000000
0.000000
0.000000
0.000000
0.000000
0.000000
0.000000
0.000000
0.000000
0.000000
0.000000
0.000000
0.000000
0.000000
0.000000
0.000000
0.000000
0.000000
0.000000
0.000000
0.000000
0.000000
0.000000
0.000000
0.000000
0.000000
0.000000
0.000000
0.000000
0.000000
0.000000
0.000000
0.000000
0.000000
0.000000
0.003817
0.016031
0.020899
0.022061
0.022061
0.021141
0.017299
0.006488
0.000000
0.000000
0.000000
0.000000
0.000000
0.000000
0.000546
0.000062
0.000000
0.000000
0.000000
0.000000
0.000000
0.000000
0.000170
0.006906
0.006420
0.054690
0.160067
0.332030
0.592741
0.990799
1.551931
1.866495
1.875908
1.598172
1.098693
0.789676
0.551968
0.390873
0.253591
0.345861
0.538384
0.642055
0.678702
0.590377
0.369707
0.456752
0.627248
0.829838
1.070266
1.351873
1.665758
1.945812
2.126128
2.010682
1.739355
1.419654
1.129685
0.881548
0.671265
0.493487
0.347372
0.232603
0.150821
0.183832
0.205380
0.194619
0.187862
0.143977
0.084641
0.072435
0.098045
0.126201
0.177363
0.235417
0.305192
0.381241
0.438267
0.495914
0.561748
0.665009
0.748987
0.815082
0.932362
1.095436
1.277483
1.476883
1.684433
1.870549
1.972433
1.948257
1.837746
1.861378
1.855840
1.852796
2.063966
2.271034
2.400972
2.399745
2.487606
2.603236
2.553195
2.394269
2.290785
2.261089
2.368913
2.443295
2.632861
2.917447
3.256642
3.596714
3.848282
3.852326
3.737296
4.144126
4.410280
4.419170
4.169625
3.782124
3.407628
3.106757
3.187655
3.176460
3.403728
3.969419
4.603841
5.299006
6.026932
6.653965
6.909441
7.162590
8.045999
9.137667
10.323502
11.483564
12.318515
12.441147
11.717612
10.824702
10.519138
10.067665
11.644734
13.528769
16.231234
17.565983
16.227757
13.489390
11.529411
9.974262
8.844467
8.426758
8.437010
8.519245
9.126301
9.971748
10.425373
10.199864
9.295472
8.235500
7.219358
6.302664
5.479168
4.753033
4.108057
3.535207
3.018315
2.574636
2.195435
1.832296
1.507513
1.220239
0.971088
0.756100
0.575100
0.426142
0.299907
0.316164
0.339661
0.305040
0.244071
0.173674
0.112191
0.079161
0.089010
0.130606
0.181644
0.198154
0.237437
0.308826
0.365054
0.384915
0.420422
0.404654
0.342462
0.279557
0.215061
0.152406
0.156705
0.172729
0.247362
0.211235
0.158718
0.163840
0.138473
0.094877
0.057002
0.089191
0.154255
0.204695
0.239418
0.292497
0.358206
0.442310
0.530091
0.609497
0.688387
0.755946
0.788666
0.764601
0.792453
0.896316
1.013810
1.127001
1.205767
1.228218
1.165142
1.399002
1.828303
1.807347
1.340148
0.921868
1.035442
1.116350
1.128869
1.078881
0.970617
0.855970
0.753450
0.657757
0.567831
0.575823
0.638112
0.693516
0.665408
0.564551
0.416076
0.431508
0.505902
0.577723
0.592145
0.538082
0.454372
0.378236
0.319290
0.272744
0.228793
0.176472
0.120192
0.073315
0.063300
0.109470
0.170413
0.250050
0.349490
0.464133
0.598006
0.733183
0.858834
0.972599
0.991507
0.904304
0.776199
0.645168
0.521059
0.408330
0.308595
0.223731
0.163761
0.128600
0.137659
0.203401
0.244376
0.244607
0.341228
0.473856
0.623689
0.711688
0.674180
0.636547
0.822827
1.022262
1.259414
1.416969
1.397500
1.226488
1.036692
0.818815
0.732045
0.754916
0.678498
0.651926
0.891593
1.173170
1.336862
1.267928
1.538804
2.013971
2.644189
3.227465
3.208926
2.624605
2.156385
1.974849
1.690374
1.862153
2.260327
2.191662
1.611800
1.213324
0.933997
0.831359
0.717596
0.778963
0.879869
0.992766
1.111242
1.217250
1.290081
1.302215
1.274311
1.196850
1.115675
1.054843
0.986072
1.123071
1.307615
1.514604
1.724988
1.920514
2.062820
2.087889
2.011236
1.824943
1.651160
1.623256
1.691149
1.704069
1.673221
1.594384
1.829014
2.069899
2.223758
2.254472
2.443733
2.534371
2.435982
2.365663
2.437783
2.420065
2.510704
2.594280
2.546214
2.337101
2.479464
2.677703
2.645270
2.715055
2.904269
3.145306
3.384665
3.605579
3.829692
4.048858
4.235056
4.293357
4.211075
4.191994
4.084088
3.893514
3.782537
3.584383
3.330532
3.080183
3.664180
4.427912
5.299577
6.306554
7.453579
8.639898
9.605982
9.749601
9.120444
8.037441
6.894406
5.940118
5.275533
5.908088
6.105584
5.794568
5.193480
4.472859
4.314312
4.554132
5.161113
5.830386
6.548197
7.158463
7.311618
7.058640
6.767238
6.579127
6.558034
6.739450
6.924991
7.046036
6.634796
6.016459
6.134861
6.960647
7.815919
8.355122
8.314334
7.695201
6.837317
5.974502
6.506247
7.079232
7.619315
7.893563
7.782595
7.390115
6.864357
6.349157
5.912117
5.828207
5.610829
5.245326
4.828734
4.440367
4.105098
3.985361
3.916852
3.615127
3.311273
3.106148
3.027462
2.847064
2.642574
2.830226
2.960536
3.059625
3.217175
3.217602
3.078323
2.888326
2.867338
3.164050
3.470484
3.723251
3.794960
3.662346
3.391045
3.078329
2.814868
2.620090
2.413188
2.219142
2.041209
2.122551
2.240617
2.217691
2.051780
1.842426
1.633115
1.447516
1.269927
1.105513
0.973802
1.072806
1.237865
1.407500
1.570000
1.708921
1.849652
2.009116
2.164819
2.310109
2.493481
2.705481
3.035960
3.282830
3.526344
3.761303
3.945863
4.031256
3.909122
3.820189
3.674781
3.600256
3.558876
3.735938
3.887697
3.982200
3.901507
3.734825
3.470112
3.188216
2.958344
2.774375
2.573559
2.493880
2.432852
2.326704
2.425784
2.500809
2.481285
2.354675
2.174454
2.461114
2.596563
2.630604
2.604660
2.444859
2.016523
2.432899
2.996656
3.480286
3.606161
3.398825
2.833195
2.393403
2.566329
2.914853
3.045394
3.037105
2.891994
2.526938
1.795714
1.240048
0.848337
0.698135
0.649666
0.567172
0.548649
0.597897
0.571665
0.508638
0.436141
0.392859
0.366322
0.306394
0.239404
0.174644
0.117840
0.074330
0.053383
0.031654
0.013555
0.002214
0.000000
0.000000
0.000000
0.000000
0.000000
0.000000
0.000000
0.000000
0.000000
0.000000
0.000000
0.000000
0.000000
0.000000
0.000000
0.000000
0.000000
0.000000
0.000000
0.000000
0.000000
0.000000
0.000000
0.001843
0.019566
0.066069
0.142736
0.228286
0.302312
0.390516
0.594190
0.891974
1.215453
1.545917
1.666116
1.494791
1.317310
1.254952
1.154943
1.070016
0.992769
0.969744
0.995246
0.940351
0.781126
1.011934
1.190684
1.152133
0.903560
0.626584
0.395038
0.220018
0.149452
0.085580
0.042794
0.033083
0.026986
0.029225
0.047588
0.058095
0.040280
0.010674
0.000000
0.000000
0.000000
0.000000
0.000000
0.000000
0.000000
0.000000
0.000000
0.000000
0.000000
0.006079
0.059790
0.183829
0.405771
0.741428
0.896644
0.954166
0.955186
0.908204
0.785792
0.537452
0.310533
0.095664
0.014891
0.000000
0.000000
0.000000
0.000000
0.000000
0.000000
0.000000
0.000000
0.000000
0.000000
0.000000
0.000000
0.000000
0.000000
0.000000
0.000000
0.000000
0.000000
0.000000
0.000000
0.000000
0.000000
0.000000
0.000000
0.000000
0.000000
0.000000
0.000262
0.035699
0.137393
0.324492
0.626256
0.889076
1.033810
1.126326
1.540257
1.894162
1.945067
1.693355
1.306149
0.970988
0.717895
1.002474
1.332942
1.629752
1.745610
1.591712
1.342337
1.711105
2.178252
2.633890
2.758003
2.962286
3.535076
3.957927
3.241716
2.441223
1.808509
1.305112
0.902268
0.593705
0.381107
0.236496
0.135534
0.190757
0.222510
0.202507
0.184458
0.141021
0.227572
0.331229
0.438919
0.482183
0.446953
0.350617
0.344900
0.320659
0.418349
0.527203
0.649922
0.789936
0.942269
1.108431
1.298362
1.508566
1.732154
1.926566
2.002602
2.004077
2.088701
2.066749
2.240250
2.493514
2.736602
2.896962
2.868399
2.751975
2.907968
3.110229
3.325696
3.454866
3.424938
3.602273
3.692056
3.657703
3.489660
3.264968
3.103024
3.590994
4.075544
4.482576
4.610565
4.448288
4.571887
5.148659
5.759172
6.113737
6.705739
7.518135
8.327230
8.691586
8.333105
7.542508
6.704484
5.920418
5.216478
5.023484
5.361514
5.684636
6.228225
6.740221
7.170022
7.151227
6.707312
6.133449
5.700150
5.341815
5.343303
5.150407
5.279533
5.544367
5.556558
5.384072
5.357287
5.705493
6.107361
6.388305
6.343970
5.969133
5.464554
4.944796
4.985620
5.012358
5.116197
5.316531
5.647107
5.889313
5.933936
5.678885
5.236424
5.312748
5.352782
4.933885
4.268352
4.074861
4.100059
4.228806
4.443531
4.694382
4.897238
4.882130
4.640845
4.280156
3.907640
3.560038
3.242812
2.938339
2.636599
2.353264
2.097124
1.907169
1.791039
1.979518
2.329471
2.639227
2.955790
3.435278
3.457505
2.992664
2.407616
1.877512
1.577762
1.721069
1.855583
1.935945
1.965600
2.061601
2.233585
2.266263
2.204740
2.049462
1.862886
1.677757
1.506065
1.351807
1.217688
1.088161
0.971371
0.954311
1.021306
1.011638
0.941517
0.840304
0.741546
0.684489
0.648440
0.789345
1.020876
1.073500
0.980832
0.762394
0.576026
0.568072
0.502445
0.491149
0.560385
0.893435
1.400352
1.593414
1.402898
1.082446
1.324170
1.630925
1.967217
2.376209
3.267009
4.265952
4.641217
4.714819
4.636508
4.284241
3.408936
2.466162
1.865182
1.371819
0.989627
0.706265
0.461300
0.481313
0.518663
0.523913
0.497899
0.454548
0.469435
0.561249
0.635982
0.712662
0.772602
0.840132
0.972218
1.006159
0.965443
0.865452
0.750927
0.784710
0.850892
0.859303
0.823572
0.769916
0.778875
0.860518
0.996234
1.101483
1.142671
1.127144
1.037152
1.026554
1.034570
0.840428
0.788261
0.686950
0.632731
0.662790
0.663312
0.695583
0.871455
1.103396
1.336947
1.680075
2.190663
2.768714
3.341416
3.891203
3.881105
3.293314
2.605699
1.978271
1.460013
1.041217
0.888551
0.759661
0.669876
0.767799
0.864054
0.976711
1.053683
1.076190
1.080896
1.332000
1.641963
1.973835
2.237164
2.395060
2.288941
2.028893
1.895293
2.126349
2.395460
2.547456
2.366594
2.034734
2.043672
2.054834
1.964861
2.348435
2.995880
3.747488
4.597370
5.389423
5.724371
5.456835
4.709693
3.921527
3.405732
3.015316
2.595674
3.128350
3.695420
4.089163
4.158473
3.933158
3.423451
2.864737
2.365073
2.621484
3.049008
3.386679
3.542900
3.367945
2.979545
2.587270
2.450934
2.314418
2.312632
2.391128
2.213472
2.062978
1.886773
1.641180
1.609499
1.882900
2.120936
2.114900
1.998705
1.656666
1.289272
1.167973
1.152399
1.160806
1.394974
1.460799
1.484195
1.464355
1.442060
1.350537
1.287454
1.252810
0.965331
0.655040
0.400436
0.482853
0.550871
0.547711
0.481723
0.384576
0.294409
0.222911
0.161093
0.135831
0.147462
0.153134
0.169117
0.139971
0.098352
0.068390
0.101668
0.142679
0.146468
0.109598
0.064879
0.030200
0.009603
0.003160
0.001830
0.000862
0.000000
0.000000
0.000000
0.000000
0.000000
0.000000
0.000000
0.000000
0.000000
0.000064
0.000000
0.000000
0.000000
0.000000
0.000000
0.000000
0.000000
0.005824
0.058184
0.175293
0.371286
0.717837
1.120143
1.257616
1.145896
0.826750
0.609792
0.471381
0.476303
0.564948
0.601633
0.609358
0.607420
0.591653
0.526487
0.362900
0.187678
0.131045
0.110331
0.122803
0.191008
0.284396
0.386514
0.485294
0.585376
0.678727
0.771134
0.833451
0.850873
0.810936
0.777995
0.738192
0.697335
0.754416
0.804385
0.861975
1.035511
1.189956
1.288730
1.358218
1.470735
1.563026
1.666916
1.748870
1.731984
1.621615
1.497983
1.416439
1.444796
1.479786
1.476985
1.424196
1.357700
1.242797
1.098948
0.927722
0.924169
0.967292
0.956487
0.870423
0.744512
0.620465
0.622584
0.744418
0.888024
1.060010
1.248439
1.449912
1.654591
1.815787
1.885171
1.875063
2.136339
2.429945
2.738836
3.049192
3.310695
3.445655
3.448678
3.320657
3.467172
3.760172
4.061884
4.259902
4.293935
4.287041
4.462288
4.805588
5.085883
5.184958
5.017123
4.710440
4.916226
5.303398
5.750349
6.235039
6.758341
7.300736
7.769313
7.903373
7.626502
7.561944
8.174185
8.821303
9.448134
9.988625
10.263467
10.145412
9.722473
9.816271
10.595148
11.470460
12.196144
12.579279
12.541121
12.084239
11.624847
10.981942
10.208046
9.534145
8.793815
8.891362
8.652360
8.274995
8.090099
7.936346
8.109617
8.202180
8.544724
8.598609
8.685965
9.047432
9.437846
9.587497
9.322729
8.905583
9.313752
9.395512
9.339700
9.520722
9.407667
9.753298
10.273959
10.585315
10.504521
10.288343
9.870290
9.388199
8.889977
9.195484
11.144081
13.497005
14.565861
13.516683
11.152079
9.198265
8.899153
9.313160
9.615806
9.730224
9.984405
10.155210
10.284650
10.238452
9.981647
10.004104
10.275559
10.341268
10.138371
9.868694
9.414482
8.881492
8.362897
7.831629
7.517602
7.786246
7.924510
7.783589
7.367743
6.854777
7.218797
7.377082
7.128268
6.497256
5.820319
6.040164
6.263077
6.503988
6.591633
6.633940
6.874784
6.818955
6.504403
6.141766
5.803452
5.767174
6.280397
6.847433
7.392119
7.904218
7.998346
7.695687
7.286822
7.727648
8.045524
8.076180
7.811862
7.312004
6.919770
6.293902
6.549069
6.870814
7.195400
7.498576
7.625947
7.459994
7.102695
6.787620
6.542867
6.238123
6.053417
5.736856
5.801951
5.663159
5.567183
5.744497
5.718920
5.536941
5.563826
5.705732
5.460751
5.522371
5.209679
4.849956
4.747255
4.545648
4.352645
4.168307
3.871165
3.588609
3.552572
3.440683
3.479805
3.391452
3.190857
2.927219
2.865591
2.832866
3.363553
3.821894
4.294381
4.566534
4.689706
5.240215
5.526529
5.527690
6.349906
7.058890
7.737752
7.955880
7.386933
6.571000
6.308681
5.745937
4.531247
4.211140
3.728396
3.171530
2.642892
2.167527
1.788654
1.795363
1.753935
1.728845
2.008548
2.114995
2.058407
2.016922
1.953255
2.088807
2.275260
2.465913
2.653231
2.825647
2.949157
2.948753
2.805432
2.961265
3.145986
3.308112
3.391626
3.421711
3.425023
3.327081
3.105067
2.805447
2.659349
2.759764
2.784376
2.696507
2.689775
2.691291
2.729921
2.851449
2.979330
3.105118
3.086777
2.915063
2.716390
2.537522
2.446361
2.629145
2.700204
2.695405
2.774759
2.899182
2.873742
2.627937
2.822352
2.921742
2.898396
3.065439
3.248376
3.366656
3.503496
3.484251
3.476888
3.375204
3.131271
2.968549
3.146608
3.315496
3.312817
3.142872
2.917789
2.723395
2.486287
2.318009
2.273334
2.128547
1.978051
2.041122
2.020274
1.905169
1.869033
2.057133
2.347694
2.568990
2.597921
2.398611
2.615933
2.940177
3.278322
3.612930
3.820578
3.848581
3.627956
3.334721
2.957130
2.623272
2.344678
2.095088
1.856200
1.906686
2.121084
2.254686
2.283344
2.399721
2.376175
2.181130
1.952902
1.725332
1.645424
1.826979
2.055702
2.237490
2.316900
2.374633
2.676162
2.856423
2.969335
3.746221
4.636238
5.650907
6.837241
8.406993
10.458236
11.738421
12.187118
12.182140
11.725468
11.134537
10.821075
10.105175
9.422802
8.704872
9.454051
10.407918
11.020378
10.687268
9.612626
8.325930
7.769515
6.621686
5.637661
6.246346
6.593739
6.332351
5.698928
4.925300
4.186060
3.794011
3.944658
3.840572
3.505769
3.263539
2.979732
2.871098
3.147897
3.282561
3.164658
2.818983
2.460884
2.156967
1.944348
2.132008
2.177270
2.395838
2.728875
3.128129
3.691878
4.368042
4.972532
5.457017
5.636526
5.582818
5.360311
5.012243
4.586510
4.180204
3.797678
3.403745
2.998153
2.848690
2.654810
2.696191
2.700408
2.583602
2.810419
3.102000
3.358877
3.429232
3.331895
3.085435
2.810501
2.511719
2.599479
2.674408
2.598934
2.825534
2.987737
3.194147
3.220321
3.094889
3.062759
3.149466
3.351215
3.554166
3.591423
3.442913
3.252133
3.019286
2.897769
3.081354
3.197772
3.198897
3.514039
3.835541
4.155859
4.490792
4.792127
4.973259
4.984986
4.875160
4.846546
4.979938
4.984490
4.846975
4.684343
5.040095
5.314083
5.144840
5.059000
5.057590
4.940234
5.239389
5.555501
5.779101
5.747431
5.536449
5.249334
5.457695
5.815061
5.919102
5.786155
5.399872
4.962150
4.325717
4.073287
4.103233
4.250365
4.403094
4.487024
4.457949
4.313916
4.139209
4.006134
3.890990
3.733295
3.545326
3.309380
3.205130
3.160743
3.251523
3.390803
3.573665
3.729212
3.738847
3.556570
3.283714
3.214397
3.746724
4.280807
4.331404
3.868762
3.606026
3.941644
4.341672
4.732229
5.114173
5.467774
5.731419
5.769712
5.571173
5.244789
4.957062
4.918932
5.293084
5.335973
5.213974
4.932886
4.634830
5.038954
5.600047
6.204864
6.702145
6.927887
6.669199
6.114702
5.432300
4.791043
4.404023
4.336022
4.179011
3.934765
3.666596
3.360585
3.047761
2.727026
2.670446
2.914726
3.105721
3.195155
3.138128
3.026926
2.856249
2.689965
2.713866
2.929124
3.037616
3.001017
2.861428
2.650265
2.423202
2.199957
1.993913
1.904788
1.749070
1.861222
2.000253
2.049021
1.847480
1.706066
1.745761
1.851492
1.909132
1.859407
1.983011
2.121638
2.209102
2.306170
2.222987
1.808484
1.737626
1.768198
1.733149
1.815185
1.876888
1.640712
1.607260
1.688653
1.656524
1.133706
0.900410
0.954705
1.082936
1.208422
1.353098
1.168204
0.945241
0.946333
1.051394
1.193277
1.360085
1.490856
1.552613
1.684982
1.693722
1.825415
2.054773
2.266589
2.239027
1.425610
0.692591
0.536011
0.485508
0.470463
0.405191
0.377657
0.171409
0.071102
0.061295
0.092726
0.159239
0.254018
0.377200
0.521898
0.671765
0.789190
0.851617
1.016032
1.225387
1.437537
1.556637
1.538860
1.754169
2.053474
2.401269
2.768501
3.108805
3.393726
3.849137
4.383463
4.935695
5.455310
5.554602
5.052928
5.137064
4.656551
4.742617
5.154140
5.705349
5.698928
3.699258
3.089567
2.508877
2.487272
2.186086
1.399699
0.992151
0.703011
0.505122
0.700967
0.673618
0.371888
0.439915
0.544264
0.706665
0.000000
0.000000
0.000000
0.000000
0.000000
0.000000
0.000000
0.000000
0.000000
