track	type=wiggle_0
fixedStep	chrom=chr	start=1	step=1
0.000000
0.000000
0.000000
0.000000
0.000000
0.000000
0.000000
0.000000
0.000000
0.000000
0.000000
0.004396
0.038066
0.322143
0.688764
0.891658
0.834620
0.626915
0.695167
0.889445
0.644333
0.362314
0.165233
0.062422
0.014097
0.004954
0.003994
0.004791
0.011231
0.009761
0.000607
0.000000
0.000000
0.000000
0.000000
0.000000
0.000000
0.000000
0.001301
0.002267
0.000009
0.000000
0.035802
0.073415
0.093867
0.111888
0.126172
0.157326
0.107824
0.039225
0.001292
0.006935
0.007079
0.000534
0.000000
0.000000
0.000000
0.000000
0.000000
0.000000
0.000000
0.000000
0.000000
0.000000
0.000000
0.000000
0.000000
0.000000
0.001104
0.037181
0.130733
0.289605
0.527591
0.963802
1.587692
1.850604
1.917735
1.927661
1.917735
1.857063
1.630618
1.059555
0.626072
0.349855
0.167768
0.056749
0.075329
0.147981
0.184148
0.171466
0.136605
0.153471
0.162835
0.164132
0.167287
0.189660
0.210185
0.267975
0.341251
0.406598
0.439941
0.416478
0.358065
0.292715
0.219257
0.277320
0.389107
0.522119
0.887718
1.130654
1.197073
1.270010
1.415774
1.425199
1.288211
1.126851
0.968733
0.800760
0.673351
0.729360
0.892651
1.099596
1.273158
1.317331
1.541476
1.878888
2.286611
2.747323
3.255703
3.797865
4.232275
4.436800
4.138079
3.658715
3.328848
3.981493
4.770347
5.649939
6.425156
6.780247
6.404340
5.624720
4.747826
3.959955
3.273565
2.686112
2.222601
1.902284
1.728425
1.795078
1.681402
1.451052
1.165458
0.896629
0.668799
0.483000
0.338288
0.230852
0.179440
0.279515
0.388957
0.440569
0.423593
0.336080
0.251888
0.248278
0.313252
0.409769
0.516384
0.613035
0.677209
0.663461
0.587192
0.671388
0.841377
0.992386
1.037522
0.966333
0.925731
0.948804
0.870827
0.746444
0.606781
0.477922
0.420502
0.504727
0.585011
0.701271
0.814613
0.892470
0.895944
0.830109
0.772820
0.878171
0.984144
1.101449
1.141182
1.099185
1.037451
1.057608
1.019916
1.060908
1.114092
1.087410
1.003395
0.910160
1.052406
1.207514
1.373492
1.530913
1.637583
1.655785
1.587921
1.431507
1.262318
1.178573
1.340290
1.499140
1.594039
1.573702
1.465722
1.308578
1.352082
1.291630
1.172027
1.043651
0.913710
0.794636
0.805168
0.879913
0.940736
0.948819
0.888429
0.797567
0.711744
0.634920
0.556638
0.508389
0.447256
0.375134
0.341151
0.403464
0.454896
0.457190
0.408613
0.482641
0.591392
0.699659
0.790994
0.802507
0.736997
0.624359
0.528777
0.437457
0.340189
0.354165
0.507574
0.786956
1.127181
1.468369
1.631733
1.823890
1.781823
1.376084
0.975387
0.644305
0.405594
0.413053
0.557615
0.690478
0.850441
1.082852
1.348080
1.586535
1.821144
2.094378
2.466938
2.877348
3.200780
3.562382
3.554916
3.171236
2.650043
2.156079
2.071900
2.380936
2.797342
3.067350
2.960923
2.616427
2.160253
1.752014
1.458901
1.098723
0.915930
0.893094
0.925437
1.012153
1.252034
1.379986
1.470349
1.496016
1.493908
1.446876
1.297384
0.991293
0.813066
0.635867
0.630344
0.571554
0.382604
0.206689
0.250206
0.253082
0.203474
0.140510
0.081263
0.057368
0.054422
0.097287
0.155148
0.208037
0.240101
0.212034
0.160807
0.102956
0.125827
0.257329
0.520590
0.706806
0.775859
0.775455
0.705379
0.519405
0.252035
0.119814
0.036245
0.009718
0.004065
0.008741
0.014273
0.023424
0.036110
0.031900
0.011438
0.036278
0.057859
0.051214
0.029674
0.086285
0.203163
0.418715
0.748638
0.796991
0.577439
0.417577
0.255859
0.173638
0.109411
0.019038
0.000000
0.000000
0.000000
0.000000
0.000000
0.000000
0.000000
0.000000
0.005592
0.049620
0.110960
0.123791
0.064380
0.011289
0.000000
0.000000
0.000000
0.000000
0.000000
0.000654
0.030007
0.110066
0.244560
0.401653
0.437486
0.319688
0.171677
0.061223
0.006920
0.000000
0.000000
0.000000
0.000000
0.000000
0.000000
0.000000
0.000000
0.000000
0.000000
0.000000
0.000000
0.000000
0.000000
0.000000
0.000000
0.000000
0.000000
0.000000
0.000000
0.000000
0.000000
0.000000
0.000000
0.000000
0.000000
0.000000
0.000000
0.000000
0.000000
0.000000
0.000000
0.000000
0.000000
0.000000
0.000000
0.000000
0.000000
0.000000
0.000000
0.000000
0.000000
0.000000
0.000000
0.000000
0.000000
0.000000
0.000000
0.000000
0.000000
0.000000
0.000000
0.000000
0.000000
0.000000
0.016545
0.086882
0.225698
0.462847
0.778436
0.975848
0.914957
0.789186
0.669128
0.474747
0.294050
0.193025
0.182377
0.245887
0.424119
0.589426
0.655902
0.599805
0.432285
0.217766
0.083563
0.018954
0.000615
0.009121
0.027170
0.030629
0.046719
0.152032
0.209887
0.149872
0.042706
0.003844
0.000000
0.000000
0.000000
0.000000
0.000370
0.000000
0.000000
0.000000
0.000370
0.000000
0.000000
0.000200
0.000000
0.015930
0.077689
0.199416
0.388677
0.632166
0.877592
0.900779
0.720395
0.483171
0.278318
0.137444
0.105434
0.155610
0.215855
0.286911
0.370594
0.465517
0.572779
0.691239
0.885048
1.201485
1.452855
1.468800
1.482170
1.642145
1.752421
1.724158
1.588048
1.513633
1.385774
1.213978
1.255543
1.280222
1.395248
1.557852
1.761132
1.992097
2.212455
2.387132
2.389007
2.217901
1.994636
1.755559
1.793869
1.823624
1.716910
1.489804
1.264524
1.093595
1.154787
1.222074
1.385459
1.479892
1.416892
1.758860
2.057652
2.203503
2.091902
1.815361
1.566930
1.773544
1.948547
1.995437
1.999649
1.983041
2.218315
2.823813
3.539137
4.369220
5.266700
6.241696
7.783219
8.678715
7.762816
6.133954
5.026134
4.123473
3.483516
3.375679
3.513708
3.747130
3.935491
4.432245
4.663004
4.517378
4.023659
3.532429
2.996783
2.913766
3.382613
3.379658
3.071061
2.686321
2.236128
1.777849
1.411513
1.456560
1.484442
1.417173
1.171425
0.735518
0.698022
0.530299
0.606812
0.658188
0.616602
0.507109
0.390239
0.292055
0.220784
0.159573
0.105669
0.062925
0.082894
0.119925
0.164430
0.190500
0.188334
0.244978
0.267097
0.245473
0.189424
0.154751
0.111129
0.121857
0.122291
0.096192
0.061710
0.029187
0.007569
0.000030
0.000000
0.000000
0.000000
0.000000
0.000000
0.000000
0.000000
0.000000
0.000000
0.000000
0.000000
0.000000
0.020981
0.051697
0.079242
0.090732
0.095642
0.099669
0.106155
0.200760
0.387501
0.646029
0.982737
1.397849
1.826602
1.805081
1.334926
0.908594
0.583743
0.341034
0.172663
0.065371
0.011884
0.000000
0.000000
0.000000
0.000000
0.000000
0.000000
0.000000
0.000000
0.000000
0.000000
0.000680
0.001654
0.000344
0.000150
0.000000
0.000000
0.000000
0.000000
0.000000
0.000000
0.000000
0.000000
0.000000
0.000000
0.000000
0.000000
0.002488
0.018645
0.059676
0.098040
0.162136
0.231787
0.293745
0.292598
0.235631
0.164523
0.104540
0.057563
0.024949
0.005877
0.021824
0.050511
0.089354
0.122495
0.124311
0.089719
0.048969
0.045406
0.099358
0.157516
0.246062
0.379450
0.549982
0.766267
1.035241
1.322550
1.504649
1.488259
1.300633
1.071182
0.826456
0.670763
0.604570
0.518547
0.535335
0.761557
1.027684
1.184665
1.120730
1.390426
1.856788
2.462974
3.026058
3.011570
2.441121
1.981121
1.795223
1.526415
1.712602
2.097222
2.034284
1.478942
1.087471
0.736063
0.458950
0.377572
0.279069
0.227417
0.236543
0.191916
0.224911
0.321809
0.391722
0.372590
0.470220
0.551571
0.592169
0.571878
0.636758
0.718799
0.715985
0.824547
0.872947
0.823101
0.665714
0.507547
0.462891
0.562056
0.674989
0.794114
0.919021
1.052010
1.196040
1.356164
1.531971
1.726860
1.935869
2.147577
2.360665
2.543845
2.643961
2.618486
2.460450
2.225640
2.198734
2.052923
1.850543
1.636744
1.424599
1.264663
1.186823
1.215862
1.403960
1.618228
1.792490
1.872005
1.771363
1.585233
1.399498
1.323603
1.297914
1.367390
1.433169
1.483204
1.540861
1.516453
1.518215
1.413830
1.304665
1.401724
1.746564
2.280480
2.885613
3.478973
3.748667
3.545324
2.940418
2.571625
2.474333
2.451249
2.374301
2.590048
3.123994
3.625352
4.159832
4.791375
5.465888
6.013976
6.009039
5.448303
4.720121
4.137431
4.184331
3.896427
3.644154
3.834672
4.224051
4.591405
4.723650
4.574548
5.085899
5.675155
6.201341
6.904586
7.461778
7.407548
6.750175
5.963854
5.529027
4.743393
4.033266
3.449201
3.405653
3.467343
3.252444
2.985075
2.717806
2.437226
2.226932
1.977876
1.715280
1.474800
1.257765
1.227605
1.276836
1.426828
1.575544
1.650193
1.624221
1.483374
1.309691
1.128638
0.978933
0.828499
0.688147
0.582428
0.609316
0.611498
0.551207
0.568000
0.566552
0.491690
0.402902
0.342833
0.340928
0.289088
0.217354
0.155159
0.109216
0.074414
0.053788
0.181796
0.423700
0.612012
0.706200
0.770316
0.971918
1.132096
1.047817
0.773190
0.507360
0.292637
0.149700
0.115919
0.168057
0.223310
0.271485
0.314711
0.361504
0.423449
0.502663
0.593210
0.675059
0.754427
0.774454
0.991487
1.381783
1.752616
2.097726
2.535098
2.955225
3.320980
3.487983
3.477968
3.302163
3.229103
3.287612
3.510357
3.753914
3.861853
3.809690
3.843644
3.955098
3.939424
3.770288
3.531968
3.700689
3.983638
4.213043
4.293820
4.182888
3.981442
3.733627
3.496258
3.261435
3.031886
2.806282
2.713510
2.728411
2.707616
2.805443
2.782758
2.631478
2.410748
2.182249
1.960535
1.742761
1.538523
1.358263
1.207052
1.076892
0.950002
0.926422
1.037131
1.084747
1.039075
0.938438
0.812382
0.678292
0.554305
0.439465
0.337573
0.251155
0.181809
0.124806
0.078095
0.042479
0.020636
0.007961
0.000749
0.000000
0.000345
0.007655
0.017987
0.025161
0.015826
0.004707
0.000000
0.000000
0.000000
0.000000
0.000470
0.011583
0.040267
0.090657
0.163828
0.253840
0.349704
0.431907
0.470336
0.424903
0.395314
0.346620
0.354775
0.338777
0.264809
0.175603
0.098943
0.125320
0.227433
0.321145
0.505252
0.778429
1.134874
1.570207
2.077978
2.740632
3.702952
4.683917
5.154853
5.388862
5.554120
5.481082
5.242797
6.118140
7.062877
7.918938
8.225590
7.857847
6.940985
5.950266
5.057236
4.280558
3.589676
2.970775
2.431291
1.965093
1.571925
1.244764
0.960475
0.716830
0.512644
0.347418
0.216524
0.117913
0.052084
0.013748
0.000029
0.000000
0.000000
0.000000
0.000000
0.000000
0.000000
0.000000
0.000000
0.000000
0.000000
0.000000
0.000000
0.000000
0.000000
0.000000
0.000000
0.000000
0.000000
0.000000
0.000000
0.000000
0.000000
0.000000
0.000000
0.000000
0.000000
0.000000
0.000000
0.000000
0.000000
0.000000
0.000000
0.000000
0.000000
0.000000
0.000000
0.000000
0.000000
0.000000
0.000000
0.000000
0.000000
0.001637
0.007761
0.008652
0.003071
0.000000
0.000000
0.000000
0.003516
0.054981
0.172467
0.357701
0.645924
0.887389
0.991506
0.982402
0.856175
0.563331
0.300648
0.130546
0.126553
0.206206
0.287907
0.420188
0.543847
0.742790
0.928505
1.022964
0.885158
0.660407
0.710359
0.938886
1.131533
1.363171
1.695814
1.971314
1.907407
1.536792
1.113786
0.842864
0.618140
0.424714
0.275637
0.163739
0.157465
0.228641
0.284329
0.344209
0.366544
0.316944
0.229055
0.138483
0.072168
0.029403
0.005577
0.000000
0.000165
0.001669
0.012720
0.053488
0.094464
0.101483
0.152166
0.305186
0.362869
0.320715
0.203405
0.101091
0.035696
0.025524
0.057847
0.108545
0.194277
0.291048
0.341934
0.288083
0.189972
0.237618
0.247405
0.219914
0.151388
0.074299
0.039831
0.015798
0.027961
0.058885
0.094156
0.111438
0.091120
0.058359
0.052080
0.044610
0.054580
0.073790
0.081951
0.131473
0.192287
0.252920
0.313663
0.347694
0.337331
0.361786
0.430140
0.472946
0.517997
0.607196
0.694619
0.767594
0.783313
0.863403
1.033007
1.182896
1.327408
1.486491
1.648536
1.799070
1.936349
2.208530
2.346146
2.413464
2.647995
2.980783
3.674353
4.304677
4.771204
4.793105
4.334849
3.551654
2.803706
2.166994
1.640362
1.309136
1.152735
1.018530
0.926845
0.999634
1.101991
1.280356
1.483809
1.679436
1.801751
1.813251
1.681809
1.471480
1.426814
1.658492
1.925299
2.208755
2.497368
2.804528
3.148779
3.507507
3.777711
3.860077
3.905709
4.274321
4.759302
5.289572
5.714463
5.831583
5.569031
5.116337
4.617071
4.163986
3.752796
3.368221
3.006624
2.672729
2.449654
2.568497
2.847112
3.055182
3.032643
2.835835
2.585946
2.357157
2.111167
1.839472
1.573812
1.461254
1.445297
1.542591
1.572036
1.569585
1.543652
1.670225
1.774235
1.978431
2.181915
2.396245
2.601487
2.717125
2.709496
2.921663
3.194623
3.439810
3.654768
3.757520
3.668977
3.477343
3.209877
2.923435
2.644817
2.376440
2.130453
1.910221
1.713157
1.532534
1.409984
1.509406
1.496388
1.365814
1.285291
1.420450
1.546466
1.627481
1.620128
1.518836
1.369275
1.239503
1.194113
1.201057
1.269091
1.324548
1.317154
1.302140
1.395586
1.490968
1.559256
1.507140
1.399627
1.263405
1.122409
1.021707
1.021076
1.163145
1.177369
1.033945
0.729820
0.496767
0.544257
0.721474
0.919384
1.122971
1.257255
1.219070
1.079398
1.109034
1.155710
1.342874
1.444462
1.648054
2.013926
2.475336
3.061722
3.784847
4.461401
4.812172
4.564094
4.156899
3.626027
3.092776
2.574386
2.117955
2.162543
1.982028
1.698596
1.351314
1.022932
1.170073
1.638443
2.209448
2.846207
3.406027
3.402700
2.845174
2.214600
1.633441
1.161393
0.789575
0.502072
0.332566
0.396618
0.445779
0.487896
0.424391
0.317984
0.254210
0.251041
0.259983
0.329194
0.424562
0.474258
0.456406
0.450710
0.555445
0.615069
0.582506
0.487182
0.374722
0.298933
0.304051
0.250336
0.187870
0.134936
0.103404
0.098497
0.091020
0.116152
0.156971
0.184385
0.177671
0.133777
0.083548
0.042213
0.016731
0.005176
0.002470
0.006852
0.008692
0.019403
0.052974
0.157168
0.239099
0.406666
0.660197
0.904206
1.060351
1.127541
1.131523
1.098205
1.427251
1.755721
1.905006
1.946620
1.956409
1.942183
1.887744
1.707461
1.404508
1.165949
1.108902
1.467241
1.788817
1.858839
1.801516
1.673617
1.613029
1.926700
2.506102
3.125989
3.505716
3.196232
2.615811
1.999588
1.460051
1.038672
0.800449
0.866498
0.947569
1.082192
1.257120
1.329905
1.143587
0.833934
0.557899
0.588052
0.956997
1.265052
0.956614
0.594409
0.324030
0.143467
0.052314
0.050341
0.046083
0.081180
0.107126
0.100447
0.077657
0.042485
0.015062
0.001685
0.016433
0.051733
0.085934
0.098391
0.080730
0.049071
0.016358
0.000921
0.005759
0.012268
0.007183
0.012820
0.029242
0.041918
0.043945
0.033709
0.024758
0.016569
0.024507
0.084750
0.184681
0.296947
0.352503
0.319085
0.670179
1.081952
1.220739
1.097293
0.745024
0.458779
0.291761
0.134691
0.151940
0.160018
0.159142
0.157419
0.149497
0.120951
0.063027
0.023416
0.034917
0.034698
0.057316
0.058752
0.080112
0.214177
0.337786
0.388101
0.388805
0.341194
0.222688
0.291947
0.426830
0.570504
0.669779
0.694089
0.605997
0.519398
0.731817
0.891650
0.869565
0.692938
0.915201
1.165873
1.333485
1.688174
2.178908
2.458019
2.180787
1.692789
1.255066
0.968872
0.733499
0.553956
0.703731
0.857825
0.917746
0.907586
1.048560
1.187843
1.171955
1.301342
1.587874
1.830938
1.862168
1.860438
1.813571
1.544904
1.259345
0.985871
0.832540
1.038314
1.205936
1.561777
1.841396
2.274447
2.836665
3.316893
3.326346
2.964432
2.516947
1.984149
1.520886
1.173856
0.978704
0.774446
0.564087
0.504370
0.661073
0.712863
0.625287
0.459562
0.308523
0.210381
0.201905
0.264303
0.338632
0.396405
0.391709
0.362952
0.311380
0.375311
0.422852
0.478340
0.494698
0.470981
0.512552
0.558657
0.650855
0.734636
0.759956
0.731148
0.717499
0.772549
0.784055
0.813226
0.795017
0.755592
0.719542
0.858312
1.026085
1.201267
1.330266
1.346414
1.226732
1.046402
0.865672
0.704925
0.562192
0.513001
0.653833
0.818199
0.997704
1.192077
1.389457
1.541865
1.607219
1.536253
1.431370
1.300870
1.434034
1.919519
2.544744
3.292661
4.129708
4.864347
4.850911
4.187740
3.686558
3.363758
3.067349
3.257264
4.072809
5.427603
6.145415
6.333277
6.160943
5.541082
4.296447
3.303431
2.553554
2.284390
2.590316
2.705806
2.644753
2.469661
2.376047
2.214345
2.436636
2.664502
2.886853
3.206290
3.682261
4.192850
4.716265
5.204845
5.285562
4.983828
4.485798
3.962365
4.012862
4.359745
4.548745
4.374369
4.095613
4.110585
3.723932
2.963108
3.212020
3.454125
3.659354
3.760305
3.667579
3.463672
3.235262
2.990579
2.748888
2.497160
2.264946
2.422665
2.609797
2.673522
2.790530
2.923288
2.901773
3.149274
3.371093
3.502318
3.732671
4.004895
4.150529
4.375728
4.699841
4.781293
4.580991
4.297771
4.018151
3.890012
3.775626
3.531175
3.391407
3.463025
3.461443
3.402441
3.275148
3.491953
3.689755
3.774441
3.628941
3.348322
3.563992
3.840928
3.904234
3.759459
3.475140
3.168739
2.887079
2.646269
2.486094
2.581994
2.636846
2.518360
2.361917
2.324390
2.152311
2.134779
2.129487
2.014722
2.117078
2.301391
2.466669
2.552705
2.490095
2.344987
2.159386
1.938342
1.939331
1.854731
2.215503
3.024530
3.544763
3.757079
3.865600
3.871473
3.843586
3.717776
3.469577
2.906182
2.055414
1.975045
1.992159
2.042360
2.053501
1.843218
1.597844
1.731699
1.766261
1.915891
2.121878
2.346417
2.815868
3.304326
3.861406
4.519549
5.192568
5.757626
5.926110
5.588727
5.008889
4.398282
3.879259
3.671419
3.372719
3.047359
2.981742
2.778193
2.550952
2.618173
2.458787
2.328335
2.475510
2.524310
2.398340
2.157504
1.880883
1.585588
1.302027
1.096851
0.893412
1.035955
1.041329
0.816702
0.552132
0.414740
0.455553
0.450249
0.399195
0.321180
0.264429
0.272370
0.332727
0.538395
0.791068
1.054236
1.163021
1.196566
1.043495
0.798584
0.560679
0.361914
0.288365
0.362263
0.455863
0.565253
0.673619
0.781426
0.819450
0.779723
0.670229
0.604578
0.636570
0.630287
0.618763
0.537370
0.448538
0.463932
0.563606
0.628850
0.632462
0.568039
0.485495
0.491516
0.442204
0.374239
0.320187
0.346303
0.310676
0.244246
0.216340
0.189380
0.140086
0.113784
0.167103
0.228987
0.265316
0.257787
0.218741
0.166158
0.129257
0.150496
0.193221
0.213978
0.247824
0.286814
0.299339
0.365281
0.430872
0.448179
0.425217
0.358460
0.271711
0.204986
0.193322
0.186559
0.313440
0.489101
0.705539
0.971844
1.290376
1.667373
2.113564
2.619784
3.124497
3.486912
3.701516
4.095375
4.793171
5.615116
6.617689
7.586173
8.499379
9.170657
9.154181
8.421860
7.297900
6.190097
5.246497
6.038915
6.848752
7.260891
7.197115
6.688102
5.936400
5.205764
4.780931
4.698096
4.336653
3.940133
3.803857
3.542149
3.227700
3.274667
3.180892
2.963234
2.615015
2.256318
2.038379
1.815692
1.558370
1.473476
1.680453
1.912355
2.166708
2.452369
2.763834
3.049858
3.159211
3.047375
2.765889
2.450180
2.137052
1.847070
1.591288
1.409927
1.414176
1.387877
1.235726
1.064242
0.955410
0.915136
0.930886
0.937805
1.072885
1.186006
1.293740
1.363045
1.332324
1.396822
1.492150
1.683144
1.913663
2.164686
2.402790
2.560046
2.550139
2.370349
2.187565
2.157068
2.150644
2.107713
2.286177
2.335625
2.419439
2.467985
2.512113
2.610970
2.793957
3.041945
3.288602
3.459360
3.594912
3.579014
3.397544
3.198709
3.189956
3.473913
3.700633
3.805165
3.989461
3.978728
3.768723
3.475569
3.156507
2.874422
2.811358
2.610692
2.400616
2.255722
2.390294
2.521055
2.522973
2.382344
2.198507
2.013924
1.869443
1.995667
2.026623
1.989145
2.035700
1.914370
1.623924
1.506951
1.761202
2.076556
2.472531
2.918465
3.338326
3.712505
3.974674
3.972981
3.708388
3.338342
2.969481
2.661189
2.405391
2.550087
2.823143
2.816587
3.159313
3.769524
4.432043
5.234150
6.192450
7.307001
8.448087
9.202423
9.190630
8.416688
7.273785
6.170153
5.199384
4.862635
5.654252
6.418608
6.781162
6.630153
6.195298
5.451762
4.731150
4.340735
4.386701
4.593607
4.831365
5.182251
5.642019
6.231514
6.899063
7.577536
8.116555
8.309387
8.035112
7.448902
6.710685
5.986115
5.359387
4.933925
4.947201
4.873662
4.635893
4.333011
3.902498
3.495424
3.853184
4.182456
4.444998
4.605122
4.875557
4.910163
4.772689
4.597353
4.258848
3.848005
3.442383
3.066846
2.728374
2.419177
2.129463
1.892574
1.923435
1.994057
1.882007
1.620263
1.350865
1.113126
0.905114
0.723261
0.561661
0.422146
0.311872
0.267416
0.278147
0.371336
0.485676
0.595758
0.633666
0.615386
0.591592
0.470507
0.343287
0.380124
0.536054
0.748287
0.975590
1.137754
1.211700
1.097820
0.867844
0.697643
0.962576
1.190965
1.369368
1.189980
0.872015
0.565818
0.344642
0.211985
0.084072
0.006973
0.000000
0.000000
0.000000
0.000000
0.000000
0.000000
0.000000
0.000000
0.000000
0.000000
0.000000
0.000000
0.000000
0.000000
0.000000
0.000000
0.000000
0.000000
0.000000
0.000000
0.000000
0.041959
0.001995
0.046037
0.163368
0.368694
0.679524
1.063032
0.000000
0.000000
0.000000
0.000000
0.000000
0.000000
0.000000
0.000000
0.000000
