track	type=wiggle_0
fixedStep	chrom=chr	start=1	step=1
0.000000
0.000000
0.000000
0.000000
0.000000
0.000000
0.000000
0.000000
0.000000
0.000000
0.000130
0.027758
0.117825
0.278017
0.337317
0.275118
0.175127
0.097798
0.043148
0.097630
0.216932
0.381453
0.569738
0.818242
1.051202
1.154500
1.001949
0.750060
0.800950
0.981023
1.037628
1.084582
1.118474
1.385416
1.765412
2.219648
2.770069
3.376829
3.849180
3.845606
3.368642
2.791552
2.275866
1.850867
2.094540
2.323245
2.429816
2.273598
1.951261
1.580104
1.244451
0.956354
0.715381
0.523821
0.369527
0.253426
0.193553
0.194348
0.152130
0.190362
0.415720
0.741682
0.866325
0.894216
0.866325
0.739253
0.406059
0.167666
0.045617
0.001613
0.000000
0.000000
0.000000
0.000000
0.000000
0.000000
0.000000
0.000000
0.000000
0.005499
0.056118
0.139127
0.239639
0.343209
0.450095
0.571125
0.742640
0.855224
0.911376
0.907387
1.040926
1.200896
1.361960
1.472097
1.638669
1.738935
1.726508
1.619666
1.446023
1.264345
1.092290
0.935263
0.792651
0.665234
0.614326
0.611841
0.685228
0.725222
0.737415
0.767783
0.856789
0.990348
1.088024
1.143262
1.084676
0.980963
1.056758
1.252457
1.473583
1.684889
1.952503
2.260526
2.548888
2.742995
2.776948
2.543382
2.251028
1.917579
1.629904
2.024550
2.495436
3.046828
3.552460
3.650117
3.182921
2.566566
2.009751
1.522284
1.119434
0.792945
0.534814
0.449992
0.360129
0.394654
0.365011
0.343827
0.294005
0.410742
0.561784
0.601335
0.507006
0.371445
0.217311
0.186779
0.190645
0.173841
0.140229
0.095760
0.062363
0.043621
0.023536
0.008835
0.001601
0.003195
0.002050
0.000000
0.000000
0.000000
0.009476
0.021846
0.025737
0.026609
0.026609
0.025737
0.021051
0.007554
0.000000
0.000000
0.000000
0.000000
0.000000
0.000000
0.000000
0.000000
0.000000
0.000000
0.000000
0.000000
0.017573
0.037815
0.044705
0.086678
0.094043
0.054416
0.063913
0.079462
0.095867
0.088782
0.061808
0.042883
0.029460
0.013590
0.000000
0.000810
0.001223
0.000413
0.000417
0.000478
0.000678
0.000562
0.001730
0.001572
0.000222
0.000000
0.000000
0.001979
0.025961
0.079336
0.189976
0.348935
0.632855
1.067670
1.432438
1.894348
1.994579
1.894348
1.446390
1.143593
0.873045
0.496864
0.241889
0.179027
0.264721
0.244317
0.154012
0.066101
0.014316
0.000000
0.002767
0.057931
0.177144
0.123458
0.127699
0.123458
0.104075
0.057206
0.002894
0.000000
0.000000
0.000000
0.000000
0.000000
0.000000
0.000000
0.001478
0.011472
0.031340
0.056838
0.081258
0.096229
0.093061
0.076493
0.100711
0.100798
0.080771
0.052636
0.039828
0.067771
0.109962
0.161050
0.229326
0.312191
0.401322
0.486703
0.581371
0.634495
0.613112
0.521535
0.436616
0.412701
0.399511
0.434066
0.565438
0.717802
0.890022
1.072016
1.315623
1.684539
2.090225
2.440704
2.657603
2.608738
2.252803
1.851888
1.499335
1.182032
0.977561
0.936048
0.928169
0.900315
0.827929
0.680176
0.505079
0.357666
0.238133
0.181601
0.155009
0.162245
0.186758
0.210085
0.211889
0.194174
0.185749
0.363112
0.584008
0.793162
1.010416
1.334859
1.482737
1.252965
0.795156
0.469361
0.254862
0.319387
0.428376
0.474536
0.390131
0.274682
0.178377
0.160666
0.101166
0.059946
0.018979
0.001160
0.005988
0.046519
0.142924
0.308133
0.593414
0.786610
0.860299
0.860299
0.784727
0.581661
0.279934
0.108997
0.042957
0.010189
0.027835
0.038577
0.025699
0.005960
0.000000
0.000000
0.000000
0.000000
0.000000
0.000000
0.000000
0.000000
0.000000
0.000000
0.000000
0.000327
0.003900
0.008409
0.007949
0.002851
0.000065
0.000000
0.000000
0.000078
0.000431
0.000005
0.000000
0.000147
0.000018
0.000000
0.000000
0.013291
0.051268
0.068684
0.104723
0.131820
0.134555
0.131559
0.129693
0.125136
0.108904
0.059144
0.006347
0.024786
0.035983
0.024748
0.006324
0.000000
0.000000
0.000000
0.000000
0.000000
0.000000
0.000000
0.000193
0.043270
0.081561
0.093361
0.095984
0.095984
0.095984
0.095853
0.092800
0.079633
0.040605
0.000030
0.000274
0.000000
0.000719
0.010153
0.028568
0.045755
0.047843
0.034359
0.014310
0.002113
0.000373
0.000373
0.000246
0.000000
0.000000
0.000000
0.000000
0.000000
0.000000
0.000000
0.000000
0.000000
0.000000
0.000000
0.000000
0.000639
0.022266
0.066953
0.092646
0.081012
0.031642
0.003512
0.026013
0.050295
0.057664
0.113841
0.213670
0.354290
0.530686
0.749593
1.044741
1.413438
1.860737
2.395377
3.059985
3.651152
4.121909
4.084529
3.531975
3.291635
3.933035
4.544763
4.833873
4.709399
4.138459
3.525155
2.917017
2.387772
1.946478
1.576800
1.381924
1.499267
1.502288
1.454438
1.514132
1.528985
1.734448
1.793918
1.584063
1.424418
1.152682
0.691480
0.468280
0.569800
0.734330
0.914019
1.075216
1.150618
1.076890
0.939722
0.772121
0.630071
0.554401
0.536013
0.590445
0.636415
0.645784
0.666009
0.627221
0.508495
0.376569
0.365406
0.470865
0.575780
0.645081
0.646077
0.695959
0.827348
0.971812
1.134649
1.311702
1.473138
1.613507
1.747040
1.748870
1.622110
1.778096
2.194085
2.461651
2.614408
2.330293
1.854026
1.512960
1.346738
1.170576
1.248285
1.399540
1.498268
1.483528
1.370547
1.203809
1.274941
1.413004
1.473978
1.396876
1.243734
1.413923
1.623980
2.031209
2.397819
2.605387
2.450690
2.206112
1.840274
1.630713
1.700091
1.702824
1.809364
1.672572
1.570014
1.735625
1.857023
2.304923
3.026603
4.015088
5.386030
6.017019
6.187638
6.187637
6.042437
5.516177
5.391296
5.378911
4.965511
4.439751
3.901998
3.414444
2.974262
2.574596
2.307218
2.799175
3.359017
3.969251
4.525428
5.128626
5.540466
6.294161
7.216939
8.063674
8.434505
8.069493
7.228350
6.262630
5.357510
4.556378
3.848808
3.239611
2.743993
2.283972
1.865010
1.497021
1.181556
0.912556
0.686500
0.576880
0.538754
0.446996
0.357208
0.335900
0.382257
0.379388
0.326777
0.301037
0.315093
0.315428
0.414845
0.519532
0.598095
0.587570
0.500946
0.504610
0.584555
0.590273
0.516982
0.507206
0.457776
0.396151
0.335343
0.326844
0.388012
0.416057
0.404658
0.399051
0.395889
0.408810
0.452048
0.453544
0.390925
0.288557
0.268810
0.237186
0.248564
0.309393
0.353789
0.357484
0.394799
0.434500
0.416700
0.406310
0.406396
0.612067
0.877376
1.210826
1.607394
2.021174
2.285971
2.233872
1.873193
1.460532
1.720770
2.099334
2.040075
1.534122
1.086670
0.725722
0.449426
0.358238
0.458571
0.531468
0.645060
0.650888
0.543326
0.404256
0.323012
0.431157
0.572877
0.742841
0.915617
1.120520
1.264786
1.262344
1.114230
0.907656
0.697106
0.527056
0.398186
0.395637
0.765227
1.076883
1.164476
1.076656
0.771856
0.435793
0.474092
0.540570
0.633629
0.725649
0.851538
1.014629
1.216193
1.408839
1.562432
1.582849
1.455055
1.296493
1.120847
0.949311
0.813935
0.711752
0.623754
0.588867
0.599229
0.696547
0.689196
0.648641
0.555122
0.580018
0.746867
0.904309
1.092448
1.295254
1.515587
1.771827
2.064250
2.298247
2.305053
2.067149
1.766117
1.459642
1.184227
0.940396
0.848690
0.768774
0.748199
0.984257
1.284785
1.452296
1.374511
1.653709
2.149143
2.812733
3.426230
3.406129
2.791518
2.295744
2.105103
1.803933
1.983459
2.405214
2.344162
1.772843
1.453040
1.168995
0.840161
0.729226
0.971632
1.202882
1.432272
1.735934
2.121369
2.516595
2.832123
2.803242
2.453726
1.991717
1.571695
1.219080
0.924897
0.681972
0.487102
0.406472
0.331737
0.292542
0.253329
0.296710
0.377197
0.469134
0.571920
0.679314
0.781780
0.854461
0.915113
0.930173
0.896282
0.827036
0.925743
1.060552
1.214784
1.369482
1.471983
1.488434
1.409765
1.269405
1.117939
0.974753
0.840930
0.736646
0.774639
0.766738
0.707060
0.630771
0.557047
0.509307
0.442455
0.364898
0.292595
0.304290
0.351550
0.378747
0.355366
0.304378
0.263734
0.234785
0.230338
0.303238
0.358663
0.369148
0.326572
0.256501
0.220817
0.248532
0.299963
0.530380
0.737594
0.681779
0.621520
0.572170
0.542481
0.526176
0.519209
0.518619
0.510502
0.475915
0.534040
0.751103
1.005685
1.333970
1.745530
2.240531
2.831475
3.504042
4.126379
4.591392
4.587684
4.076195
3.357174
2.674759
2.122857
1.767228
1.861971
1.963525
1.816731
1.558364
1.248401
0.952425
1.130504
1.412172
1.718879
2.029744
2.230936
2.183418
1.930735
1.597770
1.290100
1.077616
1.348930
1.540107
1.541056
1.348399
1.384088
1.556372
1.647439
1.542341
1.341939
1.294305
1.708556
2.105278
2.412188
3.021315
3.846145
4.425181
3.869956
3.069679
2.375130
2.025054
2.118903
2.028394
1.769913
1.497410
1.248935
1.041403
0.909914
0.779900
0.690183
0.769959
0.918684
1.083334
1.216767
1.263800
1.173711
1.001708
0.817539
0.643474
0.503380
0.574345
0.664592
0.732054
0.717262
0.646769
0.554989
0.530012
0.514150
0.487431
0.415496
0.397219
0.446689
0.432465
0.368524
0.282562
0.204412
0.137476
0.151003
0.297050
0.506391
0.770267
1.084929
1.469828
1.792990
1.816096
1.542112
1.237970
1.063795
0.926807
0.902913
1.205724
1.689898
2.338967
2.757853
2.907597
2.905294
2.730272
2.222782
1.460950
0.967523
0.640148
0.399606
0.250400
0.327907
0.359496
0.529522
0.670798
0.729290
0.739599
0.653611
0.602700
0.519200
0.414586
0.307680
0.215366
0.415555
0.700730
1.085456
1.373019
1.557969
1.801482
1.916574
1.993488
1.999828
1.937638
1.696918
1.126744
0.685532
0.403796
0.227557
0.124847
0.053450
0.025449
0.035105
0.026216
0.006601
0.000000
0.000000
0.000000
0.000000
0.000000
0.000000
0.000000
0.000000
0.000000
0.000000
0.000000
0.000000
0.000000
0.000057
0.006030
0.015307
0.018402
0.009244
0.000616
0.000000
0.000000
0.000000
0.000000
0.002544
0.002335
0.011574
0.031086
0.046511
0.042745
0.022747
0.005734
0.000000
0.000000
0.000000
0.000000
0.009467
0.051141
0.131530
0.256651
0.443224
0.695503
1.021064
1.433688
1.924228
2.476586
2.934135
2.940106
2.493497
1.950691
1.452739
1.222095
1.531790
1.936523
2.357670
2.553671
2.516216
2.240243
1.814362
1.395570
1.045821
0.770343
0.554483
0.371191
0.290141
0.324284
0.524051
0.753107
0.904599
0.849671
0.531794
0.257553
0.115163
0.032788
0.000993
0.000000
0.000000
0.000000
0.000000
0.000000
0.000000
0.000000
0.000000
0.000000
0.000000
0.000000
0.000000
0.000000
0.000000
0.006818
0.068010
0.111928
0.126021
0.130442
0.131101
0.127857
0.112205
0.062700
0.002722
0.000000
0.000315
0.005559
0.016117
0.020297
0.014748
0.005222
0.004295
0.006862
0.003569
0.000110
0.000000
0.000000
0.000000
0.000000
0.000000
0.000000
0.000000
0.000000
0.000000
0.000000
0.000000
0.000000
0.003529
0.004673
0.009927
0.063927
0.167049
0.324890
0.545049
0.836241
1.208948
1.670576
2.207102
2.736532
2.705512
2.158599
1.670551
1.269320
1.450385
1.854284
2.324322
2.858153
3.416373
3.827059
3.957313
3.672925
3.154292
2.902254
3.419875
3.938957
4.291943
4.300929
4.141743
4.514679
4.609015
4.013647
3.340981
2.697086
2.157462
1.984704
1.892182
1.753119
1.456249
1.118526
0.812578
0.662511
0.571892
0.523250
0.438560
0.323942
0.218732
0.174327
0.169861
0.165761
0.155018
0.124786
0.065943
0.083974
0.129004
0.182738
0.250958
0.331757
0.428879
0.545730
0.671512
0.775522
0.820544
0.853938
0.778718
0.656587
0.534395
0.436769
0.362385
0.280956
0.216536
0.177736
0.216779
0.291550
0.385731
0.478834
0.554865
0.580775
0.614853
0.684616
0.808336
0.973409
1.159430
1.321870
1.413456
1.524754
1.688309
1.774089
1.735406
1.640898
1.504147
1.369140
1.344950
1.450492
1.558138
1.644128
1.798181
2.002780
2.227968
2.423378
2.507576
2.453827
2.283320
2.159859
2.629172
3.155726
3.605563
3.607159
3.160223
2.613087
2.208720
1.983558
1.753854
1.580415
1.380989
1.373070
1.376140
1.405234
1.370427
1.190900
1.221224
1.433608
1.656168
1.892843
2.113173
2.294672
2.581309
2.929754
3.330491
3.749444
4.185290
4.524024
4.709419
4.718394
4.802951
4.835129
4.907489
4.700222
4.332851
4.594382
4.710392
4.473162
4.066226
3.626587
3.413332
3.958636
4.585098
5.236571
5.813002
6.070968
5.786970
5.196873
4.541815
3.916765
3.350169
2.844990
2.402632
2.034338
1.869369
1.765471
1.745219
1.858847
1.819345
1.628706
1.420160
1.261892
1.642817
2.103815
2.623278
3.253304
3.913816
4.379501
4.391890
3.940326
3.276658
2.648398
2.135752
1.682441
1.295056
0.970045
0.703953
0.674139
0.803790
0.937408
1.057210
1.154888
1.230031
1.235771
1.158080
1.090655
1.134860
1.080484
0.958478
0.830758
0.717099
0.788981
0.945776
1.091583
1.214013
1.317603
1.329760
1.232110
1.091877
0.930868
0.774270
0.631103
0.620814
0.655029
0.646659
0.581937
0.554652
0.590970
0.640190
0.672240
0.702528
0.754008
0.805401
0.945912
1.046170
1.248996
1.501201
1.653850
1.744972
1.692918
1.535820
1.297415
1.373509
1.548363
1.751475
1.953281
2.102802
2.165035
2.116767
1.974671
1.805879
1.624289
1.450044
1.293052
1.149647
1.016165
0.888094
0.761940
0.614227
0.588796
0.693307
0.825397
0.979175
1.147020
1.295705
1.351427
1.309862
1.185752
1.052282
0.936576
0.855963
0.814065
0.730856
0.670378
0.606139
0.704947
0.832075
0.981561
1.100628
1.127656
1.035586
0.912075
0.874978
0.835953
0.729445
0.611052
0.529710
0.480882
0.516266
0.623728
0.733547
0.863254
1.012210
1.170625
1.321681
1.449070
1.602848
1.757603
1.792081
1.712999
1.790071
2.038264
2.166750
2.022654
1.776994
1.510290
1.489540
1.768625
2.069944
2.310354
2.358366
2.192969
1.939083
1.677735
1.438752
1.225965
1.050626
0.914701
1.247855
1.691952
2.192089
2.603913
2.824782
2.553925
2.123490
1.664332
1.454132
1.828827
2.232235
2.554193
2.601983
2.352580
2.229246
1.961209
1.619413
1.318108
1.024589
0.757248
0.542905
0.640919
0.910523
1.312950
1.854146
2.335920
2.532854
2.583081
2.540361
2.479584
2.411104
2.253274
1.971715
1.510124
1.315372
1.233171
1.188360
1.135214
1.011902
0.741861
0.416468
0.199833
0.066389
0.006299
0.000000
0.000000
0.000000
0.000000
0.000000
0.007350
0.032350
0.058727
0.051688
0.026260
0.004917
0.000000
0.000000
0.000000
0.000000
0.000000
0.000000
0.000000
0.000000
0.000000
0.000000
0.000000
0.000000
0.000000
0.000000
0.000000
0.000000
0.000020
0.020012
0.043518
0.056813
0.061585
0.062215
0.061047
0.060748
0.059751
0.053680
0.033950
0.007449
0.055619
0.102090
0.106868
0.063208
0.011768
0.000000
0.000000
0.000000
0.000000
0.000000
0.000000
0.000000
0.000000
0.000000
0.000000
0.000000
0.000000
0.000000
0.000000
0.000000
0.000000
0.000000
0.000000
0.000000
0.000000
0.000000
0.000000
0.000000
0.000000
0.000000
0.012327
0.070771
0.139725
0.173847
0.180516
0.171525
0.135863
0.070464
0.019100
0.026137
0.085689
0.126834
0.140496
0.087051
0.102793
0.135838
0.174462
0.222084
0.282941
0.376172
0.370504
0.271235
0.200906
0.145387
0.121467
0.222367
0.327880
0.556405
0.872831
1.031992
1.069872
1.033359
0.856871
0.507793
0.501062
0.455977
0.570891
0.628781
0.599327
0.552732
0.702904
0.906851
1.149350
1.403368
1.582647
1.582631
1.385292
1.117681
0.876734
0.682510
0.518397
0.394647
0.278936
0.179709
0.103037
0.077772
0.079878
0.049192
0.031496
0.033703
0.074289
0.149082
0.267974
0.410665
0.587134
0.703517
0.947798
1.264885
1.403599
1.282102
0.960106
0.657101
0.436873
0.326008
0.205401
0.178180
0.252259
0.379659
0.457680
0.673489
1.108234
1.300391
1.297530
1.094771
0.629141
0.641092
0.644873
0.612326
0.690166
0.824118
0.928126
1.030065
1.138532
1.264781
1.415631
1.576669
1.712356
1.876331
2.038293
2.120277
2.097375
1.976375
1.878938
1.802852
1.894684
1.898277
2.012338
2.133562
2.229968
2.250742
2.252438
2.417345
2.629019
2.886887
3.167753
3.449466
3.643361
3.685694
3.603124
3.577701
3.458413
3.667007
3.912748
4.112296
4.158528
4.004813
3.914769
3.722253
3.994158
4.380012
4.754045
5.130499
5.540278
5.976016
6.360950
6.556779
6.513672
6.343054
6.212962
5.827481
5.379242
4.947814
4.537344
4.149019
3.781505
3.815016
4.384553
4.822045
4.812774
4.388107
3.812785
3.460886
3.835647
4.230583
4.619028
5.040091
5.510547
5.916082
6.208933
6.706501
7.298796
7.974228
8.681569
9.384059
9.995333
10.155898
9.878375
9.382557
9.132633
8.728301
8.088383
7.450164
7.003699
7.484409
7.510617
7.044243
6.326670
6.181538
6.942835
8.002046
9.378065
10.984098
12.346971
13.390469
13.661967
13.147803
12.133156
11.140347
10.066329
9.420356
10.768755
12.227761
13.564021
13.953806
13.405875
12.360093
11.322675
10.065217
8.874887
7.814611
6.842246
5.974685
5.511602
5.752689
5.709887
5.501722
5.380342
5.636914
5.700871
5.565520
5.232662
5.089902
5.087025
5.096704
5.105572
5.387587
5.695214
5.908185
5.860447
5.563896
5.178403
4.778262
4.377525
4.011193
4.215151
4.528046
4.851315
5.128535
5.172706
5.016695
4.740320
4.984814
5.228602
5.250080
5.049253
4.894094
4.568406
4.176665
3.773492
3.521585
3.170547
2.813037
2.472081
2.169987
1.926013
1.762197
1.822568
1.908564
1.904069
1.787888
1.647350
1.598014
1.890538
2.105263
2.381815
2.451454
2.257032
2.071651
2.130151
2.281259
2.315273
2.385124
2.541297
2.748398
2.927895
3.122753
3.336748
3.416285
3.324198
3.115227
3.133645
3.281747
3.296777
3.326454
3.575856
3.598722
3.335308
3.044249
3.133959
3.122264
2.997114
2.801114
2.641886
2.503719
2.565796
2.522489
2.550543
2.508180
2.418102
2.559003
2.900412
3.148522
3.631761
4.906713
5.548632
5.781898
5.897253
5.859172
5.296852
4.046811
3.563010
3.167654
2.653480
2.216476
1.950967
1.923628
2.042094
1.950455
1.716337
1.484056
1.526948
1.674000
1.706471
1.844017
1.994413
2.172126
2.346553
2.519242
2.710645
2.833958
3.021027
3.103614
3.056456
3.021508
3.108664
3.335184
3.602046
3.873385
4.052727
4.039832
4.035254
4.082625
3.973842
3.745806
3.861210
3.863146
3.905422
4.001406
4.306860
4.607563
4.871001
5.009763
4.919103
4.650358
4.327614
4.061755
3.762170
3.602175
4.000966
4.665533
5.406216
6.224778
7.122790
8.077258
8.957479
9.452925
9.363143
8.659462
7.714809
7.606015
8.739760
10.061819
11.520955
13.101016
14.759413
16.155209
17.159500
16.597239
15.061436
13.204045
11.389347
12.654910
14.137742
15.434335
16.786137
17.531626
17.071856
15.903154
14.288223
12.708318
11.331912
10.277380
11.179790
11.750319
12.361767
12.453053
11.951221
11.029779
10.137524
9.701451
9.043660
8.647550
9.294177
9.628258
9.374787
8.734413
8.073324
8.116138
7.769804
7.222960
6.743560
6.253022
5.692214
5.125844
4.604322
4.142917
3.712968
3.307484
2.959722
2.784390
2.765599
3.067047
3.321968
3.458076
3.642663
4.010956
3.753173
3.350712
3.410199
3.504984
3.590440
3.536204
3.625539
3.938519
4.246883
4.503211
4.650165
4.540735
4.274965
3.910243
4.112576
4.401942
4.639398
4.653326
4.478409
4.198783
4.228219
4.516564
4.789540
5.032476
5.240274
5.285457
5.195234
4.941617
4.801283
4.741899
4.885564
5.215621
5.544441
5.906964
6.302390
6.719374
7.113584
7.355962
7.359482
7.032551
6.578467
6.371155
6.650651
6.821265
6.772161
6.521598
6.129531
5.748262
5.428592
5.157881
4.838862
4.621003
4.644783
4.870949
4.920527
4.751585
4.587801
4.685912
5.229209
5.438144
5.336642
4.931180
4.385323
4.048982
3.819510
3.711224
3.639559
3.548327
3.720704
4.061168
4.308688
4.505748
4.438517
4.417244
3.963651
3.446322
2.968532
2.488100
1.958648
1.707899
1.530749
1.440648
1.422319
1.565448
1.454455
1.543909
1.620470
1.917426
2.031101
1.982188
2.028446
2.150823
2.335211
2.389096
2.564096
2.556484
2.310031
2.387383
2.687029
3.012868
3.575607
4.246404
4.764045
5.056748
5.788029
6.509651
7.046625
7.073021
6.572173
5.859716
5.192056
4.701174
4.385426
4.171552
4.583144
5.197840
5.693308
5.814436
5.581317
5.210942
4.782369
4.333588
4.069239
3.947950
3.999240
4.273487
4.447032
4.255350
3.863761
3.594475
3.727289
3.987245
4.169002
4.571683
4.930237
5.074461
4.931336
4.744831
4.448637
4.124480
4.136574
3.962118
3.609134
3.599049
4.108089
4.561110
4.773971
4.517929
4.095954
3.696402
3.332657
3.443848
3.302950
3.046113
2.807432
3.061673
3.296289
3.341238
3.155070
2.897538
2.540891
2.188909
1.900118
2.086859
2.295620
2.540419
2.979715
3.418984
3.729601
3.657359
3.292089
2.840441
2.410996
2.066777
2.049535
2.215217
2.402966
2.609190
2.871496
3.154136
3.437268
3.643993
3.591240
3.125648
2.855736
2.975250
3.116692
3.016178
2.504487
2.327521
2.151552
2.135454
2.162761
2.329517
2.563312
2.746498
2.800085
3.055812
3.395883
3.723729
3.854934
3.767386
3.222282
2.668880
2.579877
2.587232
2.155451
2.089251
2.315377
2.639191
2.994407
3.371169
3.795919
4.271377
4.792128
5.367596
5.947834
6.465234
6.634198
6.764372
6.873761
6.184924
5.447377
5.415068
5.736465
6.355789
7.105610
7.915840
8.739012
9.691453
10.737668
11.626834
12.361767
12.211675
9.884169
8.610825
6.267659
4.855875
4.894233
5.060594
4.699287
3.584558
3.250678
3.534239
3.696086
3.416599
2.623228
2.688512
3.060880
3.585774
3.953412
3.135273
1.885676
2.036442
0.000000
0.000000
0.000000
0.000000
0.000000
0.000000
0.000000
0.000000
0.000000
