track	type=wiggle_0
fixedStep	chrom=chr	start=1	step=1
0.000000
0.000000
0.000000
0.000000
0.000000
0.000000
0.000000
0.000000
0.000000
0.000000
0.000186
0.028687
0.121544
0.283904
0.344089
0.281118
0.180653
0.101118
0.045748
0.103848
0.227086
0.395282
0.584959
0.835438
1.070562
1.174788
1.020507
0.767226
0.834560
1.019262
1.077605
1.125682
1.158409
1.426422
1.809830
2.269663
2.829685
3.441985
3.915443
3.911840
3.433638
2.851499
2.326658
1.896064
2.154034
2.386459
2.495487
2.335831
2.007787
1.630604
1.289106
0.995962
0.750050
0.554271
0.395870
0.274501
0.214277
0.215650
0.171342
0.196297
0.426662
0.757742
0.884057
0.912311
0.884057
0.755286
0.416873
0.173227
0.048800
0.002350
0.000000
0.000000
0.000000
0.000000
0.000000
0.000000
0.000000
0.000000
0.000000
0.009376
0.067124
0.161693
0.273084
0.383180
0.497933
0.626583
0.805401
0.924631
0.984595
0.974962
1.109730
1.271973
1.438597
1.552647
1.718896
1.825808
1.811534
1.699527
1.521822
1.338284
1.167591
1.008184
0.859295
0.725265
0.664335
0.659309
0.736569
0.778693
0.791405
0.821162
0.913948
1.051143
1.151440
1.208194
1.147946
1.041151
1.118640
1.318981
1.544608
1.760394
2.034014
2.348912
2.644244
2.839689
2.874779
2.636390
2.333023
1.993122
1.700557
2.069206
2.544188
3.099916
3.607208
3.705908
3.237671
2.616084
2.054115
1.560722
1.151811
0.818895
0.556221
0.462874
0.397700
0.434729
0.402582
0.379824
0.327189
0.424237
0.577052
0.616961
0.521639
0.384338
0.227682
0.216605
0.220833
0.202941
0.165984
0.117281
0.080041
0.058570
0.034855
0.016207
0.005496
0.008180
0.006213
0.001009
0.000000
0.000000
0.010021
0.022709
0.026677
0.027571
0.027571
0.026677
0.021886
0.008017
0.000000
0.000000
0.000000
0.000000
0.000000
0.000000
0.000000
0.000000
0.000000
0.000000
0.000000
0.000000
0.018317
0.038989
0.045995
0.091814
0.099471
0.055975
0.065751
0.081844
0.098776
0.091570
0.063900
0.044380
0.030637
0.014443
0.000671
0.003506
0.004308
0.003293
0.003136
0.002700
0.003225
0.003136
0.005740
0.005349
0.002123
0.000108
0.000000
0.002831
0.029011
0.084935
0.198418
0.359582
0.645195
1.084152
1.446945
1.913195
2.013495
1.913195
1.464613
1.161230
0.889285
0.508355
0.248393
0.188663
0.276847
0.256153
0.163407
0.071574
0.017157
0.000048
0.003127
0.060248
0.183249
0.127372
0.131739
0.127372
0.107421
0.059469
0.003259
0.000000
0.000000
0.000000
0.000000
0.000000
0.000201
0.000193
0.005338
0.019862
0.044194
0.073659
0.101373
0.117746
0.114217
0.094449
0.121256
0.121381
0.099270
0.068098
0.052960
0.084363
0.130790
0.185998
0.258922
0.346521
0.439834
0.529276
0.627860
0.683017
0.660707
0.565627
0.476658
0.452146
0.438335
0.470755
0.607330
0.766245
0.945450
1.133720
1.360808
1.735623
2.146979
2.499903
2.719337
2.669505
2.311280
1.905492
1.547802
1.225578
1.022626
0.979312
0.970651
0.942950
0.867517
0.714251
0.533877
0.381894
0.257433
0.201272
0.174595
0.182476
0.207606
0.236766
0.238757
0.216529
0.196172
0.372923
0.596433
0.807603
1.024845
1.348046
1.496131
1.265200
0.806713
0.480464
0.263986
0.340626
0.452653
0.500331
0.413220
0.294098
0.190085
0.171698
0.109604
0.066280
0.022986
0.002359
0.007900
0.051640
0.148879
0.317322
0.607005
0.803455
0.878667
0.878667
0.801551
0.595051
0.288477
0.113896
0.046764
0.014472
0.034573
0.046374
0.032091
0.009111
0.000000
0.000000
0.000000
0.000000
0.000000
0.000000
0.000000
0.000000
0.000000
0.000000
0.000015
0.003032
0.010789
0.017781
0.017031
0.008845
0.002011
0.000000
0.000000
0.002280
0.003592
0.001730
0.000704
0.002628
0.001872
0.000178
0.000000
0.015279
0.054178
0.072021
0.108174
0.135944
0.138742
0.135699
0.133804
0.129145
0.112528
0.061530
0.010176
0.032111
0.044721
0.032059
0.010147
0.000031
0.000000
0.000000
0.000000
0.000000
0.000000
0.000000
0.000384
0.046151
0.085827
0.098023
0.100738
0.100738
0.100738
0.100603
0.097431
0.083818
0.043327
0.000691
0.001793
0.000174
0.003405
0.017607
0.039962
0.059971
0.062358
0.046796
0.023003
0.006056
0.000545
0.000545
0.000388
0.000010
0.000000
0.000000
0.000000
0.000000
0.000000
0.000000
0.000000
0.000000
0.000000
0.000000
0.000000
0.001282
0.025696
0.072632
0.099454
0.087373
0.035477
0.005591
0.031070
0.057948
0.065948
0.124911
0.226795
0.371639
0.555050
0.779622
1.080051
1.454926
1.907845
2.445758
3.095847
3.711671
4.186821
4.148866
3.595335
3.364232
4.012671
4.630018
4.921785
4.795945
4.218798
3.599270
2.984909
2.449211
2.002454
1.629416
1.432487
1.552435
1.555461
1.481742
1.538317
1.553356
1.779728
1.839455
1.627353
1.447316
1.172367
0.718114
0.489207
0.610343
0.778751
0.965594
1.131516
1.210186
1.134960
0.993921
0.818740
0.658542
0.580887
0.567326
0.623628
0.672564
0.683442
0.707157
0.667497
0.544150
0.406453
0.403043
0.513051
0.622283
0.694381
0.695374
0.751613
0.891739
1.048249
1.218382
1.396385
1.554577
1.709168
1.838665
1.841269
1.715938
1.814944
2.233744
2.497710
2.651411
2.364121
1.888452
1.590386
1.421268
1.251554
1.324532
1.481505
1.579746
1.567706
1.454025
1.281151
1.351016
1.492657
1.555423
1.475969
1.319136
1.477600
1.691766
2.076444
2.447921
2.651335
2.501693
2.255156
1.888072
1.675256
1.745675
1.753529
1.862053
1.722973
1.643504
1.812029
1.935720
2.348641
3.077514
4.076073
5.459940
6.097149
6.269364
6.269364
6.122674
5.590775
5.508692
5.496624
5.081583
4.552024
4.013012
3.516936
3.063097
2.651303
2.376595
2.871676
3.439893
4.055933
4.617401
5.227509
5.637320
6.393737
7.321305
8.176177
8.547675
8.181852
7.332382
6.361217
5.451557
4.647168
3.934050
3.318249
2.813904
2.349784
1.926368
1.550849
1.228297
0.954927
0.722861
0.628225
0.587202
0.491650
0.399400
0.376282
0.424606
0.421372
0.365817
0.332380
0.347036
0.349816
0.455443
0.565662
0.646463
0.635302
0.545991
0.543897
0.627230
0.633449
0.558633
0.562885
0.509135
0.444584
0.380230
0.371933
0.436241
0.466219
0.455243
0.449479
0.446461
0.462940
0.510753
0.516443
0.444749
0.330675
0.305806
0.271713
0.291874
0.356989
0.404146
0.408938
0.448635
0.490361
0.471893
0.461810
0.434764
0.637663
0.909256
1.247694
1.651527
2.071044
2.337134
2.285153
1.917124
1.501875
1.745542
2.127205
2.068303
1.556731
1.107723
0.744504
0.464116
0.401162
0.486894
0.561430
0.677979
0.683827
0.573716
0.431069
0.349483
0.460224
0.606885
0.780699
0.956985
1.166173
1.314345
1.312343
1.162360
0.949233
0.735249
0.560662
0.426550
0.405958
0.778687
1.092636
1.180747
1.094529
0.786465
0.473213
0.514067
0.583348
0.680740
0.776501
0.906399
1.072250
1.280105
1.478854
1.636679
1.657623
1.527294
1.364336
1.183766
1.007041
0.871136
0.764561
0.674114
0.639692
0.636534
0.735767
0.729368
0.688005
0.591725
0.618708
0.789708
0.950303
1.143912
1.351144
1.576317
1.837267
2.139096
2.376009
2.382829
2.142517
1.833390
1.520740
1.240732
0.990177
0.885307
0.804184
0.785591
1.013856
1.316874
1.485012
1.406628
1.685503
2.185690
2.850186
3.464697
3.446100
2.830660
2.329927
2.138509
1.833815
2.010295
2.433171
2.372838
1.801500
1.483380
1.193860
0.861949
0.761399
1.008638
1.245080
1.477115
1.784579
2.175643
2.575837
2.896973
2.868016
2.515049
2.046671
1.620915
1.262316
0.962237
0.714309
0.546774
0.461428
0.380336
0.342039
0.297551
0.342926
0.428934
0.526915
0.635571
0.748354
0.855724
0.931371
0.994541
1.010553
0.976492
0.902715
1.006461
1.145875
1.305965
1.466314
1.575524
1.592349
1.511535
1.366340
1.209430
1.059666
0.918995
0.817034
0.857298
0.847062
0.784079
0.701284
0.624105
0.566525
0.495454
0.413131
0.335188
0.351856
0.401809
0.431050
0.406832
0.352271
0.308621
0.276022
0.269399
0.342100
0.400869
0.411865
0.367255
0.293640
0.266019
0.289472
0.329493
0.543135
0.751914
0.696845
0.633778
0.583691
0.552990
0.536641
0.529663
0.528474
0.522817
0.486884
0.561512
0.782063
1.039283
1.371415
1.790194
2.293656
2.892105
3.568693
4.191010
4.662544
4.658277
4.144441
3.421407
2.732378
2.175783
1.815835
1.915528
2.017936
1.867338
1.606005
1.291954
0.991007
1.180203
1.468102
1.780022
2.097512
2.297818
2.252424
1.997053
1.658797
1.347411
1.120185
1.396818
1.591374
1.592240
1.395715
1.452558
1.627967
1.722015
1.615040
1.408985
1.328099
1.746597
2.144031
2.452794
3.067590
3.897301
4.476704
3.917859
3.109451
2.414269
2.103759
2.196373
2.105366
1.839383
1.563360
1.309224
1.098732
0.964289
0.829263
0.737182
0.820879
0.975145
1.144721
1.280855
1.330110
1.238514
1.061879
0.872147
0.691282
0.537864
0.431274
0.419902
0.424224
0.443238
0.421966
0.465739
0.504381
0.487922
0.412134
0.335213
0.362737
0.406277
0.392055
0.333374
0.254772
0.181864
0.118748
0.162121
0.311136
0.524383
0.793134
1.108637
1.496617
1.827434
1.851721
1.574532
1.268440
1.089062
0.948890
0.922470
1.228890
1.717741
2.370741
2.793081
2.943784
2.941571
2.765162
2.253353
1.484448
0.989108
0.660568
0.425900
0.342538
0.394554
0.371732
0.537625
0.678832
0.701628
0.574751
0.468535
0.424832
0.356548
0.274924
0.187712
0.211136
0.406628
0.682222
1.051943
1.255617
1.227807
0.930801
0.534812
0.281028
0.124142
0.038170
0.002793
0.000000
0.000000
0.000000
0.000000
0.000000
0.000000
0.000000
0.000000
0.000000
0.000000
0.000000
0.000000
0.000000
0.000000
0.000000
0.000000
0.000000
0.000000
0.000000
0.000000
0.000000
0.000000
0.000000
0.000000
0.000000
0.000000
0.000000
0.000000
0.000000
0.000000
0.000000
0.000000
0.000000
0.000000
0.000000
0.000000
0.000000
0.000000
0.000000
0.000000
0.000000
0.000000
0.000000
0.000000
0.000000
0.012113
0.057310
0.141692
0.272059
0.461953
0.720060
1.050953
1.466941
1.965169
2.518584
2.977384
2.985730
2.536913
1.987379
1.484435
1.261472
1.577991
1.989232
2.414253
2.614403
2.577738
2.297899
1.866200
1.440781
1.085094
0.803404
0.582450
0.394774
0.314760
0.333600
0.536537
0.768377
0.920492
0.864228
0.541585
0.266295
0.121458
0.036261
0.001600
0.000000
0.000000
0.000000
0.000000
0.000000
0.000000
0.000000
0.000000
0.000000
0.000000
0.000000
0.000000
0.000000
0.000000
0.007639
0.070865
0.115967
0.130093
0.133678
0.134473
0.131187
0.115306
0.065186
0.003279
0.000077
0.002451
0.011362
0.025318
0.030555
0.023724
0.011100
0.009627
0.013352
0.008419
0.001851
0.000000
0.000000
0.000000
0.000000
0.000000
0.000000
0.000000
0.000000
0.000000
0.000000
0.000000
0.000000
0.005827
0.007444
0.012944
0.071615
0.182041
0.347873
0.576804
0.875471
1.255095
1.724661
2.267303
2.804809
2.772201
2.217115
1.722460
1.315073
1.534521
1.951466
2.431578
2.979117
3.548089
3.966642
4.098105
3.812952
3.280806
3.044895
3.573956
4.101147
4.462564
4.472106
4.258402
4.630331
4.709048
4.117202
3.431384
2.780396
2.242862
2.068494
1.973414
1.829538
1.525559
1.176656
0.862771
0.735821
0.639442
0.590634
0.499454
0.377547
0.263674
0.183103
0.178481
0.174267
0.163208
0.132074
0.075045
0.119812
0.171100
0.233058
0.309546
0.400259
0.505623
0.630254
0.764842
0.874753
0.921857
0.956619
0.877379
0.747119
0.615866
0.510244
0.430390
0.340939
0.270129
0.229741
0.273604
0.361345
0.465433
0.567646
0.649894
0.678105
0.713581
0.787536
0.918895
1.093179
1.289045
1.461476
1.557089
1.693012
1.866382
1.958092
1.915710
1.817002
1.670370
1.529807
1.510436
1.619882
1.732831
1.822358
1.985569
2.198550
2.433472
2.631724
2.723442
2.668927
2.489419
2.265610
2.728689
3.266946
3.725372
3.727174
3.267730
2.702714
2.209398
1.950970
1.788880
1.620311
1.433731
1.438388
1.444310
1.466809
1.421158
1.233668
1.322864
1.552268
1.787822
2.035333
2.263218
2.450297
2.746888
3.104202
3.516109
3.949067
4.394314
4.738771
4.929564
4.943668
5.027833
5.060587
5.135370
4.925147
4.536407
4.800789
4.918139
4.680416
4.263151
3.811490
3.579256
4.138803
4.778064
5.442088
6.028968
6.290134
5.998879
5.398896
4.730355
4.092083
3.510754
2.995822
2.539873
2.159487
2.033961
1.925197
1.897635
2.015121
1.974788
1.776394
1.557331
1.375696
1.723137
2.194430
2.726616
3.373875
4.043949
4.510504
4.522493
4.066439
3.391826
2.750125
2.231372
1.769414
1.368884
1.032706
0.759931
0.793380
0.932872
1.073968
1.201086
1.303970
1.384217
1.391766
1.310110
1.236536
1.282215
1.225613
1.095683
0.956894
0.833214
0.904275
1.071642
1.224435
1.354152
1.463629
1.474728
1.370862
1.225255
1.055687
0.886221
0.731263
0.742328
0.779424
0.769685
0.698558
0.665680
0.705478
0.746235
0.779894
0.828215
0.884876
0.935510
1.081328
1.189107
1.419724
1.687228
1.855334
1.947901
1.881716
1.688070
1.412299
1.477567
1.654222
1.861393
2.070687
2.225755
2.286725
2.232018
2.078656
1.903096
1.729164
1.552359
1.390314
1.241038
1.096160
0.960434
0.831699
0.677910
0.639354
0.748541
0.890517
1.052712
1.228993
1.382686
1.442764
1.399830
1.272478
1.134228
1.013189
0.930275
0.886485
0.799377
0.736434
0.667970
0.764398
0.897690
1.051352
1.173981
1.199557
1.104059
0.978375
0.937569
0.896484
0.787320
0.662921
0.577634
0.529016
0.567508
0.674797
0.790331
0.924534
1.076752
1.238966
1.393201
1.524258
1.683816
1.841642
1.876297
1.795382
1.855634
2.108012
2.237595
2.084538
1.825050
1.551093
1.537982
1.831618
2.142984
2.384373
2.430420
2.260516
2.004145
1.738481
1.491465
1.272215
1.090999
0.953947
1.262907
1.708734
2.208467
2.633731
2.861677
2.593117
2.157721
1.693421
1.501778
1.881999
2.290647
2.616248
2.665021
2.410575
2.284633
2.012027
1.666559
1.359511
1.061344
0.790303
0.570980
0.657464
0.928946
1.330892
1.874517
2.363369
2.563059
2.619240
2.586639
2.530674
2.464880
2.301452
2.017090
1.547792
1.350676
1.266918
1.218868
1.163268
1.036136
0.758303
0.423230
0.203418
0.069999
0.007768
0.000000
0.000000
0.000000
0.000000
0.000083
0.007687
0.013903
0.004380
0.000000
0.000000
0.000000
0.000000
0.000000
0.000000
0.000000
0.000000
0.000000
0.000000
0.000000
0.000000
0.000000
0.000000
0.000000
0.000000
0.000000
0.000000
0.000000
0.000099
0.022128
0.047028
0.060635
0.065137
0.066287
0.065674
0.065598
0.064527
0.058144
0.037238
0.009807
0.062007
0.109888
0.114735
0.069204
0.014645
0.000000
0.000000
0.000000
0.000000
0.000000
0.000000
0.000000
0.000000
0.000000
0.000000
0.000000
0.000000
0.000000
0.000000
0.000000
0.000000
0.000000
0.000000
0.000000
0.000000
0.000000
0.000000
0.000000
0.000000
0.000000
0.013528
0.073254
0.143017
0.178910
0.185240
0.176673
0.141447
0.073979
0.020763
0.028754
0.090851
0.133234
0.147313
0.092441
0.106282
0.140444
0.180585
0.229433
0.290512
0.384967
0.379689
0.276935
0.204979
0.149130
0.126135
0.229170
0.336655
0.568590
0.889240
1.049172
1.086377
1.051986
0.873410
0.519993
0.513408
0.482083
0.599996
0.659048
0.628495
0.579247
0.731781
0.941660
1.189185
1.448191
1.629808
1.630063
1.430292
1.159262
0.913230
0.714328
0.546518
0.418931
0.299031
0.195111
0.113674
0.084446
0.086329
0.053524
0.033840
0.034376
0.074610
0.148571
0.267487
0.410116
0.586041
0.703046
0.950394
1.271318
1.411925
1.290610
0.963724
0.659635
0.437862
0.327229
0.205651
0.175891
0.251721
0.379233
0.456981
0.674615
1.109612
1.301987
1.300072
1.097730
0.632679
0.637156
0.642403
0.611694
0.531793
0.683692
0.853492
0.917738
0.832153
0.644546
0.643838
0.749591
0.852712
0.998217
1.116330
1.131595
1.083372
0.998067
0.950813
1.025579
1.171585
1.270455
1.294931
1.187231
1.170949
1.167576
1.176658
1.293692
1.445216
1.627458
1.859239
2.145796
2.405872
2.595418
2.567625
2.360853
2.119648
2.161878
2.345629
2.493338
2.505102
2.376395
2.312132
2.168213
2.424501
2.659428
2.936726
3.225865
3.541595
3.871821
4.169834
4.292340
4.243670
4.128207
4.022068
3.725237
3.382340
3.052426
2.909768
3.304491
3.661700
3.827761
4.401672
4.839483
4.827686
4.401593
3.824043
3.231588
2.691271
2.358474
2.569609
2.934146
3.325712
3.657380
3.984501
4.247550
4.462265
4.931379
5.466114
5.985952
6.438003
6.517045
6.272743
5.896672
5.705447
5.420599
4.944066
4.448796
3.973325
4.109282
4.101303
3.790451
3.424408
3.705754
3.761514
4.103888
5.044706
6.160944
7.163291
7.908766
8.086106
7.673061
6.981703
6.308119
5.563937
4.844253
5.472230
6.384702
7.177134
7.328902
6.901889
6.589880
5.939451
5.192697
4.608407
4.072410
3.595572
3.195787
3.029764
3.203951
3.175052
3.035275
2.841666
3.021426
3.069955
2.974902
2.719658
2.787657
2.862054
2.819782
2.757747
2.591567
2.547318
2.608729
2.491707
2.256640
2.223629
2.364153
2.343187
2.186750
2.010789
2.140915
2.211604
2.303422
2.317193
2.203849
1.987959
1.818278
2.014508
2.130700
2.142549
2.057927
1.884829
1.793563
1.797789
1.671059
1.482823
1.266358
1.059405
0.882599
0.807372
0.883022
1.009797
0.939328
0.891500
0.723734
0.563244
0.380471
0.503874
0.635045
0.777292
0.903984
1.012078
1.137558
1.231353
1.338765
1.416626
1.476947
1.626980
1.789161
1.924119
2.024169
2.029472
1.951943
1.882777
1.811098
1.822851
1.956668
1.871020
2.225826
2.411554
2.417323
2.250994
1.915262
1.701383
1.506613
1.270965
1.076061
1.053855
1.108342
1.177624
1.192379
1.135813
1.078227
0.977588
0.992636
1.064774
1.113021
1.217821
1.410801
1.579836
1.771379
2.115880
2.523751
2.657524
2.746351
2.716174
2.764001
2.700477
2.594338
2.513011
2.582035
2.389453
2.420669
2.554871
2.609042
2.597047
2.504371
2.283591
2.020386
1.612677
1.621804
1.582759
1.724208
1.892888
2.086136
2.274404
2.468640
2.680998
2.873406
3.054395
3.156692
3.130518
3.163840
3.104527
2.944584
2.777960
2.584586
2.609949
2.840008
2.971096
2.945071
2.816801
2.788299
2.902102
2.881563
2.849573
2.838227
2.860790
2.704543
2.476645
2.441447
2.883873
3.413011
4.010502
4.678936
5.426186
6.245942
7.144393
8.103846
8.983483
9.478786
9.387191
8.683648
7.732393
7.629649
8.758899
10.081328
11.552423
13.151716
14.815482
16.202124
17.222307
16.655600
15.118629
13.259085
11.435199
12.696467
14.180796
15.476983
16.839878
17.591890
17.127768
15.957132
14.334455
12.745774
11.368055
10.301311
11.195168
11.768010
12.363829
12.442760
11.947530
11.025089
10.115056
9.676117
9.014993
8.614883
9.261137
9.598220
9.335298
8.705629
8.038289
8.084120
7.742154
7.204687
6.711080
6.223989
5.660396
5.097609
4.579581
4.124078
3.693084
3.287416
2.938820
2.762488
2.752354
3.048160
3.306404
3.444606
3.365740
3.225215
3.332930
3.314146
3.392849
3.473068
3.581746
3.534367
3.624077
3.935946
4.245749
4.502542
4.648473
4.536346
4.272326
3.907849
4.108356
4.483480
5.164341
5.800244
6.273743
6.723333
7.142066
7.546723
7.913799
8.248629
8.598735
8.908628
9.057959
9.001653
8.696833
8.300297
8.137139
8.558282
9.024352
9.514054
10.035336
10.581043
11.148370
11.660814
11.979218
11.967308
11.528062
10.964759
10.788027
11.007147
10.944581
10.582032
10.070843
9.575367
9.121999
8.659534
8.202692
7.757896
7.359368
7.358798
7.407225
7.228025
6.856462
6.727971
7.547947
7.847123
7.610188
6.848129
6.033499
5.705672
5.568329
5.659238
5.940441
6.416925
6.940311
7.300968
7.450813
7.260684
6.593997
5.830370
4.957347
4.189591
3.503318
2.901060
2.291245
1.894743
1.830419
1.919995
2.043530
2.154156
2.297348
2.451655
2.416849
2.194708
2.048138
1.999999
2.028054
2.150418
2.334714
2.388259
2.562692
2.692803
2.778177
2.871589
3.199065
3.552582
3.967779
4.506243
5.137409
5.844515
6.646486
7.432543
7.990180
8.005235
7.454080
6.678619
5.958591
5.424230
5.078515
4.832516
4.662624
5.266348
5.766357
5.857473
5.612490
5.221675
4.785728
4.335565
4.070207
3.950026
3.999782
4.273570
4.446749
4.255205
3.863218
3.923146
3.912424
4.304239
4.695314
5.119531
5.505130
5.651710
5.480723
5.306792
5.027122
4.698362
4.267516
3.978401
3.729286
3.677665
4.120942
4.593773
4.847809
4.677030
4.225902
3.740628
3.347722
3.460862
3.331899
3.070872
2.825789
3.068477
3.316410
3.362789
3.183636
2.917003
2.577183
2.269832
1.989113
1.865403
2.163141
2.551646
2.987813
3.430310
3.743089
3.669583
3.297762
2.844895
2.414675
2.030260
1.681068
1.507955
1.641518
1.808358
2.023627
2.266881
2.504768
2.665742
2.528395
1.845789
1.364707
1.352450
1.413036
1.558829
1.400876
1.340260
1.133453
1.049256
0.957907
1.016517
1.175695
1.381775
1.608629
1.827953
2.093920
2.387986
2.657705
2.773802
2.358648
1.899958
1.809698
1.684448
1.758568
1.989979
2.297778
2.645494
3.004861
3.387039
3.812710
4.280949
4.801168
5.382746
5.966850
6.485066
6.652023
6.781976
6.886723
6.192998
5.454165
5.426508
5.750180
6.372194
7.124043
7.942276
8.763171
9.716666
10.752950
11.635339
12.363829
12.205394
9.920428
8.825276
6.998960
6.043765
5.338913
5.168395
4.705823
3.577586
3.244652
3.524445
3.685071
3.408337
2.619839
2.685043
3.055781
3.582107
3.950294
3.132286
1.883871
2.035849
0.000000
0.000000
0.000000
0.000000
0.000000
0.000000
0.000000
0.000000
0.000000
