track	type=wiggle_0
fixedStep	chrom=chr	start=1	step=1
0.000000
0.000000
0.000000
0.000000
0.000000
0.000000
0.000000
0.000000
0.000000
0.325262
0.692356
0.953387
1.104018
1.165610
1.138297
0.942252
0.538914
0.282970
0.125104
0.043145
0.026801
0.004995
0.000000
0.000000
0.000000
0.000000
0.000000
0.000000
0.008642
0.036558
0.063883
0.069862
0.057080
0.025088
0.004095
0.000009
0.016857
0.063443
0.112568
0.139888
0.097167
0.044795
0.011578
0.000870
0.006252
0.025950
0.058112
0.075396
0.062223
0.030849
0.023090
0.047181
0.067035
0.074249
0.126458
0.211996
0.322141
0.438709
0.489071
0.607941
0.813215
1.081079
1.389138
1.689117
1.883739
1.784525
1.535404
1.272019
1.009664
0.762189
0.551929
0.381715
0.267200
0.218196
0.151414
0.185055
0.178086
0.142784
0.117464
0.097523
0.087794
0.200022
0.371018
0.523979
0.624761
0.687589
0.704971
0.874231
0.920373
0.927178
0.920373
1.130172
1.327405
1.748555
2.367892
2.706692
2.813365
2.727402
2.595694
2.513455
2.673048
2.861637
3.030017
3.155253
3.236918
3.447962
3.711544
3.937803
4.092865
4.385513
4.708477
4.989857
5.150931
5.133597
5.003468
4.709147
4.355726
4.007098
3.675066
3.372105
3.108016
2.869693
2.934553
3.348602
3.789090
4.175471
4.344294
4.481877
4.320342
3.944943
3.543990
3.173382
2.821217
2.742708
2.628755
2.630388
2.834638
3.041834
3.229132
3.376515
3.599151
3.822418
3.956832
4.074934
4.054355
3.868450
3.719430
3.574015
3.354865
3.110127
2.873562
2.657560
2.482729
2.590288
2.716645
2.747967
2.647814
2.487621
2.379599
2.240961
2.144415
2.314885
2.376686
2.354405
2.175611
1.978940
2.012336
2.179029
2.316640
2.305645
2.152125
1.943460
1.735831
1.537197
1.360892
1.195895
1.099443
1.032987
1.157988
1.248346
1.273792
1.200495
1.095097
1.205002
1.283822
1.313723
1.257686
1.142544
1.275877
1.390943
1.439313
1.378709
1.368833
1.439634
1.413586
1.356907
1.501384
1.675337
1.856846
2.053443
2.201491
2.248483
2.139465
1.993446
1.839657
1.981976
2.126066
2.179123
2.074169
2.131023
2.095543
1.998483
1.822297
1.805168
1.849499
1.824384
1.735215
1.605086
1.500370
1.604519
1.794920
1.986946
2.097562
2.094491
1.977735
1.789573
1.593999
1.564837
1.733524
1.909335
2.007850
1.972056
1.849332
1.670489
1.494882
1.339444
1.210663
1.113792
1.270010
1.367043
1.377197
1.290334
1.084013
1.139888
1.267763
1.415665
1.573241
1.741032
1.917586
2.088813
2.192967
2.170405
2.053052
1.892630
1.990156
2.010490
2.128052
2.254085
2.353740
2.335227
2.217385
2.116080
2.013240
1.918275
1.962217
1.906470
1.715052
1.512239
1.350486
1.260891
1.280860
1.516345
1.661422
1.865188
2.019865
2.181311
2.215237
2.124698
1.944507
1.808541
1.643076
1.464208
1.565593
1.801054
2.001156
2.043437
1.965509
1.845746
1.852764
2.049609
2.270186
2.507569
2.508297
2.480241
2.624000
2.697916
2.870727
2.991918
2.971895
2.803133
2.567937
2.319331
2.083436
1.864109
2.018497
2.269476
2.468534
2.480854
2.297114
2.073788
1.854114
1.669672
1.494543
1.516277
1.514119
1.483495
1.637155
1.831784
1.986994
2.055670
2.207358
2.241246
2.334213
2.487334
2.502560
2.384957
2.323314
2.494249
2.529896
2.411620
2.327262
2.627934
2.996299
3.347477
3.560819
3.540179
3.284514
3.179120
3.350190
3.294121
2.996830
2.756739
3.107625
3.467982
3.968099
4.501974
4.834448
4.816002
4.470269
3.932723
3.429017
3.082839
2.832608
2.697981
2.480598
2.645726
2.846942
2.831078
2.572252
2.206310
1.848967
1.553571
1.529268
1.370265
1.157499
0.951100
0.766840
0.604504
0.464530
0.346835
0.248622
0.167779
0.103707
0.060190
0.036781
0.017078
0.005302
0.000619
0.000041
0.000000
0.000000
0.000000
0.000000
0.001365
0.018959
0.035960
0.016235
0.000000
0.000000
0.001649
0.005776
0.011625
0.033128
0.099117
0.222215
0.373694
0.430746
0.325089
0.179527
0.066431
0.008826
0.000000
0.000000
0.000000
0.000000
0.000000
0.000000
0.000000
0.000000
0.000000
0.000000
0.000000
0.000000
0.000000
0.000000
0.000000
0.000000
0.000000
0.000000
0.000000
0.000000
0.000000
0.000000
0.000000
0.000000
0.000000
0.000000
0.000000
0.000000
0.000000
0.000000
0.000000
0.000000
0.000000
0.000000
0.000000
0.000000
0.000000
0.000000
0.000000
0.000000
0.002717
0.041753
0.118731
0.193587
0.191797
0.113370
0.038514
0.003834
0.000000
0.000000
0.006960
0.045790
0.121886
0.239747
0.404400
0.624323
0.915133
1.298690
1.748169
2.281257
2.765523
3.111215
3.021347
2.602480
2.104794
1.707422
1.328735
1.011093
0.831296
0.671182
0.580009
0.660370
0.592343
0.392187
0.196091
0.123262
0.060349
0.022373
0.004394
0.001384
0.013916
0.072680
0.188667
0.234359
0.184503
0.068428
0.010688
0.000000
0.000000
0.000244
0.001152
0.001126
0.000000
0.000000
0.000000
0.000000
0.000000
0.000000
0.000000
0.000000
0.000000
0.000000
0.000000
0.000000
0.000000
0.000000
0.000110
0.020594
0.039171
0.022597
0.001456
0.000000
0.000000
0.000000
0.000000
0.000000
0.000027
0.005505
0.021015
0.046884
0.083135
0.130881
0.188941
0.252844
0.304229
0.320188
0.280539
0.218872
0.158754
0.106175
0.063980
0.032866
0.012086
0.001569
0.002534
0.009298
0.028657
0.056412
0.078451
0.108847
0.123915
0.106605
0.157201
0.295749
0.431794
0.505081
0.476440
0.588345
0.746788
0.814450
0.756166
0.599523
0.439559
0.304694
0.312271
0.437308
0.582767
0.722071
0.802911
0.867226
0.868941
0.841539
0.828258
0.718152
0.583418
0.443413
0.321580
0.231947
0.155358
0.237262
0.358657
0.517962
0.792616
1.066110
0.850492
0.554895
0.322946
0.422478
0.541836
0.573985
0.491438
0.371959
0.479893
0.684621
0.958005
1.328809
1.793340
2.357209
2.948642
3.423422
3.439564
3.196432
2.883856
2.438401
1.991635
1.524778
1.117595
0.785603
0.524267
0.327114
0.436620
0.566917
0.712520
0.847345
0.903595
0.839777
0.709112
0.569987
0.449941
0.360662
0.269589
0.189635
0.124706
0.076609
0.066830
0.110265
0.162391
0.232271
0.311376
0.383901
0.413948
0.381719
0.307890
0.228303
0.158196
0.106365
0.069874
0.044927
0.030039
0.015132
0.009425
0.013208
0.008740
0.001212
0.000581
0.001796
0.003425
0.010742
0.014075
0.010235
0.004429
0.000169
0.001059
0.025659
0.059156
0.089055
0.102728
0.108773
0.113924
0.121931
0.236427
0.431674
0.697256
1.037779
1.450339
1.873520
1.855543
1.388867
0.972494
0.639992
0.388879
0.210143
0.091274
0.025628
0.002030
0.003407
0.004010
0.013329
0.025537
0.036075
0.033976
0.021419
0.008609
0.001560
0.000000
0.000000
0.000000
0.000000
0.001492
0.010713
0.034340
0.069839
0.093575
0.079248
0.043025
0.029458
0.061844
0.105567
0.161120
0.230336
0.319362
0.426385
0.548305
0.682991
0.822806
0.953666
1.070193
1.088026
0.994967
0.860663
0.721290
0.591201
0.471101
0.363674
0.272556
0.206471
0.167002
0.177521
0.240737
0.284432
0.283193
0.384890
0.524306
0.677796
0.767392
0.728166
0.671711
0.873526
1.076273
1.314170
1.476227
1.456431
1.279148
1.088004
0.865975
0.786440
0.816667
0.742426
0.718506
0.945580
1.231454
1.392694
1.324905
1.586791
2.053674
2.676079
3.249114
3.229391
2.650756
2.180568
2.002342
1.716947
1.881168
2.275642
2.216501
1.653758
1.258641
0.884928
0.583542
0.366267
0.239951
0.196233
0.126967
0.056192
0.012069
0.000000
0.000000
0.006558
0.033804
0.074631
0.096767
0.090582
0.095629
0.113314
0.095454
0.055965
0.019064
0.001984
0.000000
0.000000
0.000000
0.000000
0.006657
0.037810
0.094767
0.140457
0.143295
0.238592
0.412508
0.658354
0.970181
1.359986
1.827018
1.829956
1.359295
0.965305
0.646787
0.401207
0.219408
0.097591
0.027054
0.000921
0.004653
0.016218
0.039946
0.074937
0.108432
0.132110
0.131236
0.114244
0.087370
0.054754
0.039437
0.054826
0.073311
0.083212
0.071714
0.049387
0.028565
0.022676
0.012759
0.006398
0.014222
0.022955
0.022072
0.026021
0.035938
0.061925
0.097214
0.134859
0.158995
0.195394
0.207019
0.187649
0.150938
0.106131
0.067526
0.034660
0.013106
0.023307
0.041818
0.062996
0.093622
0.134517
0.176599
0.297750
0.450941
0.527897
0.531493
0.628366
0.801475
1.018501
1.277261
1.598549
1.979250
2.415662
2.892150
3.342946
3.963658
4.761303
5.462152
5.830531
5.528237
4.902505
4.143628
3.499579
2.949027
2.423515
1.937877
1.524975
1.509619
1.734547
1.973492
2.234096
2.528269
2.860442
3.232073
3.619412
3.976025
4.124036
4.052321
3.784393
3.427762
3.053767
2.704566
2.372209
2.088176
1.877584
1.647715
1.502527
1.694226
1.939528
2.175417
2.303147
2.291704
2.122074
1.917012
1.701995
1.483933
1.266560
1.349451
1.474570
1.614022
1.635654
1.547445
1.405474
1.258143
1.111397
0.981375
1.071136
1.308398
1.219762
0.919891
0.655631
0.716662
0.850736
1.017356
1.177157
1.461668
1.831583
2.195027
2.472807
2.446425
2.099537
1.672558
1.333127
1.505841
1.777302
1.901522
1.815588
1.566978
1.256034
0.966279
0.717725
0.510980
0.347298
0.270570
0.366528
0.591171
0.906231
1.309304
1.832413
2.180826
2.311471
2.311749
2.168886
1.767201
1.178818
0.781646
0.747701
0.861599
0.976856
1.064559
1.090600
1.029371
1.103937
1.238393
1.323715
1.331521
1.259567
1.144766
1.008322
0.817224
0.616432
0.478603
0.393398
0.377889
0.405749
0.400680
0.332182
0.252996
0.182036
0.125693
0.085000
0.054256
0.031330
0.023861
0.019627
0.009187
0.002684
0.000000
0.000000
0.000000
0.000000
0.000000
0.000000
0.000000
0.000000
0.000000
0.000000
0.000000
0.000000
0.000000
0.000000
0.000000
0.000000
0.000000
0.000000
0.000000
0.000000
0.000000
0.000000
0.000000
0.000000
0.000000
0.000000
0.000000
0.000000
0.000000
0.000000
0.000000
0.000000
0.000000
0.000000
0.000000
0.000000
0.000000
0.000000
0.000000
0.000000
0.000000
0.000000
0.021136
0.077057
0.138816
0.163277
0.195659
0.217732
0.252739
0.321019
0.513672
0.805775
1.003958
1.096992
1.121400
1.113369
1.063480
0.897001
0.545833
0.450454
0.651496
0.857130
1.066617
1.266308
1.244952
0.991482
0.727631
0.494571
0.304761
0.165535
0.072253
0.018890
0.000149
0.000000
0.000000
0.000000
0.000000
0.000000
0.000000
0.000000
0.000000
0.000000
0.000000
0.000000
0.000000
0.000000
0.000000
0.000000
0.000000
0.000000
0.000000
0.000000
0.000000
0.000000
0.000000
0.000000
0.000000
0.000000
0.000000
0.000000
0.000000
0.000000
0.000000
0.000000
0.000000
0.000000
0.000000
0.000000
0.000000
0.000000
0.000000
0.000000
0.000000
0.000000
0.000000
0.000000
0.000000
0.000000
0.000000
0.000000
0.000000
0.000000
0.000000
0.000000
0.000000
0.000000
0.000000
0.000000
0.000000
0.004283
0.050389
0.151828
0.315385
0.549828
0.882198
1.390967
1.999804
2.254751
2.246782
2.017412
1.537212
1.386165
1.109858
1.088039
0.760214
0.809818
1.096568
1.440477
1.796619
2.047402
2.065589
1.848686
1.494737
1.159543
1.108596
1.335086
1.567071
1.898490
2.164537
2.110421
1.717984
1.284037
0.901225
0.592005
0.364015
0.209195
0.097050
0.049898
0.078653
0.094917
0.078636
0.075895
0.083692
0.066370
0.034484
0.009522
0.003878
0.011814
0.009763
0.001604
0.000000
0.000953
0.009736
0.028664
0.058471
0.195556
0.368622
0.432515
0.389036
0.379597
0.444480
0.466923
0.446491
0.415406
0.356088
0.308950
0.334846
0.310928
0.320535
0.359290
0.354759
0.334497
0.274784
0.203219
0.153652
0.205064
0.247809
0.236368
0.185713
0.131143
0.205916
0.320248
0.459741
0.614680
0.762027
0.859643
0.876821
0.868997
0.865363
0.794725
0.990147
1.269433
1.589206
1.872891
2.003449
1.927558
1.759673
1.565429
1.334790
1.261294
1.505296
1.844776
2.269867
2.730201
3.077005
3.077341
2.746440
2.289528
1.847744
1.469706
1.146568
1.026310
1.039567
1.299793
1.446462
1.308947
1.283295
1.407135
1.617170
1.803486
1.827717
1.713688
1.522946
1.632567
1.770867
1.838807
1.812607
1.729774
1.539134
1.379257
1.401595
1.504865
1.560423
1.768101
1.929950
1.983215
1.919273
2.126481
2.298220
2.329633
2.210043
2.266641
2.216121
2.147446
2.088010
2.110683
2.172019
2.357307
2.543280
2.629553
2.950592
3.145236
3.125367
2.894251
2.762651
2.672150
2.507452
2.303976
2.261975
2.570622
3.017343
3.188100
3.476866
3.678199
3.638268
3.495109
3.577344
3.647227
3.569108
3.418755
3.386307
3.854726
4.508178
5.415989
6.512360
7.759616
9.086791
9.076276
7.719064
6.463033
5.362372
4.404802
3.567144
3.712608
4.306328
4.998006
5.767256
6.612355
7.490480
8.246727
8.753237
8.564477
8.068204
7.588255
6.809898
6.040789
5.292036
4.612198
4.034542
3.496973
4.154042
4.892010
5.319994
4.886450
4.161245
3.409793
3.036032
2.566788
2.104726
1.694768
1.659486
1.794718
1.946830
2.074723
2.078471
1.967382
1.775626
1.568455
1.644707
1.695114
1.878949
2.077613
2.222548
2.259518
2.212929
2.209344
2.280383
2.276578
2.188551
2.371296
2.560388
2.640410
2.618511
2.689208
2.772527
2.711015
2.727206
2.854285
2.879734
2.780826
2.597913
2.551605
2.623210
2.651885
2.686146
2.924416
3.237456
3.546082
3.841609
4.012060
3.970588
3.801682
3.543297
3.285435
3.237099
3.404294
3.628248
3.867984
4.149236
4.468760
4.763665
4.836437
4.695095
4.433128
4.165756
3.912262
3.735833
3.742586
3.381831
3.248909
3.048915
2.949115
3.111384
3.085223
2.864098
2.582180
2.295040
2.031195
1.798776
1.658854
1.602351
1.585395
1.916740
2.252682
2.564835
2.848240
3.067447
3.211568
3.264232
3.171413
3.593446
3.950894
4.177946
4.064057
3.678105
3.264317
3.142565
3.003113
3.366152
3.855851
4.735536
5.668790
6.378345
6.554696
5.980485
5.103649
4.365987
4.393300
4.350833
3.912385
3.559289
4.081069
4.390800
4.207755
3.725707
3.197947
2.740906
2.268980
2.287358
2.643493
2.996401
3.115714
3.047113
2.968086
2.717858
2.445534
2.138801
2.108822
2.123119
2.111979
2.206363
2.160451
1.951240
1.663509
1.382255
1.713923
2.029677
2.096034
2.026453
1.908759
1.816189
2.114847
2.677782
3.291433
3.647810
3.353667
2.784689
2.175416
1.638680
1.230794
0.990818
1.085828
1.176916
1.307264
1.478794
1.558184
1.374030
1.040459
0.732658
0.659081
1.022036
1.321948
1.030147
0.673277
0.515310
0.518619
0.468456
0.392941
0.322898
0.394442
0.481292
0.570460
0.662374
0.735285
0.785664
0.877238
0.933649
0.903952
0.920637
0.972800
1.038023
1.035669
0.972409
0.866680
0.770476
0.818781
0.875713
0.839086
0.741296
0.637183
0.722921
0.817457
0.893156
0.893419
0.804739
0.685389
0.580509
0.496375
0.525254
0.575666
0.788726
1.189283
1.324655
1.208658
0.880622
0.655278
0.500396
0.524384
0.619191
0.658759
0.665503
0.664774
0.650459
0.588176
0.432067
0.207640
0.303301
0.393983
0.392621
0.307321
0.231998
0.312893
0.420815
0.508805
0.611633
0.737378
0.787989
0.669529
0.471926
0.353402
0.539793
0.819315
1.196148
1.679380
2.293335
3.174871
4.132569
4.525827
4.623042
4.641421
4.641863
4.615423
4.500923
4.105906
3.146942
2.353163
2.016357
1.864829
1.619561
1.258078
0.912709
0.623608
0.421192
0.462713
0.504041
0.503617
0.470711
0.496940
0.624260
0.809816
1.038754
1.307640
1.603453
1.873685
2.038773
1.954918
1.702468
1.487086
1.523334
1.362619
1.153918
0.975352
1.089991
1.353564
1.524094
1.547053
1.922738
2.420709
2.983876
3.642812
4.256380
4.575154
4.256798
3.612517
2.923167
2.349679
1.912022
1.542680
1.168192
0.840344
0.578141
0.463787
0.558219
0.679644
0.744047
0.663588
0.506821
0.385392
0.444310
0.543955
0.661241
0.795000
0.942307
1.091639
1.247293
1.409994
1.582342
1.738623
1.811762
1.746679
1.596833
1.408685
1.224921
1.048323
0.940002
1.089344
1.192361
1.210682
1.225517
1.188578
1.054001
0.874951
0.701268
0.645086
0.742289
0.818830
0.869657
0.835068
0.836211
0.818910
0.580164
0.431079
0.401818
0.460154
0.542018
0.666932
0.924910
1.292370
1.785374
2.377837
3.062372
3.704908
3.704747
3.074965
2.458537
1.975072
1.710739
2.075902
2.235412
2.120399
2.193519
2.274688
2.194783
2.052447
2.410576
2.508102
2.367910
1.963043
1.563999
1.500099
1.636935
1.778575
1.928172
2.046103
2.078343
2.152179
2.153328
2.348712
2.730128
3.138613
3.505939
3.571321
3.312881
2.965144
3.038233
3.055763
2.942683
2.952612
2.910058
3.085755
3.278831
3.486298
3.694464
3.789749
3.735545
3.529966
3.286004
3.055146
2.825533
2.588900
2.410926
2.239700
2.077624
2.087512
2.135716
2.129973
2.368536
2.451667
2.462322
2.607987
2.853206
3.136040
3.425375
3.646722
3.751613
3.630237
4.011379
4.807166
5.814949
6.458538
6.593346
6.321981
5.939436
5.817508
5.630073
5.864068
6.117102
6.268410
6.250613
5.964330
5.607720
5.438643
5.678968
5.727056
5.543232
5.311870
5.007626
4.678218
4.339781
4.141618
3.997348
4.498796
5.031134
5.489594
5.814353
5.951819
5.652377
5.878193
6.425348
6.977568
7.353170
7.330769
6.956954
6.535064
6.450166
6.171861
6.090279
6.941501
7.800320
8.436896
9.337362
10.474591
11.759521
13.207466
14.818525
16.591503
18.485643
20.226810
20.874243
20.177036
18.400520
16.490036
14.784812
13.441794
12.520164
11.365170
10.274109
9.824232
9.445091
8.830088
8.406040
8.127521
8.305607
8.166859
7.587840
6.844093
6.146110
5.827523
5.896801
5.629008
5.088028
4.510011
3.992377
3.645536
3.584808
3.654235
3.635048
3.488944
3.169064
2.983058
3.073854
3.114527
2.884244
2.556396
2.211931
1.898259
2.058040
2.219321
2.347369
2.394687
2.289593
2.119073
1.951379
1.789681
1.620192
1.569938
1.636787
1.687208
1.894411
2.105212
2.318461
2.531000
2.716154
2.800623
2.796881
2.916426
3.017967
2.950903
2.707264
2.430335
2.503430
2.742693
2.976625
3.236710
3.517172
3.640060
3.560680
3.276014
2.942300
2.722408
2.841749
2.950888
2.891216
2.730868
2.501506
2.252005
2.058375
2.021634
1.920382
1.843217
1.770585
1.874055
1.931059
1.862868
1.784556
1.782229
1.855722
2.119651
2.284341
2.269114
2.074982
1.925298
2.040576
2.131464
2.118950
1.985001
1.794114
1.582137
1.413622
1.349591
1.442948
1.562259
1.537909
1.507112
1.376276
1.072960
0.838690
0.748889
0.685340
0.753181
0.706524
0.630541
0.647488
0.657395
0.794800
0.992818
1.175416
1.254246
1.156961
1.003796
0.870620
0.680947
0.863560
1.131826
1.457199
1.839572
2.286562
2.788213
3.308254
3.685498
3.831791
4.307185
5.007087
5.844471
6.742390
7.698879
8.703967
9.486411
9.511408
8.700365
7.512371
6.348371
5.353917
4.490435
3.716705
3.055305
2.538062
2.289600
2.332448
2.312021
2.477270
2.899745
3.359274
3.715769
3.820364
3.535341
3.132440
2.681388
2.283031
1.976121
2.237426
2.352416
2.217766
1.955112
1.669313
1.453167
1.553087
1.742717
1.796786
1.729504
1.595547
1.727142
1.776300
1.641492
1.607588
1.726170
1.670388
1.525588
1.406826
1.424729
1.543034
1.562043
1.499083
1.516894
1.678999
1.854872
2.014184
2.098720
2.024008
2.050541
2.003774
2.030895
2.109220
2.256251
2.433094
2.615067
2.753976
2.819808
2.745344
2.861250
3.137712
3.421615
3.708452
3.950612
4.065028
4.188623
4.382305
4.405640
4.217811
3.897438
3.588887
3.668628
3.797659
3.865287
3.883205
3.983566
4.173488
4.262490
4.449585
4.428155
4.822047
5.192928
5.563106
5.893306
6.115788
6.383303
6.611021
6.629575
6.643181
7.167606
7.565370
7.843719
7.950321
8.009398
8.344462
8.584987
8.641143
8.420475
8.024691
7.648005
7.416104
7.659091
7.650681
7.349389
6.757464
6.089267
5.376064
5.004929
4.630609
4.112058
4.064092
4.510332
4.945818
5.339468
5.486624
5.398787
5.020897
4.557868
4.107987
3.975576
4.105011
4.132472
4.259079
4.362909
4.256888
3.969612
4.042784
4.210089
4.415893
4.603684
4.809292
4.976007
4.892795
5.352752
5.864626
6.376323
6.796735
6.956890
6.893852
7.326993
7.599578
7.585241
7.265509
6.779107
6.692794
7.114409
7.263719
7.249394
7.568794
7.730048
8.175506
8.832403
9.589964
10.455809
11.414399
12.231178
12.648705
12.191722
11.365808
10.454349
9.581887
8.856317
8.381124
8.363755
8.077264
7.974733
8.484475
9.025196
9.332090
9.359634
9.079580
8.597900
8.084727
7.536818
7.002050
6.490870
5.994061
5.507961
5.045569
4.621184
4.225790
3.958059
3.672309
3.398131
3.131445
3.057844
2.910413
3.017862
3.050679
2.986301
2.933682
3.111760
3.146789
3.413627
3.698140
3.822771
3.793588
3.651065
3.935847
4.074752
3.976234
3.737049
3.444560
3.128961
2.824298
2.549537
2.257694
1.908768
1.373253
1.522894
1.587996
1.451961
1.186648
0.917472
1.133795
1.295874
1.480770
1.297182
0.982844
0.666569
0.612233
0.548375
0.451157
0.338275
0.237753
0.155790
0.130308
0.206662
0.300217
0.403569
0.487011
0.509281
0.434976
0.332321
0.229113
0.143040
0.077750
0.041854
0.026956
0.007271
0.004755
0.000000
0.000000
0.000000
0.000000
0.000000
0.000000
0.000000
0.000000
0.000000
0.003465
0.015797
0.021298
0.040514
0.075330
0.102505
0.108380
0.208855
0.303505
0.393056
0.402887
0.642912
0.951945
1.339358
1.820464
2.403725
3.073486
3.798478
4.421958
4.512002
4.066738
3.760866
3.619398
3.209877
2.629538
2.467657
1.998875
1.489972
1.052441
0.702163
0.433623
0.239190
0.108768
0.034136
0.005725
0.000000
0.000000
0.000000
0.000000
0.000000
0.000000
0.000000
0.000938
0.035938
0.103813
0.101576
0.252825
0.704971
0.000000
0.000000
0.000000
0.000000
0.000000
0.000000
0.000000
0.000000
