track	type=wiggle_0
fixedStep	chrom=chr	start=1	step=1
0.000000
0.000000
0.000000
0.000000
0.000000
0.000000
0.000000
0.000000
0.000000
0.006120
0.021489
0.075971
0.242826
0.489543
0.571421
0.460086
0.199843
0.074380
0.040808
0.128747
0.258836
0.422243
0.614815
0.862656
1.099201
1.204952
1.047825
0.790130
1.002265
1.197587
1.285041
1.259771
1.206439
1.471771
1.858736
2.327645
2.895666
3.515108
3.993426
3.989877
3.506670
2.917731
2.385360
1.946647
2.219157
2.457646
2.569058
2.405164
2.067970
1.684670
1.335469
1.036161
0.784976
0.584618
0.422084
0.297048
0.233365
0.234744
0.188358
0.203236
0.437233
0.773919
0.902634
0.931432
0.902634
0.771362
0.427114
0.179283
0.051769
0.003036
0.000000
0.000000
0.000000
0.000000
0.000000
0.000000
0.000000
0.000000
0.000000
0.033758
0.130502
0.284592
0.442980
0.610913
0.758178
0.903650
0.976169
1.106928
1.171445
1.278791
1.439015
1.627275
1.813559
1.940623
2.131648
2.245161
2.231703
2.109960
1.910943
1.700783
1.499261
1.311098
1.138288
0.981595
0.930257
0.939795
1.031280
1.080661
1.094985
1.130979
1.235872
1.396227
1.513822
1.579770
1.510124
1.383335
1.481834
1.716314
2.077499
2.481635
2.592067
2.907310
3.233091
3.479324
3.518152
3.250960
2.918770
2.527809
2.179954
2.238460
2.667569
3.178275
3.676749
3.776787
3.303471
2.676350
2.107505
1.606733
1.189150
0.848705
0.582503
0.517452
0.609456
0.656765
0.616066
0.590831
0.524827
0.443633
0.599461
0.640039
0.542723
0.402679
0.240673
0.124038
0.101267
0.099074
0.088040
0.062263
0.036839
0.017083
0.007006
0.000908
0.000935
0.001076
0.000000
0.000000
0.000000
0.000000
0.011272
0.024817
0.029025
0.029972
0.029972
0.029025
0.023950
0.009133
0.000000
0.000000
0.000000
0.000000
0.000000
0.000000
0.000000
0.000000
0.000000
0.000000
0.003586
0.015285
0.033614
0.053024
0.062565
0.097647
0.105662
0.061402
0.087024
0.101246
0.102063
0.094928
0.068688
0.047183
0.033001
0.015943
0.016270
0.029787
0.033005
0.034032
0.028997
0.017370
0.007323
0.003679
0.004410
0.002931
0.000245
0.000000
0.000000
0.000000
0.000000
0.000000
0.000000
0.000000
0.005073
0.088871
0.161423
0.192681
0.212925
0.217400
0.218621
0.215211
0.199214
0.145724
0.040093
0.000546
0.000000
0.000000
0.000000
0.000000
0.000000
0.000000
0.003625
0.062522
0.185292
0.130564
0.134946
0.130564
0.110512
0.061736
0.003871
0.000000
0.000000
0.000000
0.000000
0.000000
0.000000
0.000000
0.000000
0.000000
0.000000
0.000218
0.006109
0.013258
0.011497
0.004551
0.000156
0.000000
0.001056
0.005557
0.003477
0.000072
0.000158
0.000004
0.000789
0.009685
0.026437
0.050770
0.079464
0.123450
0.170639
0.191217
0.172438
0.170093
0.233207
0.324448
0.416099
0.585881
0.809218
1.081421
1.407002
1.787414
2.204157
2.560979
2.784535
2.734523
2.371631
1.959450
1.596501
1.267952
1.063753
1.021583
1.012438
0.984096
0.906871
0.755891
0.581013
0.489408
0.377728
0.398747
0.353825
0.281385
0.257139
0.268512
0.264565
0.246932
0.209189
0.375120
0.600690
0.821397
1.044873
1.380606
1.534108
1.312758
0.881104
0.566811
0.358038
0.215307
0.306399
0.352413
0.291074
0.195176
0.203087
0.194557
0.133027
0.077761
0.030704
0.064665
0.099019
0.096542
0.180749
0.335535
0.622351
0.820209
0.895508
0.895074
0.816673
0.606529
0.295877
0.315106
0.239254
0.131418
0.047062
0.015265
0.006930
0.003659
0.000221
0.000000
0.000000
0.000000
0.000000
0.000000
0.000000
0.000000
0.000000
0.000000
0.000000
0.000000
0.000000
0.000000
0.000000
0.000000
0.000000
0.000000
0.000000
0.000000
0.000000
0.000000
0.000000
0.000000
0.002796
0.006561
0.003276
0.016985
0.057702
0.076200
0.111147
0.139333
0.142117
0.138967
0.137007
0.131925
0.112319
0.053542
0.078405
0.129245
0.153536
0.129151
0.078338
0.033718
0.007259
0.000000
0.000000
0.000000
0.000000
0.000000
0.001108
0.050529
0.094117
0.113175
0.126465
0.139848
0.139848
0.126314
0.112539
0.091987
0.046763
0.000255
0.000000
0.000000
0.000000
0.000000
0.000000
0.000000
0.000000
0.000030
0.000614
0.000811
0.000811
0.000811
0.000614
0.000065
0.000000
0.000000
0.000000
0.000000
0.000000
0.000000
0.000000
0.000000
0.000000
0.000000
0.000000
0.000000
0.000000
0.000000
0.000000
0.000000
0.000000
0.000000
0.000000
0.000000
0.000000
0.000000
0.000000
0.000000
0.000000
0.009208
0.052500
0.139953
0.280532
0.480049
0.736954
1.033501
1.303628
1.327633
1.106551
1.140005
1.487251
1.838057
2.052246
2.030107
1.766799
1.411429
1.090263
0.850038
0.616152
0.472279
0.635880
0.922241
1.291621
1.501787
1.563116
1.578383
1.822354
1.881857
1.668183
1.470914
1.192089
0.748744
0.514031
0.329148
0.242756
0.279227
0.279174
0.335200
0.395055
0.439539
0.588145
0.685840
0.606029
0.472227
0.496354
0.476413
0.515624
0.608081
0.632136
0.560786
0.432568
0.309149
0.205163
0.163835
0.228562
0.304483
0.341940
0.320584
0.412127
0.515508
0.629907
0.744640
0.856283
0.964361
0.986881
1.100517
1.517584
1.989309
2.408374
2.632600
2.379105
1.915753
1.666258
1.491524
1.307133
1.402396
1.560934
1.660452
1.648880
1.531754
1.358591
1.421583
1.566461
1.630955
1.549449
1.388519
1.539511
1.757399
2.124835
2.502483
2.708403
2.556791
2.305300
1.936724
1.722758
1.791061
1.803088
1.915245
1.774241
1.699479
1.859841
1.965825
2.387924
3.127747
4.142413
5.545247
6.192166
6.367021
6.367021
6.218164
5.678469
5.627825
5.615627
5.195415
4.656960
4.109389
3.608321
3.152004
2.738513
2.438376
2.941945
3.518828
4.139805
4.707074
5.325319
5.747196
6.516971
7.459903
8.327050
8.698748
8.332773
7.471389
6.484378
5.558988
4.738038
4.016133
3.395335
2.885135
2.412652
1.983581
1.603232
1.274274
0.996000
0.759599
0.562438
0.405068
0.288212
0.240073
0.325804
0.392029
0.394352
0.410010
0.494226
0.494431
0.408650
0.310199
0.381709
0.420540
0.380997
0.306618
0.242339
0.314785
0.381255
0.433898
0.435653
0.385653
0.324727
0.260921
0.198118
0.157071
0.189886
0.190216
0.175786
0.218968
0.289967
0.352128
0.341856
0.255616
0.209939
0.190774
0.151375
0.135640
0.182661
0.219320
0.230870
0.255488
0.272906
0.263736
0.293732
0.293146
0.278124
0.237600
0.196758
0.237164
0.308646
0.362413
0.505003
0.798304
1.175257
1.633294
2.104165
2.090078
1.581620
1.126393
0.757723
0.474313
0.271913
0.258700
0.215563
0.169251
0.200914
0.206134
0.194863
0.172876
0.214415
0.285570
0.281992
0.264065
0.285519
0.260900
0.269275
0.291572
0.230478
0.168957
0.118440
0.209120
0.416558
0.793793
1.112842
1.202281
1.115058
0.802423
0.443402
0.352188
0.458854
0.586403
0.735928
0.907938
1.110180
1.326779
1.529490
1.690163
1.711503
1.580050
1.413956
1.229915
1.049295
0.886931
0.738576
0.613786
0.597632
0.663580
0.765299
0.757543
0.715245
0.617594
0.647921
0.823708
0.988424
1.185079
1.394497
1.622828
1.888893
2.196404
2.436949
2.444179
2.200762
1.887796
1.570109
1.283790
1.028193
0.913488
0.832024
0.815145
1.040063
1.345614
1.509456
1.425150
1.701720
2.198998
2.868435
3.487044
3.466845
2.846926
2.347475
2.157257
1.849840
2.028670
2.453794
2.390883
1.815940
1.493832
1.204234
0.868645
0.770403
1.016432
1.253848
1.486248
1.797783
2.187954
2.588208
2.913935
2.887019
2.531820
2.064930
1.633164
1.271019
0.971436
0.722088
0.518569
0.354124
0.225732
0.137319
0.068655
0.024482
0.024215
0.050228
0.086617
0.129315
0.173966
0.206283
0.237557
0.245012
0.227829
0.194371
0.234321
0.301981
0.384896
0.468830
0.528273
0.538471
0.494994
0.417577
0.336821
0.263827
0.199064
0.194783
0.211425
0.206693
0.177592
0.139813
0.106068
0.070585
0.035858
0.016925
0.006338
0.010710
0.021060
0.029940
0.027234
0.016513
0.010428
0.004445
0.002131
0.001872
0.003751
0.007269
0.004407
0.003671
0.003635
0.007109
0.016173
0.025818
0.030594
0.068822
0.124135
0.141861
0.146215
0.146618
0.146595
0.148497
0.203996
0.336676
0.506089
0.721480
0.996148
1.338748
1.750663
2.241436
2.821402
3.483504
4.146275
4.650567
4.648376
4.131411
3.405936
2.717041
2.159407
1.802870
1.894854
1.997920
1.849828
1.590585
1.274208
0.972233
1.150215
1.422811
1.723306
2.031096
2.231034
2.183374
1.930124
1.596973
1.289387
1.083200
1.351519
1.541345
1.542400
1.349557
1.382859
1.554856
1.645812
1.540992
1.339991
1.301109
1.716566
2.113160
2.421166
3.035914
3.866599
4.444835
3.873516
3.056329
2.365671
2.024118
2.118367
2.026643
1.765434
1.493558
1.246256
1.040043
0.908096
0.776888
0.688233
0.764194
0.913463
1.078661
1.209895
1.255871
1.161623
0.992644
0.811255
0.636791
0.489106
0.387208
0.376021
0.379384
0.396514
0.376171
0.415481
0.453322
0.438311
0.367540
0.293382
0.316344
0.357086
0.343728
0.288945
0.216190
0.149550
0.093003
0.150506
0.296938
0.507724
0.774702
1.088494
1.474277
1.802508
1.825968
1.549223
1.242417
1.066958
0.927780
0.905067
1.210765
1.700343
2.350440
2.773137
2.920249
2.913021
2.736902
2.230345
1.465586
0.972678
0.643815
0.411044
0.321445
0.372219
0.352191
0.511986
0.657094
0.682443
0.557497
0.383467
0.234657
0.124861
0.071228
0.093375
0.205559
0.401817
0.677900
1.047470
1.250522
1.222838
0.926530
0.530876
0.277564
0.120360
0.035937
0.002106
0.000000
0.000000
0.000000
0.000000
0.000000
0.000000
0.000000
0.000000
0.000000
0.000000
0.000000
0.000000
0.000000
0.000000
0.000000
0.000000
0.000000
0.000000
0.000000
0.000000
0.000000
0.000000
0.000000
0.000000
0.000000
0.000000
0.000000
0.000000
0.000000
0.000000
0.000000
0.000000
0.000000
0.000000
0.000000
0.000000
0.000000
0.000000
0.000000
0.000000
0.000000
0.000000
0.000000
0.000000
0.000000
0.009761
0.052278
0.134142
0.261867
0.449035
0.703855
1.030677
1.442586
1.938039
2.492225
2.949191
2.956170
2.507711
1.959751
1.460035
1.241512
1.556895
1.962308
2.370480
2.553238
2.471703
2.119776
1.715403
1.326111
0.992571
0.737081
0.541690
0.364841
0.362876
0.293120
0.195086
0.153528
0.140719
0.097218
0.109139
0.119983
0.082345
0.025732
0.000107
0.000000
0.000000
0.000000
0.000000
0.000000
0.000000
0.000000
0.000000
0.000000
0.000000
0.000000
0.000000
0.000000
0.000000
0.007858
0.076715
0.122102
0.131725
0.132219
0.131227
0.127325
0.111592
0.062234
0.005101
0.008647
0.004857
0.011344
0.024317
0.029865
0.023807
0.011065
0.004998
0.006805
0.003187
0.000058
0.000000
0.000000
0.000000
0.000000
0.000000
0.000000
0.000000
0.000000
0.000000
0.000000
0.000000
0.000000
0.003038
0.004108
0.009667
0.063171
0.168320
0.329323
0.552204
0.847347
1.224662
1.691219
2.233199
2.766205
2.735002
2.183055
1.689057
1.286235
1.473866
1.880823
2.354264
2.891263
3.452830
3.866837
4.000876
3.714136
3.191807
2.943394
3.464245
3.983699
4.339439
4.348707
4.181921
4.556593
4.650236
4.053397
3.376570
2.729016
2.186699
2.012949
1.919603
1.779209
1.479878
1.137978
0.826939
0.676157
0.579474
0.529796
0.443274
0.327384
0.220798
0.175675
0.171931
0.167512
0.157152
0.125925
0.066416
0.030505
0.058649
0.096557
0.146164
0.207366
0.307440
0.369916
0.464365
0.545287
0.580631
0.609608
0.547351
0.446448
0.347108
0.271583
0.220740
0.197552
0.226431
0.287345
0.384679
0.496778
0.618042
0.733485
0.828860
0.867708
0.908619
1.010756
1.179058
1.386999
1.614568
1.820166
1.945918
1.878751
1.750258
1.825336
1.779199
1.675867
1.535908
1.502346
1.658224
1.759901
1.845877
1.968739
2.131384
2.332418
2.555263
2.763624
2.878413
2.872410
2.742227
2.522446
2.274871
2.435163
2.880206
2.973010
2.688807
2.409793
2.325992
2.061354
1.489488
1.375518
1.471398
1.513641
1.749675
1.964323
2.054113
1.911151
2.099931
2.326805
2.254289
1.945716
2.178831
2.379320
2.696336
3.072242
3.493768
3.945008
4.410845
4.809429
5.012228
4.994914
5.018878
5.195381
5.327766
5.173853
5.287018
5.529427
5.663156
5.388154
4.943328
4.444381
4.294482
4.918337
5.633396
6.377779
7.035007
7.320973
7.007201
6.334992
5.584761
4.854886
4.199175
3.617441
3.105748
2.675408
2.447667
2.257478
2.229715
2.371163
2.344224
2.147164
1.966982
1.859915
1.951337
2.217446
2.716431
3.361632
4.038934
4.510116
4.520859
4.060210
3.381611
2.740948
2.217009
1.750126
1.375912
1.218559
1.269479
1.397549
1.560442
1.751143
1.928286
2.081108
2.188677
2.259066
2.194837
2.309505
2.382997
2.306354
2.120363
1.919461
1.734655
1.914500
2.155090
2.381277
2.577867
2.729184
2.747785
2.604862
2.389385
2.135326
1.881678
1.643892
1.426899
1.291796
1.320782
1.314508
1.425820
1.491676
1.520758
1.422859
1.464294
1.560314
1.632793
1.807033
2.079103
2.407891
2.775421
3.041112
3.161485
3.074199
2.783193
2.423622
2.564882
2.801731
3.078633
3.354802
3.563509
3.654124
3.586415
3.402381
3.186935
2.953452
2.707996
2.472028
2.252841
2.050222
1.862965
1.676395
1.599016
1.419626
1.376366
1.567405
1.784757
2.031384
2.259000
2.350269
2.293974
2.106277
1.894465
1.698630
1.530521
1.393184
1.261598
1.194260
1.337449
1.500614
1.692107
1.909642
2.077085
2.108446
1.963462
1.767821
1.728843
1.673414
1.512790
1.348921
1.216872
1.095140
1.167301
1.340451
1.487181
1.650714
1.854029
2.081021
2.325951
2.584490
2.870553
3.122726
3.197063
3.092823
2.811003
2.496527
2.228245
2.071484
1.811371
1.537726
1.523166
1.815847
2.117860
2.349159
2.391959
2.222142
1.965278
1.702972
1.464392
1.249771
1.068872
0.926848
1.273996
1.732593
2.260156
2.700428
2.916178
2.614144
2.164019
1.690476
1.472899
1.854554
2.270760
2.615227
2.683374
2.437422
2.311447
2.035129
1.682619
1.367198
1.064395
0.788310
0.566340
0.679837
0.951602
1.351867
1.895717
2.384937
2.580925
2.639511
2.603095
2.545236
2.473640
2.312052
2.024524
1.556874
1.356389
1.272809
1.224747
1.168506
1.044202
0.768399
0.435855
0.215963
0.078059
0.010245
0.000000
0.000000
0.000000
0.000000
0.000000
0.005842
0.010812
0.002404
0.000000
0.000000
0.000000
0.000000
0.000000
0.000000
0.000000
0.000000
0.000000
0.000000
0.000000
0.000000
0.000000
0.000000
0.000000
0.000615
0.015458
0.045161
0.059442
0.052317
0.027394
0.047409
0.061564
0.066624
0.066989
0.065832
0.065817
0.065060
0.058657
0.037404
0.009174
0.060747
0.109495
0.114602
0.068718
0.021596
0.021655
0.030373
0.025578
0.013786
0.019857
0.043247
0.068323
0.078775
0.064861
0.038184
0.017003
0.005218
0.000154
0.000000
0.000000
0.001070
0.005086
0.006188
0.003444
0.000020
0.000000
0.000000
0.000000
0.000000
0.000000
0.014164
0.075437
0.146702
0.182204
0.189331
0.180167
0.143327
0.075668
0.027276
0.087103
0.170638
0.229594
0.241094
0.343758
0.462799
0.605333
0.687927
0.888228
1.065912
1.105081
1.322101
1.791427
2.449048
2.974780
3.186641
3.235548
3.235782
3.229108
3.213033
3.159429
2.965252
2.521053
1.840692
1.474477
1.442702
1.183863
0.866535
0.805484
0.815622
1.071120
1.216885
1.427045
1.520576
1.555635
1.761319
1.786565
1.624503
1.477724
1.290972
1.252984
1.447547
1.587950
1.513677
1.317523
1.049099
0.795171
0.593442
0.698702
0.837745
1.010759
1.175521
1.193321
1.421464
1.830298
2.355849
2.986109
3.721400
4.389387
4.734328
4.392989
3.730825
3.023387
2.404887
1.855017
1.395842
1.031884
0.737579
0.540080
0.652735
0.765658
1.157774
1.334770
1.331832
1.133190
0.865283
1.020289
1.186396
1.359725
1.520901
1.645541
1.736539
1.676072
1.487465
1.279326
1.415678
1.620601
1.793244
1.882744
1.798654
1.634192
1.496132
1.627832
1.805758
2.020106
2.253598
2.485709
2.700756
2.864495
2.877528
2.776787
2.644769
2.559612
2.354638
2.542653
2.774148
2.900599
2.901028
2.912732
3.017535
2.906405
2.712964
2.470645
2.564086
2.737952
2.760324
2.628774
2.617828
2.463708
2.291443
2.468228
2.687736
2.959713
3.264904
3.583669
3.873342
3.990815
3.943260
3.832636
3.731469
3.445228
3.114403
2.796177
2.915342
3.307172
3.664349
3.839537
4.414093
4.859076
4.850380
4.420800
3.839236
3.240903
2.689373
2.343428
2.549926
2.919844
3.310967
3.643245
3.970728
4.233973
4.444692
4.910254
5.449286
5.971019
6.424491
6.506025
6.262132
5.887784
5.693299
5.402766
4.923593
4.426386
3.954417
4.091537
4.080689
3.770978
3.426019
3.708285
3.764068
4.111128
5.077737
6.248937
7.316320
8.098763
8.283119
7.857209
7.134154
6.425423
5.639559
4.880829
5.536310
6.479209
7.299991
7.453810
7.014925
6.662479
5.982095
5.206545
4.631455
4.121571
3.670167
3.272543
3.093955
3.241568
3.197877
3.049515
2.845746
3.027644
3.079365
2.987945
2.725566
2.781126
2.857995
2.815784
2.763617
2.595455
2.552797
2.618713
2.501174
2.262477
2.221801
2.364052
2.343211
2.186170
2.010156
2.142413
2.211526
2.303285
2.317051
2.203193
1.986679
1.817255
2.014521
2.132058
2.144924
2.059327
1.884658
1.792372
1.795171
1.667672
1.478594
1.261652
1.051557
0.891922
0.818388
0.885311
1.011458
0.940563
0.893056
0.724734
0.564513
0.381522
0.485439
0.615271
0.756228
0.882750
0.989693
1.113884
1.208147
1.317110
1.396010
1.455463
1.605484
1.768796
1.904536
2.005182
2.010699
1.929291
1.858465
1.777184
1.826324
1.960702
1.839890
2.180842
2.365688
2.369299
2.204360
1.871567
1.655014
1.461437
1.227856
1.037345
1.016364
1.069732
1.137534
1.152349
1.097726
1.039611
0.940693
0.952968
1.024561
1.072767
1.182764
1.371550
1.538341
1.735350
2.097878
2.551407
2.738717
2.859695
2.837835
2.887274
2.806001
2.667599
2.549224
2.582475
2.377288
2.427181
2.583068
2.636360
2.617189
2.492539
2.253145
1.991689
1.591744
1.634950
1.631806
1.790286
1.944014
2.097050
2.269262
2.460647
2.669256
2.866209
3.050391
3.154284
3.129107
3.163394
3.103194
2.942052
2.774218
2.577971
2.607431
2.837425
2.969272
2.943483
2.814956
2.787529
2.899908
2.879913
2.849996
2.837246
2.859952
2.702320
2.472112
2.439477
2.895883
3.428890
4.029918
4.703963
5.451364
6.277162
7.186106
8.154631
9.041305
9.543186
9.446955
8.736263
7.778893
7.679034
8.816199
10.155726
11.627011
13.230107
14.902666
16.306189
17.327909
16.758266
15.207819
13.335616
11.500416
12.775587
14.274328
15.582506
16.944155
17.695494
17.230988
16.051237
14.423823
12.828444
11.432692
10.356725
11.249687
11.808325
12.392842
12.463662
11.963072
11.029954
10.117949
9.680443
9.017379
8.610368
9.258563
9.597067
9.335445
8.702225
8.030233
8.079916
7.737115
7.195185
6.701544
6.212874
5.657111
5.102008
4.613670
4.398585
4.075977
3.702147
3.284817
2.914711
2.896671
3.128813
3.438034
4.063864
4.323426
4.166555
3.845683
3.621174
3.741474
3.669703
3.677718
3.574987
3.673312
4.013951
4.354243
4.593482
4.733727
4.567975
4.273698
4.266204
4.621614
5.030202
5.394377
6.073437
6.487689
6.842374
7.207326
7.590158
7.946393
8.294034
8.648375
8.965616
9.117427
9.060361
8.751904
8.347654
8.200539
8.628844
9.100831
9.596851
10.118913
10.665465
11.236771
11.760368
12.085555
12.078253
11.630702
11.065269
10.877621
11.096651
11.035800
10.671170
10.157181
9.658334
9.196110
8.726947
8.269491
7.821511
7.415610
7.407228
7.461467
7.275587
6.900041
6.770220
7.596336
7.896768
7.654838
6.886381
6.060598
5.725362
5.583672
5.676301
5.954359
6.431510
6.959945
7.330814
7.482856
7.288793
6.619519
5.847309
4.976329
4.203007
3.516185
2.913879
2.306074
1.902712
1.827767
1.909474
2.027605
2.136911
2.275156
2.419061
2.377523
2.151811
2.033545
1.987530
2.040903
2.162482
2.343998
2.396737
2.578918
2.673792
2.758131
2.850943
3.181034
3.530536
3.947450
4.488789
5.127533
5.839522
6.643325
7.433526
7.990592
8.006301
7.457138
6.675848
5.953862
5.423167
5.086839
4.875603
4.759646
5.391867
5.904513
5.994697
5.729893
5.313928
4.845135
4.360988
4.086272
3.978984
4.046733
4.326125
4.496211
4.278713
3.868454
3.918091
3.936382
4.377216
4.827795
5.285401
5.652122
5.740646
5.530927
5.337782
5.052562
4.716202
4.285006
3.992126
3.739569
3.691111
4.139343
4.616016
4.874229
4.700953
4.242305
3.749992
3.358454
3.471683
3.342211
3.078139
2.828780
3.077640
3.324691
3.374943
3.192482
2.920707
2.577688
2.268904
1.988078
1.866609
2.165374
2.555186
2.995222
3.443088
3.756928
3.682676
3.307271
2.853241
2.421878
2.032503
1.678558
1.497934
1.630263
1.799657
2.016257
2.261758
2.500418
2.660337
2.523018
1.836578
1.354998
1.342673
1.423637
1.572094
1.394430
1.334639
1.126734
1.039807
0.949403
1.007843
1.167574
1.376839
1.607470
1.831363
2.098708
2.392633
2.662044
2.777991
2.360546
1.900844
1.809641
1.683518
1.757994
1.988424
2.299845
2.648373
3.008887
3.394016
3.822991
4.299905
4.823538
5.405927
5.994802
6.515154
6.684393
6.815720
6.924999
6.230967
5.488348
5.454663
5.776726
6.397965
7.157616
7.987887
8.815595
9.770498
10.806729
11.676992
12.392842
12.227375
9.936569
8.840860
7.006598
6.050655
5.345491
5.174384
4.716240
3.581012
3.247766
3.535219
3.697023
3.420389
2.625576
2.691051
3.065120
3.592694
3.968045
3.151147
1.900658
2.051877
0.000000
0.000000
0.000000
0.000000
0.000000
0.000000
0.000000
0.000000
0.000000
