track	type=wiggle_0
fixedStep	chrom=chr	start=1	step=1
0.000000
0.000000
0.000000
0.000000
0.000000
0.000000
0.000000
0.000000
0.000000
0.001079
0.001264
0.000797
0.000348
0.000065
0.000000
0.000000
0.000000
0.000000
0.000000
0.000000
0.002815
0.032795
0.113535
0.248254
0.449313
0.699314
0.895606
0.895606
0.699314
0.448622
0.244778
0.109773
0.032810
0.004704
0.000000
0.000000
0.000000
0.000000
0.000000
0.003245
0.009766
0.005193
0.000000
0.000102
0.007496
0.032720
0.081889
0.155966
0.253174
0.363483
0.434560
0.433911
0.380084
0.297706
0.218852
0.157464
0.096359
0.116460
0.167753
0.350581
0.590412
1.004066
1.298434
1.520792
1.584519
1.590960
1.550640
1.368859
0.874722
0.569822
0.692724
0.848254
0.939499
0.912308
0.764357
0.570918
0.604714
0.649164
0.531980
0.371039
0.212224
0.146472
0.313208
0.560904
0.907539
1.455476
2.341582
2.755905
2.865217
2.883564
2.865217
2.755905
2.350803
1.474260
0.914062
0.563937
0.315791
0.150541
0.057841
0.052025
0.030688
0.005308
0.000000
0.000000
0.000000
0.000000
0.000000
0.000000
0.000000
0.000776
0.000000
0.000000
0.000000
0.002956
0.023335
0.042665
0.038027
0.025303
0.025208
0.017588
0.014905
0.031489
0.041965
0.029695
0.013458
0.022239
0.027911
0.075880
0.171633
0.317404
0.514336
0.783665
1.117438
1.501449
1.956313
2.388353
2.808131
2.939578
2.425515
1.820391
1.317501
0.938268
0.712430
0.764702
0.971316
1.135067
1.371512
1.459112
1.370674
1.177572
0.993469
0.744792
0.615807
0.840062
1.029199
1.029021
0.865568
0.805386
1.012915
1.148490
1.127825
0.944902
0.760594
0.591064
0.424037
0.288324
0.326825
0.378881
0.507912
0.655217
0.814278
0.953934
1.012150
1.243045
1.678384
2.091146
2.196705
1.897347
1.525501
1.207672
0.879563
0.841338
0.836024
0.755360
0.719778
0.882202
0.947446
0.881373
0.721195
0.868559
1.026128
1.156695
1.184675
1.082575
0.942721
0.800020
0.715654
0.703201
0.617639
0.546729
0.503693
0.551807
0.645917
1.012159
1.025862
1.216595
1.441127
1.633075
1.734912
1.611563
1.410923
1.188041
1.089813
1.051325
0.913648
0.843329
1.085298
1.365838
1.653558
1.843278
1.840766
1.656825
1.383373
1.135268
1.088609
1.023377
1.161206
1.304989
1.448266
1.566752
1.595142
1.701586
1.869067
2.031856
2.122814
2.121310
2.051761
1.924389
1.963331
2.017172
1.957971
1.823464
1.647718
1.473616
1.308728
1.202979
1.375047
1.521897
1.609001
1.668744
1.873412
2.088078
2.296217
2.469703
2.581746
2.625982
2.533021
2.352416
2.127285
1.905657
1.701748
1.622316
1.838007
2.071112
2.319733
2.555885
2.735546
2.755791
2.624303
2.394479
2.189005
2.213630
2.127821
1.961668
1.773763
1.605628
1.635190
1.598333
1.482875
1.341887
1.195066
1.069280
1.259397
1.442002
1.571631
1.661824
1.873525
2.132281
2.385433
2.592034
2.854075
3.275713
3.259209
2.832163
2.306031
2.194399
2.523155
2.892612
3.292183
3.695516
4.097028
4.423812
4.422932
4.093815
3.687077
3.254550
3.118999
2.805075
2.398469
2.003079
1.730823
2.169771
2.784168
3.282040
3.276339
2.931032
2.792011
2.957307
3.332973
3.406037
3.872853
3.850854
3.264052
2.286299
1.610051
1.266713
1.481169
1.659121
1.895158
2.108550
2.201092
2.267528
2.491999
2.682797
2.870270
2.890343
2.728527
2.465766
2.387619
2.580262
2.595695
2.393377
2.179075
2.469250
2.774565
3.119707
3.411667
3.445002
3.214498
2.874232
2.505023
2.268678
2.166889
1.926715
2.004739
2.330113
2.746328
3.182504
3.473330
3.398230
3.057619
2.620249
2.204145
1.834700
1.702679
1.575120
1.387646
1.179059
1.072650
1.214530
1.371836
1.528060
1.640407
1.644921
1.534504
1.387343
1.230506
1.300162
1.361000
1.331893
1.224991
1.083385
1.122276
1.166650
1.135470
1.020391
0.973661
1.119381
1.285037
1.436152
1.508130
1.475242
1.358382
1.200675
1.051553
0.939703
0.982653
1.115622
1.226681
1.237908
1.213637
1.299039
1.325930
1.245665
1.105870
0.947135
0.964477
0.998052
0.937406
0.914552
0.983295
1.002001
1.002001
0.977883
0.876022
0.802009
0.777439
0.771207
0.815885
0.813797
1.100750
1.425195
1.615551
1.607812
1.402577
1.269620
1.107216
1.371341
1.919626
2.728080
3.570937
3.936758
4.050343
4.068206
4.068206
4.050344
3.952547
3.559450
2.624766
1.813627
1.902503
2.062385
1.995854
1.782279
1.490893
1.567641
1.935434
2.358360
2.838460
3.351165
3.892889
4.411861
4.770281
4.746276
4.353968
3.760312
3.176941
2.667113
2.545689
3.168950
3.840002
4.401745
4.486299
3.981593
3.316549
2.672920
2.112219
1.999347
2.099277
2.174888
2.049768
1.799839
1.512090
1.248721
1.015828
1.016413
1.289106
1.604219
1.963629
2.327374
2.573092
2.574938
2.328301
1.959440
1.600431
1.285768
1.013499
0.780586
0.584594
0.420804
0.323127
0.409231
0.480418
0.504773
0.466074
0.415474
0.356149
0.366260
0.466052
0.579750
0.700525
0.810539
0.860839
0.895445
0.922700
0.864749
0.789246
0.704250
0.600208
0.630167
0.732686
0.773522
0.814959
0.831969
0.861961
0.936413
0.930154
0.852416
0.764679
0.666321
0.550316
0.554413
0.676344
0.801057
0.870028
0.874190
0.817167
0.848993
0.846388
0.769373
0.652860
0.533729
0.424451
0.329114
0.250161
0.189823
0.159649
0.119875
0.077408
0.057368
0.062660
0.054741
0.108724
0.183713
0.269456
0.391208
0.557797
0.758757
0.987013
1.208908
1.295738
1.220996
0.999460
0.768805
0.574051
0.506979
0.676226
0.863904
1.048474
1.146698
1.224172
1.225583
1.165499
1.196874
1.202366
1.199315
1.180738
1.121218
0.954841
0.742215
0.586285
0.698171
0.782284
0.776309
0.758604
0.931709
1.233257
1.576349
1.893724
2.196923
2.460724
2.990829
3.656959
4.291537
4.629638
4.503317
4.116683
4.824420
5.448594
5.593490
5.259499
4.671812
3.984848
3.346020
2.780869
2.288406
1.859560
1.484809
1.163277
0.903135
1.106259
1.332773
1.558728
1.721165
1.726135
1.573128
1.347686
1.121232
0.923861
0.768496
0.698711
0.598898
0.472441
0.356393
0.259726
0.186351
0.138180
0.113250
0.083905
0.050633
0.030148
0.021491
0.006828
0.000037
0.000000
0.000000
0.000000
0.000000
0.000000
0.000000
0.001443
0.007319
0.010742
0.006868
0.000885
0.000450
0.005736
0.013675
0.012926
0.003833
0.001506
0.001513
0.003240
0.005149
0.013114
0.023511
0.028295
0.029503
0.029949
0.030707
0.032071
0.034249
0.035164
0.034865
0.052258
0.117304
0.169861
0.159663
0.071101
0.010703
0.008552
0.008721
0.021626
0.033451
0.035083
0.027611
0.014406
0.004015
0.000524
0.005823
0.012683
0.012365
0.007291
0.003216
0.000006
0.002603
0.016045
0.021995
0.007720
0.000000
0.000000
0.000000
0.000000
0.000115
0.000000
0.000000
0.000000
0.000000
0.000000
0.000000
0.000000
0.000078
0.019622
0.064482
0.046517
0.083933
0.085044
0.051305
0.020717
0.010274
0.002548
0.000000
0.000000
0.000000
0.000000
0.001399
0.008935
0.028016
0.070454
0.122839
0.155748
0.158477
0.239085
0.355550
0.488011
0.563830
0.583156
0.557975
0.694893
0.881751
1.102910
1.248269
1.231302
1.074162
0.899807
0.697532
0.613188
0.635434
0.563389
0.551999
0.804134
1.081063
1.243052
1.178189
1.452082
1.932232
2.558583
3.137546
3.117946
2.539174
2.068772
1.876452
1.596550
1.779421
2.170749
2.108779
1.570804
1.265086
1.010655
0.707188
0.445877
0.259891
0.133537
0.155900
0.111404
0.050382
0.011560
0.000000
0.000000
0.000000
0.000000
0.000000
0.005647
0.020395
0.034172
0.032477
0.048762
0.058718
0.045703
0.047591
0.037769
0.017065
0.003583
0.000103
0.001070
0.002626
0.012897
0.031262
0.058199
0.093426
0.136663
0.187993
0.250555
0.323659
0.393490
0.443444
0.440596
0.387386
0.316615
0.243864
0.182362
0.127149
0.080208
0.064792
0.056656
0.030005
0.008252
0.021761
0.042727
0.059719
0.051423
0.043908
0.057213
0.086556
0.123905
0.158522
0.196796
0.238712
0.267637
0.301379
0.308666
0.374605
0.551574
0.805931
1.141160
1.560768
2.070267
2.611898
3.104832
3.163815
2.804132
2.294637
1.838149
1.507382
1.203267
0.933447
0.662038
0.897074
1.279836
1.774787
2.381440
3.059451
3.142488
2.699450
2.045081
1.486788
1.039985
0.695495
0.434205
0.249840
0.182410
0.164332
0.194924
0.208487
0.241976
0.313348
0.385222
0.451961
0.462892
0.469501
0.573496
0.707360
0.854975
1.017025
1.200802
1.409626
1.635332
1.874617
2.132128
2.368530
2.551158
2.533668
2.341553
2.110572
1.898079
1.710932
1.511160
1.343064
1.331747
1.547982
1.785208
2.010189
2.146327
2.126709
1.961184
1.726097
1.483101
1.270484
1.123748
1.084816
1.182279
1.337199
1.427879
1.407931
1.289418
1.204407
1.112495
1.101781
1.060881
1.026166
1.149842
1.283434
1.422403
1.515378
1.532124
1.468283
1.344784
1.362257
1.533652
1.698096
1.835476
1.964900
2.203496
1.968602
1.787530
1.639129
1.493017
1.681764
1.881656
2.045965
2.136745
2.070258
1.868564
1.716941
1.524103
1.365323
1.305287
1.330879
1.484516
1.654281
1.832279
1.980179
2.051224
2.040225
2.023742
2.045781
2.001858
2.434669
2.904758
3.042315
2.964047
3.048980
3.238503
3.481738
3.754155
4.020571
4.258728
4.421900
4.727026
4.943533
5.007619
4.891891
4.747163
4.789407
5.050029
5.380075
5.588975
5.643320
5.529438
5.552782
5.853155
6.187651
6.441885
6.454874
6.242944
5.911208
5.628203
5.949555
6.086042
5.921296
5.583551
5.214798
5.054472
4.928394
4.670239
4.387076
4.136054
3.869808
3.539764
3.215041
3.218659
3.470022
3.727202
3.803600
3.673714
3.413664
3.108882
2.808758
2.542800
2.293826
2.060781
1.854162
1.948536
2.200230
2.348316
2.387100
2.270392
2.068804
2.514777
2.894405
2.883692
2.502430
2.113394
1.996621
1.998085
1.852996
1.608164
1.856590
2.281899
2.778697
3.266180
3.451719
3.319327
2.940006
2.546013
2.245380
1.907185
1.581041
1.317065
1.132180
1.087550
1.183298
1.294516
1.514060
1.703487
1.866425
1.859961
1.666908
1.427686
1.868564
2.425436
3.143478
4.189354
5.212452
5.687139
5.901455
6.028372
5.915289
5.370891
4.252811
3.315824
3.214854
3.353251
3.533727
3.423817
3.162772
2.815735
2.395344
1.901744
1.449632
1.169916
1.480748
1.652150
1.437424
1.073076
0.733882
0.464037
0.261610
0.156443
0.081085
0.027507
0.017031
0.029675
0.017786
0.001569
0.000000
0.000000
0.000000
0.000000
0.000000
0.000000
0.000000
0.000000
0.000000
0.004129
0.057091
0.097401
0.110499
0.113266
0.112976
0.108704
0.092123
0.042190
0.000000
0.000000
0.000000
0.000000
0.000052
0.000000
0.000000
0.000000
0.000000
0.000000
0.000000
0.000000
0.000000
0.000000
0.000000
0.000000
0.000000
0.000000
0.000000
0.000000
0.000000
0.000000
0.000000
0.000000
0.000056
0.000487
0.000004
0.002518
0.042441
0.135909
0.291171
0.518957
0.843407
1.339840
1.939746
2.197232
2.192095
1.938015
1.377724
0.951614
0.628100
0.881622
1.187416
1.548046
1.970475
2.410760
2.742589
2.780719
2.534074
2.098951
1.676755
1.325993
1.646067
2.191825
2.848939
3.590785
4.155722
3.467077
2.641897
1.989433
1.517005
1.117924
0.774638
0.510706
0.505048
0.668013
0.853596
1.049272
1.192903
1.349301
1.485926
1.501733
1.355342
1.113087
0.902083
0.898682
0.933878
0.932132
0.936836
0.990805
0.976849
0.856420
0.720762
0.620419
0.476549
0.528013
0.645777
0.768563
0.857283
0.912792
1.277522
1.725734
2.252514
2.793341
3.178567
3.198691
2.813169
2.242262
1.716451
1.622010
1.685071
1.612361
1.453722
1.630772
1.769515
1.797696
1.746783
1.670733
1.699258
1.755075
1.677596
1.516976
1.388265
1.575207
1.720594
1.751129
1.675889
1.964801
2.262635
2.534580
2.857672
3.280214
3.447449
3.287532
2.877259
2.662519
2.531121
2.322496
2.400937
2.743955
3.140776
3.580932
4.054457
4.478602
4.616675
4.461100
4.054064
3.583737
3.135776
2.742581
2.649084
2.481629
2.567586
2.890436
3.242816
3.606348
3.971912
4.291722
4.346777
4.163839
3.784457
3.387136
3.000485
2.648841
2.342090
2.203504
2.471210
2.752296
3.029773
3.202160
3.432270
4.095568
4.428870
4.207110
3.750851
3.162916
2.629619
2.226191
2.122240
2.260227
2.183859
2.226493
2.347765
2.703657
3.116481
3.469234
3.573355
3.391461
2.921069
2.424379
1.973584
1.585616
1.256581
1.314566
1.429665
1.699838
2.015575
2.252995
2.688161
2.704551
2.281430
2.171919
2.169728
2.096868
2.146803
2.360943
2.584282
2.798500
2.999743
3.152139
3.192897
3.087294
2.868198
2.627074
2.392573
2.183806
2.001940
1.846204
1.689669
1.527935
1.389825
1.282090
1.151826
1.194356
1.812927
2.441333
2.697324
2.745927
2.684879
2.425869
1.839855
1.603261
1.784081
1.926414
2.014369
2.164977
2.401840
2.635196
2.758792
2.726126
2.529754
2.269500
1.998531
1.748128
1.526841
1.615574
1.787849
1.883428
1.844634
1.835654
1.928886
1.933575
1.780434
1.577286
1.376718
1.179970
0.992441
1.112293
1.267293
1.388124
1.362984
1.372949
1.537699
1.784254
2.068368
2.382450
2.700545
2.906959
2.927079
2.708932
2.381540
2.065933
1.772797
2.002093
2.320301
2.680717
3.058565
3.319002
3.321759
3.065355
2.699413
2.339299
2.015202
1.726750
1.929998
2.295686
2.707056
3.477921
4.015056
4.029332
3.545856
2.668942
2.000131
2.153036
2.366087
2.549931
2.475482
2.182627
1.736022
1.317925
1.201732
1.497354
1.970549
2.331614
2.462049
2.334053
1.948014
1.396266
1.156747
0.981505
0.819621
0.789393
0.920207
1.046601
1.106789
1.060269
0.940085
0.780502
0.632219
0.519908
0.442539
0.343586
0.276801
0.284525
0.339876
0.405850
0.436126
0.402484
0.350236
0.345852
0.338773
0.271033
0.198170
0.147821
0.160961
0.161089
0.141462
0.146724
0.203195
0.254671
0.271226
0.237903
0.172238
0.195728
0.278892
0.293629
0.214840
0.116490
0.143716
0.165124
0.144199
0.096456
0.103290
0.147601
0.186197
0.202180
0.195740
0.164015
0.315227
0.546366
0.821869
1.057516
1.075044
0.871298
0.641509
0.419736
0.614304
0.853590
1.066952
1.099580
0.931310
0.696449
0.463634
0.305534
0.220087
0.266897
0.237901
0.244205
0.417616
0.744863
1.206475
1.416155
1.484111
1.500669
1.494561
1.450232
1.263793
0.821380
0.553285
0.448821
0.310825
0.191856
0.101553
0.041029
0.017481
0.005723
0.000415
0.000000
0.000000
0.000000
0.000000
0.000000
0.000000
0.000000
0.000000
0.000000
0.000000
0.000000
0.000069
0.000000
0.000000
0.000531
0.003203
0.002830
0.001411
0.008691
0.021190
0.031639
0.025958
0.010855
0.009677
0.019884
0.036447
0.055463
0.065959
0.053682
0.037490
0.050172
0.051834
0.042961
0.025676
0.012274
0.003497
0.000772
0.005529
0.016710
0.034228
0.050449
0.077631
0.118258
0.168536
0.224794
0.277661
0.298023
0.282643
0.246088
0.264084
0.280471
0.280829
0.246948
0.251751
0.326897
0.568646
0.880402
1.202657
1.353336
1.188005
0.898743
0.905966
1.271966
1.679339
2.031720
2.404315
2.517175
2.391884
2.030081
1.754148
1.739607
2.034593
2.214088
2.214585
2.079297
1.995099
1.792799
1.512091
1.446580
1.338174
1.343452
1.527956
1.486563
1.490539
1.564786
1.621128
1.601346
1.647137
1.921662
2.086036
2.144053
2.101881
2.018257
2.011789
2.323416
2.648058
2.959589
3.186919
3.155985
2.882635
2.550462
2.457448
2.758033
3.030107
3.137608
3.068900
2.814158
2.509819
2.224934
1.995392
2.050600
2.197634
2.454175
2.758895
3.094130
3.442587
3.781071
4.105464
4.430352
4.715274
4.843039
5.220445
5.602088
5.936787
6.066867
5.949058
5.656544
5.493802
5.255304
5.003427
4.999807
5.005755
4.803569
4.530909
4.408740
4.194999
3.890271
3.622417
3.392075
3.360855
3.174288
3.065611
3.253123
3.291731
3.125549
3.040202
3.347649
3.577673
3.759688
3.961738
3.977430
3.762520
3.403740
3.618881
4.004105
4.367406
4.871835
5.485456
6.079179
6.361378
6.177243
5.694760
5.111856
4.921353
4.532034
4.305198
3.921726
4.015086
4.163118
4.412369
4.907174
5.575908
6.176789
6.834279
7.414245
8.206825
9.068178
10.121297
11.304859
12.291889
12.297386
11.345093
12.524470
12.422540
10.944319
9.597086
8.509636
7.623522
7.581947
6.994206
6.310245
7.129575
7.382033
7.171634
6.376550
4.986930
3.890322
3.203549
3.117151
2.877497
2.675512
2.278588
1.932757
1.716621
1.706583
1.639470
1.776299
1.726587
1.945488
2.114869
2.079849
1.870589
1.591469
1.500483
1.394365
1.250880
1.218792
1.162610
1.024986
0.961218
1.039665
1.034748
1.108035
1.204457
1.227501
1.160897
1.045358
1.130696
1.251002
1.453072
1.626122
1.667274
1.615133
1.531640
1.360084
1.187959
1.149644
1.169198
1.090617
1.043215
1.044464
0.988499
0.903268
0.882053
0.895362
1.221436
1.582298
1.797755
1.679952
1.978455
2.323779
2.380857
2.253468
2.052382
1.877219
1.794473
1.693067
1.643222
1.697904
1.821235
1.884149
1.958262
1.984391
1.911340
1.754756
1.704864
1.883042
2.031161
2.043123
1.913718
1.706298
1.489129
1.294259
1.116283
1.130439
1.121130
0.976785
0.921880
1.002491
1.057614
1.040269
0.970232
0.884623
0.781111
0.785016
1.010063
1.155823
1.390871
1.908275
2.443017
2.877934
3.249825
3.649480
4.006023
4.065611
3.922991
4.706649
5.557069
6.322646
6.512856
6.161263
5.345351
4.485009
3.729524
3.085061
2.690796
2.366155
2.403809
2.385336
2.589434
2.808259
2.996633
3.066537
2.984790
2.777880
2.762545
2.571182
2.269503
2.192408
2.283323
2.163742
2.204265
2.184951
2.067715
2.499543
2.660360
2.496219
2.048634
1.913727
1.921206
1.830038
1.637309
1.547191
1.549388
1.727424
1.897566
1.881646
1.687589
1.475932
1.178949
1.242679
1.367333
1.479450
1.735012
2.327205
2.980822
3.496712
3.494669
3.001671
2.410819
2.205287
2.268937
2.179064
1.984949
1.757039
1.597029
1.617370
1.614179
1.560713
1.511495
1.448072
1.354120
1.190974
1.020461
1.195036
1.464677
1.586961
1.566814
1.508564
1.418495
1.493841
1.804906
2.146501
2.519403
2.903333
3.244048
3.403438
3.219242
2.841148
2.408467
2.025690
1.711317
1.500461
1.684983
1.721403
1.593052
1.454618
1.381721
1.329764
1.212542
1.478962
1.995948
2.559435
2.875866
2.566428
2.081177
1.930339
1.669779
1.422701
1.275038
1.322172
1.381838
1.542540
1.932156
2.310250
2.563157
2.829936
3.138018
3.250126
3.203020
3.191456
3.291810
3.228285
3.024681
2.804348
2.647732
2.830220
3.006927
3.123282
3.152361
3.065110
2.872649
2.656376
2.436422
2.388141
2.511377
2.617651
2.768311
3.038138
3.332193
3.638345
3.959992
4.273181
4.524960
4.632323
4.533014
4.293506
3.974533
3.687509
4.302245
5.341887
5.639011
5.349037
4.382277
3.598326
3.325624
3.054412
2.773027
2.519369
2.674279
2.789501
2.769771
2.628388
3.006325
3.475509
3.714234
3.427799
3.243880
3.220582
3.397360
3.449404
3.303942
3.022485
2.690904
2.818639
3.134277
3.471870
3.810944
4.129292
4.287840
4.151528
4.024663
3.987616
3.719894
3.321329
3.230672
3.435277
3.471195
3.321703
3.187987
3.462850
3.918626
3.949647
3.734963
3.802684
3.939015
3.869642
3.681447
3.559099
3.521887
3.488458
3.779902
4.065469
4.314494
4.514892
4.508362
4.315862
4.114265
4.014667
3.833033
3.639717
3.456130
3.412746
3.471342
3.604917
3.678816
3.656852
3.512204
3.430031
3.398716
3.564249
3.769181
3.872159
4.746614
4.862133
4.540471
4.894543
5.222583
5.611396
5.955617
6.165864
6.188568
6.012141
5.751788
5.360701
5.074090
5.044770
5.312229
5.438912
5.378925
5.164358
4.848631
4.533917
4.347011
4.467822
4.865425
5.046202
5.019671
4.993931
5.039520
5.098010
5.270133
5.538736
5.818598
6.015912
6.003678
5.776378
5.450326
5.243985
4.957143
4.688463
4.678895
4.870503
5.094781
5.239307
5.256211
5.560192
5.825540
5.968312
5.781178
5.441457
5.046055
4.680451
4.313242
3.993230
3.791079
3.723261
3.689974
3.619795
3.402027
3.572121
3.866438
4.108546
4.082377
3.793933
4.080302
4.130293
3.907582
3.636955
3.741571
4.006263
4.227158
4.334293
4.187390
3.854861
3.564635
3.216294
3.445125
3.693416
3.834366
3.780497
3.534457
3.462904
3.830292
4.324563
4.901849
5.412288
5.631270
5.353711
4.872560
4.370983
3.903035
3.492031
3.158400
3.239495
3.216027
3.093321
3.291407
3.603608
3.865109
4.018008
3.938681
3.799881
3.628749
3.558854
3.371659
3.191816
2.907825
2.570052
2.238937
1.961183
2.103505
2.161904
2.093586
1.920703
1.725686
1.600701
1.504638
1.343406
1.401876
1.586961
1.433731
1.106842
1.212537
1.192344
1.085815
1.045132
1.294389
1.476633
1.446328
1.308717
1.301720
1.215742
1.122403
1.265643
1.364900
1.263537
0.777022
0.927304
1.189032
1.437105
1.539646
1.422501
1.161290
0.893426
1.155563
1.342929
1.536298
1.343200
1.007371
0.679010
0.435957
0.340767
0.326190
0.370804
0.478688
0.607302
0.736220
0.816498
0.693900
0.521238
0.536235
0.572450
0.680657
0.812678
0.900587
0.774162
0.425133
0.318237
0.283165
0.212544
0.133603
0.071653
0.045339
0.017928
0.008074
0.021186
0.036713
0.040930
0.055384
0.067989
0.109921
0.175933
0.264887
0.371492
0.472333
0.481611
0.477661
0.339528
0.252278
0.281457
0.378589
0.514410
0.677548
0.860858
1.009306
1.350845
1.801428
2.340114
2.981123
3.756633
4.678770
5.648489
6.203430
5.994799
5.190279
4.296113
3.492008
2.807012
2.215197
1.711797
1.313682
1.110405
0.930859
1.056351
1.158815
0.779383
0.261139
0.124545
0.136048
0.207988
0.219661
0.241346
0.404621
0.662385
0.939806
1.003641
1.143963
2.341582
0.000000
0.000000
0.000000
0.000000
0.000000
0.000000
0.000000
0.000000
