track	type=wiggle_0
fixedStep	chrom=chr	start=1	step=1
0.000000
0.000000
0.000000
0.000000
0.000000
0.000000
0.000000
0.000000
0.000000
0.003310
0.007046
0.012763
0.027892
0.111217
0.273753
0.528708
0.609439
0.488445
0.210147
0.066428
0.024834
0.092161
0.216256
0.398605
0.616933
0.886991
1.094585
1.095277
0.886075
0.760190
1.038113
1.210922
1.279861
1.244836
1.199596
1.472193
1.874524
2.359346
2.933903
3.572691
4.087022
4.123346
3.621629
2.988853
2.444657
2.430501
2.892898
3.268648
3.441530
3.278348
2.838130
2.352221
1.909350
1.525572
1.198105
0.921108
0.688987
0.657306
0.683275
0.569058
0.647664
0.896917
1.338881
1.696464
1.800849
1.813732
1.770420
1.570139
1.024201
0.571142
0.290081
0.121547
0.031554
0.000227
0.000000
0.000000
0.000000
0.000000
0.000000
0.000000
0.000000
0.000000
0.000000
0.000000
0.000000
0.000000
0.000000
0.000000
0.000000
0.000000
0.000000
0.000000
0.000000
0.000000
0.001973
0.008448
0.012345
0.019354
0.017974
0.007074
0.000281
0.000000
0.000000
0.000000
0.000000
0.000000
0.000000
0.000000
0.000000
0.000000
0.000000
0.000000
0.000000
0.001002
0.035757
0.128100
0.286276
0.516814
0.833219
1.300759
2.157490
2.573091
2.685983
2.685983
2.596897
2.276127
1.562909
1.042180
0.933657
1.242661
1.387987
1.325897
1.053121
0.782059
0.623597
0.928333
1.291776
1.312621
1.007702
0.864834
0.765892
0.644151
0.437069
0.336412
0.207158
0.102415
0.046353
0.029200
0.018925
0.014239
0.010448
0.005735
0.000065
0.000000
0.000000
0.000000
0.000000
0.000000
0.000000
0.000000
0.000000
0.000000
0.000000
0.000000
0.000378
0.030024
0.118988
0.288655
0.582941
1.073630
1.603652
1.729985
1.622041
1.154186
0.690101
0.393082
0.198882
0.087739
0.019870
0.000000
0.000008
0.015540
0.072134
0.147965
0.236187
0.281600
0.228519
0.138766
0.057327
0.012687
0.066010
0.170014
0.298153
0.430990
0.509705
0.422663
0.269499
0.125167
0.035931
0.001054
0.000000
0.000000
0.000000
0.000000
0.000000
0.000000
0.000000
0.000000
0.000000
0.000000
0.000000
0.000000
0.000000
0.000000
0.000000
0.000000
0.000000
0.000000
0.000000
0.000000
0.000000
0.000000
0.002355
0.089190
0.164371
0.183153
0.164371
0.093547
0.118217
0.160103
0.193550
0.192960
0.158456
0.116084
0.077941
0.055279
0.084853
0.116395
0.162572
0.220252
0.287886
0.362223
0.440875
0.506395
0.515420
0.463810
0.388197
0.308376
0.237272
0.239252
0.283774
0.287363
0.243336
0.241197
0.266916
0.253403
0.209281
0.151724
0.100662
0.139126
0.199190
0.271253
0.348146
0.397056
0.384215
0.325097
0.247637
0.178120
0.120032
0.126675
0.188383
0.274179
0.470319
0.657679
0.663462
0.704960
0.851517
1.004244
1.138457
1.172749
1.109330
1.133093
1.312025
1.495898
1.785338
2.304575
2.889345
3.442331
3.749231
3.754801
3.390667
2.773559
3.034700
3.426637
3.852176
4.313423
4.815107
5.353191
5.930864
6.551444
7.151156
7.570570
7.567363
7.137890
6.538749
5.918961
5.342097
4.804584
4.305605
3.863229
3.457071
3.065785
2.703753
2.370642
2.168101
2.745445
3.250229
3.401499
3.050408
2.930404
3.419110
3.667770
3.367880
2.853606
2.376569
1.913475
1.501169
1.141709
0.839252
0.599277
0.430257
0.397982
0.417061
0.364473
0.287359
0.232263
0.183712
0.182467
0.155612
0.114772
0.129828
0.147588
0.126874
0.087330
0.048856
0.021256
0.042210
0.067114
0.035844
0.019629
0.006815
0.000191
0.000000
0.000000
0.000000
0.000000
0.000000
0.000000
0.000000
0.000000
0.000000
0.000000
0.000000
0.002771
0.011344
0.019304
0.016944
0.014090
0.033308
0.059803
0.093987
0.136315
0.178380
0.212491
0.208471
0.170636
0.124241
0.087871
0.087126
0.139460
0.235414
0.378961
0.473553
0.455791
0.320416
0.204880
0.147744
0.145891
0.122173
0.089155
0.082810
0.067199
0.060645
0.053178
0.036147
0.017324
0.006213
0.003761
0.003111
0.022434
0.044406
0.017409
0.000000
0.003876
0.011837
0.013233
0.059909
0.190096
0.316628
0.379576
0.397704
0.401858
0.401858
0.396881
0.369102
0.271761
0.084363
0.006608
0.000000
0.003204
0.040778
0.109037
0.151950
0.137177
0.069990
0.016663
0.082697
0.226609
0.485598
0.903342
1.102328
1.157381
1.168164
1.168164
1.168164
1.168164
1.157381
1.108649
0.936033
0.579457
0.342400
0.567747
0.853232
1.170174
1.329672
1.242989
0.996489
0.701462
0.454824
0.294612
0.233903
0.151648
0.189069
0.318661
0.439495
0.468717
0.422323
0.601393
0.794779
0.912050
0.877305
0.762316
0.583159
0.412056
0.530115
0.707376
0.906617
1.108587
1.226739
1.171256
1.211634
1.438325
1.501363
1.482426
1.581640
1.842197
2.338298
2.915462
3.567934
4.712374
5.246188
5.431983
5.499531
5.431982
5.246188
4.692479
3.461017
2.608934
1.969369
1.444908
1.021168
0.697718
0.505800
0.445739
0.310328
0.222025
0.146984
0.082051
0.028528
0.004676
0.000000
0.000000
0.000000
0.000000
0.000514
0.005881
0.010208
0.005190
0.004929
0.010879
0.016881
0.018838
0.019453
0.019453
0.028047
0.030107
0.023306
0.022706
0.014517
0.004352
0.003949
0.002211
0.000006
0.000000
0.000000
0.000146
0.005571
0.017026
0.028394
0.036542
0.032211
0.023966
0.027505
0.058946
0.101552
0.149295
0.164594
0.151085
0.110308
0.069756
0.033908
0.078391
0.165445
0.176384
0.179098
0.121463
0.080665
0.055246
0.086006
0.082764
0.045408
0.074474
0.139756
0.246985
0.358103
0.448541
0.481161
0.554957
0.634261
0.590374
0.465564
0.434622
0.592221
0.746802
0.866701
0.890281
0.941839
0.985702
1.353727
1.922465
2.733061
3.323644
3.955475
4.141717
3.955475
3.328991
2.760965
1.994051
2.318579
2.814945
3.452023
4.172409
4.879025
5.533847
5.698665
5.371337
4.715695
4.153424
3.716733
3.121865
2.550904
2.153396
2.008520
2.153659
2.185048
1.961317
1.586277
1.164198
0.802803
0.594989
0.757243
0.943319
1.134727
1.263294
1.269948
1.159660
0.971014
0.796731
0.861473
1.001054
1.058864
1.042763
0.946221
0.796230
0.666021
0.584701
0.511847
0.409906
0.315050
0.232121
0.226430
0.238547
0.227445
0.260424
0.253731
0.266904
0.321507
0.424324
0.539286
0.653289
0.762697
0.847769
0.895992
0.888282
0.840119
0.736294
0.646206
0.741834
0.786089
0.741928
0.645351
0.565767
0.635872
0.649689
0.593867
0.535759
0.476829
0.428618
0.400771
0.385503
0.600954
0.871693
1.208342
1.621226
2.123042
2.688141
3.237733
3.537134
3.233798
2.667488
2.097414
1.591059
1.179625
1.200981
1.178973
1.101410
1.205724
1.291347
1.378169
1.576832
1.581974
1.883678
2.263664
2.687700
3.122777
3.458832
3.445665
3.103708
2.665151
2.234019
1.860493
1.568003
1.316089
1.120674
1.141440
1.232225
1.142539
1.091293
1.298132
1.392674
1.281331
1.233428
1.217746
1.390514
1.481907
1.526920
1.665219
1.780331
1.784165
1.704044
1.580967
1.570924
1.686463
1.756299
1.919685
2.056883
2.083640
1.970947
1.786476
1.583120
1.381500
1.204286
1.270132
1.456084
1.642032
1.760424
1.819575
1.809709
1.693854
1.989041
2.181041
2.166855
1.982306
1.688640
1.387658
1.116389
0.876037
0.792925
0.739331
0.782443
0.816629
0.886964
0.846296
0.753131
0.641501
0.579041
0.633258
0.688689
0.600451
0.470761
0.751022
1.089371
1.418250
1.906927
2.470148
2.438614
1.847428
1.514702
1.218773
0.868360
0.562989
0.339068
0.300925
0.310426
0.322092
0.330870
0.305137
0.271188
0.230384
0.211354
0.245731
0.231675
0.180343
0.147922
0.122093
0.100939
0.142893
0.175224
0.198397
0.194256
0.231280
0.236233
0.199443
0.158177
0.153863
0.206750
0.293449
0.417811
0.549117
0.682656
0.545589
0.398194
0.314890
0.393169
0.467283
0.509063
0.475383
0.405723
0.356797
0.315066
0.343078
0.367412
0.373003
0.448685
0.516086
0.567001
0.615525
0.667749
0.653401
0.592373
0.554622
0.528809
0.467814
0.398374
0.338808
0.401228
0.456200
0.460226
0.408723
0.336044
0.257935
0.208393
0.252698
0.287043
0.279944
0.237870
0.195717
0.159381
0.155731
0.194755
0.247763
0.347003
0.451382
0.537081
0.660821
0.714530
0.676841
0.551123
0.418002
0.292975
0.395082
0.593936
0.754599
0.786880
0.656537
0.649767
0.757247
0.809011
1.030395
1.332877
1.673890
2.058519
2.475816
2.877312
3.113334
3.162242
3.576217
4.113226
4.589498
5.085820
5.245301
6.052756
6.491804
6.128210
5.311967
4.386812
3.549310
2.829405
2.859885
3.170517
3.501499
3.802061
3.846620
4.153033
4.639055
5.178045
5.866659
6.476376
6.709684
6.381744
5.753334
5.021893
4.392313
4.283118
4.163485
4.066496
3.739845
3.312175
2.955881
3.120477
3.114365
3.189510
3.604850
3.973100
4.219736
4.092119
3.783295
3.382983
2.997622
2.777562
2.687544
2.458960
2.169154
1.919779
1.969831
2.076486
2.000955
1.881136
1.660594
2.170809
2.802710
3.495185
4.141108
4.658298
4.518226
3.883183
3.159300
2.528169
2.065064
1.655452
1.456210
1.321495
1.181292
1.139058
1.149638
1.155198
1.099577
1.013323
0.891242
0.752004
0.625106
0.583210
0.619573
0.633456
0.705171
0.704910
0.636341
0.538358
0.582191
0.596816
0.548817
0.513996
0.624069
0.742077
0.795009
0.797225
0.737298
0.591648
0.406595
0.376240
0.393524
0.576189
0.681354
0.727226
0.733005
0.702895
0.632025
0.509110
0.545678
0.546565
0.514770
0.475428
0.482428
0.530022
0.578707
0.676377
0.777517
1.045804
1.244500
1.232169
0.989153
0.647943
0.461230
0.313578
0.188532
0.090523
0.069612
0.101243
0.129513
0.147965
0.131640
0.093565
0.055285
0.025043
0.021027
0.043571
0.073349
0.103801
0.130926
0.128015
0.096087
0.059047
0.055617
0.047407
0.066403
0.076107
0.063526
0.036753
0.048435
0.064647
0.073080
0.054650
0.022980
0.020597
0.034956
0.040521
0.076581
0.149236
0.192824
0.316096
0.467594
0.577536
0.560525
0.628066
0.619753
0.667951
0.568454
0.401172
0.245621
0.125955
0.051442
0.013697
0.045338
0.120988
0.182411
0.171492
0.091473
0.087395
0.188632
0.332234
0.454551
0.465542
0.359256
0.213552
0.098558
0.072592
0.073993
0.128946
0.210653
0.314877
0.441292
0.590058
0.762050
0.930395
1.052881
1.035496
0.886058
0.702499
0.523632
0.368714
0.240271
0.141761
0.072842
0.028531
0.004934
0.000000
0.000000
0.000000
0.000000
0.000000
0.000000
0.000000
0.000000
0.000000
0.004726
0.013332
0.006568
0.000000
0.000000
0.000000
0.000000
0.000000
0.000000
0.000000
0.014865
0.082670
0.125275
0.138710
0.143440
0.144809
0.141820
0.125833
0.071680
0.004363
0.011812
0.022724
0.031070
0.020121
0.009379
0.003855
0.000133
0.000000
0.000000
0.000000
0.000000
0.000000
0.000000
0.000000
0.000000
0.000000
0.000000
0.000000
0.000000
0.000000
0.000000
0.000000
0.000000
0.000000
0.000000
0.000000
0.000000
0.000000
0.000294
0.015133
0.030498
0.106761
0.271710
0.567386
0.749290
0.898507
1.041300
0.902288
0.798297
0.763655
0.654476
0.474904
0.671204
0.947823
1.300224
1.718457
2.194354
2.649113
2.846496
2.692367
2.763995
3.228139
3.365658
3.572015
4.213498
4.680632
3.863203
2.974566
2.413217
2.152196
1.729555
1.295801
0.909578
0.980686
1.463350
1.668134
1.724385
1.723996
1.674050
1.488936
1.066309
0.616621
0.340223
0.157544
0.055891
0.021291
0.014200
0.015165
0.009301
0.000000
0.000000
0.000000
0.000000
0.000000
0.000454
0.007828
0.052343
0.090468
0.108393
0.108278
0.102963
0.082133
0.089483
0.134849
0.193715
0.268193
0.358834
0.468487
0.593732
0.730109
0.867276
1.012372
1.176645
1.350471
1.541141
1.767186
2.022095
2.255569
2.402824
2.324512
2.142251
1.916879
1.695837
1.506449
1.457639
1.480566
1.401132
1.258964
1.172868
1.242390
1.320586
1.308186
1.342442
1.518411
1.657573
1.701285
1.606992
1.465712
1.494205
1.581362
1.549945
1.489099
1.668244
1.841143
1.952364
1.957301
1.957344
1.894034
1.805243
1.940416
2.050155
2.071460
2.246528
2.369088
2.315723
2.144643
1.918871
1.752919
1.935741
2.108153
2.224637
2.192520
2.030661
1.826699
1.948687
2.075793
2.146700
2.282120
2.262498
2.116138
2.106601
2.194389
2.437800
2.702049
2.964576
3.247156
3.547032
3.808560
4.186121
4.666631
5.215939
5.821649
6.483052
7.180730
7.945749
8.790956
9.747908
10.775547
11.791028
12.454316
12.432957
11.723989
10.716783
9.724689
8.819695
8.002128
8.307051
9.066173
9.848109
10.681577
11.538500
12.372848
13.070551
13.363717
13.103845
12.424037
11.544830
10.669719
9.879388
9.126093
8.418127
7.798251
7.219440
6.623240
6.253736
6.465342
6.355406
5.940598
6.316420
6.811653
7.343195
7.939937
8.575102
9.216257
9.803469
10.249414
10.328263
10.101031
9.677353
9.421992
9.939263
10.315609
10.390471
10.063364
9.968390
9.949622
9.669156
9.170724
8.554775
7.930596
7.339631
6.787417
6.279752
5.800416
5.367302
5.105002
4.941975
4.844724
5.094639
5.295413
5.356585
5.271625
5.059455
5.169510
5.203038
5.035831
4.770401
4.485700
4.589895
4.822242
4.952316
4.910969
5.079620
5.093997
5.002592
5.241457
5.389207
5.315748
5.099131
4.833181
4.630051
4.617660
4.590826
5.116113
5.732159
6.370330
6.791792
6.792149
6.401262
5.808222
5.214988
4.671139
4.159549
3.675830
3.228684
3.072214
3.882344
4.476448
4.487677
3.930503
2.939555
2.240782
2.083833
2.360375
2.578868
2.628774
2.509222
2.298602
2.629913
2.295923
1.938422
1.813464
1.834531
2.070607
2.258394
2.284419
2.164934
2.010220
1.848910
1.939405
1.940306
1.962322
2.059939
2.075822
1.944780
1.729609
1.491384
1.272879
1.090058
0.909362
0.736391
0.587126
0.462657
0.502941
0.474516
0.420088
0.479117
0.502231
0.567507
0.567144
0.499569
0.433280
0.398977
0.361787
0.352818
0.295569
0.319173
0.560342
0.855318
1.116588
1.115589
0.857090
0.579322
0.390631
0.456232
0.488139
0.423223
0.393565
0.572384
0.727403
0.759857
0.751010
0.715730
0.615386
0.493146
0.639994
0.960743
1.354587
1.789707
2.112165
2.165377
2.012374
2.266061
2.432095
2.474280
2.454053
2.409310
2.393659
2.376206
2.561937
3.015793
3.064188
2.631274
2.696679
2.506269
2.080565
1.595605
1.166830
1.018773
1.411540
1.600786
1.663532
1.681824
1.674591
1.620753
1.399145
0.872604
0.473477
0.237183
0.092787
0.021505
0.029073
0.036512
0.025847
0.010640
0.023590
0.028728
0.013835
0.001790
0.000000
0.000000
0.003930
0.005823
0.000806
0.000000
0.001857
0.015758
0.037113
0.052579
0.042135
0.017761
0.002014
0.000000
0.000000
0.000000
0.000000
0.000000
0.000000
0.000000
0.000000
0.000000
0.000000
0.000000
0.000000
0.000000
0.000000
0.000000
0.000000
0.000000
0.000000
0.000000
0.000000
0.000000
0.000000
0.000000
0.000000
0.000000
0.000000
0.000000
0.000000
0.000000
0.000000
0.000000
0.018658
0.087957
0.092231
0.033333
0.040963
0.113346
0.184972
0.343657
0.647976
0.962793
1.119548
1.163568
1.122113
0.991842
0.740568
0.500781
0.300518
0.223449
0.197810
0.133864
0.043895
0.013434
0.002340
0.000000
0.000184
0.008994
0.031771
0.069541
0.120041
0.185524
0.267736
0.330592
0.353735
0.314549
0.251790
0.184785
0.123523
0.115823
0.085056
0.094033
0.164646
0.244159
0.296027
0.293693
0.229244
0.356245
0.577214
0.820221
0.989784
0.985050
0.814407
0.710381
0.708935
0.705568
0.687613
0.607371
0.425424
0.271903
0.442268
0.661147
0.931574
1.176799
1.340886
1.337755
1.329803
1.393510
1.716294
2.046913
2.060339
1.795276
1.550677
1.254829
1.094133
1.230709
1.454462
1.573114
1.430670
1.095034
0.783583
0.511895
0.306989
0.182451
0.174148
0.151394
0.140066
0.161258
0.174433
0.162135
0.138800
0.187773
0.250911
0.315963
0.360413
0.355798
0.307311
0.243790
0.202675
0.203202
0.196317
0.270053
0.346207
0.386166
0.357224
0.310875
0.301773
0.377925
0.432224
0.513538
0.556763
0.558339
0.634777
0.651469
0.603666
0.564513
0.485259
0.467300
0.519418
0.594167
0.611310
0.562118
0.534368
0.570683
0.955042
1.035864
0.744678
0.683971
0.773899
0.848352
0.939825
0.940136
0.895412
0.934437
1.273096
1.602601
1.741556
1.635453
1.349676
1.228625
1.578587
1.901823
2.245184
2.640329
3.071303
3.288568
3.189700
3.351570
3.198066
2.696193
2.008885
2.200903
2.517684
2.752051
3.178428
3.460416
3.514374
3.751735
3.944941
4.068622
3.994003
3.825775
3.618086
3.580352
3.857460
3.922893
4.051970
3.928473
4.072666
4.230974
4.221480
4.081656
3.845384
3.578289
3.512816
3.579008
4.427874
4.783247
4.350160
4.495617
4.811545
5.016912
5.082770
4.904083
5.164423
5.461813
5.673309
5.602368
5.334682
5.518998
5.666890
5.794474
5.712984
5.826288
6.224092
6.697190
7.204507
7.713948
8.136544
8.336869
8.281841
7.944151
7.466635
6.979376
6.766825
6.534655
6.231865
6.522088
6.664446
6.585953
6.908444
6.991267
6.739829
6.254827
5.954906
6.265865
6.780827
7.347584
7.966077
8.612638
9.148273
9.392336
9.149698
8.591144
9.165340
9.884458
10.506867
10.829293
10.593533
9.944798
9.543489
9.229874
8.748874
7.965293
7.174131
6.450255
6.280011
6.753510
7.254181
8.002712
8.950048
10.017584
11.176664
12.453251
13.795078
15.159909
16.779160
18.535112
20.442131
22.556860
24.892418
27.432102
30.188007
32.727245
33.586220
32.643467
30.031143
27.201777
24.603237
22.254917
20.123152
18.220230
16.481939
14.853919
13.339577
11.980736
10.893010
10.812692
10.497873
9.786038
8.980659
9.649961
10.363883
10.512194
10.105531
9.386888
8.568235
7.792408
7.087509
6.533521
6.105862
5.668630
5.430954
5.024458
4.541153
4.118224
3.849352
3.935960
4.106468
4.104543
3.954731
3.701671
3.549396
3.494950
3.485479
3.542696
3.325797
3.079211
2.764284
2.523680
2.412530
2.369923
2.349085
2.237685
2.104898
2.058899
2.100121
2.029322
1.978797
1.990867
1.948742
1.883233
1.830650
2.060031
2.320532
2.604653
2.898201
3.202209
3.516327
3.858869
4.219602
4.519562
4.646385
4.598761
4.529462
4.662269
4.607799
4.471216
4.569291
4.465130
4.311896
4.605947
4.862274
5.007653
5.123816
5.448606
5.688941
5.743227
5.969367
6.233015
6.532037
6.881776
7.146946
7.313798
7.310592
7.456781
7.316467
7.424701
7.661227
7.706720
7.453953
7.080037
6.625950
6.171879
5.787457
5.476359
5.256391
4.928649
4.525101
3.843960
3.120366
2.531182
2.342105
2.180375
2.081671
1.998313
1.961190
1.837054
1.861803
2.231635
2.644365
3.076673
3.503554
3.881121
3.997582
3.908625
3.836664
3.902210
3.667944
3.244157
3.611884
4.243276
4.965794
5.797833
6.685119
7.427193
7.838120
7.443857
6.719190
5.841270
5.042763
4.328935
4.627277
5.029050
5.602137
6.380341
7.123217
7.622041
7.622732
7.121832
6.445961
5.743676
5.083148
4.570021
5.089045
5.641510
6.235308
6.848003
7.470838
8.027843
8.534012
8.637708
8.294277
7.859794
7.368016
6.845033
6.294517
5.746901
5.376528
4.996716
5.042704
5.567701
6.175050
6.839138
7.546253
8.191290
8.481828
8.378934
7.845662
7.208587
6.543828
5.937378
6.092458
6.570531
7.100667
7.362879
6.997813
6.370691
5.632416
4.937812
4.375635
3.964038
4.148470
4.488272
4.808944
5.119830
5.437982
5.737850
6.004160
6.234656
6.344854
6.318526
6.091277
5.774075
5.457863
5.546649
5.887899
6.233329
6.711405
6.981112
7.011131
7.287204
7.653017
7.855590
7.786865
7.399226
6.925545
7.157670
7.504022
7.880982
8.305179
8.704031
8.940447
9.423004
9.831138
10.094728
10.109184
9.931623
10.197029
10.172333
9.842617
9.398344
9.061767
9.411424
9.681863
10.242666
10.784529
11.138042
11.138297
10.905138
11.138887
11.103809
10.753544
10.329833
9.851827
9.983415
10.036358
9.818515
9.776439
9.929726
9.764343
9.396461
8.928679
8.429285
7.970579
7.776663
7.871902
8.109421
8.123940
7.899536
7.329796
6.826542
6.971874
7.394106
7.585272
7.667574
7.754223
7.567596
7.213170
7.679054
7.957825
7.671256
7.990489
8.330382
8.583556
9.156354
10.054432
11.104033
12.207879
13.378932
14.506639
15.329332
15.312273
14.488961
13.373677
12.208354
11.148372
10.128456
9.191940
9.475241
10.267934
10.901972
11.043433
10.652421
10.042065
9.296631
8.582443
8.076992
7.848630
7.805161
7.926289
7.981129
7.755497
7.260357
7.211897
7.730711
8.346642
9.026908
9.741018
10.377177
10.628552
10.517118
10.247005
9.824911
9.272098
8.645339
8.011939
7.423317
6.883715
6.382582
5.901124
5.424494
5.274331
5.331142
5.059703
4.688961
4.261522
3.843859
3.459566
3.879707
4.295087
4.575202
4.733435
4.565124
4.242407
3.817302
3.443698
3.120716
2.992872
3.377086
3.890283
4.447146
4.941651
5.333207
5.253037
4.796135
4.229711
3.685421
3.182426
2.722476
2.315393
1.964783
1.650758
1.359401
1.092122
1.116562
1.178424
1.075264
0.853001
0.632424
0.617186
0.734739
0.626748
0.443564
0.276724
0.160420
0.088057
0.030435
0.002383
0.000000
0.000000
0.000000
0.000000
0.000000
0.000000
0.000000
0.000000
0.001186
0.030777
0.090804
0.173953
0.244747
0.235669
0.128074
0.023822
0.000000
0.000000
0.000000
0.000000
0.000000
0.003729
0.002005
0.000000
0.000000
0.000000
0.000000
0.007952
0.068701
0.189129
0.322279
0.427276
0.000000
0.000000
0.000000
0.000000
0.000000
0.000000
0.000000
0.000000
