track	type=wiggle_0
fixedStep	chrom=chr	start=1	step=1
0.000000
0.000000
0.000000
0.000000
0.000000
0.000000
0.000000
0.000000
0.000000
0.332299
0.696733
0.900104
0.810871
0.426669
0.216162
0.157950
0.155171
0.180133
0.267178
0.408802
0.534941
0.562976
0.789024
1.006694
1.105439
0.958848
0.727630
0.735322
0.932403
0.682763
0.391870
0.185724
0.072084
0.012206
0.001389
0.001148
0.007844
0.006697
0.000917
0.000000
0.002597
0.014037
0.015487
0.055851
0.097910
0.106383
0.110592
0.168632
0.228693
0.237464
0.188239
0.126792
0.149420
0.131791
0.087121
0.077484
0.207836
0.418870
0.753663
0.922663
0.971050
0.979634
0.964581
0.897696
0.740619
0.402770
0.164924
0.044513
0.045756
0.082644
0.081875
0.048394
0.025758
0.019264
0.015371
0.015367
0.029606
0.033537
0.094880
0.355578
0.722545
1.035389
1.188256
1.251557
1.390528
1.516243
1.588097
1.523223
1.380738
1.459052
1.454907
1.358821
1.198183
1.236866
1.363500
1.512148
1.656220
1.867562
2.008399
2.038130
1.973196
1.825840
1.659292
1.556179
1.712312
1.808012
1.883749
2.086615
2.261193
2.351347
2.295920
2.403289
2.369643
2.219240
2.030689
2.129070
2.417563
2.733735
3.061867
3.485359
3.934791
4.341310
4.687353
4.736205
4.398785
3.975605
3.501779
3.051188
2.675826
2.443300
2.358628
2.641877
2.841428
2.892525
2.941676
2.805207
2.527510
2.229106
1.941295
1.692317
1.637079
1.575922
1.427088
1.349372
1.255227
1.521524
1.958998
2.337892
2.521878
2.305222
1.911224
1.662361
1.571408
1.544314
1.712775
1.834033
1.850427
1.829958
1.769444
1.643520
1.657287
1.636714
1.773927
1.979256
2.164034
2.233737
2.168364
1.988709
1.769540
1.548153
1.344767
1.156626
1.081286
1.182827
1.206729
1.159608
1.050753
1.058662
1.188839
1.325536
1.448390
1.594420
1.772894
2.007760
2.260657
2.358607
2.260657
2.004287
1.721945
1.456794
1.492701
1.617001
1.627527
1.507872
1.345886
1.225659
1.370300
1.491325
1.503037
1.393107
1.266038
1.231476
1.405140
1.615372
1.837869
2.044388
2.126698
2.045024
1.839397
1.623529
1.425563
1.243596
1.426841
1.062192
0.873105
0.839969
0.891993
0.946687
0.780746
0.753237
0.873272
0.979901
1.072396
1.198354
1.288998
1.304268
1.213502
1.067130
0.931809
0.918804
0.962393
0.928464
0.824291
0.714689
0.664327
0.736609
0.760767
0.726332
0.630953
0.532043
0.452128
0.380528
0.419857
0.486605
0.511352
0.492441
0.426331
0.481068
0.488307
0.531176
0.618506
0.702894
0.754228
0.752749
0.689500
0.595208
0.581717
0.673771
0.730225
0.692494
0.604984
0.496551
0.404979
0.317939
0.239043
0.271992
0.287679
0.250180
0.312093
0.312541
0.221632
0.249541
0.262813
0.174034
0.077337
0.047845
0.033474
0.049170
0.045023
0.027710
0.062940
0.117170
0.187850
0.274253
0.385262
0.519657
0.679423
0.846443
0.972590
0.976378
0.870684
0.732481
0.574302
0.430190
0.309740
0.218714
0.152653
0.162834
0.129935
0.083555
0.049482
0.040588
0.072932
0.086157
0.177238
0.288224
0.483496
0.840473
1.306455
1.508471
1.563670
1.563670
1.518386
1.375733
1.071257
1.257193
1.418269
1.341205
1.052577
0.752428
0.508480
0.306986
0.162990
0.079441
0.046340
0.031016
0.055722
0.061455
0.040934
0.012523
0.001021
0.006223
0.008471
0.003669
0.002193
0.026028
0.052471
0.031182
0.004248
0.011587
0.031610
0.069893
0.128383
0.205921
0.292561
0.358220
0.346099
0.270512
0.181437
0.107413
0.098739
0.176660
0.281214
0.410283
0.551179
0.635123
0.602298
0.497121
0.358085
0.237425
0.182496
0.382558
0.408822
0.233434
0.082817
0.015317
0.000000
0.000000
0.000000
0.000000
0.000000
0.000000
0.000000
0.000000
0.000000
0.000000
0.000000
0.000000
0.000000
0.011852
0.037083
0.071957
0.114742
0.123656
0.123299
0.121683
0.119362
0.111101
0.083632
0.035384
0.000582
0.000000
0.000000
0.000000
0.000000
0.000000
0.000000
0.000000
0.000000
0.000000
0.000000
0.000000
0.000000
0.000000
0.000000
0.000000
0.000000
0.000000
0.000000
0.000000
0.000000
0.000000
0.000000
0.000000
0.000000
0.000000
0.000000
0.000000
0.000000
0.000000
0.000000
0.000000
0.006171
0.059697
0.183942
0.414823
0.790232
0.969523
1.019187
1.028932
1.028932
1.028932
1.028932
1.019187
0.975171
0.819550
0.500618
0.291891
0.493634
0.748459
1.035701
1.198880
1.118624
0.913602
0.642038
0.590810
0.787892
0.868377
0.790157
0.635346
0.521950
0.422696
0.546254
0.830891
1.192268
1.643043
2.176233
2.754995
3.193959
2.973271
2.462218
1.912431
1.451242
1.140586
1.004893
0.768102
0.537280
0.388431
0.604770
0.687949
0.617994
0.412227
0.210204
0.135982
0.069012
0.027643
0.017465
0.036528
0.059484
0.081510
0.200762
0.247668
0.196407
0.076871
0.025404
0.010575
0.011789
0.018721
0.020381
0.014253
0.005172
0.000380
0.000024
0.005365
0.017868
0.042147
0.077183
0.122854
0.179596
0.247767
0.327834
0.424943
0.676729
0.912922
0.883019
0.628620
0.666399
0.784250
0.882088
0.917281
0.960625
1.097882
1.203630
1.211699
1.111988
1.075303
1.156453
1.330423
1.490830
1.613110
1.618491
1.758188
1.958333
2.114351
2.143777
2.015162
1.838173
1.636458
1.438225
1.254684
1.368673
1.532159
1.667346
1.730926
1.926605
2.174940
2.426224
2.621519
2.624419
2.524554
2.826784
2.982018
2.960479
2.762157
2.455790
2.150371
2.153825
2.562238
3.003109
3.461581
4.007723
4.559613
4.937962
4.958699
4.629701
4.065983
3.526252
3.087496
3.003165
3.083894
3.103375
3.366325
3.783276
4.032710
4.816955
5.794035
6.918766
8.177416
9.635134
11.788691
12.954816
11.772782
9.554894
8.065274
6.851029
6.006950
6.323614
6.341261
6.434570
6.848248
7.582446
7.847570
7.541409
6.826230
5.976081
5.157763
4.426310
3.779029
3.222169
2.715310
2.263985
1.945275
1.755158
1.443827
1.066552
0.767384
0.579903
0.424497
0.294926
0.211220
0.147745
0.168420
0.198994
0.225903
0.255108
0.287333
0.298721
0.255984
0.329236
0.438058
0.566405
0.701293
0.787676
0.796349
0.715133
0.571582
0.430833
0.454219
0.442240
0.391775
0.320547
0.256779
0.291283
0.287352
0.335274
0.413691
0.476945
0.484364
0.455830
0.392504
0.328049
0.261307
0.201221
0.154441
0.113937
0.063093
0.084162
0.234183
0.540845
0.786483
0.932271
1.092705
1.284922
1.076506
0.926358
0.840634
0.791554
0.766664
0.746046
0.690625
0.565427
0.451016
0.290615
0.172263
0.118893
0.078558
0.037362
0.021189
0.030561
0.048024
0.050805
0.034842
0.017646
0.006630
0.001259
0.000000
0.000000
0.000000
0.000000
0.000000
0.000000
0.000000
0.000000
0.000000
0.000297
0.002309
0.005340
0.010435
0.021103
0.032281
0.034607
0.025887
0.014275
0.008591
0.015320
0.025983
0.050233
0.090616
0.147217
0.217515
0.296720
0.394621
0.515347
0.642144
0.730259
0.749457
0.679753
0.564391
0.450194
0.346618
0.255236
0.177313
0.113611
0.123627
0.115159
0.076890
0.127697
0.221601
0.370939
0.578065
0.840495
1.121270
1.326865
1.345006
1.232366
1.200553
1.583292
2.107224
2.952799
3.720079
4.024019
4.102366
4.116110
4.120187
4.117167
4.048631
3.760928
3.067584
2.969133
2.706466
2.663547
2.547459
2.403886
2.751118
3.275321
3.241216
3.212969
3.000943
2.561900
2.092291
1.671189
1.318979
1.031778
0.796458
0.743011
0.809631
0.882115
0.978721
1.071380
1.193301
1.332334
1.480165
1.628292
1.768008
1.829957
1.800447
1.694821
1.578088
1.468043
1.341790
1.414247
1.611362
1.724324
1.758264
1.710515
1.616168
1.619788
1.406663
1.286466
1.465680
1.654702
1.838744
1.992791
2.078809
2.239872
2.462559
2.715520
2.984406
3.247064
3.473659
3.578620
3.473820
3.535000
3.505376
3.344056
3.506555
3.508546
3.394025
3.143843
3.233513
3.370278
3.391264
3.357919
3.615932
3.907140
4.097388
4.080289
4.204906
4.386741
4.611664
4.896387
5.214028
5.505499
5.752436
5.918929
5.847107
5.762858
5.971164
6.114246
6.056295
5.813937
5.486165
5.712637
6.416746
7.541293
8.557371
8.877501
8.341927
7.291448
6.205000
5.547621
5.224317
5.778549
6.400811
7.083848
7.802367
8.529266
9.335659
10.213859
11.178786
12.246635
13.428716
14.661553
15.730507
16.216417
15.836929
14.889062
13.743995
12.654392
11.551354
10.534990
10.680886
11.332346
11.559378
11.279222
11.685690
12.622611
14.231147
15.696374
16.373577
15.725630
14.299590
13.187811
13.914662
14.322417
14.132422
13.540060
12.879879
12.313508
11.630595
11.220657
10.613206
9.910436
9.232126
8.615409
8.040447
7.871169
8.241352
8.662433
8.922783
8.881819
8.590356
8.127927
7.758571
7.287641
7.495671
7.572507
7.366224
7.012696
6.710191
7.188153
7.693310
8.175893
8.492554
8.517781
8.269609
7.829492
7.428716
7.081185
6.747922
6.419770
6.171916
5.892037
5.600262
5.300348
4.971053
4.607276
4.263644
4.120181
3.925133
3.704810
3.570901
3.574960
3.827794
4.081873
4.345937
4.640776
4.926449
5.166233
5.416027
5.701377
5.986916
6.213538
6.322890
6.170706
5.923946
5.801444
6.037454
6.195902
6.896367
7.443658
7.798165
7.958546
7.911579
7.659828
7.279862
6.754395
6.212174
5.545218
4.878026
4.773322
4.995106
5.257213
5.504622
5.805101
6.151823
6.439052
6.669257
6.694742
6.526905
6.269080
5.950530
5.628930
5.322382
5.012140
4.692785
4.476927
4.309026
4.071038
3.806874
3.395203
3.132829
2.973441
2.813715
2.676958
2.606647
2.454693
2.915890
3.136558
3.234536
3.222936
3.074396
2.677329
1.897040
1.329764
1.109028
0.994807
0.887001
0.798706
0.716576
0.657164
0.568738
0.465562
0.367140
0.280199
0.209746
0.151631
0.101910
0.061484
0.030464
0.010923
0.003100
0.005815
0.003525
0.000864
0.000088
0.000000
0.000000
0.000000
0.000000
0.000000
0.000000
0.000000
0.000000
0.000000
0.000000
0.000000
0.000000
0.000000
0.000000
0.000000
0.000000
0.000000
0.000000
0.000000
0.002268
0.021018
0.052518
0.081284
0.120403
0.197488
0.294828
0.356666
0.316378
0.216709
0.144594
0.157926
0.240298
0.397268
0.523754
0.766185
0.887566
1.184231
1.547965
1.989838
2.500409
3.055804
3.576817
3.839979
3.569241
3.093178
2.536511
2.002210
1.536935
1.150239
0.899567
0.878818
0.803447
0.648674
0.424127
0.167429
0.047312
0.002143
0.000004
0.000000
0.000000
0.000000
0.000000
0.000000
0.000000
0.000000
0.000000
0.000000
0.000000
0.000000
0.000000
0.000000
0.000000
0.000000
0.000000
0.000000
0.000000
0.000000
0.000000
0.000000
0.000000
0.000000
0.001219
0.008490
0.011638
0.012576
0.012376
0.012297
0.012347
0.012433
0.011683
0.007290
0.000009
0.000000
0.000000
0.000000
0.000000
0.000000
0.000000
0.000000
0.000000
0.000000
0.000000
0.000000
0.000000
0.000000
0.000000
0.000000
0.000000
0.000000
0.000000
0.000000
0.000000
0.000000
0.005051
0.058702
0.177801
0.381446
0.704704
0.974419
1.089667
1.082661
0.950359
0.640005
0.363541
0.176809
0.060449
0.051970
0.125711
0.239978
0.382614
0.510771
0.570045
0.489373
0.403063
0.587257
0.816841
1.021964
1.055294
1.025858
1.463224
1.674887
1.457257
0.916259
0.563886
0.321928
0.153784
0.051480
0.006047
0.009431
0.019548
0.014375
0.003312
0.006637
0.027482
0.058754
0.071977
0.055913
0.060678
0.094413
0.094695
0.057167
0.017515
0.000327
0.000000
0.000000
0.011704
0.080570
0.218211
0.375622
0.449692
0.477535
0.745841
1.046290
1.315860
1.307754
1.033201
0.722105
0.458424
0.264832
0.128116
0.044108
0.005515
0.000000
0.000000
0.000000
0.000000
0.000089
0.016970
0.017537
0.000103
0.000000
0.000000
0.000000
0.000000
0.000000
0.000000
0.000000
0.000000
0.000000
0.006338
0.031330
0.062929
0.069138
0.071300
0.111474
0.133629
0.122611
0.079438
0.035593
0.064384
0.078105
0.059558
0.026624
0.012087
0.042496
0.101636
0.167857
0.277939
0.446841
0.668202
0.935079
1.231872
1.535451
1.733971
2.071128
2.606199
3.279640
4.018641
4.660906
5.145001
5.153597
4.662473
3.857410
3.080019
2.414996
1.861710
1.398664
1.017893
0.714627
0.480484
0.309660
0.431413
0.610545
0.768716
0.824712
0.710682
0.551494
0.444698
0.592892
0.777795
0.979012
1.124971
1.238238
1.505574
1.731246
1.830787
1.797157
1.657908
1.422146
1.164112
0.931743
0.735617
0.575761
0.445990
0.322762
0.335963
0.541025
0.809692
1.153062
1.574884
2.070288
2.618293
3.055571
3.073537
2.639518
2.098181
1.607535
1.190010
0.850000
0.579408
0.367308
0.207587
0.095212
0.027462
0.028215
0.037551
0.063437
0.157468
0.201171
0.141300
0.044699
0.005957
0.000199
0.000000
0.000000
0.000000
0.000000
0.000000
0.000000
0.000000
0.000000
0.000000
0.000115
0.001143
0.000132
0.000000
0.000000
0.000000
0.000000
0.000000
0.000000
0.000000
0.000000
0.000000
0.000000
0.000000
0.000000
0.000000
0.000000
0.000000
0.000000
0.000000
0.015302
0.016104
0.000023
0.000000
0.000000
0.000760
0.021214
0.054675
0.047896
0.010477
0.000000
0.000000
0.000000
0.000000
0.000000
0.000000
0.000000
0.000000
0.000000
0.000000
0.000000
0.000000
0.000000
0.000000
0.000000
0.000000
0.000000
0.000000
0.000000
0.001740
0.002236
0.000322
0.001221
0.005596
0.016167
0.056557
0.124125
0.212702
0.344204
0.492852
0.605419
0.624866
0.549029
0.403226
0.259183
0.145826
0.124878
0.292005
0.557397
0.744472
0.905306
1.287322
1.748578
2.264192
2.690097
3.186057
3.699020
3.692850
3.125949
2.462268
1.858574
1.359333
0.957970
0.640791
0.403518
0.252511
0.259489
0.339249
0.334620
0.246931
0.137332
0.140616
0.237044
0.361449
0.512983
0.671488
0.754114
0.749672
0.655651
0.567932
0.701756
0.858128
0.934902
0.826341
0.642739
0.664472
0.644978
0.551161
0.678236
0.845625
0.920871
1.056816
1.384096
1.590328
1.431332
1.176023
0.877646
0.918042
0.964315
0.851920
0.750705
0.967701
1.114210
1.109350
0.963160
0.744100
0.729503
1.071347
1.464982
1.785743
1.910001
1.790551
1.578362
1.405750
1.548152
1.898153
2.060751
2.109728
2.136197
2.150384
2.171880
2.170007
2.281118
2.733778
2.746926
2.255994
1.680889
1.217512
0.830613
0.525869
0.309936
0.175246
0.075968
0.017983
0.000123
0.000000
0.000000
0.001353
0.016537
0.053415
0.030620
0.003104
0.000740
0.000000
0.000000
0.000000
0.000000
0.000000
0.000000
0.000000
0.000000
0.000000
0.000467
0.000415
0.004632
0.009987
0.007368
0.008812
0.007440
0.026218
0.058002
0.096315
0.131901
0.149343
0.144141
0.120846
0.089731
0.058584
0.067156
0.066991
0.048883
0.023074
0.015946
0.035115
0.067627
0.113267
0.162203
0.188125
0.179284
0.140126
0.095030
0.070924
0.059234
0.059973
0.087891
0.119390
0.140021
0.128117
0.111549
0.078830
0.091434
0.092494
0.180466
0.360360
0.617849
0.961776
1.398144
2.068341
2.528492
2.697833
2.738203
2.736754
2.694440
2.525063
2.072681
1.412140
1.006269
0.753551
0.486241
0.282558
0.448728
0.665815
0.934161
1.253651
1.567269
1.751940
1.695907
1.402486
1.696564
2.017016
2.315845
2.460980
2.402997
2.719176
3.180255
3.674790
4.157185
4.622213
5.130958
5.765429
6.199920
6.182139
5.720010
5.033091
4.380453
3.779323
3.232480
2.770278
2.391678
2.036638
1.821919
2.009243
2.072074
1.945133
1.885886
1.929301
1.866249
2.222229
2.655188
3.126508
3.649952
4.106668
4.255235
4.082080
3.641841
3.151222
2.681016
2.256725
2.167659
2.685104
3.299584
3.973936
4.520723
4.606163
4.132348
3.535922
2.875237
2.270301
1.780109
1.389003
1.108736
0.875648
0.901053
1.134740
1.291505
1.290871
1.152978
0.929377
0.733423
0.590706
0.423502
0.305753
0.350202
0.358420
0.247536
0.284292
0.300328
0.359144
0.421374
0.496135
0.568761
0.614948
0.605028
0.683499
0.770838
0.838144
0.862728
0.890708
0.970757
1.093882
1.218957
1.288322
1.237639
1.118890
0.977521
1.032178
1.189457
1.346816
1.448685
1.453460
1.359420
1.249651
1.222973
1.129911
0.982397
0.852323
0.943107
0.987283
1.033996
0.988898
0.884355
0.909150
1.042591
1.074592
1.030299
0.920600
0.789672
0.865714
0.944809
1.005888
0.966225
0.897183
0.785023
0.652202
0.557334
0.786267
1.120491
1.548991
2.178154
2.971618
3.325592
3.422131
3.311939
2.951996
2.167029
2.131356
2.126169
2.176962
1.937489
1.660669
1.558240
1.657045
1.860168
2.079576
2.283989
2.477000
2.626759
2.960363
3.402184
3.868129
4.273287
4.330165
4.090537
3.644533
3.156776
2.832553
3.136410
3.335106
3.291677
3.827408
4.103948
3.702675
2.598185
1.851474
1.796177
1.880905
2.063814
2.256696
2.371828
2.321062
2.143673
2.123510
2.144737
2.257838
2.322778
2.619900
2.917361
3.099217
3.206119
3.164166
3.071920
3.336308
3.587433
3.730766
3.883608
4.109001
4.281435
5.001850
5.826708
6.196332
6.498177
6.910065
7.280133
7.577745
7.854502
8.000622
7.863442
7.690152
8.056636
8.506027
8.994900
9.517716
10.023018
10.221651
10.094670
9.649407
9.136507
8.617258
8.131097
8.011052
8.257773
8.238209
7.975744
7.670582
7.512022
7.197728
6.861102
6.480579
6.097302
6.189467
6.113659
5.952741
5.987321
5.861972
5.851979
6.257385
6.522179
6.614229
6.473223
6.155882
5.785326
5.390318
4.993935
4.639562
4.368025
4.271980
4.567725
4.924947
5.298216
5.597024
5.756938
5.729700
5.591704
5.400325
5.141447
4.826807
4.479424
4.122231
3.788210
3.523203
3.383351
3.364923
3.466678
3.637118
3.474664
3.415920
3.775483
4.159118
4.369685
4.798313
5.409837
5.978123
6.157635
5.795802
5.165518
4.514386
3.967571
3.742583
3.425550
3.095017
3.163068
3.169908
2.906085
2.545365
2.150106
1.775977
1.820430
1.722312
1.508191
1.316495
1.359631
1.370535
1.237420
1.043577
0.845098
1.015808
1.014453
0.794343
0.529318
0.426743
0.497891
0.543371
0.551779
0.586831
0.628658
0.690352
0.728039
0.699022
0.664199
0.641545
0.598730
0.537409
0.661689
0.909944
1.183816
1.276763
1.220633
1.368550
1.528383
1.703654
1.871639
2.049222
2.116388
2.055966
1.867470
1.719262
1.778850
1.710636
1.605051
1.471137
1.303619
1.140587
1.001362
0.896862
0.863168
0.817218
0.795325
0.743301
0.721505
0.704298
0.851201
1.029902
1.197089
1.296429
1.309995
1.186280
1.209728
1.160160
1.037458
0.866914
0.698894
0.611401
0.737879
0.821982
0.890871
0.973419
1.080237
1.168518
1.293586
1.553240
1.902635
2.157343
2.349970
2.432147
2.401584
2.218355
1.937961
1.820518
1.999642
2.090993
2.068124
1.945946
1.765285
1.582318
1.389438
1.517168
1.932207
2.404012
2.859705
3.181635
3.259943
3.626524
4.237662
5.046268
5.996630
6.912488
7.821535
8.475118
8.465053
7.757026
6.650979
5.571945
4.625595
3.803782
3.119264
2.705539
2.375025
2.191083
2.478533
2.537863
2.275231
1.942618
1.686530
1.865556
1.880054
1.674117
1.409411
1.177781
0.989691
0.848883
0.960326
1.138050
1.337992
1.566871
1.811339
2.054239
2.327826
2.620111
2.931014
3.257965
3.579570
3.863798
3.943665
3.791750
3.436514
3.043736
2.675844
2.368360
2.180561
2.202994
2.535098
2.664807
2.496469
2.220009
1.937152
1.721869
1.693866
1.753140
1.694575
1.541273
1.366080
1.452212
1.542923
1.561220
1.694438
1.911500
2.158235
2.427871
2.672332
2.842401
2.818140
2.624180
2.366500
2.134708
2.114604
2.350703
2.581090
2.822705
2.993510
3.053919
2.956719
2.902460
3.126468
3.350191
3.563102
3.677325
3.618586
3.435680
3.881863
4.343719
4.681954
5.048050
5.426723
5.789254
6.127444
6.392901
6.577196
6.481866
6.240771
6.014276
6.085317
6.288259
6.499823
6.831878
7.221418
7.513496
7.593748
7.371055
6.972678
6.562702
6.284654
6.470797
6.460207
6.251988
5.958122
5.663781
5.557138
5.419972
5.138991
4.654615
4.282061
4.082702
3.880205
3.557425
3.215652
2.839222
2.568816
2.285456
2.226380
2.197896
1.952173
1.779702
1.873931
1.995214
2.003320
2.146193
2.365598
2.611113
2.928675
3.625627
4.373727
4.907170
4.903230
4.481120
4.497349
4.496233
4.750723
4.999315
5.115257
5.036107
4.980787
4.906477
4.621922
4.736072
5.160197
5.537671
5.633384
5.388075
5.370475
5.753427
6.200639
6.781426
7.428871
8.158061
8.954836
9.579894
9.856761
9.421658
8.698283
7.926016
7.193659
6.746822
6.612139
7.116125
7.677392
8.260588
8.862078
9.405548
9.819896
9.881966
9.663230
9.176872
8.676455
8.120712
7.569355
7.021346
6.469822
5.945618
5.436805
4.970307
4.556678
4.406876
4.702625
4.980751
5.220815
5.458694
5.723565
5.779130
5.611415
5.246200
4.915007
5.176400
5.343469
5.268266
4.988475
4.715175
4.960919
5.063014
4.955475
4.639857
4.267101
3.909589
3.573007
3.241864
2.938484
2.651736
2.368036
2.838969
3.313401
3.624257
3.784146
3.535203
3.083362
3.408365
4.035301
4.626799
5.000793
4.600567
3.856614
3.072664
2.380591
1.803557
1.448964
1.665984
1.721210
1.635394
1.411283
1.181133
1.014106
1.178492
1.334306
1.459597
1.547269
1.467728
1.280348
1.053760
0.836593
0.709233
0.696452
0.749474
0.693473
0.548665
0.518498
0.556487
0.571487
0.514989
0.397253
0.284997
0.182937
0.156516
0.115324
0.143504
0.261163
0.458421
0.669039
0.738311
0.633476
0.419201
0.309736
0.361426
0.459084
0.615667
0.801876
1.156071
1.606402
2.157375
2.810960
3.534871
4.198635
4.477846
4.931711
4.831852
4.503148
3.811979
3.077703
2.427321
1.928274
1.417124
1.015749
0.707324
0.472917
0.303748
0.072497
0.012669
0.000000
0.000000
0.000000
0.000000
0.000000
0.000000
0.001618
0.007936
0.038771
0.108072
0.152007
0.018281
0.266593
0.733114
0.000000
0.000000
0.000000
0.000000
0.000000
0.000000
0.000000
0.000000
