track	type=wiggle_0
fixedStep	chrom=chr	start=1	step=1
0.000000
0.000000
0.000000
0.000000
0.000000
0.000000
0.000000
0.000000
0.000000
0.000702
0.000728
0.000350
0.000080
0.000000
0.000000
0.000000
0.000000
0.000000
0.000000
0.000000
0.005922
0.041890
0.126388
0.260686
0.455758
0.701073
0.915709
1.008896
0.871236
0.652056
0.672630
0.860767
0.623538
0.348971
0.157526
0.058729
0.012835
0.004238
0.003362
0.004065
0.009568
0.008243
0.000285
0.002667
0.059543
0.161632
0.274693
0.405014
0.557079
0.730372
0.905757
1.067672
1.092789
0.987176
0.894628
0.976921
0.934198
0.791192
0.607940
0.562299
0.755543
1.012428
1.310558
1.601599
1.793260
1.697063
1.452976
1.196262
0.944351
0.709969
0.519331
0.385537
0.265690
0.191940
0.118775
0.055634
0.023116
0.006044
0.000000
0.000000
0.003031
0.063446
0.155730
0.262199
0.360935
0.459900
0.670453
0.834343
0.879094
0.885745
0.879094
0.848328
0.738917
0.731983
0.664579
0.553214
0.465909
0.570765
0.700977
0.849348
0.995905
1.094857
1.107756
1.039225
0.908639
0.772394
0.657038
0.586523
0.549291
0.518170
0.605480
0.710591
0.811860
0.846343
0.792625
0.682388
0.564900
0.457062
0.360170
0.403377
0.859003
1.095286
1.159891
1.171268
1.171268
1.274444
1.308264
1.186580
1.029452
0.848597
0.677829
0.696921
0.856606
1.059045
1.228596
1.271434
1.489688
1.819783
2.218971
2.674765
3.178729
3.712083
4.135819
4.336508
4.042063
3.574552
3.240954
3.879175
4.652625
5.517258
6.279515
6.627412
6.258993
5.492504
4.635627
3.889648
3.318315
3.015455
2.635107
2.206972
1.790841
1.418088
1.109913
0.883338
0.795646
0.653800
0.485711
0.341933
0.239999
0.288387
0.292258
0.268900
0.374917
0.521236
0.517193
0.395136
0.496998
0.611786
0.740695
0.885176
1.031602
1.128175
1.163967
1.106514
0.996043
0.852671
0.749098
0.875409
0.910594
0.844517
0.700123
0.551246
0.582297
0.654071
0.653305
0.746029
0.834962
0.895747
0.888899
0.810257
0.709947
0.610387
0.602507
0.622137
0.737502
0.862441
0.991855
1.113063
1.160677
1.171474
1.301464
1.394994
1.388128
1.282767
1.157369
1.243276
1.388915
1.545505
1.712597
1.890627
2.077287
2.264080
2.419883
2.487583
2.415339
2.259559
2.083937
1.905983
1.762812
1.785068
1.717154
1.588145
1.575943
1.690313
1.709929
1.659088
1.687801
1.685264
1.643433
1.653004
1.600411
1.480638
1.334894
1.194341
1.090922
1.046959
1.159516
1.227056
1.217570
1.131171
1.013227
1.020782
1.018222
0.957046
1.103244
1.265893
1.442416
1.625669
1.833938
2.033165
2.202306
2.229187
2.123830
1.924183
1.803713
1.673566
1.509902
1.442566
1.359760
1.251841
1.196891
1.071987
0.921483
0.834746
0.783291
0.700374
0.766159
0.940173
1.223178
1.553113
1.893511
2.120142
2.149470
2.231853
2.482101
3.014745
3.674415
4.437827
5.289438
6.277101
7.308064
7.993738
7.993731
7.307467
6.324259
5.423639
4.569839
3.906154
3.733557
3.599662
3.241129
2.929438
3.005831
2.886913
2.661585
3.070115
3.471987
3.797474
3.923945
3.816926
3.431910
2.994361
2.541521
2.145781
1.931543
1.926665
1.768286
1.527336
1.633058
1.816938
1.934197
1.863418
1.691287
1.450648
1.233958
1.413630
1.628444
1.841986
1.999095
2.067920
2.046376
1.934727
1.842986
1.761500
1.629323
1.452712
1.252472
1.061939
1.045510
1.421187
1.729758
1.728683
1.428154
1.076576
0.760339
0.509038
0.315636
0.231532
0.293458
0.433703
0.546379
0.564222
0.549649
0.694425
0.788009
0.810686
0.940343
0.953360
0.846094
0.664854
0.490788
0.344377
0.229971
0.410497
0.727796
0.774116
0.560320
0.401758
0.237029
0.168887
0.117111
0.087107
0.095783
0.052711
0.046529
0.032297
0.016349
0.006142
0.002727
0.000103
0.008413
0.058722
0.135268
0.156417
0.103484
0.113314
0.111159
0.105755
0.102985
0.101332
0.096805
0.079603
0.059099
0.158561
0.283958
0.410040
0.426478
0.307616
0.164190
0.056949
0.005595
0.000000
0.000000
0.000000
0.000000
0.000000
0.000000
0.000000
0.000000
0.000000
0.000000
0.000000
0.000000
0.000000
0.000000
0.000000
0.000000
0.000000
0.000000
0.000000
0.000000
0.000000
0.000000
0.000000
0.000000
0.000000
0.000000
0.000000
0.000000
0.000000
0.000000
0.000000
0.000000
0.000000
0.000000
0.000000
0.000000
0.000000
0.000000
0.000000
0.000000
0.002201
0.040318
0.118153
0.183419
0.177344
0.101000
0.030434
0.001111
0.000000
0.000000
0.003102
0.034760
0.103676
0.213754
0.369433
0.578854
0.851447
1.196556
1.654634
2.187131
2.661351
2.994720
2.907143
2.502307
2.015540
1.625788
1.258331
0.952140
0.777105
0.621524
0.548677
0.625999
0.560657
0.368811
0.181240
0.110882
0.051723
0.033221
0.080363
0.145137
0.199245
0.226262
0.193796
0.217707
0.170412
0.061075
0.017183
0.005074
0.000142
0.000030
0.000573
0.000564
0.007024
0.024971
0.035846
0.029541
0.010525
0.002261
0.015892
0.043224
0.084336
0.139786
0.210759
0.371603
0.609169
0.851525
0.874207
0.695167
0.463132
0.561454
0.684954
0.825248
0.982482
1.153103
1.332663
1.483700
1.564556
1.500261
1.349702
1.171363
1.076188
1.082279
0.983473
1.010258
1.146182
1.311667
1.442783
1.484070
1.460154
1.324884
1.145001
0.975012
0.849268
0.867822
0.910133
0.932921
1.098423
1.263832
1.362301
1.356608
1.253323
1.093671
0.930098
0.776731
0.809579
0.873836
0.919651
0.863507
0.722187
0.881642
1.128819
1.388456
1.698957
2.079240
2.499667
2.816920
2.947668
2.712893
2.386531
2.074574
1.783420
1.897672
1.943403
1.947009
1.921054
2.142512
2.736637
3.448129
4.253140
5.126235
6.055918
7.581613
8.465865
7.570930
5.985066
4.905722
4.036933
3.450306
3.715631
3.769135
3.873061
4.288744
4.858556
5.092867
4.896394
4.373674
3.750621
3.147843
2.609117
2.142922
1.754070
1.607974
1.766599
1.808111
1.623232
1.323454
1.072496
1.280391
1.511999
1.770398
2.055148
2.329742
2.534503
2.573947
2.445456
2.218608
1.936417
1.674819
1.457499
1.332161
1.195200
1.019428
0.852081
0.699966
0.574972
0.489240
0.429525
0.350428
0.285201
0.328275
0.314646
0.264238
0.196322
0.131500
0.079625
0.044708
0.041184
0.063926
0.098515
0.138030
0.177266
0.193286
0.176918
0.133647
0.093744
0.127551
0.156929
0.163809
0.204802
0.216099
0.195835
0.170014
0.214696
0.254123
0.261084
0.235849
0.184799
0.140425
0.103321
0.130471
0.198388
0.380601
0.633255
0.961284
1.363970
1.776330
1.757781
1.307979
0.904725
0.587728
0.443158
0.435655
0.398145
0.338609
0.280981
0.276173
0.384625
0.506086
0.630473
0.733715
0.804668
0.781470
0.706520
0.574606
0.437886
0.316050
0.211495
0.128075
0.069424
0.034194
0.028045
0.050571
0.069235
0.058907
0.037062
0.015399
0.020495
0.048681
0.087922
0.142435
0.214983
0.304990
0.408051
0.525837
0.650145
0.766034
0.872467
0.889393
0.804427
0.683323
0.559169
0.444413
0.340842
0.251713
0.180294
0.142562
0.158730
0.187128
0.179346
0.187367
0.175802
0.233813
0.339670
0.460692
0.554171
0.611040
0.589877
0.755230
0.944781
1.167108
1.316311
1.299373
1.137326
0.956129
0.748271
0.664228
0.686362
0.612909
0.586387
0.834496
1.108680
1.267625
1.201850
1.465378
1.921830
2.527764
3.086601
3.066432
2.500726
2.044152
1.863830
1.588208
1.757185
2.136854
2.072552
1.518453
1.138211
0.791790
0.983410
1.159639
1.351875
1.502957
1.558853
1.746990
2.077527
2.399692
2.622266
2.500500
2.219592
1.884864
1.553576
1.314059
1.359319
1.457298
1.632773
1.759187
1.747928
1.610629
1.420732
1.238300
1.071794
1.023211
1.091818
1.073075
1.056752
1.095559
1.067004
1.199073
1.356684
1.505560
1.614996
1.693386
1.803557
1.953472
2.067052
2.103623
2.039600
1.964255
1.803632
1.606692
1.415455
1.233090
1.065879
0.956704
0.960690
0.948727
1.000403
1.031346
1.046199
0.992858
0.985158
1.091087
1.225460
1.376961
1.527485
1.684410
1.846169
1.979683
2.048272
2.004654
1.863081
1.702646
1.540399
1.374045
1.220013
1.075547
1.135312
1.576705
1.716461
1.581112
1.144418
0.788767
0.710393
0.717525
0.675426
0.602687
0.527014
0.480251
0.520903
0.506191
0.493195
0.658755
0.860589
1.099680
1.378344
1.682240
1.963888
2.147853
2.119421
2.020559
2.049532
1.989018
1.765523
1.491485
1.898981
2.362520
2.890840
3.513618
4.233588
5.011563
5.829029
6.238657
5.807110
4.967540
4.141602
3.405363
2.764637
2.214781
1.744992
1.355356
1.413415
1.353714
1.269044
1.217059
1.218099
1.179878
1.060652
0.906673
1.080642
1.281439
1.459603
1.523331
1.457542
1.286960
1.101954
0.900871
0.715137
0.556755
0.472541
0.476582
0.442954
0.355690
0.265333
0.257252
0.248670
0.206581
0.161508
0.206294
0.263357
0.304085
0.316755
0.299617
0.252282
0.199469
0.226222
0.393075
0.644620
0.806774
0.923252
1.226114
1.502180
1.491203
1.208220
0.886741
0.629022
0.455476
0.290189
0.204149
0.208548
0.170911
0.369535
0.559686
0.633683
0.606384
0.498343
0.290544
0.162239
0.126092
0.139514
0.141459
0.191280
0.241595
0.279700
0.298366
0.277295
0.284672
0.290074
0.263737
0.261129
0.300178
0.343172
0.344343
0.374928
0.427148
0.484121
0.525875
0.516541
0.467376
0.399597
0.610795
0.934189
1.396213
1.644080
1.651577
1.432124
1.010789
0.686541
0.799984
1.097265
1.432408
1.791419
2.049487
2.092643
1.887647
1.514889
1.194752
1.289948
1.693466
2.267221
2.724050
2.948529
3.044781
3.041777
2.928098
2.629330
2.014521
1.389995
0.958797
0.629483
0.381198
0.231595
0.169470
0.115278
0.070102
0.035914
0.038558
0.062279
0.091715
0.104626
0.094017
0.062878
0.034043
0.014664
0.003429
0.000000
0.000000
0.000000
0.000000
0.000000
0.000000
0.000000
0.000000
0.000000
0.000000
0.000000
0.000000
0.000000
0.000000
0.000000
0.000000
0.000000
0.000000
0.000000
0.000000
0.000000
0.000000
0.000000
0.000000
0.000000
0.000000
0.009604
0.055597
0.155366
0.317130
0.548700
0.860200
1.284624
1.713557
1.948772
2.077793
2.128852
2.048112
1.819062
1.513394
1.392685
1.361596
1.231457
1.147685
0.957001
0.952464
1.233521
1.402358
1.436617
1.378633
1.272382
1.012414
0.761161
0.526933
0.330305
0.191173
0.120957
0.209433
0.316505
0.399226
0.403754
0.318151
0.204976
0.118971
0.051594
0.012195
0.000000
0.000555
0.027800
0.068700
0.068093
0.029007
0.003626
0.000157
0.000000
0.000044
0.015979
0.082784
0.217702
0.441083
0.785826
0.947302
1.003996
1.002097
0.951472
0.822685
0.568532
0.342530
0.125211
0.025705
0.000000
0.000000
0.000000
0.000000
0.000000
0.000000
0.000000
0.000000
0.000000
0.000000
0.000000
0.000000
0.000000
0.000000
0.000000
0.000000
0.000000
0.000000
0.000000
0.000000
0.000000
0.000000
0.000000
0.000000
0.000000
0.000000
0.000000
0.002162
0.046681
0.155417
0.346778
0.651152
0.903708
1.011080
1.004293
0.880492
0.590152
0.333057
0.168887
0.147643
0.149691
0.165562
0.306668
0.491963
0.700240
0.848375
1.048184
1.379780
1.803532
2.232572
2.457149
2.311753
1.919397
1.523972
1.611257
1.387554
0.870001
0.531964
0.302223
0.142750
0.046069
0.028764
0.017999
0.055046
0.114461
0.195682
0.298330
0.412141
0.495330
0.511104
0.567356
0.593864
0.530226
0.426879
0.378479
0.290203
0.191098
0.111023
0.068085
0.036657
0.051533
0.128964
0.241511
0.283315
0.232592
0.401122
0.629117
0.921043
1.283142
1.718612
2.240366
2.788393
3.184127
3.190463
2.787584
2.212785
1.690140
1.257430
0.938301
1.087832
1.220800
1.268321
1.207586
1.064859
0.932796
0.838864
0.790388
0.916654
0.994264
1.224247
1.413480
1.465135
1.348575
1.196753
1.402042
1.704763
2.073541
2.504773
2.986013
3.429810
3.599644
3.440258
3.016964
2.558345
2.130938
1.767063
1.477569
1.234307
1.066648
0.949308
0.931948
1.004424
0.950028
1.018139
1.161777
1.260899
1.335683
1.437150
1.623110
2.022953
2.209903
2.042252
1.791949
1.990188
2.219022
2.468208
2.702786
2.811610
2.806648
2.669546
2.420665
2.202526
2.097008
1.984542
1.786696
1.561664
1.357135
1.166242
1.135466
1.237532
1.441951
1.632397
1.892279
2.185778
2.472493
2.543565
2.402354
2.100647
1.832236
1.867828
1.861255
1.759218
1.822347
1.914956
1.924842
2.192093
2.463598
2.708014
2.947409
2.912629
2.596806
2.228327
1.950954
1.630595
1.809066
2.312888
2.711569
2.727206
2.339455
1.842717
1.801423
1.878359
1.811469
1.796021
1.720865
1.801671
1.710317
1.631709
1.553872
1.611414
1.517941
1.347290
1.501802
1.718661
1.889727
1.901347
1.746779
1.511833
1.277654
1.066559
0.880690
0.784689
0.907080
1.002396
1.067523
1.034449
0.898511
0.819073
0.918897
1.027580
1.072566
1.025186
1.017467
1.276380
1.760178
2.349088
3.154131
4.194234
4.563419
4.160785
3.106005
2.333027
1.855974
1.735711
1.615287
1.310661
0.974461
0.677289
0.531090
0.608993
0.668566
0.731561
0.752525
0.690877
0.601138
0.478872
0.355188
0.343057
0.397956
0.451098
0.478262
0.468791
0.516416
0.528251
0.696121
0.878802
1.082006
1.284446
1.427602
1.446451
1.287368
1.083338
0.925581
1.015221
1.067781
1.086804
1.024361
1.032664
1.044183
1.003567
0.950729
0.926934
0.887801
0.729898
0.623037
0.619245
0.712745
0.800318
0.817951
0.764188
0.693511
0.598653
0.517148
0.558260
0.608393
0.629312
0.795906
1.140937
1.575397
2.093723
2.646262
3.137980
3.592925
3.584730
3.086400
2.463630
1.879748
1.393211
1.001107
0.906737
0.842600
0.828620
1.010993
1.215225
1.396617
1.384688
1.167015
0.894707
0.657186
0.764998
0.955684
1.091884
1.090196
0.956288
0.910822
1.117932
1.369472
1.629464
1.759302
1.611680
1.337720
1.408894
1.638760
1.891815
2.181333
2.504257
2.840583
3.136546
3.243104
3.141255
2.852215
2.530386
2.214150
1.921311
1.669998
1.506186
1.394581
1.221732
1.052054
0.924774
0.803565
0.748715
0.743025
0.878146
0.936517
1.062252
1.229449
1.300941
1.305503
1.251652
1.562618
1.908828
2.067904
2.114152
2.132770
2.120079
2.061643
1.902143
1.826018
1.552409
1.349258
1.733691
2.062350
2.135152
2.071649
1.953146
1.861386
2.169112
2.743069
3.357116
3.710211
3.389346
2.793740
2.164192
1.617600
1.203754
0.967623
1.063367
1.165066
1.305886
1.485603
1.568733
1.382723
1.048423
0.736774
0.662717
1.027839
1.329109
1.040937
0.697020
0.439676
0.242515
0.114216
0.032412
0.024496
0.019199
0.036112
0.048566
0.043797
0.032534
0.029540
0.021649
0.027187
0.037603
0.032043
0.036613
0.059383
0.064892
0.041412
0.015866
0.024681
0.029736
0.026079
0.022164
0.008512
0.002055
0.003042
0.002850
0.003343
0.000206
0.000000
0.000000
0.000000
0.000000
0.000000
0.000000
0.000000
0.022247
0.042429
0.032568
0.006464
0.011323
0.018739
0.016789
0.007848
0.000629
0.000000
0.000000
0.000000
0.000260
0.004385
0.006535
0.029375
0.067410
0.070077
0.036657
0.020764
0.008933
0.001194
0.017047
0.056069
0.091181
0.085374
0.048012
0.013586
0.008909
0.003276
0.008827
0.067751
0.193853
0.400025
0.738622
1.144533
1.334629
1.391769
1.415006
1.437277
1.459882
1.447923
1.257216
0.924768
0.632722
0.450605
0.578902
0.625024
0.540022
0.362067
0.239734
0.274370
0.263025
0.286841
0.345368
0.359636
0.360268
0.356271
0.343028
0.297881
0.275794
0.407333
0.550896
0.668124
0.659801
0.566827
0.592365
0.555147
0.452947
0.462279
0.706950
1.026978
1.292337
1.269568
1.193701
1.201789
1.304144
1.515786
1.820852
2.149156
2.332872
2.176339
1.739009
1.279245
1.232219
1.140462
0.934032
0.706477
0.512918
0.350088
0.276661
0.347137
0.437368
0.520441
0.623174
0.724274
0.813719
0.835192
0.786493
0.678549
0.706425
0.758046
0.882391
0.969604
1.000955
0.993355
1.128867
1.225577
1.211792
1.096102
0.946772
0.988052
1.108366
1.142085
1.218847
1.189761
1.084536
0.951575
0.877461
0.917588
1.005122
1.060540
1.017189
0.947301
0.949360
0.882947
0.965306
1.099061
1.199675
1.216755
1.155599
1.026704
1.081462
1.226460
1.385702
1.406360
1.363779
1.315383
1.495996
1.457808
1.572700
1.827762
2.225580
2.726319
3.307141
3.979876
4.728104
5.737886
7.422659
8.285182
8.519117
8.304641
7.462871
5.820526
4.611034
4.073000
4.867419
5.670825
6.039411
5.818858
5.199422
4.453612
3.741408
3.076702
2.497672
1.983636
2.060844
2.113970
2.104104
2.267216
2.078259
1.819466
1.539932
1.325840
1.366719
1.376359
1.277687
1.087030
0.869021
0.669059
0.521600
0.519908
0.471393
0.545020
0.643117
0.724896
0.762821
0.747484
0.774825
0.826045
0.800664
0.961562
1.135271
1.297271
1.430073
1.432052
1.311838
1.133556
0.944797
0.767420
0.853688
0.862798
0.774848
0.851827
0.947705
1.160365
1.474749
1.812736
1.870162
1.790641
1.918586
1.984919
2.067917
2.242584
2.353280
2.308187
2.402408
2.575607
2.630764
2.531241
2.419345
2.426733
2.568069
2.569120
2.422800
2.260618
2.204071
2.064725
1.868425
1.874305
1.877139
1.813428
1.857063
1.779737
1.769091
1.907825
2.050320
2.159332
2.121156
1.939424
1.717088
1.515929
1.351847
1.192633
1.079089
1.133191
1.283320
1.489266
1.690433
1.760305
1.682280
1.525893
1.379039
1.224404
1.151266
1.174060
1.201754
1.449284
1.705943
1.959644
2.126027
2.163863
2.433993
2.765672
2.971841
3.030698
3.293727
3.308164
3.049908
2.733638
2.741518
3.191981
3.695351
4.260663
4.873528
5.511615
6.209726
6.908656
7.723467
8.603874
9.356444
9.778999
9.334286
8.546216
7.659073
6.901082
6.565178
6.103069
5.626328
5.739330
5.698925
5.304224
4.870267
4.396266
3.844308
3.318515
3.285710
3.154351
2.899998
3.097134
3.111211
2.867222
2.564255
2.233604
1.911381
1.628301
1.405639
1.182785
0.967705
0.772398
0.602396
0.455754
0.348439
0.329728
0.407700
0.550919
0.776791
1.057040
1.364492
1.470771
1.332935
1.096099
1.165086
1.438714
1.613175
1.779114
1.978858
2.198195
2.438689
2.693861
2.922369
2.991628
2.904203
2.677384
2.494383
2.504262
2.369998
2.136914
1.909866
1.706101
1.532323
1.348539
1.171468
1.007027
0.872915
0.822890
0.875295
0.860528
0.780127
0.848435
0.978045
1.062727
1.055995
0.952313
0.809525
0.672374
0.565743
0.462588
0.387044
0.339798
0.307726
0.312223
0.349232
0.397134
0.460758
0.534652
0.581345
0.559179
0.573618
0.646760
0.705421
0.715705
0.682298
0.668689
0.717655
0.620567
0.487645
0.419563
0.399994
0.376841
0.403873
0.624002
0.899076
1.204341
1.499328
1.745323
1.916080
2.227930
2.735413
3.226241
3.580662
3.591557
3.145216
3.028870
2.884533
3.060760
3.397455
3.390596
3.284312
3.312296
3.164715
2.749462
1.976623
1.378699
0.920263
0.571537
0.378724
0.481960
0.532032
0.473799
0.349113
0.382193
0.480029
0.530739
0.477436
0.355999
0.231825
0.132443
0.142090
0.136769
0.177815
0.252945
0.345717
0.457850
0.585056
0.719331
0.847381
0.954620
1.049029
1.178019
1.180956
1.227338
1.108889
0.937714
0.756943
0.595769
0.467146
0.467144
0.677436
0.952663
1.148405
1.186360
1.106902
1.241261
1.400845
1.536921
1.632873
1.632163
1.503217
1.331627
1.128422
0.950432
0.918157
1.053231
1.173826
1.274962
1.430738
1.604837
1.726253
1.718506
1.575194
1.407909
1.264989
1.259094
1.422194
1.578381
1.720755
1.802936
1.795745
1.754847
1.881747
1.989286
2.108182
2.139167
2.077972
1.953491
2.086295
2.284147
2.595623
2.843193
3.111712
3.356639
3.517417
3.478740
3.564495
3.632958
3.951150
4.269612
4.600525
4.923571
5.248551
5.589025
5.964216
6.346882
6.648467
6.759606
6.597064
6.262001
5.932135
5.736704
5.922836
5.886259
5.599535
5.103870
4.505267
4.218733
4.348536
4.297501
4.195036
4.313530
4.760266
5.196743
5.551013
5.711072
5.644649
5.267308
4.817285
4.506635
4.231010
3.887644
4.023381
4.113492
4.315978
4.373528
4.233841
3.901156
3.585731
3.765409
4.005588
4.777007
5.343061
5.337256
4.760757
4.574959
5.020900
5.480491
5.939352
6.389276
6.799314
7.092160
7.087236
6.777787
6.310925
5.838424
5.843409
5.868354
5.763201
5.893707
6.035419
6.408622
6.972307
7.618454
8.333189
9.070885
9.563720
9.683745
9.185483
8.462362
7.750183
7.083152
6.515158
6.146584
6.130238
5.889063
5.863948
6.352665
6.800509
7.045685
7.037662
6.806183
6.410615
5.980591
5.537234
5.095908
4.664789
4.246927
3.839788
3.453752
3.104984
2.790630
2.592533
2.458182
2.355693
2.562531
2.642714
2.510705
2.234784
2.115210
1.940582
1.929487
2.016946
2.060508
2.278268
2.501583
2.609371
2.589283
2.481162
2.713743
2.833844
2.768050
2.570591
2.336733
2.088871
1.855608
1.640392
1.433521
1.206283
1.333625
1.525118
1.602114
1.480738
1.220181
0.948488
1.184614
1.358637
1.551393
1.356977
1.025134
0.695071
0.482051
0.456267
0.368209
0.269351
0.184026
0.119929
0.154068
0.242512
0.348308
0.461752
0.550197
0.572604
0.492899
0.381332
0.267244
0.169403
0.095590
0.054778
0.038228
0.013360
0.011418
0.002254
0.000000
0.000000
0.000000
0.000000
0.001994
0.003066
0.000221
0.000000
0.000025
0.000000
0.000000
0.000000
0.017843
0.059932
0.124685
0.229612
0.327118
0.420290
0.461068
0.716769
1.042699
1.445806
1.943896
2.542203
3.233954
3.974683
4.605386
4.684143
4.200346
3.826309
3.608013
3.157489
2.581321
2.428240
1.971290
1.471974
1.043230
0.694244
0.426499
0.231825
0.099682
0.023797
0.000000
0.000000
0.000000
0.000000
0.000000
0.000000
0.000000
0.000000
0.000000
0.004532
0.019137
0.000000
0.234929
0.670453
0.000000
0.000000
0.000000
0.000000
0.000000
0.000000
0.000000
0.000000
