track	type=wiggle_0
fixedStep	chrom=chr	start=1	step=1
0.000000
0.000000
0.000000
0.000000
0.000000
0.000000
0.000000
0.000000
0.000000
0.325989
0.682937
0.881119
0.792117
0.412279
0.204868
0.146111
0.141740
0.163528
0.244179
0.376985
0.496494
0.529985
0.750845
0.967293
1.064600
0.922274
0.693419
0.714962
0.910561
0.663242
0.376841
0.174051
0.067524
0.016469
0.006284
0.005191
0.006083
0.012761
0.011183
0.000914
0.003219
0.038145
0.189942
0.458233
0.654831
0.723968
0.801099
0.968395
1.128170
1.153285
1.043058
0.949052
1.033735
0.988660
0.838630
0.647303
0.599191
0.802523
1.068613
1.376167
1.676974
1.875449
1.775752
1.523590
1.259143
0.998262
0.753632
0.553730
0.413713
0.286890
0.209392
0.131710
0.064281
0.028461
0.044399
0.054000
0.038731
0.017372
0.069229
0.292909
0.629283
0.911286
1.048996
1.103951
1.234431
1.355126
1.422804
1.360411
1.229646
1.313998
1.310014
1.291443
1.681722
1.837791
2.008786
2.193814
2.344924
2.380738
2.274695
2.125082
2.234017
2.270530
2.255205
2.289454
2.391061
2.486869
2.707006
2.955129
3.174345
3.294539
3.246881
3.141153
2.918416
2.646698
2.381305
2.135600
1.905609
1.709164
1.530488
1.529730
1.811256
2.071045
2.284659
2.318803
2.109661
1.812807
1.917280
2.083741
2.264050
2.383892
2.399908
2.289772
2.109298
1.926879
1.840517
1.820173
1.835781
1.997862
2.156010
2.268270
2.338548
2.358924
2.166807
2.089431
1.923299
1.766540
1.873925
2.245592
2.425742
2.213118
1.823273
1.404880
1.244183
1.183540
1.134066
1.173949
1.230231
1.179501
0.991669
0.788935
0.724071
0.625502
0.629392
0.751127
0.880479
1.020361
1.131586
1.183641
1.073852
1.214370
1.570791
1.976992
2.154968
2.025832
1.604534
1.172091
0.802004
0.516607
0.545834
0.627992
0.711264
0.812524
0.940825
1.048846
1.069327
0.994032
0.881241
0.779869
0.685772
0.663606
0.792918
0.917036
1.003072
1.090502
1.200895
1.334565
1.493233
1.623652
1.635874
1.517207
1.384329
1.369153
1.556854
1.782571
2.020125
2.240030
2.332854
2.240733
2.021761
1.791241
1.578611
1.382301
1.396826
1.112765
0.985098
0.939137
1.061547
1.155479
0.967481
0.873980
0.940731
1.052618
1.146329
1.275247
1.374080
1.389917
1.290927
1.140772
1.002376
1.135144
1.259950
1.310274
1.262043
1.137552
1.007597
0.894739
0.802333
0.766263
0.667120
0.565764
0.474801
0.400286
0.400130
0.476562
0.573039
0.652735
0.680071
0.631959
0.529279
0.428535
0.420964
0.499006
0.590595
0.677641
0.740211
0.736668
0.670130
0.702058
0.762825
0.723890
0.630198
0.514129
0.428688
0.335784
0.353215
0.436583
0.484776
0.479621
0.425964
0.342245
0.353758
0.394904
0.424082
0.414063
0.360032
0.297855
0.224825
0.149290
0.082125
0.061529
0.038405
0.078505
0.138157
0.213945
0.312596
0.435833
0.584034
0.740888
0.858974
0.862436
0.763367
0.633110
0.485725
0.355050
0.280531
0.380207
0.469214
0.501147
0.440852
0.350937
0.253513
0.170364
0.109226
0.068718
0.161045
0.270585
0.463551
0.814154
1.271936
1.470850
1.525220
1.525220
1.480568
1.340053
1.040915
1.200947
1.361629
1.286975
1.005291
0.712882
0.473286
0.280245
0.323040
0.439144
0.522937
0.530475
0.461238
0.329573
0.196433
0.096661
0.035601
0.050813
0.056647
0.042651
0.038825
0.132333
0.299490
0.558890
0.728813
0.794880
0.794880
0.724154
0.533610
0.411645
0.531167
0.622457
0.607060
0.501628
0.371882
0.258327
0.279602
0.409867
0.572020
0.762245
0.955329
1.079041
1.037045
0.884166
0.683980
0.503507
0.354720
0.365614
0.391698
0.221797
0.074349
0.011155
0.000000
0.000000
0.000000
0.000000
0.000000
0.000000
0.000000
0.000000
0.000000
0.000000
0.000000
0.000000
0.000000
0.008274
0.031178
0.066081
0.107049
0.115640
0.115328
0.113794
0.112325
0.107237
0.088148
0.053160
0.127770
0.223541
0.292341
0.250082
0.143545
0.049289
0.003252
0.000000
0.000000
0.000000
0.000000
0.000000
0.000000
0.000000
0.000000
0.000000
0.000000
0.000000
0.000000
0.000000
0.000000
0.000000
0.000000
0.000000
0.000000
0.000000
0.000000
0.000000
0.000000
0.000000
0.000000
0.000000
0.003854
0.052723
0.172572
0.399349
0.768711
0.944811
0.993600
1.003166
1.003166
1.003166
1.003166
0.993599
0.949692
0.793534
0.472148
0.261145
0.454818
0.703257
0.980922
1.147092
1.067562
0.862239
0.708629
0.952426
1.241825
1.579308
1.938148
2.265131
2.384062
2.231457
1.875519
1.513920
1.861186
2.370742
2.958794
3.573387
4.049918
4.078050
3.660743
3.058162
2.485486
1.998372
1.718500
1.468411
1.205638
0.960475
0.713765
0.673851
0.599954
0.398473
0.199170
0.122723
0.058579
0.067736
0.131935
0.209310
0.264323
0.265311
0.265212
0.266422
0.232167
0.186321
0.145017
0.105229
0.092007
0.115497
0.122664
0.103500
0.077190
0.051682
0.028636
0.012028
0.011290
0.029988
0.058231
0.096233
0.144301
0.202362
0.270456
0.401449
0.648785
0.886055
0.862086
0.782997
0.922274
1.059064
1.155367
1.159837
1.120631
1.253396
1.321069
1.291973
1.167841
1.339489
1.498979
1.572393
1.550045
1.595985
1.769284
1.879762
1.888312
1.795469
1.624262
1.432047
1.247550
1.077816
0.923836
0.783071
0.726485
0.841463
0.940132
0.985166
1.130181
1.320148
1.511309
1.660445
1.662753
1.592337
1.823946
1.925964
1.908642
1.771519
1.537338
1.449542
1.775554
2.146828
2.549125
2.968143
3.465627
3.970831
4.317044
4.333917
4.028193
3.512603
3.017659
2.608490
2.542830
2.618479
2.635988
2.891388
3.275744
3.502746
4.188041
5.095016
6.143303
7.318318
8.670586
10.673957
11.769712
10.655330
8.583624
7.198546
6.067781
5.286224
5.573486
5.594983
5.692184
6.093592
6.781508
7.034621
6.756403
6.097937
5.313538
4.551984
3.867076
3.260781
2.742558
2.281098
1.872282
1.895080
1.701517
1.390470
1.017658
0.690840
0.434775
0.271689
0.170193
0.104795
0.061982
0.078481
0.099756
0.119745
0.141840
0.165298
0.174688
0.143510
0.204498
0.283965
0.384096
0.494809
0.567719
0.577762
0.511932
0.394458
0.281828
0.231413
0.231801
0.188189
0.167830
0.141690
0.170136
0.168220
0.132869
0.110728
0.145511
0.155847
0.144261
0.125512
0.110278
0.100593
0.097508
0.099423
0.088926
0.066180
0.076296
0.222476
0.525065
0.766705
0.910258
1.069018
1.260155
1.055196
0.906050
0.820765
0.772250
0.746920
0.724074
0.663165
0.535430
0.420958
0.263453
0.158882
0.110148
0.077556
0.088101
0.107681
0.141347
0.164987
0.162842
0.135824
0.099678
0.071869
0.047764
0.025259
0.009627
0.005612
0.003308
0.000622
0.000000
0.000000
0.000000
0.000000
0.001900
0.007818
0.007878
0.002868
0.006624
0.015704
0.030885
0.068380
0.115519
0.174018
0.228898
0.267149
0.341260
0.582024
0.910845
1.351663
1.639596
1.349029
1.265412
1.473008
1.622016
1.651466
1.536494
1.351051
1.159499
0.977610
0.808368
0.737124
0.920051
1.003547
0.954445
0.830559
0.747783
0.850683
1.078858
1.345683
1.649442
1.953766
2.107773
2.013534
1.711967
1.510265
1.541744
2.055186
2.897576
3.658991
3.962170
4.037314
4.043179
4.044672
4.041036
3.973717
3.691985
3.000103
2.897842
2.640665
2.591714
2.475876
2.333475
2.688742
3.213317
3.179721
3.068007
2.859682
2.429534
1.965188
1.550727
1.207016
0.932392
0.745631
0.652772
0.599165
0.553907
0.518775
0.472426
0.495779
0.568586
0.663678
0.758330
0.855330
0.905636
0.892706
0.820700
0.744022
0.824230
1.094756
1.371182
1.570868
1.734723
1.799169
1.772901
1.674668
1.685518
1.481189
1.207295
1.112037
1.276833
1.436830
1.577757
1.755045
1.961113
2.183281
2.389416
2.459783
2.552572
2.793076
3.048831
3.299316
3.472492
3.472478
3.300136
3.054807
3.027598
3.389752
3.745627
3.977507
4.224030
4.489694
4.808687
5.180388
5.530373
5.738092
5.697931
5.502167
5.256545
5.064574
5.337754
5.633623
5.872118
6.118162
6.283839
6.205482
6.134148
6.351569
6.500523
6.441876
6.186471
5.882088
6.121293
6.286810
6.242363
6.270118
6.518958
6.659009
6.594008
6.301309
5.964386
5.610420
5.680913
5.750530
5.682376
6.292066
7.283423
8.374644
9.474503
10.372632
10.370528
9.451929
8.347819
7.439750
8.226491
8.736262
8.782701
8.309937
7.620897
7.075248
7.436166
8.113804
8.848199
9.570547
10.197891
10.792374
12.304334
13.948815
15.409276
16.071571
15.432469
14.011495
14.333340
15.111759
15.554318
15.369728
15.501776
16.782213
17.693981
17.554762
16.460976
14.996941
13.529288
12.186440
10.968788
10.894058
11.271244
11.094777
10.867043
10.620556
10.302620
10.221040
10.189524
9.674369
8.896382
8.146975
8.222132
8.007351
7.632389
7.262264
7.735188
8.267950
8.775125
9.104856
9.128823
8.865202
8.400152
7.984248
7.550958
7.179299
6.852695
6.587950
6.286180
5.974553
5.665942
5.339758
5.638860
5.759070
5.675099
5.379055
5.103264
5.030221
4.797873
4.469500
4.279986
4.147933
3.945615
3.685196
3.493787
3.373746
3.505979
3.539162
3.531111
3.652908
3.692636
3.641831
3.666484
3.834037
3.916433
4.105695
4.373953
4.549162
4.706587
4.791036
4.762773
4.786070
4.558341
4.075298
3.942545
3.793578
3.863304
3.922788
3.974000
4.237691
4.506808
4.737500
4.927110
5.023785
5.005737
4.847908
4.622740
4.351389
4.077435
3.817275
3.563025
3.303001
3.073511
2.855489
2.640070
2.434701
2.244664
2.082422
2.018232
2.202534
2.248246
1.958649
2.406884
2.865020
3.083910
3.177344
3.164959
3.021875
2.647776
1.895141
1.331069
0.961499
0.690614
0.449356
0.435759
0.522262
0.597124
0.620386
0.570689
0.480677
0.379206
0.292831
0.219926
0.156751
0.103137
0.059222
0.038736
0.067553
0.090847
0.088082
0.061639
0.036176
0.016020
0.018079
0.016670
0.006583
0.021396
0.039831
0.058522
0.056770
0.047045
0.073734
0.089840
0.076447
0.052604
0.030605
0.024596
0.027641
0.021522
0.013013
0.004445
0.000015
0.005360
0.027494
0.064943
0.120369
0.197850
0.283187
0.391244
0.455523
0.542944
0.675493
0.882569
1.102001
1.217154
1.401293
1.762136
2.221587
2.740358
3.310539
4.009787
4.802176
5.606812
6.328165
6.623730
6.262523
5.494723
4.613510
3.796119
3.094905
2.496696
1.983264
1.540088
1.164970
0.858117
0.616243
0.435794
0.347699
0.281518
0.181169
0.093906
0.034370
0.004391
0.000000
0.000000
0.000000
0.000000
0.000000
0.000000
0.000000
0.000000
0.000000
0.000000
0.000000
0.000000
0.000000
0.000000
0.000000
0.000000
0.000000
0.000000
0.000000
0.000000
0.000000
0.000000
0.000000
0.000000
0.000000
0.000000
0.000000
0.000000
0.000000
0.000000
0.000000
0.000000
0.000000
0.000000
0.000000
0.000000
0.000000
0.000000
0.000000
0.000000
0.000000
0.000000
0.000000
0.000000
0.000000
0.000000
0.000000
0.000000
0.000000
0.000000
0.000000
0.000000
0.001475
0.043642
0.152232
0.346147
0.657531
0.915607
1.025771
1.019175
0.892522
0.595679
0.330027
0.153366
0.046293
0.029474
0.089626
0.189813
0.319543
0.435204
0.490983
0.416207
0.345499
0.518717
0.738328
0.938453
0.968159
0.959128
1.385000
1.587203
1.378731
0.852244
0.509225
0.278514
0.123877
0.034582
0.001208
0.000223
0.003501
0.001504
0.000000
0.000036
0.008342
0.028203
0.037346
0.026107
0.030963
0.056693
0.056876
0.028716
0.003836
0.000000
0.000000
0.000000
0.006593
0.066277
0.195283
0.344653
0.413293
0.415333
0.669450
0.957707
1.213897
1.208867
0.940032
0.647362
0.397764
0.215051
0.094388
0.025097
0.000510
0.000000
0.000000
0.000000
0.000000
0.000000
0.011955
0.012649
0.000000
0.000000
0.000000
0.000000
0.000000
0.000000
0.000000
0.000000
0.000000
0.000000
0.000000
0.000000
0.000000
0.000000
0.000000
0.000000
0.000000
0.000000
0.000000
0.000000
0.000000
0.000000
0.000000
0.000000
0.000719
0.003792
0.001103
0.022216
0.089063
0.177020
0.279089
0.425803
0.647567
0.778760
0.652641
0.487468
0.553211
0.729865
0.857475
0.986478
1.094281
1.110788
0.915524
0.622216
0.371575
0.191648
0.091440
0.057631
0.009288
0.000000
0.000000
0.000018
0.000000
0.000000
0.000000
0.000000
0.000013
0.013052
0.019162
0.035800
0.044161
0.076268
0.129209
0.173809
0.216138
0.295498
0.353741
0.351821
0.316141
0.249342
0.229502
0.379868
0.398986
0.257695
0.172203
0.166006
0.297782
0.490649
0.749034
1.081721
1.491243
1.974450
2.512897
2.943715
2.957532
2.530078
2.001794
1.522833
1.118586
0.790260
0.530558
0.328347
0.178131
0.075615
0.020870
0.023057
0.031688
0.054297
0.143556
0.185206
0.128745
0.037427
0.000936
0.000000
0.000000
0.000000
0.000000
0.000000
0.000000
0.000000
0.000000
0.000000
0.000000
0.000000
0.000000
0.000000
0.000000
0.000000
0.000000
0.000000
0.000000
0.000000
0.000000
0.000000
0.000000
0.000000
0.000000
0.000000
0.000000
0.000000
0.000000
0.000000
0.000000
0.011822
0.012871
0.000000
0.000000
0.000000
0.000102
0.016616
0.046703
0.040368
0.006975
0.000000
0.000000
0.000000
0.000000
0.000000
0.000000
0.000000
0.000000
0.000000
0.000000
0.000000
0.000000
0.000000
0.000000
0.000000
0.000000
0.000000
0.000000
0.000000
0.000049
0.000152
0.000000
0.000005
0.001736
0.009160
0.042055
0.101780
0.182635
0.305735
0.447550
0.555326
0.573099
0.501178
0.362261
0.226577
0.121835
0.115215
0.276756
0.536341
0.720034
0.860948
1.232948
1.685762
2.191330
2.606774
3.090847
3.602805
3.595416
3.032465
2.377522
1.784410
1.296384
0.906361
0.599803
0.375823
0.328884
0.487496
0.609897
0.640450
0.531639
0.363001
0.216143
0.301940
0.441043
0.609411
0.799193
0.974231
1.038039
0.967742
0.858426
1.043596
1.264519
1.368736
1.251291
1.027787
0.947931
0.927575
0.828635
0.987070
1.191917
1.291450
1.251679
1.096970
1.167491
1.234958
1.026910
0.762528
0.697103
0.743762
0.868864
1.122403
1.295047
1.241598
1.037587
0.893675
0.776291
0.696568
1.032740
1.420426
1.739884
1.863377
1.744728
1.547141
1.375939
1.523734
1.861977
2.013195
2.055254
2.073626
2.068982
2.043424
1.935940
1.716411
1.685887
1.536638
1.188491
1.026657
0.788562
0.549207
0.351522
0.202885
0.156955
0.236443
0.381217
0.486139
0.422009
0.281944
0.154750
0.119072
0.097160
0.040586
0.000724
0.002998
0.009196
0.047477
0.095335
0.104753
0.188025
0.369608
0.645729
0.999147
1.280088
0.980599
0.626312
0.358918
0.184647
0.084520
0.079451
0.068961
0.049238
0.027551
0.034255
0.031611
0.040138
0.053128
0.077330
0.085150
0.068852
0.085511
0.079898
0.072925
0.057903
0.031702
0.012477
0.008747
0.026936
0.049170
0.060161
0.070892
0.072312
0.075456
0.071025
0.080031
0.096833
0.125636
0.136616
0.118394
0.090085
0.074690
0.049772
0.038215
0.060422
0.168604
0.342586
0.592432
0.929948
1.362671
2.021364
2.472698
2.636896
2.673171
2.667610
2.618639
2.449471
2.007490
1.361001
0.961992
0.712327
0.452161
0.256495
0.402100
0.606963
0.864254
1.174192
1.477830
1.653885
1.599309
1.516160
1.828985
2.164395
2.477345
2.633735
2.582289
2.922338
3.403986
3.917655
4.410664
4.889263
5.426282
6.094682
6.549798
6.527047
6.044393
5.330504
4.651278
4.025416
3.455760
2.974178
2.577237
2.188039
1.923970
2.083396
2.080273
1.936451
1.906699
1.765858
1.546545
1.352896
1.351366
1.347203
1.369310
1.313854
1.414437
1.516690
1.446559
1.291110
1.099188
0.913656
0.736219
0.851263
1.087787
1.493061
1.947030
2.314719
2.305954
1.984222
1.604958
1.190296
0.888795
0.667146
0.452753
0.311110
0.256224
0.216686
0.246288
0.304676
0.316087
0.338748
0.390209
0.395766
0.374026
0.319277
0.333542
0.340204
0.227146
0.263421
0.290084
0.348824
0.411445
0.484295
0.553191
0.580387
0.577308
0.544129
0.542096
0.624507
0.726733
0.852217
0.960872
1.083972
1.220689
1.295035
1.235438
1.118982
0.981114
1.061048
1.222937
1.385474
1.492847
1.495939
1.386667
1.271784
1.239250
1.138268
0.988868
0.833111
0.698384
0.588179
0.492125
0.409955
0.382560
0.373491
0.340112
0.322515
0.351141
0.355486
0.319376
0.265959
0.199839
0.312312
0.494465
0.634356
0.596801
0.457132
0.517938
0.757300
1.083998
1.506570
2.138643
2.926881
3.291471
3.399624
3.302652
2.947762
2.165044
1.493966
1.245228
1.454865
1.526339
1.494576
1.425144
1.434191
1.511881
1.709248
1.955734
2.245532
2.584613
2.982715
3.421612
3.886930
4.294029
4.347399
4.105348
3.665928
3.178706
2.856250
3.161875
3.357776
3.311992
3.816097
4.085439
3.689079
2.589272
2.615696
2.886332
3.181230
3.451725
3.574389
3.529744
3.288033
2.997684
2.715298
2.452292
2.216314
2.027902
2.167527
2.233649
2.360255
2.525306
2.617907
2.599687
2.478896
2.660269
2.947787
3.257181
3.623585
4.115135
4.811434
5.565338
5.895396
5.799221
5.466572
5.134058
5.375375
5.580585
5.710513
5.604605
5.657856
5.813659
6.203734
6.588731
7.009706
7.409162
7.554355
7.400629
6.999402
6.581451
6.181238
5.805844
5.769746
6.000460
6.026795
5.824932
5.577568
5.455340
5.214108
4.936779
4.634943
4.288693
4.270266
4.225487
4.081789
4.116627
4.019746
4.026875
4.357702
4.575269
4.647441
4.537857
4.292605
4.008111
3.689066
3.367804
3.078887
3.093360
3.509094
3.813754
3.951010
3.985575
3.980738
4.031231
4.013274
3.903737
3.762469
3.575639
3.368392
3.160361
2.933359
2.941194
3.521152
4.005995
4.265439
3.992483
3.585372
3.131948
3.304118
3.756699
4.167067
4.383348
4.819472
5.424202
5.986705
6.166918
5.807522
5.178381
4.531814
3.984689
3.757288
3.440712
3.112927
3.188911
3.193368
2.925889
2.566542
2.166046
1.863819
1.816757
1.714377
1.503801
1.293690
1.360988
1.371437
1.238796
1.045383
0.848323
1.007809
1.007690
0.784915
0.518875
0.415651
0.489502
0.542434
0.581690
0.598147
0.564362
0.490719
0.450974
0.580058
0.653302
0.629631
0.631641
0.630734
0.797461
1.044043
1.307766
1.383887
1.328287
1.480415
1.648076
1.835811
2.015293
2.210511
2.284362
2.214066
2.005586
1.856726
1.911994
1.829779
1.736286
1.594078
1.415075
1.240715
1.094738
0.986327
0.956542
0.910377
0.892251
0.837616
0.872752
0.995999
1.052653
1.000533
1.125514
1.213531
1.221727
1.101352
1.124335
1.077229
0.960013
0.796549
0.637019
0.557363
0.663172
0.754659
0.835430
0.934402
1.043473
1.147616
1.203074
1.433278
1.760482
2.001153
2.183269
2.264812
2.248073
2.108243
1.849698
1.727472
1.865457
1.956853
1.958221
1.871999
1.787335
1.671387
1.545419
1.696050
1.937352
2.412809
2.866395
3.186316
3.266066
3.635894
4.243230
5.048810
5.997537
6.911228
7.819740
8.473863
8.463135
7.755723
6.652210
5.574780
4.630094
3.811513
3.130048
2.721087
2.387820
2.211183
2.494567
2.552339
2.285120
1.945418
1.687794
1.866848
1.880091
1.673826
1.409879
1.177652
0.990279
0.853981
0.963936
1.138397
1.331257
1.542339
1.764707
1.996635
2.259050
2.544080
2.850833
3.169083
3.489675
3.767875
3.843566
3.695927
3.346798
2.963122
2.598446
2.292647
2.099466
2.094285
2.378636
2.483038
2.312426
2.043251
1.775749
1.570623
1.543302
1.607653
1.556529
1.408970
1.240564
1.320140
1.409925
1.431346
1.547815
1.754040
1.990226
2.245895
2.484613
2.660552
2.652494
2.473418
2.237311
2.016878
1.993970
2.228447
2.457888
2.690136
2.851301
2.899120
2.792922
2.713205
2.931029
3.154279
3.357229
3.461771
3.403620
3.229866
3.643050
4.090989
4.423311
4.778662
5.147919
5.502246
5.826213
6.086425
6.266776
6.173406
5.938210
5.716856
5.783219
5.984449
6.190134
6.517804
6.900495
7.197265
7.300085
7.135230
6.832105
6.521482
6.297557
6.507094
6.488492
6.223011
5.730496
5.103265
4.491951
4.131167
3.773964
3.342712
3.003470
2.842826
2.693246
2.491319
2.354883
2.266206
2.251538
2.256236
2.091794
1.974195
1.975884
1.802738
1.914041
2.036508
2.042823
2.176894
2.392958
2.632834
2.920056
3.612370
4.360148
4.890205
4.880649
4.463684
4.476673
4.473893
4.727651
4.968002
5.072717
4.969045
4.879718
4.795643
4.515747
4.624098
5.047233
5.413026
5.508711
5.269949
5.252838
5.635695
6.072391
6.644504
7.279453
7.993913
8.754899
9.325385
9.536927
9.078421
8.355444
7.595766
6.880579
6.287632
5.911415
5.908760
5.688136
5.619242
6.062103
6.502328
6.759205
6.782601
6.547481
6.142646
5.713313
5.262424
4.834318
4.428743
4.033785
3.644881
3.646476
3.769280
3.695422
3.525077
3.287101
3.080612
3.246314
3.414885
3.594925
3.627416
3.492510
3.213512
2.981318
3.193600
3.321192
3.257795
3.050636
2.853449
3.090135
3.207721
3.288420
3.329823
3.198262
2.946067
2.671294
2.391013
2.135900
1.902828
1.660532
1.382929
1.092796
1.264489
1.340152
1.227070
0.991874
0.777636
1.057240
1.269055
1.455256
1.268541
0.943161
0.627217
0.484181
0.537780
0.502492
0.487166
0.516135
0.471185
0.364322
0.259303
0.202112
0.289494
0.361180
0.443768
0.486175
0.448853
0.349100
0.243802
0.150282
0.079530
0.039570
0.048007
0.040075
0.017824
0.018305
0.023474
0.034389
0.048248
0.072421
0.105580
0.146804
0.154830
0.114870
0.142818
0.259493
0.455127
0.662667
0.728998
0.619931
0.407862
0.302277
0.353742
0.472436
0.630275
0.805542
1.131547
1.577523
2.123899
2.770848
3.486840
4.145526
4.419707
4.856546
4.737792
4.392147
3.698951
2.974914
2.336088
1.869004
1.367384
0.960265
0.664454
0.441356
0.283131
0.063155
0.009015
0.000000
0.000000
0.000000
0.000000
0.000000
0.000000
0.001171
0.007072
0.036946
0.104323
0.148278
0.017255
0.256445
0.712021
0.000000
0.000000
0.000000
0.000000
0.000000
0.000000
0.000000
0.000000
