track	type=wiggle_0
fixedStep	chrom=chr	start=1	step=1
0.000000
0.000000
0.000000
0.000000
0.000000
0.000000
0.000000
0.000000
0.000000
0.315087
0.670594
0.923436
1.069581
1.128041
1.090920
0.859381
0.428680
0.217830
0.173547
0.149096
0.195509
0.286402
0.400195
0.502246
0.505476
0.719318
0.929922
1.024009
0.885027
0.662565
0.683613
0.874513
0.633672
0.355985
0.161237
0.060389
0.013317
0.004621
0.003702
0.004442
0.010630
0.009201
0.000446
0.001554
0.055308
0.146934
0.233037
0.314294
0.324403
0.331021
0.431874
0.530260
0.547637
0.474148
0.389945
0.436156
0.407747
0.322497
0.215789
0.247619
0.424661
0.721109
0.865246
0.907235
0.915602
0.901944
0.840436
0.687791
0.383306
0.246979
0.141231
0.067828
0.109196
0.130034
0.120206
0.094425
0.078376
0.081739
0.044346
0.010249
0.000000
0.000765
0.035964
0.130630
0.301287
0.601552
1.158648
1.439771
1.517372
1.530583
1.517372
1.457540
1.246507
0.782144
0.441109
0.213360
0.078338
0.012762
0.000000
0.000000
0.000000
0.000000
0.000000
0.000000
0.002511
0.010015
0.022990
0.031261
0.031994
0.027555
0.016256
0.027239
0.035323
0.034139
0.042054
0.059877
0.075513
0.081292
0.175244
0.410101
0.872454
1.111696
1.177065
1.188572
1.188572
1.188572
1.177065
1.119812
0.917047
0.505331
0.254045
0.220688
0.267202
0.298006
0.292933
0.408619
0.433285
0.319987
0.191351
0.152399
0.219184
0.346703
0.473385
0.593351
0.471253
0.404354
0.416835
0.360196
0.364625
0.572403
0.754896
0.794316
0.670785
0.504268
0.623777
0.707200
0.729105
0.852320
1.024882
1.234829
1.477113
1.740378
2.014040
2.231463
2.269305
2.124840
1.921942
1.711074
1.991257
2.318452
2.625959
2.728160
2.670974
2.519333
2.394562
2.324620
2.628449
3.065016
3.577587
4.170259
4.787321
5.342706
5.616782
5.343618
4.798164
4.195496
3.627285
3.098605
2.629284
2.235149
2.060536
1.876482
1.856801
1.959477
2.105580
2.139030
2.056432
1.972215
1.844407
1.656458
1.519368
1.349665
1.318130
1.208992
1.104154
1.051823
1.277506
1.477980
1.317727
1.076523
0.904656
0.734333
0.583624
0.451946
0.431181
0.529608
0.648187
0.778069
0.885585
0.915610
0.873082
0.821840
0.713639
0.593798
0.557856
0.733003
0.871572
1.178451
1.593797
1.805678
1.856200
1.853014
1.738404
1.437162
0.890670
0.870847
0.977395
1.030726
1.015520
0.937815
0.854259
1.177727
1.257075
1.055115
0.907432
0.883012
0.841820
0.796224
0.897460
0.970989
0.966259
0.920092
0.913703
0.887766
0.944111
1.005670
1.101418
1.129943
1.120083
1.121242
1.075590
1.067725
1.084260
1.056824
1.071780
1.102545
1.075438
0.989864
0.919563
0.878779
0.883739
0.901201
0.947620
0.972803
0.944881
0.855551
0.784855
0.719598
0.641825
0.582603
0.545493
0.655253
0.712393
0.744926
0.796009
1.107093
1.485165
1.928952
2.458607
3.084923
3.739229
4.120705
4.010420
3.574220
3.002579
2.490643
2.118956
1.734128
1.514586
1.434987
1.215815
1.057585
1.133867
1.165236
1.085366
1.033867
1.231977
1.446824
1.689573
1.971228
2.274516
2.541674
2.623360
2.522801
2.302750
2.166029
2.155978
2.279555
2.557171
2.874740
3.057158
2.975101
2.758278
2.434815
2.102916
1.798821
1.527053
1.445102
1.639922
1.762722
1.763831
1.638934
1.623892
1.956920
2.187232
2.169599
1.943299
2.360279
2.940054
3.515902
3.764690
3.545918
2.981555
2.409242
1.919829
1.594633
1.414785
1.166461
1.137718
1.107563
1.109268
1.177605
1.097910
0.935756
1.176177
1.441904
1.694339
1.780616
1.659908
1.407470
1.145543
0.908934
0.704825
0.531276
0.391930
0.281629
0.183564
0.189648
0.157222
0.151911
0.104320
0.018964
0.000000
0.000000
0.000000
0.000000
0.000000
0.000000
0.000000
0.000000
0.000000
0.010272
0.050664
0.076187
0.102954
0.113576
0.110451
0.106058
0.104096
0.099891
0.083962
0.038785
0.000379
0.000000
0.000066
0.000811
0.023563
0.068901
0.015455
0.000000
0.000000
0.000000
0.000000
0.000000
0.000000
0.000000
0.000000
0.000000
0.000000
0.000000
0.000000
0.000000
0.000000
0.000000
0.000000
0.000000
0.000000
0.000000
0.000000
0.000000
0.000000
0.000000
0.000000
0.000000
0.000000
0.000000
0.000000
0.000000
0.000000
0.000000
0.000000
0.000000
0.000000
0.000000
0.000000
0.000000
0.000000
0.000000
0.000000
0.000000
0.000000
0.017594
0.083134
0.189330
0.275635
0.274531
0.187084
0.081779
0.018828
0.000530
0.000423
0.020159
0.057790
0.112360
0.209392
0.371624
0.599843
0.897569
1.274648
1.738012
2.242641
2.660729
2.670635
2.308619
1.874527
1.439704
1.147112
0.991538
0.730377
0.490674
0.369228
0.567324
0.639909
0.570104
0.370996
0.170620
0.054768
0.003940
0.000000
0.000000
0.000000
0.000000
0.000000
0.000000
0.000000
0.000000
0.000000
0.000000
0.000000
0.000000
0.000000
0.000000
0.000000
0.000000
0.000000
0.000000
0.000000
0.000000
0.000490
0.013778
0.028148
0.035168
0.041975
0.054220
0.080822
0.147744
0.243782
0.182248
0.202354
0.169582
0.089696
0.023066
0.000000
0.000000
0.000000
0.000000
0.000000
0.000000
0.000000
0.000000
0.000000
0.000000
0.000000
0.000000
0.000000
0.000000
0.000000
0.000000
0.000000
0.000000
0.000000
0.000000
0.000000
0.000000
0.000000
0.000000
0.000000
0.000000
0.003475
0.019633
0.052524
0.103227
0.172152
0.246233
0.305798
0.306654
0.249323
0.176547
0.138160
0.212758
0.249516
0.217779
0.142577
0.074325
0.028828
0.071326
0.132086
0.208604
0.285082
0.312388
0.282966
0.313759
0.353651
0.363302
0.363302
0.357172
0.331332
0.260545
0.131074
0.127792
0.223569
0.341367
0.507644
0.774615
1.034422
0.822150
0.530992
0.304734
0.156368
0.086126
0.098226
0.140533
0.149799
0.231002
0.325789
0.443310
0.707349
0.998663
1.471488
1.895413
1.960740
1.764841
1.630393
1.791721
1.832925
1.647635
1.344537
1.095634
1.302435
1.534603
1.794117
2.078901
2.354120
2.547607
2.549738
2.365978
2.106468
1.843523
1.594669
1.396953
1.322048
1.215062
1.043326
0.873050
0.718533
0.590159
0.500432
0.451327
0.434594
0.402385
0.485572
0.505704
0.463092
0.376132
0.283936
0.204261
0.144330
0.101068
0.070868
0.051655
0.055918
0.083659
0.101728
0.095235
0.071083
0.098408
0.136909
0.168706
0.167983
0.134573
0.096033
0.102932
0.135227
0.139145
0.120236
0.083807
0.056698
0.086280
0.212265
0.370165
0.588528
0.679716
0.675704
0.801621
1.138700
1.492887
1.856936
1.802952
1.335533
0.919945
0.595364
0.352974
0.182311
0.071829
0.014892
0.000040
0.006401
0.014940
0.020608
0.022314
0.033120
0.049246
0.060505
0.062714
0.086569
0.155253
0.223786
0.249792
0.202288
0.135323
0.080087
0.051655
0.052528
0.077265
0.102224
0.104784
0.083433
0.054732
0.058115
0.103106
0.164918
0.247635
0.343261
0.449026
0.564682
0.694967
0.833052
0.952234
0.971528
0.884606
0.756922
0.628626
0.506782
0.396024
0.298407
0.215088
0.191689
0.252342
0.285025
0.280404
0.246792
0.226737
0.311803
0.436759
0.579848
0.664190
0.690452
0.741372
0.778548
0.973121
1.201734
1.354959
1.337834
1.169559
0.984714
0.770937
0.685643
0.707357
0.633937
0.606764
0.855891
1.134346
1.295431
1.228724
1.497332
1.970385
2.591918
3.169662
3.150315
2.571098
2.103373
1.918013
1.635715
1.809296
2.205313
2.144809
1.578385
1.188265
1.276389
1.450415
1.461293
1.308748
1.126496
0.932018
0.780744
0.908770
1.019700
1.010811
0.896233
0.756288
0.662835
0.569651
0.664893
0.786540
0.918948
1.059936
1.215752
1.374026
1.497004
1.520125
1.451084
1.276980
1.087397
0.925744
0.927088
1.062762
1.156919
1.155448
1.068709
1.092770
1.511853
2.027998
2.664281
3.611545
4.143891
3.573624
2.604084
1.962358
1.888271
1.931997
1.871937
1.700164
1.503555
1.312885
1.147913
1.023134
1.009660
1.073618
1.208385
1.276893
1.281646
1.465962
1.714704
1.783630
1.659994
1.798984
1.957528
2.108141
2.252046
2.343508
2.421259
2.391120
2.264519
2.105176
1.944774
2.170859
2.768950
3.442366
4.024890
4.111219
3.679942
3.054359
2.447778
2.531559
2.421549
2.466941
2.695552
2.589407
2.290127
1.874161
1.475565
1.495926
1.779357
2.098066
2.453939
2.854423
3.289406
3.745857
4.118421
4.212148
3.947361
3.518350
3.029844
2.608804
2.735200
2.697577
2.526028
2.294991
2.414225
2.744101
2.838882
3.108068
3.601138
4.002285
3.998474
3.569034
2.988925
3.255833
3.583098
3.874346
4.057033
3.966695
3.759399
3.471328
3.127028
2.786552
2.477977
2.448407
2.744926
3.074310
3.405486
3.731307
3.989594
3.999148
3.745348
3.384857
3.017545
2.674130
2.354837
2.056530
2.105522
2.364462
2.640815
2.864388
2.935257
2.838829
2.602359
2.352134
2.110522
1.916921
1.887564
1.800953
1.659829
1.586268
1.815189
2.070586
2.325954
2.492633
2.496205
2.357274
2.161322
1.934937
1.720297
1.534380
1.360687
1.201865
1.151911
1.321916
1.498773
1.674200
1.844681
1.992316
2.139937
2.307230
2.481613
2.652672
2.731695
2.663783
2.793322
2.970701
3.119859
3.128202
2.997135
2.832093
2.675073
2.603952
2.470230
2.316420
2.191299
2.205191
2.187848
2.297477
2.344944
2.437535
2.632021
2.776961
2.807176
2.736258
2.676154
2.633381
2.684636
2.665938
2.562615
2.753356
2.941101
3.022017
3.043641
3.173145
3.334942
3.432913
3.372668
3.210368
2.989843
2.758209
2.801154
3.070368
3.371143
3.652000
3.868656
3.852919
3.628142
3.561755
3.755093
3.846017
3.748767
3.552574
3.298148
3.014332
2.724616
2.490109
2.456163
2.468413
2.381523
2.289418
2.104339
1.887942
1.670672
1.470021
1.291794
1.130380
0.977631
0.832080
0.699499
0.582250
0.481900
0.394566
0.317842
0.244075
0.176784
0.123692
0.083316
0.050418
0.025218
0.008228
0.000516
0.000000
0.000000
0.000000
0.000000
0.000680
0.009965
0.027747
0.054995
0.094089
0.144010
0.192972
0.218012
0.213251
0.180149
0.166125
0.147012
0.105363
0.068917
0.170427
0.337995
0.575005
0.889402
1.318521
1.727326
1.911841
1.959581
1.952862
1.886012
1.742907
1.491853
1.420686
1.347230
1.269184
1.268190
1.574255
1.981886
2.371729
2.674440
2.834059
3.201589
3.529202
3.446644
3.059064
2.561741
2.078490
1.653304
1.294665
0.993708
0.741849
0.534805
0.365793
0.231855
0.128398
0.057071
0.015447
0.000245
0.000000
0.000000
0.000000
0.000000
0.000000
0.000000
0.000000
0.000000
0.000000
0.000000
0.000000
0.000000
0.000000
0.000000
0.000000
0.000000
0.000000
0.000000
0.000000
0.000000
0.000000
0.000000
0.000000
0.000000
0.000000
0.000000
0.000000
0.000000
0.000000
0.000000
0.000000
0.000000
0.000000
0.000000
0.000000
0.000000
0.000000
0.000000
0.000000
0.000000
0.000000
0.000000
0.000000
0.000000
0.000000
0.000000
0.000000
0.000000
0.000000
0.000000
0.000000
0.002135
0.045467
0.154103
0.347000
0.655625
0.924409
1.071433
1.188096
1.605246
1.972885
2.029027
1.777699
1.391750
1.051269
0.828112
1.131555
1.472744
1.777324
1.894780
1.733428
1.450989
1.824393
2.299655
2.752525
2.884274
3.076230
3.657068
4.097972
3.384980
2.568909
1.931631
1.472707
1.095687
0.759948
0.915516
1.130030
1.363297
1.585497
1.692929
1.859290
2.072978
2.199480
2.104935
1.828621
1.515822
1.239282
1.228033
1.256071
1.194878
1.018377
0.854937
0.771379
0.619043
0.463878
0.352167
0.439348
0.542516
0.650808
0.822686
1.126216
1.493303
1.904078
2.425577
3.070921
3.754762
4.259563
4.261442
3.754986
3.053567
2.405950
1.865983
1.413342
1.035463
1.084884
1.125142
1.065229
0.925623
0.789185
0.677115
0.581303
0.574508
0.625030
0.763421
0.945061
1.159910
1.408653
1.701596
2.038271
2.374981
2.573652
2.535255
2.310109
1.984293
1.683200
1.421585
1.207002
1.069957
1.069227
0.994729
0.880026
1.048443
1.336666
1.677842
1.934465
1.944151
1.721990
1.385553
1.062467
0.857825
1.010353
1.194836
1.397049
1.627940
1.872113
2.077310
2.150678
2.047509
1.846484
1.623226
1.416892
1.223269
1.037360
0.865849
0.707964
0.745166
0.879650
1.060583
1.267908
1.450830
1.529357
1.460915
1.265671
1.052569
0.862697
0.683427
0.739137
0.926766
1.097307
1.156614
1.079336
0.897320
0.713586
0.574138
0.456120
0.481548
0.576367
0.594271
0.582178
0.753636
0.980786
1.213429
1.379683
1.373998
1.201962
0.941056
0.722141
0.737085
0.677299
0.563998
0.444216
0.336645
0.339220
0.424956
0.494140
0.510929
0.471751
0.407961
0.335144
0.262416
0.194262
0.133291
0.086388
0.050210
0.024953
0.024868
0.035794
0.062073
0.090743
0.086944
0.076585
0.083943
0.067522
0.082504
0.118602
0.138516
0.126459
0.093248
0.104847
0.118752
0.120196
0.099212
0.096672
0.078389
0.049033
0.021950
0.039426
0.132811
0.293350
0.546014
0.923592
1.427500
1.616054
1.403991
0.897405
0.537160
0.323108
0.167950
0.075048
0.015731
0.000000
0.000000
0.000000
0.000000
0.000000
0.000000
0.000000
0.000000
0.000000
0.000159
0.020954
0.068133
0.103316
0.074087
0.028863
0.006843
0.010924
0.003721
0.003977
0.005207
0.004442
0.016976
0.023537
0.046357
0.058452
0.076179
0.108405
0.146037
0.159100
0.130753
0.110312
0.073993
0.035056
0.050601
0.095376
0.121718
0.202748
0.290194
0.359815
0.453231
0.486767
0.422750
0.306512
0.192622
0.104515
0.131106
0.246384
0.411984
0.632237
0.922082
1.284092
1.714978
2.249126
2.892349
3.660594
4.496569
5.212263
5.221647
4.519694
3.687297
2.924445
2.286056
1.751347
1.303928
0.944819
0.682344
0.457045
0.282501
0.175376
0.162643
0.206535
0.316587
0.448902
0.579280
0.648137
0.621817
0.498949
0.364805
0.296914
0.414539
0.551560
0.691483
0.758255
0.730525
0.616733
0.483454
0.357456
0.331906
0.451401
0.587605
0.716997
0.811040
0.854725
0.934659
0.905357
0.792309
0.655458
0.575729
0.470099
0.354023
0.313696
0.321764
0.347842
0.343083
0.294453
0.314576
0.451285
0.617652
0.821823
1.054136
1.260857
1.383755
1.289082
1.566967
1.955140
2.154522
2.204205
2.155576
2.106812
2.056779
1.980382
1.786549
1.414345
1.450084
1.430027
1.702616
1.990547
2.057638
1.993217
1.875484
1.779123
2.068187
2.622227
3.229253
3.585888
3.294531
2.732751
2.128382
1.687732
1.403902
1.155820
0.926852
0.726328
0.558959
0.591634
0.571848
0.439535
0.268059
0.145851
0.221041
0.293914
0.294329
0.214411
0.195467
0.259716
0.295933
0.263821
0.207243
0.150118
0.160725
0.169897
0.236976
0.322654
0.342481
0.294345
0.350282
0.354831
0.327983
0.311065
0.296346
0.383796
0.496215
0.524182
0.472608
0.360732
0.259158
0.200813
0.257826
0.273393
0.234155
0.214151
0.280399
0.362349
0.458123
0.551859
0.620012
0.613610
0.540920
0.467880
0.507266
0.532935
0.508376
0.436193
0.365188
0.610122
0.945544
1.370931
2.020469
2.470934
2.639669
2.680961
2.682942
2.650931
2.531839
2.239995
1.803552
2.178259
2.353530
2.156194
1.806746
1.532259
1.846671
2.279536
2.577745
2.918386
3.137140
2.940804
2.544346
2.110706
1.749725
1.418028
1.344004
1.723640
1.740944
1.408695
1.140919
1.141722
1.200803
1.234018
1.240888
1.240114
1.226511
1.174228
1.006282
0.656478
0.347006
0.318376
0.428485
0.514110
0.578268
0.683087
0.833806
0.995311
1.068839
1.007468
0.908863
0.837252
0.687499
0.658041
0.700394
0.695910
0.655316
0.636081
0.748379
0.800742
0.842104
0.837983
0.805122
0.733884
0.601193
0.503284
0.526632
0.632056
0.653287
0.644756
0.652306
0.811270
1.052361
1.416550
1.897080
2.363758
2.547944
2.369506
1.902200
1.428544
1.587304
1.788227
1.986920
2.139738
2.193650
2.110586
2.023291
1.955178
2.109068
2.205697
2.183272
2.079429
2.033750
1.972213
1.995670
2.059394
2.047742
1.918450
1.934103
1.953031
1.955775
1.860566
1.884262
2.030786
2.055516
2.300550
2.561340
2.769553
2.748746
2.513257
2.260307
2.149106
2.173123
2.302787
2.386079
2.563217
2.742581
2.817971
2.827313
2.704198
2.454829
2.200081
1.971898
1.758158
1.596861
1.493784
1.341174
1.279948
1.267771
1.318920
1.305464
1.179069
1.013662
1.154021
1.350301
1.347494
1.212599
1.217304
1.573348
2.098836
2.747710
3.493271
4.312659
5.433859
7.040698
7.871494
8.104112
7.902754
7.105351
5.540440
4.381222
3.567653
2.927859
3.267799
3.484668
3.504437
3.336293
3.072141
2.909877
2.975478
3.368799
3.580376
4.119218
4.739004
5.238522
5.479694
5.145731
4.597332
3.955094
3.343769
2.785850
2.286484
2.170438
2.855933
3.849177
4.163491
3.765573
2.661070
1.875225
1.363541
1.177173
1.043870
0.877035
0.817012
0.775220
0.755781
0.662694
0.533161
0.457910
0.417288
0.449719
0.528013
0.544250
0.508910
0.428553
0.323501
0.264078
0.334026
0.387546
0.394312
0.435962
0.433889
0.659323
0.980584
1.162511
1.185345
1.077270
0.909748
0.752748
0.784860
0.882354
0.929607
0.864395
0.978605
1.110100
1.232580
1.339264
1.380802
1.368255
1.398522
1.360541
1.289956
1.401800
1.393440
1.260743
1.117770
0.997640
0.940980
0.849449
0.874272
0.977598
1.010390
0.944073
0.848969
0.768326
0.651878
0.588114
0.665034
0.721502
0.719614
0.819161
0.853557
0.870460
0.839600
0.808906
0.841770
0.911799
0.924562
0.839256
0.718747
0.591850
0.599293
0.672391
0.672276
0.708361
0.725489
0.809845
0.825094
0.972615
1.125431
1.187761
1.380190
1.451654
1.383412
1.194612
0.991052
1.032502
1.106702
1.116654
1.418815
1.874013
2.380327
2.946825
3.265671
2.965931
3.252028
3.685286
3.900748
3.690204
3.276577
2.902235
2.531657
2.333459
2.077937
2.021748
2.233815
2.329210
2.168230
1.969110
1.733613
1.446688
1.373769
1.431099
1.385132
1.340439
1.475866
1.674209
1.776211
1.738611
1.763175
1.819589
1.765458
1.581276
1.319207
1.063542
0.833187
0.652691
0.583475
0.617063
0.804208
1.078146
1.410940
1.802812
2.255823
2.738971
3.166412
3.361764
3.105283
2.761501
2.409237
2.006610
1.618938
1.317775
1.334285
1.388875
1.310668
1.139484
1.228770
1.300187
1.455598
1.437036
1.370249
1.354165
1.328755
1.223976
1.089096
0.985097
1.002769
1.009561
1.020461
0.943045
0.929214
0.834533
0.678723
0.617890
0.778041
0.956663
1.143412
1.300012
1.367948
1.405694
1.434179
1.355974
1.183835
1.003320
0.828601
0.672315
0.534113
0.414638
0.316033
0.294417
0.353767
0.413149
0.412461
0.355271
0.359412
0.430710
0.497416
0.531759
0.523273
0.473748
0.477039
0.478273
0.681551
1.019540
1.362581
1.883717
2.250041
2.397517
2.441319
2.444483
2.437165
2.419452
2.354680
2.284009
2.846262
3.532093
4.262938
4.865949
5.197650
5.229428
5.547842
5.419162
4.758280
4.062961
3.440774
3.226533
2.768437
2.006891
1.425190
0.965898
0.782427
0.759618
0.802973
0.724033
0.676115
0.848004
1.029395
1.101087
1.032004
0.837044
0.630075
0.455638
0.316657
0.205089
0.149119
0.184026
0.250681
0.306911
0.391182
0.500489
0.622468
0.734844
0.799005
0.903574
1.018532
1.010498
0.877715
0.706348
0.546906
0.406709
0.289816
0.205450
0.169715
0.198848
0.269490
0.370333
0.380486
0.378702
0.406372
0.460084
0.542748
0.609576
0.606983
0.670976
0.768096
0.828352
0.795307
0.688623
0.582564
0.593372
0.674683
0.725185
0.712456
0.720248
0.804270
0.817057
0.826171
0.938961
1.078424
1.234415
1.382206
1.483373
1.504133
1.396181
1.229157
1.191301
1.250776
1.365053
1.472342
1.543611
1.650900
1.671174
1.561287
1.424113
1.530287
1.664439
1.694420
1.601658
1.504487
1.580512
1.610700
1.551969
1.418018
1.555765
1.710269
1.817735
1.839525
1.809242
1.935920
2.093993
2.154483
2.097047
1.981150
1.859499
2.005490
2.196859
2.257965
2.204012
2.173880
2.008487
1.685625
1.528215
1.577404
1.607021
1.628670
1.611807
1.551101
1.756420
1.835820
1.789873
1.605268
1.426312
1.575445
1.683488
1.787943
1.964943
2.155897
2.296621
2.333590
2.200998
2.103591
2.604865
3.136211
3.813317
4.555932
5.088505
5.074820
4.517435
3.782514
3.066486
2.445465
2.639708
3.061879
3.571611
3.816155
3.772900
3.461374
3.046687
2.786984
3.022918
3.162650
3.390088
3.363494
3.173018
3.441620
3.838252
4.335570
4.886375
5.408550
5.849182
5.939344
5.638833
5.085303
4.502471
3.955688
3.544382
3.421681
3.562600
3.848577
4.128060
4.352829
4.396861
4.228064
3.928733
3.721634
3.641706
3.871834
3.901970
3.774248
3.629123
3.349871
2.996473
2.650709
2.387265
2.541692
2.644159
2.669842
2.652510
2.612349
2.545185
2.467065
2.607602
2.655294
2.580229
2.398465
2.195811
1.998485
1.811351
1.653251
1.584074
1.581346
1.693095
1.731549
1.674318
1.669556
1.650616
1.508593
1.332633
1.156572
1.039411
0.913306
0.906997
1.158654
1.398653
1.500971
1.392986
1.150360
0.902366
1.118583
1.274932
1.458141
1.276183
0.965896
0.654631
0.618837
0.556555
0.461469
0.352784
0.257636
0.182757
0.198441
0.291861
0.388523
0.475379
0.558108
0.583263
0.508651
0.398017
0.282518
0.181619
0.105008
0.062694
0.043973
0.015975
0.011050
0.001304
0.000000
0.000000
0.000000
0.000000
0.000250
0.000505
0.000000
0.000000
0.000000
0.000000
0.000000
0.000000
0.014110
0.052538
0.112828
0.213503
0.309974
0.401260
0.422751
0.664614
0.974615
1.363919
1.845757
2.426630
3.097365
3.820507
4.443904
4.520549
4.052969
3.709546
3.524796
3.096096
2.539072
2.383015
1.922683
1.424605
1.000306
0.662582
0.406625
0.219910
0.093422
0.021476
0.000000
0.000000
0.000000
0.000000
0.000000
0.000000
0.000000
0.000000
0.000000
0.003097
0.016008
0.000000
0.404985
1.158648
0.000000
0.000000
0.000000
0.000000
0.000000
0.000000
0.000000
0.000000
