track	type=wiggle_0
fixedStep	chrom=chr	start=1	step=1
0.000000
0.000000
0.000000
0.000000
0.000000
0.000000
0.000000
0.000000
0.000000
0.006745
0.023219
0.078555
0.249931
0.499618
0.582380
0.469696
0.206213
0.078048
0.044471
0.137239
0.271074
0.439171
0.635925
0.884263
1.120636
1.227864
1.069465
0.810978
1.039397
1.239534
1.328572
1.302270
1.248009
1.518484
1.911043
2.382687
2.951863
3.580350
4.064745
4.061075
3.571835
2.974025
2.440653
2.000232
2.278664
2.519513
2.632967
2.466872
2.125309
1.736388
1.381505
1.076797
0.820961
0.616165
0.449285
0.320416
0.252910
0.254087
0.205536
0.209859
0.446658
0.782088
0.911251
0.940166
0.911251
0.779555
0.436425
0.185475
0.054702
0.003715
0.000000
0.000000
0.000000
0.000000
0.000000
0.000000
0.000000
0.000000
0.000324
0.041357
0.149541
0.316145
0.484496
0.660834
0.817333
0.971996
1.048842
1.182620
1.250128
1.352089
1.515187
1.708207
1.901411
2.032599
2.222811
2.344940
2.328988
2.200469
1.995555
1.781252
1.576897
1.389079
1.215841
1.053066
0.989766
0.992802
1.087928
1.139251
1.154669
1.193680
1.301890
1.467004
1.587809
1.655543
1.584375
1.454694
1.555029
1.795000
2.101539
2.507788
2.650059
3.007852
3.340152
3.586120
3.625101
3.347018
3.011040
2.611817
2.267622
2.277748
2.708408
3.224179
3.722454
3.822478
3.350548
2.717898
2.145525
1.638201
1.217831
0.877334
0.610457
0.558693
0.655189
0.704281
0.661929
0.635298
0.566406
0.467227
0.620178
0.661698
0.561878
0.419413
0.254432
0.145295
0.121021
0.118423
0.106377
0.077840
0.049103
0.025722
0.012868
0.003702
0.006583
0.010572
0.007929
0.001357
0.000000
0.000000
0.011877
0.025729
0.030023
0.030992
0.030992
0.030023
0.024853
0.009685
0.000000
0.000000
0.000000
0.000000
0.000000
0.000000
0.000000
0.000000
0.000000
0.000152
0.005750
0.020309
0.041507
0.063775
0.074366
0.104408
0.112620
0.071823
0.099383
0.114580
0.109645
0.097814
0.079645
0.055905
0.034155
0.016651
0.020656
0.037220
0.040520
0.042190
0.036484
0.022775
0.009152
0.003505
0.003235
0.001274
0.000000
0.000000
0.000000
0.000000
0.000000
0.000000
0.000000
0.000000
0.006021
0.093370
0.167906
0.200076
0.220980
0.225610
0.226891
0.223360
0.206831
0.151611
0.042514
0.000843
0.000000
0.001404
0.012061
0.011483
0.000809
0.000876
0.038364
0.161078
0.343014
0.314703
0.325016
0.314703
0.267699
0.159804
0.039216
0.000326
0.000000
0.000000
0.000000
0.000000
0.000000
0.000000
0.000000
0.000000
0.000000
0.000000
0.000000
0.000000
0.000000
0.000071
0.000000
0.000000
0.001315
0.006217
0.004523
0.000275
0.000285
0.000133
0.004741
0.018250
0.044394
0.083073
0.122972
0.139736
0.146822
0.153667
0.160030
0.239216
0.337304
0.442741
0.520905
0.615896
0.844491
1.121462
1.451682
1.838585
2.262286
2.627406
2.854769
2.803758
2.433807
2.014907
1.645603
1.312252
1.106534
1.063468
1.053062
1.023757
0.944372
0.789284
0.610472
0.517708
0.390562
0.267775
0.167140
0.090905
0.038986
0.009750
0.019128
0.081978
0.203826
0.386652
0.614827
0.837587
1.063649
1.402607
1.557964
1.333593
0.896716
0.579361
0.369591
0.200704
0.080397
0.015095
0.001749
0.000000
0.000000
0.000000
0.000000
0.000000
0.000000
0.000000
0.000000
0.001784
0.007776
0.011246
0.006764
0.001071
0.000000
0.000000
0.000000
0.000000
0.000000
0.000000
0.000000
0.000000
0.000000
0.000000
0.000000
0.000000
0.000000
0.000000
0.000000
0.000000
0.000000
0.000000
0.000000
0.000000
0.000000
0.000000
0.000000
0.000000
0.000000
0.000000
0.000000
0.000000
0.000000
0.000000
0.000000
0.000000
0.000000
0.000000
0.000000
0.000000
0.000000
0.000000
0.000000
0.018779
0.060837
0.079648
0.116233
0.145174
0.148097
0.144920
0.142930
0.137718
0.165716
0.260224
0.374348
0.484703
0.531235
0.484553
0.374188
0.260090
0.165628
0.094504
0.044261
0.013675
0.000698
0.000000
0.001541
0.053636
0.098671
0.118265
0.131838
0.145211
0.145211
0.131684
0.117614
0.096489
0.049748
0.000526
0.000252
0.007256
0.025439
0.054666
0.091629
0.126387
0.132624
0.110257
0.071073
0.037019
0.014029
0.002641
0.000879
0.000167
0.001016
0.006785
0.014047
0.018390
0.012340
0.002882
0.000000
0.000000
0.000000
0.000000
0.000000
0.000000
0.000000
0.000000
0.000000
0.000000
0.000000
0.000262
0.001893
0.001005
0.003205
0.006228
0.004970
0.000725
0.011479
0.026243
0.058464
0.149951
0.294538
0.497667
0.761130
1.061117
1.334986
1.359278
1.336585
1.719117
2.157052
2.596071
2.898893
2.897204
2.589061
2.141547
1.771759
1.465432
1.142706
0.918857
1.151235
1.535577
2.137048
2.467861
2.563514
2.586148
2.717909
2.792326
2.554569
2.444577
2.073970
1.418052
0.999602
0.704239
0.636751
0.681715
0.551883
0.584011
0.663293
0.685954
0.654731
0.752954
0.676701
0.758853
0.814377
0.812147
0.858491
0.980186
1.017672
0.922840
0.750132
0.579325
0.429753
0.305579
0.332736
0.354401
0.427659
0.530406
0.647054
0.778243
0.920139
1.059714
1.184555
1.312461
1.336180
1.246078
1.546927
2.026822
2.452517
2.680167
2.423060
2.231450
2.148386
1.949051
1.734284
1.538755
1.716488
1.854980
1.851613
1.709210
1.517694
1.569346
1.722354
1.764151
1.677187
1.497800
1.609691
1.833616
2.170909
2.554534
2.763572
2.609579
2.353611
1.976039
1.758239
1.829726
1.848868
1.964110
1.819469
1.772993
1.937618
2.045302
2.431628
3.172790
4.188387
5.598288
6.250200
6.426426
6.426427
6.276470
5.732604
5.774912
5.762379
5.337623
4.789360
4.234706
3.720758
3.253613
2.834708
2.510712
3.024669
3.606807
4.239943
4.816380
5.441411
5.860138
6.633671
7.578191
8.455022
8.826551
8.460790
7.589897
6.600256
5.668467
4.842463
4.112238
3.482438
2.967128
2.487125
2.046638
1.662051
1.327973
1.038523
0.794236
0.592436
0.431362
0.307400
0.207586
0.229652
0.286621
0.287764
0.307626
0.381017
0.384385
0.317084
0.304620
0.392641
0.442893
0.420552
0.355438
0.274337
0.352219
0.423896
0.479286
0.480824
0.427442
0.361605
0.290426
0.221181
0.181539
0.216675
0.216399
0.225058
0.258083
0.309367
0.373525
0.406722
0.342062
0.347587
0.357218
0.436872
0.527142
0.621036
0.707670
0.750329
0.787450
0.781232
0.719051
0.763804
0.823143
0.817060
0.756256
0.681416
0.682719
0.752939
0.757438
0.848196
0.941279
1.213840
1.659838
2.131864
2.117426
1.605496
1.148288
0.777356
0.712167
0.800222
0.849963
0.823170
0.750106
0.722627
0.764475
0.768180
0.739511
0.662909
0.706815
0.818491
0.922497
0.967306
0.920567
0.859757
0.867342
0.824436
0.725441
0.612700
0.510420
0.428145
0.809951
1.133320
1.223563
1.134965
0.866937
1.032494
1.209360
1.409664
1.637431
1.890750
2.162071
2.480783
2.819302
3.153158
3.420737
3.468803
3.292097
3.015865
2.726441
2.449331
2.206234
1.978232
1.740679
1.533982
1.379830
1.314493
1.198996
1.052540
0.913415
0.793135
0.667962
0.739237
0.906223
1.079355
1.268703
1.513055
1.793041
2.005736
2.003168
1.779964
1.499873
1.248766
1.008070
0.787717
0.596592
0.434521
0.374854
0.401482
0.368598
0.420606
0.439378
0.535951
0.662304
0.853118
1.066702
1.242549
1.270401
1.239441
1.557068
1.985181
2.426363
2.639598
2.477947
2.046967
1.597280
1.229188
0.908415
0.819432
1.073882
1.298617
1.512687
1.835296
2.238533
2.648095
2.981247
2.958873
2.608719
2.144604
1.711157
1.343534
1.035830
0.777051
0.567082
0.394010
0.258715
0.162709
0.086592
0.035402
0.047408
0.082827
0.127611
0.178912
0.230145
0.268091
0.302649
0.312185
0.292716
0.254360
0.299067
0.375251
0.466135
0.559810
0.626185
0.637133
0.587855
0.503650
0.413922
0.332737
0.258578
0.262634
0.281699
0.275426
0.241455
0.196817
0.156052
0.111229
0.063443
0.037283
0.021491
0.029337
0.045283
0.057875
0.052978
0.035801
0.023667
0.012923
0.008612
0.011333
0.012728
0.018767
0.019115
0.016115
0.016213
0.022531
0.035562
0.048300
0.049288
0.074267
0.131591
0.149815
0.154349
0.154925
0.155418
0.157465
0.231601
0.372030
0.549869
0.773145
1.055533
1.407460
1.831427
2.329759
2.919887
3.592961
4.264611
4.777432
4.777228
4.251219
3.517972
2.816899
2.246985
1.882533
1.986705
2.094213
1.941851
1.673371
1.350457
1.037371
1.236571
1.517472
1.826897
2.144886
2.349471
2.300804
2.041275
1.698010
1.379590
1.156151
1.430990
1.625396
1.623778
1.416566
1.458706
1.626547
1.716288
1.608002
1.402900
1.330867
1.752005
2.154094
2.474601
3.102329
3.950922
4.542121
3.972218
3.144447
2.441853
2.153251
2.249175
2.154986
1.882496
1.602143
1.344542
1.130029
0.991436
0.854936
0.760536
0.850779
1.007845
1.182200
1.319620
1.365182
1.267695
1.090333
0.900924
0.716079
0.558609
0.448492
0.438213
0.442280
0.460528
0.439477
0.483637
0.525439
0.615390
0.759606
0.908041
1.047752
1.127013
1.131263
1.041134
0.889161
0.741988
0.604613
0.478849
0.379209
0.537537
0.809746
1.130825
1.525702
1.856212
1.880401
1.602086
1.291114
1.108400
0.967221
0.939057
1.248433
1.741153
2.400204
2.826978
2.979141
2.976201
2.798321
2.282683
1.507428
1.006280
0.674721
0.437625
0.352681
0.406262
0.384732
0.559030
0.708101
0.734635
0.858235
0.860558
0.731810
0.551372
0.387616
0.253678
0.215048
0.415077
0.695186
1.068583
1.273650
1.245507
0.945623
0.544650
0.288560
0.131492
0.044875
0.004561
0.000000
0.000000
0.000000
0.000000
0.000000
0.000000
0.000000
0.000000
0.000000
0.000000
0.000000
0.000000
0.000000
0.000000
0.000000
0.000000
0.000000
0.000000
0.000000
0.000000
0.000000
0.000000
0.000000
0.000000
0.000000
0.000000
0.000000
0.000000
0.000000
0.000000
0.000000
0.000000
0.000000
0.000000
0.000000
0.000000
0.000000
0.000000
0.000000
0.000000
0.000000
0.000000
0.000000
0.000000
0.000000
0.014401
0.062440
0.150125
0.282845
0.477119
0.738041
1.072592
1.494362
1.997800
2.560189
3.022700
3.029165
2.573905
2.021593
1.513580
1.305445
1.626878
2.039887
2.458178
2.644508
2.560103
2.199826
1.787914
1.390376
1.047379
0.784366
0.582618
0.405912
0.403678
0.331003
0.225705
0.178668
0.164834
0.116996
0.115901
0.127114
0.087747
0.029049
0.000388
0.000000
0.000000
0.000000
0.000000
0.000000
0.000000
0.000000
0.000000
0.000000
0.000000
0.000000
0.000000
0.000000
0.000000
0.007864
0.073984
0.120432
0.134873
0.138214
0.138295
0.134590
0.118278
0.066955
0.007859
0.011953
0.007359
0.014896
0.029180
0.034709
0.027817
0.013760
0.006690
0.008610
0.004392
0.000307
0.000000
0.000000
0.000000
0.000000
0.000000
0.000000
0.000000
0.000000
0.000000
0.000000
0.000000
0.000001
0.007243
0.009686
0.015960
0.078328
0.192629
0.363099
0.596905
0.902758
1.288196
1.763926
2.315913
2.857670
2.825479
2.264257
1.761691
1.351074
1.587232
2.009411
2.497066
3.054384
3.629349
4.056697
4.189461
3.898239
3.358924
2.937247
3.453165
3.965644
4.309348
4.313406
4.337749
4.714321
4.791920
4.196496
3.480883
2.775378
2.163738
1.662152
1.253719
0.912946
0.815270
0.823015
0.797687
0.683375
0.586968
0.545062
0.450894
0.334794
0.228174
0.147649
0.090338
0.047183
0.038460
0.040832
0.025250
0.042657
0.074797
0.116626
0.170347
0.235016
0.326022
0.404590
0.502900
0.587877
0.624094
0.654676
0.590841
0.483412
0.380233
0.303068
0.250204
0.238986
0.320466
0.420582
0.538390
0.671196
0.816217
0.954637
1.063567
1.106552
1.146170
1.248674
1.421736
1.645904
1.893586
2.112109
2.232931
2.156277
1.997880
2.089313
2.050705
1.944088
1.794552
1.650206
1.630666
1.776426
1.922144
2.033690
2.213433
2.441873
2.690921
2.897063
2.956378
2.885279
2.672641
2.431648
2.195465
2.467915
2.904797
2.995816
2.715036
2.371809
2.267887
2.014850
1.452788
1.430111
1.513076
1.581374
1.814832
2.025600
2.115645
1.966969
2.153984
2.381997
2.326351
2.404058
2.674750
2.902552
3.252445
3.661541
4.118334
4.596132
5.087103
5.518198
5.751897
5.732497
5.742491
5.944119
6.111867
5.962545
6.092003
6.354416
6.493066
6.170935
5.666513
5.114410
4.968312
5.648687
6.422921
7.224676
7.960884
8.313541
8.002803
7.279264
6.460779
5.660985
4.941396
4.302201
3.731202
3.247808
2.984773
2.769352
2.712921
2.869289
2.832033
2.596570
2.334833
2.140612
2.397902
2.698124
2.974638
3.230834
3.409423
3.376051
3.125221
2.800165
2.467643
2.152164
1.861515
1.606455
1.377259
1.175772
1.012656
1.120771
1.218884
1.383414
1.537597
1.667608
1.759330
1.812122
1.746639
1.847824
1.913237
1.844368
1.680873
1.505832
1.347237
1.461627
1.679579
1.873233
2.035109
2.166252
2.180260
2.050827
1.869924
1.655499
1.437463
1.232859
1.044304
1.043588
1.064407
1.012990
1.090572
1.132669
1.114817
1.014472
1.008214
1.139764
1.249491
1.404257
1.663280
1.972084
2.306891
2.538350
2.646694
2.566870
2.311902
1.980341
2.095659
2.307909
2.554179
2.800783
2.986427
3.060949
2.992039
2.801937
2.581820
2.364530
2.146992
1.940108
1.746179
1.576585
1.421347
1.264179
1.056148
0.839792
0.615236
0.491144
0.413789
0.351239
0.404677
0.432690
0.406270
0.352375
0.389061
0.467980
0.521572
0.561019
0.537195
0.587648
0.681254
0.790292
0.925183
1.082494
1.207428
1.235800
1.138735
1.007636
0.968592
0.926399
0.813403
0.686921
0.599229
0.547267
0.586424
0.694991
0.813369
0.949901
1.105994
1.272543
1.431109
1.565580
1.726323
1.886925
1.919553
1.837109
1.895904
2.154051
2.286320
2.129844
1.864907
1.584951
1.572376
1.866002
2.174097
2.417885
2.477876
2.312656
2.055075
1.782784
1.528456
1.304962
1.119868
0.980567
1.292762
1.747262
2.252333
2.679740
2.913544
2.644048
2.203828
1.733204
1.536669
1.924697
2.339489
2.670121
2.719963
2.458502
2.331335
2.054301
1.706296
1.391422
1.088495
0.812903
0.588458
0.678057
0.957812
1.369101
1.929469
2.427243
2.632594
2.690794
2.655477
2.598414
2.530603
2.365463
2.072192
1.591928
1.390009
1.302469
1.246336
1.173823
1.028213
0.746954
0.420984
0.206137
0.072699
0.008653
0.000000
0.000000
0.000000
0.000000
0.000205
0.008893
0.015632
0.005445
0.000000
0.000000
0.000000
0.000000
0.000000
0.000000
0.000000
0.000000
0.000000
0.000000
0.000000
0.000000
0.000000
0.000000
0.000000
0.000000
0.001366
0.013559
0.020399
0.016611
0.023763
0.049878
0.064084
0.068201
0.069055
0.068676
0.068298
0.067640
0.061030
0.038908
0.011009
0.064976
0.114613
0.119878
0.073284
0.016737
0.000169
0.001368
0.000730
0.000000
0.000000
0.000000
0.000000
0.000000
0.000000
0.000000
0.000000
0.000000
0.000000
0.000000
0.000000
0.000000
0.000000
0.000000
0.000000
0.000000
0.000000
0.000000
0.000000
0.000000
0.000000
0.015662
0.078486
0.150577
0.187468
0.194032
0.185475
0.149314
0.079656
0.035301
0.101070
0.189026
0.249500
0.260028
0.365141
0.487128
0.633038
0.717172
0.920373
1.100876
1.139749
1.351076
1.825096
2.489559
3.021914
3.231466
3.278518
3.280744
3.278251
3.258990
3.205041
3.013802
2.553871
1.841864
1.554798
1.524882
1.229741
0.917261
0.757580
0.650341
0.698098
0.769780
0.906027
1.146965
1.402877
1.592235
1.619985
1.494861
1.385261
1.236403
1.282195
1.486342
1.620896
1.572823
1.373392
1.115342
0.860972
0.640716
0.771565
0.909603
1.093862
1.280857
1.300549
1.466468
1.884391
2.407056
3.016585
3.719935
4.364950
4.703323
4.368933
3.729204
3.046470
2.450964
1.916646
1.457796
1.080768
0.776933
0.560986
0.537587
0.783086
1.185226
1.366444
1.356326
1.143356
0.663891
0.552733
0.575366
0.690766
0.759347
0.767333
0.859932
0.957443
1.050618
1.160153
1.276054
1.340490
1.459463
1.569056
1.558169
1.427148
1.244360
1.106446
1.243641
1.361421
1.501482
1.654349
1.716638
1.678821
1.612059
1.657029
1.761437
1.925232
2.107887
2.322461
2.540692
2.665284
2.648041
2.513057
2.476496
2.274470
2.250497
2.438747
2.659383
2.777121
2.758204
2.644369
2.671716
2.653206
2.717033
2.732795
2.984401
3.255874
3.520506
3.814597
4.089540
4.225095
4.162915
3.884470
3.540796
3.193229
2.935574
3.182385
3.604338
4.044645
4.433045
4.572837
4.667369
5.079343
5.058782
4.574498
3.979358
3.369367
2.809954
2.684576
2.834125
3.245776
3.658432
4.006011
4.284228
4.384527
4.853626
5.380633
5.928577
6.447851
6.750309
6.797767
6.479174
5.932719
5.321796
4.736545
4.220644
3.745274
3.314654
2.916905
2.555531
2.223565
1.908111
1.620512
1.388588
1.514359
1.982137
2.628424
3.258714
3.793271
4.081089
4.013159
3.669318
3.468968
4.373219
4.594671
5.437981
6.379853
7.258237
7.500878
7.113384
6.235753
5.291765
4.413919
3.643536
2.985476
2.424362
2.050631
2.305876
2.530492
2.644152
2.627215
2.463428
2.256751
2.433424
2.586837
2.638794
2.708984
2.697034
2.558570
2.336934
2.120565
2.164046
2.253385
2.309619
2.235639
2.114330
2.007967
1.832989
1.642465
1.421463
1.212892
1.036002
0.898789
0.782788
0.660774
0.640483
0.771447
0.892103
0.917257
0.849002
0.731122
0.853103
1.010470
1.105140
1.141538
1.140006
1.131769
1.025374
0.928111
0.962366
1.051220
1.073084
1.051951
0.974512
0.837269
0.695892
0.722149
0.958019
1.161402
1.298954
1.405907
1.407080
1.327680
1.202127
1.049217
1.033981
1.167354
1.301898
1.452209
1.609507
1.755097
1.886003
1.906853
1.866002
1.756115
1.910280
2.048198
1.924847
1.837024
1.992525
2.103916
2.200539
2.203341
2.122403
2.028329
1.837167
1.825110
1.940242
2.019995
2.023743
1.945985
1.792863
1.755509
1.892503
1.994581
1.979493
1.883481
1.943320
2.182945
2.451524
2.569252
2.604627
2.833165
2.916418
2.974746
2.903700
2.947783
2.882148
2.773589
2.694134
2.786126
2.608932
2.652363
2.796900
2.850943
2.834386
2.735701
2.505674
2.224784
1.789178
1.791695
1.750080
1.907285
2.093076
2.293211
2.497187
2.718653
2.941693
3.146483
3.338089
3.446121
3.419503
3.456868
3.396376
3.224807
3.048335
2.844098
2.846347
3.082935
3.219687
3.195056
3.061350
3.035289
3.164433
3.140538
3.105370
3.095262
3.113600
2.952006
2.712107
2.670714
3.056790
3.601977
4.220592
4.909796
5.676890
6.521207
7.444817
8.429831
9.335524
9.847977
9.748417
9.019120
8.050611
7.919599
9.082936
10.437796
11.937361
13.566903
15.263165
16.679131
17.683645
17.099169
15.536447
13.640294
11.777848
13.132007
14.657151
15.986358
17.372623
18.133934
17.661911
16.471153
14.809149
13.185764
11.766485
10.696113
11.615932
12.180458
12.780390
12.851952
12.334999
11.379414
10.454353
10.012963
9.338626
8.940588
9.604634
9.942349
9.680315
9.029475
8.349344
8.393097
8.041833
7.487156
6.997156
6.500394
5.927307
5.360998
4.864829
4.650224
4.318837
3.932114
3.500839
3.114203
3.100781
3.325651
3.612215
4.190059
4.392965
4.206420
3.875788
3.658400
3.799255
3.769011
3.838346
3.777233
3.900606
4.230854
4.557377
4.800633
4.948074
4.818611
4.537465
4.541279
4.884063
5.237596
5.570790
6.246125
6.729268
7.204531
7.649455
8.076303
8.453419
8.814082
9.182333
9.507815
9.663521
9.602308
9.277721
8.856023
8.682842
9.134754
9.615113
10.126450
10.664841
11.221914
11.804938
12.336446
12.667909
12.656786
12.204934
11.619910
11.425503
11.649556
11.583370
11.215033
10.689565
10.171885
9.696404
9.217653
8.743082
8.283383
7.867605
7.874447
7.927288
7.736404
7.355448
7.229482
8.086627
8.398943
8.152770
7.357494
6.506372
6.156817
6.011834
6.106086
6.385790
6.882097
7.440035
7.824039
7.973160
7.772586
7.078390
6.275937
5.344001
4.537033
3.816719
3.186707
2.548151
2.139572
2.055307
2.152002
2.279090
2.391568
2.535025
2.688092
2.645989
2.402906
2.227731
2.107409
2.109808
2.235997
2.425102
2.479950
2.666755
2.844511
2.933037
3.025383
3.361867
3.722464
4.149533
4.705051
5.355878
6.082940
6.907528
7.717107
8.291790
8.304459
7.739835
6.942649
6.198408
5.644973
5.277865
5.010645
4.839650
5.453439
5.961272
6.055289
5.808051
5.423637
4.992610
4.577340
4.901202
5.184858
5.406556
5.474070
5.313085
5.025592
4.682364
4.320423
4.386858
4.640425
4.958087
5.409883
5.815482
5.975648
5.803366
5.627234
5.340553
4.998690
5.110745
5.057728
4.824810
4.532723
4.533696
4.938039
5.327730
5.670664
5.788545
5.726257
5.617587
5.755121
5.832048
5.736171
5.476200
5.214633
5.077271
4.723536
4.871252
5.147932
5.316558
5.192180
4.880778
4.832917
5.292473
5.690285
5.964605
5.827288
5.462617
5.000941
4.533875
4.075233
3.667387
3.662831
3.917885
3.998345
3.868890
3.584511
3.236528
3.102148
3.323073
3.357677
3.192728
2.953590
3.295106
3.436466
3.342930
2.999229
2.580071
2.167200
1.799620
2.084041
2.474249
2.897872
3.462268
4.064558
4.730838
5.408680
5.752671
5.608902
5.154289
4.439360
4.965274
5.695538
6.337661
6.330170
5.644450
4.717987
3.864800
3.127955
3.212520
3.610470
4.052727
4.539948
5.074313
5.671253
6.272864
6.809356
6.981864
7.115662
7.222106
6.497016
5.732855
5.700788
6.031038
6.669446
7.438875
8.280660
9.125559
10.105466
11.167652
12.057222
12.780390
12.605506
10.252413
9.125619
7.255175
6.267719
5.542950
5.363716
4.891872
3.726812
3.377144
3.665301
3.830203
3.541532
2.724756
2.788502
3.167984
3.703325
4.081206
3.241754
1.954678
2.106532
0.000000
0.000000
0.000000
0.000000
0.000000
0.000000
0.000000
0.000000
0.000000
