track	type=wiggle_0
fixedStep	chrom=chr	start=1	step=1
0.000000
0.000000
0.000000
0.000000
0.000000
0.000000
0.000000
0.000000
0.000000
0.001113
0.001329
0.000872
0.000414
0.000099
0.000000
0.000000
0.000000
0.000000
0.000000
0.000000
0.004137
0.037489
0.122000
0.260184
0.463380
0.719732
0.949224
1.045184
0.902797
0.669090
0.715817
0.919304
0.664052
0.370160
0.166779
0.060892
0.012467
0.003567
0.002761
0.003430
0.007456
0.006254
0.000001
0.001435
0.013455
0.045721
0.101754
0.182151
0.285348
0.405267
0.508174
0.536864
0.472568
0.374652
0.425449
0.421411
0.376354
0.307766
0.290290
0.355887
0.593857
1.007047
1.303563
1.528226
1.592692
1.599434
1.559247
1.377345
0.880768
0.591481
0.716412
0.874089
0.965086
0.938626
0.788394
0.591179
0.621057
0.666318
0.548102
0.385679
0.225369
0.153957
0.323536
0.573020
0.919630
1.464036
2.347983
2.761271
2.870185
2.888344
2.870187
2.761271
2.357217
1.482875
0.926172
0.576018
0.325877
0.155840
0.113139
0.108787
0.078055
0.046312
0.026198
0.036146
0.024923
0.034508
0.021457
0.003089
0.001095
0.018737
0.059505
0.125914
0.220681
0.331288
0.404435
0.395397
0.315304
0.205807
0.189564
0.421654
0.791670
0.972530
1.024114
1.034973
1.034973
1.034973
1.024114
0.960011
1.144100
1.565683
2.074392
2.642436
3.137125
3.543282
3.669549
3.829603
4.871424
6.316102
6.484467
5.346690
4.187727
3.315161
2.580195
1.954816
1.450793
1.044986
0.748069
0.605536
0.578578
0.647822
0.783881
0.812972
0.694220
0.587694
0.590505
0.684464
0.722131
0.676367
0.566752
0.574906
0.509001
0.412886
0.417361
0.513768
0.574015
0.678327
0.714934
0.665397
0.572662
0.564088
0.513203
0.630481
0.704801
0.853162
0.884857
0.847065
0.816128
0.696207
0.555137
0.538115
0.781994
1.008336
1.079693
0.913185
0.672679
0.511023
0.330767
0.285897
0.359309
0.500704
0.695783
0.887369
0.913829
0.766520
0.559521
0.365301
0.229776
0.185981
0.283678
0.491784
0.761198
1.202580
1.908098
2.638878
2.651571
1.953255
1.299063
0.849413
0.540704
0.364337
0.324061
0.280310
0.278551
0.253848
0.155474
0.057762
0.006438
0.000929
0.000000
0.000000
0.000000
0.000733
0.007508
0.022200
0.045296
0.075658
0.110240
0.136237
0.138287
0.117551
0.097443
0.099600
0.105558
0.118222
0.146226
0.159361
0.144748
0.134832
0.131754
0.103476
0.193492
0.308269
0.386685
0.485995
0.484399
0.379853
0.287523
0.166660
0.088795
0.081729
0.124698
0.206726
0.241094
0.198817
0.164800
0.181231
0.232738
0.270226
0.257920
0.225571
0.172109
0.123264
0.146830
0.201258
0.264386
0.335797
0.412138
0.489200
0.543294
0.544473
0.507674
0.448268
0.379598
0.572096
0.638442
0.548690
0.507570
0.414168
0.280068
0.167246
0.246333
0.350678
0.474094
0.603508
0.705064
0.760899
0.793962
0.833585
0.976061
1.124564
1.310487
1.428698
1.373062
1.253325
1.057922
0.852258
0.927366
1.172682
1.418777
1.571608
1.683946
1.714941
1.642318
1.885170
1.972562
1.880793
1.784266
1.974763
1.937747
1.722362
1.459810
1.803728
1.999526
2.058681
2.073814
2.055678
2.643447
3.341081
4.064596
5.121728
6.111833
6.087124
4.979962
3.839290
3.186053
2.526637
1.925587
1.427890
1.022576
0.782631
0.714707
0.513917
0.249547
0.181705
0.235194
0.285186
0.310616
0.311080
0.348973
0.439705
0.543059
0.643703
0.731357
0.731357
0.642794
0.536885
0.431986
0.341191
0.291317
0.281232
0.236273
0.289026
0.338397
0.336433
0.281479
0.219326
0.220119
0.234487
0.239232
0.284151
0.355636
0.439387
0.506816
0.516831
0.458828
0.383413
0.307342
0.332749
0.412167
0.476031
0.554655
0.628178
0.657997
0.611837
0.537302
0.449032
0.363270
0.287163
0.220937
0.164262
0.116163
0.173931
0.296224
0.314358
0.216528
0.141092
0.128217
0.118260
0.130406
0.226175
0.263801
0.241270
0.155137
0.074496
0.010240
0.000000
0.000000
0.000000
0.000000
0.000000
0.000000
0.000000
0.000000
0.000000
0.000000
0.000000
0.000000
0.000000
0.000000
0.000000
0.000000
0.000000
0.000000
0.000000
0.000000
0.000000
0.000000
0.000000
0.000000
0.000000
0.000000
0.000000
0.000000
0.000000
0.001916
0.026509
0.117465
0.282221
0.547142
0.823493
0.958942
0.997608
1.006427
1.006427
1.006427
1.006427
0.996759
0.947912
1.067484
1.435422
1.855822
2.325783
2.928200
3.582661
3.990426
3.913316
3.473456
2.825862
2.243007
2.473356
2.836264
3.115875
3.496003
3.607361
3.328497
2.921951
2.950291
3.685728
4.544662
5.511015
6.439339
7.228476
7.230397
6.445690
5.503531
4.560530
3.711216
2.972457
2.342421
1.814674
1.770085
1.931764
2.044865
2.027738
1.828079
1.579017
1.790103
2.143354
2.518474
2.841998
3.019499
3.159474
3.029588
2.710058
2.377510
2.088526
1.777500
1.587610
1.386631
1.355380
1.530371
1.619166
1.671584
1.748478
1.775269
1.645265
1.431660
1.637494
2.162086
2.790171
3.504788
4.277675
5.227264
6.089782
6.043262
4.928590
3.726202
2.916480
2.255406
1.698912
1.253046
1.414080
1.740065
2.058946
2.121521
1.954736
1.921869
1.838661
1.686622
1.587267
1.537107
1.415630
1.298766
1.338533
1.462682
1.549988
1.531521
1.586321
1.794669
1.998211
2.120682
2.157307
2.126327
1.985393
1.778744
1.573571
1.379938
1.201205
1.037389
0.888329
0.809684
0.972327
1.161179
1.310134
1.425518
1.417832
1.260306
1.062226
0.951728
0.899161
0.871303
0.925737
0.933166
0.903944
0.849893
0.747744
0.613225
0.485274
0.372770
0.307398
0.665276
1.017084
1.161883
1.199723
1.205222
1.202166
1.183503
1.127089
1.378649
1.654408
1.896971
2.015450
2.016237
1.907810
1.655960
1.386315
1.259368
1.604916
1.923669
2.227553
2.492408
3.023837
3.688139
4.322073
4.661891
4.534714
4.168493
4.872608
5.496313
5.642247
5.307560
4.720374
4.036721
3.402391
2.837123
2.336838
1.899527
1.526038
1.203983
0.926481
0.693488
0.505041
0.638463
0.739111
0.742149
0.647636
0.512374
0.383989
0.279405
0.202638
0.174541
0.137731
0.088017
0.047599
0.018755
0.003829
0.000041
0.000000
0.000000
0.000150
0.004854
0.007835
0.003988
0.000000
0.000000
0.000000
0.000000
0.000000
0.000000
0.000000
0.000000
0.000000
0.000000
0.000000
0.000000
0.000000
0.000000
0.000000
0.000000
0.000000
0.000000
0.000000
0.000000
0.000844
0.015547
0.027012
0.031999
0.033010
0.033814
0.034410
0.035779
0.037928
0.038740
0.038725
0.056312
0.123559
0.178722
0.166944
0.074077
0.011481
0.000000
0.000000
0.000000
0.000000
0.000000
0.000000
0.000000
0.000000
0.000000
0.000000
0.000000
0.000000
0.000000
0.000000
0.000000
0.001280
0.012863
0.018645
0.006723
0.000000
0.000000
0.000000
0.000000
0.000000
0.000000
0.000000
0.000000
0.000000
0.000000
0.000000
0.000000
0.000002
0.019400
0.063598
0.044000
0.081455
0.083140
0.049289
0.018219
0.007919
0.001110
0.000000
0.000000
0.000000
0.000000
0.001224
0.008168
0.026502
0.060797
0.109999
0.141494
0.144893
0.222269
0.333259
0.461291
0.535730
0.567873
0.545431
0.680159
0.866583
1.085256
1.228605
1.214875
1.064148
0.891374
0.686809
0.598765
0.620121
0.548581
0.544885
0.794945
1.067962
1.230922
1.166173
1.444253
1.925443
2.555269
3.138898
3.119362
2.536901
2.063869
1.872166
1.593125
1.777097
2.171489
2.109838
1.569713
1.260355
1.005548
0.701007
0.438383
0.255700
0.128670
0.048577
0.005459
0.000000
0.000000
0.000000
0.000000
0.002417
0.012913
0.024060
0.026551
0.018231
0.007832
0.001774
0.000000
0.000000
0.000000
0.000000
0.000000
0.000000
0.000567
0.007365
0.022014
0.044976
0.075726
0.114277
0.163083
0.222798
0.289514
0.363267
0.447615
0.541931
0.634312
0.696659
0.691083
0.618178
0.517843
0.419657
0.349885
0.428409
0.490661
0.542131
0.571237
0.557124
0.560691
0.548150
0.546017
0.551026
0.597074
0.660749
0.730544
0.798274
0.813893
0.866306
0.960516
1.048165
1.126453
1.224598
1.317793
1.373354
1.315965
1.208388
1.065431
1.104527
1.522859
1.979018
2.389084
2.433509
2.141393
1.821647
1.555596
1.698241
1.917225
2.368119
2.749283
2.837788
2.584645
2.419466
2.714853
2.920375
3.002102
3.023719
3.037403
3.446347
3.604176
3.519964
3.322304
3.210166
3.766683
4.420271
5.131592
5.789332
6.179516
6.382629
6.366399
7.074205
7.921293
8.471384
8.369123
7.666104
6.872213
6.048635
5.779432
6.277735
6.767481
7.143343
7.474989
7.541542
7.493933
7.197575
6.761936
6.305452
5.963410
5.612349
5.227247
5.548112
5.852248
6.259199
6.789490
7.269905
7.598183
7.603390
7.235731
6.665421
6.083913
5.525309
5.044222
4.786058
4.462536
4.361801
4.286423
4.032655
3.892791
3.635934
3.308172
2.988409
2.884791
2.854160
2.693943
2.529812
2.720062
3.012128
3.299477
3.457144
3.445888
3.234743
3.184722
3.964549
4.826045
5.622013
5.913934
5.425005
4.617024
3.846871
3.228968
2.977767
3.219773
3.314908
3.346899
3.596105
3.942383
3.888034
3.574021
3.751115
3.781481
3.649045
3.542672
3.769418
4.056119
4.336193
4.584650
4.683813
4.607993
4.378556
4.258355
4.401464
4.512150
4.435637
4.320973
4.145176
4.284917
4.434165
4.525296
4.512416
4.417616
4.451593
4.617784
4.680065
4.843966
5.109072
5.344750
5.627137
5.928150
6.131872
6.386699
6.407468
5.993411
5.638239
5.906184
6.107478
6.202735
6.174112
5.965076
5.649039
5.328814
5.010736
4.714150
4.407652
4.051834
3.527194
3.023754
3.009322
2.870250
2.508393
2.124587
1.926063
1.716172
1.517449
1.566082
1.837141
1.919820
1.738921
1.567196
1.771873
1.835102
1.762787
1.686138
1.914350
2.222762
2.566503
2.922386
3.277866
3.541360
3.655946
4.090373
4.620945
5.126632
5.578062
5.655588
5.430027
4.947438
4.776595
4.983598
5.032491
4.849253
5.518351
6.395301
7.335267
8.196868
8.711188
8.343901
7.649307
6.864512
7.033175
7.317169
7.196808
6.598899
5.968138
5.854320
5.996771
5.947721
5.526428
4.945907
5.089933
5.819875
6.591740
7.098206
7.071116
6.611733
5.975992
5.315263
4.710247
4.096138
3.530154
3.022615
2.576424
3.002579
3.523712
4.141763
4.619014
4.738463
4.463460
3.837116
3.180641
2.597323
2.090934
2.174158
2.248167
2.219467
2.050981
1.675848
1.154699
0.752885
0.451938
0.238345
0.097731
0.020959
0.020082
0.017829
0.007819
0.001340
0.001323
0.000004
0.000000
0.000000
0.000000
0.000000
0.000000
0.000000
0.000000
0.000000
0.000000
0.000000
0.000000
0.000000
0.000000
0.000000
0.000000
0.000000
0.000000
0.000000
0.000000
0.000000
0.000000
0.000000
0.000000
0.000000
0.000000
0.000000
0.000000
0.000000
0.000000
0.000000
0.000000
0.000000
0.000000
0.000000
0.000000
0.000000
0.000000
0.000000
0.000000
0.000000
0.000000
0.000000
0.000000
0.000000
0.000000
0.000000
0.000000
0.000000
0.000000
0.000000
0.000000
0.000000
0.000000
0.000000
0.000000
0.000000
0.005295
0.018488
0.042226
0.041062
0.016865
0.037324
0.110001
0.231017
0.404024
0.639129
0.941047
1.317659
1.769489
2.277757
2.743810
2.864102
3.055296
3.634032
4.064442
3.334500
2.517526
1.887168
1.437244
1.065475
0.737030
0.474947
0.277513
0.177328
0.240621
0.352388
0.476227
0.549406
0.523382
0.426210
0.300357
0.228183
0.161363
0.096529
0.058954
0.030852
0.037155
0.045883
0.038011
0.019872
0.007910
0.092514
0.221029
0.273877
0.241733
0.180415
0.151756
0.155404
0.149817
0.253802
0.433397
0.642384
0.824888
0.815648
0.599675
0.364749
0.194691
0.271407
0.360071
0.455107
0.559428
0.671816
0.785191
0.899667
1.044484
1.217654
1.396267
1.488300
1.463268
1.482335
1.620274
1.768518
1.998362
2.221777
2.466973
2.685849
2.761482
2.709980
2.586140
2.598755
2.668224
2.838566
2.885594
2.829544
2.648098
2.414503
2.194874
2.005017
1.847517
2.032862
2.247492
2.426107
2.542182
2.807614
3.121056
3.440341
3.751982
3.997879
4.035629
3.903090
4.034079
4.147076
4.090620
3.902893
3.862067
4.133573
4.272896
4.311180
4.928845
5.587594
6.202682
6.568485
6.601771
7.263099
8.175477
9.234941
10.423529
11.739659
13.154602
14.576296
15.651653
15.580998
14.379320
12.870465
11.462961
10.327584
9.754469
9.861579
9.278250
8.484116
7.557254
6.659676
6.405974
6.387492
6.344044
6.656865
7.024635
7.389913
7.711869
7.986268
8.094819
7.977935
8.004944
7.971511
7.638172
7.223384
6.897396
6.468959
6.937189
7.275005
7.249487
7.162289
7.051086
6.681393
6.496906
6.910227
7.412550
7.937432
8.392203
8.597631
9.064981
9.260382
9.068460
8.573855
8.001027
7.465110
6.998264
6.665550
6.422231
6.002061
5.929736
5.933079
5.878030
5.763879
5.667720
5.408666
5.028088
5.108515
5.210690
5.057061
5.100389
4.986495
4.831295
4.581930
4.635203
5.323852
5.628366
5.678041
5.607444
5.602713
5.196971
4.508011
3.868176
3.224469
2.686399
2.280424
2.231448
2.197443
2.043329
1.836139
1.659551
1.488464
1.311416
1.116399
0.944000
1.075731
1.232232
1.417892
1.616470
1.818712
2.001071
2.058177
2.025931
1.929602
1.932189
2.042925
2.061280
2.506488
2.946448
3.351958
3.489731
3.439525
3.205557
3.120206
3.019529
2.987120
2.885145
2.638235
2.363594
2.246997
2.050749
1.846149
1.547970
1.340583
1.064823
0.755219
0.752933
0.871836
1.008398
1.166984
1.327503
1.485330
1.590229
1.563313
1.424210
1.328110
1.855150
2.133386
1.909563
1.563774
1.223263
1.208085
1.196440
1.064348
0.783917
0.470517
0.335601
0.291900
0.238750
0.175941
0.135483
0.143062
0.183851
0.228323
0.270646
0.311901
0.334536
0.337992
0.337494
0.286718
0.244078
0.205945
0.160671
0.109860
0.065575
0.030971
0.009060
0.000193
0.000000
0.000299
0.010582
0.036105
0.076312
0.126021
0.192009
0.282446
0.392123
0.500936
0.546166
0.511671
0.408098
0.298850
0.200908
0.122826
0.063646
0.024353
0.004351
0.000000
0.000000
0.000000
0.000000
0.000000
0.013903
0.032472
0.032865
0.017041
0.000008
0.001527
0.007287
0.000151
0.000000
0.000000
0.003917
0.007181
0.003615
0.000000
0.000000
0.000000
0.000000
0.000000
0.000000
0.000000
0.000000
0.000000
0.000000
0.000000
0.000000
0.000000
0.000000
0.000000
0.000000
0.000000
0.000000
0.000000
0.012275
0.061509
0.096333
0.065990
0.048512
0.013738
0.000000
0.000000
0.000000
0.000000
0.000000
0.000000
0.000000
0.000487
0.008495
0.026429
0.047792
0.068709
0.070648
0.054179
0.035501
0.017096
0.004562
0.000059
0.000000
0.000000
0.000000
0.000000
0.000000
0.000000
0.000000
0.000000
0.000000
0.000000
0.000042
0.000127
0.000000
0.000000
0.000000
0.000000
0.000339
0.007582
0.023582
0.041696
0.057029
0.070432
0.095241
0.120032
0.123220
0.094524
0.180676
0.386597
0.752550
1.162831
1.301969
1.187720
0.861702
0.633003
0.478691
0.515019
0.613542
0.649951
0.657183
0.657466
0.768034
1.064684
1.428633
1.855338
2.299818
2.583303
2.585118
2.365778
2.028823
1.637595
1.285906
0.966178
0.845041
1.061722
1.312623
1.598519
1.927212
2.267350
2.510463
2.507481
2.256392
1.938266
1.733107
2.110649
2.500910
2.897994
3.373000
3.916736
4.366527
4.355992
3.897137
3.337470
2.799136
2.309513
1.880135
1.533472
1.365384
1.574914
1.752659
1.798501
2.006391
2.056300
1.886928
1.674087
1.720062
1.946842
1.935925
1.692579
1.431990
1.640771
1.876334
2.135987
2.377030
2.499360
2.466927
2.298295
2.120904
1.971554
2.245423
2.569468
2.907948
3.276113
3.610486
3.757767
3.697572
3.535463
3.429771
3.254381
3.095606
3.385163
3.631405
3.830026
4.005487
4.325752
4.677780
4.897391
4.834478
4.553794
4.184413
3.820303
3.488724
3.205787
3.251168
3.255859
3.129471
2.876837
2.598311
2.321608
2.486322
2.813472
3.171928
3.518034
3.762386
3.837835
3.623518
3.307884
3.210159
3.648408
4.143620
4.610435
4.891882
4.911857
4.689344
4.225283
3.821703
3.492526
3.060240
2.686795
2.819899
2.729997
2.448786
2.122318
1.939670
2.141497
2.412163
2.576868
2.475864
2.214032
1.896793
1.609539
1.356363
1.645522
2.020957
2.311286
2.604901
2.995035
3.397776
3.453078
3.052381
2.563111
2.181773
1.976240
2.140110
2.694614
3.191347
3.832386
4.874391
6.427424
7.358031
7.625811
7.409722
6.597928
5.177415
4.058164
3.230754
2.614105
2.868705
2.833567
2.421492
1.935210
1.755723
1.889960
1.910728
1.908386
1.780988
1.619133
1.479319
1.592802
1.826016
1.982306
1.990064
1.806751
1.540502
1.274532
1.152694
1.007321
0.887727
0.835052
0.805324
0.758649
0.672913
0.648697
0.646387
0.787199
0.894240
0.919125
0.969325
0.994041
0.906908
0.840604
0.913261
1.013909
1.149831
1.320193
1.476880
1.594051
1.642587
1.572645
1.393007
1.203760
1.222115
1.279767
1.228914
1.098025
1.012106
0.994960
1.283440
1.463057
1.440605
1.312237
1.145101
1.246304
1.421335
1.595020
1.776946
1.934389
1.978909
1.891031
1.682915
1.452624
1.247591
1.111338
1.126626
1.155104
1.240937
1.347753
1.400348
1.322267
1.167685
1.008675
0.951924
0.863646
0.777515
0.756929
0.644189
0.552197
0.679556
0.923355
1.239686
1.569879
1.834271
1.822366
1.728046
1.922807
2.031421
1.855001
1.596693
1.588515
1.860820
2.285012
2.818970
3.448636
4.171272
4.970265
5.776009
6.541658
6.754054
6.353432
5.494649
4.614520
3.882422
3.364725
3.087729
2.646612
2.220087
2.078871
1.942545
1.705964
1.555558
1.634805
1.875391
1.962829
1.847246
1.800246
2.215144
2.553401
2.620609
2.531018
2.279870
1.977606
1.639372
1.378020
1.263833
1.273702
1.453978
1.558027
1.463259
1.270227
1.037963
0.856354
0.868305
0.943740
0.895066
0.731220
0.589453
0.618900
0.696139
0.799630
0.942537
1.344221
1.857428
2.478585
3.160246
3.692202
3.685504
3.285630
3.525917
3.721215
3.824575
3.688352
3.447422
3.148808
2.855987
2.582875
2.240379
1.900090
1.609652
1.492908
1.276111
1.121810
1.251835
1.424416
1.618648
1.639063
1.584176
1.677726
1.787266
2.022334
2.210108
2.385410
2.487613
2.367274
2.283314
2.367555
2.506047
2.502570
2.435269
2.265354
2.045811
1.850841
1.887160
1.965779
2.045928
2.025140
1.893731
1.815244
1.869768
1.839033
1.727279
1.745063
1.972121
1.732420
1.316156
1.311776
1.364154
1.241026
1.125796
1.293436
1.469412
1.629061
1.717001
1.699367
1.632035
1.521289
1.641530
1.619827
1.488850
1.460131
1.546082
1.541376
1.453771
1.315910
1.169272
1.297783
1.519541
1.591895
1.569126
1.698791
1.730097
1.652892
1.482920
1.282267
1.437337
1.514700
1.593848
1.820405
2.232601
2.673283
3.002953
2.991830
2.653835
2.311201
2.269950
2.863249
3.491822
4.023344
4.054016
3.594242
2.933402
2.293085
1.759308
1.344311
1.412353
1.603986
1.852837
2.094145
2.202590
2.130350
1.967246
1.770963
1.529184
1.493776
1.631239
1.680974
1.613865
1.423510
1.218937
1.245387
1.125084
1.190131
1.178356
1.062567
1.124155
1.225735
1.519163
1.583289
1.463649
1.127165
1.012385
1.055997
1.051816
0.996266
1.024369
1.037517
0.993522
0.989562
1.173311
1.400643
1.587361
1.679795
1.797150
1.722359
1.734636
1.933000
2.026042
1.978066
2.005235
2.126311
2.166081
2.194688
2.315605
2.362173
2.479724
2.601776
2.690431
2.632594
2.533418
2.404146
2.213515
2.063515
2.082644
2.133714
2.146193
2.125653
2.079897
1.980506
1.888562
2.193197
2.511867
2.826883
3.101476
3.226330
3.241434
3.157104
3.270483
3.445254
3.491910
3.413887
3.446813
3.487793
3.408412
3.275910
3.285469
3.148499
3.258914
3.474228
3.590175
3.639869
3.873820
4.052599
4.041059
4.014887
4.205609
4.308146
4.370214
4.698994
4.891037
4.940462
4.972006
4.798947
4.560162
4.411911
4.484821
4.675085
4.752931
4.841755
4.821923
4.790990
4.625299
4.384216
4.377825
4.596251
4.675675
4.664995
4.902630
5.028259
4.910760
4.625496
4.532013
4.700410
4.893958
5.110517
5.316009
5.543688
5.565554
5.380608
5.070210
4.726924
4.476069
4.841588
4.996105
4.928273
4.727397
4.770363
4.958232
5.249413
5.599067
5.935318
6.174857
6.554655
6.998024
7.182242
7.045300
6.566047
6.055032
5.793521
6.292495
6.581822
6.741619
6.798706
7.297180
7.980917
8.742010
9.312741
9.532437
9.085722
8.387028
7.676221
7.033726
6.483357
6.157284
6.138850
5.930194
6.067461
6.470207
6.916570
7.182389
7.175223
6.936654
6.514574
6.051403
5.576196
5.112832
4.667663
4.547499
4.765008
4.784667
4.600591
4.310287
3.974347
3.657530
3.358025
3.086679
2.917482
2.690465
2.425172
2.155056
1.955063
2.084792
2.119400
2.001845
2.101208
2.300162
2.399659
2.371052
2.286127
2.509739
2.625404
2.543123
2.348062
2.112556
1.864818
1.635003
1.438147
1.272682
1.146100
1.233516
1.495356
1.602985
1.481245
1.289183
1.351098
1.260832
1.395248
1.594749
1.395566
1.053569
0.713514
0.463648
0.451173
0.370671
0.292310
0.283508
0.218928
0.220536
0.309044
0.419875
0.544908
0.683505
0.802692
0.936717
1.060832
1.035541
0.941844
0.535016
0.212995
0.126815
0.040707
0.029390
0.021983
0.021960
0.000000
0.000000
0.000000
0.002216
0.018831
0.052236
0.102858
0.176168
0.275055
0.401841
0.553094
0.718483
0.860321
0.867044
0.639071
0.596477
0.719735
0.885356
1.015520
1.048662
1.465032
1.980427
2.603393
3.316501
4.078372
4.739467
4.828444
4.343463
3.994459
3.821223
3.364456
2.785456
2.634375
2.151482
1.619012
1.149313
0.766530
0.468928
0.261114
0.145212
0.124576
0.259911
0.426436
0.534956
0.330592
0.120775
0.143468
0.213683
0.268246
0.410044
0.626027
0.767469
0.531542
1.151916
2.347983
0.000000
0.000000
0.000000
0.000000
0.000000
0.000000
0.000000
0.000000
