track	type=wiggle_0
fixedStep	chrom=chr	start=1	step=1
0.000000
0.000000
0.000000
0.000000
0.000000
0.000000
0.000000
0.000000
0.000000
0.298385
0.634136
0.871908
1.008452
1.062328
1.025730
0.804289
0.390173
0.192090
0.392554
0.723337
1.018855
1.537622
2.022356
2.145265
1.978965
1.916185
1.723500
1.953641
2.421757
3.084153
3.889806
4.522200
3.884060
3.050451
2.321409
1.741757
1.265645
0.877185
0.575134
0.349271
0.285301
0.273535
0.314622
0.354747
0.756819
1.240144
1.580116
1.721986
1.620745
1.405053
1.247190
1.466547
1.750188
2.082780
2.386970
2.606400
2.526149
2.249529
1.900356
1.573926
1.285348
1.044635
1.134585
1.403374
1.585503
1.496029
1.266506
1.026742
0.793479
0.577005
0.403634
0.285895
0.194008
0.339244
0.447370
0.494674
0.472833
0.403713
0.362364
0.331524
0.389501
0.787794
1.239093
1.568303
1.722437
1.723988
1.576411
1.400070
1.486375
1.680526
1.899078
2.104214
2.237427
2.243635
2.116939
1.898686
1.678777
1.477847
1.301185
1.405895
1.439580
1.710609
2.584448
3.138549
3.432693
3.451723
3.281828
3.046424
3.199177
3.479913
3.777675
4.058107
4.232039
4.257478
4.103159
3.817218
3.519978
3.252828
3.052798
3.116133
3.385851
3.551728
3.558227
3.407546
3.135805
2.854346
2.611086
2.447205
2.412511
2.581414
2.692896
2.717411
2.763994
2.786521
2.700170
2.555964
2.349492
2.184399
2.079876
2.444820
2.942354
3.466724
3.886642
4.030623
3.916595
4.239725
4.457312
4.474944
4.457023
5.268658
5.945014
6.279255
5.925546
5.170655
4.338107
3.609184
3.406375
3.195119
2.884374
2.788455
3.150645
3.614481
4.170954
4.655532
4.872949
4.633122
4.182782
3.746955
3.771777
3.986992
4.112152
4.418699
4.636008
4.594414
4.572602
4.924190
5.478443
6.202078
7.032287
7.943777
8.894328
9.733566
10.124846
9.748589
8.912664
7.980928
7.312541
7.039136
6.459161
6.168566
5.674840
5.153183
4.645350
4.283106
4.028415
3.883914
3.877281
3.950240
3.772000
3.438612
3.092442
3.293462
3.481091
3.427334
3.203122
2.904626
2.610214
2.369507
2.122235
2.144179
2.350336
2.496270
2.533372
2.463790
2.625635
2.705168
2.667022
2.509274
2.580698
2.527647
2.626833
2.754201
2.728907
2.609495
2.639385
2.780382
2.934719
2.958708
2.841727
2.643401
2.535365
2.398516
2.559268
2.756182
2.865203
2.794012
2.695740
2.719667
2.808886
2.819883
2.833220
2.774856
2.606599
2.395270
2.244139
2.395306
2.462025
2.405920
2.314137
2.411439
2.549570
2.644720
2.593567
2.453843
2.288443
2.101086
1.935145
1.793150
1.658746
1.559662
1.476982
1.392513
1.438128
1.441280
1.377854
1.247041
1.103571
0.860142
0.688257
0.679500
0.731942
0.760154
0.810278
0.825829
0.785860
0.696181
0.602797
0.533727
0.464863
0.397752
0.330841
0.267166
0.283530
0.445916
0.675940
0.966993
1.319523
1.741976
2.251629
2.853333
3.487851
3.863094
3.749818
3.321954
2.786264
2.337300
2.157766
2.350070
2.619253
2.673902
2.477799
2.158379
1.975197
2.026649
1.851724
1.626858
1.545777
1.550646
1.460125
1.238435
1.086156
1.282477
1.407461
1.519088
1.515538
1.709213
1.860004
1.943139
2.004085
1.998164
1.868260
1.621672
1.388449
1.208077
1.256528
1.494197
1.683827
1.674402
1.466195
1.222270
1.079570
1.139239
1.129604
1.131387
1.152107
1.334825
1.561263
1.871835
2.135662
2.233434
2.055487
1.844300
1.944169
2.041214
2.119919
1.897538
1.568190
1.210497
0.908613
0.645217
0.479731
0.483417
0.602944
0.769340
0.910068
0.982195
1.114578
1.083399
0.898544
0.699105
0.515677
0.363290
0.241469
0.149620
0.313161
0.349984
0.236806
0.313192
0.502581
0.643147
0.619159
0.467802
0.285514
0.147366
0.071850
0.045149
0.025372
0.009521
0.001189
0.000000
0.000000
0.004328
0.037103
0.058862
0.086347
0.095950
0.093098
0.089133
0.087370
0.083579
0.069266
0.029496
0.000000
0.000000
0.000000
0.000000
0.016428
0.055455
0.009905
0.000000
0.000000
0.000000
0.000000
0.000000
0.000000
0.000000
0.000000
0.000000
0.000000
0.000000
0.000000
0.000000
0.000000
0.000000
0.000000
0.000000
0.000000
0.000000
0.000000
0.000000
0.000000
0.000000
0.000000
0.000000
0.000171
0.016310
0.092500
0.238148
0.476882
0.729125
0.853669
0.889280
0.897418
0.897418
0.897418
0.897418
0.888531
0.848418
0.954771
1.295154
1.683624
2.120273
2.681165
3.292072
3.674374
3.601334
3.189209
2.585176
2.034717
2.203346
2.548410
2.577295
2.315148
2.023664
1.680668
2.054838
2.623592
3.299484
4.090730
5.007193
5.965323
6.743742
6.724560
5.958997
5.047055
4.195740
3.614875
3.269332
2.711995
2.166910
1.683564
1.277357
0.940848
0.664217
0.443523
0.274878
0.150466
0.065846
0.017099
0.000099
0.000000
0.000000
0.000000
0.000000
0.000000
0.000000
0.000000
0.000000
0.000000
0.000000
0.000000
0.000000
0.000000
0.000000
0.000000
0.000000
0.000000
0.000000
0.000000
0.000000
0.000000
0.000000
0.000000
0.000000
0.000000
0.000000
0.000000
0.000000
0.000000
0.000000
0.000000
0.000000
0.000000
0.000000
0.000000
0.000000
0.000000
0.000000
0.000000
0.000000
0.000000
0.000000
0.000000
0.000000
0.000000
0.000000
0.000000
0.000000
0.000000
0.000000
0.000000
0.000000
0.000000
0.000000
0.000000
0.000000
0.000000
0.000000
0.000000
0.000000
0.000000
0.000000
0.000000
0.000000
0.009599
0.051930
0.131490
0.239842
0.335744
0.360362
0.289446
0.172665
0.089264
0.072234
0.137979
0.195279
0.208906
0.213481
0.418480
0.747179
1.238181
1.649324
1.815330
1.859848
1.863335
1.837889
1.977507
2.565326
3.261481
4.037921
4.903189
5.828805
7.347074
8.208527
7.336708
5.759966
4.688962
3.828010
3.250410
3.474626
3.513543
3.605542
3.959929
4.511594
4.735901
4.548669
4.040501
3.435313
2.864635
2.343955
1.901766
1.657839
1.505187
1.665954
1.705203
1.517088
1.222813
0.875362
1.021889
1.230892
1.462649
1.719220
1.975409
2.163366
2.199548
2.081037
1.868321
1.609265
1.369078
1.173805
1.063152
0.939657
0.781266
0.636522
0.504351
0.397639
0.325983
0.276970
0.206482
0.138477
0.085442
0.048554
0.021229
0.004923
0.000000
0.000258
0.000000
0.001011
0.006499
0.019498
0.038971
0.061157
0.069796
0.060174
0.039043
0.023162
0.046226
0.067879
0.068453
0.048177
0.027062
0.030881
0.052882
0.058197
0.046609
0.047703
0.074610
0.086666
0.091705
0.095393
0.101765
0.184804
0.364603
0.617059
0.947168
1.349500
1.767225
1.749568
1.297334
0.884438
0.565509
0.344985
0.338937
0.303178
0.241382
0.184366
0.139120
0.114046
0.152697
0.183075
0.232838
0.273932
0.349142
0.409595
0.426682
0.395640
0.336519
0.270735
0.204647
0.142219
0.093413
0.059502
0.037041
0.049545
0.067670
0.066748
0.048504
0.026069
0.021986
0.051077
0.094721
0.155593
0.233651
0.326491
0.433462
0.549356
0.654931
0.754205
0.769034
0.690447
0.576638
0.461897
0.357384
0.264911
0.186158
0.121094
0.077878
0.053510
0.070959
0.124508
0.157466
0.160161
0.240238
0.353854
0.483173
0.559208
0.570281
0.545767
0.684108
0.867073
1.083478
1.228020
1.212866
1.056560
0.880675
0.682390
0.602275
0.628244
0.561373
0.546646
0.793965
1.064488
1.222190
1.157012
1.422060
1.885645
2.498140
3.069097
3.051542
2.482303
2.020104
1.835004
1.562629
1.740292
2.128654
2.067489
1.512834
1.125785
0.820869
0.945687
0.950257
0.830422
0.672848
0.518035
0.391032
0.406703
0.489900
0.497195
0.426957
0.387054
0.452791
0.464579
0.408314
0.444406
0.493676
0.515121
0.477939
0.556131
0.614090
0.625253
0.570131
0.631615
0.711282
0.743170
0.706401
0.615013
0.622592
0.713904
0.785667
0.860740
0.980201
1.120047
1.267591
1.355852
1.353094
1.450762
1.640401
1.840340
1.973812
1.965233
1.823654
1.614474
1.409150
1.224773
1.364514
1.542926
1.767886
2.019734
2.269124
2.494686
2.654657
2.815471
3.000111
3.213856
3.424766
3.608392
3.728647
3.725538
3.686635
3.865830
4.027470
4.038101
3.888198
3.699400
3.472762
3.242978
3.001680
2.761497
2.657302
2.906587
2.721547
2.749762
2.795402
2.896322
3.032491
3.048845
2.953800
2.764537
2.534267
2.373935
2.869923
3.455510
3.987006
4.009715
3.523612
3.083652
2.986942
2.745804
2.494774
2.252956
2.219308
2.554060
2.870813
2.899485
2.653641
2.570885
2.791849
2.957546
3.317680
3.623017
3.802893
4.166009
4.541430
4.936607
5.373640
5.845617
6.339966
6.837216
7.344414
7.787282
8.149544
8.181624
7.882737
7.661967
8.231026
8.790976
9.281649
9.357988
9.084404
8.556856
7.971643
7.515595
7.683953
7.651955
7.169014
6.587628
6.026342
5.489243
4.979409
5.251964
5.503439
5.627440
5.461982
5.142886
5.048575
5.122711
4.973099
4.635132
4.242652
3.915266
3.660301
3.646490
3.932309
4.255270
4.542894
4.655036
4.562263
4.341506
4.468403
4.414783
4.151834
3.848348
4.215356
3.909887
3.321524
2.715825
2.446463
2.251099
2.142815
2.072521
1.904487
1.811860
1.737980
1.588604
1.405863
1.249769
1.273537
1.257584
1.183015
1.309320
1.403860
1.402512
1.449501
1.475660
1.402929
1.276279
1.165347
1.149982
1.090249
0.995677
1.023055
0.979278
1.564314
1.966692
2.115130
2.117518
1.983661
1.613197
1.065615
0.933794
0.890275
0.850994
0.882320
0.764963
0.796553
0.838978
0.898355
1.157736
1.288975
1.221662
1.014722
0.768743
0.545702
0.478939
0.678933
0.894912
1.145701
1.265440
1.674626
2.247318
2.705442
2.934431
3.037261
3.032378
2.899246
2.543877
1.822299
1.272884
0.862244
0.553043
0.325396
0.165870
0.065899
0.047534
0.047631
0.029339
0.028778
0.021028
0.007387
0.000303
0.001734
0.018598
0.037632
0.022981
0.002864
0.000000
0.000189
0.013315
0.025226
0.029271
0.029695
0.026488
0.016268
0.003199
0.009782
0.033096
0.107995
0.218100
0.278828
0.298586
0.299385
0.279427
0.205848
0.064217
0.009849
0.005422
0.017813
0.069783
0.158221
0.266006
0.341015
0.456369
0.533886
0.522161
0.450315
0.588937
0.840971
1.294797
1.733079
1.917939
1.965653
1.962762
1.903475
1.749019
1.616671
1.969415
2.269548
2.316127
2.026546
1.653399
1.339860
1.112994
0.949806
1.019806
1.144684
1.100829
0.872020
0.613562
0.476356
0.448953
0.508331
0.542156
0.509634
0.448420
0.337790
0.274767
0.195341
0.110844
0.066303
0.021883
0.001013
0.000000
0.000000
0.026221
0.121479
0.314548
0.434186
0.467214
0.465240
0.432617
0.338273
0.204837
0.227272
0.298338
0.458659
0.769120
0.925688
0.987078
0.987822
0.938084
0.809340
0.556815
0.332996
0.119843
0.024541
0.000000
0.000000
0.000000
0.000000
0.000000
0.000000
0.000000
0.000000
0.000000
0.000000
0.000000
0.000000
0.000000
0.000000
0.000000
0.000000
0.000000
0.002980
0.009317
0.013612
0.014173
0.013357
0.017401
0.018236
0.014719
0.010839
0.011907
0.022249
0.040160
0.142797
0.328050
0.626603
0.887512
1.030709
1.137238
1.543359
1.899568
1.952635
1.707612
1.330885
0.998488
0.773255
1.066689
1.399469
1.697523
1.812406
1.654709
1.383053
1.748256
2.212309
2.657221
2.783422
2.970598
3.529435
3.945995
3.235179
2.438759
1.819822
1.378455
1.015067
0.693687
0.441660
0.251873
0.231551
0.323196
0.383968
0.382212
0.315807
0.330597
0.404157
0.491270
0.571823
0.569687
0.653059
0.733151
0.704048
0.561287
0.411704
0.273568
0.166058
0.140770
0.199891
0.279764
0.347320
0.438165
0.545831
0.663814
0.793128
0.926081
0.996946
0.980450
0.901419
0.872431
1.022622
1.191115
1.292896
1.296157
1.444211
1.531731
1.496053
1.513902
1.583417
1.517105
1.362682
1.212382
1.084512
0.986432
0.995733
1.238303
1.501220
1.773919
1.999626
2.071130
1.958874
1.769864
1.609050
1.471651
1.455585
1.557491
1.571715
1.722603
1.903706
2.153970
2.321675
2.363513
2.759946
3.101027
3.266119
3.442341
4.038918
4.501646
4.496694
4.033290
3.428663
2.848298
2.342238
1.917931
1.553879
1.318056
1.539053
1.790076
1.961710
2.087550
2.008701
1.784724
1.518006
1.278900
1.308561
1.486938
1.530582
1.435832
1.221472
1.427549
1.671200
1.924905
2.141827
2.201596
2.101194
1.884298
2.018649
2.169335
2.150958
1.971085
1.722939
1.486569
1.270977
1.071676
0.881307
0.709838
0.626549
0.765578
0.883438
0.956600
0.980924
0.985486
0.911560
0.770679
0.707228
0.804351
0.793479
0.683230
0.581500
0.768307
0.860422
0.828170
0.700971
0.885466
0.913215
0.758814
0.516502
0.404411
0.417293
0.378595
0.319737
0.320682
0.403547
0.480683
0.520779
0.503574
0.434363
0.341926
0.270367
0.225088
0.281854
0.350718
0.383964
0.365048
0.300813
0.229287
0.164637
0.111756
0.071747
0.041253
0.018457
0.013761
0.008388
0.011790
0.027853
0.055263
0.087930
0.102665
0.088088
0.097464
0.182868
0.211811
0.325750
0.621180
0.842478
0.896392
0.786191
0.515266
0.239563
0.091289
0.019107
0.007848
0.004680
0.000527
0.000000
0.000000
0.000000
0.000000
0.000000
0.000000
0.000000
0.000000
0.000000
0.000000
0.003286
0.018778
0.040006
0.085188
0.133076
0.151982
0.117240
0.093189
0.067905
0.071420
0.055882
0.081607
0.145679
0.231148
0.337814
0.464907
0.624648
0.805567
0.947714
0.946968
0.809849
0.637536
0.479711
0.346172
0.238065
0.150404
0.082590
0.036319
0.009544
0.000100
0.000000
0.000000
0.000000
0.000000
0.000000
0.000000
0.000000
0.000000
0.006397
0.006112
0.000000
0.000000
0.000000
0.000000
0.000000
0.000000
0.000000
0.000000
0.000000
0.000000
0.000000
0.000111
0.004390
0.015157
0.032025
0.048796
0.057184
0.043790
0.023799
0.008179
0.002970
0.000659
0.011533
0.025977
0.019405
0.004372
0.000000
0.000000
0.000000
0.001096
0.002136
0.002829
0.000326
0.000000
0.000000
0.000000
0.000000
0.006545
0.030424
0.068656
0.118126
0.155763
0.148730
0.137169
0.123716
0.063823
0.012367
0.012555
0.037684
0.064350
0.064941
0.092357
0.128585
0.180162
0.170025
0.216702
0.321535
0.470656
0.648231
0.812671
0.920650
0.867789
1.071973
1.345620
1.610729
1.596356
1.313872
0.964760
0.687225
0.642658
0.868864
1.052264
1.192755
1.324633
1.443372
1.622000
1.918084
2.181512
2.224041
1.983522
1.656289
2.138382
2.697463
3.000171
2.785221
2.240897
1.697309
1.233180
0.858048
0.587704
0.441258
0.420012
0.442887
0.520028
0.508788
0.383347
0.223790
0.104294
0.041991
0.147163
0.271539
0.175219
0.062159
0.007016
0.006751
0.003784
0.001060
0.002203
0.003582
0.000262
0.000000
0.000000
0.000000
0.000001
0.007247
0.023988
0.032159
0.045183
0.063078
0.099140
0.130756
0.129001
0.092885
0.054897
0.025483
0.007027
0.011201
0.022167
0.051421
0.096381
0.154464
0.201169
0.202679
0.275864
0.344352
0.399395
0.388250
0.326569
0.341687
0.685373
1.093565
1.227804
1.105269
0.753296
0.472981
0.315359
0.182929
0.219818
0.233647
0.375701
0.560760
0.791891
1.071238
1.394606
1.708264
1.956797
1.929613
1.694003
1.454339
1.251120
1.647783
2.118618
2.486658
2.860822
3.017076
2.799820
2.338027
1.908079
1.604991
1.344738
1.033535
0.856644
0.832005
0.882297
0.857815
0.979517
1.123059
1.316462
1.585707
1.733157
1.704541
1.496583
1.199302
0.912030
0.669038
0.551385
0.649297
0.754269
0.791047
0.777761
0.896288
1.019475
1.031228
0.934437
0.766552
0.589108
0.445495
0.430855
0.381289
0.353648
0.341411
0.345006
0.438790
0.556214
0.693934
0.841326
0.997500
1.161498
1.342137
1.543686
1.772256
2.019945
2.294875
2.593380
2.858062
3.054071
3.098820
2.968416
2.694660
2.430204
2.263156
2.169431
2.068711
2.147799
2.420791
2.725355
3.050287
3.370222
3.651937
3.878614
3.862873
3.599029
3.244244
2.911529
2.664217
2.404585
2.210938
2.218264
2.120611
2.055771
2.074919
2.008867
2.093518
2.103398
2.001485
1.811805
1.984982
2.095071
2.092102
2.170466
2.172029
2.203506
2.397334
2.747417
3.125187
3.441740
3.691720
3.688488
3.412169
3.018567
2.590095
2.322028
2.429520
2.356082
2.136775
1.899435
1.979545
2.150341
2.215496
2.116774
2.116460
2.152678
2.200172
2.439182
2.636363
2.795862
2.895603
2.769625
2.528444
2.235699
1.961013
1.703034
1.888135
2.295317
2.778857
3.412710
4.126138
4.860082
6.152903
6.686423
6.849203
6.779333
6.256520
4.938288
3.762588
3.222994
3.760097
4.220587
4.467832
4.442368
4.115957
3.678053
3.228395
2.817708
2.629675
2.720679
3.130733
3.661277
4.131732
4.383742
4.148782
3.680795
3.154799
2.664039
2.305862
2.111894
1.956327
2.687175
3.673043
3.980082
3.609439
2.561201
1.802657
1.277190
1.153190
1.386749
1.629219
1.826967
1.917570
1.865491
1.684060
1.461356
1.598093
1.825081
2.052969
2.269378
2.374100
2.375825
2.267928
2.124269
1.887053
1.746976
1.864996
2.068383
2.317390
2.619085
2.870252
3.009591
2.937083
2.896929
2.676602
2.486489
2.229366
1.986773
1.825953
1.766823
1.718582
1.827223
1.794806
1.657104
1.626817
1.541240
1.455427
1.579077
1.789304
2.023953
2.209411
2.253532
2.126791
1.914801
1.691988
1.495142
1.342043
1.502637
1.655301
1.726700
1.626315
1.467106
1.282846
1.093908
1.015382
1.327249
1.678303
1.970264
2.073549
1.981449
1.882068
1.848858
1.638538
1.369844
1.567038
2.013283
2.544006
3.227191
3.981274
4.682896
5.429100
5.899654
5.582978
5.264167
5.245855
4.755308
4.002483
3.259202
2.621479
2.169979
2.097998
1.897847
1.588996
1.226131
0.897565
0.639063
0.474763
0.500362
0.492222
0.539757
0.669297
0.848758
0.987458
1.244940
1.480867
1.595363
1.433439
1.184798
0.925404
0.782250
0.861561
0.910835
0.895735
0.824933
0.824744
0.748895
0.709617
0.659584
0.551242
0.591978
0.640629
0.586412
0.473450
0.336517
0.311704
0.325613
0.437722
0.702496
0.911592
0.908665
0.708608
0.784353
0.868457
0.866777
0.776266
0.702924
0.684288
0.749128
1.133726
1.636908
1.888326
1.774972
1.791554
1.969036
1.722264
1.376170
1.052690
1.179219
1.438361
1.565301
1.647973
1.767354
1.956031
2.143981
2.334442
2.396224
2.328768
2.124823
1.954695
2.001760
1.890789
1.714434
1.526477
1.568994
1.570399
1.474753
1.326830
1.376716
1.521515
1.668706
1.764757
1.760927
1.642115
1.489643
1.359409
1.565913
1.791598
2.044306
2.291326
2.407027
2.364405
2.175771
1.922099
1.661207
1.426410
1.236938
1.388261
1.605922
1.850680
2.090348
2.228276
2.209122
2.048036
1.823688
1.582286
1.358981
1.172633
1.189480
1.346486
1.459147
1.467363
1.372316
1.234111
1.155088
1.561998
2.230187
2.875912
3.172082
3.254890
3.266671
3.263734
3.261850
3.480047
4.084021
4.774260
5.548562
6.278228
6.532657
7.158198
8.084486
8.678425
8.325632
7.456842
6.372825
5.346700
4.456340
4.141696
4.598073
4.782571
4.951002
5.528588
5.871210
5.794257
5.317535
4.645449
4.034136
3.425037
2.879989
2.653260
3.001146
3.288340
3.304929
3.042367
2.664935
2.249680
1.859974
1.640264
2.221663
2.746778
2.748107
2.219188
1.750841
1.998694
2.179184
2.158070
1.957422
1.734416
1.545574
1.306550
1.213076
1.227613
1.225706
1.198669
1.250812
1.513887
1.596806
1.543308
1.385400
1.512869
1.610004
1.579858
1.446531
1.296438
1.161171
1.079088
1.192796
1.310748
1.421308
1.496712
1.498576
1.402513
1.525085
1.716323
1.851657
1.892314
1.771557
1.605324
1.466720
1.500382
1.488463
1.635126
1.799289
1.898287
1.907838
1.845845
1.664765
1.559436
1.645074
1.748155
2.013726
2.302354
2.407038
2.555992
2.721808
2.950037
3.183128
3.376925
3.596558
3.851006
4.096725
4.263680
4.269712
4.124082
3.897036
3.901760
4.710729
5.260982
5.812563
6.108459
6.208397
6.328234
6.530627
6.588018
6.388545
6.063736
5.705588
5.425120
5.079718
4.734434
4.094024
3.726450
3.819835
3.835389
3.764464
3.649167
3.826107
4.117281
4.444164
4.777821
5.047197
5.162514
5.015412
4.713367
4.823976
5.192659
5.580041
5.881743
6.211600
6.507655
6.609716
6.394664
6.023005
5.588780
5.206195
4.829050
4.917546
5.105005
5.056086
4.806935
4.559446
4.864415
5.053216
5.033325
4.999377
4.912953
4.594213
4.438283
4.700181
4.994416
5.260828
5.638110
5.906529
5.822480
5.683776
5.794376
6.310682
6.950994
7.627072
8.100528
8.251573
7.813245
7.164671
6.502769
5.901209
5.413328
5.147863
5.140511
4.910252
4.794727
5.228706
5.631637
5.855563
5.858811
5.645474
5.295280
4.925953
4.528501
4.137579
3.753735
3.377625
3.002684
2.651467
2.345090
2.085531
2.223413
2.327307
2.444747
2.466835
2.370799
2.163266
2.036359
2.071081
1.991227
1.821392
1.665528
1.589635
1.617332
1.792182
1.859039
1.815000
1.710862
1.893301
1.985692
1.921862
1.760798
1.569106
1.369425
1.186691
1.036971
1.112820
1.200645
1.162709
1.308818
1.408631
1.319112
1.138662
1.281098
1.409882
1.359409
1.348740
1.176311
0.870236
0.569151
0.452851
0.451102
0.366659
0.363449
0.317274
0.363596
0.453453
0.555754
0.642513
0.762244
0.918316
1.090243
1.277157
1.476742
1.634695
1.582286
0.910583
0.416477
0.263424
0.079682
0.013892
0.004506
0.000000
0.000000
0.000000
0.000088
0.008330
0.025292
0.031614
0.052459
0.096227
0.159017
0.243217
0.349196
0.466746
0.556162
0.552392
0.475276
0.546212
0.698508
0.879708
1.069745
1.190376
1.248473
1.710805
2.270940
2.921714
3.624579
4.229796
4.307061
3.845605
3.504096
3.315679
3.290645
3.674236
4.068718
4.034136
2.504677
1.399806
1.341517
1.471312
1.279902
0.578258
0.170230
0.144485
0.229850
0.384000
0.570915
0.753953
1.030351
1.280596
1.187089
1.256694
1.157016
0.640582
0.280515
0.213665
0.627522
0.000000
0.000000
0.000000
0.000000
0.000000
0.000000
0.000000
0.000000
