track	type=wiggle_0
fixedStep	chrom=chr	start=1	step=1
0.000000
0.000000
0.000000
0.000000
0.000000
0.000000
0.000000
0.000000
0.000000
0.000282
0.000158
0.000002
0.000000
0.000000
0.000000
0.000000
0.000000
0.000000
0.000000
0.000000
0.000875
0.022463
0.089536
0.206524
0.383759
0.612039
0.816923
0.903144
0.775612
0.567291
0.609932
0.790729
0.564155
0.306125
0.129784
0.105116
0.204944
0.350085
0.551380
0.801926
1.023204
1.060951
0.898710
0.759407
0.657575
0.566525
0.547868
0.518888
0.569459
0.491210
0.363860
0.248990
0.247725
0.273384
0.229179
0.184921
0.159677
0.106824
0.151221
0.298658
0.469745
0.653156
0.792001
0.832325
0.834566
0.815914
0.756158
0.618381
0.321573
0.116651
0.021797
0.001198
0.000035
0.001912
0.003472
0.000322
0.000846
0.000212
0.000000
0.000000
0.000000
0.000883
0.009924
0.029157
0.092564
0.277180
0.610604
0.763899
0.805795
0.812054
0.805795
0.776964
0.674839
0.403878
0.215239
0.175701
0.147549
0.187258
0.218810
0.302692
0.390063
0.453380
0.461997
0.616282
0.773843
0.913569
1.056237
1.201323
1.321503
1.392520
1.346459
1.237472
1.391957
1.561206
1.728787
1.869103
2.022056
2.120570
2.170394
2.170020
2.103466
1.964958
2.086508
2.251043
2.367524
2.398658
2.336250
2.340586
2.533272
2.669892
2.811378
2.876804
2.843509
2.674323
2.483891
2.379552
2.480524
2.430253
2.290282
2.171876
2.139778
2.253014
2.377310
2.600790
2.910444
3.193242
3.390357
3.405588
3.236469
3.082118
3.404886
3.733212
4.069468
4.280303
4.320528
4.232080
4.127677
4.051382
4.068055
4.338607
4.706464
5.053922
5.245743
5.122367
4.833723
4.810809
4.894521
5.330891
5.842150
6.382243
6.912477
7.321624
7.471236
7.935977
8.455898
8.901572
8.944902
9.271318
9.814628
10.114663
10.178302
11.120419
12.126532
13.220962
14.350605
15.324671
15.779943
15.328343
14.354068
13.907440
13.262280
12.488517
11.712942
11.135164
10.575455
10.817842
11.509337
12.103485
12.583709
12.814885
12.471642
11.801944
11.059391
10.338359
9.730151
9.132053
8.651642
8.482268
8.473899
8.671707
8.869047
9.113810
9.215643
9.008030
8.647105
8.226369
7.779843
7.531784
7.661020
7.531068
7.540977
8.003144
8.402773
8.555698
8.500330
8.290736
8.095931
7.839639
7.462079
7.035648
6.856095
6.944186
6.902291
6.607216
6.402108
6.736181
6.986628
6.936013
6.636278
6.255241
5.865790
5.530506
5.642447
5.560940
5.268539
4.933053
4.585363
4.246971
3.924154
3.615499
3.326786
3.085741
2.953348
2.770992
2.556533
2.375894
2.468850
2.618918
2.651248
2.561346
2.420905
2.240898
2.208707
2.094139
1.956421
1.808102
1.666410
1.409364
1.354921
1.338135
1.273754
1.224523
1.239472
1.214020
1.121951
1.002407
0.881798
0.730637
0.544329
0.489508
0.660692
0.774599
0.949813
1.095952
1.239085
1.462832
1.852470
2.307383
2.759219
3.041057
3.443555
3.787913
3.715032
3.436122
3.041652
2.506286
2.013508
1.650062
1.509583
1.572374
1.756539
1.827630
1.813673
1.950287
2.188876
2.241448
2.040624
1.731990
1.408809
1.127384
0.869362
0.651358
0.476525
0.347630
0.282041
0.303811
0.517920
0.797943
1.111397
1.284242
1.182737
0.915619
0.624572
0.379046
0.202495
0.087458
0.023475
0.001063
0.000000
0.000000
0.000000
0.000000
0.000000
0.000000
0.000000
0.000000
0.000000
0.000000
0.000000
0.000000
0.000000
0.000000
0.000000
0.000000
0.000000
0.000000
0.000000
0.000000
0.000000
0.000000
0.000000
0.000000
0.000000
0.000000
0.000000
0.000000
0.000000
0.000000
0.000000
0.000000
0.004631
0.049469
0.157944
0.356159
0.660432
0.704627
0.505970
0.360374
0.225628
0.220687
0.161055
0.069558
0.013084
0.000000
0.000000
0.000000
0.000000
0.000000
0.000000
0.000000
0.000000
0.000000
0.000000
0.000000
0.015930
0.036305
0.014430
0.000000
0.000000
0.000000
0.000000
0.000000
0.000000
0.000000
0.000000
0.000000
0.000000
0.000000
0.000000
0.003459
0.020848
0.014668
0.000201
0.000000
0.006417
0.047759
0.145284
0.318959
0.587735
0.771162
0.845138
0.864831
0.864831
0.843291
0.751426
0.507501
0.201313
0.070595
0.011558
0.000000
0.000000
0.000000
0.000000
0.000000
0.000000
0.000000
0.000000
0.000000
0.000000
0.000000
0.000000
0.000000
0.000000
0.000000
0.000000
0.000000
0.000000
0.000000
0.000000
0.000000
0.000000
0.000000
0.000000
0.000000
0.000000
0.000000
0.000000
0.000000
0.000000
0.000000
0.000000
0.000000
0.000000
0.000000
0.000000
0.022402
0.098970
0.241077
0.469795
0.836182
1.365971
1.652771
1.660565
1.420238
0.978373
0.717708
0.488195
0.312645
0.213587
0.116641
0.041698
0.009388
0.010588
0.011559
0.001606
0.000000
0.000000
0.000000
0.000000
0.011509
0.046380
0.092823
0.125325
0.150490
0.190303
0.195320
0.302423
0.415194
0.471105
0.461176
0.386383
0.274027
0.178593
0.201470
0.287484
0.334693
0.413307
0.598315
0.810646
0.991213
1.081847
0.954276
1.059655
1.209124
1.485265
1.861925
2.287479
2.835908
3.302750
3.566575
3.326296
2.834674
2.260715
1.758392
1.364753
1.053706
0.763537
0.810421
0.900555
0.876771
1.014886
1.175966
1.305110
1.400858
1.563174
1.743320
1.853166
1.836405
1.853109
1.767271
1.617309
1.917790
2.171873
2.266058
2.122319
2.229451
2.303390
2.542369
2.837584
3.137884
3.377263
3.380470
3.337240
3.674858
3.925068
3.921673
3.648855
3.273643
2.901170
2.659544
2.752715
2.638709
2.429780
2.225775
2.236823
2.187551
1.986782
1.880750
2.358063
2.709805
3.388513
4.245610
4.607389
4.707922
4.707922
4.618003
4.276413
3.431892
2.749301
2.779392
2.910210
2.739190
2.430460
2.118879
2.018894
1.941702
2.254460
2.701709
3.259775
3.597972
3.553802
3.165814
2.675988
2.280727
1.889137
1.506626
1.214420
1.560757
2.066185
2.617567
3.066106
3.080544
2.843355
2.557507
2.138207
1.724757
1.292989
0.921262
0.732320
0.891073
1.040700
1.112890
1.080017
1.110193
1.262910
1.350727
1.299381
1.132835
0.946124
0.780764
0.653495
0.545325
0.444410
0.353163
0.331369
0.295466
0.249070
0.193420
0.145754
0.085808
0.031905
0.006534
0.004406
0.015650
0.033426
0.058434
0.094140
0.139154
0.191407
0.249009
0.290042
0.303179
0.259583
0.192018
0.131264
0.094889
0.083795
0.073705
0.067685
0.099616
0.151345
0.203747
0.231973
0.240749
0.233189
0.194709
0.142578
0.095550
0.077275
0.080234
0.085883
0.150243
0.310918
0.540457
0.846175
1.226683
1.620055
1.605299
1.178004
0.785650
0.491348
0.273841
0.126758
0.039386
0.004845
0.013065
0.040250
0.114049
0.209988
0.347895
0.435198
0.500277
0.470949
0.390697
0.247884
0.124902
0.045460
0.010931
0.000265
0.000000
0.000000
0.000000
0.005172
0.015071
0.027307
0.028421
0.017655
0.005499
0.006402
0.024514
0.056651
0.105960
0.172882
0.257273
0.356725
0.461173
0.559045
0.652353
0.665818
0.588923
0.483691
0.379764
0.285667
0.205363
0.137497
0.082868
0.048460
0.030803
0.048577
0.094207
0.123571
0.126118
0.197225
0.299477
0.418730
0.488809
0.513742
0.489788
0.610045
0.780130
0.980118
1.109463
1.090065
0.943443
0.776981
0.589698
0.508858
0.528055
0.464217
0.467997
0.697974
0.951114
1.100274
1.041023
1.298445
1.750713
2.335090
2.876233
2.860109
2.320210
1.881434
1.700452
1.444700
1.619189
1.984392
1.926221
1.396327
1.025864
0.690276
0.784544
0.779730
0.658437
0.508508
0.368580
0.255684
0.175907
0.263451
0.321825
0.283630
0.219452
0.179694
0.210281
0.205878
0.167655
0.123170
0.121490
0.114024
0.079837
0.045723
0.047344
0.075146
0.118774
0.169059
0.211368
0.229705
0.253318
0.252883
0.306865
0.387963
0.479902
0.592053
0.716068
0.848129
0.955823
1.001539
0.959589
1.085337
1.244702
1.349633
1.343347
1.231058
1.058240
0.883604
0.725680
0.593183
0.485374
0.396179
0.323191
0.353954
0.359845
0.398375
0.468992
0.543936
0.617003
0.655610
0.641525
0.738132
0.837531
0.911520
0.981759
1.017666
0.998914
0.947835
0.891226
0.793351
0.694519
0.862632
1.298615
1.774066
1.919677
1.630098
1.197787
0.874601
0.713732
0.781412
0.813068
0.783666
0.758314
0.680968
0.645549
0.692450
0.703065
0.658176
0.599996
0.653585
0.703287
0.765777
0.920296
1.037002
1.035878
0.999883
1.043951
1.177520
1.230266
1.369816
1.594177
1.634870
1.482533
1.580337
1.874303
2.367215
2.902786
3.159915
2.898640
2.357318
2.297851
2.585280
2.889191
3.221342
3.572088
3.943979
4.249480
4.324928
4.125493
3.842786
3.549473
3.255932
3.372322
3.813138
4.278764
4.756162
5.159150
5.272386
5.080371
4.672394
4.200044
3.740817
3.304173
2.908586
2.547700
2.231356
1.987460
2.093700
2.359483
2.625070
2.753778
2.794890
2.679783
2.446705
2.169554
1.899841
1.678199
1.639973
1.611653
1.833189
2.062347
2.266459
2.394621
2.341854
2.194903
2.156263
2.064378
1.917217
2.153736
2.403469
2.627077
2.791738
2.834343
2.772428
2.615906
2.387544
2.131409
1.894203
1.720926
1.602504
1.470558
1.617866
1.760322
1.907954
2.035909
2.176496
2.326324
2.492084
2.649843
2.736307
2.687232
2.640589
2.765917
2.857684
2.953395
3.046237
3.109479
3.139132
3.036019
2.845694
2.936664
3.102314
3.305900
3.501904
3.549222
3.476413
3.334979
3.430086
3.506494
3.486617
3.366058
3.168574
2.951427
2.740648
2.588579
2.712322
2.980567
3.251348
3.441953
3.442116
3.570219
3.894385
4.176228
4.318972
4.278832
4.043315
3.745285
3.908971
3.958718
3.791718
3.562762
3.273877
2.970775
2.661676
2.376616
2.119713
1.887719
1.681424
1.499938
1.487435
1.377377
1.253498
1.172014
1.259629
1.252731
1.147551
1.013819
0.895827
0.836209
0.747425
0.745737
1.103220
1.594431
2.353614
2.737714
2.738463
2.372171
1.660002
1.272762
0.923613
0.620408
0.379769
0.364554
0.372863
0.375097
0.376055
0.370937
0.337885
0.253862
0.257166
0.259942
0.387061
0.545770
0.685849
0.745322
0.644644
0.492922
0.337795
0.425023
0.448794
0.417563
0.379807
0.409465
0.590660
0.881646
1.201982
1.527151
1.650348
1.484884
1.313402
1.244902
1.145902
1.062191
0.985975
0.964440
0.990860
0.937414
0.793132
1.025301
1.204581
1.162984
0.912137
0.637796
0.406558
0.229256
0.159277
0.091223
0.044905
0.034300
0.028065
0.030561
0.049500
0.059597
0.041419
0.011133
0.000000
0.000000
0.000000
0.000000
0.000000
0.000000
0.000000
0.000000
0.000000
0.000000
0.000000
0.005391
0.056905
0.178885
0.399537
0.729289
0.881549
0.936524
0.937617
0.894020
0.776606
0.533049
0.309940
0.096989
0.015578
0.000000
0.000000
0.000000
0.000000
0.000000
0.000000
0.000000
0.000000
0.000000
0.000000
0.000000
0.000000
0.000000
0.000000
0.000000
0.000000
0.000000
0.000000
0.000000
0.000000
0.000000
0.000042
0.020630
0.074340
0.122970
0.186405
0.234527
0.262232
0.242937
0.192857
0.246236
0.511053
0.831791
1.001367
1.064226
1.210312
1.482387
1.531563
1.298679
0.946579
0.632578
0.687574
0.967205
1.276891
1.505199
1.561755
1.370457
1.061174
0.766872
1.050513
1.438619
1.943502
2.557185
3.252459
3.794531
3.143931
2.368581
1.752522
1.268599
0.883828
0.598669
0.394799
0.245006
0.156944
0.192291
0.230936
0.274696
0.314540
0.394641
0.522706
0.678196
0.830291
0.905177
0.859089
0.723145
0.580796
0.710992
0.853903
1.009936
1.182542
1.373796
1.572696
1.776423
2.002078
2.250232
2.537592
2.842968
3.091340
3.190407
3.422676
3.494073
3.383042
3.307729
3.152459
3.508513
3.798047
3.884033
3.704294
3.422987
3.300679
3.554983
3.666976
3.517720
3.286040
3.170106
3.281245
3.806598
4.376350
4.975400
5.586279
6.168463
6.552959
6.571757
6.338956
6.973152
7.739044
8.396813
8.879083
9.764594
10.676713
11.067152
10.690178
9.770898
8.783049
7.865062
7.051989
6.347116
5.701177
5.160744
4.715514
5.040792
5.067709
4.770092
4.312916
3.860465
3.683393
4.038759
4.423851
4.790599
5.103814
5.195665
5.073685
5.196847
5.544824
5.829596
5.998066
6.385308
6.763500
7.000917
6.876198
6.469148
5.983097
5.496223
5.037824
4.597545
4.178834
3.796125
3.433185
3.077674
2.737108
2.470621
2.581181
2.679661
2.899204
3.090060
3.250635
3.294171
3.173639
3.108588
3.012407
2.820984
2.592051
2.369809
2.122118
1.951547
1.687969
1.911943
2.262048
2.539419
2.510389
2.189526
1.850860
1.502753
1.190749
1.208864
1.347403
1.340486
1.263359
1.308929
1.246384
1.200922
1.257789
1.345359
1.389439
1.483944
1.597983
1.630579
1.542647
1.393770
1.226327
1.066172
0.928886
0.802933
0.692812
0.597759
0.520251
0.457681
0.471126
0.483959
0.484825
0.445372
0.381978
0.319597
0.367278
0.422643
0.462564
0.463925
0.414237
0.335768
0.255258
0.183388
0.122465
0.074365
0.169633
0.337144
0.551396
0.912722
1.416724
1.614675
1.430482
1.090122
1.350985
1.661805
1.998592
2.413426
3.282266
4.266284
4.645071
4.722660
4.642070
4.288693
3.399686
2.442822
1.818714
1.321727
0.942033
0.636509
0.400466
0.239611
0.168142
0.125156
0.145696
0.159861
0.170726
0.183310
0.303904
0.445199
0.552932
0.581049
0.504154
0.446917
0.604652
0.743673
0.792413
0.717237
0.615133
0.467069
0.330835
0.281704
0.483653
0.734771
1.066253
1.455396
1.949257
2.666907
3.686227
4.319466
4.333188
3.735917
2.772080
2.055302
1.497726
1.052953
0.702922
0.453171
0.272598
0.165990
0.076362
0.017833
0.019338
0.041026
0.038529
0.012680
0.020843
0.046906
0.051834
0.029631
0.013236
0.005421
0.018892
0.035940
0.041319
0.024917
0.017373
0.048488
0.076070
0.073972
0.043874
0.013258
0.006633
0.010066
0.033298
0.073908
0.122047
0.162354
0.155451
0.140177
0.097411
0.051463
0.085610
0.141035
0.194420
0.224258
0.203942
0.162280
0.138458
0.368282
0.535699
0.655666
0.757578
0.647147
0.490291
0.435804
0.452063
0.445502
0.457538
0.681124
0.787883
0.817167
0.819636
0.943393
1.235733
1.630043
2.135197
2.715627
3.238503
3.508421
3.426858
2.977656
2.469242
1.950226
2.025795
2.319160
2.382680
2.464009
2.285880
2.130921
1.954813
1.705982
1.989452
2.334957
2.447068
2.349457
2.148306
1.755979
1.330973
0.954153
0.725145
1.154837
1.347092
1.403476
1.418987
1.413528
1.368159
1.193056
0.787157
0.421933
0.220352
0.087486
0.016853
0.000000
0.000000
0.000000
0.000000
0.000000
0.000000
0.000000
0.000000
0.000000
0.000000
0.000015
0.000000
0.000000
0.000000
0.000000
0.000000
0.000000
0.000000
0.000000
0.000000
0.000000
0.000000
0.000000
0.000000
0.000000
0.000000
0.000000
0.000000
0.000000
0.000000
0.000000
0.004104
0.017521
0.038281
0.058848
0.069845
0.061209
0.037744
0.018087
0.004555
0.009695
0.022191
0.043419
0.070835
0.086966
0.085968
0.070305
0.049283
0.071304
0.091728
0.108723
0.131159
0.144878
0.144735
0.127401
0.116163
0.138151
0.186862
0.247476
0.315131
0.383763
0.439083
0.431095
0.371191
0.311134
0.275451
0.339994
0.401794
0.421910
0.423040
0.391860
0.326575
0.259055
0.200789
0.212981
0.272384
0.320206
0.356274
0.345409
0.336336
0.388024
0.407395
0.370710
0.302181
0.363689
0.432084
0.451843
0.461111
0.516701
0.568136
0.643459
0.775063
0.791041
0.721176
0.620119
0.604423
0.676144
0.784417
0.913541
1.036907
1.099437
1.098303
1.106092
1.154849
1.143785
1.073015
0.953486
1.023237
1.199280
1.386316
1.527729
1.566635
1.489586
1.682317
1.929090
2.207383
2.503597
2.810651
3.207616
3.651582
4.130147
4.608275
5.055708
5.428615
5.636105
5.443767
5.046821
4.561108
4.090387
3.857262
4.317372
4.517322
4.317903
3.856601
3.364711
2.904128
3.103416
3.393977
3.695424
3.973033
4.247879
4.550596
4.902934
5.296299
5.707535
6.093866
6.422533
6.506938
6.363392
5.988865
5.506638
5.042049
4.840050
5.251164
5.716758
6.202776
6.605194
6.831457
6.715280
6.380519
5.944990
5.530848
5.138024
4.777706
4.844494
5.046654
5.110944
4.925471
4.685447
4.520574
4.634664
4.831753
4.871025
4.751855
4.548453
4.344390
4.071595
3.821925
4.014563
4.331293
4.669294
5.001204
5.323830
5.666678
6.025329
6.355984
6.618742
6.786134
6.693248
6.404781
6.045595
6.274433
6.707213
7.166823
7.610037
7.905529
8.900981
9.188025
8.922939
7.921847
6.503556
6.033459
5.866344
6.338173
6.908020
7.155159
7.014313
6.437961
5.805675
5.140570
4.782075
4.439577
4.435006
4.627353
4.685160
4.499883
4.436052
4.268102
4.211628
4.483853
4.754927
4.970250
4.979786
4.834029
4.665174
4.513389
4.244711
3.918819
3.623189
3.406681
3.663618
4.000027
4.403469
4.841797
5.181089
5.302687
5.156283
4.779303
4.344698
4.538121
4.926536
5.317939
5.641755
5.784693
5.697129
5.391643
4.958102
4.519188
4.101724
3.730791
3.638758
3.527439
3.357868
3.409555
3.728716
3.934894
3.828562
3.879646
4.146696
4.449827
4.760375
4.973491
4.965138
4.818957
4.524253
4.190017
3.938051
3.652114
3.394696
3.379372
3.702696
4.048198
4.368531
4.614269
4.636998
4.522366
4.244719
3.950983
3.665347
3.398360
3.146215
3.129632
3.046478
3.126169
3.030086
2.777757
2.498286
2.291613
2.090546
1.914735
2.016016
2.148172
2.389595
2.642451
2.871275
2.942493
2.857781
3.421397
4.034490
4.366562
4.051677
3.906514
4.423837
4.901416
5.025567
4.606486
3.989137
3.856190
3.594716
2.982812
2.105759
1.779994
1.480635
1.443452
1.469579
1.784179
2.084750
2.307087
2.297892
2.055302
1.796838
2.023105
2.378261
2.674244
2.709172
2.418972
2.058907
1.714195
1.868243
2.126416
2.288880
2.434749
2.485188
2.513405
2.559170
2.512253
2.579960
2.531324
2.471684
2.296477
2.018885
1.736253
1.640101
1.615078
1.633941
1.651589
1.626283
1.568894
1.511446
1.616286
1.701182
1.674602
1.565923
1.554711
1.598793
1.535611
1.381909
1.178716
0.964969
1.329818
1.696867
1.932868
2.041901
2.066110
1.719428
1.151133
0.918704
0.900587
1.069416
1.407193
1.811245
1.999162
2.032655
1.974908
2.131117
2.342483
2.533293
2.659058
2.722940
2.654483
2.579175
2.723221
2.771887
2.716356
2.583558
2.555922
2.446297
2.395571
2.614189
2.721181
2.773006
2.671925
2.477571
2.261384
2.037765
1.838918
1.699823
1.714642
1.856681
1.957890
1.911886
1.742129
1.504330
1.349467
1.229042
1.282849
1.543205
1.738500
1.800075
1.743900
1.742038
1.847262
2.007865
2.139124
2.199681
2.126607
1.996608
2.004013
2.332172
2.654150
2.836360
2.885555
2.655917
3.035720
3.602987
4.290053
5.083291
5.969664
6.947360
8.006885
9.016895
10.587077
11.862561
12.305377
12.298699
11.840291
11.172311
10.836661
9.752347
8.902981
8.710960
8.218352
7.821724
7.393461
8.294327
9.925299
10.544414
9.874407
8.121553
7.426690
6.763253
6.331952
6.094898
5.932950
5.824699
6.455925
6.914241
7.226687
6.779757
6.013206
5.161164
4.378207
3.732422
3.450104
3.221848
3.044021
2.802834
3.099174
3.138922
2.868576
2.629477
2.925245
3.240614
3.576565
3.940385
4.317500
4.656695
4.960001
5.071043
4.907465
4.519285
4.076759
3.658195
3.304647
3.147389
3.140724
3.389100
3.458115
3.263807
3.133670
2.824065
2.500307
2.183561
2.032117
1.882592
1.757849
1.842433
1.907980
1.859221
2.038838
2.248132
2.500826
2.788732
3.095340
3.364526
3.488266
3.411371
3.211312
3.015652
3.024293
3.217364
3.443455
3.583587
3.599516
3.621856
3.782498
3.890752
4.030602
4.195340
4.333489
4.361104
4.205277
3.948437
4.276955
4.832840
5.360580
5.739649
6.145777
6.558038
6.953005
7.294178
7.547724
7.583197
7.382120
7.038045
6.762657
6.636730
6.577046
6.486798
6.715520
7.103616
7.470572
7.635376
7.522571
7.256120
6.934297
6.629459
6.838842
6.861289
6.678857
6.244987
5.931770
5.583471
5.495820
5.323196
5.080473
4.819321
4.593956
4.344268
4.064905
3.785966
3.447901
3.137738
2.968831
2.855165
2.750988
2.852811
2.930915
3.108805
3.252425
3.417536
3.560421
3.582063
3.402842
3.139831
3.241604
3.923961
4.441292
4.453516
3.976530
3.332871
3.172882
3.517198
3.859938
4.187841
4.492204
4.695485
4.681661
4.439822
4.097654
3.752830
3.954707
4.384533
4.828135
5.272435
5.671790
6.109480
6.660678
7.286383
7.988300
8.733933
9.286761
9.491231
9.021155
8.308474
7.575909
6.911057
6.354314
5.992337
5.956835
5.712483
5.698065
6.176400
6.605571
6.851837
6.855284
6.649966
6.288038
5.892906
5.478251
5.071348
4.675588
4.279932
3.893663
3.528756
3.211927
3.364568
3.286661
3.046522
2.729011
2.543837
2.314086
2.061015
2.089818
2.119876
2.068382
2.052996
2.195207
2.240391
2.487348
2.710850
2.814233
2.793138
2.717745
2.951854
3.073500
3.001069
2.809325
2.572846
2.311303
2.071939
1.867766
1.689881
1.526086
1.336860
1.603438
1.710272
1.601204
1.425549
1.565467
1.683559
1.628686
1.563381
1.367544
1.047916
0.800936
0.837495
0.764449
0.652047
0.517848
0.392758
0.287435
0.279880
0.379223
0.482908
0.571616
0.651925
0.704478
0.833238
0.927696
1.014170
0.973191
0.515357
0.230599
0.118934
0.061865
0.029172
0.011217
0.000799
0.000000
0.003987
0.011738
0.030655
0.065470
0.114840
0.178934
0.259921
0.357540
0.464024
0.572674
0.716657
0.875889
1.020087
1.059090
0.927158
1.019670
1.206316
1.440433
1.707134
2.015685
2.367347
2.756348
3.152286
3.831586
4.440122
4.521249
4.098059
4.382820
4.063560
3.151282
2.968017
3.051533
2.909914
2.834278
3.108505
3.536267
3.722966
2.782239
1.175903
0.360819
0.180387
0.202563
0.310044
0.409406
0.442034
0.594311
0.672301
0.484987
0.220061
0.000697
0.000000
0.000000
0.206474
0.610604
0.000000
0.000000
0.000000
0.000000
0.000000
0.000000
0.000000
0.000000
