track	type=wiggle_0
fixedStep	chrom=chr	start=1	step=1
0.000000
0.000000
0.000000
0.000000
0.000000
0.000000
0.000000
0.000000
0.000000
0.000000
0.000000
0.005593
0.042314
0.335991
0.714208
0.923002
0.865108
0.655393
0.713941
0.908181
0.662255
0.377731
0.177726
0.186448
0.317470
0.504764
0.744029
1.028932
1.273037
1.316010
1.139875
0.984340
0.864075
0.695968
0.674606
0.748440
0.803379
0.712952
0.544400
0.400188
0.385922
0.412727
0.360446
0.357452
0.321762
0.246314
0.223575
0.396004
0.586697
0.755687
0.909599
0.954212
0.956561
0.935866
0.869256
0.715902
0.388311
0.157058
0.075605
0.035202
0.016749
0.026526
0.030872
0.018611
0.017690
0.013962
0.005714
0.000022
0.000000
0.000000
0.000489
0.035060
0.130802
0.340882
0.708885
0.878686
0.924985
0.931806
0.932811
0.893264
0.957845
0.965356
0.912555
0.809446
0.711263
0.760725
0.910447
1.080062
1.244112
1.357697
1.372742
1.293761
1.135048
0.965642
0.814945
0.721210
0.720661
0.774111
0.782885
0.746673
0.780084
0.753374
0.753013
0.763168
0.740048
0.827951
0.922956
1.126699
1.358092
1.622315
1.915504
2.231515
2.516990
2.755205
2.792549
2.558555
2.227644
1.899482
1.604496
1.353315
1.142887
0.940728
0.847563
1.000548
1.185292
1.374324
1.530852
1.626148
1.606161
1.592686
1.505336
1.335279
1.175652
1.241814
1.228098
1.158428
1.334742
1.527927
1.735642
1.946870
2.130687
2.181293
2.104246
1.906911
1.821442
2.011779
2.259935
2.538264
2.824097
3.086830
3.198742
3.108179
2.871169
2.589071
2.460436
2.381196
2.653466
2.981349
3.301374
3.572140
3.606527
3.724708
4.033752
4.321612
4.352465
4.122030
3.834928
4.244544
4.771143
5.347844
5.977605
6.658080
7.362714
7.952620
8.290338
7.952615
8.124465
7.866887
7.293344
6.666619
6.066053
5.516133
5.003461
4.538020
4.153913
3.968441
4.066356
4.015508
3.772173
3.471706
3.237408
2.753499
2.508025
2.511567
2.451746
2.283256
2.126937
1.937400
1.757678
1.906807
2.111697
2.226339
2.247044
2.147911
1.948415
1.741613
1.535916
1.343822
1.166392
1.005901
0.927392
1.047170
1.158304
1.247568
1.246139
1.171783
1.073392
1.124454
1.254045
1.347686
1.346802
1.278750
1.311310
1.399602
1.543647
1.641869
1.670599
1.670534
1.614821
1.482091
1.340003
1.237320
1.134075
1.125944
1.201760
1.177828
1.084800
0.961052
0.837838
0.723078
0.616770
0.519819
0.431906
0.384403
0.442510
0.514538
0.560658
0.564518
0.529818
0.460188
0.403903
0.339232
0.274716
0.260479
0.227906
0.180321
0.133987
0.094080
0.100539
0.125118
0.093279
0.034593
0.016007
0.022280
0.024075
0.025674
0.028435
0.033043
0.032529
0.022142
0.016331
0.026929
0.018318
0.031214
0.065347
0.140467
0.248965
0.378256
0.523594
0.624114
0.666309
0.597362
0.453418
0.371101
0.369819
0.702382
1.026440
1.155431
1.155856
1.031160
0.721175
0.388570
0.186115
0.070123
0.021273
0.000180
0.000000
0.000000
0.000487
0.026782
0.051933
0.060871
0.107181
0.211056
0.288141
0.231110
0.133469
0.049935
0.008459
0.000000
0.000000
0.000000
0.000000
0.000000
0.000000
0.000164
0.000000
0.000000
0.000000
0.000000
0.000000
0.000000
0.000000
0.000000
0.000000
0.016183
0.088269
0.248426
0.532873
0.723994
0.795494
0.795495
0.723994
0.534714
0.254216
0.093373
0.018279
0.000000
0.000000
0.000000
0.000402
0.018653
0.042598
0.041823
0.016929
0.000142
0.000000
0.001992
0.037131
0.097664
0.219262
0.438777
0.771387
0.820713
0.596674
0.433138
0.262118
0.181598
0.119801
0.025389
0.000000
0.000000
0.000000
0.000000
0.000000
0.000000
0.000000
0.000000
0.000000
0.000000
0.000000
0.003853
0.033627
0.059749
0.031855
0.001582
0.000000
0.000000
0.000000
0.000000
0.000000
0.000000
0.000000
0.000000
0.000000
0.000000
0.000000
0.000000
0.000000
0.000000
0.000000
0.000000
0.000000
0.000000
0.000000
0.000000
0.000000
0.000000
0.000000
0.000000
0.000000
0.000000
0.000000
0.000000
0.000000
0.000000
0.000000
0.000000
0.000000
0.000000
0.000000
0.000000
0.000000
0.000000
0.000000
0.000000
0.000000
0.000000
0.000000
0.000000
0.000000
0.000000
0.000000
0.000000
0.000000
0.000000
0.000000
0.000000
0.000000
0.000000
0.000000
0.000000
0.000192
0.000095
0.000000
0.000000
0.000000
0.000000
0.000000
0.000000
0.000000
0.000000
0.007251
0.057607
0.164510
0.337411
0.598469
0.996654
1.561602
1.877734
1.887251
1.609350
1.101236
0.775157
0.555428
0.413122
0.321360
0.216547
0.371769
0.586531
0.667240
0.598934
0.397845
0.200930
0.297167
0.441132
0.620588
0.827186
1.014419
1.142173
1.141011
0.996979
0.811816
0.700120
0.517452
0.355010
0.241188
0.127625
0.052887
0.041448
0.014782
0.035334
0.078471
0.130732
0.156869
0.140099
0.093601
0.129178
0.144635
0.148332
0.148332
0.191070
0.272888
0.368696
0.462077
0.532112
0.534145
0.468111
0.372951
0.295328
0.319936
0.419012
0.520018
0.585633
0.616922
0.740115
0.800337
0.723533
0.604172
0.470248
0.408101
0.510804
0.624014
0.748938
0.872080
0.942290
0.930000
0.854146
0.750847
0.694291
0.610024
0.507411
0.409243
0.344114
0.439621
0.544788
0.622030
0.643200
0.618182
0.635231
0.665755
0.962439
1.307543
1.611917
1.743358
1.684145
1.460560
1.258444
1.463570
2.051602
2.398136
2.494474
2.496488
2.413086
2.119546
1.543797
1.258733
1.089687
0.895292
1.095690
1.183900
1.296811
1.621327
1.900703
1.958033
1.825402
1.533796
1.251068
1.280315
1.347951
1.311959
1.298408
1.429064
1.533314
1.658730
1.668688
1.598838
1.396178
1.281878
1.163216
1.203962
1.504204
1.809182
1.899946
1.721949
1.902333
2.409094
2.986083
3.457806
3.473803
3.235543
2.920421
2.478920
2.033688
1.565797
1.154476
0.815619
0.549999
0.348206
0.207505
0.189481
0.190282
0.234515
0.258734
0.224087
0.166944
0.106726
0.060487
0.031958
0.016343
0.031183
0.057802
0.095460
0.132149
0.153971
0.131654
0.095017
0.057038
0.027815
0.009339
0.000843
0.000000
0.000000
0.001613
0.031510
0.087160
0.129407
0.099220
0.048225
0.043596
0.031653
0.014333
0.002935
0.000117
0.001566
0.006400
0.016830
0.030275
0.036782
0.030991
0.030451
0.043585
0.054939
0.055748
0.083783
0.096332
0.101484
0.105090
0.111902
0.211625
0.396466
0.652595
0.987823
1.401950
1.830559
1.809974
1.344079
0.926283
0.602090
0.357242
0.185510
0.074734
0.082971
0.115296
0.140578
0.158737
0.284223
0.436812
0.537670
0.601203
0.558881
0.465897
0.295750
0.150200
0.056572
0.021237
0.031349
0.038874
0.040529
0.060594
0.093252
0.136370
0.170139
0.173834
0.145469
0.105160
0.071459
0.118896
0.182612
0.265218
0.366057
0.484465
0.618752
0.755924
0.881227
0.994971
1.014153
0.926732
0.797992
0.664438
0.537447
0.421383
0.322022
0.236217
0.174795
0.138970
0.147388
0.214524
0.256451
0.255229
0.353586
0.488242
0.639896
0.728794
0.690875
0.645983
0.837487
1.038053
1.273910
1.432018
1.415787
1.244784
1.054571
0.835264
0.749196
0.772169
0.695052
0.668509
0.905814
1.188168
1.349090
1.279866
1.548164
2.023953
2.652640
3.236447
3.217460
2.633326
2.160724
1.977603
1.691262
1.861280
2.256852
2.190726
1.612156
1.214792
0.984410
1.115002
1.110395
0.965249
0.781829
0.607229
0.457587
0.337026
0.433293
0.503889
0.453633
0.367147
0.290895
0.196408
0.133453
0.158483
0.159054
0.131845
0.132102
0.142050
0.117728
0.078313
0.042999
0.018397
0.025369
0.044294
0.070417
0.108077
0.145569
0.177641
0.214911
0.240631
0.294305
0.331363
0.315847
0.508857
0.659439
0.489957
0.298107
0.361687
0.400353
0.465615
0.543557
0.626644
0.713877
0.804600
0.897218
0.988921
1.088159
1.240778
1.418057
1.602877
1.780215
1.936049
2.077382
2.226481
2.297897
2.219267
2.060106
1.881731
1.697359
1.533937
1.442421
1.432939
1.361729
1.243974
1.104001
0.977337
0.874552
1.150798
1.604247
1.752440
1.615107
1.259168
1.289510
1.168961
1.002815
0.733004
0.702542
0.971523
1.234980
1.354257
1.285671
1.544862
1.911102
2.214344
2.397220
2.350628
2.044319
1.689917
2.172773
2.421283
2.768749
3.151926
3.129362
2.720270
2.247180
1.938602
1.657769
1.578224
1.813776
2.278164
2.793583
3.326947
3.564881
3.301412
2.776287
2.223694
1.753520
1.500028
1.723566
1.965731
2.224017
2.476348
2.560009
2.489348
2.249944
2.009642
1.776975
1.971724
2.291498
2.609829
2.888162
2.995168
2.836060
2.537029
2.241385
1.988470
1.731506
1.472897
1.241532
1.034412
0.861586
0.936494
1.098531
1.220490
1.368734
1.463401
1.454340
1.325783
1.159019
1.157807
1.142881
1.035343
0.897459
0.887533
0.990913
1.078546
1.158126
1.237594
1.338656
1.439480
1.462234
1.407972
1.271398
1.129852
0.975360
0.852581
0.999773
1.149427
1.289067
1.303141
1.176789
0.984938
0.798778
0.638271
0.497966
0.383627
0.288890
0.208118
0.266817
0.328096
0.396211
0.471705
0.547973
0.616628
0.656705
0.685202
0.656262
0.622696
0.668580
0.707465
0.846978
1.243906
1.762961
2.103356
2.219275
2.207368
2.064713
1.674083
1.216622
1.244337
1.200897
1.135513
1.221367
1.277225
1.266109
1.181978
1.057935
1.146260
1.274967
1.202726
0.994077
0.848028
0.942015
0.961421
0.965663
0.938061
1.173581
1.299367
1.722313
2.316447
2.790472
3.026013
3.123405
3.106869
2.959098
2.586420
1.842217
1.279347
0.857302
0.543050
0.313604
0.163732
0.128890
0.150755
0.135199
0.102047
0.066760
0.050282
0.040130
0.022810
0.007974
0.000417
0.000000
0.000000
0.000000
0.000000
0.000000
0.000000
0.000000
0.000000
0.000000
0.000000
0.000000
0.000000
0.000000
0.000000
0.000000
0.000000
0.000000
0.000000
0.000000
0.000000
0.000000
0.000000
0.000000
0.000000
0.000000
0.000000
0.000000
0.000000
0.000000
0.000999
0.023715
0.076745
0.158622
0.247870
0.325799
0.417043
0.621159
0.925368
1.254546
1.589396
1.710592
1.536149
1.355898
1.286208
1.184562
1.100872
1.021531
0.997691
1.024123
0.967579
0.816656
1.056100
1.242679
1.203665
0.947898
0.666757
0.427380
0.242505
0.173002
0.101450
0.052270
0.040383
0.033437
0.035537
0.055272
0.066577
0.047256
0.014077
0.000012
0.000000
0.000000
0.000000
0.000000
0.000000
0.000000
0.000000
0.000000
0.000000
0.000000
0.007149
0.063257
0.189948
0.415913
0.757117
0.914835
0.973696
0.976557
0.931835
0.805450
0.551568
0.320007
0.100738
0.017706
0.000000
0.000000
0.000000
0.000000
0.000000
0.000000
0.000000
0.000000
0.000000
0.000000
0.000000
0.000000
0.000000
0.000000
0.000000
0.000000
0.000000
0.000000
0.000000
0.000000
0.000000
0.000000
0.000000
0.000000
0.000000
0.000000
0.000000
0.000569
0.038426
0.143384
0.333766
0.640533
0.908513
1.055163
1.149542
1.571141
1.934459
1.985525
1.733267
1.341498
0.998119
0.745641
1.037963
1.374553
1.682890
1.810051
1.660997
1.400033
1.774974
2.250791
2.716167
2.843501
3.048738
3.630479
4.060794
3.330262
2.510516
1.862380
1.351229
0.939130
0.623655
0.404718
0.256002
0.231024
0.309436
0.393096
0.463895
0.492399
0.447295
0.391159
0.316733
0.341615
0.433441
0.553111
0.679504
0.814543
0.962692
1.126577
1.306363
1.501281
1.715174
1.941931
2.178502
2.430881
2.706074
3.006862
3.299537
3.467057
3.460920
3.623693
3.725973
3.804274
4.049551
4.151044
4.260670
4.539768
4.640114
4.449147
4.134014
3.765979
3.585419
3.393306
3.145938
3.189854
3.473647
3.971021
4.532139
5.146406
5.792610
6.462612
7.115680
7.562816
7.583826
7.399350
8.112401
8.975192
9.698471
10.234286
11.199922
12.201269
12.659552
12.201406
11.177802
10.085703
9.068335
8.226015
7.655675
7.656816
7.281646
6.684361
6.230720
6.001945
5.489067
4.935664
4.387045
3.911883
3.604022
3.395854
3.108182
2.921803
2.661200
2.371658
2.332763
2.532302
2.689024
2.774855
3.000294
3.229768
3.347032
3.245903
3.008733
2.805692
2.648841
2.474846
2.217511
1.952957
1.711867
1.506092
1.402558
1.298933
1.310755
1.281417
1.349463
1.373329
1.305757
1.382991
1.497673
1.550122
1.661553
1.830141
1.976204
1.995113
1.863662
1.692673
1.550916
1.374394
1.196091
1.030091
0.964718
1.034957
1.095425
1.169506
1.251014
1.421668
1.598377
1.728097
1.767016
1.684642
1.617390
1.547571
1.637813
1.638358
1.716034
1.778408
1.873033
2.022908
2.114106
2.142502
2.091569
2.119319
2.769085
3.497555
4.165398
4.051790
3.275010
2.550370
1.932170
1.422511
1.004008
0.901687
0.857129
0.768189
0.681193
0.694828
0.854285
1.012174
1.059639
1.186703
1.506639
1.835285
2.024810
1.981784
1.767354
1.451363
1.160807
0.908272
0.687739
0.769199
0.926474
0.860152
1.040481
1.422230
1.895746
2.458269
3.143085
3.923657
4.788438
5.555531
5.603797
5.190913
4.643198
3.656529
3.658213
3.686399
3.415449
2.863308
2.267976
1.733808
1.288706
1.071003
0.927834
0.768319
0.673887
0.583661
0.693708
0.687380
0.679010
0.687987
0.694277
0.699104
0.674471
0.581599
0.486477
0.598649
0.723716
0.852454
0.964786
1.027375
0.992145
0.894607
0.778228
0.700347
0.698070
0.740264
0.868756
0.988380
1.073285
1.078274
1.074724
1.125634
1.303070
1.476714
1.635812
1.770913
1.887024
1.936671
2.032121
1.982690
1.842440
1.932166
2.461883
2.956607
3.460833
3.449840
2.897050
2.259442
1.684380
1.416988
1.293102
1.158026
1.101829
1.214866
1.281548
1.261263
1.265716
1.291375
1.231788
1.109225
1.166771
1.456937
1.764686
2.002454
2.111851
1.939960
1.673386
1.354487
1.320691
1.552590
1.647574
1.547072
1.628985
1.732472
1.739089
1.860233
2.416776
3.077929
3.852991
4.720725
5.533749
5.871335
5.542000
4.740464
3.869010
3.125271
2.535634
2.531941
3.054030
3.609427
3.954804
3.975770
3.874248
3.503562
3.018994
2.500868
2.445098
2.855839
3.223527
3.303443
3.089104
2.685457
2.253920
1.867403
2.104326
2.283649
2.445429
2.277043
2.103163
1.868451
1.503254
1.405890
1.730887
2.025945
2.039441
1.964574
1.664599
1.274034
0.920707
0.742976
1.199535
1.422354
1.483551
1.496075
1.461531
1.389909
1.178400
0.710152
0.364560
0.168490
0.054589
0.009444
0.022940
0.029694
0.017805
0.005262
0.000004
0.000000
0.000000
0.000000
0.000000
0.000000
0.000000
0.000000
0.000000
0.000031
0.000879
0.000424
0.000000
0.000000
0.000000
0.000000
0.000000
0.000000
0.001888
0.004492
0.004290
0.000788
0.000000
0.000000
0.000000
0.000000
0.000000
0.000049
0.002758
0.003089
0.000189
0.000000
0.000000
0.000000
0.000000
0.000000
0.000000
0.000000
0.007961
0.065712
0.189448
0.395419
0.757242
1.177447
1.319819
1.202709
0.869836
0.642565
0.493836
0.505620
0.598376
0.634672
0.642389
0.640679
0.626667
0.562553
0.406582
0.187283
0.077162
0.041992
0.036183
0.016888
0.000916
0.000000
0.003831
0.021486
0.033300
0.023060
0.018119
0.045010
0.045316
0.023881
0.021492
0.035991
0.091426
0.154190
0.228973
0.433276
0.742743
1.051898
1.200720
1.246567
1.255560
1.241744
1.196139
1.028041
0.668146
0.361866
0.546419
0.767151
0.856646
0.745448
0.509315
0.301026
0.250475
0.473366
0.585943
0.615369
0.621537
0.620356
0.619126
0.614586
0.592329
0.511787
0.343285
0.150822
0.066077
0.054705
0.074815
0.096722
0.087473
0.060591
0.085599
0.135681
0.197942
0.304198
0.431801
0.573498
0.723034
0.850833
0.900707
0.825870
0.697043
0.560465
0.433261
0.414875
0.543956
0.677768
0.801948
0.844248
0.789353
0.654653
0.541231
0.533620
0.658994
0.809931
0.966656
1.103926
1.155862
1.062300
0.899426
0.831007
1.042729
1.301959
1.582991
1.835367
1.948972
1.999637
1.841199
1.866934
1.942122
1.969942
1.775608
1.741337
2.022415
2.226858
2.326705
2.255380
2.021505
1.737529
1.521281
1.715920
1.907228
2.061186
2.213862
2.415431
2.588159
2.651637
2.578618
2.500006
2.345870
2.152361
1.955073
1.759639
1.716212
1.929762
2.142548
2.345803
2.528214
2.695601
2.768018
2.683347
2.698014
2.709170
2.789109
3.042091
3.355965
3.714942
4.097477
4.508067
4.954248
5.340101
5.516971
5.410131
5.088587
4.679821
4.284018
3.973366
3.980295
3.923468
3.693733
3.786307
3.755239
3.457909
3.338764
3.591177
3.694031
3.618032
4.007585
4.508736
5.060417
5.634713
6.133814
6.195976
5.884515
5.336712
4.740121
4.832242
4.977044
4.989574
4.837976
4.501275
4.162332
4.181879
4.270685
4.245052
4.092478
3.867046
3.613725
3.337187
3.300467
3.212475
3.090255
2.955810
3.084301
3.110458
3.045246
2.871960
3.120695
3.320578
3.394417
3.383539
3.493918
3.611393
3.799129
3.998958
4.029952
3.930363
3.651868
3.353015
3.298302
3.430996
3.402313
3.200462
2.952776
2.659460
2.386881
2.181947
2.159881
2.414199
2.625284
2.927098
3.132857
3.130600
2.979510
2.954605
2.971089
2.877042
2.953113
3.216488
3.409381
3.500051
3.438905
3.250274
3.031892
2.780677
2.531469
2.395648
2.375186
2.145325
1.844051
1.850756
1.869701
1.881187
1.747534
1.871882
2.171070
2.300977
2.289362
2.150594
2.576041
3.010477
3.556724
4.231615
5.000044
5.877799
6.859915
7.907506
8.941899
9.820267
10.150266
9.504990
8.386281
7.280277
6.366658
5.846033
5.649521
5.057270
4.366878
3.709698
3.143646
2.737560
2.633627
2.642802
2.485606
2.145742
1.891024
2.213820
2.616785
2.948004
2.990411
2.870446
2.663472
2.318821
1.947246
1.612514
1.529839
1.672578
1.770152
1.780340
1.820561
1.830957
1.764867
1.794171
1.861427
1.971895
1.875512
1.606760
1.430105
1.254762
1.292738
1.411955
1.479947
1.556592
1.747820
1.914256
2.011990
1.989733
1.923908
2.033131
2.175013
2.289827
2.289768
2.231294
2.125249
1.930586
1.709336
1.518494
1.527781
1.612621
1.642679
1.565265
1.587514
1.752970
1.942742
2.105928
2.126420
2.001941
1.825087
1.726367
1.967910
2.214689
2.442868
2.667639
2.884174
3.072460
3.179522
3.500764
3.719603
3.754834
3.943122
3.950257
3.774314
3.532808
3.325538
3.253090
3.206485
3.019792
2.791946
2.544018
2.294604
2.060630
2.101515
2.406849
2.714609
2.940945
2.994838
2.821788
2.551903
2.213669
1.917673
1.676434
1.462535
1.261202
1.285471
1.477153
1.597646
1.627248
1.730287
1.722243
1.575449
1.383471
1.182907
0.990860
1.003842
1.275665
1.590039
1.936010
2.298340
2.655601
2.798100
2.743892
2.896547
3.201763
3.616171
4.558621
5.878348
7.601044
8.717626
9.111580
9.107777
8.866006
8.902941
8.450935
7.724902
6.919946
6.348319
6.131756
6.705077
6.988763
6.974827
8.063759
8.366674
8.013064
6.835826
5.327669
4.158882
3.878872
3.740155
3.289836
2.788946
2.682771
2.774330
2.632959
2.471865
2.139655
1.767055
1.378817
1.035928
0.921087
0.735680
0.663691
0.731666
0.746973
0.758184
0.757196
0.711379
0.652995
0.797577
0.925177
0.999473
1.145192
1.293038
1.300107
1.171422
0.976699
0.813249
0.695319
0.566566
0.425847
0.306440
0.207037
0.129473
0.166225
0.181916
0.152058
0.110755
0.097022
0.138343
0.179474
0.206493
0.229459
0.297086
0.396889
0.464586
0.504754
0.595748
0.691349
0.759049
0.761483
0.772459
0.892665
0.977574
1.002156
0.971978
0.913708
1.014036
1.138347
1.215472
1.208011
1.106957
1.094869
1.218241
1.343511
1.418591
1.416174
1.346688
1.312061
1.296030
1.414452
1.589277
1.763692
1.892032
1.994083
2.115974
2.169896
2.096385
2.048109
2.103746
2.143866
2.358265
2.665670
2.858694
2.987155
2.984117
2.921756
2.760539
2.483445
2.348620
2.417201
2.460191
2.576763
2.690686
2.729115
2.719025
2.584985
2.393166
2.212956
2.113245
2.051040
1.886228
1.707833
1.588206
1.850621
2.106018
2.327451
2.398796
2.338490
2.117868
1.844427
1.573434
1.383205
1.282877
1.149394
1.009320
1.152513
1.320314
1.481861
1.659192
2.016797
2.528896
3.161600
3.876126
4.466558
4.566962
4.091051
3.441612
3.480567
3.512479
3.590908
3.945304
4.295608
4.523045
4.524981
4.291320
3.942400
3.580479
3.371167
3.361904
3.281327
3.467972
3.700192
3.916431
4.259984
4.734413
5.269610
5.723771
5.916225
5.673119
5.181829
4.606583
4.066857
3.564021
3.169244
3.043317
2.864495
2.704589
2.640918
2.791541
3.243811
3.556966
3.737160
3.683276
3.462552
3.346168
3.165488
3.315804
3.547735
3.641967
3.561536
3.337449
3.079595
2.830439
2.599877
2.386890
2.215682
2.018702
1.846211
1.716438
1.548139
1.537085
1.495006
1.637709
1.730742
1.715965
1.814367
1.997460
2.147154
2.168111
2.057542
2.030874
2.059634
1.960821
1.787506
1.703681
1.780631
1.948294
2.153956
2.321863
2.291207
1.938972
1.853258
1.777212
1.738709
1.603855
1.707059
1.771606
1.705693
1.520393
1.309404
0.909756
0.816684
0.751905
0.553263
0.524289
0.497440
0.453442
0.394132
0.395729
0.400606
0.480520
0.552266
0.581470
0.759117
0.986515
1.197508
1.190808
0.956226
0.658214
0.420771
0.451482
0.411523
0.348126
0.295480
0.423022
0.563295
0.715326
0.886677
1.053645
1.136227
1.168882
1.257054
1.186463
0.976076
0.746616
0.540473
0.373517
0.256495
0.209672
0.278801
0.487125
0.696019
0.796631
0.837745
1.023967
1.426492
1.896938
2.479366
3.175098
3.929403
4.581626
4.646768
4.110710
3.677826
3.388286
2.879777
2.430767
2.323186
1.850423
1.335225
0.903894
0.573795
0.333341
0.412966
0.494301
0.447667
0.310119
0.174622
0.111156
0.041513
0.004799
0.000000
0.000000
0.000000
0.000000
0.000000
0.000000
0.003466
0.085218
0.180369
0.214782
0.187964
0.931806
0.924984
0.893264
0.780662
0.440520
0.218032
0.097137
0.008813
0.000000
0.000000
0.000000
0.000000
0.000000
0.000000
0.000000
0.000000
