track	type=wiggle_0
fixedStep	chrom=chr	start=1	step=1
0.000000
0.000000
0.000000
0.000000
0.000000
0.000000
0.000000
0.000000
0.000000
0.000000
0.000000
0.004452
0.039126
0.323497
0.689699
0.892061
0.835318
0.629630
0.689335
0.878793
0.638793
0.360831
0.167859
0.170728
0.295309
0.473872
0.703874
0.980668
1.218048
1.259910
1.089463
0.941129
0.825457
0.666414
0.645659
0.702303
0.756787
0.668480
0.507492
0.370455
0.352645
0.382932
0.333414
0.326783
0.293516
0.222222
0.209166
0.374634
0.560027
0.731680
0.882775
0.926617
0.929033
0.908782
0.844089
0.693783
0.371894
0.147468
0.063160
0.027634
0.012453
0.021046
0.024786
0.013977
0.013454
0.010286
0.002554
0.017139
0.030527
0.032453
0.020535
0.030895
0.121100
0.324411
0.686197
0.852561
0.897947
0.904668
0.897947
0.866810
0.756376
0.464977
0.248548
0.126315
0.105164
0.144015
0.169242
0.203267
0.270517
0.324238
0.331544
0.294657
0.233968
0.172826
0.131291
0.112303
0.118059
0.116772
0.144804
0.172329
0.199049
0.206632
0.179508
0.226682
0.447086
0.820930
1.099805
1.264646
1.294421
1.217395
1.154428
1.407286
1.572544
1.593323
1.523977
1.390056
1.256889
1.137156
1.017870
0.897132
0.848725
0.797788
0.754269
0.699799
0.710349
0.677122
0.641230
0.728530
0.773412
0.759620
0.815315
0.937198
1.066717
1.152532
1.152648
1.087036
1.074395
1.045536
1.187308
1.318973
1.199369
0.909672
0.807764
0.699716
0.615917
0.718518
0.855712
1.019326
1.197830
1.377120
1.511988
1.526079
1.519961
1.712008
1.965889
2.248543
2.555328
2.874040
3.183149
3.448378
3.481562
3.597390
3.902556
4.189061
4.219945
3.990780
3.703609
4.122410
4.636052
5.202078
5.816477
6.482711
7.174412
7.758807
8.086252
7.758603
7.873740
7.638525
7.091829
6.500523
5.927779
5.387740
4.882010
4.421794
4.043844
3.852079
3.930583
3.872435
3.627924
3.335702
3.109831
2.649228
2.442399
2.450898
2.371121
2.205514
2.050116
1.863936
1.688972
1.855289
2.025783
2.127637
2.146614
2.051713
1.860175
1.662493
1.463819
1.287805
1.171144
1.154963
1.067564
1.029649
1.012291
0.928820
0.813969
0.851705
0.936978
1.026595
1.058952
1.024921
0.997812
0.988841
1.080704
1.191472
1.262388
1.287619
1.292253
1.297146
1.236043
1.122191
1.001214
0.917347
0.883564
0.896415
0.900322
0.866518
0.787549
0.684070
0.581303
0.487354
0.403608
0.328969
0.261782
0.290484
0.339746
0.361409
0.372598
0.367581
0.338889
0.284658
0.239090
0.191598
0.145794
0.131162
0.108105
0.076562
0.048339
0.035736
0.092382
0.115888
0.085519
0.030471
0.013729
0.019448
0.021125
0.022720
0.025427
0.029780
0.028816
0.018070
0.004489
0.000011
0.000017
0.000063
0.000031
0.000546
0.019264
0.063134
0.135591
0.200577
0.194041
0.131028
0.145757
0.109576
0.055094
0.018233
0.004926
0.005343
0.011793
0.009627
0.001285
0.006461
0.003133
0.000000
0.000000
0.000000
0.000000
0.000000
0.000190
0.023803
0.047558
0.056048
0.098538
0.197384
0.271845
0.216979
0.123253
0.044272
0.006348
0.000000
0.000000
0.000000
0.000000
0.000000
0.000000
0.000000
0.000000
0.000000
0.000000
0.000000
0.000000
0.000000
0.000000
0.000000
0.000000
0.013548
0.082055
0.237058
0.514608
0.701061
0.770607
0.770607
0.701061
0.516417
0.242691
0.086932
0.015463
0.000000
0.000000
0.000000
0.000020
0.014480
0.035900
0.035084
0.012904
0.000000
0.000000
0.000924
0.031672
0.088168
0.204545
0.418135
0.742177
0.789964
0.572146
0.412724
0.245913
0.170395
0.111269
0.022310
0.000000
0.000000
0.000000
0.000000
0.000000
0.000000
0.000000
0.000000
0.000000
0.000000
0.000000
0.002630
0.029877
0.054858
0.028210
0.000846
0.000000
0.000000
0.000000
0.000000
0.000000
0.000000
0.000000
0.000000
0.000000
0.000000
0.000000
0.000000
0.000000
0.000000
0.000000
0.000000
0.000000
0.000000
0.000000
0.000000
0.000000
0.000000
0.000000
0.000000
0.000000
0.000000
0.000000
0.000000
0.000000
0.000000
0.000000
0.000000
0.000000
0.000000
0.000000
0.000000
0.000000
0.000000
0.000000
0.000000
0.000000
0.000000
0.000000
0.000000
0.000000
0.000000
0.000000
0.000000
0.000000
0.000000
0.000000
0.000000
0.000000
0.000000
0.000000
0.000000
0.000031
0.000000
0.000000
0.000000
0.000000
0.000000
0.000000
0.000000
0.000000
0.000000
0.004982
0.050255
0.152237
0.319468
0.575944
0.965817
1.519561
1.828482
1.837797
1.566315
1.068227
0.748041
0.529576
0.390791
0.302693
0.203309
0.354760
0.563181
0.641838
0.575197
0.379911
0.189469
0.271022
0.407487
0.578765
0.775800
0.956406
1.078011
1.074655
0.937017
0.773645
0.666655
0.490606
0.332862
0.222373
0.114054
0.046015
0.035369
0.011486
0.026396
0.064350
0.111684
0.135782
0.120285
0.078187
0.120227
0.134988
0.138518
0.138518
0.164397
0.240263
0.329897
0.417984
0.483927
0.485707
0.424096
0.334342
0.261579
0.282203
0.373034
0.468126
0.530869
0.566365
0.683940
0.741871
0.670010
0.554672
0.429693
0.360280
0.454405
0.560096
0.678377
0.793329
0.862236
0.851089
0.777782
0.682139
0.630200
0.550350
0.453737
0.361775
0.306270
0.394826
0.482354
0.524273
0.511761
0.441886
0.368151
0.364264
0.330494
0.427252
0.579760
0.681300
0.739793
0.755058
1.022906
1.311829
1.993818
2.337349
2.431832
2.431832
2.336248
2.010997
1.446552
1.204253
1.041620
0.822097
1.049096
1.147515
1.171794
1.168325
1.151788
1.093531
1.057984
0.912822
0.762407
0.917559
1.095264
1.152914
1.167965
1.224080
1.146794
0.954983
0.797553
0.956431
1.161816
1.217263
1.103213
1.147398
1.441048
1.737902
1.826678
1.656369
1.833480
2.330349
2.898823
3.366506
3.382670
3.144301
2.837542
2.399230
1.962628
1.504401
1.103871
0.778051
0.519881
0.324745
0.189964
0.141576
0.150480
0.201617
0.226548
0.195327
0.140574
0.085858
0.045625
0.021683
0.005373
0.000008
0.000000
0.000000
0.000000
0.000000
0.000000
0.000000
0.000000
0.000000
0.000000
0.000000
0.000000
0.000000
0.000007
0.020344
0.068108
0.101537
0.079781
0.035684
0.025166
0.015597
0.003807
0.000000
0.000000
0.000132
0.002038
0.008404
0.018000
0.023115
0.018778
0.017913
0.027608
0.034602
0.051070
0.077973
0.090244
0.095274
0.098777
0.105329
0.196943
0.376269
0.625897
0.953514
1.357929
1.777249
1.759478
1.302414
0.891619
0.574943
0.337096
0.171945
0.067184
0.016348
0.013114
0.025517
0.087090
0.171364
0.285274
0.360518
0.409949
0.384189
0.319928
0.193469
0.095643
0.028580
0.011621
0.019243
0.025128
0.026580
0.042946
0.070820
0.108817
0.138985
0.142447
0.117222
0.081271
0.056783
0.099340
0.156928
0.232359
0.327727
0.438153
0.565357
0.696340
0.816231
0.925763
0.944929
0.860530
0.737232
0.610982
0.491075
0.382212
0.287039
0.205607
0.148544
0.144999
0.197018
0.189678
0.229784
0.229249
0.321759
0.449065
0.593459
0.677496
0.697993
0.799648
0.861287
0.981846
1.211308
1.364020
1.348718
1.183887
0.998794
0.785456
0.701082
0.723508
0.751523
0.879087
0.987036
1.136551
1.294703
1.226537
1.493666
1.961899
2.580349
3.151240
3.134088
2.560864
2.096446
1.915444
1.632298
1.807383
2.197314
2.128674
1.560636
1.170250
1.069373
1.182323
1.429169
1.704960
1.999578
2.321503
2.642385
3.039991
3.452052
3.667923
3.516484
3.143065
2.732655
2.359093
2.628567
2.922846
3.237069
3.572731
3.912759
4.223361
4.434167
4.471794
4.349470
4.042979
3.704985
3.671079
3.970802
4.290179
4.558423
4.641728
4.547693
4.275599
3.963115
3.672074
3.401264
3.460200
3.683027
3.867259
3.864033
3.658804
3.362029
3.038842
2.829206
2.583474
2.326939
2.086653
1.972774
2.083217
2.276599
2.371522
2.367657
2.264203
2.121493
2.249129
2.423308
2.594292
2.705630
2.713100
2.634143
2.466989
2.380232
2.251789
2.447794
2.987827
3.641022
4.403885
5.272069
6.280916
7.425141
8.596279
9.558895
9.697868
9.069735
7.990057
6.855239
6.076141
6.979468
7.876387
8.650945
8.785471
8.291256
7.431759
6.537401
5.724663
4.956254
4.261416
3.663865
3.201115
3.425336
3.843984
4.160873
4.232021
3.984462
3.614331
3.125744
3.053052
2.804766
2.418895
2.316164
2.770219
3.245017
3.524176
3.486823
3.139111
2.660399
2.191665
1.789785
1.935572
2.174170
2.320180
2.310603
2.170253
1.977986
1.755711
1.563672
1.522664
1.447583
1.300428
1.140345
1.006750
0.964804
0.894749
0.789543
0.854182
0.991687
1.105306
1.168039
1.105132
0.984825
0.837474
0.704523
0.610630
0.723539
0.852683
1.006383
1.171619
1.332543
1.482892
1.547237
1.535658
1.432217
1.279117
1.105132
0.938270
0.794885
0.680262
0.580020
0.491292
0.414263
0.354509
0.519614
0.668427
0.707581
0.663131
0.584589
0.407040
0.271550
0.218143
0.190784
0.186790
0.254730
0.327862
0.403658
0.470239
0.540128
0.693983
0.840576
0.962948
1.085239
1.206472
1.338020
1.473126
1.600928
1.660352
1.636881
1.553856
1.441250
1.436247
1.466025
1.420980
1.259396
1.270938
1.355080
1.413900
1.789109
2.133367
2.251370
2.242299
2.095903
1.699961
1.124571
0.757011
0.619728
0.688793
0.638906
0.515369
0.465896
0.669632
0.920259
1.183456
1.315738
1.244230
1.031201
0.779842
0.913955
1.018968
1.026238
0.997363
1.206280
1.331211
1.761663
2.363033
2.846140
3.082952
3.179793
3.163738
3.017915
2.639304
1.881746
1.309759
0.880886
0.560920
0.326083
0.166310
0.148856
0.173452
0.159477
0.128170
0.091619
0.060324
0.038112
0.018692
0.005270
0.000016
0.000000
0.000000
0.000000
0.000000
0.000000
0.000000
0.000000
0.000000
0.000000
0.000000
0.000000
0.000000
0.000000
0.000000
0.000000
0.000000
0.000000
0.000000
0.000000
0.000000
0.000000
0.000000
0.000000
0.000000
0.000000
0.000000
0.000000
0.000000
0.000000
0.002414
0.029384
0.087231
0.174264
0.268116
0.348868
0.442709
0.647823
0.958887
1.293315
1.633108
1.758832
1.583359
1.399689
1.321667
1.218304
1.130968
1.049357
1.025229
1.051805
0.993929
0.851896
1.096228
1.287295
1.248488
0.987604
0.698684
0.452815
0.260949
0.191040
0.111773
0.049655
0.017699
0.003629
0.000000
0.000000
0.000000
0.000000
0.000000
0.000000
0.000000
0.000000
0.000000
0.000000
0.000000
0.000000
0.000000
0.000000
0.000000
0.000000
0.000000
0.000000
0.000000
0.002194
0.050343
0.087686
0.099809
0.103379
0.103784
0.100332
0.084058
0.036602
0.000000
0.000000
0.000000
0.000000
0.000000
0.000000
0.000000
0.000000
0.000000
0.000000
0.000000
0.000000
0.000000
0.000000
0.000000
0.000000
0.000000
0.000000
0.000000
0.000000
0.000000
0.000000
0.000000
0.000000
0.000000
0.000000
0.000000
0.000000
0.000000
0.001598
0.045261
0.156293
0.354306
0.669790
0.946500
1.099837
1.207044
1.637749
2.010947
2.063376
1.803424
1.403083
1.051180
0.805506
1.110724
1.456990
1.772985
1.903625
1.747218
1.470512
1.855594
2.344830
2.818044
2.950809
3.154522
3.750664
4.184472
3.434771
2.598230
1.937360
1.414346
0.991188
0.665153
0.438029
0.281463
0.176193
0.238095
0.273075
0.259406
0.323293
0.355720
0.332404
0.307731
0.392536
0.511142
0.649258
0.801092
0.966794
1.140149
1.326853
1.524733
1.737737
1.970386
2.212443
2.463739
2.735080
3.027593
3.349135
3.661986
3.834194
3.818274
3.963352
4.039293
4.094588
4.341786
4.440284
4.546744
4.833242
4.939713
4.742681
4.416770
4.035548
3.849756
3.649963
3.390100
3.455244
3.707735
4.221361
4.804412
5.441119
6.110322
6.802251
7.472398
7.931775
7.956623
7.756106
8.491915
9.374075
10.122277
10.672995
11.664830
12.692391
13.151181
12.689532
11.640684
10.517793
9.478597
8.608448
8.016350
8.025198
7.640532
7.023796
6.558417
6.317597
5.793291
5.219668
4.655824
4.184999
3.954993
4.032861
4.325539
4.336384
4.084699
4.000955
4.184569
4.219007
4.059623
4.111682
4.382420
4.674942
4.775825
4.653988
4.318955
4.040331
3.957465
3.897423
3.676533
3.396135
3.233999
3.030405
2.777409
2.602458
2.385941
2.365822
2.394396
2.441731
2.590034
2.631081
2.748286
2.890914
3.053793
3.232302
3.390191
3.332271
3.093840
2.805751
2.518293
2.260702
2.015241
1.772316
1.548826
1.364777
1.252083
1.187738
1.251101
1.402086
1.563246
1.660860
2.110446
2.358736
2.367636
2.145178
1.647412
1.465310
1.583736
1.665118
1.747125
1.785691
1.907222
2.014988
2.023463
2.185253
2.846244
3.587106
4.264294
4.147441
3.356033
2.616659
1.989583
1.470497
1.285154
1.387365
1.415243
1.361964
1.248079
1.148216
1.372160
1.574618
1.621911
1.504786
1.682352
1.966803
2.164080
2.092516
1.849336
1.524316
1.229995
0.968837
0.958396
1.474196
1.672791
1.481975
1.255662
1.522348
1.984227
2.549550
3.239631
4.027672
4.897126
5.689081
5.734215
5.303506
4.721632
3.671730
2.789218
2.162629
1.614320
1.170916
0.817676
0.632768
0.692478
0.782725
0.775503
0.692668
0.573575
0.527584
0.646506
0.704504
0.648063
0.652411
0.661270
0.655411
0.621458
0.574108
0.621743
0.646491
0.737906
0.874309
1.011803
1.100012
1.100216
1.022784
0.963185
1.147906
1.324320
1.435136
1.476227
1.423686
1.355578
1.260198
1.221606
1.334362
1.514391
1.700927
1.872149
2.015642
2.142110
2.196022
2.297830
2.246218
2.092818
2.365212
2.988724
3.539116
4.056212
4.048038
3.492063
2.796672
2.139271
1.707283
1.651502
1.852231
2.046418
2.193484
2.224918
2.219077
2.123281
2.360261
2.483733
2.358410
2.596398
2.972107
3.254700
3.327527
3.289042
3.469819
3.737873
4.250709
4.872030
5.494699
5.791526
5.576683
4.967719
4.298092
3.681015
3.615919
4.163931
4.727792
5.089318
5.140975
5.697743
6.041451
5.710602
4.894713
4.008279
4.328022
4.584974
4.585688
4.319135
3.875648
4.115268
4.138261
4.034064
3.652807
3.159909
2.648637
2.782594
3.227787
3.511674
3.530444
3.276685
2.831105
2.384480
1.980391
2.173539
2.357558
2.527860
2.364888
2.211267
2.022269
1.762361
1.730150
2.013666
2.259345
2.271767
2.149557
1.780431
1.360256
0.994992
0.774098
1.255090
1.495719
1.563163
1.581687
1.548324
1.474479
1.254567
0.763337
0.401527
0.192586
0.094444
0.064649
0.094276
0.127413
0.139067
0.123745
0.102657
0.081395
0.069036
0.093102
0.135066
0.160932
0.187233
0.181042
0.155601
0.175969
0.186984
0.173842
0.141181
0.105111
0.073230
0.103583
0.130688
0.140912
0.124716
0.098428
0.100227
0.077111
0.047289
0.022923
0.006733
0.002223
0.004787
0.004360
0.011246
0.016050
0.014326
0.008000
0.003357
0.000013
0.000000
0.000000
0.000000
0.000000
0.010622
0.073498
0.203761
0.418141
0.789496
1.225759
1.371956
1.251268
0.907975
0.673668
0.519783
0.530981
0.626732
0.664890
0.672627
0.671075
0.655896
0.587834
0.426998
0.198536
0.084231
0.047472
0.016398
0.000525
0.000433
0.000539
0.007353
0.029277
0.067039
0.094034
0.065848
0.056828
0.056038
0.030551
0.025294
0.051080
0.106598
0.169886
0.241812
0.452768
0.771355
1.089586
1.241494
1.288599
1.298852
1.284801
1.237874
1.065024
0.695329
0.381027
0.579110
0.808603
0.899966
0.783598
0.538395
0.322887
0.265192
0.495144
0.610231
0.641967
0.646947
0.643466
0.639455
0.635182
0.614197
0.531137
0.359081
0.159948
0.071037
0.066775
0.092158
0.110685
0.124122
0.174952
0.243184
0.331418
0.442062
0.568601
0.705564
0.823799
0.885701
0.898712
0.951316
0.872498
0.962234
1.078058
1.158231
1.147795
1.063038
1.206142
1.371464
1.501638
1.554216
1.456698
1.316449
1.421686
1.625110
1.821614
2.011789
2.173049
2.240405
2.175032
1.968622
1.749022
1.774412
2.269494
2.589779
2.892321
3.019818
3.115057
3.168547
3.268494
3.318937
3.450216
3.523926
3.755941
4.033727
4.287786
4.411212
4.368714
4.149462
4.063538
4.336736
4.633428
4.935119
5.232956
5.545589
5.889199
6.208854
6.448833
6.579165
6.444356
6.158716
5.797906
5.445716
5.104923
4.787013
4.499746
4.234159
3.993047
3.722154
3.456240
3.585906
3.813603
3.943475
4.045869
4.129204
4.286362
4.522031
4.747386
5.184595
5.703451
6.378033
8.171159
9.209072
9.507136
9.223179
8.191220
6.388799
5.801793
5.768695
5.558043
5.766346
6.004874
5.853627
5.399751
5.038272
5.270742
5.482225
5.939031
6.517440
7.205038
7.953598
8.737556
9.448899
9.668296
9.355280
8.586972
7.800192
7.103754
6.455986
6.392927
6.509150
6.278339
5.758807
5.188592
4.904234
4.958437
4.856420
4.649690
4.385857
4.113081
4.271617
4.344018
4.347300
4.495448
4.549955
4.465118
4.356369
4.098400
4.305530
4.600420
4.727042
4.762340
4.701508
5.215407
5.984779
6.877555
7.440136
7.652613
7.553154
7.179785
6.759738
6.829821
6.875597
6.636036
6.208079
5.743880
5.311237
4.913341
4.604377
4.504196
4.510778
4.344403
4.501596
4.645338
4.595368
4.436233
4.463124
4.484806
4.415235
4.773871
5.061147
5.165866
5.082070
4.832136
4.558644
4.252170
3.938876
3.616127
3.300005
2.986140
2.984118
3.013944
2.912802
2.790940
2.872665
2.839587
2.711959
2.538969
2.637748
2.496965
2.645773
3.076711
3.631405
4.314092
5.089620
5.977705
6.973948
8.027305
9.074187
9.961273
10.301122
9.652743
8.522821
7.395874
6.471292
5.953229
5.750216
5.147956
4.448558
3.786053
3.212320
2.801155
2.696669
2.706537
2.547632
2.203114
1.940067
2.267788
2.677443
3.012534
3.055062
2.936963
2.727762
2.378165
2.000787
1.931121
2.101784
2.248036
2.383107
2.510165
2.606148
2.597680
2.478225
2.320966
2.430007
2.422956
2.291304
2.190736
2.107543
1.969915
2.026121
2.073926
2.085797
2.130847
2.130453
2.092817
2.183436
2.189284
2.136884
2.198832
2.350519
2.397250
2.347843
2.310687
2.203754
2.001324
1.778330
1.592376
1.643747
1.861353
2.196375
2.525542
2.765214
3.101467
3.411258
3.641827
3.676092
3.470720
3.176806
2.897815
3.105591
3.358431
3.581999
3.749053
3.848101
3.790998
3.583582
3.754459
3.900988
3.910913
4.105431
4.115253
3.932668
3.686857
3.474478
3.400801
3.351556
3.159021
2.924922
2.672236
2.422205
2.206303
2.250648
2.493612
2.801752
3.033040
3.084291
2.906061
3.031533
3.071517
3.031602
2.895871
2.701691
2.602178
2.791825
2.845757
2.792318
2.870289
2.980525
3.096735
3.275242
3.432225
3.445700
3.260633
3.030834
2.810908
2.601168
2.474009
2.660686
2.744143
2.858935
2.803979
2.959266
3.267297
3.680066
4.635059
5.970368
7.716110
8.840206
9.237218
9.236174
9.010955
9.049901
8.596249
7.864949
7.046240
6.454635
6.238874
6.825745
7.114561
7.113528
8.217881
8.517063
8.152858
6.959316
5.422832
4.232747
3.955919
3.814071
3.359421
2.851634
2.737401
2.830651
2.687951
2.534658
2.216636
2.429639
2.715380
2.964072
3.172908
3.162167
2.960808
2.964549
3.262543
3.612108
3.982432
4.382913
4.816237
5.251782
5.631697
5.933190
6.424394
6.794240
6.779778
6.426662
6.069114
5.872830
5.782390
5.507024
5.128021
4.755875
4.489645
4.328391
4.080888
4.050237
4.114795
4.008920
3.843647
3.698148
3.888782
3.862305
3.639074
3.325588
2.984951
2.739672
2.767215
2.999097
3.223067
3.343488
3.315501
3.157237
3.279890
3.459389
3.455055
3.555853
3.845740
4.153534
4.433228
4.562506
4.509774
4.275988
4.257858
4.458182
4.542648
4.448777
4.457070
4.627120
4.671290
4.527404
4.446751
4.725983
4.968261
5.059514
5.186186
5.137993
5.042049
5.130438
5.209939
5.235802
5.251481
5.139098
5.102371
5.239533
5.419766
5.422177
5.346481
5.301338
5.100636
4.962006
4.816659
4.604288
4.371813
4.139627
4.054291
4.045267
3.979989
3.917274
3.973592
4.064132
4.182722
4.187569
3.994312
3.762003
3.516639
3.309917
3.148387
2.993649
2.913726
2.646600
2.203959
2.131255
2.252998
2.282284
2.373034
2.425281
2.481740
2.358907
2.311121
2.559703
2.783881
2.987393
3.285891
4.055172
4.655585
4.715394
4.557683
4.531784
4.433374
4.321862
4.096429
3.925056
3.646619
3.324429
3.348447
3.083707
2.694988
2.884006
3.217525
3.324008
3.273791
3.541140
3.939025
4.453152
5.192346
5.938791
6.655910
7.218753
7.465883
7.197739
6.609196
5.890652
5.206516
4.949332
4.601741
4.288748
3.993343
3.756967
4.031693
4.254526
4.301161
4.130194
3.874757
3.825815
3.601514
3.484942
3.295831
3.102549
3.152698
3.402260
3.601448
3.644483
3.511480
3.300364
3.050714
2.795122
2.544903
2.328845
2.206522
2.214329
2.242757
1.814660
1.610892
1.624891
1.698886
1.771918
1.739178
1.519531
1.498330
1.604286
1.718389
1.871208
2.032117
2.195971
2.373893
2.571536
2.770846
2.862492
2.758159
2.596426
2.382178
2.197429
2.128903
2.246367
2.325412
2.372705
2.094674
1.248908
1.243110
1.435664
1.241483
0.925146
0.616889
0.396923
0.375797
0.298324
0.289768
0.377567
0.487071
0.615271
0.761043
0.928135
1.120672
1.329726
1.521658
1.604442
1.312727
0.524956
0.266215
0.141598
0.124499
0.100378
0.085587
0.042753
0.000000
0.000000
0.000000
0.003522
0.026009
0.068011
0.127060
0.201200
0.291986
0.392981
0.521783
0.679057
0.846631
0.968243
0.870591
0.832208
0.965808
1.175862
1.426726
1.669889
1.790642
2.012740
2.356467
2.758732
3.184596
3.515506
4.333882
5.064377
5.175579
4.672860
4.206895
3.887682
3.352406
2.723343
2.551529
2.062890
1.608225
1.777355
1.258298
0.442589
0.259934
0.147128
0.180896
0.287127
0.239348
0.258939
0.234625
0.189842
0.280464
0.337363
0.149473
0.000000
0.000000
0.000000
0.000000
0.000000
0.000000
0.000000
0.000000
0.000000
