track	type=wiggle_0
fixedStep	chrom=chr	start=1	step=1
0.000000
0.000000
0.000000
0.000000
0.000000
0.000000
0.000000
0.000000
0.000000
0.000000
0.000000
0.004457
0.039236
0.323824
0.690248
0.892574
0.835859
0.629285
0.692498
0.885957
0.641838
0.362485
0.168073
0.170516
0.295182
0.473824
0.703796
0.980622
1.218176
1.260069
1.089553
0.941416
0.825680
0.668123
0.647341
0.701832
0.756498
0.667983
0.507111
0.369751
0.351282
0.382200
0.332895
0.324308
0.290397
0.219388
0.208676
0.375066
0.562617
0.734596
0.886234
0.930236
0.932697
0.912478
0.847412
0.697169
0.375057
0.148411
0.065116
0.042516
0.067698
0.063201
0.043762
0.018187
0.013334
0.017853
0.010088
0.017794
0.031297
0.031977
0.020033
0.030894
0.122161
0.326814
0.689282
0.856251
0.901808
0.908544
0.901808
0.870727
0.763448
0.480952
0.285344
0.192561
0.197549
0.191068
0.186144
0.180419
0.193478
0.238490
0.244604
0.213222
0.162442
0.112060
0.079316
0.064722
0.078700
0.076430
0.089512
0.109895
0.129623
0.135884
0.114090
0.165285
0.268124
0.487095
0.659951
0.754682
0.758513
0.698697
0.660323
0.862265
0.984604
1.002805
0.948950
0.847411
0.753959
0.676637
0.593303
0.527501
0.494188
0.446172
0.375408
0.315020
0.319219
0.385912
0.392555
0.403124
0.429170
0.426205
0.425540
0.457020
0.546426
0.604788
0.597040
0.547747
0.620658
0.903908
1.193112
1.325852
1.205202
0.912459
0.625607
0.393904
0.397841
0.447630
0.454359
0.559127
0.660970
0.723351
0.691659
0.685480
0.692389
0.834136
1.007789
1.204965
1.422201
1.656047
1.882450
2.061975
2.088061
2.265126
2.518419
2.713989
2.712472
2.529225
2.344988
2.641566
3.040182
3.484334
3.969200
4.492398
5.028284
5.409498
5.606413
5.551747
5.685662
5.490848
5.047103
4.572613
4.112523
3.679098
3.277618
2.918124
2.624491
2.483509
2.580355
2.533359
2.345873
2.115767
1.939543
1.590566
1.467810
1.461085
1.399958
1.279291
1.168244
1.032923
0.929488
1.062370
1.187026
1.260908
1.274913
1.215158
1.100096
1.047642
1.091813
1.116662
1.175701
1.151923
1.061803
0.978824
0.880611
0.757222
0.637800
0.636698
0.700897
0.743575
0.732514
0.693310
0.668215
0.675326
0.750749
0.838989
0.899458
0.923751
0.927197
0.928822
0.876934
0.782235
0.682828
0.615469
0.593751
0.604707
0.606276
0.578365
0.516177
0.439579
0.377270
0.333380
0.274736
0.224366
0.174983
0.135431
0.172873
0.220659
0.220659
0.197295
0.171780
0.135041
0.105018
0.092646
0.070704
0.067363
0.056807
0.029709
0.018178
0.035584
0.092218
0.116071
0.087569
0.035825
0.017750
0.025217
0.036190
0.059767
0.125713
0.270419
0.357296
0.360502
0.286796
0.229262
0.193242
0.113518
0.039714
0.074630
0.164651
0.287223
0.418335
0.511271
0.502731
0.392149
0.364520
0.305769
0.204719
0.120835
0.077386
0.050814
0.068294
0.063067
0.061081
0.088044
0.068335
0.033418
0.005613
0.000000
0.000000
0.000000
0.000185
0.023789
0.047570
0.056074
0.098730
0.197961
0.273506
0.218401
0.123453
0.044053
0.006112
0.000000
0.000000
0.000000
0.000000
0.000000
0.000000
0.000000
0.000000
0.000000
0.000000
0.000000
0.000000
0.000000
0.000000
0.000000
0.000000
0.013432
0.081943
0.237116
0.515260
0.702376
0.772519
0.772519
0.702376
0.518586
0.248590
0.095893
0.019390
0.000000
0.000000
0.000000
0.000000
0.000000
0.000000
0.000000
0.000000
0.000000
0.000000
0.000000
0.000000
0.000000
0.002967
0.045105
0.089103
0.107742
0.150439
0.203245
0.179388
0.157433
0.109383
0.023828
0.000041
0.000000
0.000000
0.000000
0.000000
0.000000
0.000000
0.000000
0.000000
0.000000
0.000000
0.002593
0.029950
0.055465
0.028243
0.000823
0.000000
0.000000
0.000000
0.000000
0.000000
0.000000
0.000000
0.000000
0.000000
0.000000
0.000000
0.000000
0.000000
0.000000
0.000000
0.000000
0.000000
0.000000
0.000000
0.000000
0.000000
0.000000
0.000000
0.000000
0.000000
0.000000
0.000000
0.000000
0.000000
0.000000
0.000000
0.000000
0.000000
0.000000
0.000000
0.000000
0.000000
0.000000
0.000000
0.000000
0.000000
0.000000
0.000000
0.000000
0.000000
0.000000
0.000000
0.000000
0.000000
0.000000
0.000000
0.000000
0.000000
0.000000
0.000000
0.000000
0.000002
0.000000
0.000000
0.000000
0.000000
0.000000
0.000000
0.000000
0.000000
0.000000
0.004924
0.050142
0.151943
0.319195
0.575733
0.965983
1.520613
1.830272
1.839592
1.567420
1.068545
0.748380
0.530453
0.391135
0.302408
0.204851
0.357290
0.566886
0.645375
0.576480
0.376986
0.174954
0.057621
0.004903
0.000000
0.000000
0.000000
0.000000
0.000000
0.000000
0.000000
0.000000
0.000000
0.000000
0.000000
0.000000
0.000000
0.000000
0.000000
0.000000
0.000000
0.000000
0.000000
0.000792
0.058372
0.116880
0.136228
0.140729
0.140729
0.141209
0.140105
0.132247
0.102470
0.048787
0.081460
0.071349
0.027783
0.013690
0.021278
0.048534
0.087846
0.139845
0.199281
0.249633
0.279624
0.285823
0.260952
0.247667
0.296029
0.381532
0.476444
0.547374
0.556500
0.548303
0.548608
0.481038
0.395004
0.332120
0.354541
0.354999
0.368319
0.460829
0.587538
0.738930
0.911779
1.105718
1.326960
1.573641
1.840315
2.102134
2.262847
2.254878
2.083530
1.846876
1.628727
1.691419
2.025301
2.333148
2.599396
2.973864
3.405223
3.718284
3.695499
3.357726
3.178654
3.177867
3.691700
4.362180
5.093244
5.803499
6.286270
6.321581
5.874798
5.269376
4.910658
4.585479
5.256073
6.220973
7.738571
8.628703
7.718307
6.113685
5.017177
4.388356
3.861406
3.828776
3.883619
3.992589
4.452423
5.010853
5.245241
5.046347
4.521872
3.883851
3.267550
2.715160
2.243594
1.847452
1.654864
1.817156
1.856109
1.671500
1.367945
1.003991
0.684145
0.433630
0.273162
0.289758
0.243130
0.209706
0.227976
0.238390
0.192720
0.129582
0.076293
0.039522
0.020019
0.007796
0.000256
0.000000
0.000000
0.000000
0.004047
0.013492
0.016191
0.009642
0.002140
0.001201
0.000000
0.000000
0.000000
0.010186
0.057266
0.128006
0.187578
0.151246
0.081575
0.084125
0.066110
0.037555
0.016156
0.018138
0.037724
0.066332
0.105054
0.150411
0.201876
0.264826
0.326637
0.369261
0.382127
0.343848
0.277535
0.236647
0.236480
0.291759
0.357545
0.421940
0.466703
0.626204
0.954882
1.360984
1.782720
1.765481
1.305479
0.893290
0.575498
0.397008
0.403520
0.373704
0.314732
0.255540
0.206006
0.160203
0.201489
0.297166
0.352496
0.394361
0.369873
0.309680
0.190835
0.098428
0.101328
0.131845
0.138044
0.112624
0.078231
0.050169
0.049454
0.069198
0.060709
0.040431
0.018499
0.024174
0.054521
0.096621
0.152609
0.227852
0.321620
0.432291
0.559815
0.690998
0.809723
0.918749
0.936649
0.851296
0.726707
0.599222
0.480179
0.371759
0.279707
0.200937
0.144242
0.111579
0.119152
0.186147
0.224526
0.224480
0.316041
0.443321
0.586032
0.670505
0.636916
0.613007
0.794928
0.989480
1.220705
1.377084
1.358932
1.188225
1.001051
0.786983
0.703831
0.725058
0.651410
0.624076
0.862520
1.136811
1.295682
1.228254
1.495995
1.969718
2.594321
3.172785
3.153031
2.572616
2.106787
1.924144
1.642326
1.813831
2.205483
2.139292
1.567529
1.635990
1.716545
1.695587
1.617308
1.640483
1.571660
1.429446
1.284771
1.206812
1.375070
1.567218
1.790614
2.021587
2.218142
2.339069
2.360755
2.400476
2.443750
2.401096
2.235770
2.037303
1.977819
2.000362
1.922824
2.119628
2.331106
2.499539
2.586936
2.683573
2.750036
2.932486
3.177965
3.437467
3.691245
4.012391
4.344540
4.606394
4.725146
4.665448
4.953624
5.321370
5.573098
5.562954
5.296365
4.896681
4.481395
4.089465
3.732189
3.414271
3.149278
2.930113
2.710322
2.500519
2.668771
2.856950
2.919672
3.099747
3.178159
3.102354
2.936390
2.731047
2.603622
2.684096
2.828556
3.022238
3.675496
4.436010
5.304471
6.309503
7.455216
8.641181
9.607874
9.747124
9.117897
8.034784
6.889191
6.123876
7.026669
7.920691
8.692769
8.840878
8.361857
7.511902
6.601732
5.778633
5.009746
4.310078
3.695466
3.156537
2.694818
2.346417
2.312903
2.467519
2.606669
2.742805
2.906284
2.974867
2.769287
2.410752
2.268485
2.706482
3.149198
3.443299
3.384229
2.988306
2.513265
2.394024
2.693761
3.005886
3.301010
3.494151
3.517042
3.423685
3.272959
3.019793
3.215998
3.445128
3.468074
3.298822
3.039833
2.764674
2.506103
2.270962
2.234593
2.402324
2.643995
2.842617
2.932995
2.823776
2.620721
2.362594
2.119223
1.916055
1.885886
1.830544
1.933360
2.172570
2.433704
2.711819
2.981564
3.170245
3.185340
3.031994
2.771501
2.491263
2.245780
2.040838
1.855193
1.686013
1.532910
1.384840
1.438484
1.367510
1.226225
1.305807
1.401431
1.407980
1.288203
1.139194
0.992164
0.861876
0.804624
0.936247
1.062821
1.162278
1.249229
1.342844
1.440523
1.533466
1.544917
1.471481
1.593606
1.743900
1.905503
2.062605
2.205732
2.277409
2.318187
2.320412
2.378241
2.323664
2.117184
2.215768
2.324081
2.384269
2.331554
2.202694
2.180756
2.170190
2.030467
1.644471
1.441379
1.304298
1.164938
1.042160
0.950855
0.871113
0.868471
1.030714
1.109964
1.128432
1.247073
1.313648
1.498350
1.695086
1.893520
2.046039
2.054425
2.048944
2.286464
2.477057
2.586262
2.519364
2.765749
2.997320
3.090972
3.075187
2.930367
2.562468
1.823922
1.262129
0.934466
0.784763
0.756379
0.709054
0.818472
0.881077
0.858171
0.783959
0.683567
0.588200
0.508283
0.425549
0.346132
0.280890
0.212151
0.155506
0.112760
0.074809
0.044030
0.019848
0.004537
0.000000
0.000000
0.000000
0.000000
0.000000
0.000000
0.000000
0.000000
0.000000
0.000000
0.000000
0.000000
0.000136
0.001252
0.000769
0.000000
0.000000
0.000915
0.001498
0.000027
0.000000
0.000000
0.001729
0.026570
0.081806
0.165922
0.256589
0.334985
0.425054
0.627174
0.933430
1.264632
1.596204
1.718385
1.542747
1.363942
1.288916
1.189949
1.109734
1.033973
1.012456
1.040340
0.985066
0.908424
1.185514
1.367053
1.349604
1.094129
0.802334
0.535441
0.325610
0.221451
0.140972
0.072630
0.035017
0.019044
0.010069
0.010233
0.006038
0.003346
0.000070
0.000000
0.000000
0.000017
0.021420
0.059155
0.058863
0.020753
0.000015
0.000000
0.000000
0.000000
0.000000
0.000000
0.000000
0.001908
0.046709
0.082026
0.093858
0.097630
0.098214
0.094738
0.078993
0.033752
0.000000
0.000000
0.000000
0.000000
0.000000
0.000000
0.000000
0.000000
0.000000
0.000000
0.000000
0.000000
0.000000
0.000000
0.000000
0.000000
0.000000
0.000000
0.000000
0.000000
0.000000
0.000000
0.000000
0.000000
0.000000
0.000000
0.000000
0.000002
0.026141
0.107385
0.251669
0.469237
0.783521
1.269466
1.859166
2.138383
2.202513
2.076486
2.231525
2.211232
1.848721
1.411791
1.102810
1.455219
1.872569
2.320081
2.655591
2.705503
2.413794
1.981741
1.783931
2.255999
2.718647
2.844901
3.044243
3.625543
4.053796
3.320561
2.495851
1.843362
1.329510
0.921394
0.608888
0.394079
0.247824
0.144102
0.202120
0.234874
0.215188
0.198168
0.193839
0.177460
0.158742
0.218871
0.306579
0.411592
0.531250
0.665727
0.808172
0.961883
1.128338
1.307370
1.505383
1.715780
1.933494
2.170930
2.423286
2.689829
2.897588
2.959996
2.806446
2.566975
2.387872
2.610046
2.833182
2.915615
2.990239
3.209990
3.293978
3.134006
2.878663
2.582307
2.449918
2.293608
2.106145
2.027348
2.264692
2.688064
3.155926
3.661648
4.188898
4.736502
5.263886
5.614070
5.630569
5.404613
5.976202
6.669115
7.254796
7.674830
8.466238
9.284995
9.622498
9.282564
8.451443
7.548904
6.717876
6.029940
5.576995
5.621330
5.342466
4.895916
4.580343
4.438948
4.032602
3.578025
3.131608
2.772032
2.646137
2.493818
2.276734
2.201166
2.418420
2.398836
2.595301
2.787338
2.910238
3.078472
3.169001
3.081852
2.941364
2.819859
3.052644
3.230597
3.327792
3.381146
3.254816
3.018862
2.880753
2.688279
2.484566
2.220453
1.962667
2.073392
2.113980
2.063083
2.136976
2.315371
2.444220
2.510912
2.654216
2.872647
3.040783
3.030193
2.842039
2.572619
2.304426
2.060568
1.825236
1.598188
1.385461
1.206354
1.100726
1.006391
1.059079
1.175870
1.335822
1.452103
1.443881
1.366856
1.218759
1.218593
1.226222
1.271397
1.395421
1.474026
1.559890
1.590564
1.702427
1.803723
1.820421
2.101729
2.748743
3.469573
4.136640
4.016795
3.243988
2.523043
1.908984
1.403088
0.988760
0.661285
0.417372
0.361632
0.484570
0.680994
0.838115
0.994393
1.040937
1.163933
1.480553
1.806451
1.994680
1.951068
1.736367
1.426178
1.138491
0.888173
0.673396
0.761666
0.919112
0.851995
1.027119
1.408294
1.874971
2.436205
3.116558
3.897628
4.764753
5.527546
5.568310
5.154817
4.586512
3.565894
2.695688
2.082200
1.548129
1.115845
0.773602
0.588017
0.492022
0.446759
0.367059
0.319576
0.292790
0.283625
0.255230
0.211968
0.182365
0.145890
0.166619
0.150251
0.117431
0.171487
0.253837
0.364344
0.486056
0.604450
0.635163
0.626202
0.553051
0.436367
0.314013
0.210859
0.189594
0.240444
0.477354
0.823146
1.039126
1.044134
0.848353
0.520395
0.288486
0.304616
0.485922
0.626063
0.699181
0.875675
1.110387
1.350038
1.698727
2.212357
2.793877
3.366852
3.921160
3.906972
3.311180
2.618809
1.989374
1.465703
1.044734
0.714092
0.465944
0.375919
0.384115
0.386819
0.346939
0.271854
0.201509
0.291351
0.431692
0.603736
0.769810
0.877393
0.835969
0.677167
0.492799
0.332970
0.210708
0.240476
0.331082
0.454127
0.577557
0.638688
0.650073
0.613377
0.734076
1.090855
1.534076
2.056081
2.559999
2.793078
2.552395
2.061692
1.544598
1.119998
0.828659
0.752110
1.032830
1.353452
1.637763
1.744425
1.733508
1.560165
1.286057
0.989460
0.974892
1.237797
1.471559
1.596287
1.482387
1.254192
1.278051
1.796431
2.079956
2.255105
2.417733
2.260274
2.110311
1.929510
1.679990
1.642774
1.872973
2.107533
2.123855
2.006754
1.648983
1.251752
0.902712
0.721565
1.178766
1.408935
1.476505
1.492765
1.460846
1.389983
1.178397
0.710831
0.364081
0.167571
0.053327
0.004581
0.000000
0.000000
0.000290
0.000014
0.000000
0.000220
0.005103
0.010024
0.005949
0.004449
0.015115
0.018403
0.010214
0.007111
0.022035
0.028540
0.019137
0.006933
0.006766
0.003727
0.000681
0.003769
0.007886
0.014082
0.017393
0.009649
0.001957
0.000000
0.002913
0.005136
0.004666
0.001624
0.004364
0.016885
0.030124
0.035105
0.030158
0.017040
0.021559
0.067621
0.117251
0.156942
0.258880
0.375348
0.434897
0.380115
0.741523
1.156878
1.295892
1.165937
0.794733
0.497200
0.321704
0.155630
0.164059
0.173367
0.257262
0.392868
0.580450
0.815863
1.099685
1.405933
1.622990
1.631236
1.450936
1.231066
1.051642
1.199655
1.610299
2.035644
2.382401
2.540357
2.391939
1.961892
1.544024
1.175390
0.894061
0.715513
0.618309
0.745935
0.846155
0.758970
0.750340
1.064747
1.215385
1.257588
1.267873
1.255494
1.208207
1.039073
0.677925
0.369722
0.559880
0.782894
0.872495
0.759107
0.520914
0.309060
0.255403
0.481362
0.594540
0.624582
0.628367
0.626545
0.622644
0.618579
0.598220
0.516937
0.348159
0.249556
0.258446
0.303776
0.388520
0.459844
0.519635
0.602828
0.659686
0.756162
0.919056
1.101400
1.290499
1.466348
1.591611
1.617861
1.672164
1.827661
1.981643
2.104772
2.204183
2.193339
2.057458
1.881589
1.833705
1.809208
1.969693
2.067826
2.098497
2.170152
2.312296
2.479630
2.582557
2.574117
2.435523
2.332131
2.219434
2.249222
2.602441
2.704504
2.581131
2.505224
2.648282
2.759914
2.737112
2.912072
3.097644
3.239763
3.237107
3.493498
3.907580
4.181658
4.119005
4.000374
4.031658
4.061090
4.244134
4.531670
4.837053
5.136630
5.449296
5.787568
6.105343
6.348565
6.481497
6.349673
6.071822
5.718438
5.368397
5.042504
4.730481
4.439647
4.169309
3.936404
3.664336
3.403834
3.546665
3.774087
3.902710
4.003058
4.084871
4.237355
4.476507
4.700590
5.132362
5.647268
6.292071
8.063470
9.084352
9.372473
9.096236
8.070962
6.296651
5.740587
5.706878
5.496843
5.700812
5.934001
5.785909
5.337253
4.981750
5.210317
5.420786
5.883475
6.474289
7.161685
7.920066
8.714689
9.427687
9.659284
9.362750
8.642295
7.909595
7.237238
6.594220
6.547232
6.664162
6.422016
5.878335
5.266685
4.692896
4.184175
3.724369
3.327595
3.024999
3.000313
3.082046
3.215922
3.424196
3.459491
3.338161
3.027414
2.681766
2.430152
2.540383
2.759580
2.859467
2.888551
2.800473
3.178280
3.760768
4.469266
4.907177
5.089692
5.003501
4.708696
4.383722
4.477672
4.517455
4.329059
4.001657
3.645036
3.313393
3.011795
2.795694
2.713704
2.738297
2.618789
2.692993
2.799055
2.758857
2.653701
2.761305
2.761625
2.686028
2.822998
2.923122
2.901339
2.851483
2.939474
2.881843
2.790283
2.613265
2.388260
2.238964
2.112061
1.933736
1.745951
1.642079
1.488199
1.324855
1.176872
1.061483
1.073992
1.184259
1.308554
1.476709
1.646238
1.830831
1.944184
1.919417
2.274601
2.835412
3.447572
4.064435
4.648543
4.789888
4.449732
3.778747
3.122924
2.598762
2.387533
2.257544
1.935913
1.560685
1.216158
0.934267
0.755272
0.716449
0.703588
0.608600
0.601346
0.701879
0.896421
1.123580
1.364331
1.582189
1.707754
1.570044
1.338759
1.106834
1.045278
1.152515
1.141904
1.231594
1.320136
1.379286
1.372678
1.447145
1.745063
2.028283
2.299390
2.512616
2.474703
2.188594
1.836842
1.490483
1.193464
0.945617
0.776405
0.879253
0.905648
0.869459
1.115493
1.127129
0.945961
0.844303
0.902779
1.104789
1.493586
1.977021
2.776758
3.547241
3.856536
3.864054
3.582315
2.927958
2.195623
1.617117
1.149920
1.279034
1.383319
1.379078
1.353977
1.306686
1.321143
1.469871
1.642777
1.812567
1.970465
2.045985
1.985009
1.841493
1.890964
1.987979
1.969823
1.857852
1.668590
1.475422
1.314886
1.334585
1.484357
1.597010
1.561914
1.426965
1.261552
1.097908
0.959220
1.076212
1.285926
1.498977
1.654848
1.684277
1.573514
1.633798
1.665849
1.638559
1.545260
1.414506
1.276097
1.307998
1.387098
1.423052
1.376164
1.292571
1.123573
0.948942
0.717954
0.506044
0.447949
0.393119
0.449304
0.530893
0.545063
0.660289
0.841689
0.934173
0.921727
1.063931
1.247832
1.517156
1.906835
2.358790
2.877633
3.477851
4.140021
4.825433
5.402201
5.469842
5.035515
5.029169
5.033576
5.306552
6.040233
6.974527
7.623210
7.596354
6.901358
5.889070
4.905316
4.081557
3.911894
4.440831
4.772065
4.576099
4.086905
3.487002
2.894380
2.395983
2.277105
2.324424
2.140762
1.977233
1.724667
1.474445
1.252120
1.291126
1.359928
1.304255
1.355316
1.251300
1.059363
0.857841
0.702841
0.805377
1.008574
1.098399
1.150302
1.191749
1.172554
1.169137
1.255735
1.546389
1.910632
2.112794
2.084447
1.964756
1.804381
1.644522
1.744365
1.811832
1.696442
1.471097
1.233911
1.017481
0.830567
0.696019
0.705511
0.766442
0.854952
0.955476
0.996407
0.958727
1.033264
1.103475
1.110632
1.150207
1.323665
1.462970
1.513509
1.484229
1.554262
1.520780
1.620880
1.741112
1.761524
1.653194
1.561760
1.568429
1.480374
1.401484
1.492820
1.554194
1.579063
1.605616
1.605719
1.594641
1.753218
1.947346
2.063782
2.244587
2.392662
2.418192
2.381563
2.294519
2.707681
3.065306
3.472013
3.714021
3.869260
3.848611
3.692693
3.497686
3.200253
3.289732
3.265754
3.146355
3.152284
3.089559
3.320014
3.573249
3.604526
3.423101
3.202914
2.933154
2.811460
2.972519
3.147860
3.307572
3.425567
3.357300
3.151912
2.944379
2.825404
2.782500
2.682260
2.595060
2.521870
2.558852
2.628890
2.793714
2.968722
3.158205
3.315969
3.332114
3.159573
2.897128
3.315124
4.040209
4.607262
4.658393
4.156995
3.493886
3.550899
3.599591
3.744605
4.079973
4.394691
4.606540
4.600319
4.359679
4.010807
3.640650
3.419072
3.417912
3.334841
3.567606
3.916337
4.392851
5.099815
5.823619
6.520073
7.071432
7.306531
7.040315
6.460364
5.755719
5.087055
4.483125
4.330124
4.151653
3.868424
3.551006
3.227182
3.059475
3.369791
3.619854
3.777514
3.723980
3.500934
3.383802
3.202683
3.019182
2.820607
2.734308
2.899924
3.003483
2.969015
2.826534
2.613394
2.384723
2.164401
1.957766
1.851678
1.670336
1.490689
1.292559
1.098222
0.944433
0.982178
0.933369
0.843831
0.942561
1.046437
1.263768
1.442284
1.410627
1.223011
1.116642
1.100402
1.019224
0.884750
0.745947
0.648584
0.557848
0.498838
0.581271
0.692621
0.819336
0.947005
1.033719
0.933950
0.910510
1.223009
1.410423
1.218306
0.908409
0.603139
0.386387
0.361823
0.285022
0.198482
0.154937
0.204775
0.201879
0.239099
0.320431
0.428260
0.554142
0.675314
0.724957
0.527916
0.086769
0.006279
0.000000
0.000000
0.000000
0.000000
0.000000
0.000000
0.000000
0.000000
0.000000
0.000000
0.000000
0.000000
0.000102
0.005738
0.006977
0.018040
0.048170
0.095822
0.144499
0.140414
0.174740
0.253071
0.364668
0.502770
0.638818
0.705311
1.000454
1.404562
1.917634
2.562461
3.360951
4.247619
4.960536
5.062853
4.564510
4.103921
3.790884
3.269871
2.650853
2.484389
2.010379
1.493476
1.047427
0.690929
0.425735
0.247479
0.139918
0.176788
0.287183
0.240945
0.258319
0.231343
0.186119
0.273881
0.330762
0.145798
0.000000
0.000000
0.000000
0.000000
0.000000
0.000000
0.000000
0.000000
0.000000
