track	type=wiggle_0
fixedStep	chrom=chr	start=1	step=1
0.000000
0.000000
0.000000
0.000000
0.000000
0.000000
0.000000
0.000000
0.000000
0.000000
0.000000
0.005825
0.038428
0.319920
0.683107
0.883027
0.823820
0.606570
0.712269
0.916238
0.660691
0.367930
0.165576
0.064090
0.023011
0.026258
0.018408
0.057986
0.143411
0.273638
0.526131
0.793050
0.687159
0.761674
0.682944
0.517971
0.497167
0.396134
0.335978
0.420067
0.540634
0.645003
0.786468
1.036969
1.341170
1.774619
2.327454
2.937048
3.383461
3.384143
2.937642
2.327679
1.766559
1.297329
0.917261
0.712358
0.390453
0.404670
0.563944
0.687548
0.686387
0.556593
0.389416
0.238309
0.126675
0.055374
0.019868
0.001374
0.000000
0.000000
0.000000
0.025728
0.121383
0.336019
0.711853
0.882367
0.928861
0.978288
1.294757
1.480848
1.621667
1.710728
1.918189
1.869198
1.927270
2.036115
2.037691
1.899285
1.945710
2.096727
2.134027
2.351698
2.643909
2.942097
3.258839
3.526373
3.695357
3.998158
4.187252
4.114366
3.872577
3.531395
3.184372
2.857347
2.681118
2.489558
2.614079
2.891411
3.240442
3.673712
4.148738
4.666707
5.199760
5.712625
6.064736
5.939464
5.496571
4.959378
4.424241
3.928153
3.482145
3.095358
3.076841
3.438554
3.829633
4.241626
4.645946
4.981485
5.102590
4.972683
4.849234
4.638442
4.321605
3.950666
3.577934
3.208877
2.874711
2.596733
2.573313
2.533767
2.370895
2.188823
2.008137
1.822515
1.839408
1.977902
2.002436
1.941870
1.856343
1.790975
1.818343
1.935586
2.151052
2.181680
2.196501
2.171969
1.997737
2.198305
2.350813
2.496039
2.461184
2.230783
2.293646
2.714073
2.749501
2.977580
3.512908
4.114371
4.758736
5.305943
5.615910
5.308131
4.773282
4.169378
3.848864
3.671675
3.793933
3.656200
3.299261
2.913617
2.541396
2.200614
1.893300
1.613876
1.362083
1.344509
1.408549
1.372141
1.262614
1.146686
1.043358
0.990049
0.893169
0.825048
0.948093
1.109819
1.119426
1.081663
1.106516
1.204504
1.308955
1.460574
1.610979
1.698221
1.681257
1.556094
1.430894
1.456480
1.648697
1.837406
2.015409
2.193962
2.248255
2.203362
2.116726
1.954528
1.772444
1.624372
1.508701
1.684144
1.807421
1.887359
1.909866
1.861008
1.712393
1.540141
1.378689
1.214457
1.166726
1.266241
1.284700
1.190968
1.169984
1.124018
1.014197
0.886919
0.764058
0.656243
0.576828
0.578189
0.618278
0.604545
0.547211
0.521384
0.519719
0.490478
0.425717
0.363991
0.323756
0.312783
0.253237
0.214835
0.235473
0.224114
0.183532
0.181723
0.239814
0.272775
0.239523
0.186595
0.295140
0.439509
0.620014
0.840456
1.103707
1.411152
1.768829
2.180773
2.633626
3.100384
3.449723
3.680002
4.109187
4.514063
4.961757
5.726217
6.750955
7.910561
9.101161
9.899212
10.115190
10.043810
9.144377
8.044309
6.988624
6.047617
5.243662
5.553286
6.179388
6.587964
6.639456
6.328325
5.687077
5.052049
4.589361
4.127865
3.629181
3.114505
2.875577
3.233732
3.353666
3.212196
2.860529
2.470839
2.117094
1.840668
1.733743
1.651563
1.998042
2.000646
1.415600
1.307287
1.356808
1.452225
1.647491
1.857185
2.080382
2.316791
2.566012
2.823394
3.076227
3.282419
3.554535
3.874628
4.223792
4.595867
4.985159
5.392362
5.820872
6.227045
6.461043
6.446998
6.197028
5.791199
5.364012
4.957806
4.567937
4.197349
3.847338
3.516645
3.204429
2.910375
2.636202
2.376485
2.128833
1.899818
1.690002
1.506565
1.629852
1.799659
1.887044
1.836487
1.709713
1.536975
1.363346
1.601113
1.807612
1.844669
1.660144
1.412005
1.167493
1.021413
0.899688
0.774732
0.657623
0.551211
0.455652
0.369329
0.295578
0.343736
0.421465
0.586773
0.752998
0.899933
0.996678
1.036532
1.098433
1.103852
0.961962
0.750138
0.477644
0.233485
0.085879
0.023575
0.004968
0.000038
0.000000
0.000000
0.000000
0.000000
0.000000
0.000000
0.000000
0.000000
0.034684
0.146105
0.254605
0.309269
0.325643
0.330337
0.331742
0.327385
0.303148
0.218694
0.061926
0.002570
0.000000
0.000000
0.000000
0.000000
0.000000
0.000000
0.000000
0.000000
0.000000
0.000000
0.000000
0.000000
0.000000
0.000000
0.000000
0.000000
0.000000
0.000000
0.000000
0.000000
0.000000
0.000000
0.000000
0.000000
0.000000
0.000000
0.000000
0.000000
0.000000
0.000000
0.000000
0.000000
0.000000
0.000000
0.000000
0.000000
0.000000
0.000000
0.019488
0.095588
0.251010
0.525136
0.932458
1.170080
1.247575
1.105679
0.738425
0.456904
0.260652
0.133277
0.084449
0.033040
0.001353
0.010756
0.027525
0.060456
0.122561
0.215623
0.338659
0.493433
0.685672
0.918464
1.179972
1.420852
1.571826
1.463048
1.227944
0.962104
0.723110
0.524621
0.363833
0.235540
0.137593
0.072015
0.095343
0.144276
0.170041
0.155798
0.141792
0.307480
0.553081
0.883262
1.339985
1.955128
2.289569
2.415300
2.392643
2.180150
1.670291
1.195617
1.194167
1.020434
0.767614
0.496469
0.281739
0.244002
0.282095
0.328810
0.416470
0.495874
0.530624
0.478409
0.394226
0.305760
0.260936
0.306213
0.385084
0.452955
0.493297
0.587137
0.691677
0.745622
0.713685
0.629360
0.517278
0.539433
0.627308
0.654338
0.583203
0.712862
0.876964
0.992326
1.014400
0.933568
0.822335
0.860829
1.195898
1.469234
1.520433
1.323424
1.037708
1.074364
1.232191
1.531425
1.890802
2.309188
2.789628
3.311567
3.742623
3.930690
3.735245
3.334913
2.963487
2.612746
2.290454
2.123737
2.613244
3.024056
3.235391
3.610525
3.857838
4.356493
5.262681
6.267935
7.873988
8.777441
7.853468
6.159907
5.020649
4.100962
3.462512
3.520820
4.053232
4.656981
5.336366
6.016681
6.518035
6.414758
5.832903
5.067723
4.319827
3.626946
3.426381
3.552835
3.452381
3.349349
3.095694
2.744794
2.238438
1.712245
1.267894
0.910871
0.624728
0.401133
0.272363
0.372909
0.494734
0.634867
0.775177
0.878545
0.878545
0.775476
0.646392
0.513205
0.390504
0.285510
0.201691
0.147811
0.126236
0.092170
0.055415
0.031846
0.014594
0.002499
0.000619
0.004922
0.007260
0.003613
0.000000
0.000000
0.000000
0.000000
0.000000
0.000255
0.000809
0.008275
0.020892
0.026921
0.018500
0.014529
0.033727
0.061236
0.097708
0.146253
0.198949
0.251450
0.303640
0.338039
0.332718
0.288198
0.228596
0.212337
0.394945
0.639610
0.968125
1.382933
1.869931
2.414297
3.044737
3.035927
2.359552
1.767160
1.265602
0.862829
0.551168
0.364312
0.300660
0.238591
0.184900
0.138441
0.101500
0.083514
0.114339
0.132152
0.128515
0.103023
0.073964
0.043379
0.056997
0.066463
0.053089
0.029280
0.021568
0.058710
0.107203
0.134263
0.112319
0.065538
0.023913
0.002558
0.000000
0.000000
0.000000
0.000000
0.024177
0.072677
0.041862
0.077794
0.078437
0.045450
0.042306
0.064081
0.069148
0.059600
0.044489
0.033330
0.036994
0.063286
0.089726
0.088896
0.079592
0.094909
0.128593
0.214084
0.374604
0.589945
0.843610
1.043841
1.076835
0.930675
0.784515
0.641085
0.822052
0.891981
0.806277
0.858013
0.734555
0.726258
0.822271
0.785643
0.651418
0.750328
0.856782
0.976238
1.103561
1.228278
1.383906
1.543270
1.695919
1.814342
1.868276
1.798248
1.650550
1.481724
1.315252
1.580243
2.108421
2.071923
1.715661
1.868740
1.981415
1.983386
1.874564
2.159678
2.452209
2.597354
2.648576
2.600551
2.726078
2.980246
3.263671
3.468556
3.530204
3.406389
3.464889
3.768607
4.127744
4.520622
4.917771
5.283943
5.527941
5.562154
5.390666
5.025012
4.620703
4.488109
4.816272
5.151760
5.470395
5.738555
5.926955
5.943015
5.762688
5.692209
5.916938
5.980517
5.763067
5.953158
6.095462
6.021370
6.177007
6.264350
6.102945
5.762871
5.364600
4.967699
4.601212
4.285268
4.222815
4.376361
4.357664
4.538656
4.850846
5.156679
5.508575
5.884007
6.134884
6.119093
5.860427
5.482240
5.081973
5.090574
4.906905
5.017432
5.944119
6.999350
8.200531
9.566641
11.063129
12.555341
13.727144
13.879531
13.033612
11.532573
10.038555
8.806933
7.960094
8.791649
9.248818
8.875781
8.090632
7.113288
6.666324
7.426622
8.309468
9.250277
10.158764
10.991924
11.245602
10.892379
10.463915
10.637707
10.767710
11.128198
11.527492
11.774340
11.324533
10.487057
9.472340
10.232337
11.351386
12.043907
11.992006
11.195052
10.071101
8.927213
7.898292
6.972845
6.137989
6.244924
6.426656
6.374080
6.322581
6.054635
5.831989
5.669706
5.306711
4.851802
4.416726
4.034401
3.915693
3.944534
4.015602
4.349220
4.606055
4.518069
4.202086
3.825126
3.580872
3.281753
2.982281
2.803079
3.072620
3.363627
3.589821
3.619689
3.880312
4.225197
4.517396
4.654794
4.664109
4.619076
4.460702
4.510022
4.580471
4.555551
4.376709
4.127472
3.902863
4.202114
4.452216
4.412483
4.125533
3.791683
3.489357
3.357706
3.403684
3.515382
3.489077
3.613523
3.863716
4.148894
4.438052
4.692486
4.947920
5.209903
5.415320
5.685822
5.987862
6.278654
6.504320
6.593559
6.417630
6.148920
6.166891
6.282587
6.272959
6.212392
6.150950
5.867555
5.577545
5.679684
5.786675
5.721075
5.495734
5.232852
4.880657
4.536743
4.238338
3.986204
3.728577
3.492633
3.395372
3.264777
3.393402
3.509874
3.499746
3.352990
3.132576
2.924232
2.796919
2.516401
2.759408
3.065721
3.394047
3.723624
4.047906
4.402275
4.785043
5.147009
5.387464
5.380636
5.123360
4.763608
4.799635
4.972321
4.971941
4.779198
4.471473
4.114149
3.733805
3.386359
3.090161
2.811786
2.545073
2.286945
2.045733
1.824252
1.627197
1.611861
1.753464
1.823871
1.738943
1.587619
1.416446
1.317564
1.242508
1.115332
0.982507
0.856667
1.123248
1.250793
1.247882
1.120663
0.852547
0.934545
1.022262
1.267270
1.790866
2.062819
2.152164
2.183455
2.196711
2.191683
2.109939
1.802173
1.124838
0.674718
0.398060
0.268104
0.406515
0.472480
0.395889
0.330665
0.418421
0.475237
0.474042
0.376729
0.246692
0.150583
0.177389
0.212662
0.282660
0.492317
0.795051
1.051578
1.232782
1.303348
1.236479
1.182018
1.116964
1.084080
1.081029
1.016811
0.800220
1.050879
1.277617
1.249083
0.986975
0.694343
0.443840
0.253366
0.120537
0.041917
0.008860
0.000607
0.005257
0.023133
0.054682
0.069340
0.050315
0.015508
0.000067
0.000000
0.000000
0.000000
0.000000
0.000000
0.000000
0.000000
0.000000
0.000000
0.000000
0.008810
0.069478
0.204066
0.441688
0.798014
0.966056
1.028045
1.029779
0.981060
0.850860
0.586940
0.343773
0.111458
0.020721
0.000000
0.000000
0.000000
0.000000
0.000000
0.000000
0.000000
0.000000
0.000000
0.000000
0.000000
0.000000
0.000000
0.000000
0.000000
0.000000
0.000000
0.000000
0.000000
0.000000
0.000000
0.000000
0.000000
0.000000
0.000000
0.000000
0.000000
0.030709
0.136139
0.255653
0.471152
0.774428
0.978186
1.069853
1.080269
1.027177
0.970659
0.910734
0.928896
0.927426
0.891225
0.770691
0.769580
0.834537
0.953855
1.182253
1.296546
1.450614
1.869551
2.316109
2.583637
2.549639
2.376386
2.071172
2.213523
2.121054
1.713715
1.268488
0.877272
0.566063
0.401692
0.339147
0.247180
0.164361
0.149774
0.198216
0.303336
0.399715
0.433007
0.383777
0.282253
0.183751
0.109843
0.056716
0.024688
0.011976
0.012539
0.086341
0.146335
0.168964
0.191573
0.288707
0.392721
0.432968
0.379633
0.246511
0.119678
0.084780
0.138470
0.209470
0.292348
0.414802
0.551955
0.555782
0.458038
0.411712
0.528452
0.660372
0.803019
0.943817
1.069154
1.111458
1.048626
0.908616
0.783594
0.690494
0.610304
0.543230
0.526169
0.514131
0.472197
0.407121
0.360988
0.420414
0.528714
0.659368
0.831653
0.997007
1.069836
1.023880
0.908183
0.778652
0.639009
0.543577
0.563565
0.556084
0.775784
1.043825
1.355666
1.678564
1.892624
1.895990
1.708335
1.421276
1.125371
1.190494
1.382622
1.544625
1.692868
1.740220
1.651824
2.143661
2.644909
2.923903
2.866570
2.497058
2.002317
1.547372
1.184489
0.989099
0.977115
0.963780
1.055968
1.282349
1.601143
1.982663
2.430561
2.952917
3.848382
5.042902
5.698944
5.097979
4.113771
3.489481
2.890751
2.393660
2.038920
1.966362
1.746588
1.490003
1.715385
1.914058
2.042688
2.299893
2.538182
2.583483
2.500588
2.260716
1.916227
1.585886
1.290988
1.042874
0.838169
0.924634
1.111624
1.174930
1.321131
1.453617
1.504542
1.493908
1.556052
1.718788
1.885298
1.894298
1.832359
1.672011
1.443821
1.217803
1.280592
1.781603
2.393036
3.089062
3.785118
3.752014
3.000015
2.301252
1.708273
1.225446
0.838639
0.540235
0.349203
0.484961
0.684271
0.916500
1.147083
1.355261
1.512087
1.447001
1.488190
1.687150
1.905400
1.878622
1.665888
1.357705
1.066871
0.818661
1.049991
1.613500
1.856305
1.729450
1.364096
1.656544
2.125318
2.723055
3.453858
4.301639
5.310091
6.086318
6.133284
5.691152
5.066095
3.936559
2.919651
2.186475
1.604810
1.160052
0.836743
0.670330
0.486344
0.310656
0.203452
0.154217
0.112470
0.086819
0.094480
0.125036
0.206505
0.264388
0.289055
0.295062
0.263373
0.270819
0.275919
0.250349
0.219594
0.272226
0.327525
0.398781
0.465848
0.509350
0.491771
0.446611
0.377881
0.313597
0.302789
0.282911
0.233423
0.237096
0.200716
0.121039
0.084913
0.068820
0.088778
0.124820
0.168863
0.219671
0.275959
0.371630
0.469377
0.544011
0.564793
0.531444
0.456474
0.360257
0.280646
0.207405
0.146244
0.195743
0.276293
0.364904
0.460803
0.559804
0.661007
0.751513
0.788884
0.784615
0.726354
0.620628
0.500201
0.392172
0.308392
0.305568
0.307100
0.286607
0.303313
0.266679
0.198385
0.285191
0.424006
0.589701
0.835528
1.141267
1.527142
2.004301
2.585996
3.275766
4.082352
4.986723
5.826294
6.173759
5.832263
4.996640
4.093505
3.322362
2.712481
2.736005
3.288744
3.872553
4.233000
4.261893
4.165116
3.799628
4.203346
4.796682
5.437634
6.144451
6.931143
7.647542
7.883319
7.609607
6.920952
6.163204
5.456030
4.804963
4.205477
3.661319
3.189799
3.308906
4.013014
4.741442
5.268120
5.256820
4.729611
4.027364
3.389484
2.813868
2.293654
1.849302
1.475490
1.160811
0.904001
0.724941
0.633704
0.484070
0.338605
0.406773
0.465939
0.567670
0.717734
0.883280
1.027739
1.083729
1.008824
0.881808
0.743644
0.646513
0.692851
0.658340
0.591076
0.500795
0.406766
0.319088
0.249944
0.329142
0.404236
0.429351
0.388703
0.325020
0.261305
0.262851
0.277616
0.350542
0.391701
0.364618
0.315193
0.255595
0.233218
0.224916
0.182837
0.188759
0.250818
0.317809
0.368148
0.368043
0.311571
0.234844
0.165336
0.113512
0.073913
0.042937
0.018839
0.004708
0.020314
0.089136
0.223805
0.445131
0.825161
1.292113
1.447665
1.322523
0.966892
1.026476
1.110776
1.111048
1.027025
0.905551
0.783693
0.732942
0.713505
0.642765
0.472340
0.231293
0.176923
0.223477
0.279439
0.318464
0.354002
0.342731
0.297759
0.239698
0.193782
0.173301
0.265169
0.391178
0.562359
0.762933
0.927863
1.008263
0.983728
0.818273
0.620943
0.444591
0.380657
0.302844
0.223389
0.164704
0.099632
0.045675
0.035788
0.017074
0.000552
0.008068
0.022884
0.047381
0.059503
0.065527
0.067827
0.070394
0.065881
0.082524
0.116471
0.136534
0.145966
0.154993
0.169297
0.253017
0.447058
0.626421
0.619202
0.459462
0.477422
0.458752
0.396428
0.374935
0.325609
0.387329
0.516904
0.673257
0.870251
1.095437
1.342631
1.602586
1.856921
2.099103
2.226215
2.113719
1.874638
1.598160
1.347224
1.345570
1.401893
1.554393
1.748156
1.943347
2.076945
2.087700
1.951710
1.769496
2.002987
2.161517
2.199673
2.318820
2.519996
2.759156
3.034578
3.336162
3.660106
3.969976
4.105258
4.002347
3.750937
3.418323
3.136400
2.874316
2.653739
2.808767
3.062027
3.116598
2.971498
2.724216
2.452672
2.219531
2.011932
1.905988
1.848271
1.701266
1.810744
1.985686
2.193605
2.421629
2.645747
2.949351
3.261324
3.669719
4.143988
4.598686
4.829238
4.753971
4.384674
3.954814
3.919058
3.594427
3.320631
3.782791
4.208201
4.612072
4.719675
4.545102
4.036373
3.490508
4.036955
4.713934
5.477859
6.332631
7.128815
7.562853
7.198753
6.757078
6.662567
6.206686
5.059289
3.792896
4.024865
4.441896
4.652076
5.198889
5.117234
4.511532
3.757573
3.072447
3.026708
2.971598
2.739890
2.661272
2.753118
2.705335
2.721383
2.929420
3.176287
3.480102
3.821899
4.095827
4.195612
4.090100
3.954259
3.890750
3.917234
3.803496
3.557981
3.456990
3.781523
4.134970
4.377779
4.406762
4.209300
3.947515
3.799166
3.985522
4.498231
5.234172
6.099429
6.658860
6.797154
6.583238
6.216346
5.829299
5.474257
5.186581
4.820500
4.615587
4.828105
5.094101
5.489081
5.933384
6.297303
6.406759
6.157282
5.695076
5.186173
5.054394
5.263382
5.256004
5.017381
4.677096
4.426034
4.249406
3.877259
3.463915
3.381046
3.395487
3.633265
3.933122
4.111908
4.095108
3.888765
3.646210
3.356299
3.072667
2.845490
2.623431
2.605339
2.526569
2.507029
2.523779
2.395556
2.154197
1.885710
1.673182
1.531615
1.537979
1.560250
1.483460
1.412137
1.564227
1.662166
1.888019
2.464588
3.070563
3.444176
3.399504
2.930490
2.331719
1.766189
1.323611
0.946536
0.919963
0.957875
0.951779
0.897461
0.817492
0.733032
0.656794
0.857057
1.108356
1.391306
1.701038
2.014030
2.156735
2.086999
1.817904
1.502803
1.219516
1.013685
0.836758
0.777889
0.782277
0.755244
0.935837
1.077721
1.204737
1.319172
1.220478
0.926159
0.849586
0.955790
1.063375
1.159533
1.235932
1.237486
1.171403
1.079216
0.991374
0.897194
0.834830
0.833684
0.858242
1.014854
1.294433
1.397712
1.509801
1.691108
1.828303
1.937987
2.010454
2.043030
2.191673
2.410103
2.328222
2.192892
2.026655
1.806562
1.581740
2.081033
2.379775
2.252762
1.830953
2.019295
2.196502
2.311163
2.337234
2.235383
2.022619
2.137997
2.278311
2.441780
2.644521
2.877293
3.109855
3.275117
3.316752
3.166313
2.894047
2.590547
2.523964
2.716566
2.858370
2.883532
2.771996
2.570977
2.503658
2.633695
2.719176
2.652727
2.435539
2.194968
1.995817
1.841874
1.807452
1.745475
1.636760
1.582451
1.536766
1.739176
1.951117
2.185520
2.390619
2.491643
2.526432
2.749802
2.968350
3.273044
3.621744
3.977417
4.230523
4.533606
4.788210
4.840086
4.570875
4.160317
3.761797
3.861628
4.295768
4.773360
5.311516
5.860606
6.258877
6.351865
6.173542
6.730184
7.422439
8.168674
8.997018
9.901487
10.974801
12.203833
13.059919
13.326440
12.956473
12.087605
11.164912
10.124889
9.509973
10.103727
10.744661
11.046647
10.756562
10.160828
9.479060
8.741423
8.141936
7.906950
7.282974
6.670159
6.670578
6.569977
6.576306
6.785400
6.989280
7.676420
7.801639
7.433470
6.579298
5.741950
5.151020
4.692535
4.423509
4.600721
4.938222
4.568300
4.169856
4.159504
4.183590
3.990189
4.015572
4.198468
4.185432
4.161795
4.045144
4.041696
3.873422
3.602559
3.464678
3.361684
3.384243
3.560724
3.928139
4.329096
4.629649
4.721267
4.448546
4.063367
3.640648
3.231234
2.915344
3.170823
3.436518
3.687044
3.847351
3.817419
3.618415
3.583494
3.715342
3.919919
4.278493
4.637775
4.924661
5.093179
5.057847
4.931949
5.149475
5.349404
5.367324
5.186553
5.003836
4.930161
4.951226
4.964692
5.028982
4.956382
5.157070
5.286972
5.293799
5.319358
5.326696
5.020693
4.925335
4.911489
4.920611
4.867562
5.194768
5.728224
6.133506
6.434823
6.749399
7.088409
7.059548
6.901188
6.397982
5.929309
5.836608
5.696166
5.438540
5.038117
4.685112
4.850486
5.155567
5.364536
5.497979
5.630923
5.567140
5.838908
6.183729
6.513829
6.703763
6.701653
6.472702
6.130774
5.889668
5.811296
5.748846
5.685305
5.705734
5.678682
5.528818
5.304748
4.971095
4.531927
4.025827
4.132458
4.256810
4.475242
4.679732
4.670232
4.424515
4.390073
5.268027
6.214785
6.943667
6.958261
6.282644
5.398729
4.656853
5.091786
5.519504
5.945251
6.397300
6.836483
7.214995
7.419961
7.253186
7.893622
8.365754
8.455647
8.187123
7.725877
7.172746
6.576908
6.127390
5.742439
6.013663
6.462798
6.635970
6.936904
7.155898
7.085707
6.989194
6.721642
6.327107
5.917262
5.552435
5.186258
4.815475
4.459436
4.105418
4.146447
4.403101
4.703913
5.022163
5.231303
5.340356
5.415202
5.276567
5.027535
4.694392
4.347751
4.014656
3.696142
3.616000
3.386621
3.143882
2.861590
2.574280
2.416911
2.499870
2.430027
2.209059
1.981717
2.002306
2.040606
2.214832
2.421505
2.647579
2.886991
3.104181
3.166313
2.765277
2.486479
2.226847
2.326001
2.546573
2.762704
2.771996
2.419568
2.406390
2.364061
2.453187
2.566494
2.426298
1.768837
1.357648
1.360955
1.426857
1.486517
1.287708
1.107209
1.236475
1.402232
1.586838
1.805514
2.036851
2.235507
2.356901
2.350333
2.532399
2.710172
2.971744
3.300527
3.644526
3.947895
4.190585
4.495260
4.570875
3.786489
3.280323
3.260174
3.487315
3.858256
4.316483
4.841143
5.397688
5.899450
6.051495
5.741651
6.111223
6.697285
7.381360
8.137384
8.966578
9.873528
10.852122
11.831367
12.525051
12.087605
9.659694
9.025208
9.375181
9.740635
10.095176
9.052558
5.589036
4.148398
3.487409
2.519861
2.527852
2.488617
2.118281
2.357825
2.872405
3.502775
4.054719
3.944214
2.319657
1.358225
0.998951
1.132364
1.327691
1.295483
1.254936
1.590344
0.000000
0.000000
0.000000
0.000000
0.000000
0.000000
0.000000
0.000000
0.000000
