track	type=wiggle_0
fixedStep	chrom=chr	start=1	step=1
0.000000
0.000000
0.000000
0.000000
0.000000
0.000000
0.000000
0.000000
0.000000
0.016025
0.118182
0.226883
1.057292
2.651321
4.427975
4.885896
4.591238
3.865849
3.122087
2.495422
2.030308
1.815569
1.548698
1.276086
1.071383
0.976393
0.945820
1.003631
1.165431
1.204260
1.522594
1.948542
2.137132
2.028558
1.705012
1.368355
1.069135
0.820522
1.067487
1.536731
1.601519
1.505154
1.423820
1.508565
1.509595
1.433035
1.244939
1.017494
0.805478
0.758788
0.913344
0.958149
0.960545
0.939649
0.872562
0.718010
0.382836
0.301396
0.345030
0.460178
0.599721
0.688260
0.761547
0.717477
0.742762
0.776201
0.658752
0.474294
0.331936
0.550158
0.861496
1.266465
1.793499
2.693069
3.770324
4.182471
4.282669
4.297421
4.282669
4.196961
3.848776
2.862501
1.940773
1.736955
1.686859
1.519771
1.333946
1.159880
1.145452
1.506674
1.579675
1.537271
1.502039
1.579586
1.544971
1.542552
1.453833
1.330146
1.266286
1.377458
1.659569
1.800529
1.819485
1.756815
1.838555
1.958118
2.423666
2.679347
2.719741
2.569597
2.364556
2.414326
2.770436
3.117035
3.349960
3.261195
2.963134
2.601508
2.245181
1.920632
1.739544
1.884539
2.077033
2.254725
2.356710
2.421661
2.649805
2.879533
2.971594
2.878864
2.804039
2.695915
2.979710
3.215200
3.323023
3.304694
3.634539
3.983862
4.329246
4.626068
4.736868
4.616558
4.306302
3.965323
3.618993
3.291058
3.574115
3.919955
4.229678
4.332832
4.237744
3.937541
3.603156
3.294732
3.116395
2.996591
2.873172
2.907719
3.206601
3.371053
3.349447
3.569126
3.856986
4.087193
4.072213
3.804012
3.677819
4.164980
4.801638
5.351814
5.660570
5.566729
6.216662
6.795551
7.051952
6.792397
6.713914
6.499719
5.989145
5.436871
4.900734
4.398846
3.936213
3.509079
3.118252
2.754592
2.419070
2.113717
1.944237
1.917855
1.800897
1.645405
1.547009
1.539656
1.721706
1.903288
2.055646
2.128551
2.262859
2.403856
2.555422
2.770601
2.976506
3.091352
3.066219
2.894536
2.678282
2.774897
3.042208
3.293239
3.570213
3.811628
3.877292
3.830022
3.716168
3.498559
3.221941
2.940431
2.755676
2.990837
3.179247
3.312682
3.365199
3.307945
3.112607
2.879921
2.648469
2.414948
2.194506
2.101898
2.250540
2.316805
2.320282
2.255913
2.096598
1.907903
1.722935
1.554008
1.416530
1.275180
1.133567
1.167821
1.276804
1.323945
1.322492
1.274221
1.167994
1.062423
0.965860
0.940614
0.776643
0.609500
0.521995
0.426257
0.328448
0.238704
0.169352
0.166715
0.141153
0.212185
0.325073
0.467899
0.651951
0.874806
1.139142
1.448236
1.810903
2.225617
2.681111
3.144257
3.493382
3.726247
4.149961
4.549767
4.993693
5.748528
6.765152
7.915510
9.099705
9.889783
10.110731
10.039525
9.149968
8.060670
7.007305
6.058776
5.263621
5.533627
6.215187
6.637874
6.690117
6.377318
5.736891
5.103770
4.639958
4.178875
3.685629
3.176727
2.940783
3.299621
3.420266
3.278219
2.926379
2.534195
2.176894
1.899611
1.793883
1.712432
1.993012
1.992591
1.409409
1.360642
1.415530
1.331935
1.157650
0.995261
1.025848
1.177871
1.348315
1.528530
1.705232
1.853288
2.048252
2.278122
2.535594
2.806849
3.084745
3.381696
3.693989
3.998644
4.207321
4.207323
3.998644
3.692291
3.371313
3.065037
2.775713
2.507090
2.255890
2.020101
1.798487
1.590929
1.397434
1.217570
1.053324
0.903931
0.766365
0.646655
0.758262
0.873903
0.925476
0.895073
0.802081
0.812194
0.590828
0.493643
0.430309
0.414513
0.427534
0.462831
0.451660
0.393209
0.322127
0.253230
0.196340
0.195656
0.215697
0.204353
0.165673
0.185256
0.257574
0.374291
0.507396
0.620365
0.698008
0.728285
0.791070
0.794754
0.672678
0.516571
0.293897
0.132376
0.028516
0.000000
0.000000
0.000000
0.000000
0.000000
0.000000
0.000000
0.000000
0.000000
0.000000
0.000009
0.034634
0.144561
0.252203
0.306301
0.322610
0.327451
0.329001
0.324711
0.300766
0.217249
0.061309
0.002367
0.000000
0.000000
0.000000
0.000000
0.000000
0.000000
0.000000
0.000000
0.000000
0.000000
0.000000
0.000000
0.000000
0.000000
0.000000
0.000000
0.000000
0.000000
0.000000
0.000000
0.000000
0.000000
0.000000
0.000000
0.000000
0.000000
0.000000
0.000000
0.000000
0.000000
0.000000
0.000000
0.000000
0.000000
0.000000
0.000000
0.000000
0.000000
0.021745
0.099021
0.253340
0.526085
0.932045
1.167717
1.241351
1.099216
0.736864
0.458888
0.271510
0.145384
0.089077
0.075295
0.137794
0.219192
0.284839
0.381203
0.525532
0.711159
0.933323
1.193273
1.494050
1.841834
2.226016
2.569035
2.769998
2.625719
2.290877
1.902267
1.548268
1.241503
0.974674
0.746452
0.555823
0.656920
0.842332
1.029274
1.135077
1.094287
0.972630
0.789072
0.609701
0.455702
0.327769
0.223124
0.140194
0.216388
0.420032
0.681802
0.946963
1.291756
1.500751
1.460841
1.170332
0.836459
0.542919
0.494906
0.620178
0.759973
0.908769
1.029826
1.057901
0.975920
0.851152
0.726413
0.737329
0.764232
0.709283
0.808969
0.958074
1.111537
1.238505
1.312192
1.253242
1.135936
0.982112
0.831057
0.692305
0.656795
0.819147
1.014148
1.215651
1.338391
1.340979
1.239606
1.120505
1.073813
1.208282
1.481553
1.533133
1.335810
1.216692
1.413797
1.589328
1.620184
1.948931
2.358984
2.838988
3.360908
3.788366
3.976162
3.780073
3.381731
3.012224
2.658988
2.337996
2.151471
2.637424
3.044194
3.301435
3.680147
3.931999
4.350268
5.249941
6.240169
7.825352
8.723934
7.804976
6.132534
5.008108
4.093494
3.463039
3.561760
4.091919
4.691515
5.358183
6.033711
6.531149
6.417321
5.790078
5.000799
4.247880
3.580426
3.405679
3.522652
3.423521
3.273326
3.023964
2.620115
2.084888
1.562859
1.125434
0.779630
0.506163
0.299590
0.152727
0.058347
0.064960
0.092840
0.098890
0.070782
0.035137
0.016683
0.005976
0.001839
0.000600
0.005434
0.018880
0.024320
0.017597
0.003534
0.000000
0.000000
0.000000
0.000000
0.001135
0.009106
0.013122
0.007015
0.000445
0.000000
0.000542
0.000000
0.000000
0.000000
0.000000
0.000000
0.000000
0.000000
0.000000
0.000000
0.000000
0.000000
0.000000
0.000000
0.001100
0.006044
0.012807
0.022918
0.074277
0.098755
0.110460
0.228967
0.393346
0.623814
0.932370
1.331025
1.831469
2.418075
3.058776
3.005822
2.315591
1.731634
1.243127
0.857175
0.570577
0.343659
0.177661
0.071765
0.015497
0.000000
0.000000
0.000000
0.000000
0.000000
0.000000
0.000000
0.000000
0.000000
0.000000
0.000286
0.005829
0.021770
0.051553
0.102340
0.160369
0.190558
0.160500
0.104912
0.051495
0.018434
0.021649
0.037332
0.051106
0.069136
0.115300
0.181761
0.266734
0.364768
0.468635
0.536231
0.520531
0.435914
0.342067
0.256234
0.179779
0.117260
0.067496
0.031834
0.013427
0.045411
0.100029
0.165748
0.204247
0.205513
0.294310
0.418707
0.558586
0.637864
0.621533
0.596571
0.754558
0.944211
1.166316
1.310003
1.287609
1.123102
0.938401
0.724809
0.631822
0.649521
0.577139
0.560452
0.811969
1.085714
1.246061
1.179922
1.448678
1.918941
2.534423
3.107950
3.090014
2.512638
2.051076
1.862414
1.582427
1.766081
2.156679
2.089735
1.523045
1.128144
0.770375
0.486279
0.340804
0.387564
0.512791
0.655458
0.813275
0.989717
1.128816
1.144201
1.048128
0.911695
0.757183
0.609243
0.568600
0.684200
0.795573
0.912286
1.042135
1.183503
1.279543
1.285932
1.200625
1.054910
0.897502
1.057884
1.167388
1.145018
1.024752
1.054973
1.102414
1.136052
1.216778
1.361615
1.536346
1.674992
1.795052
1.930900
1.994365
2.055115
2.197418
2.192846
2.046018
1.817480
1.583784
1.380016
1.246258
1.186334
1.249531
1.296942
1.243409
1.211363
1.134790
1.056688
0.971566
1.050009
1.154298
1.226945
1.305076
1.418912
1.537348
1.626640
1.653854
1.774714
1.880468
1.911932
1.827181
1.678654
1.542446
2.016372
2.443353
2.537436
2.264588
1.808445
1.481383
1.597916
1.643270
1.599289
1.654833
1.672679
1.466354
1.492833
1.600512
1.905719
2.269291
2.684291
3.130647
3.512246
3.683778
3.497481
3.124167
2.736830
2.334325
2.553023
3.074083
3.621457
4.115755
4.490160
4.567820
4.347195
3.922999
4.308205
5.033222
5.864146
6.296290
5.842688
4.978967
4.127282
3.373172
2.723339
2.165009
2.103803
2.185430
2.365695
2.528818
2.542549
2.394509
2.137582
2.205657
2.202709
2.174970
2.422280
2.704830
2.946918
3.223016
3.395779
3.291142
3.033568
2.849503
3.216876
3.592411
3.836786
3.838772
3.610179
3.254786
2.865493
2.504075
2.395214
2.543689
2.720991
2.840265
3.002833
3.126501
3.339112
3.581998
3.855875
4.192716
4.576768
4.982251
5.344931
5.571187
5.542150
5.283422
4.911038
4.534527
4.210631
3.990076
4.227555
4.361870
4.268407
4.059188
3.815193
3.732257
3.731671
3.578501
3.683077
3.898390
4.022650
3.913189
3.694691
3.416093
3.132795
2.873463
2.629506
2.405492
2.235215
2.312762
2.366699
2.293673
2.137168
1.988913
2.011858
2.075293
2.069490
2.017466
2.061486
2.202744
2.194003
2.050852
1.661787
1.602092
1.464529
1.315661
1.194441
1.137554
1.149413
1.115672
1.042734
0.913942
1.057819
1.282911
1.355869
1.290764
1.490481
1.709331
1.930620
2.148626
2.392596
2.660304
2.914387
3.095395
3.098700
2.907331
3.262383
3.601930
3.672193
3.588389
3.196051
2.324168
1.661206
1.290534
1.162129
1.253295
1.399241
1.269366
1.019730
0.771337
0.796626
0.867451
0.927215
1.171287
1.412734
1.568388
1.533363
1.338592
1.214648
0.964204
0.743433
0.750057
0.954482
1.151993
1.282292
1.283429
1.155545
0.897860
0.972988
1.063243
1.306366
1.841311
2.118040
2.205567
2.235175
2.250257
2.247465
2.165639
1.850864
1.166608
0.712310
0.429465
0.306990
0.444692
0.510672
0.424693
0.284677
0.149785
0.056989
0.011431
0.011236
0.090717
0.146424
0.164707
0.170595
0.172769
0.171293
0.157406
0.108878
0.033185
0.006424
0.004216
0.000216
0.000000
0.000000
0.000000
0.000000
0.000000
0.000550
0.013405
0.012927
0.000039
0.000000
0.000000
0.000000
0.000000
0.000000
0.000000
0.000000
0.000000
0.000000
0.000000
0.000000
0.000000
0.000000
0.000000
0.000000
0.000000
0.000000
0.000000
0.000000
0.000000
0.000000
0.000000
0.000000
0.000000
0.014112
0.082104
0.223175
0.467022
0.833553
1.004790
1.066523
1.068851
1.019341
0.886546
0.614242
0.364489
0.123817
0.028532
0.000001
0.000000
0.000000
0.000000
0.000000
0.000000
0.000000
0.000000
0.000000
0.000000
0.000000
0.000000
0.000000
0.000000
0.000000
0.000000
0.000000
0.000000
0.000000
0.000000
0.000000
0.000000
0.000000
0.000000
0.000000
0.000000
0.000018
0.037199
0.151393
0.277606
0.506830
0.817725
1.027900
1.119184
1.129449
1.077189
1.021301
0.956585
0.974003
0.972326
0.934440
0.810640
0.847944
0.921453
1.046451
1.297182
1.416135
1.552396
1.989636
2.441929
2.710200
2.685408
2.505194
2.173008
2.319431
2.221966
1.802156
1.351299
0.952645
0.660773
0.508991
0.443136
0.340693
0.230301
0.214333
0.296245
0.420212
0.530724
0.569635
0.511229
0.394311
0.278611
0.186828
0.115086
0.065049
0.031532
0.018266
0.099220
0.163631
0.188230
0.213801
0.314617
0.424684
0.464791
0.408096
0.268773
0.137021
0.101659
0.160184
0.230854
0.308252
0.468391
0.608121
0.612078
0.453901
0.421085
0.411661
0.522106
0.647084
0.770658
0.875028
0.907976
0.856080
0.733599
0.625589
0.546579
0.477722
0.421002
0.410144
0.402879
0.374653
0.337872
0.331156
0.374728
0.483778
0.640233
0.805500
0.958519
1.037571
0.998413
0.900510
0.792782
0.704273
0.600385
0.587377
0.616583
0.641413
0.766900
1.027650
1.315505
1.530967
1.555321
1.391668
1.200950
1.022697
0.973003
1.143910
1.325240
1.546741
1.947311
2.381498
2.657941
2.902235
3.099065
3.011060
2.624983
2.110555
1.636772
1.263622
1.063012
0.976678
1.022589
1.174346
1.414353
1.734717
2.126799
2.587330
3.120448
3.918407
5.073475
5.700234
5.127739
4.274426
3.641598
3.038592
2.538952
2.184656
2.110543
1.884968
1.665792
1.893781
2.091128
2.216798
2.472985
2.700787
2.738767
2.655134
2.417773
2.074808
1.736320
1.430556
1.169908
0.952998
1.014780
1.209949
1.303752
1.482030
1.624006
1.678316
1.662762
1.732729
1.905817
2.076926
2.087690
2.020951
1.852802
1.621342
1.386331
1.334116
1.826308
2.453545
3.164399
3.861993
3.825467
3.078064
2.373266
1.775744
1.284797
0.889355
0.584585
0.447657
0.548989
0.758998
1.001807
1.240653
1.461646
1.619131
1.554129
1.603310
1.818208
2.042329
2.013137
1.794553
1.475932
1.175817
0.914384
1.082778
1.643388
1.861443
1.702656
1.374676
1.675341
2.183280
2.816038
3.573687
4.433883
5.431251
6.235820
6.283347
5.817657
5.178856
4.026552
3.005773
2.267186
1.678015
1.224439
0.861527
0.585271
0.387069
0.538019
0.735525
0.952149
1.099823
1.154824
1.111698
1.031134
0.856235
0.653331
0.459281
0.340362
0.441010
0.484621
0.476546
0.444426
0.363850
0.272284
0.179561
0.154618
0.149931
0.130569
0.116797
0.092449
0.089949
0.133833
0.156089
0.195209
0.239648
0.254993
0.217443
0.133076
0.131560
0.187388
0.240517
0.285151
0.312906
0.305111
0.277543
0.226047
0.242991
0.299595
0.318699
0.303839
0.270819
0.237159
0.223632
0.220795
0.303270
0.404177
0.516327
0.629936
0.733999
0.806689
0.798867
0.763929
0.709210
0.650851
0.570542
0.467394
0.366360
0.275883
0.204898
0.200043
0.199173
0.228492
0.234397
0.184647
0.230229
0.334262
0.480618
0.659750
0.921521
1.239529
1.639192
2.134942
2.734398
3.438216
4.254477
5.172815
6.025955
6.386534
6.038048
5.187169
4.267701
3.482235
2.855045
2.959352
3.508537
4.101990
4.465022
4.503664
4.402726
4.030375
3.541023
3.477257
4.002360
4.584439
5.230641
5.815680
6.003890
5.752990
5.189889
4.564790
3.984118
3.450778
2.957117
2.549739
2.349193
2.064397
2.296656
2.803607
3.156293
3.133496
2.759812
2.270132
1.798149
1.388099
1.045336
0.771892
0.567298
0.397673
0.263981
0.184582
0.163167
0.125264
0.107798
0.122945
0.059493
0.006522
0.011580
0.038706
0.076792
0.104336
0.102424
0.071396
0.039126
0.016686
0.007387
0.001497
0.000391
0.000636
0.000000
0.000000
0.000000
0.000000
0.000000
0.000000
0.000000
0.000000
0.000000
0.000000
0.000000
0.000000
0.000000
0.000076
0.003934
0.015507
0.034351
0.059071
0.091190
0.132929
0.184368
0.248474
0.319781
0.376461
0.376910
0.333259
0.295551
0.245741
0.190565
0.217263
0.270771
0.331524
0.405116
0.482478
0.543149
0.581028
0.556428
0.501215
0.600570
0.690124
0.775983
0.840143
0.874690
0.820307
0.730833
0.622944
0.525290
0.443237
0.362790
0.297411
0.225003
0.132132
0.168107
0.186554
0.192427
0.189624
0.191892
0.194013
0.159751
0.118006
0.098710
0.093761
0.076122
0.074696
0.069907
0.076890
0.094576
0.119892
0.154454
0.180389
0.231072
0.250456
0.239810
0.215719
0.165428
0.148096
0.221842
0.322843
0.423204
0.452401
0.456800
0.569398
0.694773
0.837718
0.994903
1.164548
1.356686
1.575500
1.812733
2.037852
2.116046
2.389347
2.677348
2.663164
2.363662
2.034910
1.911503
2.035182
2.091412
2.045850
1.983108
2.148006
2.498544
2.822726
2.956573
2.899564
2.653261
2.671530
3.095323
3.534906
3.968917
4.276695
4.493162
4.742312
4.867485
4.653073
4.252772
3.800017
3.379335
3.011604
2.978336
3.248110
3.489252
3.594661
3.578534
3.459615
3.404821
3.702768
4.009811
4.249109
4.283247
4.122212
3.952909
4.264600
4.624678
5.012847
5.417061
5.740489
5.827562
5.589513
5.205595
4.787229
4.382883
4.037801
3.762309
3.710730
4.030354
4.216664
4.120354
3.878010
3.561560
3.254991
2.970237
2.701502
2.579651
2.525817
2.546837
2.637071
2.856780
3.096748
3.324363
3.527769
3.861633
4.020039
4.228431
4.207530
3.941836
3.526231
3.354590
3.339532
3.201934
3.289356
3.239516
3.198443
3.537230
3.766570
3.766580
3.482540
3.086971
2.883978
3.263036
3.847344
4.504999
5.254846
5.996568
6.272546
6.678857
6.787907
6.688374
6.230178
5.078796
3.798846
3.038912
3.130544
3.820751
4.449678
4.614583
4.311997
3.758252
3.208112
2.950269
2.892747
2.692616
2.428571
2.265188
2.402767
2.565208
2.773719
2.999288
3.222363
3.418790
3.507227
3.450292
3.269993
3.033844
2.874369
2.978606
3.059971
3.257698
3.504325
3.710064
3.798075
3.749034
3.590319
3.575096
3.643497
3.588728
3.391148
3.167163
3.474177
3.808982
4.084404
4.180018
4.092611
3.846059
3.561177
3.313278
3.205798
3.015324
3.054544
3.242061
3.453871
3.768993
4.127293
4.417285
4.507939
4.301642
3.935381
3.524921
3.167080
3.174511
3.224957
3.117276
2.916861
2.752698
2.614770
2.337162
2.055445
2.163142
2.174801
2.087274
2.230709
2.390754
2.429987
2.352146
2.181661
2.022154
1.962489
1.828175
1.671488
1.679546
1.622748
1.487771
1.436050
1.339681
1.167994
0.991457
0.893970
0.793609
0.808329
0.824468
0.768891
0.708557
1.033189
1.436801
1.935164
2.516645
3.128682
3.511596
3.467768
2.992019
2.386667
1.813786
1.366534
0.984437
0.665758
0.419884
0.346456
0.354713
0.323010
0.473325
0.658453
0.878485
1.132138
1.418728
1.732368
2.044260
2.186460
2.115731
1.843652
1.526099
1.244092
1.049230
0.900690
0.770410
0.802789
1.052693
1.281824
1.454642
1.531026
1.567171
1.471494
1.155369
0.847935
1.033463
1.240150
1.377778
1.451073
1.423864
1.303255
1.238030
1.178142
1.114580
1.176737
1.255580
1.261874
1.152534
1.008045
0.826982
0.914147
1.066553
1.269320
1.275005
1.180011
1.195925
1.158260
1.184698
1.159317
1.055622
0.939481
1.025565
1.506066
2.089950
2.390470
2.264788
1.800897
1.572284
1.411998
1.473908
1.669922
1.868720
1.999728
1.987313
1.871991
1.920102
1.975659
1.907722
1.777112
1.728586
1.842031
1.937676
1.885576
1.742566
1.546520
1.575144
1.664295
1.782869
1.979022
2.130286
2.131096
2.060479
2.140589
2.134228
2.109603
2.093143
1.970195
1.796455
1.605373
1.432545
1.346124
1.243014
1.414074
1.508546
1.556356
1.608242
1.782195
1.994039
2.235270
2.491207
2.749994
2.992676
3.261388
3.529729
3.746899
3.743496
3.524788
3.246590
2.934167
2.641633
2.452564
2.806773
3.236067
3.704909
4.152932
4.502935
4.565758
4.957474
5.281816
5.855524
6.714908
7.651918
8.675648
9.822453
11.073875
12.296600
13.149127
13.151458
12.289045
11.065806
9.862555
8.956775
10.021441
10.936725
11.653293
11.990979
11.711441
11.147319
10.466048
9.695301
9.003728
8.836430
8.164762
7.395732
6.887679
7.037181
7.545917
7.962768
8.023402
8.155679
8.339263
7.987265
7.175241
6.439611
6.127867
6.031034
6.850393
7.593126
8.025563
7.687059
7.012362
6.210598
5.447210
4.770918
4.292348
4.465003
4.502082
4.585124
4.599864
4.678185
4.469636
4.135642
3.772724
3.405862
3.322895
3.516364
3.707958
3.798177
4.074384
4.150396
3.900862
3.548000
3.159329
2.786671
2.514197
2.573206
2.674333
2.919360
3.153081
3.375256
3.619545
3.907762
4.223137
4.533801
4.782264
4.825545
4.941381
4.845002
4.653628
4.567380
4.798088
4.883025
4.882575
4.991488
5.181970
5.486055
5.680139
5.726643
5.611688
5.430569
5.300065
5.358391
5.432983
5.474648
5.389396
5.495912
5.611537
5.700934
5.527188
5.299270
5.764149
6.086496
6.394212
6.698843
7.257338
7.641714
7.736382
7.503562
6.821657
6.173408
6.007751
5.826045
5.540731
5.106882
5.115377
5.343503
5.663146
5.856489
6.019156
6.131099
6.114128
6.381683
6.742359
7.096623
7.325681
7.423043
7.337984
7.298678
7.377201
7.255962
7.018116
6.768250
6.453279
6.299672
6.152912
5.972587
5.770188
5.462333
5.103143
4.975298
5.045468
5.236911
5.407407
5.413249
5.288202
5.100236
5.628378
6.584064
7.303514
7.321936
6.670163
5.772346
6.074411
6.646044
7.219270
7.786966
8.290425
8.586645
8.587168
8.295598
7.846560
8.093039
8.466542
8.539753
8.265538
7.746221
7.179529
6.627274
6.183456
5.797861
6.102917
6.559146
6.734422
6.454005
6.483782
6.410043
6.318075
6.067254
5.696068
5.313282
4.988889
4.673608
4.296277
3.876573
3.549068
3.541139
3.651559
3.678889
3.616335
3.574354
3.539578
3.325768
3.428848
3.311132
2.967582
2.668851
2.572587
2.290480
2.179186
1.952332
1.866476
1.925383
1.865910
1.686867
1.463249
1.354596
1.316746
1.214359
1.095803
1.078794
0.951204
1.027788
1.205252
1.404564
1.504259
1.376858
1.213953
1.035488
0.834297
0.642481
0.471417
0.336238
0.250158
0.197269
0.227824
0.329003
0.454082
0.490172
0.432431
0.409075
0.663473
0.979553
1.302166
1.497618
1.296926
0.976295
0.659808
0.433653
0.247826
0.112216
0.033466
0.004352
0.002564
0.000939
0.000408
0.023224
0.059117
0.118053
0.201678
0.257899
0.210826
0.138915
0.058443
0.008266
0.000000
0.000000
0.000000
0.000000
0.000000
0.000000
0.003076
0.025887
0.047862
0.123208
0.269723
0.488496
0.754353
0.946793
1.314543
0.042571
0.000000
0.000000
0.000000
0.000000
0.000000
0.000000
0.000000
0.000000
