track	type=wiggle_0
fixedStep	chrom=chr	start=1	step=1
0.000000
0.000000
0.000000
0.000000
0.000000
0.000000
0.000000
0.000000
0.000000
0.325989
0.694221
0.956519
1.108404
1.169512
1.131961
0.894281
0.451800
0.235887
0.192865
0.167334
0.217819
0.315407
0.436851
0.544138
0.545832
0.767114
0.982913
1.079882
0.935037
0.706941
0.714709
0.909973
0.662950
0.377782
0.176447
0.070245
0.018383
0.007803
0.006593
0.007591
0.015907
0.014159
0.002073
0.063162
0.240145
0.497811
0.695072
0.855682
0.890981
0.876053
1.046209
1.211785
1.247140
1.161397
1.028164
1.123576
1.136998
1.098092
1.081044
1.165539
1.263821
1.552779
1.893332
2.224214
2.396374
2.245962
1.925852
1.577328
1.265771
1.018418
0.831573
0.643981
0.490686
0.352247
0.234755
0.142136
0.073953
0.043038
0.023616
0.006553
0.000000
0.003841
0.016380
0.035055
0.130917
0.341648
0.709338
0.878726
0.924985
0.931806
0.924984
0.893264
0.780327
0.483129
0.255599
0.106663
0.038995
0.042135
0.065671
0.085963
0.089097
0.077448
0.075338
0.056901
0.053255
0.040849
0.021423
0.010267
0.021640
0.047219
0.082956
0.124416
0.167204
0.183515
0.164829
0.120266
0.076119
0.069652
0.198652
0.444710
0.912222
1.153563
1.220729
1.232581
1.232581
1.232581
1.220729
1.161960
0.953654
0.530700
0.265917
0.134380
0.077921
0.033533
0.032211
0.029521
0.020438
0.003869
0.009546
0.035266
0.096912
0.183284
0.255205
0.253247
0.181847
0.100083
0.047792
0.066120
0.165902
0.310042
0.465631
0.518896
0.467799
0.342671
0.218924
0.106698
0.060172
0.101569
0.115074
0.119400
0.119006
0.119006
0.119006
0.119342
0.118617
0.114964
0.102868
0.059611
0.033662
0.056360
0.151377
0.280098
0.412302
0.564429
0.560168
0.391125
0.408427
0.387651
0.317531
0.320375
0.353366
0.335539
0.404041
0.532217
0.682015
0.855582
1.050146
1.228503
1.297545
1.227983
1.045229
0.849656
0.678293
0.536166
0.423367
0.402338
0.438185
0.421277
0.345878
0.261184
0.181188
0.116554
0.072513
0.051657
0.032539
0.039750
0.057666
0.079662
0.082369
0.072350
0.049198
0.028462
0.019942
0.093693
0.229184
0.415794
0.595728
0.540439
0.338885
0.185600
0.069965
0.010782
0.000000
0.000000
0.000000
0.000000
0.000000
0.000000
0.000000
0.000000
0.000000
0.000000
0.000000
0.000000
0.000373
0.001791
0.006625
0.010363
0.021355
0.059167
0.184155
0.318046
0.321997
0.195172
0.066184
0.006170
0.000000
0.000000
0.000108
0.006353
0.020213
0.034035
0.034035
0.020383
0.007394
0.005473
0.037913
0.059795
0.044494
0.013857
0.000000
0.004178
0.016997
0.038068
0.061733
0.069313
0.058669
0.034531
0.014381
0.002900
0.000000
0.000000
0.000000
0.000000
0.000000
0.000000
0.000000
0.000000
0.000502
0.005937
0.011857
0.012674
0.009176
0.002633
0.000000
0.000000
0.000280
0.010120
0.029458
0.039219
0.029458
0.010339
0.000554
0.004143
0.030424
0.094467
0.178465
0.263891
0.433090
0.688194
1.024974
1.415138
1.772973
1.797793
1.500742
1.137402
0.947438
0.925141
0.961683
1.060055
1.328683
1.509817
1.687498
1.821364
1.824533
1.669503
1.394782
0.947896
1.001177
1.141235
1.110943
1.187362
1.105622
0.874719
0.697942
0.839602
1.096371
1.398859
1.665724
1.860927
1.914363
1.790162
1.478183
1.159909
0.941862
1.290839
1.718796
2.198661
2.676054
2.883383
2.673212
2.182823
1.705927
1.283000
0.950428
0.776229
0.860915
0.852151
0.854721
0.813525
0.723280
0.678784
0.813529
0.985049
1.085363
1.006936
1.095819
1.089837
0.922480
0.722643
0.540080
0.394541
0.297799
0.288117
0.237749
0.185100
0.155403
0.205858
0.172893
0.166836
0.116536
0.023708
0.000000
0.000000
0.000000
0.000000
0.000000
0.000000
0.000000
0.000000
0.000000
0.000000
0.000000
0.000000
0.000000
0.000000
0.000000
0.000000
0.000000
0.000000
0.000000
0.000000
0.002630
0.044029
0.128385
0.201897
0.173224
0.078355
0.017690
0.000000
0.000000
0.000000
0.000000
0.000000
0.000000
0.000000
0.000000
0.000000
0.000000
0.000000
0.000000
0.000000
0.000000
0.000000
0.000000
0.000000
0.000000
0.000000
0.000000
0.000000
0.000000
0.000000
0.000000
0.000000
0.002155
0.032789
0.125678
0.289049
0.546988
0.821561
0.956322
0.994778
1.003554
1.003554
1.003554
1.003554
0.993930
0.950578
0.797309
0.483558
0.302422
0.480966
0.723426
1.000324
1.144289
1.065060
0.846634
0.587938
0.425350
0.618514
0.846929
1.069277
1.219286
1.185017
1.008816
0.806979
0.652717
0.933868
1.287770
1.754105
2.307753
2.796473
3.153986
3.062790
2.647748
2.144821
1.739508
1.358226
1.038442
0.855495
0.692639
0.597045
0.667240
0.598934
0.397827
0.200878
0.128601
0.063664
0.027412
0.074193
0.138597
0.182587
0.196624
0.191901
0.237814
0.187399
0.070122
0.009247
0.000000
0.000000
0.000000
0.000000
0.000000
0.000000
0.000000
0.000000
0.000000
0.000000
0.000000
0.000924
0.040047
0.071875
0.082123
0.084173
0.084173
0.082123
0.073738
0.073446
0.051274
0.082323
0.118199
0.136478
0.120308
0.087246
0.102641
0.127588
0.122186
0.092960
0.125980
0.183925
0.252944
0.324424
0.378151
0.381589
0.339260
0.355010
0.356826
0.307706
0.239350
0.174131
0.120220
0.137373
0.184192
0.239425
0.280424
0.265833
0.212869
0.157917
0.130705
0.125750
0.098286
0.081017
0.058198
0.029058
0.010306
0.002386
0.000428
0.022893
0.078923
0.159287
0.236281
0.342345
0.488242
0.581212
0.579801
0.744990
1.063062
1.478594
1.999921
2.659240
3.631070
4.686936
5.100672
5.210222
5.210222
5.118825
4.780840
3.969224
3.110135
2.962674
2.628699
2.222401
1.867552
1.941811
1.983083
2.326937
2.671575
3.149732
3.747745
4.111950
4.074294
3.643801
3.084747
2.517013
2.028529
1.604572
1.225798
1.044906
1.524168
1.957158
2.023640
1.822631
1.659924
1.857816
1.913423
1.721981
1.388880
1.019030
1.128116
1.343843
1.583236
1.847365
2.106181
2.285650
2.285867
2.106713
1.850303
1.587685
1.358071
1.201430
1.198470
1.244998
1.325979
1.339108
1.315926
1.283439
1.187620
1.032885
0.863862
0.702769
0.562236
0.448180
0.391756
0.470041
0.546104
0.575927
0.592599
0.548739
0.458688
0.358099
0.262080
0.181962
0.119375
0.138727
0.155961
0.156350
0.212326
0.271801
0.332500
0.352817
0.354445
0.331049
0.370774
0.396025
0.389460
0.437138
0.504491
0.692243
0.963947
1.299567
1.700674
2.176987
2.739755
3.390870
4.136425
4.919470
5.443077
5.220092
4.597110
3.826351
3.082341
2.439631
1.899542
1.452314
1.098791
0.816099
0.588693
0.486433
0.411936
0.337305
0.274215
0.223123
0.199513
0.212089
0.274565
0.395260
0.538853
0.696134
0.846624
1.024014
1.197060
1.285965
1.259365
1.090508
0.897302
0.866151
1.024115
1.195117
1.376552
1.569854
1.785874
2.033437
2.307169
2.591771
2.897165
3.233227
3.559169
3.854483
3.903632
3.682244
3.393264
3.094241
2.802927
2.538527
2.298921
2.111786
2.111706
2.009416
1.823586
1.623603
1.423790
1.247178
1.087953
0.936303
0.799605
0.932174
1.074096
1.213436
1.361968
1.514575
1.652785
1.681250
1.594626
1.417138
1.233591
1.062725
0.903000
0.824577
0.745228
0.720112
0.953459
1.246075
1.408856
1.339286
1.608126
2.084180
2.719909
3.305795
3.287855
2.699291
2.222242
2.036849
1.743009
1.908726
2.309843
2.250136
1.677771
1.276916
1.057943
1.171332
1.313691
1.460852
1.523104
1.482912
1.364690
1.241805
1.124503
1.013404
0.926423
0.849562
0.749210
0.652041
0.665427
0.729212
0.805517
0.784661
0.724020
0.596024
0.420881
0.259335
0.192593
0.187462
0.207996
0.191476
0.196884
0.237564
0.294710
0.357587
0.401681
0.417444
0.395122
0.388880
0.467797
0.564613
0.668853
0.775438
0.886478
0.971616
1.001036
1.026895
0.999632
0.899201
0.772884
0.649986
0.646937
0.633654
0.600702
0.627825
0.769126
0.930180
1.095459
1.260481
1.425085
1.623276
1.812152
1.921575
1.899611
1.743204
1.551387
1.360657
1.182860
1.021834
0.884839
0.996213
1.196574
1.409742
1.786978
2.284702
2.713985
2.769214
2.428046
1.961058
1.660366
1.756021
1.812791
1.767881
1.631382
1.490935
1.345165
1.189337
1.184696
1.237321
1.385878
1.543524
1.660041
1.706124
1.611584
1.430460
1.251112
1.085680
1.138451
1.185399
1.204025
1.283684
1.319908
1.244806
1.549567
1.927220
2.337771
2.643270
2.629575
2.316771
2.299928
2.570762
2.871911
3.202660
3.555269
3.919732
4.282408
4.564739
4.693757
4.535315
4.245786
3.899306
3.519141
3.149102
2.812982
2.921535
3.159560
3.520526
3.885819
4.217845
4.492364
4.505302
4.234815
3.839399
3.427470
3.035176
2.677654
2.348389
2.217978
2.491300
2.780793
3.018578
3.180074
3.104817
2.902492
2.631355
2.344014
2.064077
1.799496
1.670098
1.790061
1.819263
1.746429
1.745469
1.925096
2.075850
2.124119
2.015847
1.843784
1.981060
2.123236
2.154807
2.061013
1.944436
1.831120
1.694417
1.554379
1.425182
1.427429
1.483862
1.434948
1.301111
1.134711
0.981261
0.849164
0.828093
0.875762
0.903535
1.000437
1.148276
1.264133
1.325141
1.421168
1.532482
1.673177
1.841018
2.030308
2.211133
2.343150
2.408822
2.349436
2.226202
2.324921
2.324247
2.186159
1.786846
1.431001
1.292779
1.312972
1.253043
1.140840
1.214972
1.320782
1.409488
1.431370
1.361465
1.297090
1.480848
1.672227
1.845437
2.010349
2.200252
2.412388
2.658077
2.921774
3.154271
3.276450
3.218342
2.984167
3.156332
3.300743
3.302401
3.156677
2.761730
2.535078
2.278278
2.016678
2.014595
2.019633
1.748317
1.380479
1.076668
0.917639
0.767697
0.635831
0.531278
0.481136
0.410112
0.333533
0.426032
0.502447
0.594129
0.645700
0.610496
0.529906
0.419540
0.503200
0.605581
0.626467
0.540000
0.590060
0.748401
0.930211
1.142372
1.344561
1.447777
1.445584
1.275731
1.073897
0.889188
0.721541
0.577611
0.497850
0.626294
0.720444
0.686402
0.548892
0.392604
0.257075
0.153638
0.081951
0.146626
0.299673
0.524497
0.837987
1.364960
1.856965
2.115970
2.254066
2.309591
2.222177
1.976460
1.649126
1.516875
1.486883
1.349152
1.273806
1.064342
0.862110
0.986282
1.176893
1.397863
1.596842
1.569095
1.292953
1.016216
0.741426
0.503545
0.328797
0.208755
0.110943
0.045534
0.007733
0.000000
0.000000
0.000000
0.000000
0.000000
0.000000
0.000000
0.000000
0.000000
0.000000
0.000000
0.000000
0.000000
0.000000
0.000000
0.000000
0.000000
0.000000
0.000000
0.000000
0.000000
0.000000
0.000000
0.000000
0.000000
0.000000
0.000000
0.000000
0.000000
0.000000
0.000000
0.000000
0.000000
0.000000
0.000000
0.000000
0.000000
0.000000
0.000000
0.000000
0.000000
0.000000
0.000000
0.000000
0.000000
0.000000
0.000000
0.000000
0.000000
0.000000
0.000000
0.000000
0.000000
0.000000
0.000000
0.000000
0.000000
0.005031
0.056599
0.175689
0.385912
0.723185
1.016696
1.173914
1.304856
1.740853
2.121047
2.175080
1.912386
1.509104
1.148854
0.923431
1.252436
1.619469
1.945870
2.073240
1.901663
1.591866
1.989137
2.488707
2.966094
3.105068
3.289510
3.890996
4.339117
3.602189
3.421085
3.031166
2.553549
2.095422
1.687472
1.793399
2.105369
2.455336
2.846301
3.285252
3.751481
4.115040
4.224504
3.944085
3.532835
3.070914
2.647100
2.266196
1.920028
1.604765
1.323116
1.073261
0.854393
0.672423
0.528655
0.397819
0.511745
0.564499
0.493895
0.667743
0.862328
1.023540
1.346894
1.796001
2.359059
2.971747
3.406654
3.422966
2.988267
2.370682
1.810323
1.351111
0.976991
0.673936
0.432958
0.252562
0.219779
0.278967
0.351464
0.412259
0.422085
0.375093
0.369615
0.456180
0.542027
0.633263
0.740539
0.868545
1.017740
1.174831
1.324954
1.489210
1.670978
1.865378
2.073057
2.299901
2.546797
2.795082
3.052667
3.322008
3.552157
3.660377
3.550593
3.342390
3.108041
3.203607
3.372836
3.464983
3.366751
3.152612
2.905944
2.672349
2.454434
2.421521
2.445060
2.413588
2.427061
2.302364
2.316221
2.200922
2.193051
2.084043
2.009481
2.230308
2.463158
2.663184
2.705246
2.600600
2.397027
2.266689
2.426856
2.632721
2.711129
2.660527
2.469869
2.211984
2.165576
2.252849
2.214868
2.460345
2.794848
3.139428
3.513014
3.917712
4.367550
4.839816
5.325490
5.839750
6.411605
7.043643
7.694278
8.245099
8.521892
8.261645
7.695638
7.055786
6.526192
6.917016
7.508812
8.045275
8.429694
8.702803
8.678345
8.313108
7.778190
7.202305
6.644695
6.114794
5.601909
5.099719
4.634795
4.373940
4.165595
5.052845
6.141125
7.398514
8.719330
8.701422
7.340017
6.087489
5.001191
4.066485
3.263983
2.787273
3.325969
3.929874
4.635380
5.351965
5.988591
6.535132
6.654902
6.336756
5.766056
5.164559
4.493850
3.875749
3.322729
2.831825
2.456312
2.563317
3.427231
4.532244
4.924011
4.501190
3.375573
2.510614
1.887752
1.377276
1.124447
1.231611
1.358023
1.495645
1.643759
1.806545
1.991393
2.202108
2.379740
2.453908
2.359886
2.166986
2.002872
2.134812
2.278418
2.305800
2.196557
2.031574
1.875506
1.803632
1.783088
1.641464
1.480124
1.336358
1.243650
1.173656
1.118535
0.968871
0.784520
0.569699
0.473073
0.437625
0.518228
0.645768
0.761729
0.821194
0.890277
0.859403
0.769485
0.658661
0.697324
0.786990
0.805718
0.753117
0.665921
0.728443
1.046185
1.424502
1.893199
2.372658
2.624119
2.485867
2.153162
1.947883
2.088341
2.359118
2.845927
3.362563
3.884281
3.882237
3.313605
2.630115
2.000451
1.477860
1.058289
0.723534
0.460425
0.324269
0.232775
0.159859
0.101781
0.057031
0.026825
0.009213
0.020965
0.043946
0.069561
0.080065
0.071009
0.044065
0.019052
0.003150
0.000000
0.000000
0.000000
0.000000
0.000000
0.000000
0.000000
0.000000
0.001291
0.015052
0.041982
0.077836
0.128454
0.171655
0.166574
0.139437
0.184874
0.214743
0.191843
0.132793
0.073155
0.031449
0.019545
0.035503
0.077934
0.200946
0.349850
0.593141
0.890483
1.222995
1.587229
1.875384
1.937380
1.707770
1.365537
0.978206
0.965752
0.812634
0.562582
0.473820
0.430533
0.416762
0.397904
0.401584
0.403803
0.399832
0.322386
0.204530
0.106605
0.041185
0.060040
0.074382
0.143801
0.242639
0.364309
0.502871
0.653505
0.860575
1.041249
1.100596
1.034294
0.864617
0.667337
0.490584
0.346549
0.227467
0.131835
0.061948
0.030250
0.120458
0.254263
0.349547
0.222642
0.100086
0.067201
0.095593
0.087051
0.062358
0.050103
0.030946
0.022035
0.012112
0.003997
0.000506
0.001881
0.018238
0.050786
0.097057
0.152799
0.210497
0.226604
0.203263
0.160218
0.106046
0.088092
0.108610
0.108050
0.084637
0.054594
0.045632
0.035718
0.060826
0.099824
0.125744
0.168982
0.211798
0.236999
0.295517
0.320368
0.397063
0.505895
0.582680
0.571191
0.482698
0.659364
1.012996
1.461855
2.147992
2.620231
2.794808
2.835896
2.832405
2.793597
2.621244
2.153863
1.470601
1.046630
0.792493
0.526479
0.360903
0.520406
0.742445
1.017642
1.349394
1.671610
1.866825
1.821537
1.520838
1.188921
0.878001
0.642246
0.813088
1.188495
1.673217
2.294167
3.193337
4.152753
4.550050
4.646555
4.653791
4.648438
4.624268
4.523203
4.167633
3.341927
2.455406
2.269940
2.113082
1.701240
1.286748
1.672323
2.125669
2.557148
2.801157
3.137830
3.202708
2.935959
2.456515
2.005213
1.684832
1.785115
1.844009
1.704768
1.433866
1.162298
1.020343
0.816218
0.621963
0.602753
0.714550
0.755210
0.727647
0.980991
1.263914
1.309328
1.068832
0.922866
0.802477
0.926218
1.086085
1.254873
1.420123
1.508417
1.679818
1.838175
1.807119
1.633589
1.394686
1.160588
1.174072
1.340494
1.550041
1.786617
2.028210
2.272070
2.510741
2.674439
2.660151
2.472478
2.218543
2.062168
1.860647
1.870133
2.137964
2.245645
2.104985
2.077462
2.016029
2.149044
2.466518
2.845016
3.254089
3.658701
3.961936
3.989781
3.734531
3.572287
3.306467
2.925116
2.535909
2.216148
2.274311
2.108135
1.956359
1.970956
1.990890
2.030681
2.122800
2.246190
2.439038
2.731226
3.057436
3.335760
3.495333
3.388716
3.237018
3.030542
2.748158
2.446361
2.155054
2.239187
2.289707
2.076205
1.955405
2.458512
3.165795
4.014031
4.969798
6.257870
8.082351
9.130558
9.425970
9.152087
8.123717
6.340824
5.032493
4.103360
3.426847
3.681852
3.564512
3.563902
3.426952
3.188482
2.870207
2.768845
3.099211
3.381508
3.810009
4.417442
5.014780
5.393516
5.291181
4.747887
4.141819
3.632435
3.202701
2.830691
2.432115
2.280678
2.960583
4.077699
4.473548
4.066374
2.929401
2.111284
1.675598
1.697763
1.906827
2.190100
2.433770
2.493844
2.504926
2.391757
2.162573
1.870416
1.566814
1.664919
1.737219
1.691909
1.579775
1.432761
1.280295
1.243879
1.338741
1.345661
1.232276
1.203538
1.345615
1.479709
1.561740
1.693773
1.829794
1.934748
1.934172
1.821266
1.843566
1.942313
2.114198
2.324256
2.492348
2.590643
2.558021
2.398441
2.181128
2.004402
2.175568
2.334962
2.413991
2.305021
2.128043
1.930574
1.721266
1.571851
1.517825
1.518441
1.409425
1.440946
1.365009
1.494675
1.695444
1.875088
2.005421
1.988657
1.842151
1.654914
1.451859
1.281572
1.150415
1.214279
1.422939
1.594212
1.763762
1.800259
1.710528
1.507370
1.295124
1.366898
1.659622
1.781169
1.707851
1.874355
2.208092
2.588990
3.004933
3.394429
3.659687
3.624977
3.324815
3.007500
2.694031
2.493351
2.617735
2.597609
2.926322
3.377820
3.880541
4.421166
5.028434
5.650050
6.306012
7.028471
7.680276
7.953143
7.547896
6.842164
6.107572
5.458028
5.151333
5.624574
6.335548
6.655718
6.429779
5.749574
4.976860
4.478371
4.157166
4.367243
4.506019
4.265704
3.770996
3.471724
3.470653
3.420356
3.795913
4.334536
4.852405
5.035071
4.816492
4.682146
4.680009
4.438169
3.762093
2.842937
2.130693
1.661872
1.436360
1.379689
1.224777
1.010983
0.807349
0.896819
1.192383
1.531398
1.733359
1.687119
1.471271
1.138610
0.844338
0.796942
0.826142
0.877200
0.862269
0.834558
0.875976
1.014767
1.141013
1.214496
1.171343
1.072571
1.000756
0.903891
1.040953
1.112691
1.093101
0.972331
1.062572
1.071255
0.988281
1.040437
1.200031
1.344761
1.418735
1.393871
1.277122
1.123922
0.984085
0.851327
0.831768
0.850664
0.842069
0.884516
0.990041
1.051335
1.031795
0.983862
0.992602
1.167993
1.345487
1.517978
1.652054
1.656516
1.525011
1.349321
1.320638
1.270545
1.299836
1.239348
1.366242
1.433606
1.384025
1.329288
1.421625
1.402648
1.306503
1.291448
1.431245
1.785173
2.217713
2.609003
2.980717
3.234236
3.132809
2.738648
2.262396
1.764554
2.056843
2.688050
3.638033
3.931319
3.659086
2.918948
2.397191
1.814619
1.429177
1.468928
1.469715
1.384156
1.338446
1.360530
1.303525
1.160449
1.057016
1.083805
1.252565
1.455773
1.613825
1.615886
1.596064
1.821123
2.073719
2.259649
2.253046
2.079000
2.119528
2.085979
2.296908
2.575377
2.845661
3.075299
3.446314
3.807160
4.068984
4.090624
3.833686
3.553603
3.189227
2.835103
2.532617
2.467202
2.487902
2.567245
2.861364
2.984668
2.806521
2.495304
2.422246
2.666949
2.866420
3.029420
3.047829
3.067858
3.264884
3.357716
3.424088
3.670313
3.958973
4.252912
4.514595
4.840592
5.128911
5.239212
5.065311
4.757089
4.791516
4.911453
4.827580
5.081376
5.105510
5.323866
5.523026
5.562262
5.589795
5.695885
5.592495
5.292118
4.967186
4.864548
5.066429
5.281149
5.369220
5.378009
5.353209
5.196139
5.209908
5.199821
5.818302
7.081407
8.026071
8.774686
9.463562
9.988385
10.490328
10.992584
11.556556
12.119843
12.534426
12.619805
12.341632
11.855036
11.355900
11.131186
11.338292
11.170698
10.545427
9.634185
8.428606
7.107510
6.181569
5.831124
5.663332
6.031904
6.606558
7.145899
7.552954
7.613297
7.215557
6.690336
6.462778
6.311992
5.968904
6.307478
6.920293
7.275837
7.336056
8.247231
8.928172
9.354362
9.535312
10.555851
12.058698
13.563646
14.573613
14.535596
13.439417
11.898697
10.402716
9.064844
9.240945
10.432012
11.562091
12.104490
11.993514
11.376735
10.325545
9.250788
8.906363
9.030186
8.740333
8.093568
7.349985
6.661489
6.083404
5.704357
5.405295
5.038055
5.061035
5.420179
5.526597
5.384500
5.409707
5.794082
6.275027
6.754450
6.957447
6.859041
6.448206
5.961967
5.426120
5.223485
5.419285
5.360817
5.068557
5.296116
5.255552
4.958618
4.574776
4.288521
4.410501
4.225180
3.920088
3.565036
3.212374
2.895844
2.750353
2.458247
2.096004
2.032954
1.872806
1.678458
1.302687
1.434898
1.534590
1.550597
1.439343
1.308010
1.085527
1.085011
1.184842
1.092872
0.975290
0.867175
0.746985
0.670152
0.564129
0.580217
0.591737
0.696683
0.931527
1.206092
1.465144
1.575530
1.458132
1.196409
0.923926
1.178091
1.362715
1.558890
1.364584
1.025909
0.688514
0.438399
0.246563
0.104848
0.086219
0.097990
0.072483
0.024495
0.000000
0.000000
0.000000
0.000000
0.000000
0.000000
0.000000
0.000000
0.000000
0.000000
0.000000
0.000000
0.000000
0.000000
0.004140
0.006940
0.033700
0.096488
0.198565
0.339738
0.522784
0.754480
1.040881
1.390974
1.802729
2.262509
2.694799
3.021318
3.132809
2.069470
1.160132
1.227033
1.584810
2.060759
2.499289
2.813985
3.253606
2.918948
0.038686
0.000000
0.000000
0.000000
0.000000
0.000000
0.000000
0.000000
0.000000
