track	type=wiggle_0
fixedStep	chrom=chr	start=1	step=1
0.000000
0.000000
0.000000
0.000000
0.000000
0.000000
0.000000
0.000000
0.000000
0.214645
0.359714
0.222543
0.090758
0.021514
0.003763
0.001256
0.003286
0.040695
0.037234
0.026390
0.028528
0.010917
0.003526
0.000536
0.029502
0.103534
0.165029
0.217719
0.181247
0.111917
0.042639
0.006047
0.000000
0.016145
0.082210
0.202566
0.388192
0.628881
0.850855
0.941097
0.808089
0.582065
0.657797
0.857119
0.608606
0.327593
0.135819
0.041415
0.004220
0.042415
0.109031
0.182972
0.207291
0.174877
0.123822
0.069333
0.053202
0.110486
0.194262
0.304811
0.441268
0.596436
0.727839
0.762790
0.683776
0.593365
0.668752
0.659661
0.572355
0.425460
0.380539
0.546031
0.771085
1.038509
1.309853
1.538752
1.547106
1.510912
1.472184
1.297335
0.816651
0.422926
0.208760
0.108552
0.042476
0.007736
0.026129
0.068133
0.110902
0.150138
0.174776
0.157262
0.119753
0.080539
0.066617
0.111337
0.169206
0.239599
0.318021
0.396573
0.470201
0.509714
0.473352
0.398877
0.445101
0.444924
0.391831
0.387240
0.496811
0.597779
0.679455
0.696502
0.748332
0.816503
0.863864
0.865947
0.847333
0.866379
0.921910
0.903207
0.801002
0.860812
1.005980
1.134319
1.202688
1.169720
1.106659
0.977930
0.826149
0.680757
0.552686
0.677642
0.864335
1.099551
1.321858
1.578956
1.777009
1.787889
1.596029
1.338158
1.094373
0.890517
0.749697
0.669885
0.562987
0.576589
0.765294
0.962890
1.230574
1.562716
1.943222
2.356144
2.817820
3.289174
3.699160
3.872145
3.586040
3.121716
2.939304
3.577528
4.359322
5.234060
6.008523
6.327918
5.959557
5.176551
4.312455
3.561163
2.992842
2.684614
2.329529
2.012721
2.025106
2.304718
2.259905
1.960902
1.597046
1.258394
0.967480
0.731164
0.561369
0.502674
0.535360
0.626674
0.668923
0.736320
1.011016
1.130057
1.067118
0.826419
0.818418
0.988252
1.091118
1.056144
0.899130
0.897033
1.134141
1.355862
1.445540
1.356227
1.135407
0.898226
0.688118
0.512199
0.372648
0.396170
0.367378
0.287468
0.202668
0.133119
0.077891
0.130240
0.243835
0.396845
0.544164
0.622211
0.531996
0.385306
0.261500
0.170209
0.132832
0.169732
0.191801
0.186135
0.157840
0.343506
0.656354
0.760330
0.601338
0.293199
0.370806
0.456889
0.542027
0.624668
0.679347
0.681367
0.657221
0.762544
0.842266
0.865025
0.802048
0.852889
0.927402
0.938845
0.894409
0.974764
1.019603
0.990113
0.891260
0.771354
0.658390
0.558758
0.478014
0.418627
0.358253
0.338790
0.308631
0.343422
0.364016
0.340742
0.393672
0.493414
0.594895
0.672112
0.671950
0.598058
0.511794
0.420625
0.335113
0.291380
0.289496
0.250811
0.281687
0.355803
0.417447
0.432992
0.396776
0.324234
0.269372
0.265451
0.304911
0.313477
0.301540
0.447750
0.572502
0.579005
0.476238
0.390891
0.462696
0.576884
0.722511
0.944421
1.225794
1.554299
1.920354
2.235263
2.522006
2.581311
2.412756
2.615167
3.064505
3.422606
3.497898
3.205477
2.802665
3.174486
3.764708
4.659804
5.732427
6.979476
8.143760
8.614161
8.604273
8.049766
7.635936
8.662439
9.813021
10.625226
10.577119
9.722034
8.471308
7.222627
6.117808
5.164544
4.389613
3.846475
3.665864
3.272040
2.750860
2.360339
1.801086
1.433219
1.261616
1.498822
1.610058
1.688274
1.853492
1.778648
1.568315
1.292631
1.048478
1.065483
1.254612
1.355737
1.487900
1.425246
1.255001
1.029533
0.820150
0.654049
0.564841
0.569529
0.506734
0.406013
0.295823
0.199826
0.255132
0.227797
0.133752
0.054362
0.010694
0.027826
0.042219
0.083919
0.100479
0.068351
0.092752
0.110788
0.083094
0.087980
0.173382
0.308905
0.532509
0.838860
1.228168
1.713332
2.230731
2.250323
1.751643
1.267475
0.868550
0.551776
0.317404
0.160372
0.064461
0.011043
0.000000
0.000000
0.000000
0.000000
0.000000
0.000000
0.000000
0.000000
0.000000
0.000000
0.000000
0.000000
0.000000
0.000000
0.000000
0.000000
0.000000
0.000000
0.000000
0.000000
0.000000
0.000000
0.000000
0.000000
0.020984
0.112751
0.208839
0.105798
0.023192
0.001640
0.000312
0.000000
0.003608
0.068782
0.198771
0.269042
0.289469
0.293521
0.293521
0.289469
0.265614
0.181092
0.031473
0.000000
0.000000
0.000000
0.000000
0.000000
0.000000
0.000000
0.000000
0.000000
0.000000
0.000000
0.000000
0.000000
0.000000
0.000000
0.000000
0.000000
0.000000
0.000000
0.000000
0.000000
0.000000
0.000000
0.000000
0.000000
0.022540
0.089537
0.144306
0.138627
0.075226
0.015144
0.000000
0.000000
0.000000
0.000000
0.000000
0.009294
0.059259
0.166422
0.339021
0.584586
0.906291
1.281867
1.734665
2.236653
2.293831
1.842557
1.365911
0.962490
0.683432
0.622666
0.729530
0.788181
0.694127
0.508795
0.332007
0.403407
0.426645
0.312128
0.224824
0.259783
0.394848
0.537100
0.643540
0.636146
0.517629
0.384646
0.360962
0.318407
0.211696
0.081268
0.061805
0.100071
0.118598
0.218890
0.209546
0.092604
0.042069
0.015802
0.000000
0.001590
0.050347
0.102163
0.120310
0.124522
0.124522
0.124522
0.121166
0.106849
0.063359
0.006270
0.000000
0.000000
0.000000
0.000000
0.000000
0.000000
0.000000
0.000000
0.000000
0.000000
0.000000
0.000000
0.000000
0.000000
0.000000
0.000000
0.000000
0.000000
0.000000
0.000000
0.000000
0.000000
0.000000
0.000000
0.000000
0.000000
0.000000
0.000000
0.000000
0.000000
0.000000
0.000000
0.000000
0.000000
0.000000
0.000000
0.015596
0.087622
0.227022
0.442444
0.741301
1.125036
1.688610
2.115629
2.302648
2.355391
2.367120
2.333344
2.288389
2.848277
3.507502
4.258652
5.094447
6.524240
7.163364
7.341846
7.341846
7.182513
6.583225
5.249534
4.554973
4.773472
4.833296
4.914842
5.981882
6.705923
5.900713
4.513018
4.607506
4.445961
4.041319
4.230252
4.354215
4.428587
4.291144
4.584103
4.947855
4.847602
4.362326
3.705933
3.075628
2.757242
3.265918
3.381685
3.282614
3.167651
2.922801
2.556850
2.086239
1.575545
1.622825
1.792791
1.951119
1.933319
1.759118
1.526362
1.300800
1.215637
1.219126
1.179459
1.291849
1.284214
1.147593
1.309162
1.505201
1.689837
1.724953
1.623632
1.467065
1.526752
1.630778
1.610934
1.480188
1.388208
1.569579
1.709656
1.719426
1.594689
1.439363
1.464440
1.630943
1.696891
1.862550
2.011302
2.059796
1.981914
1.809127
1.609727
1.504254
1.665647
1.846027
1.998130
2.067033
2.170830
2.390555
2.588479
2.667499
2.581456
2.389727
2.594750
2.816741
3.063565
3.328412
3.558406
3.702880
3.781517
3.743339
3.581878
3.340724
3.287317
3.435397
3.499126
3.644049
3.808855
3.840451
3.694499
3.466455
3.646407
3.733124
3.665938
3.506990
3.272154
3.305149
3.467575
3.566352
3.758327
3.892585
3.850598
3.685051
3.455631
3.211877
2.990389
2.863863
2.856147
2.926900
3.050509
3.058532
3.062804
3.093625
3.240181
3.159464
2.839004
3.107060
3.466332
3.836953
4.248346
4.700017
5.182671
5.596729
5.963197
6.020141
5.702295
5.271123
4.795617
4.332601
3.915504
3.522624
3.151639
2.839129
2.610513
2.491084
2.406210
2.304021
2.611199
2.794838
2.828454
2.875160
2.809532
2.519962
2.167009
1.841331
1.572235
1.917425
2.728199
3.496810
3.813956
3.895645
3.913619
3.913095
3.901271
3.824780
3.539413
2.839855
2.712996
2.461798
2.390685
2.481394
2.914430
3.311655
3.450124
3.457747
3.259185
2.768489
2.256430
1.794833
1.750330
2.163173
2.100828
1.542737
1.578920
1.772056
1.911809
1.963467
1.862593
1.660754
1.502073
1.433398
1.348901
1.437850
1.504224
1.688146
1.952687
2.213592
2.450383
2.573848
2.519797
2.288280
2.031411
1.766813
1.516477
1.292163
1.107511
0.978747
1.111408
1.215302
1.210217
1.096067
0.977773
0.867634
0.836187
0.818391
0.817721
0.830048
0.779049
0.828889
0.931269
1.017998
0.935832
1.094677
1.150268
1.034854
0.904146
0.898725
0.961398
1.038124
1.118971
1.233951
1.318394
1.398666
1.398129
1.503365
1.940022
2.496706
3.151873
3.848114
4.257135
4.184557
3.626859
2.947928
2.361470
1.987127
1.615126
1.369990
1.329018
1.313040
1.304094
1.515138
1.614615
1.986092
2.595809
3.239966
3.633550
3.259257
2.631676
2.036698
1.523788
1.406307
1.414340
1.400345
1.425578
1.379170
1.406229
1.419136
1.365154
1.564011
1.782660
1.963701
2.034693
2.002552
2.367762
2.687671
2.876609
2.858462
2.641214
2.328356
2.030107
1.855805
1.843146
1.976710
2.175061
2.603188
2.927524
3.249234
3.542774
3.757995
3.952723
4.061781
4.013277
3.788714
3.525296
3.256309
2.965756
2.603192
2.274496
2.007495
1.768835
1.562107
1.344323
1.135554
0.987209
1.212457
1.431534
1.591264
1.636073
1.553678
1.390254
1.185840
1.299898
1.688306
2.173881
2.704368
3.083930
3.081620
2.708394
2.213526
1.839905
1.517679
1.282100
1.262192
1.176964
1.079378
1.069191
1.294538
1.545442
1.769867
2.033154
2.408108
2.778672
2.899859
2.766400
2.403253
2.028889
2.310400
2.602164
2.757505
2.683768
2.409319
2.076114
1.770842
1.501829
1.260478
1.227231
1.545604
1.943704
2.250139
2.227544
1.881491
1.468773
1.478276
1.868436
2.204090
2.422156
2.356426
2.054153
1.671156
1.314063
1.093867
1.184598
1.085323
0.898701
0.712764
0.937284
1.375923
1.998585
2.853061
3.377553
3.554417
3.548270
3.356706
2.796292
1.911976
1.364396
0.978716
0.984641
1.134404
1.276913
1.362061
1.395703
1.532574
1.649252
1.650823
1.604766
1.479341
1.313036
1.126990
1.036797
1.129644
1.284129
1.464236
1.608205
1.670631
1.609977
1.467915
1.274664
1.146263
1.075665
1.146265
1.301776
1.444089
1.570016
1.657355
1.621648
1.465299
1.278538
1.098297
0.927560
0.769908
0.640403
0.537638
0.531316
0.645339
0.689818
0.653948
0.533165
0.409291
0.299633
0.209607
0.158816
0.251351
0.360401
0.460919
0.512255
0.496147
0.486436
0.580619
0.636416
0.632397
0.625840
0.696845
0.947483
1.254354
1.609414
1.946855
2.133240
2.011751
1.891256
2.093316
2.345115
2.714864
2.992367
3.252007
3.430089
3.536567
3.242046
2.794350
2.308568
1.835696
1.674700
2.184644
2.803787
3.497374
4.236282
5.209795
6.428352
8.220606
9.856770
10.488760
10.647475
10.645671
10.484318
9.860411
8.240208
6.438221
5.226534
5.287796
4.924635
4.214650
3.494821
2.838968
2.287142
1.809266
1.394284
1.047691
0.762918
0.534944
0.353884
0.217689
0.125046
0.064468
0.045815
0.018344
0.000736
0.000000
0.000000
0.000000
0.000000
0.000000
0.000000
0.000000
0.000000
0.000000
0.000000
0.000000
0.003772
0.011351
0.014259
0.007681
0.002378
0.000000
0.000000
0.000000
0.000000
0.000000
0.000000
0.000000
0.007185
0.026288
0.049686
0.061558
0.050756
0.029451
0.025048
0.040384
0.044168
0.029669
0.011510
0.010062
0.003260
0.002000
0.006513
0.007758
0.002262
0.000000
0.000000
0.000000
0.000000
0.000000
0.000000
0.000000
0.000000
0.000000
0.000000
0.000000
0.000000
0.000000
0.000000
0.000123
0.013410
0.047070
0.101830
0.171173
0.220837
0.216942
0.161869
0.090475
0.036753
0.007414
0.024483
0.069911
0.116481
0.170960
0.266594
0.420327
0.622330
0.854353
1.066889
1.220601
1.454906
1.852900
2.373419
2.997947
3.707086
4.426993
5.177342
5.908034
6.231536
5.969359
5.693849
5.671419
7.167330
8.488123
8.986878
9.115550
9.113289
8.988104
8.488381
7.154728
5.352314
4.223139
3.353055
2.742923
2.704490
2.448637
1.990934
1.530917
1.133079
0.846860
0.948429
0.951829
0.794464
0.572928
0.370941
0.214276
0.104769
0.036558
0.004722
0.000000
0.000000
0.005967
0.038935
0.037375
0.004401
0.007458
0.031492
0.064647
0.077722
0.061716
0.110181
0.165571
0.197571
0.188737
0.152902
0.188701
0.186463
0.218492
0.321494
0.417477
0.446026
0.387321
0.294529
0.201535
0.199684
0.170886
0.119934
0.108728
0.174022
0.251734
0.320984
0.371592
0.342746
0.277186
0.197043
0.129077
0.183275
0.355672
0.581678
0.866650
1.082933
1.083609
0.868333
0.580759
0.343862
0.283472
0.430111
0.571498
0.695313
0.776489
0.814636
0.973630
1.182208
1.247645
1.145859
1.036519
1.071203
0.991775
1.017048
1.068578
1.110164
1.165608
1.310062
1.610697
2.012132
2.483557
3.028949
3.654971
4.348486
5.031634
5.542184
5.551907
5.063504
4.353896
3.653122
3.043782
2.630194
2.848178
2.952119
2.925095
2.707027
2.376535
2.281343
2.449700
2.658827
2.591324
2.439823
2.143632
2.084310
2.057934
1.820997
1.515976
1.223263
0.965147
0.743315
0.780604
0.875989
0.881353
0.941774
1.191278
1.602767
1.615881
1.252737
0.954268
1.211725
1.465459
1.498033
1.304462
0.958564
1.254804
1.598105
2.082904
2.590498
2.578715
2.027217
1.441274
0.971070
1.060744
1.231567
1.397094
1.479624
1.623100
1.726757
1.666352
1.486408
1.340848
1.341406
1.380703
1.467905
1.489087
1.513298
1.463620
1.316713
1.348446
1.376388
1.297821
1.180427
1.088184
1.026164
0.978745
1.002405
0.996140
1.001131
1.012519
1.152408
1.632998
2.049718
2.227183
2.248016
2.157217
1.998600
1.720103
1.583794
1.518657
1.457349
1.582002
1.708180
1.730635
1.652725
1.633568
1.584672
1.719249
2.010408
2.212477
2.417607
2.598605
2.518495
2.233407
1.959702
1.768961
1.855962
2.307256
2.729522
3.260411
3.603328
3.568397
3.602306
3.081911
2.675570
2.881934
3.164011
3.150662
2.873663
2.693764
2.690422
2.664311
2.868627
2.881720
3.164337
3.482908
3.580241
3.298270
2.850703
2.744177
2.464840
2.171623
2.294050
2.493512
2.654355
2.780688
3.065160
3.383994
3.530833
3.586714
3.351151
3.214868
3.845092
4.091678
3.751665
3.560828
3.575135
3.396087
3.083919
2.828902
2.603950
2.377755
2.140660
2.110805
2.107700
2.017701
1.915454
2.173234
2.366172
2.379846
2.201580
2.111872
2.309051
2.515285
2.696212
2.546282
2.241270
2.493993
2.667643
2.702961
2.568015
2.357244
2.534148
2.432720
2.777234
3.032263
2.808182
2.351210
1.861488
1.803510
1.895913
1.753127
1.440391
1.758931
1.973171
2.007003
1.924696
1.672727
1.406489
1.353808
1.504443
1.841775
2.029945
1.953370
1.891538
1.999868
1.896824
2.161783
2.335732
2.386069
2.356163
2.283312
2.198900
2.018404
1.674327
1.412195
1.327719
1.501022
1.594458
1.637548
1.553786
1.376151
1.155910
0.941494
0.756448
0.684987
0.717147
0.914152
1.147128
1.443115
1.727180
1.871865
1.732739
1.461332
1.184678
0.941832
0.805750
0.650458
0.491501
0.350393
0.245848
0.281024
0.297975
0.362065
0.407109
0.396527
0.357252
0.485606
0.638440
0.709385
0.824403
0.962443
1.088346
1.155950
1.137781
1.239505
1.349873
1.378448
1.307918
1.301867
1.380584
1.354332
1.318168
1.390622
1.450729
1.452410
1.400173
1.382880
1.341531
1.300558
1.242899
1.116914
1.122175
1.218537
1.303693
1.323873
1.242917
1.127138
1.167198
1.304073
1.429953
1.535080
1.644346
1.730065
1.757002
1.906384
2.094772
2.289281
2.456475
2.503729
2.409778
2.202305
1.975861
1.796885
1.995161
2.195032
2.321679
2.317177
2.185126
1.987681
1.801952
1.626705
1.482190
1.482367
1.643724
1.718447
1.691339
1.583391
1.446265
1.313660
1.196840
1.119647
1.058382
0.998341
1.027871
1.032955
1.034772
0.970545
0.945447
0.881786
0.786740
0.776198
0.852276
1.014775
1.217965
1.441367
1.695098
1.956709
2.142023
2.139400
1.939212
1.679577
1.598878
1.880283
2.179212
2.442594
2.878883
3.360643
3.883451
4.377383
4.708420
4.631297
4.186881
3.642770
3.116072
2.663297
2.385551
2.616242
2.633524
2.430992
2.159094
2.271368
2.236753
2.076891
1.966971
2.155241
2.198298
2.074064
1.999766
2.003318
2.177311
2.165823
2.292462
2.533266
2.306740
2.311401
2.188301
2.133757
2.067848
1.907117
1.689174
1.847239
2.095189
2.349042
2.504991
2.487429
2.311826
2.078069
2.327320
2.575186
2.751811
2.795926
2.674020
2.583741
2.526524
2.373502
2.324249
2.345705
2.450054
2.705515
2.891932
2.951802
2.861048
3.112788
3.392635
3.514883
3.469088
3.323526
3.103169
2.953398
2.975057
2.872238
2.776573
2.861432
2.846260
2.767167
2.643456
2.432164
2.216216
2.001571
2.097275
2.225895
2.241611
2.229444
2.570673
2.891881
2.959001
2.725813
2.385396
2.217680
2.362215
2.763995
2.962166
2.996277
3.346063
3.693939
4.031232
4.397459
4.614252
4.510118
4.237339
3.857652
4.019833
4.341544
4.747194
5.002905
4.883823
4.433927
3.897527
3.459423
3.068139
2.714934
2.601233
2.670130
2.811841
2.850060
3.082217
3.417855
3.779443
3.976823
3.679961
3.208760
2.677508
2.274811
2.277877
2.580117
3.277505
4.100397
5.061274
6.174089
7.408416
8.617556
9.255432
8.483243
7.227752
5.987412
4.886313
3.953837
3.190383
2.636981
2.688789
2.478775
2.277764
2.005381
2.260581
2.310648
2.220604
2.387464
2.553101
2.683014
2.669692
2.556600
2.449149
2.255697
2.030334
1.813223
1.602389
1.772608
2.021378
2.231169
2.204126
2.043902
2.270650
2.442459
2.640408
2.790268
2.767776
2.593011
2.348806
2.124444
1.994739
1.813637
1.603637
1.545000
1.605025
1.686773
1.869243
2.104113
2.367076
2.619723
2.782197
2.775767
2.613076
2.517518
2.292128
1.918265
1.787862
1.835742
2.054813
2.304689
2.562770
2.805160
2.915656
2.823776
2.636408
2.396646
2.179743
2.067159
1.896924
1.698302
1.525225
1.534906
1.520070
1.626819
1.831664
1.766512
1.466743
1.120839
1.084849
1.158639
1.154598
1.310784
1.553894
1.851262
2.187080
2.516917
2.729292
2.673407
2.437228
2.122434
1.845416
1.690047
1.483015
1.257018
1.129305
1.455828
1.677184
1.906658
2.322073
2.934142
3.446733
3.456284
3.956725
4.491071
4.736603
4.518476
4.067650
3.566015
3.108576
2.897348
2.601376
2.945063
3.179746
3.164617
2.884617
2.451416
1.950510
1.452722
1.516497
1.688968
1.628832
1.627868
1.616533
1.721691
1.913558
2.126779
2.327915
2.535740
2.725122
2.865253
2.879084
3.002984
3.146207
3.114205
2.912127
2.633810
2.342181
2.073629
1.836819
1.616004
1.435032
1.247407
1.214002
1.288862
1.410144
1.560719
1.807936
2.007959
2.172439
2.303015
2.320045
2.248852
2.272290
2.485332
2.617918
2.681848
2.596838
2.440295
2.320626
2.172068
1.952651
1.741601
1.595990
1.636956
1.676887
1.796066
1.898524
1.952197
2.040720
2.219062
2.291917
2.237669
2.074666
1.868123
2.032338
2.154222
2.261226
2.380110
2.488622
2.605938
2.640082
2.542174
2.470960
2.695238
2.967669
3.264506
3.563240
3.790583
3.850890
3.679169
3.425784
3.535000
4.253951
5.076513
6.014568
7.081141
8.289835
9.643875
11.180396
12.918572
14.790665
16.364052
16.928463
16.196623
14.698557
12.853576
11.183739
11.743780
12.956951
13.424298
13.795200
14.768298
14.740566
13.721771
12.276604
10.840247
9.550460
8.400641
7.353666
6.488907
6.170702
5.446622
4.851869
5.326184
5.540294
5.333700
4.879774
5.261199
5.769796
5.924110
5.702924
5.179956
5.503319
6.022545
6.566151
7.095860
7.690628
8.382186
9.128916
9.871359
10.476471
10.600296
10.236377
9.515154
8.948345
8.314038
7.618142
6.941238
6.874729
7.279357
7.412218
7.128586
6.616743
6.048948
5.619343
5.107101
4.593260
4.145973
4.258890
4.534501
4.703742
4.726158
4.753210
4.970102
4.987795
4.828578
4.660768
4.399123
4.082158
3.858916
3.878833
3.704070
3.688436
3.925015
4.179789
4.483488
4.822785
5.198935
5.564829
5.779619
5.739261
5.532993
5.214757
4.993083
4.707905
4.441851
4.610379
4.942962
5.195481
5.224821
4.993465
4.643053
4.277349
3.959792
3.709211
3.726345
4.057933
4.418266
4.788556
5.169071
5.558695
5.949886
6.268276
6.386452
6.267623
6.081674
6.270936
6.770585
7.265528
8.071461
8.656864
8.995932
8.700033
8.463561
8.258294
7.974297
7.532120
6.823782
6.166252
5.932089
5.584571
5.259966
5.339283
5.298428
5.158612
4.881145
4.554003
4.281618
4.389844
4.671175
4.899161
5.043711
4.976058
4.771558
4.452295
4.150712
4.019296
4.059032
3.932907
3.681269
3.421099
3.221825
3.169800
3.007464
2.796437
2.762007
2.866194
2.925040
2.809490
2.576478
3.062591
3.749527
4.512058
5.052832
5.091489
4.627501
3.893111
3.172437
2.555863
2.619579
2.905915
3.195388
3.386989
3.386726
3.239689
2.971530
2.658538
2.401366
2.384260
2.259378
2.102865
2.051609
2.294376
2.614518
3.006293
3.430830
3.810934
4.096042
4.085424
3.768533
3.331791
2.929220
2.838611
3.005362
2.940717
2.736259
2.452947
2.516522
2.694252
2.815841
2.803684
2.684006
2.530300
2.656938
2.808435
2.821948
2.754825
2.662507
2.418755
2.150948
1.974352
1.780884
1.557087
1.396308
1.307891
1.264436
1.264009
1.416840
1.598079
1.753655
1.901432
1.865798
1.770956
1.792985
2.153340
2.579293
3.053420
3.566102
4.021855
4.276743
4.065889
3.628856
3.129384
2.700661
2.320992
1.935177
1.597643
1.332137
1.406874
1.546044
1.631509
1.799553
1.987439
2.133500
2.055244
1.476422
1.228024
1.392725
1.563958
1.357725
1.029380
1.003953
1.088548
1.069227
0.954902
0.848373
0.877364
1.015326
1.126762
1.118619
1.009484
0.893899
0.771805
0.773037
0.855538
0.811407
0.704449
0.608230
0.478615
0.360485
0.269760
0.194489
0.131805
0.073088
0.029164
0.049543
0.088736
0.094816
0.100992
0.102573
0.116521
0.145860
0.140061
0.192289
0.258662
0.340019
0.454591
0.589244
0.745324
0.924914
1.150185
1.413434
1.706896
2.025136
2.346364
2.604065
2.760696
3.127673
3.589473
4.096005
4.778987
5.773091
6.187010
5.756866
4.973242
4.294288
3.534777
2.816087
2.241496
1.693138
1.230867
0.862820
0.566669
0.344962
0.192534
0.065351
0.022371
0.000000
0.000000
0.000000
0.000000
0.000000
0.000499
0.023857
0.104156
0.246995
0.401420
0.383705
0.388600
0.000000
0.000000
0.000000
0.000000
0.000000
0.000000
0.000000
0.000000
0.000000
