track	type=wiggle_0
fixedStep	chrom=chr	start=1	step=1
0.000000
0.000000
0.000000
0.000000
0.000000
0.000000
0.000000
0.000000
0.000000
0.317271
0.674108
0.927302
1.073264
1.141288
1.152891
1.081847
0.804486
0.519004
0.251277
0.196293
0.191401
0.258819
0.367326
0.462523
0.491295
0.687213
0.895582
0.987595
0.851230
0.614350
0.679612
0.876698
0.629841
0.352028
0.166272
0.164931
0.128806
0.097226
0.158223
0.211611
0.253123
0.230046
0.151560
0.184781
0.161040
0.229381
0.309708
0.397139
0.439852
0.576462
0.785520
1.024954
1.162035
1.025924
0.781999
0.562381
0.389870
0.310559
0.251687
0.331002
0.439272
0.722854
0.867328
0.933746
1.014967
0.911964
0.839041
0.689241
0.441325
0.311042
0.272413
0.329465
0.366418
0.332311
0.238873
0.141576
0.169167
0.172017
0.152828
0.191567
0.232708
0.234712
0.197044
0.181789
0.307904
0.599449
1.154829
1.435610
1.513381
1.526425
1.513381
1.453987
1.244589
0.778408
0.433721
0.205186
0.070567
0.008270
0.006226
0.018129
0.038508
0.052191
0.050895
0.042764
0.063504
0.143675
0.208236
0.267615
0.290321
0.302102
0.357284
0.385687
0.372462
0.328912
0.323150
0.373539
0.393591
0.371792
0.340247
0.406929
0.873997
1.114015
1.179661
1.191266
1.191266
1.191266
1.179661
1.526301
2.004976
2.574464
3.247782
3.975390
4.582444
5.039064
5.049978
5.152759
6.473227
8.122394
8.211522
6.749911
5.324296
4.280226
3.427073
2.692566
2.077160
1.572197
1.193432
0.970398
0.843576
0.698669
0.740765
0.753616
0.644719
0.519158
0.655855
0.788086
0.944496
1.115432
1.329048
1.574160
1.847226
2.138784
2.433232
2.728762
3.066100
3.402554
3.549594
3.417837
3.288541
3.229609
2.949813
2.718755
2.738119
2.922097
3.165707
3.246740
3.179701
2.981874
2.812604
2.668391
2.784361
2.975619
3.018079
2.879581
2.633455
2.402520
2.051747
1.885231
1.615790
1.337019
1.239971
1.390090
1.523591
1.519593
1.374384
1.196357
1.016824
0.856015
0.757660
0.799382
0.841332
0.823463
1.088129
1.622929
1.763702
1.621387
1.658192
1.585942
1.336405
0.834339
0.653019
0.848177
0.949432
0.803912
0.591748
0.366003
0.204168
0.253862
0.271003
0.289664
0.363910
0.447851
0.541430
0.640539
0.739985
0.827918
0.862644
0.896962
0.859800
0.770637
0.854498
0.940034
0.979997
1.062430
1.104924
1.148253
1.112084
1.005834
0.876803
0.750477
0.634985
0.531344
0.436527
0.458164
0.456297
0.355504
0.264322
0.251301
0.233676
0.200042
0.221353
0.320732
0.355096
0.302612
0.308742
0.328603
0.318025
0.267170
0.201411
0.185780
0.238175
0.270947
0.275365
0.278987
0.276385
0.350858
0.433486
0.515974
0.570419
0.569579
0.514970
0.442197
0.377904
0.449252
0.420146
0.275750
0.268390
0.241242
0.223671
0.284263
0.394781
0.525014
0.678178
0.846984
1.005110
1.135462
1.268464
1.445745
1.660122
1.915680
2.122937
2.135517
1.928360
1.658952
1.395805
1.158408
0.947185
0.758438
0.597618
0.461335
0.355295
0.381173
0.478549
0.753768
0.852706
0.786862
0.589650
0.574272
0.735770
0.906239
1.339310
1.730979
1.913346
1.950867
1.913345
1.740241
1.363530
0.908642
0.572321
0.321238
0.166406
0.093436
0.026334
0.008035
0.000254
0.000000
0.000000
0.000000
0.000000
0.000000
0.000000
0.000000
0.000000
0.000000
0.000000
0.000000
0.000000
0.000000
0.000000
0.000000
0.000000
0.000000
0.000000
0.000000
0.000047
0.010694
0.038746
0.069125
0.077678
0.050866
0.020827
0.004418
0.003888
0.042704
0.106461
0.240439
0.391179
0.391394
0.242126
0.105558
0.036890
0.014202
0.009689
0.007785
0.007187
0.007452
0.008129
0.007671
0.004734
0.022835
0.048613
0.063951
0.151284
0.224099
0.252550
0.259744
0.261132
0.263634
0.267829
0.270457
0.390940
0.611992
0.780934
0.756317
0.543322
0.334212
0.175840
0.113590
0.106166
0.101897
0.093964
0.068930
0.025068
0.000000
0.000000
0.000000
0.000000
0.000000
0.000000
0.000000
0.000000
0.000000
0.000000
0.000000
0.000000
0.000000
0.000000
0.000000
0.000000
0.000000
0.000000
0.000000
0.000000
0.000000
0.000000
0.000000
0.000000
0.000000
0.000000
0.000000
0.000000
0.000000
0.000000
0.000000
0.000000
0.000000
0.000000
0.000000
0.000000
0.000000
0.000000
0.000000
0.000000
0.000000
0.000000
0.000000
0.000000
0.000000
0.000000
0.000000
0.000000
0.000831
0.035245
0.114211
0.189596
0.188540
0.113093
0.034875
0.001379
0.000000
0.000000
0.000000
0.000000
0.000000
0.006579
0.049089
0.144708
0.300695
0.527043
0.822152
1.139415
1.475640
1.631078
1.496436
1.159417
0.810573
0.508653
0.327863
0.394923
0.448241
0.391562
0.262541
0.136959
0.050378
0.007107
0.000000
0.002763
0.041561
0.105336
0.152380
0.167085
0.171049
0.171049
0.171049
0.165265
0.141512
0.073754
0.006777
0.000000
0.000000
0.000000
0.000000
0.000000
0.000000
0.000172
0.013738
0.021129
0.017328
0.006357
0.039441
0.124639
0.233714
0.353711
0.356707
0.244245
0.129007
0.069602
0.018604
0.015667
0.010289
0.000160
0.000000
0.000000
0.000000
0.000000
0.000000
0.000000
0.000000
0.000000
0.000000
0.000000
0.000000
0.000000
0.000000
0.000000
0.000000
0.000000
0.000000
0.000000
0.000000
0.001139
0.002658
0.007149
0.026046
0.057227
0.077596
0.067026
0.072453
0.060928
0.036233
0.025532
0.018387
0.031035
0.059223
0.076935
0.082999
0.138104
0.235218
0.359597
0.501936
0.615086
0.608931
0.493206
0.353148
0.234540
0.152520
0.124165
0.258091
0.439510
0.711221
1.069597
1.524167
2.045778
2.309189
2.096763
1.633659
1.332688
1.165393
0.946645
0.736784
0.891993
1.054214
1.167397
1.160738
1.080414
1.265222
1.580724
1.829771
1.898028
2.140391
2.390788
2.902558
3.545992
4.160356
4.489480
4.366854
4.003862
4.695351
5.304964
5.447499
5.120600
4.547911
3.876810
3.257045
2.709317
2.223269
1.800723
1.436678
1.125920
0.862565
0.640312
0.461991
0.577712
0.677715
0.702720
0.653029
0.525727
0.399615
0.289595
0.221177
0.258351
0.249332
0.192574
0.131063
0.074223
0.046488
0.029987
0.017035
0.010686
0.032126
0.057388
0.070506
0.057914
0.031103
0.009883
0.000336
0.000000
0.000000
0.000000
0.000000
0.000000
0.000000
0.000000
0.000000
0.000000
0.000000
0.000000
0.000000
0.000000
0.009727
0.069288
0.191253
0.383878
0.661951
1.083238
1.592605
1.831854
1.898581
1.920838
1.921576
1.909552
1.837361
1.566139
1.146524
1.044857
0.779074
0.535581
0.313009
0.148619
0.051627
0.012352
0.005812
0.016932
0.025586
0.020703
0.011248
0.009377
0.011137
0.002631
0.000940
0.000000
0.000000
0.000000
0.000000
0.000000
0.002150
0.015163
0.022523
0.010311
0.000305
0.000000
0.000000
0.000000
0.000000
0.000000
0.000000
0.000000
0.000000
0.000000
0.000121
0.007057
0.026183
0.060963
0.110225
0.167943
0.241197
0.326310
0.403786
0.418280
0.357994
0.278849
0.205724
0.139203
0.085307
0.045102
0.017836
0.008157
0.026260
0.064232
0.114674
0.147082
0.150256
0.228444
0.339953
0.468803
0.545069
0.568630
0.546437
0.684580
0.870879
1.088560
1.231347
1.215189
1.058486
0.879034
0.674461
0.588806
0.609443
0.540872
0.534913
0.784349
1.056935
1.217425
1.152591
1.422515
1.896388
2.509293
3.082267
3.067608
2.503797
2.040206
1.846059
1.569324
1.751933
2.137869
2.079319
1.545772
1.240533
0.989015
0.688866
0.430570
0.249383
0.142976
0.186007
0.272917
0.381473
0.483895
0.597319
0.724837
0.860121
0.988347
1.063159
1.055705
0.975456
0.860407
0.757662
0.658439
0.560532
0.464779
0.490016
0.521442
0.578923
0.676562
0.788683
0.911957
1.044279
1.186954
1.339235
1.509596
1.693070
1.877710
2.067990
2.270634
2.492307
2.703371
2.848524
2.833865
2.662894
2.431631
2.187660
1.960998
1.754199
1.827977
2.060186
2.225969
2.403003
2.543973
2.627632
2.767477
2.836582
2.752240
2.587469
2.577805
2.707172
2.708614
2.646681
2.818991
2.956678
3.165991
3.334088
3.386934
3.278472
3.104227
2.905177
2.751716
2.605941
2.343037
2.701252
3.328889
3.931902
4.697344
5.369346
5.981697
6.686587
6.733779
5.796824
4.814619
4.131360
4.260797
4.843933
5.155437
5.082353
4.713405
4.148114
4.143506
4.590332
5.272310
5.996162
6.765536
7.331093
7.331753
6.855399
6.452066
6.321488
6.525330
6.942368
7.712768
8.624456
9.487183
10.218781
10.167701
9.421346
8.518587
7.681693
8.249689
8.840541
9.450698
10.101420
10.788049
11.494962
12.113367
12.316222
12.079991
11.570992
10.893509
10.709456
11.157373
11.578678
11.606313
11.395730
11.635733
12.291563
12.559834
12.294582
11.679432
10.883829
10.060022
9.371077
9.024328
8.891368
9.448042
9.915602
10.104785
9.875026
9.415659
8.866771
8.341805
7.889786
7.722802
7.537971
7.158643
7.092992
7.272900
7.631879
8.062854
8.301829
8.204328
7.917472
7.484272
7.143391
7.280866
7.149543
6.865727
6.493221
6.189487
6.307587
6.693427
7.136422
7.561186
7.794099
7.688148
7.335379
6.819211
6.292193
5.815915
5.390490
5.410600
5.432489
5.578731
5.773146
5.887534
6.176644
6.426713
6.538148
6.372683
6.428801
6.716398
6.991084
7.197032
7.259916
7.160903
6.910231
6.748917
6.684948
6.720447
6.956556
7.234251
7.404046
7.298250
7.049053
6.774611
6.856462
6.777597
6.835102
6.730542
6.500202
6.149146
5.796819
5.498991
5.526585
5.426500
5.498363
5.591275
5.533103
5.294413
5.074977
5.167117
5.105258
4.992903
4.815752
4.582158
4.261201
3.926776
3.600531
3.313238
3.055603
2.789309
2.521857
2.254964
2.128558
2.154063
2.115813
2.049670
2.113584
2.199337
2.239059
2.134483
1.949826
1.779814
1.817504
1.928182
1.935337
1.809939
1.603656
1.634742
1.682542
1.629961
1.666425
2.393466
2.757163
2.744166
2.375086
1.805633
1.825858
1.997465
2.027312
2.006127
2.191935
2.262522
2.720844
3.220479
3.427801
3.301076
2.886697
2.533595
2.809742
2.979731
2.881643
2.966362
2.854661
2.609420
2.288699
2.225143
2.576328
2.974492
3.372982
3.650986
3.811756
3.645228
3.304488
3.476930
3.996982
4.438536
4.712932
4.509579
4.077801
4.566556
5.325913
6.187756
7.105709
7.908503
8.288683
7.889738
7.077318
6.145291
5.278354
4.506952
3.826700
3.220367
2.685438
2.252605
2.350173
2.373741
2.139861
1.838967
1.512856
1.211383
0.944461
0.716051
0.524425
0.409305
0.418073
0.371573
0.300618
0.228410
0.163740
0.108055
0.064810
0.036906
0.020504
0.035707
0.044118
0.034888
0.018474
0.005303
0.048328
0.086265
0.099475
0.102046
0.100632
0.096272
0.082765
0.042639
0.008821
0.017116
0.014657
0.003973
0.000000
0.000000
0.000000
0.000297
0.001428
0.000126
0.000000
0.000000
0.000000
0.000000
0.000000
0.000000
0.000000
0.000000
0.000000
0.000000
0.000000
0.000000
0.000000
0.000000
0.000000
0.000000
0.000000
0.000000
0.000000
0.000619
0.039130
0.144901
0.337770
0.646969
0.911143
1.049833
1.126527
1.533049
1.876630
1.926634
1.675499
1.289836
0.952078
0.695217
0.972144
1.295579
1.591723
1.703953
1.550102
1.307289
1.672543
2.136100
2.583185
2.699852
2.908761
3.475806
3.901212
3.186377
2.382813
1.761099
1.317820
0.958602
0.642151
0.396662
0.219513
0.095193
0.027229
0.032320
0.064197
0.098822
0.097220
0.131134
0.165755
0.156316
0.100070
0.042395
0.006690
0.000000
0.000000
0.000000
0.000000
0.000176
0.004198
0.076115
0.193456
0.243070
0.214096
0.140338
0.126949
0.122877
0.098286
0.036827
0.049927
0.057591
0.064518
0.109989
0.169803
0.242840
0.332745
0.441533
0.566926
0.702462
0.849078
1.011643
1.178619
1.324631
1.391365
1.490991
1.643272
1.739598
1.705337
1.558048
1.378267
1.286851
1.359460
1.371448
1.305595
1.335953
1.266182
1.121133
0.962740
0.960292
0.967348
1.065594
1.220880
1.308411
1.332792
1.528153
1.647637
1.812392
2.058184
2.356666
2.687327
3.056761
3.419159
3.613003
3.574700
3.307889
2.948489
2.622442
2.391367
2.456146
2.594569
2.718287
2.677618
2.817856
2.945710
2.993268
2.938144
2.759949
3.119813
3.519049
3.929703
4.183508
4.191773
4.678723
5.354753
6.161464
7.077409
8.085867
9.203005
10.341477
11.179792
11.125347
10.200563
9.019491
7.916679
7.014498
6.578323
6.710164
6.743526
6.661544
6.350714
5.688767
4.984429
4.331738
3.753412
3.269683
2.806484
2.366699
2.561549
2.850565
3.127335
3.367927
3.706385
4.083593
4.296352
4.197434
3.898105
3.511061
3.335810
3.641392
3.873225
3.859112
3.635724
3.290837
2.924813
2.566030
2.232995
2.289160
2.423007
2.422649
2.295660
2.149213
2.177959
2.188256
2.283669
2.487316
2.592467
2.549893
2.353211
2.409769
2.344557
2.303308
2.373382
2.295120
2.079091
1.829077
1.702686
1.874591
2.010799
1.986907
1.852722
1.670304
1.504812
1.974737
2.491089
2.909873
2.922740
3.895932
4.274936
3.974220
3.019302
2.165756
1.569494
1.096697
0.720174
0.437115
0.263496
0.235776
0.198530
0.167546
0.159532
0.171055
0.278238
0.411890
0.569610
0.756086
0.956045
1.098744
1.105215
0.974832
0.785138
0.693249
0.860178
0.991761
0.982630
0.872654
0.746453
0.612069
0.511217
0.634180
0.807761
0.990255
1.150049
1.342756
1.586666
1.773685
1.780849
1.601484
1.341739
1.092493
0.872187
0.699339
0.811406
0.876586
0.922584
0.928369
1.136642
1.144361
0.898468
0.533050
0.361421
0.457936
0.632637
0.773038
0.743258
1.135976
1.666403
1.992576
1.928039
1.794186
1.993496
2.250709
2.355623
2.231443
1.847317
1.288507
0.846766
0.516531
0.280661
0.121585
0.030901
0.004670
0.000000
0.000004
0.000000
0.000000
0.000335
0.000000
0.000000
0.000000
0.000000
0.000000
0.000000
0.000000
0.000000
0.000000
0.000000
0.000000
0.002541
0.013663
0.033027
0.052919
0.057155
0.088812
0.147238
0.228391
0.324866
0.426171
0.466453
0.431758
0.330954
0.229727
0.145453
0.079841
0.033986
0.008406
0.000015
0.000000
0.000000
0.000000
0.000000
0.000000
0.010261
0.026868
0.026664
0.012235
0.000000
0.000000
0.000000
0.000000
0.000000
0.000000
0.000000
0.000000
0.000000
0.000000
0.000000
0.001078
0.013770
0.034839
0.069745
0.143098
0.179471
0.166893
0.220730
0.271625
0.290138
0.263708
0.211174
0.268783
0.368386
0.472653
0.578085
0.622591
0.603302
0.524744
0.439870
0.368821
0.304666
0.256212
0.231141
0.244890
0.234741
0.188341
0.136217
0.091437
0.058136
0.035714
0.018746
0.007667
0.001955
0.003719
0.004441
0.004366
0.003595
0.002287
0.020713
0.056808
0.110117
0.166340
0.207190
0.192580
0.147606
0.180995
0.266754
0.368156
0.469658
0.530587
0.518389
0.445364
0.349127
0.325203
0.262521
0.302673
0.367003
0.502453
0.667941
0.870161
1.086973
1.241164
1.246713
1.112948
1.106955
1.218923
1.392214
1.624982
1.844251
1.897966
1.764531
1.522089
1.261068
1.039263
0.846711
0.691454
0.594895
0.622937
0.572957
0.636541
0.880268
1.186910
1.564977
2.009547
2.480373
2.813147
2.825227
2.526172
2.137540
1.911841
1.766111
1.570240
1.485892
1.653066
1.687368
1.558617
1.283527
1.196004
1.244831
1.355695
1.335379
1.113150
1.589056
2.210656
2.689035
2.883070
2.928435
2.928103
2.924177
2.909469
2.849246
2.621673
2.041895
1.315161
1.017207
0.863818
0.908247
0.749148
0.499978
0.391611
0.468006
0.520105
0.555919
0.606108
0.700442
0.779325
0.811704
0.829533
0.830782
0.897180
0.959656
1.022229
1.051268
1.116448
1.168406
1.297804
1.446474
1.578648
1.636041
1.600488
1.571528
1.478835
1.351399
1.207821
1.069549
1.043462
1.065189
1.043244
1.027740
1.062155
1.030845
1.147700
1.246054
1.374714
1.487996
1.564173
1.622256
1.639643
1.626247
1.739809
1.729128
1.579918
1.392165
1.390992
1.358112
1.401603
1.563042
1.732445
1.857745
1.923841
1.894775
1.769690
1.644206
1.605418
1.810858
2.033555
2.201369
2.217818
2.107516
2.281729
2.345735
2.498101
2.836414
3.180065
3.421185
3.529466
3.393757
3.080335
2.780126
2.565623
2.295586
2.038662
1.999609
1.839094
1.602157
1.408819
1.594627
1.986207
2.455916
3.013638
3.653531
4.361301
5.126141
5.954821
6.915850
7.935311
8.738088
9.547283
11.201052
12.656360
12.579286
11.094911
9.753263
8.673454
7.885016
7.794362
7.214731
7.042134
6.617365
6.871671
7.108144
6.908774
6.209477
5.403620
4.615098
3.940415
3.354270
3.034015
2.966733
2.686880
2.379019
2.307363
2.574702
2.845867
2.980022
3.100256
2.962272
3.342537
3.715403
3.977732
4.000830
3.719732
3.315081
2.910186
2.702768
2.594071
2.325203
1.996350
1.686262
1.404662
1.159204
0.951283
0.791484
0.776259
0.839969
0.876218
0.923882
0.959823
0.962704
1.093230
1.152479
1.138535
1.155445
1.091576
1.173253
1.145523
1.095533
1.048175
0.975111
0.835859
0.734508
0.771410
0.743278
0.876840
1.015201
1.142496
1.211008
1.181457
1.356021
1.422252
1.399978
1.460479
1.542878
1.554546
1.658258
1.654015
1.791806
1.878469
1.887688
1.782589
1.650009
1.634777
1.639520
1.758188
1.861369
1.842318
1.687113
1.505221
1.318378
1.158774
0.997939
0.839387
0.693733
0.560029
0.605544
0.622953
0.554026
0.455943
0.476565
0.488165
0.478940
0.558687
0.679897
0.733595
0.756995
0.920182
1.073403
1.130504
1.184713
1.217511
1.220989
1.153501
1.058091
0.965405
0.804544
1.035118
1.096457
1.008133
1.037003
0.981757
0.917483
0.942662
1.174336
1.327875
1.300952
1.297399
1.146228
1.002284
0.986537
0.963697
0.993723
1.037791
1.021035
1.094756
1.372450
1.711122
2.104386
2.535427
2.996720
3.419946
3.650781
3.396291
2.946415
2.467790
2.658526
2.944843
3.174221
3.127693
2.792845
2.403772
2.012372
1.786948
1.792775
1.870136
1.957152
1.997138
1.932926
1.798783
1.625001
1.457354
1.841274
2.459092
3.135090
3.661729
3.651975
3.122320
2.466650
1.862717
1.845132
1.996407
2.083547
2.084844
2.158829
2.087330
1.899976
1.677147
1.681222
1.888091
2.070879
2.243310
2.560100
3.055037
3.690368
4.199267
4.536935
4.689029
5.053000
5.513901
5.979486
6.354691
6.524255
6.318553
5.966315
5.713375
5.680710
5.449127
5.137626
4.987958
4.722023
4.386665
4.475039
4.654319
4.489044
4.134120
4.062895
3.972816
3.780419
4.043424
4.330558
4.622218
4.914158
5.193125
5.484647
5.782560
6.041621
6.239937
6.230127
6.013525
6.000839
6.361310
6.585977
6.720192
6.726357
6.502670
6.160128
5.774099
5.796373
6.157581
6.462509
6.503710
6.305629
6.016992
5.673758
5.321363
5.090192
6.200143
7.377865
8.284448
8.416105
7.646127
6.517052
5.415193
4.527407
3.794812
3.255615
3.172496
3.342788
3.392774
3.517489
3.780392
3.983500
4.265307
4.530643
4.750079
4.986401
4.983729
4.723150
4.382938
4.039332
3.846937
4.108191
4.338954
4.477702
4.406844
4.154305
3.852323
3.580579
3.328316
3.326701
3.669446
4.035192
4.338681
4.498587
4.667024
4.590867
4.354522
4.117307
3.893291
3.619225
3.405256
3.768682
4.158875
4.589922
5.047663
5.446703
5.652808
5.829072
5.858613
5.649073
5.352388
5.208206
5.005530
4.800403
4.426956
4.204895
4.413805
5.183864
6.161002
7.053117
7.378669
7.083100
6.404781
5.896113
6.323445
6.719541
7.141769
7.523928
7.735528
7.741295
7.478892
7.014638
6.518358
6.065115
5.957914
6.165143
6.640293
7.141114
7.613815
8.067033
8.521132
8.810500
8.863716
8.591762
8.121052
7.610657
7.104717
6.600567
6.092158
6.146560
6.436661
6.669897
6.746356
6.841778
7.142904
7.402607
7.721555
7.867603
7.705453
7.398837
7.133683
7.137662
7.411191
7.487356
7.423973
7.436876
7.779652
7.988210
7.723787
7.019227
6.373428
6.505591
6.583493
6.750984
6.503902
6.407744
6.262324
6.111695
6.195025
6.176509
6.106349
6.392732
6.754785
7.022853
7.012653
6.745127
6.367241
6.023240
5.828147
5.631367
5.929092
6.176025
6.228442
6.231555
6.216316
6.272666
6.088172
5.782169
5.413991
5.103308
4.781384
4.751815
5.033395
5.094165
4.949112
5.021324
5.273501
5.506541
5.724320
5.862207
5.731557
5.534122
5.357982
5.340685
5.272521
5.285712
5.327268
5.387806
5.426998
5.385576
5.199581
5.267337
5.650080
6.266519
6.806134
6.915698
6.615458
6.120499
5.573406
5.086686
5.294621
5.650264
6.006821
6.464355
6.864513
6.989898
6.606545
6.682520
6.473403
6.243217
6.012217
5.892952
5.537788
5.113290
5.422371
5.678549
5.694657
5.504162
5.177370
4.980933
4.638162
4.247371
3.893717
4.020354
4.259942
4.558715
4.778578
4.801105
4.593976
4.286947
3.948995
3.613811
3.298428
3.072518
2.909006
2.640316
2.370925
2.109238
1.900093
1.842761
1.841840
1.735525
1.573097
1.645727
1.681166
1.447729
1.417185
1.571857
1.658414
1.594364
1.660173
1.769254
1.829214
1.937467
2.093723
2.317945
2.534369
2.621137
2.771218
2.935900
3.054214
3.298786
3.579457
3.819685
3.814126
2.962392
1.558728
1.020634
0.688630
0.443090
0.251792
0.166302
0.135303
0.107935
0.119223
0.154145
0.221640
0.312472
0.422983
0.543312
0.657920
0.790387
0.929412
0.986631
0.842212
0.445926
0.098686
0.040396
0.018540
0.014540
0.006976
0.000000
0.000000
0.000000
0.000006
0.008336
0.033104
0.074637
0.133736
0.214891
0.321475
0.455559
0.610231
0.763624
0.845250
0.669658
0.233414
0.337416
0.434833
0.453980
0.714367
1.047376
1.462165
1.974095
2.592711
3.303560
4.066777
4.720212
4.806395
4.315314
3.949213
3.750311
3.289729
2.720309
2.573467
2.097162
1.574260
1.113967
0.739495
0.450062
0.270780
0.175469
0.090691
0.180420
0.325224
0.453592
0.383865
0.277617
0.308507
0.471992
0.667821
0.678219
0.291493
0.210473
0.078754
0.407991
1.154829
0.000000
0.000000
0.000000
0.000000
0.000000
0.000000
0.000000
0.000000
