track	type=wiggle_0
fixedStep	chrom=chr	start=1	step=1
0.000000
0.000000
0.000000
0.000000
0.000000
0.000000
0.000000
0.000000
0.000000
0.238160
0.354193
0.178924
0.075447
0.089973
0.374683
0.588833
0.659887
0.832460
0.892624
1.038567
1.324220
1.406188
1.423029
1.423029
1.423029
1.395095
1.318446
1.212856
1.437270
1.561180
1.431484
1.160204
0.869729
0.623049
0.511088
0.567467
0.499019
0.526968
0.641192
0.685508
0.703773
0.714615
0.703973
0.685637
0.634684
0.471613
0.255910
0.227688
0.362362
0.554646
0.806944
1.099801
1.341351
1.307308
1.044108
0.803686
0.710889
0.926348
1.001022
0.792720
0.578758
0.401185
0.232339
0.109069
0.037004
0.004244
0.000000
0.006466
0.021983
0.039979
0.053608
0.113392
0.184408
0.177656
0.095909
0.051680
0.067859
0.069702
0.073850
0.073370
0.109967
0.165385
0.256714
0.353032
0.396253
0.325024
0.222247
0.122249
0.079893
0.098002
0.139661
0.280521
0.481302
0.749870
1.097329
1.535797
2.094983
3.027927
4.182427
4.633217
4.742841
4.758970
4.758970
4.729443
4.561578
3.931765
2.649713
1.900402
1.367029
0.959201
0.639611
0.397671
0.225204
0.296225
0.365649
0.382396
0.419202
0.584187
0.677727
0.657061
0.638919
0.825788
1.042152
1.294369
1.586029
1.903335
2.169750
2.292250
2.145326
1.871519
1.626239
1.464260
2.126809
2.538934
2.651004
2.651003
2.562513
2.316739
2.857473
3.482318
4.204209
5.011538
5.794104
6.201907
6.105241
5.505066
4.796524
4.281708
5.323068
6.552672
6.973297
6.851032
6.270732
5.005475
4.205430
3.402263
2.674264
2.058030
1.555868
1.195430
1.059737
1.095991
1.167720
1.174962
1.090530
0.965166
0.857712
0.791137
0.853022
0.805265
0.659154
0.618399
0.635003
0.575701
0.451613
0.430344
0.496682
0.497203
0.432144
0.501966
0.569729
0.563506
0.506682
0.491523
0.527663
0.652215
0.766704
0.820778
0.815039
0.644616
0.526272
0.430896
0.430947
0.496084
0.613031
0.758045
0.915721
1.090586
1.270431
1.422757
1.517262
1.468915
1.215079
1.017384
0.837095
0.674752
0.531190
0.411717
0.373596
0.348151
0.513222
0.719626
0.951199
1.149506
1.238200
1.633845
1.663379
1.264573
0.880458
0.570685
0.357507
0.254761
0.148198
0.187546
0.278573
0.449196
0.850727
1.070874
0.889952
0.534591
0.413843
0.599943
0.711844
0.658316
0.733987
0.840440
0.954356
1.075735
1.197221
1.286175
1.316092
1.248461
1.132636
1.011188
0.939242
1.039386
1.099767
1.099630
1.040285
0.945909
0.830337
0.725572
0.646839
0.561452
0.476441
0.447258
0.449204
0.407750
0.338757
0.320229
0.322769
0.302495
0.267340
0.246252
0.211443
0.182687
0.159125
0.140838
0.114732
0.078591
0.065397
0.092603
0.108455
0.103084
0.132634
0.162493
0.216782
0.284925
0.351557
0.397926
0.395352
0.344605
0.331700
0.323448
0.281627
0.326169
0.419406
0.519307
0.595459
0.624960
0.566897
0.524977
0.452861
0.365373
0.305596
0.325472
0.314211
0.323303
0.356956
0.331209
0.272352
0.305277
0.403340
0.419555
0.364980
0.418328
0.554887
0.716996
0.902821
1.114017
1.344129
1.575090
1.844555
2.162899
2.525587
2.928460
3.355234
3.743809
4.069908
4.561393
5.027081
5.246089
5.112784
4.643376
4.584897
5.087132
5.473732
6.122309
6.997016
7.969084
9.007609
10.166667
11.216147
11.743604
11.208887
10.132778
8.960768
7.870517
6.875311
5.979206
5.185394
4.494770
3.916797
3.484986
3.163282
3.469214
3.580786
3.922237
4.295592
4.433754
4.295335
3.919969
3.507249
3.124420
2.798775
2.530778
2.237765
1.955661
1.699113
1.750619
1.987851
2.231264
2.427801
2.519110
2.445847
2.421866
2.457891
2.348266
2.137360
1.900461
1.672106
1.461303
1.336681
1.248978
1.208532
1.157905
1.018154
0.854333
0.699700
0.566985
0.649477
0.644770
0.616834
0.671961
0.721188
0.717118
0.659175
0.591820
0.541560
0.576994
0.595997
0.586999
0.617084
0.724004
0.843051
0.968485
1.077714
1.154312
1.132389
1.032316
0.904066
0.880313
0.898878
0.830360
0.725578
0.687986
0.603684
0.505113
0.497683
0.755093
1.067203
1.482368
1.905840
1.508452
1.128600
0.838587
0.605205
0.459880
0.511585
0.556431
0.546202
0.484079
0.407513
0.398866
0.398866
0.393962
0.370511
0.350301
0.305714
0.338332
0.375575
0.383111
0.346286
0.288409
0.231005
0.246015
0.284612
0.289125
0.250294
0.182720
0.118039
0.068151
0.050174
0.089842
0.124289
0.119204
0.081075
0.071069
0.050855
0.084402
0.122030
0.153776
0.153797
0.196167
0.227338
0.199148
0.137352
0.117330
0.203480
0.323278
0.476775
0.667681
0.900155
1.177025
1.502765
1.886181
2.330881
2.848140
3.440324
4.119296
4.897328
5.777236
6.670218
7.263652
7.275611
6.739633
5.949009
5.107635
4.443305
4.059204
3.815355
3.538558
3.580487
3.317166
2.928614
2.485209
2.017669
1.612191
1.894735
2.248758
2.645801
3.066050
3.433282
3.582916
3.399350
3.014627
2.595829
2.204081
1.854653
1.544292
1.324514
1.572873
1.844784
2.108437
2.244157
2.197035
2.011947
1.757958
1.498434
1.258324
1.042532
1.113353
1.284344
1.467952
1.667819
1.883320
2.113520
2.362794
2.631830
2.920310
3.226725
3.551028
3.858570
4.080865
4.238240
4.566278
4.818231
4.844235
4.657214
4.379143
4.071648
3.854272
4.046093
4.219273
4.518373
4.701172
4.706577
4.541544
4.428767
4.517242
4.383037
4.136565
3.832171
3.535922
3.284222
3.152022
2.961276
2.750537
2.715015
2.779294
2.796399
2.672588
2.799619
3.101791
3.470516
3.894550
4.327218
4.722227
5.377906
6.092433
6.604680
6.604684
6.112739
5.490461
4.896994
4.450342
4.011823
4.279678
4.786957
5.323109
5.640677
5.601818
5.329200
4.934613
4.704661
4.370647
4.059530
4.061223
4.151630
4.004164
3.681130
3.297032
2.912785
3.275906
3.901247
4.086101
3.901246
3.280085
2.718595
2.231211
2.530554
2.949843
3.549985
4.247922
4.947768
5.574477
5.736397
5.411634
4.790869
4.296581
4.184040
4.132744
3.734477
3.235569
2.818810
2.512134
2.192005
1.987233
2.012928
2.121655
2.127688
2.014566
1.831021
2.045800
2.313358
2.517521
2.522210
2.316661
2.069650
1.844547
1.714925
1.599391
1.406880
1.298694
1.432481
1.533114
1.504186
1.409714
1.312905
1.243625
1.143263
1.005809
0.967868
0.936255
0.844536
0.736351
0.708330
0.704961
0.788162
0.920146
1.111225
1.269692
1.435968
1.568439
1.730107
1.900663
2.093726
2.293813
2.495235
2.668915
2.722170
2.648708
2.518303
2.494596
2.460556
2.321012
2.155724
1.990632
1.783957
1.559328
1.431553
1.344372
1.513041
1.671405
1.819345
1.968873
2.115904
2.218570
2.251551
2.209826
2.067236
1.918923
1.820604
1.790332
1.725610
1.803912
1.806111
1.729885
1.912044
2.026883
2.004565
1.898422
2.139455
2.321913
2.311821
2.118336
1.902658
1.765727
1.916583
2.073835
2.264826
2.317192
2.213180
1.976226
1.671098
1.305179
1.179727
1.085101
1.176454
1.588469
1.967782
2.177969
1.958526
1.921412
2.153165
2.387588
2.634429
2.902769
3.185443
3.448837
3.501378
3.313148
3.059891
2.788047
2.512057
2.255607
2.015208
1.775239
1.564604
1.389486
1.568808
1.827947
1.941093
1.858076
1.637879
1.439598
1.492635
1.574299
1.752349
1.885244
1.974365
2.128783
2.272215
2.316615
2.235178
2.045433
1.839770
1.641488
1.455526
1.278418
1.110524
0.949914
0.903426
1.029266
1.159890
1.307123
1.453624
1.555745
1.552806
1.457722
1.284808
1.116035
0.990377
0.921112
0.833593
0.768239
1.001817
1.098508
1.017004
0.762211
0.788739
0.872072
0.953173
1.049470
1.142363
1.210190
1.206105
1.156659
1.109888
1.048926
0.965972
0.854673
0.735953
0.623138
0.774273
0.939386
1.056623
1.036220
0.962899
0.802774
0.603058
0.397058
0.305466
0.380177
0.459214
0.539910
0.591477
0.592645
0.541468
0.629473
0.673066
0.697468
0.611170
0.776188
1.005830
1.174714
1.461108
1.820271
2.304228
2.882687
3.747076
4.960847
5.570382
5.704867
5.563694
4.911119
3.621859
2.712377
2.057195
1.557598
1.152985
0.829966
0.763853
1.007902
1.301620
1.651969
2.032371
2.336135
2.478748
2.366717
2.110515
1.746680
1.403765
1.146212
0.989127
1.202463
1.214276
1.038231
1.446373
1.952726
2.496165
2.591530
2.177828
1.711505
1.340300
1.410596
1.501816
1.554860
1.523078
1.927734
2.541622
3.337508
4.345828
4.905017
4.898198
4.326380
3.309190
2.514604
1.921655
1.493049
1.112508
0.989047
1.076292
1.064912
0.975478
1.051579
1.117445
1.128582
1.078030
1.007503
0.973952
0.975914
1.012149
1.205554
1.362419
1.547225
1.832068
2.142227
2.309971
2.282425
2.073411
1.731540
1.531716
1.600276
1.588676
1.481536
1.358172
1.452631
1.615799
1.814310
1.917723
1.827633
1.639282
1.721826
1.799331
1.983750
2.247690
2.537871
2.841206
3.125581
3.314516
3.291390
3.064705
2.771816
2.486287
2.219428
1.974140
2.014738
2.232569
2.526831
2.865257
3.202327
3.448034
3.566876
3.386958
3.097317
2.907156
2.788705
2.535311
2.196428
1.853262
1.719140
1.629412
1.714288
1.917588
2.093935
2.164598
2.057296
1.894904
1.916389
1.904898
1.762435
1.933618
2.306891
2.619244
2.708824
2.488346
2.065778
1.650697
1.413694
1.762942
2.264769
2.854096
3.525577
4.406844
5.706357
7.043215
7.054285
5.797341
4.622102
3.919897
3.296404
2.819484
2.333104
2.153215
2.538489
2.679002
2.680570
2.567113
2.569517
2.753105
2.588038
2.323587
2.270827
2.345481
2.209115
1.940608
1.830057
1.790826
2.081819
2.159592
2.002139
1.895642
1.785923
1.513449
1.233272
1.271239
1.636011
2.140121
2.721491
3.356770
3.440632
3.007851
2.671888
2.523686
2.738643
3.205748
3.248051
2.783566
2.122142
1.559648
1.107479
0.755604
0.493903
0.414238
0.431478
0.404737
0.344905
0.322033
0.225056
0.126218
0.076559
0.038920
0.067462
0.110699
0.162193
0.215310
0.263497
0.271719
0.232700
0.300607
0.321735
0.319203
0.288712
0.199139
0.067638
0.026198
0.010505
0.000522
0.004957
0.000000
0.000000
0.000206
0.020326
0.066268
0.098909
0.089321
0.046581
0.009826
0.000000
0.000000
0.000000
0.000000
0.000000
0.000000
0.000000
0.000000
0.000000
0.000000
0.000724
0.015932
0.028286
0.032015
0.030586
0.019877
0.003632
0.000000
0.000000
0.000001
0.017702
0.088554
0.178246
0.262952
0.316042
0.385419
0.447746
0.470477
0.449123
0.402074
0.350692
0.348665
0.568115
0.799506
0.922104
0.793124
0.556539
0.392590
0.425139
0.392639
0.317898
0.234328
0.159785
0.108571
0.115323
0.142299
0.166913
0.207362
0.237246
0.225493
0.178912
0.128674
0.091615
0.071848
0.072099
0.095077
0.121199
0.139489
0.168220
0.182321
0.164279
0.133909
0.099231
0.067591
0.092992
0.109122
0.137160
0.195700
0.264335
0.338951
0.423855
0.498150
0.547426
0.654389
0.783149
0.918446
0.992437
0.976436
0.880439
0.732218
0.596262
0.485367
0.495845
0.621490
0.695940
0.683971
0.598536
0.603939
0.669176
0.812602
0.988367
1.187509
1.411516
1.633767
1.740312
1.695600
1.565172
1.461933
1.627716
1.848919
2.619441
2.947342
2.943413
2.942301
3.337146
3.785764
4.291942
4.869271
5.510975
6.195774
6.936163
7.731828
8.605638
9.583552
10.696523
11.938301
13.304717
14.639268
15.644368
15.670194
14.721436
13.460902
12.150739
10.951091
9.899158
9.062121
8.303863
7.494037
6.805699
6.695160
7.304270
7.766130
7.745800
7.282521
6.662978
6.032703
5.433940
4.871724
4.338910
3.862147
3.422389
3.002284
2.630337
2.307674
2.046817
1.954218
2.194021
2.445590
2.721991
3.011405
3.321921
3.647288
4.005649
4.392076
4.785038
5.152262
5.327581
5.521311
5.470565
5.175199
4.794764
4.406985
4.041882
3.732581
3.550024
3.690092
3.618451
3.392776
3.100247
2.805849
2.523893
2.296351
2.103565
1.898082
1.710522
1.551311
1.732566
1.952794
2.167905
2.328953
2.460537
2.547312
2.562439
2.597480
2.760532
2.942965
3.021228
2.948215
3.121024
3.279955
3.333330
3.294367
3.126374
2.992210
2.952661
2.852897
3.052079
3.210840
3.207673
3.052527
2.983731
3.233132
3.450630
3.670102
3.922640
4.167223
4.271313
4.262467
4.323849
4.180722
3.908934
3.641628
3.432060
3.176567
2.737281
2.329017
1.864188
1.388926
0.994673
0.905273
0.815280
0.740905
0.689468
0.769594
1.013108
1.322924
1.577352
1.616816
1.739011
1.557811
1.205696
1.161752
1.256153
1.216947
1.235523
1.464120
1.673220
1.909184
2.207821
2.447343
2.584696
2.635688
2.621621
2.541834
2.732495
3.075024
3.359339
3.540787
3.623814
3.444574
3.086899
2.991132
2.963511
2.759792
2.663747
2.497997
2.295490
2.321830
2.331775
2.402570
2.614698
2.824462
2.844843
2.645383
3.075144
3.807538
4.668078
5.621565
6.729603
7.974937
9.363812
9.363440
7.980830
6.739382
5.664476
4.655880
3.778210
3.548853
4.145141
4.734913
5.146430
5.536134
5.939863
6.145072
5.862923
5.312798
5.095121
4.987364
4.515802
3.978605
3.470383
3.076375
2.793426
2.529143
2.760537
3.734384
4.415764
3.850859
2.916612
2.394040
2.038173
1.703568
1.633224
2.043837
2.393696
2.615489
2.629548
2.470388
2.282761
2.389411
2.729929
3.070792
3.378208
3.555358
3.539124
3.345742
3.122574
2.961710
2.726048
2.602554
2.468579
2.259590
2.008365
1.746479
1.496209
1.269005
1.244690
1.475198
1.744231
2.033562
2.326034
2.679817
3.062558
3.328780
3.341114
3.110719
2.752728
2.391549
2.063958
1.762171
1.591873
1.475332
1.356794
1.320112
1.285387
1.236483
1.226720
1.186019
1.140623
1.120626
1.015573
0.923054
0.948983
0.875827
0.760205
0.687009
0.803406
0.901349
0.919510
0.855317
0.798108
0.768195
0.794770
0.831144
0.792182
0.733341
0.762551
0.723901
0.635056
0.536837
0.490328
0.409222
0.314872
0.233401
0.228908
0.222885
0.180618
0.125865
0.075194
0.038073
0.015404
0.002872
0.000000
0.002303
0.020338
0.047993
0.071145
0.050611
0.018874
0.002177
0.000334
0.027816
0.107795
0.249212
0.455836
0.713042
0.946834
0.956038
0.730228
0.491217
0.360644
0.517131
0.574779
0.524273
0.381253
0.281460
0.443691
0.615302
0.789326
0.849727
0.798531
0.650387
0.927517
1.299759
1.747634
2.213351
2.482409
2.549604
2.436274
2.328666
2.390225
2.146208
1.861920
1.678970
1.554070
1.726649
2.197444
2.754082
3.045942
2.626908
2.042643
1.511052
1.072370
0.724765
0.457539
0.268224
0.156266
0.089786
0.056693
0.014420
0.000275
0.007292
0.060539
0.148267
0.205669
0.149758
0.060530
0.008704
0.000000
0.000000
0.000000
0.000000
0.000000
0.000000
0.000000
0.000000
0.000000
0.000000
0.000000
0.000000
0.000000
0.000000
0.000000
0.000000
0.000000
0.000000
0.000000
0.000000
0.000000
0.000000
0.000000
0.000000
0.000000
0.000000
0.000000
0.000000
0.000000
0.000000
0.000000
0.000000
0.000000
0.000000
0.000000
0.000000
0.000000
0.000000
0.000000
0.019640
0.105115
0.163866
0.182539
0.187258
0.188522
0.188666
0.182023
0.163984
0.107299
0.024252
0.000000
0.000000
0.000000
0.000000
0.000000
0.000000
0.000000
0.000000
0.000000
0.000000
0.000000
0.000000
0.000000
0.000000
0.000000
0.000000
0.000000
0.000000
0.000000
0.000000
0.006637
0.017708
0.007634
0.026043
0.036131
0.036680
0.035577
0.035188
0.035488
0.035933
0.036118
0.033364
0.024525
0.004193
0.000000
0.000000
0.000000
0.000000
0.000000
0.000000
0.000000
0.000000
0.000000
0.000000
0.000000
0.002070
0.033979
0.123527
0.336471
0.593672
0.719468
0.755296
0.760385
0.757388
0.756133
0.762870
0.765183
0.815599
1.129153
1.511834
1.973410
2.514571
3.071273
3.524975
3.749679
3.542140
3.278206
3.146541
3.894517
4.629961
4.654331
3.965813
3.253670
2.682768
2.242705
1.833379
1.585869
1.621852
1.457464
1.139281
0.821841
0.963897
1.220364
1.468905
1.670620
1.688203
1.532859
1.425406
1.533829
1.693190
1.899845
1.971364
1.854398
1.592231
1.732013
1.988291
2.272776
2.578536
2.887574
3.123454
3.109018
2.868269
2.967922
3.302530
3.678221
4.088873
4.505574
4.845715
4.966507
4.795921
4.435600
4.072589
4.068492
4.331947
4.439302
4.434536
4.350102
4.199894
4.360504
4.598066
4.813492
4.875117
4.710961
4.417797
4.134975
3.778165
3.729084
3.894448
4.201898
4.497632
4.616653
4.516522
4.218292
3.865684
3.946383
4.800266
5.676803
6.419697
6.410365
5.652935
4.757308
3.910815
3.253686
2.883766
2.453382
2.516974
2.919814
3.234916
3.559247
3.803924
3.986551
4.020112
3.981965
4.169838
4.686136
5.184372
5.464287
5.385722
5.335204
5.081447
4.675636
4.357361
3.940601
4.066275
4.623100
5.212000
5.833213
6.089417
5.705874
5.061738
4.367486
4.227146
5.075475
6.064317
7.174511
8.137980
8.466085
7.987727
6.940374
5.799645
4.770894
3.919779
3.331141
3.630432
3.884092
4.015692
3.758497
3.366892
3.739137
4.145902
4.090219
3.801738
3.673658
3.277535
3.264268
3.500392
3.612440
4.200961
4.385391
4.123565
3.482438
2.815089
2.579166
2.489617
2.714823
2.965161
3.158556
3.142118
2.930402
2.632947
2.357946
2.300402
2.628726
2.998637
3.396977
3.760272
4.082562
4.246434
4.396345
4.294393
4.115603
4.114823
4.592564
5.020919
5.179775
4.990126
4.551773
4.139268
4.134459
4.054129
3.753934
3.351526
2.933309
2.544454
2.226264
2.136141
2.211015
2.123779
1.961825
2.053509
2.483464
2.940511
3.502295
4.149929
4.893319
5.740287
6.699987
7.759177
8.915872
10.108587
10.913893
10.816389
10.413106
10.280396
9.766284
9.246575
8.300498
7.238225
6.227106
5.323444
4.542071
3.862036
3.491120
3.396009
3.425900
3.370135
3.597606
3.633081
3.394681
3.102925
2.676579
2.314650
2.084811
1.940143
1.722865
1.686828
1.841592
1.947823
1.926666
1.807145
1.775822
1.729710
1.920892
2.032198
2.150278
2.250526
2.247006
2.130196
1.943054
1.720718
1.503374
1.452847
1.375299
1.292670
1.348383
1.559991
1.725826
1.878394
1.957399
2.214666
2.369309
2.331093
2.137317
1.748247
1.377179
1.156013
1.353505
1.550824
1.748851
1.958120
2.153778
2.314790
2.356581
2.237818
2.022158
1.826954
1.876817
1.941127
1.871035
1.745768
1.775514
1.972190
2.181350
2.374248
2.633696
2.860195
3.042647
3.061948
2.955743
2.851149
2.669453
2.573472
2.902040
3.672202
4.184950
4.464487
4.500172
4.482275
4.460953
4.505817
4.358803
4.110565
3.805943
3.588972
3.461178
3.705671
3.953931
4.076046
3.977085
3.856640
3.713798
3.473893
3.336760
3.235556
3.216923
3.279374
3.442492
3.637646
3.937333
3.764859
3.309382
3.522358
3.651285
3.473285
3.315591
3.021792
3.181406
3.477839
3.750997
3.964086
3.903911
3.879598
4.282292
4.695797
4.799775
5.378938
5.980802
6.354294
6.603330
7.038153
7.757842
8.628575
9.592276
10.560673
11.348713
11.816472
11.655517
10.798469
9.739755
8.852910
8.444909
7.900026
7.419855
7.940778
8.526607
8.861324
8.797940
8.487535
7.869904
7.369061
6.884184
6.236602
5.604164
5.067140
5.016245
4.890425
4.439342
4.612365
4.639641
4.463405
4.185291
3.987064
3.807475
3.505684
3.148798
2.813858
2.929338
3.217112
3.448225
3.746416
4.013788
4.234538
4.166573
3.805502
3.849132
3.752274
3.457316
3.131534
3.033464
3.137396
3.129848
3.069193
3.087292
2.922833
2.612683
2.370730
2.281027
2.326225
2.519782
2.766101
3.015133
3.224198
3.345231
3.326722
3.374385
3.687984
4.085121
4.631625
5.483041
6.500198
7.185359
7.454875
7.350782
7.047825
6.797988
6.584286
6.974379
7.349000
7.705885
8.028480
8.203877
8.116665
7.822114
7.999944
8.345615
9.013022
9.783419
10.199530
10.593126
10.993680
11.339344
11.611363
12.238766
12.691238
12.728002
12.499381
12.386085
12.089419
11.653290
11.093978
10.476221
10.603235
10.471363
10.062048
9.597748
9.626707
9.644762
9.316521
8.903510
8.721922
8.958540
9.228811
9.378164
9.220590
8.898709
8.506351
8.125476
7.957469
7.871379
7.751735
7.565498
7.354559
7.093683
6.990823
7.289430
7.439321
7.549566
7.454305
7.081656
6.670397
6.493131
6.751678
6.823169
6.651956
6.399559
6.195902
6.580697
7.212978
7.554560
7.403851
7.601581
7.731762
7.984763
8.483231
9.007602
10.009007
11.399940
12.418772
12.476168
12.422392
13.004429
13.040162
12.539958
11.890553
11.150628
10.451588
9.879238
9.317597
8.902521
8.707941
8.705995
9.327798
9.513659
9.186808
8.479157
8.642142
8.930861
9.087119
9.293120
9.128162
8.702959
8.143160
7.686901
7.283872
7.048274
6.708335
6.280194
5.829489
5.383740
4.986071
4.774477
5.094842
5.395470
5.875087
6.561535
7.449924
8.100529
8.618470
9.079833
9.369748
9.346324
9.209975
8.785530
8.278576
8.066785
8.345761
8.591956
8.753926
8.951922
9.091008
9.260880
9.283934
9.063964
8.586473
8.061283
7.606006
7.209504
6.836184
6.516577
6.423505
6.359088
6.172066
5.837264
5.655618
5.394699
5.186107
5.034175
4.805067
4.789226
4.632743
4.383142
4.252404
4.124564
3.812047
3.468751
3.612745
3.625026
3.588972
3.001406
2.287508
2.083124
1.902660
2.014963
2.116097
2.041212
1.853226
2.029045
2.239508
2.456239
2.601663
2.620557
2.469124
2.324066
2.441298
2.355949
2.155356
1.916814
1.791651
2.079407
2.350969
2.506361
2.514263
2.485143
2.356025
2.194656
2.135882
2.010614
2.122625
2.330193
2.580066
2.830253
2.912153
2.683955
2.354383
1.972085
1.911019
1.909876
2.087934
2.318871
2.579434
2.861414
3.154017
3.431113
3.704425
4.072482
4.469696
4.733014
4.479801
4.461015
4.380183
3.826713
3.559901
4.071983
4.874886
5.783001
6.803822
7.919329
8.978327
9.393937
8.930613
7.817142
6.665431
5.628904
4.705838
3.915926
3.299363
3.158716
3.228570
3.028300
2.633731
2.304642
2.036819
1.705648
1.272769
0.627506
0.127036
0.166744
0.267790
0.386841
0.420452
0.138411
0.041678
0.024995
0.090851
0.144779
0.230752
0.183540
0.140552
0.075499
4.561578
3.931765
2.062501
0.556658
0.397373
0.271448
0.177779
0.000000
0.000000
0.000000
0.000000
0.000000
0.000000
0.000000
0.000000
0.000000
