track	type=wiggle_0
fixedStep	chrom=chr	start=1	step=1
0.000000
0.000000
0.000000
0.000000
0.000000
0.000000
0.000000
0.000000
0.000000
0.310596
0.661214
0.910939
1.055099
1.112765
1.075979
0.847049
0.422273
0.218360
0.178965
0.154636
0.204217
0.298935
0.414618
0.516322
0.515380
0.727158
0.933052
1.026500
0.887301
0.669400
0.674250
0.861360
0.625272
0.351908
0.161766
0.062711
0.015512
0.006348
0.005276
0.006169
0.014339
0.012688
0.002462
0.062929
0.231009
0.469251
0.655653
0.795511
0.814617
0.835440
0.995434
1.148234
1.173434
1.067831
0.970786
1.052511
1.008461
0.865225
0.678392
0.618132
0.813998
1.073503
1.370485
1.662985
1.852473
1.757330
1.524183
1.279956
1.035951
0.801501
0.593082
0.462935
0.480470
0.441267
0.338417
0.246561
0.162178
0.098313
0.068402
0.050167
0.019850
0.004116
0.049624
0.151916
0.322895
0.598889
1.145770
1.429223
1.505978
1.518991
1.505978
1.446783
1.238135
0.777801
0.440822
0.217750
0.084618
0.018082
0.000007
0.000000
0.000000
0.000000
0.000000
0.000000
0.000000
0.002529
0.007819
0.003983
0.000000
0.000102
0.000000
0.000000
0.000748
0.002311
0.019585
0.059759
0.077016
0.071963
0.176229
0.404445
0.859699
1.096493
1.161244
1.172674
1.172674
1.172674
1.161244
1.104427
0.903342
0.497107
0.248988
0.149844
0.147079
0.223048
0.296985
0.423797
0.448963
0.336365
0.205784
0.139041
0.246467
0.376507
0.480134
0.584712
0.477254
0.310804
0.208081
0.222161
0.386218
0.596924
0.792509
0.832177
0.696831
0.508373
0.319861
0.178531
0.092715
0.063443
0.029390
0.007604
0.023512
0.049616
0.081431
0.114861
0.147622
0.142988
0.099553
0.057077
0.028394
0.065788
0.105912
0.199312
0.366600
0.529336
0.529336
0.366600
0.208181
0.103307
0.158543
0.241272
0.360153
0.474970
0.525065
0.477352
0.367742
0.246239
0.144332
0.083570
0.097547
0.080494
0.044782
0.015789
0.032324
0.056177
0.060727
0.044193
0.023798
0.008611
0.000531
0.007841
0.029254
0.059207
0.101861
0.141621
0.211834
0.323824
0.637972
0.770262
0.666368
0.504455
0.376393
0.264516
0.182715
0.121009
0.197932
0.344368
0.496115
0.446458
0.285962
0.201298
0.192354
0.148963
0.126292
0.161395
0.168712
0.150665
0.112921
0.072190
0.088565
0.132576
0.180119
0.224602
0.286125
0.354790
0.411945
0.438914
0.492308
0.500697
0.456976
0.380005
0.298896
0.228236
0.172405
0.180496
0.216567
0.235105
0.242722
0.224436
0.185423
0.192126
0.226863
0.217218
0.212715
0.276591
0.345606
0.402747
0.423328
0.397804
0.332138
0.262855
0.197069
0.141468
0.100199
0.092593
0.086209
0.085777
0.066762
0.040824
0.020704
0.035353
0.092069
0.117540
0.105950
0.181446
0.280258
0.404382
0.554211
0.730168
0.921154
1.078283
1.162689
1.259674
1.537401
1.884973
2.290066
2.740156
3.250097
3.818338
4.457134
5.053704
5.391551
5.191435
4.627289
4.158116
3.801124
3.288789
2.924696
3.003373
3.068865
3.109521
2.905203
2.559423
2.118754
1.708725
1.400315
1.616623
1.711683
1.578197
1.405531
1.213925
0.996016
1.059866
1.124155
1.142596
1.140278
1.090799
0.908134
0.499258
0.386857
0.581272
0.782852
0.889235
0.775427
0.570125
0.386225
0.369387
0.404087
0.488740
0.579909
0.641769
0.627687
0.538393
0.483757
0.561250
0.593781
0.534535
0.446303
0.346765
0.257420
0.181381
0.119701
0.073842
0.083937
0.093588
0.081182
0.046288
0.059305
0.101726
0.129198
0.117132
0.074783
0.034414
0.008812
0.028645
0.070651
0.135226
0.216927
0.281857
0.308490
0.313002
0.298732
0.255225
0.264896
0.413905
0.728440
0.774711
0.560843
0.412893
0.272461
0.279807
0.217523
0.112622
0.038440
0.005955
0.001261
0.000000
0.000000
0.000000
0.000000
0.000000
0.000000
0.011906
0.052364
0.077954
0.101816
0.112622
0.109653
0.105330
0.103385
0.099560
0.086664
0.048027
0.005792
0.000000
0.001223
0.004932
0.042677
0.076556
0.019414
0.000000
0.000000
0.000000
0.000000
0.000000
0.000000
0.000000
0.000000
0.000000
0.000000
0.000000
0.000000
0.000000
0.000000
0.000000
0.000000
0.000000
0.000000
0.000000
0.000000
0.000000
0.000000
0.000000
0.000000
0.000000
0.000000
0.000000
0.000000
0.000000
0.000000
0.000000
0.000000
0.000000
0.000000
0.000000
0.000000
0.000000
0.000000
0.000000
0.000000
0.000000
0.000000
0.000000
0.000000
0.000000
0.000000
0.000000
0.000000
0.000000
0.000000
0.000000
0.000000
0.000000
0.000000
0.000000
0.000262
0.027266
0.104402
0.237665
0.428156
0.683459
1.033683
1.289380
1.081689
1.041629
0.829090
0.587866
0.546466
0.479524
0.369471
0.233825
0.163876
0.249548
0.274650
0.225753
0.100370
0.015065
0.000000
0.000000
0.000000
0.000000
0.000000
0.000000
0.000000
0.008561
0.020496
0.008561
0.000000
0.000000
0.000000
0.000000
0.000000
0.000000
0.000000
0.000000
0.000000
0.000000
0.000000
0.000000
0.000000
0.000000
0.000000
0.009175
0.062993
0.171634
0.343423
0.571296
0.801277
0.806540
0.588890
0.361261
0.185053
0.071498
0.012755
0.000000
0.000000
0.000000
0.000000
0.000000
0.000586
0.022693
0.085775
0.181573
0.284799
0.316287
0.245464
0.126202
0.040786
0.003032
0.000000
0.000000
0.000000
0.000000
0.000000
0.000277
0.000000
0.000000
0.004135
0.021714
0.054296
0.101915
0.166114
0.248355
0.348929
0.450660
0.537699
0.535929
0.475312
0.427725
0.349760
0.309588
0.460430
0.560840
0.657296
0.715132
0.710667
0.808229
1.097939
1.491996
2.007915
2.675613
3.608897
4.910945
5.506600
5.665608
5.665608
5.523136
4.998733
3.850571
3.108920
2.852194
2.446171
2.032210
1.688802
1.396233
1.499959
1.595709
1.887615
2.051443
2.085441
2.013979
2.134684
2.103744
2.282604
2.166639
1.905851
1.578106
1.264433
1.009311
1.450047
1.867890
1.932132
1.738970
1.623954
1.780446
1.817186
1.637852
1.342702
0.986169
0.702872
0.863449
1.046725
1.250965
1.463059
1.662551
1.837184
1.991062
1.962247
1.904206
1.786649
1.741079
1.580174
1.355120
1.139335
0.955018
0.846015
0.785449
0.675252
0.562322
0.449505
0.341160
0.250099
0.185916
0.128763
0.078635
0.044707
0.094915
0.187483
0.333244
0.424376
0.347718
0.197789
0.198971
0.246792
0.269737
0.297118
0.305911
0.273548
0.219175
0.200902
0.162532
0.127310
0.135653
0.143405
0.133015
0.130783
0.115091
0.151941
0.176541
0.208274
0.362298
0.577517
0.668981
0.668375
0.811083
1.144589
1.492284
1.845705
1.789604
1.331487
0.929703
0.610341
0.369438
0.197276
0.133622
0.178245
0.226171
0.256439
0.252514
0.279305
0.369064
0.464712
0.497200
0.456066
0.349699
0.231315
0.191350
0.260941
0.283639
0.228926
0.155009
0.094728
0.063928
0.063201
0.069095
0.053447
0.031849
0.013130
0.035341
0.069283
0.114156
0.174015
0.250125
0.341004
0.447711
0.567892
0.702323
0.839128
0.955607
0.976766
0.894621
0.772760
0.646212
0.525954
0.416736
0.318108
0.234263
0.173348
0.137488
0.144026
0.200732
0.240216
0.306242
0.358444
0.458818
0.601164
0.685009
0.649110
0.607354
0.788644
0.977784
1.200653
1.351713
1.333819
1.170133
0.990185
0.782473
0.700165
0.722512
0.649156
0.622910
0.851090
1.120266
1.274606
1.209702
1.470513
1.924918
2.530390
3.090470
3.072476
2.508993
2.054028
1.875237
1.599783
1.765234
2.148578
2.091902
1.543082
1.165449
0.813357
0.719321
0.641714
0.791894
0.899941
0.948276
1.081953
1.306104
1.560038
1.706016
1.590511
1.386567
1.144444
0.939616
0.854180
0.977416
1.121869
1.272323
1.442134
1.610142
1.736744
1.753938
1.664935
1.484083
1.284394
1.145224
1.175621
1.296201
1.397206
1.453678
1.491173
1.494167
1.592392
1.755808
1.925031
2.021913
1.990642
2.099939
2.298552
2.502954
2.635735
2.600343
2.407604
2.149752
1.893163
1.659939
1.469886
1.364615
1.570786
1.793039
2.001962
2.128528
2.108046
1.979038
2.079888
2.262832
2.470385
2.676219
2.888570
3.110796
3.327887
3.526980
3.661837
3.633106
3.487820
3.291643
3.083587
2.874114
2.663600
3.293334
3.839241
3.920603
3.518034
2.924845
2.957980
3.029480
3.151114
3.146155
2.991262
2.795097
2.566436
2.338474
2.293144
2.597416
3.076341
3.336776
3.178610
3.239632
3.141192
2.895813
2.630486
2.384437
2.148780
2.214644
2.401121
2.599243
2.740742
2.737911
2.563617
2.747280
3.183318
3.496140
3.393233
3.137641
3.390676
3.209967
3.544266
3.908701
4.290874
4.689368
5.089402
5.463105
5.679962
5.574639
5.302719
4.931549
4.497045
4.068991
3.677584
3.363127
3.704865
4.077381
4.454457
4.788465
5.080734
5.085655
4.782131
4.371226
3.934339
3.514319
3.129213
2.773078
2.673046
2.975904
3.298300
3.549073
3.680193
3.572974
3.325466
3.043378
2.745266
2.454448
2.171458
2.126506
2.252371
2.292003
2.231107
2.174161
2.437322
2.621203
2.676973
2.581488
2.494254
2.632224
2.683843
2.662991
2.508442
2.309113
2.122055
1.941182
1.770095
1.597308
1.425655
1.379473
1.471632
1.570666
1.674335
1.778552
1.788416
1.702880
1.617737
1.648429
1.736586
1.762057
1.713562
1.608143
1.723729
1.847460
1.900298
1.817925
1.685640
1.806352
1.920846
1.972748
1.937004
1.987239
2.128932
2.130575
1.996419
1.921343
1.935421
2.052076
2.531958
3.144175
3.824324
4.224850
4.590165
4.870342
5.160145
5.430470
5.600273
5.603724
5.446887
5.195674
4.945880
4.690178
4.358701
3.819782
3.422750
2.976023
2.718379
2.693699
2.502687
2.848190
2.979838
2.977846
2.843107
2.487288
2.162883
1.924682
1.689352
1.490718
1.330389
1.175341
1.055013
1.082345
1.216815
1.357542
1.426104
1.383529
1.272846
1.131183
0.990724
1.079797
1.156918
1.141747
1.046182
0.934487
0.819220
0.710207
0.605813
0.510271
0.424316
0.344555
0.269653
0.200858
0.142438
0.151437
0.159630
0.134630
0.104025
0.123903
0.129977
0.159005
0.215795
0.289544
0.376301
0.461354
0.525115
0.542907
0.497783
0.429987
0.413883
0.365056
0.296674
0.231571
0.296851
0.521206
0.823724
1.240238
1.634667
1.813207
1.862306
1.857636
1.799117
1.669420
1.445303
1.405457
1.371440
1.273369
1.169324
1.451937
1.771480
2.129474
2.530067
2.945603
3.377514
3.702949
3.685558
3.328971
2.860626
2.589745
2.846783
3.031073
2.944539
2.657446
2.273359
1.903127
1.572878
1.276643
1.022112
0.788645
0.801396
1.014246
0.839847
0.715781
0.533610
0.590952
0.666212
0.683890
0.675319
0.631720
0.509310
0.318822
0.312731
0.333711
0.480307
0.780832
0.933410
0.992320
0.991211
0.939464
0.808661
0.555715
0.331894
0.118221
0.090907
0.074460
0.044542
0.019966
0.006847
0.019719
0.031852
0.030201
0.019027
0.005835
0.000324
0.000000
0.000000
0.000876
0.007271
0.023717
0.052790
0.091431
0.134999
0.184610
0.219940
0.216800
0.178779
0.127542
0.082928
0.050068
0.026855
0.009778
0.013614
0.038642
0.141841
0.328143
0.628590
0.889860
1.033405
1.130262
1.538489
1.894693
1.948186
1.702997
1.322357
0.987894
0.748831
1.039290
1.369965
1.668293
1.783195
1.628156
1.366946
1.732594
2.196280
2.644615
2.768908
2.969996
3.546422
3.982659
3.279416
2.472703
1.846530
1.399766
1.031507
0.706033
0.794032
0.994952
1.215593
1.429546
1.531084
1.687508
1.896113
2.017711
1.934965
1.683499
1.411994
1.175363
1.134996
1.177366
1.120299
0.948192
0.795567
0.727300
0.630392
0.502712
0.565088
0.687764
0.825677
0.971956
1.118524
1.245211
1.368094
1.826131
2.376858
3.025542
3.709460
4.215746
4.232226
3.725424
3.021029
2.375477
2.070317
1.900290
2.077894
2.271986
2.352408
2.256488
2.047638
1.892424
1.725337
1.557530
1.755260
2.100382
2.460004
2.797484
2.993202
2.941119
2.754513
2.968725
3.348646
3.815383
4.403632
5.059214
5.661006
5.879580
5.670317
5.103226
4.457535
3.869100
3.351702
2.920981
2.531466
2.208104
2.085421
2.430262
2.449198
2.095387
1.793227
1.812451
1.684092
1.486354
1.472027
1.538600
1.884076
2.059254
1.903136
1.550901
1.662207
1.783890
1.933410
2.035176
2.010619
1.866619
1.688178
1.507480
1.458063
1.485603
1.417015
1.249135
1.065368
1.039643
1.189577
1.294839
1.304048
1.221837
1.242832
1.178839
1.101257
1.083682
1.055855
0.991628
0.930129
0.822511
0.769525
0.728988
0.700300
0.759851
0.805175
0.799065
0.747900
0.639027
0.516812
0.409597
0.400005
0.377400
0.347945
0.370840
0.426003
0.406610
0.530211
0.686713
0.758327
0.703884
0.545506
0.823054
1.246666
1.690858
1.952891
2.082685
2.086710
1.963394
1.715912
1.871112
2.336519
2.856792
3.411136
4.031981
4.008873
3.272259
2.553467
1.939934
1.432507
1.015749
0.683762
0.430486
0.324249
0.505441
0.704979
0.859690
0.999425
1.011200
0.865435
0.653231
0.449840
0.283743
0.159050
0.073107
0.022768
0.074184
0.207726
0.439447
0.774232
0.925327
0.839844
0.555551
0.268369
0.118979
0.043010
0.020899
0.003217
0.000000
0.000000
0.000000
0.002835
0.019526
0.049798
0.071529
0.062342
0.035958
0.010662
0.051836
0.141647
0.259072
0.335659
0.311155
0.207738
0.106505
0.035932
0.015147
0.035770
0.036432
0.023562
0.031996
0.043838
0.072018
0.073748
0.052951
0.020920
0.001940
0.000000
0.000000
0.000000
0.000000
0.000000
0.001007
0.004293
0.018966
0.088574
0.210721
0.382774
0.504235
0.497136
0.350929
0.156239
0.068394
0.068034
0.074990
0.137812
0.297997
0.526107
0.532917
0.312583
0.125727
0.030408
0.000127
0.000000
0.000000
0.000000
0.000000
0.000000
0.000000
0.000000
0.000000
0.000000
0.002005
0.005603
0.005242
0.001623
0.000000
0.000000
0.000000
0.000000
0.000000
0.000000
0.000000
0.000000
0.000000
0.000000
0.000000
0.000000
0.000000
0.000000
0.000000
0.000000
0.000000
0.000000
0.000000
0.000000
0.000000
0.000000
0.014736
0.073590
0.148822
0.190585
0.145179
0.083375
0.019756
0.000000
0.000343
0.020505
0.073064
0.144891
0.183017
0.159292
0.105724
0.044430
0.009174
0.000000
0.000000
0.006147
0.061295
0.181183
0.376683
0.666995
1.168950
1.677730
1.892008
1.952588
1.972173
1.959739
1.900935
1.718970
1.312378
0.958571
0.635626
0.385330
0.280411
0.228109
0.227426
0.188109
0.119834
0.167363
0.211431
0.366329
0.469916
0.409439
0.277956
0.202649
0.104340
0.114848
0.121504
0.059520
0.010629
0.000000
0.000000
0.000000
0.000000
0.000000
0.019924
0.096312
0.216276
0.303989
0.185790
0.066575
0.008313
0.000000
0.000000
0.000000
0.000000
0.000000
0.000000
0.000000
0.000000
0.000000
0.000000
0.000000
0.000000
0.000000
0.000000
0.000000
0.000013
0.005631
0.021399
0.038356
0.044614
0.031917
0.014378
0.004983
0.002436
0.000897
0.008364
0.019419
0.024569
0.016509
0.026119
0.044147
0.059424
0.046827
0.022929
0.006671
0.006437
0.058784
0.169618
0.347044
0.598619
0.927568
1.347892
1.991826
2.436291
2.602424
2.643364
2.643461
2.612945
2.496197
2.206763
1.767008
2.087948
2.227393
2.028438
1.662592
1.412013
1.798034
2.246973
2.761418
3.255308
3.608219
3.636817
3.309229
2.818396
2.443129
2.236949
1.877178
1.880602
1.994607
2.101444
2.953957
3.861593
4.233707
4.328907
4.353644
4.380805
4.406089
4.370806
4.033980
3.231930
2.453336
2.010563
2.262125
2.343300
2.127489
1.775095
2.085577
2.367784
2.461518
2.335239
2.059060
1.736177
1.429923
1.158359
0.926387
0.747094
0.975946
1.189530
1.292564
1.271264
1.204735
1.152526
0.949907
0.733523
0.544364
0.399807
0.483514
0.587820
0.613973
0.642670
0.680483
0.832528
1.062652
1.363413
1.840947
2.304394
2.486982
2.306547
1.843237
1.364727
0.958968
0.638595
0.420410
0.353814
0.271603
0.234610
0.205549
0.262515
0.324009
0.355233
0.340394
0.362673
0.361443
0.339713
0.335595
0.336242
0.375656
0.444894
0.480671
0.452488
0.443679
0.507999
0.607046
0.708399
0.823155
0.965812
1.090127
1.129516
1.050160
0.922500
0.824117
0.758770
0.758987
0.763260
0.729427
0.635342
0.524685
0.414643
0.501188
0.563619
0.604485
0.596687
0.615174
0.820151
0.797234
0.556458
0.331344
0.273026
0.268343
0.224271
0.200912
0.322339
0.474865
0.601809
0.594887
0.581733
0.715573
0.747855
0.728021
0.633336
0.622700
0.927377
1.272791
1.528944
2.003918
2.382622
2.508177
2.412444
2.021786
1.351746
0.912580
0.897811
1.156572
1.393771
1.560241
1.597092
1.509852
1.349920
1.223275
1.088745
1.083672
1.118249
1.346367
1.667911
1.966495
2.162442
2.026622
1.744093
1.435643
1.151862
1.194051
1.594038
2.129114
2.817934
3.810388
4.148630
3.848778
2.922808
2.152453
1.610677
1.224783
0.876869
0.573120
0.335517
0.193354
0.177521
0.137444
0.088079
0.104125
0.096558
0.116847
0.169360
0.231783
0.291894
0.303799
0.275829
0.219490
0.150993
0.099345
0.105698
0.128813
0.147549
0.261757
0.464609
0.637113
0.741913
0.830436
0.894937
0.899791
0.842512
0.877773
0.860894
0.801469
0.828720
0.948099
1.069579
1.181529
1.224795
1.207610
1.221817
1.182739
1.172845
1.307326
1.345520
1.258949
1.112015
0.950496
0.827627
0.957203
1.063095
1.141629
1.176145
1.116915
0.973372
0.857569
0.952929
1.020936
1.071936
1.127557
1.008283
0.838253
0.700154
0.629043
0.537690
0.670307
0.757543
0.782078
1.102708
1.580106
2.214167
3.013577
3.575044
3.817543
3.930258
3.949868
3.908336
3.766850
3.493748
2.860783
2.128019
2.383947
2.427679
2.674330
3.277865
3.934758
4.453963
4.725194
4.412962
3.965432
3.334702
2.732200
3.090418
3.578197
4.048193
4.625135
5.273506
5.856940
6.151816
5.857503
5.267613
4.628949
4.101621
3.911557
3.633610
3.352998
3.686603
3.858259
3.715244
3.529129
3.329521
3.222222
3.389801
3.507294
3.326229
3.014904
2.614488
2.238446
1.907805
1.609148
1.367944
1.118620
0.980231
0.772299
0.801234
0.924621
1.082547
1.221599
1.310649
1.262250
1.142915
1.040587
0.957188
1.161826
1.476507
1.829894
1.990892
1.800201
1.443322
1.685961
1.981060
1.988604
1.822137
2.010276
2.229920
2.442251
2.586949
2.764062
2.878453
2.843903
2.722670
2.467170
2.210206
1.955840
1.710008
1.494893
1.393658
1.458380
1.427539
1.363267
1.281202
1.280385
1.399894
1.562413
1.736695
1.859943
1.901993
2.041558
2.100957
2.037542
1.848691
1.634170
1.418087
1.216825
1.045019
0.898012
0.765629
0.643713
0.683529
0.693099
0.683701
0.708556
0.769181
0.873644
0.986120
1.082339
1.094002
1.024285
1.003778
0.961621
0.847160
0.761421
0.854747
0.869340
0.796050
0.869538
1.248969
1.715598
2.404664
3.044196
3.326309
3.397995
3.410700
3.408185
3.405840
3.393935
3.333388
3.552458
4.372074
5.158763
5.665971
5.666809
5.111952
4.325936
4.263853
5.175727
5.498948
5.020859
3.893850
2.946104
2.204253
1.613493
1.174602
1.418851
1.731510
2.108746
2.522603
2.933918
3.225462
3.216753
2.897899
2.470662
2.104671
2.302768
2.281256
2.026993
1.689587
1.326310
1.005157
1.049377
1.094634
1.407047
1.530666
1.400173
1.338401
1.495561
1.643930
1.622302
1.444340
1.213466
0.992977
0.796299
0.624123
0.486993
0.425354
0.457442
0.558511
0.685811
0.699314
0.629143
0.624261
0.730962
0.836596
0.911955
0.881290
0.776817
0.647574
0.640558
0.666482
0.629496
0.640019
0.733290
0.799987
0.837828
1.017267
1.129904
1.200839
1.168039
1.081380
0.989644
0.988857
0.921096
1.053819
1.183782
1.266914
1.278618
1.217611
1.283766
1.355263
1.372454
1.320465
1.423078
1.552699
1.904381
2.304449
2.470192
2.539870
2.705507
2.911667
3.015702
2.968369
2.813831
2.796094
2.896217
2.901862
2.785808
2.586206
2.382306
2.620647
3.048053
3.382620
3.553889
3.469247
3.179185
2.723783
2.370332
2.046516
1.873212
1.742871
1.597663
1.519054
1.354947
1.348147
1.444766
1.493015
1.466317
1.544007
1.549843
1.437241
1.242937
1.174585
1.055156
1.076128
1.182068
1.304081
1.439620
1.613652
1.812664
2.022560
2.196449
2.238426
2.166936
1.969528
2.067788
2.557755
3.173520
3.865415
4.413946
4.486575
4.111514
3.717706
3.172659
3.018325
3.340922
3.668851
3.987576
4.253438
4.303253
4.137525
3.817773
3.511045
3.797818
3.865742
3.687357
3.708612
3.995526
4.261105
4.668263
5.167275
5.724009
6.306481
6.738052
6.860933
6.480442
5.909007
5.342616
4.830015
4.378276
4.082671
4.070834
3.887264
3.948594
4.351771
4.718599
4.939638
4.942411
4.765868
4.443532
4.080795
3.718309
3.374774
3.042266
2.715224
2.694903
2.678240
2.533726
2.346520
2.154180
1.960502
1.772371
1.621385
1.520612
1.355025
1.357806
1.466179
1.503663
1.465350
1.443867
1.401716
1.314943
1.445729
1.516793
1.501454
1.451987
1.615026
1.699413
1.638734
1.478111
1.292001
1.216841
1.273520
1.054559
0.889189
0.921840
1.091026
1.326206
1.427204
1.355619
1.433453
1.468153
1.588194
1.639153
1.440922
1.257490
0.940563
0.626804
0.396885
0.349451
0.278974
0.212327
0.203511
0.148887
0.116881
0.190021
0.271000
0.347727
0.422947
0.445982
0.534592
0.617704
0.655701
0.639510
0.384069
0.182797
0.091962
0.005068
0.004076
0.000032
0.000000
0.000000
0.000000
0.000000
0.000013
0.000214
0.000000
0.000000
0.001429
0.016658
0.049817
0.099908
0.151342
0.149499
0.109249
0.208349
0.301834
0.392004
0.420407
0.662424
0.971557
1.359406
1.836855
2.416821
3.087431
3.805561
4.421508
4.499415
4.032096
3.676817
3.476838
3.038567
2.489102
2.344526
2.124536
1.437406
1.414155
1.650551
1.822733
1.406733
0.564772
0.117832
0.071928
0.124067
0.243328
0.423762
0.640116
0.815362
0.657778
0.421907
0.515636
0.613095
0.344534
0.022372
0.404682
1.145770
0.000000
0.000000
0.000000
0.000000
0.000000
0.000000
0.000000
0.000000
