track	type=wiggle_0
fixedStep	chrom=chr	start=1	step=1
0.000000
0.000000
0.000000
0.000000
0.000000
0.000000
0.000000
0.000000
0.000000
0.000000
0.000000
0.005398
0.036907
0.315045
0.673806
0.871150
0.811787
0.596990
0.704107
0.909200
0.652696
0.360255
0.157845
0.054949
0.009371
0.001767
0.001213
0.001668
0.004250
0.003362
0.000000
0.000000
0.000000
0.000937
0.016551
0.057857
0.157015
0.336846
0.642993
0.774325
0.747222
0.704885
0.784652
0.774189
0.681366
0.520816
0.460352
0.640704
0.882235
1.165786
1.454078
1.694780
1.703699
1.588814
1.548424
1.366288
0.869961
0.460693
0.269113
0.153939
0.073598
0.023398
0.001423
0.000000
0.000000
0.000000
0.000000
0.000000
0.000000
0.000000
0.000000
0.000000
0.000000
0.000000
0.000095
0.008197
0.047020
0.151594
0.229690
0.241905
0.204962
0.215883
0.232422
0.205230
0.153510
0.100189
0.126178
0.187796
0.266439
0.352195
0.432876
0.472095
0.459100
0.387290
0.309175
0.239940
0.194023
0.239939
0.317890
0.395984
0.439889
0.476594
0.489077
0.448217
0.367710
0.286640
0.213800
0.161271
0.125821
0.081738
0.087889
0.157802
0.248347
0.346407
0.391664
0.346407
0.254264
0.165791
0.097509
0.053917
0.042953
0.090058
0.154802
0.236430
0.327430
0.431838
0.494020
0.558808
0.570110
0.513336
0.487965
0.613369
0.471886
0.514247
0.722719
1.017997
1.397481
1.847564
2.289294
2.441053
2.276538
1.832886
1.389758
1.033337
0.798134
0.790573
0.731265
0.955991
1.169566
1.371121
1.567779
1.682633
1.758412
1.686976
1.443636
1.141743
1.266149
1.684549
2.200556
2.809379
3.483998
4.230287
5.086301
5.818763
5.869865
5.233025
4.472591
3.659262
2.933300
2.327127
2.057140
1.975641
1.795551
1.479999
1.375573
1.431794
1.340848
1.140152
0.877919
0.638108
0.453880
0.335407
0.256970
0.306114
0.309938
0.259230
0.184512
0.166067
0.247405
0.352559
0.476658
0.628891
0.805720
0.996235
1.137304
1.170745
1.054203
0.866753
0.692018
0.559113
0.441443
0.376012
0.699803
0.807560
0.642210
0.259561
0.170693
0.129186
0.126230
0.087837
0.037565
0.049972
0.079077
0.117977
0.162392
0.203417
0.220163
0.264013
0.286890
0.271268
0.253106
0.307414
0.350156
0.397162
0.441033
0.431237
0.377516
0.335372
0.346297
0.438096
0.543089
0.662855
0.796256
0.937950
1.061003
1.140718
1.117953
1.006313
0.872493
0.739090
0.632270
0.623048
0.597505
0.524169
0.439172
0.379909
0.322501
0.321170
0.345844
0.330029
0.267636
0.195234
0.206961
0.210624
0.227318
0.272107
0.306291
0.305075
0.263851
0.204737
0.149382
0.103143
0.065270
0.036772
0.036781
0.060712
0.125273
0.273348
0.354965
0.339386
0.231169
0.204327
0.281987
0.405906
0.546421
0.716797
0.915892
1.138951
1.345563
1.433592
1.385777
1.229580
1.034019
0.836860
0.670559
0.873602
1.110829
1.248851
1.264605
1.092335
1.069191
1.272370
1.370473
1.528799
1.585357
1.410454
1.257590
1.748377
2.481238
2.825393
2.921900
2.942757
2.942757
2.921900
2.819571
2.464783
1.753414
1.556535
1.878990
2.113692
2.138281
1.869170
1.456993
1.060143
1.134992
1.477943
1.867012
2.205890
2.402531
2.254666
1.923175
1.536736
1.205716
0.944965
1.311175
1.739408
2.099185
2.336612
2.132590
2.203906
2.072990
1.797530
1.480965
1.193580
1.051619
1.360696
1.702941
1.993580
2.122324
1.935826
1.632122
1.301211
0.993190
0.726105
0.515850
0.348014
0.230316
0.382494
0.601814
0.915519
1.317145
1.818017
2.348118
2.368356
1.857807
1.358193
0.945886
0.612193
0.362776
0.194150
0.087056
0.021601
0.000000
0.000000
0.000000
0.000000
0.000000
0.000000
0.000000
0.000000
0.000000
0.000000
0.000000
0.000000
0.000000
0.000000
0.000000
0.000000
0.000000
0.000000
0.000000
0.000000
0.000000
0.000000
0.000000
0.000000
0.028956
0.127654
0.230030
0.120259
0.031606
0.004544
0.002021
0.000012
0.007430
0.080760
0.220295
0.294472
0.315945
0.320195
0.320195
0.315945
0.290840
0.201440
0.039342
0.000000
0.000000
0.000000
0.000000
0.000000
0.000000
0.000000
0.000000
0.000000
0.000000
0.000000
0.000000
0.000000
0.000000
0.000000
0.000000
0.000000
0.000000
0.000000
0.000000
0.000000
0.000000
0.000000
0.000000
0.000564
0.034679
0.112503
0.173932
0.167708
0.096357
0.025261
0.000122
0.000000
0.000000
0.000000
0.000990
0.019174
0.080930
0.200868
0.387066
0.647861
0.986976
1.373727
1.838543
2.350784
2.410683
1.952425
1.461013
1.045228
0.752046
0.692398
0.816329
0.877978
0.777034
0.582102
0.392363
0.437941
0.462362
0.343879
0.253182
0.331604
0.481214
0.638215
0.751851
0.746597
0.616701
0.446114
0.391548
0.346380
0.233565
0.095540
0.075680
0.118609
0.138742
0.243755
0.233821
0.110885
0.055666
0.024254
0.000274
0.003975
0.061446
0.118762
0.138594
0.143186
0.143186
0.143186
0.139534
0.123917
0.076033
0.010190
0.000000
0.000000
0.000000
0.000000
0.000000
0.000000
0.000000
0.000000
0.000000
0.000000
0.000000
0.000000
0.000000
0.000000
0.000000
0.000000
0.000000
0.000000
0.000000
0.000392
0.001107
0.000000
0.000000
0.000000
0.000000
0.000000
0.000000
0.000000
0.000000
0.000000
0.000000
0.000000
0.000000
0.000000
0.000000
0.000000
0.025803
0.110234
0.261001
0.488347
0.800067
1.197614
1.773197
2.213238
2.406749
2.461311
2.473481
2.438648
2.426128
2.997118
3.672064
4.445680
5.294611
6.759577
7.417131
7.600770
7.600771
7.436621
6.819468
5.446548
4.751830
4.992208
5.054666
5.129220
6.207873
6.953830
6.125029
4.715525
4.940397
4.770645
4.318643
4.516584
4.646451
4.723510
4.580694
4.876269
5.244964
5.140100
4.643208
3.967975
3.309434
2.905389
3.425718
3.545377
3.443579
3.332493
3.078696
2.717350
2.215843
1.689692
1.250103
0.947296
1.054200
1.040948
0.912042
0.762438
0.653173
0.784628
0.896136
1.022484
1.176949
1.338342
1.493239
1.681929
1.906470
2.136571
2.305992
2.375907
2.508026
2.612605
2.750845
2.765259
2.583217
2.385304
2.616548
2.795221
2.816142
2.667747
2.457968
2.551572
2.768627
2.853487
2.952768
3.141645
3.196365
3.095193
2.872733
2.611646
2.475101
2.684138
2.897601
3.013655
3.000669
2.884295
2.677268
2.644156
2.672048
2.776018
2.856103
2.928581
3.045400
3.266216
3.526231
3.804976
4.056349
4.163079
4.110565
3.939701
3.685169
3.450971
3.650679
3.779959
3.997768
4.179104
4.201074
4.042748
3.825707
4.008747
4.079381
3.980764
3.803154
3.572469
3.628721
3.806008
3.898680
4.077550
4.204401
4.155952
3.987180
3.744177
3.487183
3.253965
3.126664
3.119612
3.138063
3.266090
3.308267
3.315049
3.269382
3.420587
3.337378
3.007410
3.290654
3.663969
4.047530
4.470603
4.937968
5.455235
5.906528
6.292397
6.335177
5.976417
5.519602
5.035099
4.562125
4.133421
3.725951
3.351544
3.034532
2.792687
2.667515
2.549030
2.447230
2.769560
2.954577
2.991452
3.041615
2.971602
2.674656
2.310963
1.971692
1.692241
1.963239
2.766507
3.542901
3.920501
4.036319
4.066340
4.070585
4.056183
3.970256
3.658837
2.903861
2.735555
2.465037
2.610842
2.698251
2.972041
3.393964
3.578995
3.620654
3.421176
2.906475
2.357864
1.857963
1.712158
2.100948
2.035494
1.496270
1.671362
1.869810
2.013382
2.073319
1.975823
1.769619
1.631781
1.561953
1.478432
1.568690
1.637300
1.793647
2.065798
2.333015
2.577729
2.705063
2.649586
2.410979
2.146193
1.873020
1.613338
1.380701
1.189644
1.057711
1.195559
1.303242
1.298370
1.180088
1.057286
0.941951
0.908878
0.889819
0.884126
0.896781
0.845770
0.914141
1.022354
1.060950
1.027828
1.161124
1.219633
1.102487
0.994818
1.003240
1.072613
1.154525
1.242781
1.351994
1.413947
1.462657
1.439575
1.509079
1.943101
2.500449
3.157157
3.856516
4.269140
4.192262
3.631803
2.952024
2.365732
1.993675
1.620979
1.398576
1.355858
1.341901
1.319974
1.522358
1.621290
1.996604
2.604989
3.245464
3.642406
3.271347
2.648191
2.047703
1.532736
1.438333
1.444196
1.430462
1.454469
1.412700
1.438531
1.450125
1.396210
1.585494
1.806733
1.986703
2.057384
2.026045
2.392031
2.723316
2.915984
2.896301
2.677822
2.353140
2.050656
1.887473
1.873026
2.005276
2.195051
2.624076
2.958905
3.280535
3.574965
3.797129
3.992930
4.102416
4.053667
3.828160
3.559080
3.289460
2.997900
2.626301
2.296191
2.030398
1.790921
1.579849
1.356614
1.143942
0.989183
1.207282
1.425115
1.582851
1.631259
1.549635
1.387429
1.184226
1.299817
1.688306
2.173777
2.703890
3.083249
3.079662
2.707419
2.212453
1.838544
1.515500
1.279668
1.260473
1.176201
1.079003
1.068387
1.293923
1.544649
1.769607
2.032891
2.407114
2.774263
2.889033
2.741982
2.365251
1.988359
2.261634
2.554276
2.709841
2.636602
2.367637
2.046653
1.748889
1.483907
1.245983
1.207270
1.541066
1.938583
2.246064
2.223052
1.875834
1.460510
1.452486
1.826341
2.152499
2.361996
2.294822
1.992094
1.616589
1.263804
1.034303
1.123685
1.028045
0.850890
0.674750
0.926424
1.366102
1.990077
2.843437
3.359091
3.533943
3.529520
3.344626
2.788251
1.900376
1.351656
0.967530
0.909878
1.055075
1.193058
1.274841
1.313667
1.448119
1.559473
1.563429
1.517130
1.392775
1.230510
1.050397
0.964981
1.051377
1.203406
1.384413
1.532257
1.591859
1.523350
1.378589
1.188071
1.073438
1.005148
1.073727
1.224233
1.361128
1.483037
1.569520
1.535001
1.380822
1.201304
1.026348
0.861452
0.709790
0.584155
0.489456
0.488023
0.598167
0.641046
0.606468
0.490366
0.371431
0.266427
0.182659
0.137888
0.225333
0.329273
0.427096
0.477365
0.461223
0.452465
0.545271
0.600151
0.594292
0.588551
0.665365
0.912952
1.216276
1.567145
1.898747
2.085665
1.966038
1.844954
2.042787
2.290439
2.655990
2.931533
3.192379
3.369944
3.471043
3.178708
2.738734
2.261155
1.792832
1.642091
2.152931
2.770836
3.462143
4.202382
5.178341
6.398536
8.200284
9.831109
10.453500
10.616928
10.610549
10.446108
9.822514
8.207617
6.411041
5.191660
5.226156
4.865089
4.157714
3.439982
2.785624
2.236934
1.764855
1.353503
1.009252
0.728967
0.506181
0.330406
0.198949
0.110957
0.054460
0.037415
0.013623
0.000077
0.000000
0.000000
0.000000
0.000000
0.000000
0.000000
0.000000
0.000000
0.000000
0.000000
0.000000
0.000973
0.005839
0.007970
0.003304
0.000336
0.000000
0.000000
0.000000
0.000000
0.000000
0.000000
0.000000
0.003062
0.017867
0.038149
0.048660
0.038557
0.020074
0.017324
0.030758
0.033925
0.021675
0.006454
0.005652
0.000998
0.000401
0.003297
0.004129
0.000552
0.000000
0.000000
0.000000
0.000000
0.000000
0.000000
0.000000
0.000000
0.000000
0.000000
0.000000
0.000000
0.000000
0.000000
0.000000
0.008268
0.036840
0.086370
0.152327
0.199319
0.194826
0.142458
0.076068
0.027721
0.003590
0.018395
0.059613
0.103236
0.155102
0.247783
0.398022
0.595260
0.822879
1.032855
1.191029
1.443294
1.812202
2.339239
2.977517
3.719549
4.490232
5.258623
5.986329
6.275030
5.996136
5.715946
5.706619
7.215378
8.541474
9.042315
9.173430
9.175763
9.046640
8.544127
7.204459
5.385521
4.242121
3.363594
2.747699
2.705350
2.447474
1.986900
1.525527
1.124911
0.838039
0.932847
0.936016
0.781722
0.562014
0.359483
0.204907
0.097960
0.032286
0.003014
0.000000
0.000000
0.005831
0.039043
0.037273
0.004167
0.003902
0.023984
0.053647
0.066039
0.051536
0.094797
0.146736
0.177554
0.169043
0.135075
0.171606
0.169273
0.198871
0.298496
0.390774
0.418862
0.361392
0.271916
0.182696
0.176820
0.149995
0.102389
0.092604
0.153638
0.227164
0.293187
0.341535
0.314340
0.251523
0.174680
0.111035
0.177187
0.348949
0.577081
0.862138
1.082440
1.081789
0.864167
0.574668
0.336087
0.269281
0.414241
0.553939
0.675979
0.756421
0.794583
0.952533
1.159824
1.225073
1.124144
1.012936
1.047125
0.969364
0.994796
1.047906
1.093894
1.156033
1.305648
1.608400
2.016350
2.492106
3.041764
3.671304
4.364230
5.052694
5.567439
5.578887
5.088607
4.374741
3.671097
3.052618
2.632868
2.849623
2.955178
2.929284
2.710900
2.376773
2.277980
2.443245
2.652608
2.586745
2.436412
2.138296
2.082068
2.056110
1.816874
1.511178
1.216433
0.960755
0.738417
0.774770
0.870590
0.874415
0.934758
1.209177
1.628144
1.642894
1.274641
0.960603
1.225585
1.489110
1.530065
1.337367
0.988123
1.285264
1.639901
2.137382
2.654731
2.642757
2.080573
1.480605
1.002322
1.115298
1.292326
1.459061
1.540946
1.686169
1.791934
1.730406
1.542058
1.395420
1.397949
1.438721
1.527166
1.547127
1.572753
1.521701
1.372675
1.405512
1.433185
1.354091
1.233502
1.147002
1.082181
1.032344
1.057703
1.050512
1.056565
1.067826
1.211179
1.679648
2.102699
2.280038
2.301823
2.206856
2.047747
1.765637
1.648819
1.583094
1.521188
1.651882
1.780403
1.802691
1.723793
1.704220
1.655408
1.766495
2.062911
2.268861
2.477430
2.659816
2.577774
2.288491
2.010957
1.814686
1.907711
2.366349
2.794696
3.332983
3.683662
3.643178
3.677814
3.153115
2.739640
2.949181
3.234991
3.221129
2.938956
2.753290
2.752548
2.726226
2.935402
2.948522
3.237120
3.557385
3.656980
3.371097
2.914831
2.806747
2.521232
2.231254
2.354393
2.558613
2.724484
2.856278
3.137382
3.463531
3.613035
3.670186
3.427315
3.286798
3.927758
4.182822
3.838817
3.647755
3.660457
3.478333
3.161016
2.898651
2.669817
2.440941
2.199711
2.167079
2.162566
2.074980
1.970286
2.225096
2.422864
2.437027
2.254978
2.166191
2.364193
2.572320
2.756283
2.605202
2.307857
2.570522
2.745994
2.785127
2.648890
2.432161
2.592155
2.489222
2.841869
3.102249
2.873357
2.408062
1.908610
1.851377
1.945215
1.797544
1.479421
1.802732
2.021561
2.056060
1.971595
1.715729
1.445656
1.398914
1.551415
1.887531
2.079300
2.001620
1.945003
2.055380
1.949516
2.215796
2.390742
2.443089
2.409288
2.335623
2.246171
2.065268
1.717903
1.449492
1.360031
1.535002
1.618423
1.646901
1.566121
1.400527
1.180295
0.962693
0.778320
0.721088
0.734893
0.930620
1.161058
1.455629
1.740482
1.895459
1.771894
1.505289
1.226011
0.977841
0.839907
0.681811
0.517720
0.371958
0.277147
0.313852
0.319366
0.386091
0.432449
0.421671
0.382394
0.527266
0.688104
0.762016
0.886910
1.031485
1.161106
1.231108
1.211279
1.315213
1.427321
1.459508
1.386304
1.379774
1.462893
1.433587
1.398581
1.470432
1.524455
1.509812
1.440559
1.429696
1.403625
1.367059
1.312146
1.188965
1.194124
1.293835
1.381488
1.404007
1.319724
1.194283
1.236197
1.373139
1.490077
1.571314
1.644376
1.716186
1.761504
1.919657
2.104830
2.283507
2.429225
2.477175
2.382482
2.180499
1.962143
1.801972
2.028255
2.246790
2.383786
2.382157
2.247398
2.046144
1.853298
1.667653
1.503537
1.490185
1.665087
1.756121
1.742970
1.633179
1.480866
1.335350
1.217293
1.131682
1.054367
0.933367
0.818335
0.966698
1.032971
0.963942
0.824631
0.704802
0.710918
0.781966
0.859676
1.017925
1.222918
1.450285
1.703688
1.965912
2.160460
2.157767
1.945927
1.687535
1.612596
1.899448
2.203489
2.471439
2.912782
3.397504
3.927126
4.435978
4.781761
4.712862
4.270266
3.723660
3.187701
2.727301
2.439481
2.670361
2.677006
2.460594
2.184978
2.301258
2.268180
2.109586
1.995145
2.185889
2.228338
2.103789
2.031741
2.040370
2.220887
2.217509
2.346824
2.592574
2.363047
1.915345
1.511428
1.318879
1.214165
1.202990
1.085771
1.151989
1.328155
1.354079
1.195013
0.983336
0.853629
0.847389
1.049027
1.214489
1.445530
1.491424
1.343402
1.155636
1.013830
0.967182
0.921126
0.954119
0.960220
1.111239
1.257095
1.346624
1.375525
1.423926
1.584375
1.730127
2.009276
2.003128
1.699147
1.620435
1.567356
1.413506
1.293473
1.312724
1.242841
1.177592
1.168231
1.239411
1.253034
1.191431
1.325923
1.568061
1.793250
1.980309
2.079470
1.986040
1.907963
1.796432
1.568729
1.356289
1.222140
1.312426
1.384998
1.435175
1.487644
1.656635
1.759993
1.927449
2.038860
1.971593
1.791405
1.560914
1.328929
1.303282
1.487808
1.639114
1.584514
1.367204
1.388033
1.566801
1.690175
1.711492
1.582877
1.584596
1.508494
1.351009
1.245873
1.212635
1.075675
1.255463
1.295538
1.507310
1.732599
1.792771
2.046172
2.637800
3.346382
4.183757
5.165014
6.299998
7.550852
8.780124
9.428733
8.647918
7.366264
6.107511
4.989396
4.037784
3.262365
2.702211
2.756953
2.555677
2.979526
3.549772
4.058949
4.317834
4.051024
3.580560
2.988294
2.431055
1.943164
1.524769
1.525564
1.803586
2.131287
2.502569
2.891978
3.233548
3.519455
3.640059
3.408585
3.027716
2.583083
2.180312
1.817614
1.494789
1.236311
1.144423
1.152580
1.044368
1.256468
1.458529
1.496146
1.335487
1.162733
1.246853
1.242745
1.229233
1.300887
1.442416
1.480741
1.904765
2.350598
2.578333
2.348892
2.115744
2.334337
2.586286
2.875852
3.179158
3.492415
3.800236
3.928935
3.835636
3.609763
3.319854
3.040251
2.839041
2.599799
2.353939
2.183920
2.143991
2.007940
2.041039
2.215591
2.241498
2.075265
1.846705
1.592088
1.384471
1.227411
1.357880
1.602113
1.901599
2.246352
2.591850
2.807849
2.746740
2.501571
2.180573
1.898719
1.740403
1.529311
1.298685
1.359170
1.617352
1.835599
1.956667
2.371029
2.977267
3.487246
3.515731
4.041962
4.588436
4.840499
4.612753
4.152236
3.641034
3.176229
2.961915
2.824164
3.204058
3.366982
3.306003
2.997142
2.545125
2.029392
1.519553
1.562854
1.733514
1.685875
1.704538
1.705285
1.847613
2.060399
2.280643
2.454050
2.650103
2.840993
2.984224
2.990926
3.111433
3.256724
3.228031
3.026796
2.752225
2.458556
2.183165
1.932671
1.700981
1.520705
1.326689
1.285111
1.327629
1.363992
1.326205
1.319879
1.367660
1.467229
1.555525
1.549391
1.516133
1.673145
1.872625
2.005037
2.074513
2.027363
1.964361
2.009772
2.065400
1.956043
1.786674
1.653403
1.693934
1.734950
1.854743
1.961097
2.014744
2.118642
2.299273
2.372142
2.314068
2.142417
1.937939
2.115235
2.240113
2.346339
2.446211
2.580284
2.699501
2.733975
2.633760
2.560085
2.784521
3.050556
3.334118
3.641155
3.885319
3.943976
3.764899
3.510679
3.582364
4.309253
5.160491
6.118919
7.193418
8.370615
9.662833
11.147294
12.872324
14.793440
16.508801
17.162273
16.453241
14.946524
13.080338
11.384357
11.956011
13.196306
13.674891
14.028164
15.023557
14.990495
13.941988
12.459535
10.980078
9.663783
8.527324
7.483721
6.600692
6.285502
5.547734
4.942314
5.423917
5.645421
5.442373
4.978167
5.366582
5.881451
6.039538
5.814739
5.287628
5.629015
6.140643
6.688415
7.232590
7.849836
8.548778
9.310060
10.059423
10.674060
10.796626
10.412614
9.665144
9.091708
8.434744
7.732726
7.069809
7.012408
7.411078
7.533433
7.251965
6.760225
6.200706
5.769172
5.250766
4.726850
4.278783
4.382329
4.619087
4.682156
4.514448
4.288418
4.313052
4.277677
4.082506
3.880510
3.586592
3.268961
3.053964
3.082592
2.935718
2.946099
3.213815
3.705760
4.324208
4.848940
5.312157
5.715128
5.936151
5.892139
5.680471
5.352048
5.124217
4.833541
4.565367
4.742227
5.081023
5.341021
5.370478
5.137606
4.780256
4.413905
4.086900
3.827755
3.849254
4.193234
4.559506
4.931902
5.306929
5.671859
6.029484
6.361297
6.509779
6.385613
6.184727
6.370024
6.854476
7.367361
8.225584
8.850751
9.186158
8.833930
8.523576
8.286204
8.001498
7.600131
6.954245
6.334661
6.105269
5.742576
5.410442
5.492654
5.443476
5.298339
5.015339
4.682514
4.411448
4.511318
4.797405
5.026358
5.156570
5.081969
4.889592
4.576927
4.272292
4.136749
4.178036
4.050012
3.794502
3.529783
3.323835
3.271242
3.108285
2.890602
2.860062
2.967685
3.027600
2.909300
2.670626
3.133447
3.833207
4.610761
5.164004
5.204576
4.729713
3.979663
3.246537
2.620244
2.718185
3.008732
3.293951
3.484431
3.488295
3.350480
3.082020
2.765321
2.498628
2.483600
2.354696
2.191486
2.117421
2.365550
2.691670
3.084564
3.487500
3.798445
3.937152
3.745563
3.365570
2.922213
2.518120
2.223712
2.340018
2.273421
2.100462
1.857634
1.732715
1.922749
2.136750
2.355745
2.524790
2.543982
2.715415
2.883596
2.899163
2.829134
2.732895
2.483660
2.211155
2.031026
1.834256
1.607883
1.455379
1.365567
1.321289
1.321613
1.460660
1.644060
1.800236
1.951421
1.914699
1.735500
1.840681
2.207642
2.638780
3.115206
3.627079
4.090171
4.360026
4.146130
3.702565
3.194755
2.754169
2.369195
1.986592
1.644389
1.374882
1.175837
1.111169
1.372090
1.646749
1.757676
1.639746
1.427649
1.290676
1.272708
1.434034
1.605175
1.395369
1.297843
1.042319
1.128959
1.108971
0.992017
0.882834
0.909859
1.053411
1.169387
1.158655
1.045987
0.926854
0.800829
0.803867
0.886851
0.841166
0.731757
0.631211
0.499929
0.378707
0.286207
0.334590
0.415977
0.498835
0.588836
0.583724
0.268968
0.103547
0.108532
0.110571
0.113158
0.137550
0.120285
0.075851
0.066706
0.115809
0.173956
0.225018
0.315729
0.509838
0.768065
0.954312
0.972694
0.974341
1.056694
1.451445
1.897457
2.481903
3.159577
3.958667
4.925822
5.933027
6.307175
5.773268
4.874266
4.376865
4.715527
4.624356
3.928681
2.701969
2.394937
2.087590
2.202070
2.348151
1.954675
1.211107
0.414180
0.194192
0.123292
0.138024
0.107336
0.096643
0.149157
0.195025
0.104066
0.003625
0.000000
0.000337
0.011515
0.071509
0.098891
0.167069
0.239402
0.122225
0.000000
0.000000
0.000000
0.000000
0.000000
0.000000
0.000005
0.000000
0.000000
0.000000
0.000000
0.000000
0.000000
0.000000
0.000000
0.000000
0.000000
