track	type=wiggle_0
fixedStep	chrom=chr	start=1	step=1
0.000000
0.000000
0.000000
0.000000
0.000000
0.000000
0.000000
0.000000
0.000000
0.000000
0.000000
0.007433
0.044411
0.343926
0.730647
0.944116
0.884999
0.663598
0.751282
0.956876
0.697769
0.396696
0.184852
0.072297
0.018122
0.006989
0.005810
0.006769
0.012962
0.011342
0.000853
0.000000
0.000011
0.001509
0.014195
0.024395
0.059789
0.198216
0.519244
0.866851
0.995995
0.935750
0.925009
1.008895
0.964112
0.817572
0.628148
0.583536
0.787844
1.058531
1.371180
1.673319
1.874819
1.774456
1.518756
1.250568
0.984209
0.737953
0.539110
0.400451
0.275030
0.205823
0.128187
0.062358
0.095561
0.113082
0.282847
0.448367
0.503678
0.493590
0.510743
0.497146
0.484696
0.502313
0.875659
1.669043
2.418387
2.837221
2.848877
2.928051
3.058944
3.062870
2.909914
2.646474
2.704781
3.124542
3.373739
3.863183
4.350194
4.312755
4.497570
4.679162
4.731574
4.693103
4.761706
4.928938
5.088842
5.424258
5.801079
6.132334
6.323743
6.341881
6.192231
5.844912
5.436399
5.028248
4.636473
4.272466
3.956606
3.685076
4.165788
4.669516
5.128410
5.522829
5.575991
5.233413
4.769322
4.225322
4.180130
4.450190
4.653372
4.678800
4.485698
4.225571
3.931562
3.789009
4.001013
4.208409
4.399189
4.523715
4.432809
4.202269
4.054697
3.862449
3.715769
3.563625
3.337046
3.091439
2.875906
2.718303
2.444058
2.340071
2.462711
2.499009
2.404394
2.238948
2.149450
2.074220
2.057101
1.994412
1.853787
1.833049
1.819838
2.039460
2.274844
2.473277
2.556011
2.478075
2.284667
2.042675
1.797767
1.569106
1.359053
1.172153
1.278388
1.308462
1.253432
1.145943
1.162925
1.306944
1.456553
1.582018
1.740388
1.933003
2.093321
2.121058
2.127354
2.034657
1.789495
1.543392
1.398563
1.243616
1.354220
1.362293
1.250862
1.103816
1.000194
1.138393
1.253416
1.264507
1.159613
1.086221
1.213726
1.280234
1.379774
1.589236
1.784305
1.864102
1.784932
1.590688
1.387285
1.201320
1.121335
1.455946
1.079942
0.789881
0.732790
0.739874
0.772507
0.678994
0.565275
0.673718
0.771538
0.854289
0.967967
1.050928
1.064816
0.982355
0.849849
0.726240
0.710033
0.748317
0.718282
0.625119
0.527737
0.482641
0.543738
0.564585
0.535084
0.452391
0.368393
0.333406
0.307789
0.254065
0.210480
0.241429
0.258289
0.279919
0.333448
0.339650
0.300382
0.231312
0.211600
0.239271
0.235907
0.257844
0.342802
0.434147
0.515054
0.567145
0.533724
0.453885
0.356242
0.284583
0.210152
0.232923
0.294911
0.333465
0.329373
0.304517
0.304515
0.209339
0.254825
0.268121
0.174094
0.078652
0.048716
0.034139
0.041069
0.037462
0.017119
0.027415
0.066231
0.122489
0.195642
0.291938
0.410984
0.555392
0.709401
0.825355
0.828791
0.731502
0.603343
0.459714
0.333084
0.256546
0.353350
0.440490
0.471826
0.413235
0.325377
0.230686
0.151503
0.094220
0.071947
0.168715
0.284072
0.486713
0.855643
1.329577
1.535173
1.591369
1.591369
1.545212
1.399972
1.090403
1.231951
1.401538
1.324807
1.030672
0.729013
0.482974
0.285248
0.318071
0.436238
0.521714
0.529268
0.459711
0.325597
0.190330
0.091840
0.031985
0.039515
0.044711
0.032374
0.042073
0.140812
0.317478
0.590104
0.767690
0.836769
0.836769
0.762857
0.563815
0.386711
0.503033
0.593695
0.578535
0.474240
0.347940
0.238062
0.263260
0.392268
0.553091
0.739346
0.931304
1.055540
1.014212
0.861676
0.664612
0.485219
0.336488
0.388755
0.415884
0.238310
0.081645
0.012657
0.000000
0.000000
0.000000
0.000000
0.000000
0.000000
0.000000
0.000000
0.000000
0.000000
0.000000
0.000000
0.000000
0.009859
0.035015
0.073988
0.117692
0.126806
0.126492
0.124876
0.122535
0.114164
0.086268
0.037041
0.000563
0.000000
0.000000
0.000000
0.000000
0.000000
0.000000
0.000000
0.000000
0.000000
0.000000
0.000000
0.000000
0.000000
0.000000
0.000000
0.000000
0.000000
0.000000
0.000000
0.000000
0.000000
0.000000
0.000000
0.000000
0.000000
0.000000
0.000000
0.000000
0.000000
0.000000
0.000000
0.004559
0.056795
0.182870
0.420021
0.807161
0.990283
1.041017
1.050983
1.050983
1.050983
1.050983
1.041017
0.996047
0.837042
0.510895
0.263437
0.462640
0.719235
1.003571
1.179453
1.098179
0.882092
0.607142
0.556813
0.755432
0.866512
1.084513
1.200659
1.147947
0.954264
0.755197
0.842201
1.216719
1.687250
2.248598
2.851815
3.248926
3.365744
3.219298
2.725888
2.190566
1.781418
1.390530
1.056723
0.862500
0.691400
0.640005
0.705167
0.628608
0.419451
0.211578
0.131133
0.063505
0.023917
0.004878
0.002707
0.017477
0.082163
0.205881
0.254281
0.201652
0.077651
0.013158
0.000127
0.000000
0.000879
0.002329
0.002291
0.000163
0.000000
0.000000
0.001114
0.000337
0.001451
0.012265
0.033887
0.066840
0.111009
0.216191
0.418350
0.676017
0.923540
0.898748
0.646058
0.410386
0.505269
0.589427
0.707635
0.838677
0.969934
1.063085
1.081511
1.000786
0.870524
0.811415
0.957355
1.088350
1.247080
1.434841
1.621500
1.764734
1.808542
1.700902
1.545121
1.357723
1.174037
1.004968
0.854226
0.721106
0.802938
0.899252
0.943444
1.087906
1.279724
1.475700
1.626615
1.628930
1.552137
1.781578
1.882369
1.865045
1.729094
1.497600
1.421474
1.746185
2.116923
2.522398
2.945538
3.448213
3.960355
4.308343
4.325071
4.018527
3.496172
2.994848
2.594768
2.509497
2.584903
2.599006
2.837780
3.221969
3.472126
4.276642
5.213979
6.298992
7.519814
8.926245
11.023201
12.148734
11.004260
8.837503
7.397021
6.221842
5.410314
5.680071
5.689753
5.766147
6.146105
6.851941
7.108917
6.827757
6.150252
5.346939
4.566479
3.870445
3.258283
2.734780
2.266182
1.913498
1.956696
1.755175
1.432700
1.045121
0.706184
0.443311
0.251485
0.152827
0.086963
0.048192
0.021037
0.055607
0.097242
0.120921
0.145383
0.156946
0.127940
0.174778
0.256295
0.356260
0.465228
0.536780
0.547589
0.484428
0.375470
0.271942
0.186211
0.171616
0.133476
0.118652
0.104693
0.130517
0.126785
0.092702
0.056422
0.024891
0.024244
0.029673
0.025047
0.011108
0.002521
0.000972
0.000302
0.000000
0.011426
0.078900
0.229131
0.539554
0.785134
0.930484
1.091006
1.286567
1.077737
0.927396
0.840871
0.791627
0.766895
0.745913
0.687979
0.557932
0.440371
0.277322
0.168868
0.117467
0.076349
0.034601
0.001004
0.000000
0.000000
0.000000
0.000000
0.000000
0.000000
0.000000
0.000000
0.000000
0.000000
0.000000
0.000000
0.000000
0.000000
0.000000
0.000000
0.000000
0.000000
0.000000
0.000000
0.000000
0.000000
0.000000
0.000000
0.000000
0.000000
0.000000
0.000000
0.000000
0.000000
0.000045
0.021137
0.067068
0.057138
0.106892
0.166904
0.213143
0.225756
0.189652
0.132964
0.081768
0.041329
0.014459
0.001399
0.000000
0.000000
0.004727
0.036750
0.037610
0.041806
0.095153
0.174258
0.281129
0.399796
0.471264
0.439732
0.326671
0.405117
0.531113
0.682869
0.803806
0.788851
0.654116
0.670749
0.681296
0.693633
0.701948
0.710339
0.698042
0.763971
0.990163
1.146377
1.120046
1.034726
1.253204
1.338221
1.368388
1.331538
1.200868
0.953291
0.697448
0.496416
0.669996
0.845017
0.878841
0.750047
0.522830
0.327821
0.374462
0.438507
0.500342
0.585444
0.683729
0.789589
0.897923
1.001771
1.050293
1.034140
0.955023
0.868690
0.791780
0.700580
0.617357
0.540923
0.515397
0.505775
0.471870
0.558150
0.661322
0.781377
0.921263
1.074517
1.231519
1.369328
1.476274
1.467873
1.385824
1.468451
1.652526
1.836931
2.035316
2.240295
2.461069
2.663196
2.780812
2.768472
2.897471
3.106506
3.264453
3.264683
3.103632
2.867183
2.701782
2.656014
2.759902
2.819290
2.811765
2.831479
2.986023
3.036156
2.984066
2.907604
2.749548
2.899173
3.100174
3.294303
3.528757
3.746295
3.931458
4.042836
4.224168
4.332142
4.294144
4.355507
5.226587
6.245343
7.365087
8.411674
8.777065
8.352967
7.345651
6.226648
5.198910
5.012245
5.561895
6.176025
6.858974
7.587739
8.303636
8.950729
9.761499
10.692084
11.751964
12.923187
14.150878
15.234394
15.769865
15.507581
14.463643
13.325312
12.870905
12.682911
12.665662
12.305250
11.713573
11.365750
10.815786
11.462572
12.349033
13.956542
15.424837
16.081501
15.437887
14.009034
12.396362
11.624022
11.981031
11.841287
11.297355
10.708805
10.203733
9.596783
9.088262
8.513459
7.897649
7.308798
6.782959
6.281888
6.275993
6.627249
7.007949
7.231329
7.188406
6.929251
6.515715
6.087741
5.713854
5.968502
6.032521
5.846289
5.533247
5.298859
5.719051
6.164866
6.591012
6.871481
6.895422
6.675147
6.281550
5.861114
5.562834
5.245383
4.943013
4.672103
4.421866
4.171518
3.916743
3.645695
3.353562
3.097960
2.977510
2.814514
2.625899
2.447800
2.305258
2.429473
2.637830
2.849447
3.047423
3.267632
3.459649
3.662840
3.894457
4.122105
4.304480
4.412871
4.308140
4.118651
3.995748
4.187830
4.904907
5.583634
6.126886
6.452072
6.636745
6.630373
6.443688
6.096967
5.687376
5.396622
5.312463
5.294374
5.167597
4.932405
4.634924
4.361580
4.634785
4.963598
5.250805
5.468913
5.491308
5.339911
5.106787
4.820660
4.529899
4.252059
3.977485
3.699126
3.506560
3.358394
3.149832
2.916733
2.556560
2.332396
2.193711
2.188552
2.231703
1.939113
2.402801
2.862143
3.081156
3.173582
3.160974
3.015352
2.625071
1.847703
1.283617
1.105092
0.982292
0.856183
0.738984
0.644179
0.570907
0.480702
0.384082
0.293993
0.216140
0.154630
0.104879
0.064359
0.033218
0.038324
0.036944
0.023367
0.013599
0.003875
0.002272
0.002778
0.000364
0.000823
0.001142
0.000171
0.000103
0.000579
0.004297
0.017011
0.027584
0.024825
0.014740
0.023647
0.016104
0.005413
0.000409
0.000000
0.000000
0.000000
0.000000
0.000000
0.008973
0.032464
0.056087
0.090279
0.159605
0.249346
0.306715
0.272576
0.188834
0.173565
0.257069
0.353586
0.431334
0.606546
0.855660
1.169568
1.546150
1.987660
2.516737
3.112178
3.716719
4.240596
4.476362
4.208427
3.674224
3.041407
2.428980
1.892751
1.441840
1.067680
0.865569
0.791917
0.682875
0.606349
0.513707
0.348793
0.162160
0.032026
0.000904
0.000000
0.000000
0.000000
0.000000
0.000000
0.000000
0.000000
0.000000
0.000000
0.000000
0.000000
0.000000
0.000000
0.000000
0.000000
0.000000
0.000000
0.000000
0.000000
0.000000
0.000000
0.000000
0.000225
0.005016
0.007385
0.007958
0.007983
0.007979
0.008019
0.008095
0.007552
0.004252
0.000000
0.000000
0.000000
0.000000
0.000000
0.000000
0.000000
0.000000
0.000000
0.000000
0.000000
0.000000
0.000000
0.000000
0.000000
0.000000
0.000000
0.000000
0.000000
0.000000
0.000000
0.000000
0.001644
0.045567
0.156313
0.353410
0.669280
0.930797
1.043832
1.037619
0.908712
0.606978
0.337102
0.156961
0.047529
0.030693
0.091564
0.193925
0.325624
0.443082
0.497801
0.422968
0.352619
0.529456
0.752032
0.955363
0.986215
0.977880
1.412778
1.619312
1.403368
0.866604
0.515282
0.283157
0.126164
0.035179
0.001258
0.000241
0.003589
0.001572
0.000000
0.000039
0.008527
0.028850
0.038659
0.027205
0.031829
0.058005
0.058358
0.029697
0.004119
0.000000
0.000000
0.000000
0.006879
0.068685
0.199981
0.351634
0.421784
0.421624
0.680516
0.975449
1.236762
1.231604
0.958545
0.659927
0.406324
0.220072
0.096397
0.025857
0.000548
0.000000
0.000000
0.000000
0.000000
0.000000
0.012531
0.012649
0.000000
0.000000
0.000000
0.000000
0.000000
0.000000
0.000000
0.000000
0.000000
0.000000
0.000076
0.011098
0.032483
0.037149
0.039519
0.071271
0.089057
0.079598
0.045647
0.016033
0.037170
0.047496
0.033649
0.010358
0.002789
0.022601
0.069830
0.127424
0.227971
0.383392
0.590817
0.845532
1.132956
1.422170
1.618486
1.953365
2.480953
3.147920
3.881294
4.529253
5.005453
5.012980
4.527900
3.721269
2.948425
2.290096
1.746480
1.292305
0.924633
0.637294
0.416138
0.257148
0.355643
0.521094
0.669151
0.721041
0.614956
0.465430
0.354876
0.489101
0.659519
0.847071
0.982516
1.078829
1.328227
1.539507
1.635294
1.604484
1.472555
1.247250
1.005850
0.789204
0.610201
0.463302
0.347141
0.240453
0.286130
0.478251
0.736027
1.071510
1.485457
1.976413
2.516100
2.953746
2.967282
2.530411
1.995057
1.511162
1.104680
0.775817
0.516182
0.315166
0.166869
0.067272
0.019773
0.022112
0.030802
0.052287
0.141481
0.182649
0.125496
0.034782
0.000281
0.000000
0.000000
0.000000
0.000000
0.000000
0.000000
0.000000
0.000000
0.000000
0.000000
0.000000
0.000000
0.000000
0.000000
0.000000
0.000000
0.000000
0.000000
0.000000
0.000000
0.000000
0.000000
0.000000
0.000000
0.000000
0.000000
0.000000
0.000000
0.000000
0.000000
0.010837
0.011611
0.000000
0.000000
0.000000
0.000000
0.013677
0.042180
0.036264
0.004966
0.000000
0.000000
0.000000
0.000000
0.000000
0.000000
0.000000
0.000000
0.000000
0.000000
0.000000
0.000000
0.000000
0.000000
0.000000
0.000000
0.000000
0.000000
0.000000
0.000000
0.000000
0.000000
0.000000
0.000237
0.004848
0.031771
0.085350
0.160128
0.277574
0.413946
0.518653
0.536029
0.464527
0.330027
0.200200
0.102017
0.106598
0.265893
0.524326
0.705929
0.826788
1.196726
1.647282
2.159580
2.584884
3.068954
3.585612
3.570377
3.000646
2.343552
1.750788
1.263757
0.875685
0.571289
0.345011
0.204838
0.203806
0.276621
0.272609
0.193208
0.098128
0.091336
0.172338
0.281756
0.417418
0.561043
0.637006
0.632350
0.545332
0.474070
0.598413
0.745364
0.825161
0.723568
0.551887
0.546684
0.527121
0.446591
0.561442
0.716096
0.792853
1.006329
1.325426
1.525145
1.363128
1.109478
0.813286
0.839342
0.884180
0.776675
0.661494
0.868233
1.007807
1.007756
0.880743
0.662408
0.667137
1.000828
1.390436
1.714354
1.840873
1.717932
1.525896
1.359016
1.523272
1.861231
2.015535
2.060735
2.077446
2.072659
2.048085
1.941906
1.722612
1.687066
1.537363
1.175487
0.996694
0.757256
0.518257
0.323041
0.185256
0.146762
0.225958
0.374081
0.483214
0.420144
0.279967
0.148943
0.113750
0.095224
0.038642
0.000408
0.002007
0.008012
0.045347
0.092853
0.101904
0.185909
0.368130
0.648160
1.004944
1.291442
0.984577
0.625791
0.355933
0.180795
0.080672
0.022691
0.003185
0.000265
0.003520
0.016177
0.033319
0.041758
0.038504
0.027061
0.013635
0.010692
0.023828
0.034397
0.027374
0.011888
0.001491
0.000070
0.006528
0.024699
0.050267
0.068012
0.064275
0.042752
0.036435
0.032264
0.037428
0.046935
0.064505
0.070039
0.056716
0.036416
0.025663
0.012214
0.017001
0.052788
0.157587
0.329684
0.579494
0.919108
1.356447
2.024671
2.475823
2.635608
2.673678
2.674349
2.633241
2.465417
2.019376
1.364118
0.960073
0.707657
0.445779
0.249870
0.385190
0.588502
0.843488
1.151581
1.457212
1.634394
1.579327
1.293959
1.521086
1.825276
2.110339
2.249172
2.198420
2.501490
2.944208
3.420877
3.921508
4.334467
4.832472
5.458300
5.880552
5.860942
5.411493
4.740826
4.105715
3.528238
2.999137
2.553970
2.190523
1.849921
1.638361
1.819352
1.880383
1.758091
1.697788
1.733377
1.695649
2.041831
2.457622
2.914336
3.410839
3.852376
4.001286
3.839320
3.409914
2.932542
2.478425
2.070002
2.029933
2.536165
3.141942
3.809311
4.348575
4.432925
3.970583
3.393556
2.739256
2.144420
1.653324
1.276658
1.007176
0.783943
0.797779
1.019159
1.170219
1.170664
1.042874
0.834432
0.650687
0.517196
0.361900
0.234368
0.331838
0.338293
0.218412
0.256425
0.184959
0.147089
0.182335
0.231431
0.288454
0.332344
0.366798
0.432939
0.508534
0.584594
0.630198
0.659129
0.748954
0.840935
0.975061
1.104159
1.177342
1.119113
1.004062
0.878547
0.897560
1.038871
1.133370
1.148470
1.068277
0.919141
0.927188
0.877138
0.761270
0.711606
0.836651
0.963709
1.028413
1.003206
0.884496
0.753106
0.783798
0.865300
0.827965
0.750748
0.637156
0.721146
0.849471
0.966927
1.013649
0.979327
0.864225
0.721689
0.588329
0.752244
1.083232
1.512891
2.152777
2.950370
3.308383
3.411784
3.306338
2.948470
2.163598
1.906268
1.896663
1.958625
1.719764
1.458722
1.421058
1.500562
1.784994
2.123899
2.402380
2.612106
2.768663
2.879925
3.106205
3.579686
4.073341
4.486634
4.553849
4.312386
3.863655
3.389191
3.504695
3.813213
3.983023
3.819221
3.906390
4.210231
3.816935
3.473712
3.747839
4.021871
4.283188
4.415968
4.408188
4.221958
3.975085
3.692049
3.383146
3.086024
2.870133
3.032007
3.103714
3.274705
3.501349
3.668882
3.692599
3.581101
3.573466
3.906738
4.251935
4.617700
5.023140
5.457509
5.827023
5.928601
5.734859
5.367291
5.027905
5.273489
5.448861
5.556705
5.416686
5.501921
5.612202
5.987545
6.358709
6.761147
7.179073
7.356070
7.256396
6.912519
6.514525
6.099259
5.691005
5.592019
5.753606
5.750525
5.557514
5.351654
5.264404
5.101803
4.847781
4.536564
4.185058
4.168458
4.122965
3.970742
4.012142
3.915423
3.918465
4.241796
4.458023
4.527199
4.417966
4.179228
3.905198
3.588875
3.269515
2.981976
3.120993
3.542486
3.847020
3.966950
4.019765
4.015137
3.973517
3.891525
3.779087
3.631970
3.437742
3.203739
2.957831
2.715211
2.880630
3.459551
3.946914
4.205169
3.926835
3.526934
3.016807
3.186228
3.641066
4.070624
4.336467
4.834709
5.471436
6.036088
6.212903
5.871965
5.281724
4.670445
4.152921
3.948531
3.645008
3.309014
3.389014
3.414572
3.191005
2.854559
2.493684
2.504933
2.445807
2.302498
2.146699
1.964124
1.797901
1.789379
1.629416
1.418019
1.411853
1.406260
1.325421
1.214581
1.093287
0.968441
0.991303
1.056049
1.107242
1.128834
1.108901
1.034116
0.978844
1.032677
1.087237
1.195609
1.253120
1.223342
1.314950
1.424885
1.464016
1.405569
1.297414
1.427464
1.590113
1.773098
1.944121
2.125068
2.189586
2.119241
1.919357
1.772708
1.824193
1.741917
1.650998
1.521209
1.357140
1.198634
1.055111
0.940599
0.899368
0.839745
0.809864
0.752690
0.801228
0.921214
0.981928
0.945536
1.072646
1.158556
1.169217
1.051361
1.074314
1.027032
0.913930
0.753373
0.595880
0.499286
0.599705
0.686916
0.764724
0.860111
0.966668
1.070816
1.123943
1.347226
1.666996
1.899981
2.073958
2.153103
2.127818
1.968078
1.706561
1.628089
1.765892
1.847685
1.824806
1.690902
1.536990
1.393731
1.281527
1.457164
1.870734
2.340524
2.793019
3.111281
3.192630
3.562861
4.174393
4.991396
5.952435
6.877366
7.783002
8.421454
8.399934
7.714082
6.659503
5.627866
4.712137
3.907911
3.235015
2.836787
2.496232
2.362437
2.683239
2.770596
2.524848
2.216825
1.995620
2.243031
2.280523
2.057566
1.764115
1.640468
1.596009
1.527791
1.518931
1.675572
1.934583
2.191734
2.434152
2.672817
2.947315
3.256939
3.587558
3.944244
4.315271
4.661024
4.773304
4.624715
4.303398
3.957207
3.613125
3.242570
3.001417
3.200575
3.464248
3.635118
3.555341
3.290894
2.980231
2.778211
2.713598
2.544902
2.543070
2.589963
2.528073
2.502091
2.341180
2.323957
2.491019
2.768226
3.094745
3.451463
3.755753
3.961509
3.913331
3.642264
3.293715
2.980578
2.719087
2.956432
3.265028
3.547446
3.670037
3.662273
3.538226
3.311756
3.274099
3.227808
3.388626
3.517988
3.631200
3.936253
4.243222
4.575603
4.932797
5.291462
5.614427
5.957699
6.158510
6.289727
6.277767
6.075477
5.786107
5.671866
6.031900
6.275569
6.578967
6.960702
7.385494
7.714351
7.787921
7.560326
7.190722
6.825832
6.561385
6.770689
6.752093
6.487284
5.972524
5.338975
4.777704
4.439322
4.180825
3.984738
4.129690
4.157659
4.053751
3.785942
3.977019
4.000313
3.762339
3.429834
3.318920
3.525639
3.539244
3.287379
3.292372
3.466154
3.504168
3.762616
4.056443
4.441128
4.888531
5.360940
5.841006
6.339771
6.752362
6.909492
6.873462
6.803011
6.833968
7.059765
7.361236
7.855336
8.205815
8.313165
8.005016
7.551522
7.011822
6.501875
6.452682
6.499696
6.556825
6.715333
7.128116
7.741117
8.420138
9.133612
9.776509
10.025519
9.812929
9.109108
8.286948
7.493125
6.781692
6.186599
5.802441
5.782603
5.545973
5.472190
5.887169
6.313351
6.556327
6.582608
6.361239
5.985707
5.601315
5.194060
4.774847
4.360601
3.942559
3.526480
3.135329
2.790239
2.494354
2.229944
1.992586
1.862551
2.086643
2.163994
2.049173
1.775684
1.488490
1.228108
0.995401
0.797014
0.624262
0.473070
0.347448
0.292616
0.302739
0.398756
0.515531
0.627378
0.665062
0.648584
0.624982
0.504788
0.373495
0.421198
0.598028
0.823623
1.062339
1.233598
1.310234
1.194059
0.957356
0.755373
1.027826
1.251553
1.434115
1.248146
0.922806
0.607278
0.378535
0.225300
0.091260
0.011452
0.000000
0.000000
0.000000
0.000000
0.000000
0.000000
0.000000
0.000000
0.000000
0.000000
0.000000
0.000000
0.000000
0.000000
0.000000
0.000000
0.000000
0.000000
0.000000
0.000000
0.000000
0.052964
0.006260
0.055158
0.175979
0.385862
0.696061
1.076212
0.000000
0.000000
0.000000
0.000000
0.000000
0.000000
0.000000
0.000000
0.000000
