track	type=wiggle_0
fixedStep	chrom=chr	start=1	step=1
0.000000
0.000000
0.000000
0.000000
0.000000
0.000000
0.000000
0.000000
0.000000
0.000000
0.000000
0.000000
0.000000
0.000000
0.000000
0.000000
0.000000
0.000000
0.000000
0.000000
0.000000
0.000000
0.000000
0.000000
0.000000
0.000000
0.000000
0.000000
0.000000
0.000227
0.000235
0.000000
0.000000
0.000000
0.000000
0.000000
0.000000
0.000000
0.000000
0.000070
0.007532
0.036106
0.088410
0.152640
0.226716
0.337662
0.479591
0.646798
0.816001
0.952475
1.063326
1.327290
1.640131
1.948230
2.106662
1.968493
1.669569
1.349293
1.066303
0.844519
0.678085
0.510582
0.376376
0.257474
0.160276
0.089489
0.045237
0.029944
0.010707
0.000185
0.000070
0.008404
0.028356
0.040618
0.106856
0.303178
0.650619
0.810506
0.854225
0.860708
0.854225
0.824290
0.717720
0.435068
0.407070
0.438663
0.522862
0.643351
0.779844
0.908083
1.029427
1.071397
1.066589
0.994887
0.870733
0.745248
0.672076
0.626171
0.654750
0.780891
0.920996
1.061819
1.191773
1.242071
1.184803
1.049486
0.898990
0.756916
0.704437
0.803824
0.875545
1.070728
1.134197
1.145364
1.145364
1.301461
1.494376
1.558338
1.452418
1.254091
1.048077
0.865226
0.797799
0.987561
1.151395
1.188872
1.390982
1.710204
2.093780
2.538208
3.042854
3.570339
3.985645
4.180818
3.895661
3.437765
3.125909
3.759114
4.521641
5.368852
6.115233
6.456043
6.095276
5.344959
4.505236
3.770267
3.207412
2.913574
2.541370
2.122105
1.715097
1.351298
1.052111
0.896425
0.886947
0.768555
0.623560
0.539806
0.702205
0.880454
1.050772
1.100612
1.056387
0.959373
0.882536
0.770862
0.960750
1.201424
1.496473
1.849222
2.233493
2.573601
2.759535
2.574791
2.242722
1.997118
2.102283
1.987044
2.045439
1.942263
1.706068
1.460576
1.227066
1.022118
0.856608
0.906215
0.995925
1.012465
0.944094
0.805637
0.851100
0.970003
1.017526
0.998938
0.946653
1.090951
1.243034
1.379645
1.432042
1.379789
1.243172
1.091283
0.948008
0.819544
0.709822
0.604400
0.539312
0.605693
0.699900
0.793073
0.919836
1.055918
1.144256
1.158400
1.081246
0.952034
0.835787
0.948504
1.050354
1.079851
1.041618
0.937438
0.822650
0.917047
0.987298
0.994844
0.954024
0.873977
0.886833
0.906569
0.869884
0.774326
0.666137
0.607760
0.707222
0.797024
0.862514
0.885436
0.995520
1.093135
1.114175
1.063261
0.961506
0.857600
0.770679
0.680359
0.604793
0.531791
0.511559
0.538830
0.537778
0.620247
0.692304
0.652616
0.524101
0.380283
0.309822
0.280802
0.303332
0.334182
0.371871
0.410767
0.402084
0.353645
0.294148
0.235856
0.182784
0.130060
0.214847
0.348819
0.497853
0.600241
0.607675
0.626917
0.771082
1.047837
1.405730
1.834978
2.351140
2.963228
3.603186
3.976614
3.866569
3.442789
2.882914
2.361338
1.975669
1.681955
1.576467
1.575847
1.758407
2.039458
2.389399
2.594356
2.482322
2.217453
1.924236
2.060671
2.018915
1.881360
1.670235
1.792914
1.720494
1.601757
1.808587
1.954892
1.982316
2.270397
2.507917
2.535714
2.355204
2.080436
1.810611
1.592521
1.378493
1.240732
1.088431
1.107620
1.194576
1.263390
1.426109
1.507636
1.445788
1.298910
1.107636
0.952668
1.302500
1.719621
2.097687
2.321622
2.140182
1.929958
2.038854
2.131054
2.211346
1.992094
1.653876
1.293398
0.984419
0.711828
0.549541
0.560639
0.695941
0.873240
1.022611
1.101236
1.244307
1.211526
1.016606
0.805269
0.610700
0.446455
0.311271
0.206930
0.330955
0.369084
0.252306
0.350251
0.546581
0.689098
0.664130
0.509928
0.320663
0.174207
0.092511
0.031778
0.001769
0.000000
0.000000
0.000000
0.000000
0.007607
0.044441
0.068252
0.094996
0.105337
0.102462
0.098325
0.096464
0.092787
0.080407
0.043522
0.004335
0.000000
0.000305
0.003092
0.038273
0.070375
0.016571
0.000000
0.000000
0.000000
0.000000
0.000000
0.000000
0.000000
0.000000
0.000000
0.000000
0.000000
0.000000
0.000000
0.000000
0.000000
0.000000
0.000000
0.000000
0.000000
0.000000
0.000000
0.000000
0.000000
0.000000
0.000000
0.000000
0.000000
0.000000
0.000000
0.000000
0.000000
0.000000
0.000000
0.000000
0.000000
0.000000
0.000000
0.000000
0.000000
0.000000
0.000000
0.000000
0.002593
0.041989
0.122719
0.195656
0.191033
0.117959
0.072700
0.160362
0.288089
0.461590
0.685529
0.962839
1.286566
1.677918
2.160480
2.738187
3.419354
4.217267
5.143269
6.107640
6.891809
6.891808
6.111486
5.168006
4.321121
3.751092
3.408463
2.853342
2.296386
1.802783
1.385298
1.036880
0.750465
0.519075
0.336834
0.198528
0.100084
0.036888
0.005236
0.000000
0.000000
0.000000
0.000000
0.006399
0.023186
0.034437
0.020194
0.004790
0.000000
0.000000
0.000000
0.000000
0.000000
0.000000
0.000000
0.000000
0.000000
0.000000
0.000000
0.000000
0.000000
0.000000
0.000000
0.000000
0.000000
0.000000
0.010406
0.048016
0.079890
0.048016
0.010406
0.029943
0.061999
0.106121
0.154118
0.182813
0.179559
0.143535
0.107302
0.112952
0.135384
0.124335
0.094842
0.067851
0.111036
0.157888
0.189102
0.187777
0.153570
0.108433
0.066524
0.034473
0.013006
0.011117
0.038563
0.082563
0.145905
0.219534
0.275198
0.283243
0.327052
0.514834
0.661196
0.660413
0.521997
0.364635
0.478408
0.584253
0.630989
0.836574
1.073599
1.361023
1.694071
2.032952
2.259756
2.288456
2.100424
1.859353
1.754613
1.803942
2.129170
2.407880
2.704888
2.970663
3.016737
3.211169
3.708630
4.320727
5.038592
5.820471
6.522748
7.461476
8.332048
7.450877
5.875726
4.799441
3.987219
3.600561
3.607765
3.655505
3.755023
4.148508
4.707815
4.939224
4.748495
4.237470
3.619846
3.032119
2.498414
2.047216
1.702234
1.561774
1.720928
1.761790
1.577686
1.280658
0.928603
0.620791
0.382601
0.397905
0.512768
0.620153
0.720964
0.763485
0.737333
0.649556
0.549813
0.474358
0.376849
0.301102
0.226239
0.158927
0.106449
0.061194
0.041424
0.027696
0.028004
0.045860
0.062578
0.055281
0.033128
0.012671
0.001528
0.000000
0.000000
0.000000
0.000000
0.000000
0.000000
0.000000
0.000957
0.002859
0.001104
0.000000
0.000000
0.000000
0.000000
0.000000
0.000000
0.000000
0.000000
0.003122
0.008702
0.012037
0.010157
0.022099
0.071433
0.191137
0.340294
0.547274
0.635816
0.635331
0.744782
1.074798
1.424513
1.781955
1.728143
1.268214
0.858214
0.546109
0.313677
0.153762
0.092478
0.060502
0.034399
0.016896
0.064127
0.138084
0.212325
0.276471
0.302364
0.291199
0.231094
0.172433
0.152198
0.162047
0.182630
0.139570
0.081807
0.038851
0.019554
0.022022
0.025953
0.017529
0.003481
0.000000
0.004449
0.020478
0.047314
0.085148
0.141050
0.211691
0.294371
0.388563
0.498114
0.614371
0.718947
0.738098
0.666154
0.562251
0.456497
0.358857
0.274328
0.199591
0.135577
0.112369
0.162278
0.191938
0.191805
0.170581
0.172089
0.253838
0.368735
0.499120
0.575541
0.574748
0.552920
0.696597
0.879770
1.098307
1.242839
1.226581
1.067931
0.891325
0.688927
0.606189
0.626244
0.555858
0.541873
0.785844
1.053263
1.211867
1.146331
1.416587
1.880219
2.491458
3.054121
3.037154
2.469922
2.009377
1.823627
1.551110
1.732216
2.120399
2.063119
1.510131
1.124856
0.827065
0.953816
0.958902
0.837695
0.676024
0.523947
0.404886
0.305428
0.377931
0.449306
0.408477
0.454752
0.510154
0.489483
0.415933
0.474749
0.526569
0.505574
0.587291
0.629408
0.588175
0.476754
0.508135
0.493153
0.448282
0.510056
0.516963
0.467555
0.465301
0.568411
0.675199
0.783922
0.822860
0.948388
1.100115
1.241626
1.336455
1.343468
1.249044
1.078759
0.901104
0.736843
0.604157
0.686205
0.825660
0.875959
0.812593
0.677242
0.539636
0.556916
0.680833
0.763626
0.771938
0.813153
0.880193
0.891221
0.882398
0.840692
0.897209
0.909385
0.839217
0.804921
0.836408
0.890928
1.151836
1.555294
2.039321
2.593740
3.153729
3.553471
3.994669
4.099739
3.807829
3.170576
2.530366
2.424998
2.413732
2.398968
2.620021
2.543792
2.342970
2.173645
1.910678
1.857157
2.296588
2.521379
2.360486
1.988175
2.041522
2.362216
2.558129
2.498186
2.241260
1.893916
1.570331
1.893026
2.209975
2.312524
2.196783
1.874395
1.531281
1.542400
1.449635
1.580051
1.937421
2.269956
2.267957
1.928775
1.978372
2.235115
2.497099
2.722293
2.892944
2.845274
2.637389
2.362505
2.201646
2.454590
2.660902
2.689757
2.590561
2.507503
2.475942
2.550353
2.703639
2.697277
2.485754
2.194017
1.896282
1.622572
1.380073
1.171829
1.311813
1.463851
1.644375
1.813316
1.862144
1.788157
1.606150
1.410788
1.226805
1.082093
1.066606
1.002054
0.902553
0.880865
1.050011
1.234473
1.408647
1.528183
1.529130
1.419845
1.266546
1.085479
0.920632
0.783121
0.660182
0.552920
0.462643
0.384082
0.418512
0.428046
0.375818
0.290787
0.206403
0.155461
0.159713
0.155884
0.137343
0.096680
0.124764
0.164278
0.199729
0.210909
0.189137
0.154303
0.185456
0.242020
0.215054
0.200512
0.197942
0.336481
0.582663
0.974790
1.575695
1.979318
2.121914
2.122500
1.988374
1.612758
1.060071
0.706200
0.567401
0.632545
0.586133
0.470320
0.407853
0.602838
0.846478
1.103150
1.235278
1.166662
0.964629
0.721325
0.502934
0.455565
0.655323
0.872820
1.120438
1.244460
1.666015
2.245606
2.704420
2.934904
3.033226
3.026311
2.894616
2.539653
1.814209
1.257728
0.843047
0.534670
0.308532
0.152483
0.055947
0.008552
0.000000
0.000000
0.000000
0.000000
0.000000
0.000000
0.000000
0.000000
0.000000
0.000000
0.000000
0.000000
0.000000
0.000000
0.000000
0.000000
0.000000
0.000000
0.000000
0.000000
0.000000
0.000000
0.000000
0.000000
0.000000
0.000000
0.000000
0.000000
0.000000
0.000000
0.000000
0.000000
0.000000
0.000000
0.001722
0.009687
0.013644
0.020810
0.070751
0.175752
0.338115
0.548562
0.810037
1.269446
1.706166
1.890872
1.937770
1.931670
1.869154
1.714650
1.471714
1.786682
2.074464
2.126379
1.872725
1.550920
1.403640
1.661289
2.026667
2.460645
2.896787
3.218409
3.191703
2.853563
2.406504
2.029623
1.693688
1.650179
1.842904
1.933863
1.987274
1.867973
1.631089
1.330005
1.045843
0.797419
0.591412
0.423254
0.284623
0.175963
0.119618
0.314473
0.434913
0.468155
0.465276
0.432087
0.337495
0.201226
0.223039
0.292533
0.460550
0.774281
0.931781
0.991058
0.989439
0.936803
0.807297
0.555838
0.331765
0.118047
0.021949
0.003351
0.007802
0.006923
0.001413
0.000000
0.000000
0.000000
0.000000
0.000000
0.000000
0.000000
0.000000
0.000000
0.000000
0.000000
0.000000
0.000000
0.000000
0.000000
0.001886
0.009436
0.018251
0.020801
0.012347
0.003534
0.000000
0.000000
0.000507
0.036715
0.138915
0.325533
0.626219
0.888744
1.032577
1.124537
1.535953
1.891479
1.944108
1.692833
1.285662
0.906487
0.728372
1.017077
1.338538
1.592617
1.663099
1.456833
1.156557
0.860208
1.071844
1.465195
1.983255
2.613186
3.327223
3.882229
3.214199
2.418158
1.791986
1.342961
0.971744
0.652574
0.466426
0.620313
0.799212
1.002000
1.234672
1.466345
1.687089
1.797078
1.710898
1.459520
1.179579
0.928525
0.898518
0.921956
0.856561
0.701181
0.570625
0.505318
0.386797
0.292166
0.244315
0.321633
0.411184
0.516225
0.640070
0.785194
1.120898
1.541083
2.052503
2.664907
3.321732
3.822554
3.834331
3.336870
2.671103
2.068884
1.569758
1.431143
1.627282
1.804144
1.877769
1.797983
1.620280
1.456966
1.319419
1.190125
1.355347
1.655492
1.985633
2.299287
2.468779
2.437375
2.256815
2.357061
2.769092
3.238798
3.785441
4.388844
4.941809
5.139024
4.936481
4.400428
3.801075
3.256553
2.786950
2.396100
2.051654
1.768347
1.614727
1.780944
1.789438
1.628955
1.376331
1.122779
0.899940
0.826414
1.096124
1.432258
1.804669
1.975725
1.820235
1.459267
1.311286
1.504577
1.714394
1.926999
2.038161
1.979966
1.809523
1.622932
1.830039
1.930877
1.907241
1.774039
1.561626
1.348334
1.154111
0.969890
0.800218
0.646065
0.601910
0.677920
0.770157
0.855627
0.942500
0.940805
0.856645
0.724100
0.816567
0.816765
0.702179
0.544110
0.406488
0.361138
0.421251
0.547805
0.660862
0.770212
0.766168
0.664023
0.565539
0.749270
0.840131
0.802920
0.751810
0.941202
0.955374
0.775474
0.525869
0.444849
0.466189
0.442735
0.415570
0.455912
0.479354
0.469709
0.479275
0.441078
0.370617
0.287370
0.214703
0.156211
0.108788
0.073000
0.046734
0.064220
0.062326
0.043524
0.022119
0.020873
0.043282
0.065416
0.071226
0.078469
0.066006
0.040905
0.043533
0.078053
0.115648
0.127980
0.110197
0.073341
0.038674
0.056430
0.181115
0.402095
0.724948
0.869000
0.785381
0.512403
0.235872
0.097076
0.021639
0.001610
0.003564
0.000647
0.000007
0.002195
0.005925
0.004830
0.000744
0.000000
0.000000
0.000000
0.000000
0.000000
0.000025
0.001649
0.021777
0.064418
0.110172
0.127554
0.096490
0.076819
0.047996
0.074003
0.117783
0.136055
0.165283
0.169878
0.229240
0.377521
0.553373
0.700063
0.700935
0.552516
0.381517
0.400023
0.521667
0.641874
0.706528
0.884888
1.072130
1.203078
1.375267
1.452795
1.351578
1.116229
0.867423
0.646761
0.460555
0.305089
0.330380
0.534017
0.809309
1.154887
1.569616
2.084139
2.709379
3.462034
4.280449
4.987686
4.994848
4.300901
3.479594
2.722025
2.083428
1.558232
1.129666
0.793400
0.551936
0.349907
0.199741
0.108987
0.097741
0.108675
0.193190
0.300307
0.408271
0.455763
0.415135
0.305876
0.200861
0.123898
0.175026
0.226583
0.237671
0.201935
0.150659
0.101730
0.059322
0.095934
0.130563
0.207648
0.304828
0.416196
0.529899
0.630427
0.648669
0.578992
0.480144
0.366072
0.275391
0.202146
0.128853
0.119711
0.110874
0.115968
0.110915
0.120299
0.149003
0.218420
0.289761
0.434189
0.607507
0.776656
0.883292
0.829302
0.802586
1.044195
1.321769
1.413855
1.207614
0.878532
0.612082
0.530350
0.728827
0.972632
1.112617
1.293415
1.606507
1.829977
2.159682
2.541620
2.622324
2.402775
1.966314
2.428717
3.006672
3.393250
3.104354
2.546323
1.958645
1.449694
1.036847
0.735801
0.571815
0.520141
0.476191
0.529017
0.512562
0.384721
0.223614
0.102062
0.040538
0.144258
0.269201
0.173013
0.060573
0.006535
0.000000
0.000000
0.000000
0.000063
0.005144
0.006539
0.002683
0.003063
0.000035
0.000000
0.000000
0.003552
0.010416
0.015119
0.029375
0.028733
0.022331
0.027066
0.016135
0.006197
0.001347
0.001202
0.002472
0.007648
0.028246
0.053705
0.056703
0.034706
0.013931
0.002149
0.000000
0.000000
0.000000
0.000000
0.000000
0.004220
0.050368
0.152873
0.321468
0.564504
0.887681
1.299187
1.930277
2.368384
2.531324
2.568691
2.571906
2.541903
2.426629
2.142735
1.714608
2.056554
2.226014
2.032921
1.692433
1.386843
1.330969
1.407062
1.553260
1.734890
1.881585
1.681364
1.352118
1.010295
0.710921
0.458452
0.403173
0.403284
0.403578
0.399647
0.390522
0.365922
0.297012
0.161546
0.122089
0.131934
0.140672
0.200825
0.290481
0.404770
0.542814
0.672302
0.722280
0.672242
0.528684
0.459389
0.406618
0.329831
0.361102
0.439049
0.596032
0.794233
1.003322
1.139895
1.147164
1.001948
0.786311
0.605778
0.450673
0.319992
0.215760
0.143112
0.106552
0.114042
0.110461
0.069849
0.078461
0.110815
0.114417
0.113211
0.111193
0.175810
0.289507
0.473449
0.725926
1.006011
1.139248
1.023416
0.738062
0.542177
0.651490
0.724211
0.741479
0.702763
0.601910
0.488840
0.445138
0.476134
0.498705
0.550883
0.631803
0.719855
0.783479
0.785348
0.890211
1.007138
1.138275
1.282047
1.421264
1.559597
1.709057
1.864941
2.040243
2.256341
2.516282
2.780408
3.026013
3.274312
3.458423
3.564394
3.507128
3.323071
3.097244
2.861560
2.703483
2.765652
2.677100
2.477513
2.608071
2.834081
3.048817
3.229023
3.230466
3.049974
2.820383
2.574724
2.348065
2.140558
1.950869
1.773587
1.613888
1.460008
1.524093
1.887779
2.120998
2.040693
1.854321
2.195832
2.676711
3.147031
3.681596
4.366710
5.164103
5.927943
6.762639
7.530931
7.739770
7.541497
6.762872
5.238825
4.116022
3.735023
4.323284
4.881193
5.216449
5.229453
4.965785
4.456700
3.968694
3.570706
3.110747
2.821117
3.147953
3.646310
4.169415
4.523087
4.484838
4.043585
3.522486
3.317950
3.247737
2.993553
2.733854
2.450845
2.724817
3.715485
4.051044
3.672552
2.608640
1.937572
2.182121
2.315019
2.335477
2.252035
2.222152
2.077001
1.845445
1.653726
1.829964
2.054971
2.289471
2.504879
2.622108
2.606829
2.467552
2.279167
2.304489
2.434741
2.473267
2.487099
2.350416
2.316821
2.534920
2.699774
2.713148
2.606905
2.699465
2.728390
2.636075
2.448025
2.288365
2.351605
2.296876
2.159567
2.035911
2.080286
2.186614
2.241204
2.415581
2.663294
2.975144
3.287513
3.513657
3.550072
3.335474
3.042075
2.740175
2.470311
2.286103
2.526614
2.707384
2.757072
2.617120
2.375191
2.135536
1.890681
1.663508
1.472299
1.382872
1.535704
1.642871
1.636714
1.522547
1.381490
1.462919
1.529721
1.899101
2.361929
2.908263
3.538045
4.235965
4.942464
5.618786
5.809083
5.466916
4.722788
3.960205
3.344044
3.114855
3.063309
2.761514
2.349857
1.911167
1.819457
2.225032
2.626286
2.813348
2.636879
2.281265
1.851044
1.868062
2.248382
2.536829
2.557759
2.300226
1.962516
1.708681
1.633999
1.406935
1.372429
1.477942
1.543307
1.562923
1.630957
1.623373
1.567657
1.518955
1.651174
1.911890
2.150481
2.288905
2.290473
2.186116
2.051699
2.106819
2.051292
1.918883
1.768341
1.825325
1.810993
1.710448
1.676676
1.820785
1.913755
2.019783
2.066720
2.206997
2.377245
2.502435
2.533052
2.425592
2.253209
2.058877
1.920570
1.968774
2.133853
2.371316
2.617006
2.859585
3.058242
3.157026
3.370236
3.644449
3.966682
4.291251
4.570553
4.854448
4.955274
4.829431
4.511770
4.243231
4.293907
4.123851
3.811652
3.487912
3.181178
2.909750
2.646067
2.388263
2.136923
1.924073
1.800486
1.856559
1.829165
1.713773
1.579599
1.740195
1.855296
1.817229
1.862272
2.096371
2.220385
2.186378
2.027133
1.781254
1.535215
1.306520
1.099413
0.918479
0.762984
0.643308
0.591071
0.627107
0.643410
0.579031
0.499480
0.600250
0.687010
0.714145
0.779341
0.976909
1.114390
1.113180
0.973643
0.803280
1.148844
1.558828
2.228729
2.853713
3.125411
3.194546
3.201373
3.197916
3.197076
3.463205
4.058609
4.733108
5.492926
6.218607
6.471662
7.067925
7.982394
8.577856
8.260674
7.426955
6.331930
5.302536
4.407182
3.639258
2.978389
2.414236
1.983706
1.806593
1.879736
1.959439
1.760398
1.607067
1.850285
2.092247
2.124899
1.907528
1.637476
1.433621
1.232283
1.034246
0.839334
0.657327
0.778787
0.872587
0.788164
0.544041
0.430888
0.548108
0.678567
0.822674
0.935028
0.938960
0.832229
0.683388
0.626476
0.622359
0.688147
0.761815
0.857852
0.996422
1.132380
1.181866
1.115992
0.988499
0.916951
0.981671
0.943794
0.950961
0.943447
0.908008
0.787148
0.753020
0.827193
0.839775
0.893137
0.957258
0.978953
1.038541
1.104348
1.249821
1.352263
1.319482
1.173643
1.011601
0.992870
1.021336
1.051957
1.029178
1.124744
1.185780
1.182860
1.250145
1.326326
1.344605
1.444981
1.555764
1.734096
2.029988
2.374584
2.507506
2.595707
2.772645
3.002360
3.240938
3.472097
3.726665
3.985157
4.136833
4.140595
3.996006
3.749258
3.478007
3.240353
3.081575
3.181471
3.229958
3.206259
3.309943
3.398048
3.397541
3.246534
3.515124
4.077514
4.335512
4.313838
3.940647
2.990265
2.084219
1.898387
1.905188
1.986822
2.118239
2.178172
2.147866
2.122648
2.419567
2.816094
3.211012
3.482515
3.926446
4.413326
4.750054
4.616534
4.141126
3.582611
3.160625
3.134126
3.428926
3.913409
4.347843
4.586302
5.126359
5.112586
4.870969
4.898311
4.954739
5.180477
5.671908
6.168747
6.588603
6.968968
7.426786
7.945926
8.404840
8.526670
8.294643
7.798902
7.634240
7.753060
7.680070
7.499139
7.383373
7.905558
8.540029
9.105048
9.297255
9.068345
8.405596
7.653115
6.970623
6.348851
5.814486
5.482294
5.413364
5.179875
5.214722
5.630522
6.021664
6.254119
6.269348
6.048589
5.667112
5.263752
4.858091
4.457029
4.056636
3.663735
3.264664
2.885788
2.555158
2.267581
2.011066
1.772329
1.558168
1.504556
1.557953
1.702918
1.898345
2.111566
2.290326
2.363647
2.472238
2.567272
2.717752
2.967315
3.246916
3.552471
3.877015
4.171600
4.243231
3.586232
1.838760
1.067515
0.820174
0.506077
0.396297
0.555698
0.754921
0.988769
1.211614
1.301171
1.194764
0.964747
0.731012
0.982179
1.158863
1.329391
1.279567
1.463374
1.571020
1.337037
0.635689
0.433984
0.211338
0.073833
0.051356
0.037168
0.017331
0.000000
0.000000
0.000000
0.000000
0.006864
0.035677
0.088732
0.164776
0.268160
0.402545
0.553100
0.655237
0.542938
0.361203
0.354762
0.467904
0.660489
0.905002
1.181142
1.454200
1.574720
1.425794
1.635373
2.014329
2.479889
2.918842
3.258380
3.778588
4.382541
4.693152
5.338046
6.203474
6.780099
5.906751
3.487905
2.890999
3.191412
3.481575
0.062650
0.000000
0.000000
0.000000
0.000000
0.000000
0.000000
0.000000
0.000000
