track	type=wiggle_0
fixedStep	chrom=chr	start=1	step=1
0.000000
0.000000
0.000000
0.000000
0.000000
0.000000
0.000000
0.000000
0.000000
0.000302
0.011441
0.115420
0.839048
2.034081
3.149752
3.964873
3.509650
2.879435
2.498873
2.067434
1.651920
1.291778
1.006854
0.831280
0.765727
0.691359
0.666124
0.566562
0.446569
0.430469
0.520384
0.492837
0.590643
0.626273
0.763080
0.789409
0.857777
0.921729
1.113123
1.554907
1.850951
1.962733
1.853626
1.594206
1.338535
1.090778
0.868231
0.688555
0.718120
0.976188
1.277123
1.567681
1.766717
1.670301
1.419151
1.158100
0.904329
0.670149
0.480757
0.348224
0.231008
0.178847
0.171213
0.212606
0.256076
0.374661
0.703767
0.908787
0.990079
1.005177
0.968842
0.965892
0.887198
0.766452
1.161717
2.054318
2.950716
3.584518
3.874467
3.871174
3.634319
3.328796
3.032690
3.141922
4.009952
4.381476
4.539318
4.864314
5.418772
5.691363
5.808891
5.655915
5.417024
5.114025
4.756136
4.604448
4.757766
5.085292
5.450803
5.771070
5.961271
5.988519
5.843638
5.503852
5.105683
4.705225
4.328832
3.980151
3.672332
3.479683
3.947416
4.440543
4.889883
5.281185
5.333200
5.000153
4.545959
4.013932
3.841366
4.104734
4.308397
4.332377
4.139748
3.887755
3.604330
3.483119
3.686503
3.886941
4.070438
4.190002
4.102499
3.881158
3.716242
3.533818
3.400006
3.256132
3.037300
2.803753
2.597467
2.448505
2.186165
2.074405
2.190609
2.224646
2.134969
1.980113
1.897945
1.876830
1.864634
1.804143
1.667913
1.641654
1.642851
1.851278
2.078152
2.267316
2.348944
2.271814
2.087383
1.854411
1.622514
1.408537
1.210205
1.032568
1.109235
1.137376
1.086305
0.988530
1.008971
1.139969
1.281312
1.403722
1.557435
1.741096
1.892678
1.918706
1.968281
1.879068
1.642688
1.383209
1.229776
1.092744
1.196977
1.205419
1.100755
0.964102
0.873439
1.001045
1.109329
1.119632
1.020544
0.920115
1.040733
1.104350
1.233167
1.432195
1.620015
1.698095
1.620612
1.433516
1.240248
1.064743
1.082052
1.412203
1.041785
0.642956
0.592599
0.668036
0.698908
0.610275
0.462198
0.561649
0.649069
0.723408
0.827779
0.908331
0.921269
0.841251
0.719616
0.609298
0.589163
0.624568
0.597379
0.511909
0.424714
0.382213
0.436676
0.455508
0.429241
0.355669
0.282018
0.244758
0.222600
0.177452
0.143681
0.169054
0.183678
0.209060
0.255562
0.261028
0.226997
0.167757
0.142745
0.165414
0.162564
0.193082
0.266582
0.347605
0.419888
0.467113
0.436803
0.364878
0.278541
0.216428
0.152098
0.170140
0.223873
0.257766
0.253874
0.284673
0.284914
0.192847
0.240897
0.252595
0.161030
0.071587
0.043346
0.029748
0.032612
0.029334
0.011455
0.012849
0.042371
0.089567
0.153453
0.239189
0.348933
0.483823
0.628941
0.737567
0.740886
0.649851
0.528722
0.394095
0.276629
0.204288
0.291230
0.369567
0.397134
0.343489
0.265154
0.181176
0.111736
0.063594
0.061381
0.152710
0.263003
0.458275
0.823097
1.284669
1.485023
1.539794
1.539794
1.494861
1.353409
1.051873
1.170870
1.339602
1.265355
0.977629
0.682756
0.444760
0.255816
0.278430
0.390195
0.472152
0.480383
0.415366
0.288118
0.162316
0.071947
0.020535
0.020333
0.024177
0.015431
0.035397
0.129298
0.299477
0.564011
0.736547
0.803857
0.803857
0.731885
0.538657
0.328450
0.435418
0.519995
0.505731
0.408913
0.292451
0.192404
0.219103
0.337155
0.486914
0.663985
0.844774
0.966150
0.926854
0.779215
0.590038
0.422330
0.285750
0.369514
0.395353
0.223284
0.073027
0.009431
0.000000
0.000000
0.000000
0.000000
0.000000
0.000000
0.000000
0.000000
0.000000
0.000000
0.000000
0.000000
0.000000
0.007426
0.029896
0.067112
0.108565
0.117241
0.116912
0.115357
0.113098
0.105079
0.078464
0.032164
0.000117
0.000000
0.000000
0.000000
0.000000
0.000000
0.000000
0.000000
0.000000
0.000000
0.000000
0.000000
0.000000
0.000000
0.000000
0.000000
0.000000
0.000000
0.000000
0.000000
0.000000
0.000000
0.000000
0.000000
0.000000
0.000000
0.000000
0.000000
0.000000
0.000000
0.000000
0.000000
0.002466
0.049219
0.169661
0.399548
0.776943
0.955545
1.005075
1.014809
1.014809
1.014809
1.014809
1.005075
0.961182
0.806108
0.489589
0.246944
0.427342
0.674590
0.948676
1.121105
1.042144
0.831568
0.565593
0.504235
0.697036
0.803898
1.005794
1.117334
1.066328
0.880198
0.690153
0.792733
1.159334
1.617756
2.167439
2.759905
3.154665
3.249295
3.106409
2.626355
2.103266
1.698507
1.312677
0.989571
0.801897
0.715678
0.616538
0.681367
0.847147
0.958454
0.970343
0.917496
0.911538
0.966756
1.021173
1.291666
1.678471
2.138420
2.540776
2.743541
2.573588
2.155768
1.688807
1.281976
0.941958
0.664914
0.456556
0.302210
0.178759
0.114954
0.111276
0.097822
0.163064
0.257767
0.363157
0.462696
0.541029
0.520305
0.410359
0.403003
0.650311
0.892800
0.865190
0.614944
0.640778
0.647256
0.629148
0.660918
0.710749
0.832887
0.928935
0.951443
0.978335
0.955039
1.085640
1.161498
1.122739
1.092315
1.270583
1.450684
1.589730
1.640244
1.593826
1.663838
1.735037
1.714520
1.597267
1.423160
1.241122
1.086532
1.165433
1.174581
1.086801
1.235636
1.426924
1.547580
1.512583
1.424250
1.639333
1.736215
1.719769
1.589681
1.367483
1.311466
1.625489
1.983008
2.376549
2.787593
3.279246
3.780604
4.119370
4.135882
3.836666
3.325393
2.834024
2.453088
2.357353
2.429560
2.441699
2.665859
3.037563
3.340400
4.129441
5.048488
6.119376
7.319441
8.705337
10.772294
11.877870
10.753395
8.617439
7.198688
6.043680
5.240222
5.496027
5.501531
5.573568
5.927392
6.620186
6.870934
6.596278
5.933467
5.148758
4.385312
3.704490
3.108346
2.593734
2.134717
1.848933
1.892215
1.688396
1.367941
0.991061
0.662917
0.407605
0.222739
0.120408
0.057013
0.023316
0.009024
0.034649
0.068715
0.088906
0.109720
0.119856
0.094778
0.128932
0.201140
0.291578
0.392667
0.462023
0.472057
0.410142
0.309047
0.215084
0.138995
0.124558
0.092381
0.080342
0.069433
0.090812
0.087770
0.059819
0.038992
0.059944
0.068828
0.062301
0.047762
0.028292
0.012663
0.005335
0.002937
0.000948
0.009706
0.074617
0.221458
0.527416
0.771169
0.913259
1.072271
1.266868
1.062164
0.911890
0.826549
0.780374
0.756006
0.734472
0.674732
0.546549
0.430397
0.270190
0.163882
0.112925
0.072348
0.032095
0.004154
0.017130
0.029363
0.029047
0.017781
0.006098
0.000573
0.000000
0.000000
0.000000
0.000000
0.000000
0.000000
0.000000
0.000000
0.000000
0.000000
0.000000
0.000000
0.000000
0.000000
0.000000
0.000000
0.000000
0.000000
0.001884
0.014997
0.037273
0.066581
0.109690
0.170310
0.248591
0.342423
0.446226
0.569937
0.718038
0.872361
0.983037
1.005151
0.917837
0.776902
0.636402
0.508101
0.391339
0.289093
0.203512
0.140674
0.103872
0.102720
0.088773
0.169911
0.305104
0.499842
0.747055
1.018508
1.213847
1.231437
1.123809
1.119058
1.498161
2.024469
2.862627
3.618271
3.922070
4.004132
4.019854
4.025140
4.021541
3.950838
3.663784
2.968962
2.864092
2.608962
2.558418
2.442638
2.299942
2.655570
3.180411
3.147938
3.010967
2.809653
2.379304
1.921476
1.513153
1.176094
0.903151
0.730670
0.730928
0.799142
0.871435
0.972430
1.066514
1.192045
1.335593
1.489593
1.636958
1.777964
1.840463
1.813530
1.703490
1.577748
1.460474
1.326185
1.202438
1.094503
1.063649
1.039035
0.967483
0.904656
0.918319
0.860235
0.991477
1.148716
1.318001
1.481845
1.614217
1.692997
1.843389
2.048142
2.281675
2.530558
2.778912
2.982303
3.082234
2.995161
3.127755
3.099839
3.006023
3.160121
3.212143
3.152707
3.146751
3.362834
3.537331
3.684759
3.701033
3.584557
3.434054
3.306835
3.277217
3.193273
3.145370
3.337884
3.581698
3.851062
4.099341
4.310610
4.454852
4.389157
4.313453
4.494778
4.625284
4.573915
4.362649
4.302172
5.169492
6.182297
7.297311
8.337574
8.697845
8.276963
7.273435
6.156087
5.135658
4.919369
5.466249
6.076101
6.752967
7.473278
8.183290
8.827467
9.633634
10.559155
11.611883
12.774399
13.993690
15.074015
15.607654
15.349045
14.309758
13.179300
12.723003
12.540220
12.529709
12.169720
11.583107
11.237606
10.689549
11.335518
12.224827
13.827981
15.293814
15.950829
15.312963
13.888995
12.279590
11.473535
11.822015
11.679722
11.139281
10.555766
10.053463
9.444853
8.921793
8.344697
7.736365
7.152090
6.618124
6.153086
6.148937
6.492311
6.867020
7.094879
7.053442
6.794955
6.381471
5.951405
5.587169
5.840564
5.901743
5.716966
5.407219
5.162685
5.578846
6.024516
6.449358
6.727461
6.747088
6.527575
6.135333
5.719088
5.423045
5.109134
4.810191
4.538888
4.287918
4.040125
3.791864
3.524035
3.239480
2.987951
2.867946
2.705576
2.522400
2.348988
2.206807
2.170012
2.366647
2.566617
2.756136
2.965093
3.145997
3.338774
3.562695
3.781494
3.955672
4.042555
3.935588
3.744581
3.628659
3.806445
4.508684
5.145880
5.668750
5.979258
6.160413
6.156442
5.976315
5.643231
5.250659
4.966322
4.888951
4.866621
4.745106
4.523986
4.238375
3.977535
4.232299
4.546848
4.822684
5.029853
5.053251
4.909055
4.685058
4.408532
4.132562
3.870927
3.608660
3.344246
3.161303
3.021991
2.821640
2.600266
2.262868
2.052796
1.922331
2.155861
2.196661
1.906954
2.378264
2.832963
3.050267
3.141556
3.126633
2.981846
2.595842
1.824278
1.264248
0.917777
0.807929
0.693860
0.588588
0.504458
0.439949
0.361288
0.278514
0.202845
0.139617
0.091360
0.054030
0.026363
0.015201
0.028998
0.027821
0.016169
0.007901
0.001244
0.000466
0.000699
0.000000
0.000032
0.000134
0.000000
0.000000
0.000001
0.001998
0.012048
0.020660
0.018283
0.009556
0.016842
0.010623
0.002521
0.000000
0.000000
0.000000
0.000000
0.000000
0.000000
0.006270
0.027459
0.049263
0.081588
0.148455
0.236100
0.291929
0.258518
0.177706
0.161213
0.241626
0.335190
0.410619
0.583822
0.829737
1.140819
1.514403
1.951809
2.476790
3.071221
3.670519
4.189980
4.427456
4.159338
3.627125
2.996042
2.387327
1.852080
1.408783
1.038485
0.855799
0.781774
0.674913
0.598794
0.506571
0.341499
0.156852
0.029337
0.000145
0.000000
0.000000
0.000000
0.000000
0.000000
0.000000
0.000000
0.000000
0.000000
0.000000
0.000000
0.000000
0.000000
0.000000
0.000000
0.000000
0.000000
0.000000
0.000000
0.000000
0.000000
0.000000
0.000146
0.004635
0.006911
0.007450
0.007326
0.007200
0.007280
0.007550
0.007005
0.003886
0.000000
0.000000
0.000000
0.000000
0.000000
0.000000
0.000000
0.000000
0.000000
0.000000
0.000000
0.000000
0.000000
0.000000
0.000000
0.000000
0.000000
0.000000
0.000000
0.000000
0.000000
0.000000
0.001094
0.042359
0.151354
0.346117
0.659427
0.916769
1.027148
1.020892
0.895138
0.597115
0.329083
0.151790
0.045043
0.027650
0.086193
0.185659
0.314745
0.430427
0.484801
0.411754
0.343782
0.517798
0.738412
0.940797
0.971226
0.964643
1.395389
1.600515
1.387842
0.857886
0.509514
0.277783
0.122512
0.033478
0.000977
0.000023
0.002417
0.000832
0.000000
0.000000
0.006755
0.025330
0.034420
0.023656
0.028342
0.053355
0.053788
0.026434
0.002985
0.000000
0.000000
0.000000
0.006073
0.065662
0.195833
0.346585
0.415377
0.413840
0.669104
0.963574
1.221085
1.213558
0.942277
0.648967
0.396793
0.212652
0.091519
0.023237
0.000232
0.000000
0.000000
0.000000
0.000000
0.000000
0.011372
0.011700
0.000000
0.000000
0.000000
0.000000
0.000000
0.000000
0.000000
0.000000
0.000000
0.000000
0.000000
0.009081
0.029076
0.033330
0.035599
0.066104
0.083207
0.074129
0.041572
0.013920
0.033808
0.043830
0.030423
0.008574
0.001943
0.019944
0.065015
0.120988
0.219489
0.372202
0.576989
0.829448
1.114059
1.400658
1.596262
1.927408
2.451412
3.113932
3.843996
4.488173
4.961595
4.969199
4.486204
3.687343
2.922064
2.266180
1.723225
1.272994
0.909839
0.625851
0.405199
0.248740
0.344947
0.508185
0.653993
0.705117
0.600564
0.452766
0.343443
0.475878
0.643487
0.828108
0.962542
1.055756
1.304215
1.513493
1.607713
1.577303
1.447779
1.222996
0.982719
0.770058
0.594316
0.449665
0.335411
0.230935
0.277926
0.467576
0.721559
1.054815
1.466200
1.951263
2.487563
2.926328
2.940459
2.507332
1.973986
1.492036
1.088115
0.762679
0.505436
0.306755
0.161537
0.064396
0.019558
0.021805
0.030087
0.050617
0.139177
0.180333
0.124078
0.033938
0.000220
0.000000
0.000000
0.000000
0.000000
0.000000
0.000000
0.000000
0.000000
0.000000
0.000000
0.000000
0.000000
0.000000
0.000000
0.000000
0.000000
0.000000
0.000000
0.000000
0.000000
0.000000
0.000000
0.000000
0.000000
0.000000
0.000000
0.000000
0.000000
0.000000
0.000000
0.010473
0.011210
0.000000
0.000000
0.000000
0.000000
0.012986
0.040465
0.034975
0.004551
0.000000
0.000000
0.000000
0.000000
0.000000
0.000000
0.000000
0.000000
0.000000
0.000000
0.000000
0.000000
0.000000
0.000000
0.000000
0.000000
0.000000
0.000000
0.000000
0.000000
0.000000
0.000000
0.000000
0.000062
0.004095
0.030319
0.083270
0.157944
0.274630
0.410223
0.514758
0.531772
0.461446
0.327611
0.198146
0.100986
0.106477
0.265799
0.524046
0.704870
0.824783
1.194019
1.645727
2.156532
2.583733
3.068032
3.583122
3.567979
2.999147
2.342293
1.748264
1.260862
0.872156
0.568990
0.343946
0.204009
0.201783
0.274986
0.270722
0.191850
0.096758
0.090201
0.171236
0.279590
0.414528
0.558140
0.635032
0.630299
0.543237
0.470170
0.595206
0.742454
0.822679
0.720889
0.548726
0.543077
0.523414
0.442615
0.557257
0.712432
0.789380
1.013519
1.337145
1.539554
1.368913
1.109714
0.812274
0.837838
0.882899
0.775067
0.657862
0.865046
1.005078
1.005966
0.879573
0.661430
0.672029
1.014956
1.410345
1.737366
1.858778
1.734359
1.535794
1.362157
1.520068
1.857349
2.010534
2.053338
2.070668
2.067271
2.042539
1.937107
1.717105
1.683522
1.531730
1.171538
0.992617
0.753534
0.514777
0.319761
0.184799
0.145970
0.225002
0.372265
0.481662
0.418055
0.277225
0.147095
0.112034
0.095091
0.038599
0.000400
0.001825
0.007769
0.044798
0.092398
0.101165
0.185357
0.367169
0.646930
1.004027
1.291128
0.984092
0.625386
0.355198
0.179407
0.079547
0.022157
0.002439
0.000094
0.002772
0.014790
0.030996
0.038760
0.035317
0.024233
0.011938
0.009293
0.021924
0.032333
0.025313
0.010531
0.001043
0.000000
0.005345
0.022308
0.046792
0.064133
0.060564
0.039600
0.033955
0.030136
0.035416
0.044445
0.061112
0.066621
0.053297
0.033994
0.023773
0.010597
0.014732
0.052252
0.155763
0.327894
0.577655
0.917796
1.353864
2.019554
2.475630
2.639229
2.675536
2.674975
2.633468
2.465417
2.019376
1.364118
0.960073
0.707657
0.445779
0.249870
0.385190
0.588502
0.843488
1.151581
1.457212
1.634394
1.579327
1.293959
1.521086
1.825276
2.110339
2.249172
2.198420
2.501490
2.944208
3.420877
3.921508
4.334467
4.832472
5.458300
5.880552
5.860942
5.411493
4.740826
4.105715
3.528238
2.999137
2.553970
2.190523
1.849921
1.638361
1.819352
1.880383
1.758091
1.697788
1.733377
1.695649
2.041831
2.457622
2.914336
3.410839
3.852376
4.001286
3.839320
3.409914
2.932542
2.478425
2.070002
2.029933
2.536165
3.141942
3.809311
4.348575
4.432925
3.970583
3.393556
2.739256
2.144420
1.653324
1.276658
1.007176
0.783943
0.797779
1.019159
1.170219
1.170664
1.042874
0.834432
0.650687
0.517196
0.361900
0.234368
0.331838
0.338293
0.218412
0.256425
0.184959
0.147089
0.182335
0.231431
0.288454
0.332344
0.366798
0.432939
0.508534
0.584594
0.630198
0.659129
0.748954
0.840935
0.975061
1.104159
1.177342
1.119113
1.004062
0.878547
0.897560
1.038871
1.133370
1.148470
1.068277
0.919141
0.927188
0.877138
0.761270
0.711606
0.836651
0.963709
1.028413
1.003206
0.884496
0.753106
0.783798
0.865300
0.827965
0.750748
0.637156
0.721146
0.849471
0.966927
1.013649
0.979327
0.864225
0.721689
0.588329
0.752244
1.083232
1.512891
2.152777
2.950370
3.308383
3.411784
3.306338
2.948470
2.163598
1.906268
1.896663
1.958625
1.719764
1.458722
1.421058
1.500562
1.784994
2.123899
2.402380
2.612106
2.768663
2.879925
3.106205
3.579686
4.073341
4.486634
4.553849
4.312386
3.863655
3.389191
3.504695
3.813213
3.983023
3.819221
3.906390
4.210231
3.816935
3.473712
3.747839
4.021871
4.283188
4.415968
4.408188
4.221958
3.975085
3.692049
3.383146
3.086024
2.870133
3.032007
3.103714
3.274705
3.501349
3.668882
3.692599
3.581101
3.573466
3.906738
4.251935
4.617700
5.023140
5.457509
5.827023
5.928601
5.734859
5.367291
5.027905
5.273489
5.448861
5.556705
5.416686
5.501921
5.612202
5.987545
6.358709
6.761147
7.179073
7.356070
7.256396
6.912519
6.514525
6.099259
5.691005
5.592019
5.753606
5.750525
5.557514
5.351654
5.264404
5.101803
4.847781
4.536564
4.185058
4.168458
4.122965
3.970742
4.012142
3.915423
3.918465
4.241796
4.458023
4.527199
4.417966
4.179228
3.905198
3.588875
3.269515
2.981976
3.120993
3.542486
3.847020
3.966950
4.019765
4.015137
3.973517
3.891525
3.779087
3.631970
3.437742
3.203739
2.957831
2.715211
2.880630
3.459551
3.946914
4.205169
3.926835
3.526934
3.016807
3.186228
3.641066
4.070624
4.336467
4.834709
5.471436
6.036088
6.212903
5.871965
5.281724
4.670445
4.152921
3.948531
3.645008
3.309014
3.389014
3.414572
3.191005
2.854559
2.493684
2.504933
2.445807
2.302498
2.146699
1.964124
1.797901
1.789379
1.629416
1.418019
1.411853
1.406260
1.325421
1.214581
1.093287
0.968441
0.991303
1.056049
1.107242
1.128834
1.108901
1.034116
0.978844
1.032677
1.087237
1.195609
1.253120
1.223342
1.314950
1.424885
1.464016
1.405569
1.297414
1.427464
1.590113
1.773098
1.944121
2.125068
2.189586
2.119241
1.919357
1.772708
1.824193
1.741917
1.650998
1.521209
1.357140
1.198634
1.055111
0.940599
0.899368
0.839745
0.809864
0.752690
0.801228
0.921214
0.981928
0.945536
1.072646
1.158556
1.169217
1.051361
1.074314
1.027032
0.913930
0.753373
0.595880
0.499286
0.599705
0.686916
0.764724
0.860111
0.966668
1.070816
1.123943
1.347226
1.666996
1.899981
2.073958
2.153103
2.127818
1.968078
1.706561
1.628089
1.765892
1.847685
1.824806
1.690902
1.536990
1.393731
1.281527
1.457164
1.870734
2.340524
2.793019
3.111281
3.192630
3.562861
4.174393
4.991396
5.952435
6.877366
7.783002
8.421454
8.399934
7.714082
6.659503
5.627866
4.712137
3.907911
3.235015
2.836787
2.496232
2.362437
2.683239
2.770596
2.524848
2.216825
1.995620
2.243031
2.280523
2.057566
1.764115
1.640468
1.596009
1.527791
1.518931
1.675572
1.934583
2.191734
2.434152
2.672817
2.947315
3.256939
3.587558
3.944244
4.315271
4.661024
4.773304
4.624715
4.303398
3.957207
3.613125
3.242570
3.001417
3.200575
3.464248
3.635118
3.555341
3.290894
2.980231
2.778211
2.713598
2.544902
2.543070
2.589963
2.528073
2.502091
2.341180
2.323957
2.491019
2.768226
3.094745
3.451463
3.755753
3.961509
3.913331
3.642264
3.293715
2.980578
2.719087
2.956432
3.265028
3.547446
3.670037
3.662273
3.538226
3.311756
3.274099
3.227808
3.388626
3.517988
3.631200
3.936253
4.243222
4.575603
4.932797
5.291462
5.614427
5.957699
6.158510
6.289727
6.277767
6.075477
5.786107
5.671866
6.031900
6.275569
6.578967
6.960702
7.385494
7.714351
7.787921
7.560326
7.190722
6.825832
6.561385
6.770689
6.752093
6.487284
5.972524
5.338975
4.777704
4.439322
4.180825
3.984738
4.129690
4.157659
4.053751
3.785942
3.977019
4.000313
3.762339
3.429834
3.318920
3.525639
3.539244
3.287379
3.292372
3.466154
3.504168
3.762616
4.056443
4.441128
4.888531
5.360940
5.841006
6.339771
6.752362
6.909492
6.873462
6.803011
6.833968
7.059765
7.361236
7.855336
8.205815
8.313165
8.005016
7.551522
7.011822
6.501875
6.452682
6.499696
6.556825
6.715333
7.128116
7.741117
8.420138
9.133612
9.776509
10.025519
9.812929
9.109108
8.286948
7.493125
6.781692
6.186599
5.802441
5.782603
5.545973
5.472190
5.887169
6.313351
6.556327
6.582608
6.361239
5.985707
5.601315
5.194060
4.774847
4.360601
3.942559
3.526480
3.135329
2.790239
2.494354
2.229944
1.992586
1.862551
2.086643
2.163994
2.049173
1.775684
1.488490
1.228108
0.995401
0.797014
0.624262
0.473070
0.347448
0.292616
0.302739
0.398756
0.515531
0.627378
0.665062
0.648584
0.624982
0.504788
0.373495
0.421198
0.598028
0.823623
1.062339
1.233598
1.310234
1.194059
0.957356
0.755373
1.027826
1.251553
1.434115
1.248146
0.922806
0.607278
0.378535
0.225300
0.091260
0.011452
0.000000
0.000000
0.000000
0.000000
0.000000
0.000000
0.000000
0.000000
0.000000
0.000000
0.000000
0.000000
0.000000
0.000000
0.000000
0.000000
0.000000
0.000000
0.000000
0.000000
0.000000
0.050278
0.006260
0.055158
0.175979
0.385862
0.696061
1.076212
0.000000
0.000000
0.000000
0.000000
0.000000
0.000000
0.000000
0.000000
0.000000
