track	type=wiggle_0
fixedStep	chrom=chr	start=1	step=1
0.000000
0.000000
0.000000
0.000000
0.000000
0.000000
0.000000
0.000000
0.000000
0.000000
0.000000
0.000000
0.000000
0.008880
0.079725
0.224771
0.470250
0.938782
1.202398
1.278106
1.293664
1.293664
1.293664
1.266592
1.184766
0.927562
0.770737
0.635065
0.448265
0.286122
0.206149
0.298354
0.418178
0.520205
0.531456
0.758790
0.981804
1.080074
0.935695
0.699796
0.737536
0.941279
0.685003
0.388278
0.179355
0.069157
0.016358
0.027253
0.128484
0.358054
0.615445
0.719480
0.677544
0.552378
0.466112
0.471119
0.589155
0.701287
0.712305
0.737448
0.894983
1.049723
1.074862
0.970385
0.888110
0.970995
0.927548
0.782539
0.597553
0.557213
0.758336
1.023750
1.329177
1.625601
1.824637
1.726043
1.474312
1.211424
0.951320
0.709008
0.513605
0.399156
0.359175
0.295320
0.300629
0.685344
1.334654
1.952545
2.312010
2.318835
2.198976
2.149573
2.138868
2.330437
2.497185
2.580612
2.568877
2.778427
3.166130
3.632160
3.711855
3.729734
3.565212
3.428696
3.656404
3.882267
3.946795
4.110935
4.384496
4.613442
4.661567
4.511100
4.359243
4.539163
4.589148
4.550876
4.616486
4.782389
4.939141
5.270061
5.640459
5.965042
6.157384
6.175215
6.030298
5.689051
5.283296
4.878503
4.497067
4.143284
3.831785
3.596901
4.068749
4.567894
5.022032
5.415963
5.468442
5.122798
4.667663
4.131380
4.030376
4.300417
4.498720
4.526071
4.359023
4.135125
3.933396
3.655165
3.870284
4.067647
4.253678
4.390910
4.332295
4.206916
3.908288
3.721771
3.577113
3.427264
3.204730
2.958019
2.722250
2.508241
2.334184
2.228573
2.348902
2.383981
2.292183
2.130358
2.042035
1.999682
1.979957
1.928763
1.827328
1.748862
1.743963
1.958238
2.187176
2.381509
2.463112
2.394442
2.217136
2.041993
1.721562
1.499217
1.296377
1.113014
1.208423
1.235798
1.184932
1.079722
1.099021
1.239318
1.385316
1.507118
1.662132
1.850232
2.006991
2.034188
2.059072
1.972840
1.766294
1.588661
1.327202
1.179122
1.288868
1.297571
1.187247
1.045439
0.948990
1.080896
1.190634
1.200944
1.100754
1.016532
1.141348
1.208920
1.313637
1.518518
1.712405
1.791489
1.713019
1.519910
1.321064
1.141436
1.103121
1.435780
1.062206
0.729221
0.675436
0.708676
0.740401
0.648821
0.521450
0.625661
0.720306
0.800312
0.911035
0.991307
1.004719
0.924297
0.795585
0.676300
0.660449
0.697524
0.668704
0.579243
0.485322
0.441486
0.498593
0.518975
0.490082
0.412457
0.333310
0.296731
0.272300
0.222228
0.181979
0.211309
0.227242
0.251593
0.302294
0.308276
0.270700
0.205319
0.183377
0.208793
0.205505
0.230894
0.309981
0.396574
0.473549
0.523324
0.491212
0.415009
0.322867
0.255086
0.184831
0.208169
0.266388
0.302111
0.299210
0.295552
0.296387
0.203261
0.250572
0.262566
0.168811
0.076177
0.046809
0.032579
0.037726
0.034073
0.013313
0.020878
0.055798
0.108426
0.177704
0.269071
0.384643
0.525144
0.674211
0.787059
0.790446
0.695655
0.571560
0.431658
0.308745
0.234258
0.328035
0.412342
0.442356
0.385904
0.301668
0.210050
0.134396
0.080656
0.067119
0.161067
0.274716
0.474322
0.839646
1.307937
1.510831
1.566307
1.566307
1.520753
1.377504
1.071392
1.206979
1.376277
1.300293
1.008092
0.706981
0.465319
0.271926
0.300881
0.416521
0.500912
0.508823
0.440675
0.309221
0.178796
0.083184
0.026742
0.031145
0.035799
0.024930
0.039065
0.136146
0.309712
0.578130
0.752375
0.819917
0.819917
0.747616
0.552210
0.362164
0.474713
0.561451
0.546777
0.446844
0.324788
0.219113
0.245134
0.369278
0.525382
0.707308
0.894083
1.016019
0.975304
0.825405
0.633053
0.459464
0.316185
0.380932
0.407822
0.232542
0.078374
0.011848
0.000000
0.000000
0.000000
0.000000
0.000000
0.000000
0.000000
0.000000
0.000000
0.000000
0.000000
0.000000
0.000000
0.009550
0.034570
0.071159
0.113957
0.122889
0.122533
0.120467
0.119034
0.114961
0.100424
0.064729
0.013186
0.000000
0.000000
0.000000
0.000000
0.000000
0.000000
0.000000
0.000000
0.000000
0.000000
0.000000
0.000000
0.000000
0.000000
0.000000
0.000000
0.000000
0.000000
0.000000
0.000000
0.000000
0.000000
0.000000
0.000000
0.000000
0.000000
0.000000
0.000000
0.000000
0.000000
0.000000
0.003784
0.053916
0.177641
0.411304
0.792634
0.972836
1.022743
1.032536
1.032536
1.032536
1.032536
1.022744
0.978549
0.822247
0.501585
0.256710
0.449381
0.700572
0.978961
1.148124
1.068074
0.859491
0.590653
0.534651
0.731081
0.840597
1.049960
1.163913
1.111730
0.919755
0.725013
0.821710
1.192470
1.657898
2.213383
2.809731
3.205552
3.310134
3.165389
2.681621
2.153758
1.743909
1.355094
1.026470
0.836477
0.667306
0.629232
0.693471
0.617800
0.411761
0.206704
0.125498
0.059827
0.021517
0.003891
0.002378
0.016493
0.079116
0.200333
0.247343
0.196042
0.074677
0.012471
0.000073
0.000000
0.000709
0.002068
0.002044
0.000105
0.000000
0.000000
0.000522
0.000062
0.000133
0.007095
0.024854
0.053712
0.094413
0.208385
0.407245
0.662065
0.907359
0.882854
0.632570
0.385107
0.465740
0.544326
0.658302
0.784892
0.911942
1.002428
1.020211
0.941735
0.815561
0.772043
0.911947
1.034571
1.184394
1.367158
1.548954
1.688311
1.729965
1.624245
1.472327
1.290784
1.113396
0.947816
0.800184
0.669395
0.757849
0.852364
0.896859
1.036826
1.219743
1.407397
1.552992
1.555255
1.491877
1.717471
1.816602
1.799782
1.666640
1.438657
1.375185
1.695256
2.059565
2.455321
2.869242
3.366923
3.875693
4.218656
4.235562
3.933486
3.414518
2.919146
2.530141
2.438338
2.510667
2.526856
2.763432
3.140175
3.407210
4.205060
5.134125
6.212070
7.420372
8.812825
10.885573
12.000609
10.866673
8.724643
7.298967
6.135819
5.328021
5.588984
5.597254
5.672887
6.041178
6.738497
6.990248
6.711361
6.045407
5.254022
4.483051
3.797150
3.200741
2.671897
2.205694
1.881646
1.926112
1.723631
1.403057
1.022791
0.695553
0.459058
0.289037
0.150285
0.077133
0.042465
0.065559
0.082523
0.093307
0.112773
0.135272
0.148507
0.122020
0.171800
0.245047
0.343127
0.453844
0.529579
0.552534
0.504027
0.397451
0.289303
0.271281
0.272322
0.223939
0.202724
0.174725
0.208343
0.208686
0.169441
0.138497
0.176666
0.185479
0.170722
0.141930
0.117592
0.088472
0.061056
0.040673
0.029707
0.025778
0.080296
0.229185
0.534396
0.780133
0.926631
1.088183
1.282112
1.075217
0.923563
0.836814
0.788126
0.762659
0.740714
0.682584
0.555242
0.437674
0.277526
0.168605
0.118319
0.077137
0.035041
0.036393
0.056731
0.071585
0.070963
0.052839
0.030187
0.015439
0.005780
0.000333
0.000000
0.000000
0.000000
0.000000
0.000000
0.000000
0.000000
0.000000
0.000000
0.000000
0.000000
0.000000
0.000318
0.003401
0.005109
0.002142
0.006512
0.024913
0.052400
0.086436
0.134801
0.200679
0.285167
0.384306
0.492407
0.620405
0.774392
0.935529
1.047436
1.068973
0.981178
0.836408
0.691694
0.558726
0.436246
0.328589
0.236907
0.169205
0.129059
0.128012
0.101134
0.186456
0.325699
0.523422
0.775030
1.046331
1.244217
1.264069
1.154703
1.144504
1.520629
2.042875
2.876820
3.634894
3.936240
4.013433
4.026344
4.030501
4.028016
3.960564
3.678420
2.987606
2.889645
2.632764
2.582938
2.470287
2.328756
2.680267
3.196156
3.163252
3.068397
2.860727
2.429971
1.969624
1.559438
1.220535
0.942878
0.751050
0.816983
0.889337
0.965663
1.070598
1.167977
1.299361
1.447264
1.607000
1.760230
1.907489
1.970208
1.940961
1.827696
1.697819
1.577156
1.438334
1.309330
1.197986
1.167030
1.139572
1.062190
0.995896
1.008653
0.944371
1.080865
1.242245
1.416057
1.585778
1.721675
1.801187
1.954926
2.164897
2.404444
2.657203
2.904605
3.115744
3.219133
3.135946
3.271956
3.242532
3.134706
3.293218
3.341967
3.283141
3.272743
3.492033
3.673239
3.822434
3.838164
3.719453
3.562495
3.431223
3.402535
3.318702
3.300570
3.496370
3.743371
4.014153
4.266408
4.481884
4.630811
4.569055
4.483082
4.664227
4.794318
4.742137
4.530493
4.347515
5.214578
6.222852
7.332208
8.354715
8.703474
8.284174
7.291526
6.187636
5.179913
5.046902
5.594974
6.211506
6.895091
7.618603
8.341681
8.991723
9.801264
10.733206
11.785808
12.949168
14.163525
15.238860
15.771825
15.509089
14.467869
13.330658
12.860856
12.676718
12.645492
12.279492
11.700188
11.352887
10.794896
11.425021
12.272474
13.855702
15.301599
15.962674
15.342051
13.932349
12.330556
11.660808
12.014832
11.871246
11.329506
10.737309
10.229583
9.618468
9.094416
8.510918
7.898551
7.304892
6.766354
6.303509
6.302343
6.650647
7.030818
7.259260
7.217726
6.960225
6.543910
6.108526
5.741739
5.997684
6.063671
5.875338
5.560663
5.314600
5.743319
6.196545
6.623775
6.899695
6.918764
6.697669
6.301048
5.879997
5.594948
5.283345
4.974841
4.691169
4.435227
4.191756
3.943344
3.672729
3.382138
3.126992
3.005016
2.839762
2.653480
2.474836
2.330714
2.305279
2.504799
2.709016
2.903161
3.116200
3.300331
3.496381
3.719972
3.941387
4.121010
4.211698
4.100531
3.906018
3.795828
3.981557
4.702183
5.353608
5.884748
6.196692
6.382323
6.378466
6.200356
5.867644
5.466200
5.173600
5.093684
5.070457
4.944893
4.717182
4.430844
4.166836
4.418830
4.737346
5.013752
5.228654
5.252078
5.105000
4.876603
4.599637
4.318059
4.049132
3.783745
3.513161
3.333439
3.189477
2.985745
2.762278
2.413521
2.190567
2.058112
2.180180
2.223008
1.934096
2.383614
2.839445
3.060657
3.159767
3.150476
3.003788
2.612450
1.841249
1.280915
0.985948
0.877471
0.758882
0.649300
0.562196
0.494193
0.411179
0.322459
0.240596
0.171279
0.117484
0.074676
0.041425
0.024009
0.040824
0.039584
0.025474
0.014872
0.004679
0.003016
0.003544
0.000651
0.001212
0.001632
0.000363
0.000287
0.000950
0.005191
0.018694
0.029859
0.027020
0.016425
0.025675
0.017818
0.006557
0.000803
0.000000
0.000000
0.000000
0.000000
0.000048
0.010941
0.036996
0.062201
0.097924
0.168908
0.260749
0.320667
0.285446
0.201572
0.185104
0.269992
0.368950
0.447364
0.623409
0.875190
1.191675
1.570863
2.014132
2.540965
3.135732
3.734958
4.258976
4.493879
4.226069
3.688893
3.060997
2.450699
1.911900
1.462450
1.086167
0.867661
0.793717
0.686362
0.608351
0.515322
0.350572
0.164176
0.033878
0.002082
0.000000
0.000000
0.000000
0.000000
0.000000
0.000000
0.000000
0.000000
0.000000
0.000000
0.000000
0.000000
0.000000
0.000000
0.000000
0.000000
0.000000
0.000000
0.000000
0.000000
0.000000
0.000000
0.000392
0.005624
0.008065
0.008805
0.008673
0.008635
0.008601
0.009083
0.008586
0.005122
0.000000
0.000000
0.000000
0.000000
0.000000
0.000000
0.000000
0.000000
0.000000
0.000000
0.000000
0.000000
0.000000
0.000000
0.000000
0.000000
0.000000
0.000000
0.000000
0.000000
0.000000
0.000000
0.002154
0.047474
0.159568
0.356305
0.670612
0.930234
1.043628
1.037600
0.909587
0.608392
0.339687
0.159869
0.050131
0.034632
0.097904
0.202207
0.335321
0.455064
0.511001
0.435143
0.360311
0.536953
0.760855
0.961757
0.991853
0.979906
1.411794
1.617525
1.402696
0.870285
0.524172
0.290486
0.131679
0.038719
0.002024
0.000936
0.005846
0.003270
0.000000
0.000508
0.011597
0.034463
0.044769
0.032246
0.037411
0.065151
0.065493
0.035117
0.006256
0.000000
0.000000
0.000000
0.007717
0.070032
0.201812
0.353701
0.424154
0.431399
0.690780
0.985559
1.245624
1.237743
0.967785
0.669740
0.413694
0.228490
0.102681
0.029256
0.001155
0.000000
0.000000
0.000000
0.000000
0.000000
0.013184
0.013354
0.000000
0.000000
0.000000
0.000000
0.000000
0.000000
0.000000
0.000000
0.000000
0.000000
0.000757
0.015341
0.039224
0.044151
0.046882
0.080484
0.099437
0.089919
0.053488
0.020242
0.043464
0.054097
0.038967
0.013656
0.004610
0.027034
0.077345
0.136713
0.238915
0.396588
0.606772
0.863151
1.150629
1.442350
1.637789
1.969503
2.492263
3.155304
3.880975
4.518223
4.995765
5.007441
4.525057
3.725853
2.960169
2.307326
1.764701
1.312945
0.944063
0.654455
0.430315
0.269047
0.374509
0.544081
0.693370
0.742921
0.634248
0.484272
0.377771
0.514250
0.689216
0.879074
1.016357
1.116409
1.372552
1.586647
1.683200
1.652779
1.519696
1.291378
1.044833
0.824948
0.642078
0.491321
0.372311
0.261078
0.297082
0.490512
0.749642
1.084242
1.494059
1.980735
2.517544
2.950709
2.967227
2.535788
2.005022
1.525169
1.119501
0.790262
0.530018
0.327351
0.176552
0.074647
0.020989
0.023128
0.031902
0.054301
0.143585
0.184975
0.128054
0.037160
0.000634
0.000000
0.000000
0.000000
0.000000
0.000000
0.000000
0.000000
0.000000
0.000000
0.000000
0.000000
0.000000
0.000000
0.000000
0.000000
0.000000
0.000000
0.000000
0.000000
0.000000
0.000000
0.000000
0.000000
0.000000
0.000000
0.000000
0.000000
0.000000
0.000000
0.000000
0.011716
0.012649
0.000000
0.000000
0.000000
0.000030
0.015753
0.045365
0.039073
0.006198
0.000000
0.000000
0.000000
0.000000
0.000000
0.000000
0.000000
0.000000
0.000000
0.000000
0.000000
0.000000
0.000000
0.000000
0.000000
0.000000
0.000000
0.000000
0.000000
0.000000
0.000002
0.000000
0.000000
0.001000
0.007381
0.038537
0.096758
0.175697
0.298411
0.438585
0.544542
0.562533
0.490941
0.352973
0.218859
0.115328
0.112059
0.273181
0.532878
0.716515
0.847246
1.219198
1.670617
2.178250
2.601541
3.087353
3.600445
3.591881
3.026607
2.370451
1.776603
1.287699
0.898036
0.591562
0.364520
0.220957
0.220120
0.295875
0.291449
0.209638
0.109724
0.106223
0.192425
0.306816
0.447602
0.594872
0.673619
0.669733
0.580080
0.503077
0.630282
0.780678
0.861294
0.757482
0.581501
0.579589
0.561507
0.478190
0.598077
0.756506
0.834651
1.036163
1.360712
1.561645
1.387048
1.128044
0.830191
0.861547
0.907327
0.798682
0.686611
0.898188
1.040643
1.042233
0.913159
0.691024
0.692273
1.037979
1.439545
1.769496
1.891376
1.765341
1.563863
1.387800
1.542469
1.881691
2.035441
2.079334
2.098967
2.094940
2.067856
1.959298
1.736863
1.700200
1.551040
1.195392
1.028043
0.783096
0.540382
0.341920
0.195765
0.155234
0.236068
0.384868
0.493056
0.429675
0.287235
0.162690
0.125816
0.098648
0.041327
0.000855
0.004304
0.010411
0.050815
0.099902
0.109110
0.194696
0.378680
0.658815
1.016780
1.300543
0.996154
0.636345
0.367195
0.190120
0.087678
0.026749
0.008754
0.002983
0.010311
0.029233
0.050821
0.060619
0.056366
0.042492
0.025488
0.019530
0.036501
0.049319
0.040517
0.020973
0.005637
0.002271
0.014179
0.038639
0.069695
0.090371
0.086062
0.060842
0.050169
0.045383
0.051252
0.062255
0.081916
0.087967
0.072780
0.048914
0.036339
0.019813
0.027668
0.059674
0.168119
0.342083
0.592874
0.931290
1.367173
2.033460
2.488759
2.653657
2.690230
2.687081
2.644727
2.477777
2.032019
1.380230
0.978536
0.725522
0.462890
0.264401
0.413866
0.621351
0.882217
1.195221
1.503166
1.680654
1.625350
1.337004
1.595680
1.906723
2.196625
2.337653
2.284800
2.591105
3.041371
3.523825
3.994750
4.448714
4.951029
5.577091
6.003728
5.987097
5.533461
4.861371
4.220403
3.631852
3.096485
2.643958
2.274291
1.927511
1.713335
1.898939
1.961019
1.837349
1.777418
1.816480
1.768740
2.119384
2.540257
2.999544
3.508681
3.954179
4.099784
3.931721
3.500402
3.018222
2.557537
2.143332
2.085413
2.595078
3.202350
3.865859
4.406681
4.491429
4.022946
3.441753
2.787116
2.193544
1.706752
1.324333
1.051493
0.823786
0.845335
1.071029
1.223045
1.223161
1.092520
0.878974
0.691391
0.553281
0.393094
0.264860
0.336623
0.343711
0.230925
0.267221
0.249195
0.302646
0.360053
0.429779
0.497536
0.540960
0.532147
0.607208
0.690891
0.754136
0.777538
0.806985
0.888524
1.010736
1.133522
1.195777
1.144331
1.025798
0.889133
0.954932
1.104169
1.241687
1.307599
1.270294
1.143520
1.053408
1.057602
0.984459
0.848815
0.924665
1.060369
1.169635
1.197067
1.113406
0.969186
0.836503
0.965775
0.998166
0.955101
0.851653
0.800961
0.926313
1.078722
1.171241
1.181624
1.099096
0.956443
0.802045
0.661315
0.770321
1.102307
1.529325
2.163234
2.960909
3.322161
3.427489
3.326730
2.970263
2.177372
1.815151
1.815026
1.887842
1.655393
1.459256
1.388510
1.396366
1.559965
1.759806
1.949344
2.209901
2.545007
2.938454
3.377706
3.841761
4.246223
4.302848
4.061758
3.617991
3.139285
3.200745
3.467371
3.584605
3.372320
3.852825
4.125146
3.721415
2.609174
2.243371
2.495416
2.771664
3.027738
3.136936
3.088612
2.866986
2.607101
2.369431
2.155719
1.945245
2.114990
2.153652
1.926391
2.019386
2.146409
2.214691
2.169228
2.006209
1.850730
1.755928
1.947118
2.159623
2.424541
2.720299
2.981251
3.081633
2.993172
2.787265
2.686800
2.885490
3.011454
3.104601
3.015394
3.010706
3.290586
3.818587
4.451332
4.991440
5.414218
5.578140
5.488565
5.194704
4.855481
4.505995
4.170477
4.136321
4.280845
4.282326
4.124390
3.925796
3.854289
3.684589
3.478201
3.237589
2.959119
2.971575
2.932232
2.821372
2.850078
2.772113
2.818453
3.087782
3.271555
3.324125
3.234900
3.029260
2.788535
2.530607
2.271481
2.476613
3.132046
3.550943
3.858748
3.992054
4.031400
4.026854
3.985397
3.849628
3.592708
3.017802
2.547180
2.406579
2.356042
2.521196
2.933921
3.516237
4.006288
4.265490
3.987091
3.579119
3.244343
3.274934
3.724461
4.133934
4.349160
4.786150
5.392634
5.962375
6.145868
5.784269
5.151804
4.497291
3.953603
3.724632
3.404017
3.076045
3.143089
3.152425
2.888683
2.531025
2.133029
1.760404
1.797902
1.702266
1.492973
1.282355
1.345498
1.355259
1.224403
1.031805
0.834175
1.016594
1.015039
0.794400
0.529130
0.426765
0.500338
0.540698
0.555109
0.529738
0.458524
0.381552
0.417556
0.582949
0.656516
0.633484
0.590567
0.565199
0.658232
0.729376
0.758493
0.728925
0.684489
0.823842
0.989726
1.159132
1.317535
1.499305
1.582383
1.549146
1.443504
1.452593
1.725456
1.772964
1.736961
1.621983
1.450652
1.284566
1.135752
1.017584
0.975910
0.918113
0.889128
0.831373
0.865995
0.989809
1.051572
1.009412
1.139087
1.225341
1.236290
1.114299
1.137715
1.089137
0.972714
0.807464
0.644586
0.566386
0.672960
0.764629
0.843868
0.943588
1.055969
1.163226
1.218897
1.448572
1.778981
2.022573
2.204855
2.283034
2.257431
2.093538
1.819851
1.741260
1.882934
1.966074
1.941853
1.805973
1.648181
1.499437
1.380979
1.510798
1.920650
2.392208
2.850160
3.172888
3.255127
3.623408
4.235183
5.042881
5.992822
6.914438
7.827932
8.486392
8.474244
7.762218
6.653625
5.573576
4.625473
3.801909
3.116319
2.698616
2.365599
2.184818
2.468490
2.528114
2.265606
1.928914
1.677012
1.854755
1.870474
1.664790
1.399471
1.166370
0.979364
0.869744
0.943629
1.118747
1.317843
1.544908
1.789461
2.030216
2.295455
2.576541
2.860245
3.148085
3.444191
3.713212
3.786862
3.642774
3.326017
2.987962
2.671080
2.332716
2.136528
2.304157
2.430077
2.613255
2.595295
2.419522
2.189795
2.027584
1.987253
1.861696
1.887857
1.970863
1.992369
2.148055
2.239621
2.364765
2.602999
2.912650
3.239231
3.596206
3.905264
4.114069
4.062845
3.796767
3.449696
3.130029
2.864534
3.113625
3.427531
3.707308
3.826569
3.815786
3.688230
3.455409
3.415846
3.366723
3.494388
3.601388
3.548511
3.807861
4.105710
4.424394
4.775862
5.124353
5.444150
5.781886
5.991110
6.123841
6.114095
5.912141
5.626877
5.518031
5.873668
6.112994
6.415066
6.787336
7.196390
7.516763
7.583857
7.365519
7.004744
6.652652
6.404204
6.609757
6.590809
6.325362
5.824019
5.199538
4.647801
4.310812
4.025911
4.028862
4.134670
4.087639
3.942048
3.663287
3.828600
3.831019
3.558445
3.189077
3.149684
3.258641
3.258592
3.011621
3.214016
3.516784
3.791466
3.978229
3.990618
3.748793
3.800699
4.123035
4.508771
4.952880
5.356217
5.547415
5.547554
5.479696
5.474630
5.609621
5.800423
6.257463
6.648447
6.801151
6.532017
6.098584
5.567817
5.048927
4.896710
4.873961
5.023177
5.151169
5.524820
6.050934
6.642117
7.241636
7.795249
7.991647
7.785530
7.194858
6.546509
5.958745
5.398434
4.930432
4.601974
4.603099
4.416739
4.319971
4.727929
5.362871
5.929406
6.146581
6.021733
5.677054
5.297085
4.896907
4.487689
4.084466
3.687238
3.434348
3.813922
3.945865
4.137201
4.682042
5.147543
5.195519
6.123694
7.608369
8.042850
7.567017
6.047191
4.810521
4.020130
3.870673
4.413420
5.099678
5.502115
5.389783
4.911568
4.307947
3.730217
3.130869
2.960002
2.718356
2.457375
2.619022
2.782265
2.763028
2.508598
2.189589
1.886454
1.736491
1.584981
1.422846
1.256676
1.241295
1.209005
1.272520
1.458517
1.270929
0.994158
1.131469
1.172264
1.220843
1.169834
1.028674
0.901475
0.760209
0.645737
0.638241
0.697112
0.692839
0.591012
0.537326
0.464691
0.414075
0.325170
0.223540
0.136076
0.080767
0.093124
0.068626
0.076772
0.075758
0.014168
0.019313
0.029926
0.043501
0.066883
0.104399
0.146267
0.154391
0.114257
0.142316
0.260002
0.458840
0.670543
0.738836
0.633433
0.418566
0.312287
0.363833
0.305364
0.511791
0.778195
1.125200
1.570952
2.119140
2.767120
3.488542
4.147775
4.407008
4.791731
4.574874
4.089259
3.343628
2.628952
2.195923
1.737628
1.243889
0.830830
0.646110
0.857331
1.038593
0.979364
0.497180
0.372745
0.239433
0.127348
0.040246
0.000198
0.000000
0.000000
0.000000
0.000000
0.000000
0.000000
0.001690
0.074560
0.164148
0.202906
0.186229
0.114114
0.023728
0.926812
0.810385
0.458430
0.228565
0.104028
0.096994
0.261099
0.000000
0.000000
0.000000
0.000000
0.000000
0.000000
0.000000
0.000000
0.000000
