track	type=wiggle_0
fixedStep	chrom=chr	start=1	step=1
0.000000
0.000000
0.000000
0.000000
0.000000
0.000000
0.000000
0.000000
0.000000
0.327789
0.696725
0.958660
1.109647
1.170003
1.131819
0.893522
0.444785
0.221886
0.169755
0.144976
0.184478
0.271085
0.383378
0.481700
0.492872
0.713324
0.934812
1.030365
0.889597
0.645659
0.706687
0.908016
0.655076
0.370514
0.183058
0.181368
0.143089
0.141331
0.195277
0.237811
0.273641
0.249235
0.186528
0.206118
0.204685
0.290350
0.404848
0.519402
0.578296
0.725562
0.958802
1.225343
1.381503
1.232717
0.982954
0.731885
0.569335
0.575228
0.506146
0.448655
0.587469
0.997911
1.294172
1.519363
1.583985
1.590709
1.550347
1.364872
0.863272
0.446995
0.202210
0.069729
0.040010
0.045673
0.055730
0.055500
0.088193
0.084757
0.039814
0.006213
0.104811
0.335405
0.648845
0.988182
1.302312
1.518369
1.597657
1.577059
1.737893
1.893027
2.112454
2.689750
3.568602
4.598887
5.231037
5.595716
6.030223
6.141539
6.228783
6.293786
6.364335
6.445187
6.569505
6.868453
7.269236
7.644824
7.886221
8.224056
8.489162
8.901474
9.405869
9.848126
10.017244
9.847346
9.399548
8.876245
8.334769
7.811883
7.314067
6.838281
6.390053
5.971133
5.558266
5.175519
5.390598
5.881229
6.077798
6.096215
5.898020
5.422208
4.908572
4.540559
4.529510
4.678226
4.766562
4.810581
4.770952
4.973653
5.205800
5.404819
5.708930
6.003478
6.159560
6.224552
6.087311
5.819729
5.491025
5.148409
4.822134
4.508461
4.209552
3.925575
3.656424
3.417816
3.263882
3.065104
2.882541
2.734600
2.527215
2.379936
2.304332
2.402071
2.382986
2.370576
2.426865
2.515225
2.473398
2.342044
2.175728
2.024846
1.851757
1.661790
1.465846
1.279679
1.109062
0.951775
1.080444
0.937045
0.974851
0.981285
1.116784
1.251173
1.341132
1.397663
1.445192
1.472340
1.503801
1.456474
1.337403
1.194579
1.073107
1.050853
1.099599
1.149172
1.112134
1.008263
0.897269
0.794102
0.723209
0.735820
0.837156
0.910653
0.921853
0.909988
0.861262
0.833849
1.097361
1.531995
2.015366
2.280711
2.252837
2.159089
1.982595
1.670154
1.308224
0.988482
0.674138
0.673882
0.712324
0.843751
0.985664
1.121065
1.207818
1.208702
1.121774
0.979275
0.961412
0.873304
0.768499
0.736738
0.860217
0.996893
1.132025
1.237623
1.273258
1.207530
1.076600
0.939096
0.822945
0.750553
0.770080
0.744591
0.714819
0.754274
0.885315
1.022573
1.144211
1.215727
1.264936
1.206562
1.202366
1.346424
1.460173
1.371677
1.174601
0.978919
0.962115
1.124221
1.292485
1.459261
1.610570
1.635616
1.543573
1.373406
1.267431
1.155344
1.208244
1.185020
1.038038
0.919487
0.997695
1.033894
0.955629
0.837190
0.702438
0.677350
0.799845
0.878977
1.011741
1.103890
1.150591
1.191284
1.124792
1.213174
1.415778
1.610082
1.787629
2.055205
2.435740
3.075794
3.754641
4.162345
4.045433
3.587766
2.958172
2.569482
2.237927
2.065277
2.003639
1.822013
1.608585
1.416127
1.267784
1.205428
1.245290
1.201394
1.072108
0.948413
0.808741
0.842774
0.988344
1.081742
1.027543
0.874201
0.693937
0.547477
0.560097
0.519340
0.550901
0.627319
0.728636
0.834183
0.969588
1.131027
1.325254
1.541094
1.773814
1.999642
2.139686
2.157047
2.049143
1.831812
1.596957
1.487386
1.492763
1.396165
1.211076
1.019759
0.910621
1.258767
1.495721
1.509329
1.274382
1.076877
0.793210
0.535800
0.660663
0.742879
0.746415
0.723814
0.909907
1.138198
1.392257
1.675659
1.997716
2.352777
2.605253
2.596888
2.355092
2.019158
1.673976
1.366194
1.097444
0.863102
0.762391
0.811606
0.589588
0.426641
0.273909
0.270458
0.202622
0.126023
0.222814
0.267576
0.232710
0.137137
0.055716
0.010185
0.000000
0.000000
0.000000
0.000000
0.000000
0.000000
0.011244
0.031428
0.008410
0.000000
0.000000
0.000000
0.000000
0.000000
0.000000
0.000000
0.000000
0.000000
0.000000
0.000000
0.000000
0.000000
0.000000
0.000000
0.000000
0.000000
0.000000
0.000000
0.000000
0.000000
0.000000
0.000000
0.000000
0.000000
0.000000
0.000000
0.000000
0.000000
0.000000
0.000000
0.000000
0.000000
0.000000
0.000000
0.000000
0.000000
0.000000
0.000000
0.000000
0.000000
0.000000
0.000000
0.000000
0.000000
0.000000
0.000000
0.000000
0.000000
0.000000
0.000000
0.000000
0.000000
0.000000
0.008135
0.061545
0.156159
0.242681
0.235694
0.136639
0.049711
0.006962
0.000000
0.000000
0.000930
0.024358
0.086909
0.193089
0.348054
0.559841
0.834834
1.219153
1.698483
2.256911
2.755471
3.056635
2.966294
2.530409
1.997676
1.506043
1.092900
0.763052
0.505564
0.366226
0.581561
0.667090
0.614956
0.443309
0.220682
0.079896
0.010645
0.000000
0.000000
0.000000
0.000000
0.000000
0.000000
0.000000
0.000000
0.000000
0.000000
0.000000
0.000000
0.000000
0.000000
0.000000
0.000000
0.000000
0.000000
0.000000
0.000000
0.000810
0.015361
0.030407
0.037704
0.044811
0.057614
0.085330
0.153214
0.253339
0.190536
0.202242
0.169051
0.086642
0.019623
0.001201
0.012647
0.036633
0.093190
0.200845
0.344075
0.472010
0.664325
0.951880
1.286324
1.566457
1.582043
1.336992
0.992716
0.685691
0.442001
0.258408
0.175355
0.116988
0.071035
0.045863
0.042316
0.060864
0.105677
0.172786
0.259524
0.363821
0.484523
0.633468
0.806316
1.001561
1.194532
1.347670
1.356079
1.221456
1.029692
0.847647
0.744732
0.801032
0.762881
0.661357
0.539255
0.429404
0.320728
0.393652
0.425658
0.504156
0.571998
0.665024
0.829661
0.885735
0.899841
0.900462
0.891633
0.845037
0.710891
0.842891
1.208392
1.560590
1.966316
2.651452
3.240947
2.934649
2.148734
1.542319
1.095129
0.960423
1.086111
1.132905
1.261165
1.438705
1.680832
1.891139
1.876788
1.621370
1.746166
2.311594
2.914119
3.404854
3.421050
3.161683
2.849189
2.390633
1.935135
1.465281
1.056963
0.726772
0.470144
0.402984
0.534876
0.674298
0.799668
0.839789
0.848070
0.745776
0.604794
0.470061
0.356046
0.279658
0.213398
0.143445
0.085438
0.044331
0.020958
0.017751
0.022834
0.033781
0.068239
0.106105
0.122691
0.105015
0.067349
0.031408
0.008247
0.000185
0.000000
0.000000
0.000000
0.000000
0.000299
0.000020
0.000000
0.000000
0.000000
0.000000
0.000000
0.000000
0.000000
0.000000
0.000000
0.000000
0.000000
0.023513
0.055721
0.084469
0.097348
0.103995
0.108749
0.115954
0.206860
0.396629
0.660418
1.003233
1.416958
1.839634
1.818975
1.353605
0.929905
0.600939
0.353394
0.180770
0.071223
0.014944
0.000013
0.000125
0.000000
0.000000
0.000000
0.000000
0.000000
0.000000
0.000000
0.000000
0.000000
0.000000
0.000000
0.000000
0.000000
0.001108
0.013036
0.036133
0.052911
0.042632
0.017900
0.001545
0.000000
0.000000
0.000000
0.000000
0.000000
0.022365
0.069452
0.075806
0.120275
0.121745
0.081418
0.096469
0.096426
0.103273
0.125479
0.113098
0.089733
0.053174
0.022370
0.012035
0.032198
0.051591
0.042731
0.014210
0.062773
0.154982
0.293525
0.454928
0.585102
0.643157
0.617846
0.572482
0.502714
0.494419
0.414032
0.410300
0.536744
0.719370
0.938226
1.174139
1.345515
1.374023
1.353240
1.164168
0.970356
0.773986
0.586587
0.523544
0.621862
0.633141
0.828911
0.973659
1.268629
1.717991
2.217129
2.728724
3.469049
4.258262
4.274793
3.511655
2.772481
2.113225
1.572786
1.162161
0.884549
0.804918
0.638773
0.452181
0.440998
0.471107
0.501045
0.518051
0.622191
0.687039
0.665950
0.588629
0.715337
0.852355
0.976924
1.028682
0.976051
0.885131
0.896229
0.877123
0.840209
0.869572
0.887880
0.872858
0.864375
0.926461
1.057857
1.216085
1.392314
1.565197
1.720425
1.918867
2.123393
2.305854
2.415324
2.407286
2.288657
2.098817
1.880049
1.678050
1.506136
1.372856
1.472364
1.638882
1.860239
2.118758
2.394083
2.665838
2.908991
3.015186
2.977677
2.779801
2.548629
2.299512
2.048419
1.820170
2.007282
2.458351
2.984787
3.585403
4.276703
5.080347
6.005656
7.051327
8.245168
9.580435
10.876904
11.923641
11.923345
10.903765
9.674528
8.424827
7.459345
7.197961
7.883974
8.243743
7.865110
7.132690
6.270737
6.307665
7.008162
7.791753
8.653917
9.556842
10.274783
10.445794
9.944852
9.390077
8.847058
8.230378
7.477474
6.888426
6.773080
6.278416
5.667218
6.172626
7.039835
7.881935
8.530526
8.491273
7.804332
6.915687
6.061437
5.284790
5.185057
5.434745
5.431798
5.285418
5.512375
5.462379
5.219415
4.873370
4.546099
4.286901
4.120245
4.374558
4.418844
4.206635
3.892073
3.541587
3.240122
3.471950
3.612591
3.582666
3.406663
3.131302
2.833302
2.551237
2.294804
2.086906
2.194128
2.242980
2.342810
2.311894
2.473669
2.693767
2.818074
2.740799
2.562741
2.304701
2.047043
1.828753
1.653426
1.505042
1.375820
1.263258
1.266183
1.337740
1.315672
1.421672
1.439919
1.384786
1.265276
1.356913
1.508115
1.681757
1.872087
2.082885
2.296092
2.496921
2.657827
2.799013
2.945900
3.091414
3.218862
3.200000
3.024689
2.818802
2.599726
2.414747
2.858019
3.251494
3.639514
4.070537
4.531858
4.853439
4.881664
4.567368
4.145457
3.411518
2.956645
2.817480
2.640085
2.766641
2.975744
3.162961
3.279588
3.271698
3.127348
2.926257
3.020050
3.265719
3.460760
3.531808
3.431905
3.258447
3.042130
2.811819
2.612242
2.427882
2.245412
2.067895
1.997858
2.143050
2.271031
2.294854
2.190114
2.008167
2.456131
2.937991
3.170821
3.271207
3.263346
3.118902
2.725321
1.943005
1.359979
0.931878
0.609884
0.376329
0.305589
0.244628
0.187902
0.136633
0.091998
0.055812
0.028939
0.012238
0.002922
0.000000
0.000000
0.000000
0.000000
0.000000
0.000000
0.000000
0.000000
0.000000
0.000000
0.000000
0.000000
0.000000
0.000000
0.000000
0.000000
0.000000
0.000000
0.000000
0.000000
0.000000
0.000000
0.000000
0.000000
0.000000
0.000000
0.000000
0.000000
0.000000
0.000000
0.000000
0.000000
0.000000
0.020013
0.075869
0.137929
0.162710
0.195135
0.216960
0.251026
0.318420
0.510197
0.801833
1.000484
1.094138
1.121601
1.119214
1.077761
0.923053
0.796056
1.054423
1.205533
1.435857
1.727010
1.819422
1.756135
1.423561
1.075024
0.773211
0.524150
0.330245
0.187335
0.088737
0.028764
0.004811
0.000122
0.000000
0.000000
0.000000
0.000000
0.000000
0.000000
0.000000
0.000000
0.000000
0.000000
0.000000
0.000000
0.000000
0.000000
0.000000
0.000000
0.000000
0.000000
0.000000
0.000000
0.000000
0.000000
0.000000
0.000000
0.000000
0.000000
0.000000
0.000000
0.000000
0.000000
0.000000
0.000000
0.000000
0.000000
0.000000
0.000000
0.000000
0.000000
0.000000
0.000000
0.000000
0.000000
0.000000
0.000000
0.000000
0.000000
0.000000
0.000000
0.000000
0.000000
0.000000
0.000000
0.000000
0.000000
0.000000
0.000000
0.006473
0.062007
0.182231
0.387388
0.710084
0.977005
1.088636
1.077691
0.940646
0.629515
0.354597
0.171321
0.082462
0.174106
0.304093
0.479402
0.700370
0.950739
1.167729
1.271758
1.126167
0.864358
0.852079
1.088939
1.313666
1.546895
1.883655
2.158450
2.113267
1.724127
1.455957
1.166262
0.900857
0.669099
0.482830
0.334386
0.233574
0.250416
0.341152
0.418684
0.451904
0.424579
0.342283
0.245537
0.226813
0.205515
0.201836
0.266707
0.307948
0.281897
0.195790
0.139010
0.197750
0.269891
0.352641
0.448795
0.559198
0.682137
0.822412
0.965811
1.055223
1.058200
1.059068
0.985004
0.892627
1.001724
0.882180
0.808127
0.718457
0.719877
0.732500
0.885982
1.037664
1.169180
1.210051
1.145525
1.000008
0.872811
0.780876
0.750348
0.874965
1.000981
1.231714
1.450563
1.584734
1.603955
1.576365
1.614975
1.660322
1.826325
2.218355
2.652345
3.050444
3.214082
3.067533
2.722597
2.335466
1.987392
1.684621
1.397839
1.267179
1.563904
1.847771
2.224900
2.673380
3.096436
3.632830
4.279284
5.049629
5.915890
6.802996
7.818882
8.858006
9.290335
8.885086
7.850235
6.763999
5.772801
4.885601
4.113461
3.445115
3.130344
2.889051
2.595526
2.311352
2.239611
2.496888
2.713566
3.038076
3.430550
3.869862
4.315429
4.702732
5.093386
5.417550
5.923173
6.450699
6.925728
7.008306
6.712797
6.120793
5.479306
4.897144
4.372977
3.868848
3.395828
2.987421
2.612767
2.617029
2.906057
3.195768
3.474257
3.736916
3.958381
4.332111
4.722145
4.972698
4.935174
4.839869
4.678706
4.560102
4.445704
4.243258
4.080606
3.842185
3.544512
3.242069
2.940819
2.898414
2.995293
3.132566
3.222030
3.173246
3.037266
2.828195
2.609224
2.418592
2.226245
2.477783
2.710314
2.868714
3.014122
3.190536
3.316790
3.329921
3.210038
2.991038
2.719503
2.464925
2.262712
2.155746
2.169060
2.410534
2.887978
3.434535
3.723591
3.771452
3.609861
3.473168
4.271342
4.999804
5.408529
4.948881
4.211865
3.846314
3.821356
3.677901
3.674455
3.748504
3.631607
3.409547
3.327906
3.607161
3.678767
3.652345
3.834270
3.868763
3.725423
3.499089
3.296883
3.117219
2.847610
2.521197
2.382718
2.375517
2.281911
2.285229
2.199392
2.215755
2.337441
2.340158
2.521607
2.745640
2.926835
2.940318
3.044109
3.194199
3.265546
3.220515
3.065965
2.874400
2.705808
2.626581
2.495252
2.343929
2.181411
2.028614
1.978997
2.002979
2.167117
2.292020
2.390496
2.458305
2.504494
2.360874
2.107354
2.245938
2.409130
2.609591
2.819243
2.904778
2.841569
2.624225
2.490601
3.129440
3.683428
3.687223
3.137836
2.963779
3.234542
3.516282
3.724370
3.709030
3.465492
3.153403
2.828979
3.080463
3.417471
3.454181
3.554991
3.451709
3.180009
2.947470
2.990655
3.457986
3.994842
4.577250
5.172328
5.897027
6.675918
7.338586
7.682914
7.290608
6.607570
5.854064
5.170819
5.028085
5.611530
6.186945
6.493054
6.289402
5.821919
5.264799
4.749979
4.219387
4.249372
4.678744
4.989843
4.980340
4.671035
4.281892
3.817082
3.373847
2.995286
3.022847
3.352061
3.660613
3.787018
3.698683
3.407157
3.075484
2.725816
2.390850
2.074949
1.866398
2.018621
2.060804
2.075583
2.059570
1.999239
1.846058
1.769122
1.510531
1.311843
1.685619
2.006932
2.078084
2.014171
1.899960
1.810169
2.112282
2.678984
3.298572
3.665465
3.367258
2.792619
2.174670
1.631710
1.216803
0.976209
1.070428
1.164731
1.299328
1.476610
1.556612
1.370493
1.036577
0.974354
0.959014
1.100493
1.326637
1.393117
1.549884
1.628747
1.605154
1.470719
1.324612
1.188307
1.106785
1.155534
1.274908
1.413729
1.507901
1.447526
1.557770
1.729394
1.924475
2.133859
2.319153
2.401999
2.354050
2.189807
2.017289
1.862838
1.741491
1.636748
1.502767
1.273312
1.038690
0.710631
0.468860
0.376510
0.348459
0.290952
0.230718
0.214134
0.275494
0.314452
0.391106
0.757512
1.190266
1.339212
1.227759
0.896727
0.671248
0.598460
0.681544
0.717918
0.680401
0.679243
0.676845
0.661321
0.597172
0.476065
0.503194
0.443589
0.357841
0.288686
0.257386
0.209725
0.201309
0.264413
0.418559
0.597485
0.745586
0.804215
0.704032
0.573545
0.716656
0.794525
0.826883
1.200539
1.676797
2.289761
3.179156
4.137199
4.536247
4.655708
4.710795
4.792473
4.903118
4.972791
4.994081
4.432009
3.746490
4.049201
4.678018
4.878089
4.599655
3.966704
3.260815
2.652863
2.224430
2.129214
1.877811
2.044714
2.391411
2.536103
2.570038
3.011642
3.489247
3.988484
4.472373
4.749612
4.646263
4.204109
3.672728
3.174016
2.767829
2.631051
3.191560
3.656321
3.889842
3.634129
3.195250
2.658184
2.537163
3.117248
3.806134
4.420096
4.726077
4.404963
3.749197
3.041755
2.443210
1.987603
1.613668
1.240802
0.914977
0.659739
0.624498
0.759069
0.897095
1.027024
1.131714
1.172725
1.110673
1.041032
1.054196
1.067819
1.019940
0.957106
1.072805
1.172693
1.239791
1.231932
1.244266
1.299261
1.428237
1.606999
1.735758
1.742432
1.865483
2.045768
2.270238
2.491607
2.649891
2.820287
2.912517
2.861629
2.825750
2.856364
2.763725
2.615001
2.387429
2.378767
2.612256
2.826997
2.908033
2.946736
3.124923
3.176818
3.150655
2.983117
2.753918
2.504910
2.425142
2.459778
2.521679
2.626597
2.648810
2.560487
2.353346
2.320158
2.486063
2.565040
2.747951
3.113108
3.265853
3.490336
3.553792
3.414928
3.333708
3.583847
3.646784
3.543183
3.936596
4.072415
3.934854
3.691669
3.555869
3.288768
3.276296
3.287859
3.200386
3.018189
2.794204
3.149698
3.583843
3.957633
3.999073
3.755532
3.429260
3.496309
3.474728
3.342398
3.182785
3.846894
5.101890
5.555845
5.145142
3.868726
3.032285
2.935427
2.771285
2.612225
2.537802
2.581943
2.795738
2.672115
2.424418
2.233323
2.332282
2.576170
2.775396
2.865303
2.758630
2.555564
2.370713
2.372655
2.486305
2.730778
3.029843
3.298231
3.415328
3.758925
4.480989
5.297602
5.629233
5.534444
5.192945
5.204845
5.436738
5.619394
5.620221
5.387512
5.175025
5.242637
5.590195
5.910345
6.254274
6.571196
6.700015
6.522523
6.180731
5.796459
5.426526
5.076406
4.868738
5.116781
5.216022
5.125159
5.014588
5.134167
5.041318
4.839298
4.542593
4.191942
3.884100
3.849042
3.771978
3.663193
3.600823
3.552215
3.864367
4.122200
4.283568
4.219302
4.078065
3.828463
3.541544
3.391656
3.366116
3.702402
4.396256
5.072081
5.707013
5.766129
5.246144
4.548503
3.999499
3.832202
3.582873
3.339608
3.101574
2.878709
2.677277
2.747548
2.763978
2.694568
2.647294
2.795245
2.843218
2.764961
2.741590
2.691949
2.640807
2.913923
3.327263
3.732347
4.116633
4.243265
3.914050
3.439024
2.952551
2.815720
2.907233
2.592585
2.282267
2.367150
2.320842
2.151055
1.926141
1.801444
1.778611
1.671239
1.491271
1.373286
1.183293
1.084907
1.025800
0.853356
0.679081
0.881140
1.124805
1.121517
0.881039
0.602710
0.615080
0.676615
0.707271
0.665557
0.663716
0.682273
0.673824
0.662236
0.648188
0.719439
0.693935
0.660053
0.688505
0.823758
1.069474
1.411524
1.524147
1.456039
1.327928
1.176862
1.201735
1.328475
1.463683
1.530082
1.496421
1.376851
1.235206
1.243749
1.228738
1.155872
1.046862
0.934972
0.957140
1.041295
1.116807
1.195797
1.245182
1.288504
1.351799
1.314485
1.228395
1.137948
1.023267
1.131874
1.248169
1.377674
1.511304
1.617154
1.676384
1.662805
1.573730
1.437277
1.307494
1.337812
1.420755
1.466839
1.436702
1.362971
1.237864
1.145944
1.140673
1.143365
1.141707
1.180351
1.215373
1.157372
1.012700
0.847905
0.715633
0.702730
0.758909
0.822578
0.927350
1.044681
1.156470
1.233611
1.281162
1.280184
1.199772
1.404393
1.740231
2.084100
2.135743
1.981762
2.097933
2.318560
2.552296
2.941127
3.287243
3.274690
2.869242
2.973814
3.119796
2.974338
2.634962
3.086823
3.433679
3.475211
3.242358
2.890987
2.499506
2.080513
1.957515
1.881054
1.730405
1.659477
1.639054
1.635835
1.898968
2.337582
2.842461
3.334168
3.531655
3.325132
2.842867
2.363503
1.921388
1.593920
1.345306
1.040531
0.774531
0.971471
1.180004
1.296405
1.228295
1.206634
1.066879
1.004455
0.992881
1.102108
1.518756
2.053376
2.424352
2.552489
2.431140
2.155321
1.840877
1.549968
1.393445
1.571746
1.763430
1.897588
1.883328
1.786680
1.939579
2.091555
2.225326
2.431749
2.651800
2.826339
2.865766
2.743018
2.899719
3.111560
3.321289
3.471190
3.524884
3.610435
3.828809
3.954415
3.906418
3.726145
3.506805
3.654803
3.664778
3.601752
3.566380
3.491358
3.541810
3.772731
3.977442
4.314661
4.661384
4.832633
4.759793
4.511234
4.200493
4.385137
4.354988
4.358401
4.803415
5.089208
5.233486
5.187112
5.048470
5.170166
5.164055
4.998319
4.811934
4.609933
4.365849
4.283944
4.305118
4.500496
4.623775
4.823260
5.140896
5.455814
5.672216
5.762061
5.612271
5.373630
5.084488
5.280875
5.675845
5.811745
5.709008
5.312575
4.837958
4.370225
4.083741
4.171195
4.384203
4.601367
4.802305
5.000404
5.149815
5.177709
4.983108
4.688372
4.566932
4.790236
5.350027
5.339305
4.760076
5.102693
5.565310
5.946414
6.094219
6.108151
6.510576
6.780943
6.771112
6.468124
6.015869
5.563577
5.550281
5.826745
6.116308
6.443883
6.604501
7.017609
7.613196
8.310872
9.097845
9.953797
10.661944
11.032396
10.606421
9.842476
9.015265
8.221951
7.563439
7.144020
7.124038
6.874920
6.831553
7.382306
7.881215
8.168666
8.180980
7.926522
7.486209
7.002537
6.499933
6.012724
5.549369
5.100340
4.659354
4.244073
3.883377
3.719246
3.475345
3.217384
2.986811
2.824791
2.925657
2.793375
2.559976
2.594782
2.535858
2.507013
2.669188
2.716071
2.978643
3.238218
3.357523
3.335447
3.234423
3.505602
3.643254
3.563670
3.344829
3.074569
2.779606
2.502510
2.258019
2.024206
1.762861
1.480425
1.668882
1.733665
1.593371
1.312132
1.025171
1.214560
1.368765
1.550154
1.357674
1.033600
0.709044
0.732248
0.671177
0.567977
0.442591
0.328048
0.235231
0.199961
0.295075
0.406035
0.523984
0.618328
0.643389
0.570439
0.675291
0.765630
0.729557
0.407829
0.242839
0.236515
0.226120
0.241690
0.247023
0.231085
0.067781
0.006611
0.008993
0.026028
0.059896
0.108856
0.174383
0.256900
0.348692
0.411734
0.417271
0.517964
0.654711
0.807160
0.943246
1.033015
1.220944
1.459682
1.733245
2.018718
2.256280
2.217771
2.538179
3.232415
3.981518
4.624650
4.713522
4.246242
3.919738
3.764278
3.334862
2.724764
2.554939
2.076803
1.568325
1.324784
1.474771
1.621408
1.887992
2.301737
2.790998
3.218750
3.124726
1.883034
1.050104
1.005004
0.941734
0.537495
0.471926
0.282828
0.110100
0.102478
0.017904
0.252341
0.712249
0.000000
0.000000
0.000000
0.000000
0.000000
0.000000
0.000000
0.000000
