track	type=wiggle_0
fixedStep	chrom=chr	start=1	step=1
0.000000
0.000000
0.000000
0.000000
0.000000
0.000000
0.000000
0.000000
0.000000
0.291762
0.619305
0.851375
0.984567
1.036910
1.000617
0.783060
0.377276
0.174550
0.127034
0.106358
0.136040
0.206823
0.302611
0.389272
0.406328
0.607033
0.809386
0.895401
0.767682
0.554866
0.612025
0.795693
0.565592
0.303550
0.124539
0.037696
0.003792
0.000082
0.000004
0.000063
0.000928
0.000545
0.000000
0.011980
0.096102
0.241442
0.365447
0.469296
0.482235
0.508699
0.640461
0.771018
0.791873
0.704495
0.645011
0.715691
0.679301
0.557772
0.404366
0.382896
0.552683
0.778461
1.042782
1.299422
1.478176
1.392864
1.168838
0.938035
0.712666
0.508624
0.348278
0.239990
0.146830
0.108567
0.056423
0.016115
0.001765
0.000000
0.000000
0.000000
0.033855
0.140655
0.300053
0.443303
0.545489
0.584173
0.612354
0.765906
0.807862
0.814058
0.807862
0.779094
0.730607
0.728070
0.661073
0.545291
0.492216
0.603395
0.742350
0.900197
1.056724
1.159722
1.173320
1.103392
0.963109
0.823873
0.805596
0.911254
1.011173
1.068920
1.027127
0.937456
1.008341
1.010868
0.944084
0.819664
0.796044
0.925435
1.075864
1.233082
1.391811
1.497638
1.501573
1.404743
1.420443
1.598630
1.630125
1.490007
1.287214
1.075684
0.875157
0.863831
1.046070
1.272468
1.444446
1.452561
1.453192
1.494099
1.817035
2.228961
2.710518
3.218797
3.625854
3.810009
3.535586
3.087412
2.854213
3.461303
4.199988
5.019142
5.747797
6.087931
5.742470
4.998647
4.182576
3.485522
3.045923
2.936934
2.616471
2.229626
1.821693
1.461111
1.434887
1.683809
1.739784
1.569636
1.325753
1.339667
1.500216
1.585247
1.520721
1.659318
1.767111
1.775079
1.762478
1.816885
2.116649
2.524696
3.011908
3.560748
4.140452
4.641249
4.910560
4.651516
4.152967
3.586185
3.539936
3.349788
3.189574
3.036750
2.718146
2.383948
2.061950
1.772499
1.535610
1.541113
1.658962
1.692039
1.591177
1.389176
1.175927
0.981107
0.832115
0.783220
0.665620
0.545405
0.632239
0.708449
0.661356
0.821023
0.950031
1.036402
1.055522
1.087468
1.223421
1.330106
1.337373
1.297469
1.272300
1.268442
1.282043
1.428025
1.590682
1.736892
1.867596
1.925292
1.911440
1.869878
1.826141
1.769508
1.859849
1.995817
2.046716
2.081503
2.174417
2.386719
2.594831
2.739262
2.726102
2.571610
2.360657
2.145247
1.949308
1.811573
1.830713
1.772992
1.901268
2.078547
2.230418
2.269234
2.205369
2.044969
1.878650
1.713714
1.550366
1.391091
1.426920
1.409989
1.454294
1.442592
1.346252
1.229904
1.284369
1.340386
1.295258
1.161600
1.107014
1.061483
0.965581
0.998523
1.074073
1.087202
1.027240
1.017576
0.973943
0.870259
0.802919
0.854377
1.027548
1.237786
1.461669
1.685119
1.901629
2.323767
2.810491
3.361956
3.987114
4.690454
5.453540
6.170949
6.673484
6.619994
6.067180
5.539462
5.244100
4.683510
4.062864
3.527132
3.249755
2.945882
2.686667
2.784291
2.923263
2.865429
2.554286
2.753960
3.057708
3.272485
3.305446
3.385964
3.605618
3.682966
3.624068
3.656259
3.836504
3.838850
3.584028
3.241314
3.033245
2.714432
2.477517
2.372355
2.129144
1.927808
1.813847
1.652989
1.520715
1.680102
1.736230
1.842753
1.919033
1.936655
1.947869
2.004291
2.222791
2.532853
2.879061
3.185177
3.318151
3.180815
2.875293
2.540241
2.237502
1.956496
2.033629
1.812759
1.492978
1.145641
1.216920
1.204095
1.090589
0.928378
0.764415
0.621447
0.505067
0.453445
0.446924
0.429164
0.322041
0.211987
0.121031
0.056419
0.038046
0.127375
0.302272
0.338288
0.226836
0.164124
0.104099
0.158928
0.138488
0.064310
0.069505
0.091536
0.098549
0.082757
0.056076
0.030298
0.012178
0.002176
0.000000
0.000383
0.022214
0.047056
0.074046
0.088884
0.087745
0.084257
0.082543
0.078883
0.065109
0.027051
0.000000
0.000000
0.000000
0.000000
0.014445
0.051201
0.008375
0.000000
0.000000
0.000000
0.000000
0.000000
0.000000
0.000000
0.000000
0.000000
0.000000
0.000000
0.000000
0.000000
0.000000
0.000000
0.000000
0.000000
0.000000
0.000000
0.000000
0.000000
0.000000
0.000000
0.000000
0.000000
0.000000
0.000000
0.000000
0.000000
0.000000
0.000000
0.000000
0.000000
0.000000
0.000000
0.000000
0.000000
0.007089
0.051955
0.143059
0.285149
0.484193
0.750546
1.094198
1.476273
1.749183
1.745243
1.459553
1.080371
0.747454
0.528791
0.537108
0.763946
0.964962
1.198248
1.498619
1.938946
2.492784
3.152683
3.929289
4.830496
5.776020
6.549238
6.558462
5.836799
4.943068
4.099581
3.515321
3.180025
2.628386
2.087671
1.612085
1.210338
0.881989
0.615356
0.404156
0.242675
0.126320
0.050114
0.009943
0.000000
0.000000
0.000000
0.000000
0.000000
0.000000
0.000000
0.000000
0.000000
0.000000
0.000000
0.000000
0.000000
0.000000
0.000000
0.000000
0.000000
0.000000
0.000000
0.000000
0.000000
0.000000
0.000000
0.000000
0.000000
0.000000
0.000000
0.000000
0.000000
0.000000
0.000000
0.000000
0.000000
0.000000
0.000000
0.000517
0.008501
0.018655
0.019632
0.020622
0.038032
0.040187
0.025944
0.009616
0.000828
0.000000
0.003058
0.014622
0.022781
0.020494
0.009346
0.000986
0.000000
0.000000
0.000000
0.000000
0.000000
0.000000
0.000000
0.000000
0.005958
0.028692
0.070058
0.130793
0.201952
0.266884
0.279126
0.237797
0.206684
0.295669
0.319661
0.252723
0.144541
0.068802
0.050398
0.107831
0.159071
0.171513
0.195185
0.396979
0.719108
1.200251
1.600837
1.762491
1.805811
1.809207
1.784636
1.890073
2.470076
3.156021
3.923135
4.768720
5.682105
7.188410
8.032887
7.178166
5.614451
4.559613
3.709759
3.140134
3.355841
3.386077
3.463630
3.797564
4.337816
4.555523
4.372698
3.877515
3.282982
2.727503
2.219670
1.798603
1.614628
1.448750
1.611470
1.651376
1.465356
1.172448
0.828575
0.887755
1.084413
1.306103
1.553739
1.798786
1.977608
2.011989
1.899084
1.694440
1.447932
1.222566
1.036667
0.929808
0.813387
0.666990
0.534071
0.412785
0.313365
0.249154
0.205681
0.145938
0.089959
0.049029
0.022321
0.005456
0.000000
0.000000
0.000000
0.000000
0.000000
0.000000
0.001610
0.008445
0.019103
0.024159
0.018044
0.005956
0.000547
0.005936
0.014310
0.014008
0.005338
0.000205
0.000287
0.003837
0.003784
0.015280
0.041756
0.066357
0.077462
0.083016
0.085891
0.090909
0.149625
0.315233
0.553380
0.869188
1.260303
1.667369
1.649101
1.207828
0.802110
0.499470
0.277230
0.162107
0.137816
0.096979
0.061719
0.036303
0.052188
0.121703
0.201320
0.266771
0.303514
0.285931
0.231221
0.212484
0.191077
0.149665
0.106426
0.065900
0.033145
0.013730
0.004913
0.001022
0.005291
0.006309
0.005825
0.001501
0.000000
0.000228
0.008767
0.030793
0.068950
0.124248
0.194477
0.278911
0.373105
0.460706
0.545931
0.558443
0.490169
0.394345
0.300206
0.217537
0.147680
0.090006
0.046762
0.021260
0.017841
0.033687
0.062473
0.087376
0.090917
0.153473
0.246511
0.356708
0.436124
0.485491
0.459210
0.553307
0.720452
0.922845
1.060055
1.041299
0.897414
0.734084
0.551383
0.472979
0.496818
0.436241
0.456120
0.687529
0.943641
1.097327
1.041971
1.304843
1.763119
2.359153
2.917467
2.901522
2.344348
1.892160
1.702602
1.449158
1.634987
2.018500
1.962265
1.423306
1.039784
0.695934
0.755062
0.758081
0.649204
0.506069
0.372355
0.271259
0.192996
0.268565
0.330796
0.306857
0.399621
0.468193
0.473198
0.409770
0.346566
0.392715
0.377173
0.451330
0.486375
0.450225
0.442776
0.538000
0.613115
0.648441
0.671338
0.804293
0.888397
0.875198
0.771336
0.825779
0.941682
1.084238
1.240986
1.400128
1.488558
1.448197
1.570310
1.762891
1.969277
2.109854
2.075643
1.891318
1.658105
1.430174
1.230004
1.081887
1.019428
0.960580
0.951202
1.125002
1.281706
1.348039
1.284478
1.151361
1.000279
0.855657
0.778299
0.819605
0.878510
0.881222
0.915331
0.971725
0.986118
0.981413
1.034464
1.421817
1.897877
2.452102
3.035583
3.601736
3.740481
3.464091
2.852856
2.249822
2.233810
2.223357
2.209173
2.401117
2.503593
2.358721
2.113070
2.509140
3.042888
3.546561
3.566581
3.148967
2.594801
2.477130
2.325579
2.014182
1.717947
1.825814
2.111676
2.405282
2.432562
2.210914
2.154023
2.313154
2.474971
2.802316
3.081943
2.985167
2.875621
3.133822
2.862340
2.320865
2.113535
2.396254
2.690633
2.994062
3.251310
3.433044
3.380414
3.140286
2.824985
2.769579
3.068872
3.296572
3.330184
3.209428
3.066554
2.952814
2.825468
2.952024
2.934945
2.691057
2.378404
2.053521
1.756329
1.491749
1.410409
1.567085
1.693269
1.739345
1.851193
1.907679
1.825144
1.635429
1.440687
1.305276
1.188283
1.058028
0.992241
1.005765
1.173887
1.338481
1.435604
1.537153
1.650201
1.676785
1.555432
1.538168
1.647918
1.671969
1.607530
1.462304
1.315507
1.190356
1.079246
0.972086
1.048097
1.066512
1.102070
1.043228
0.903711
0.758028
0.706619
0.689139
0.623287
0.633052
0.735989
0.824629
0.870746
0.940044
0.998314
0.955293
0.883478
0.908271
1.019642
1.136263
1.250310
1.357694
1.420756
1.471859
1.858350
1.998924
2.002211
1.877427
1.521383
0.987487
0.795948
0.694983
0.619524
0.645425
0.686378
0.741696
0.815192
0.997175
1.223340
1.262314
1.080053
0.846732
0.851346
0.961738
1.088704
1.231457
1.398288
1.584756
1.901363
2.357656
2.623028
2.714688
2.823662
2.885501
2.872532
2.746521
2.406148
1.704756
1.171162
0.965396
0.815819
0.701363
0.775552
0.925067
0.894343
0.726727
0.523714
0.428805
0.493272
0.514170
0.474450
0.391913
0.301337
0.220998
0.166892
0.133834
0.112416
0.139436
0.197788
0.278355
0.355952
0.362709
0.299337
0.213281
0.202444
0.270686
0.323425
0.366111
0.359130
0.334660
0.371690
0.461816
0.550177
0.490210
0.379106
0.395709
0.506736
0.581432
0.581308
0.506523
0.394389
0.290096
0.223439
0.201778
0.200592
0.207874
0.280567
0.328922
0.374617
0.472976
0.628299
0.800355
0.937554
0.989207
0.984181
1.200521
1.574621
1.877390
1.880341
1.975420
2.458522
2.972714
3.443662
3.638893
3.558455
3.206217
2.681805
2.168938
2.100729
2.469367
2.698933
2.580282
2.260008
1.908904
1.639792
1.400520
1.161889
0.916465
0.693363
0.497940
0.336822
0.211547
0.117552
0.051939
0.016398
0.100784
0.282015
0.394342
0.426464
0.425059
0.394211
0.305532
0.177550
0.197433
0.257806
0.419155
0.712088
0.860797
0.917957
0.918342
0.871777
0.752145
0.514081
0.304394
0.102283
0.014749
0.000000
0.000000
0.000000
0.000000
0.000000
0.000000
0.000000
0.000000
0.000000
0.000000
0.000000
0.000000
0.000000
0.000000
0.000000
0.000000
0.000000
0.000000
0.000000
0.000000
0.000899
0.002989
0.002165
0.000000
0.000000
0.000000
0.000000
0.000000
0.028212
0.121300
0.297582
0.585442
0.833598
0.969864
1.045500
1.436721
1.774746
1.830361
1.593601
1.223426
0.902246
0.656414
0.920438
1.231963
1.517556
1.624754
1.477021
1.251642
1.606163
2.054999
2.492320
2.611576
2.817217
3.370218
3.784450
3.087293
2.307102
1.706771
1.274519
0.924360
0.617510
0.620660
0.796826
0.988550
1.173684
1.263368
1.407360
1.594097
1.706102
1.627215
1.392613
1.132385
0.906448
0.885453
0.920758
0.871675
0.725015
0.584568
0.512803
0.425516
0.532838
0.650493
0.778661
0.920189
1.075284
1.250060
1.432852
1.614662
1.775389
2.085297
2.690739
3.334201
3.824944
3.836997
3.363475
2.757292
2.217625
2.019040
1.863848
1.912225
2.102704
2.185196
2.092085
2.058561
1.947011
1.799215
1.692680
2.018706
2.392807
2.792804
3.175755
3.419926
3.485001
3.610978
3.880157
4.227008
4.537778
5.061142
5.779827
6.449508
6.703763
6.454330
5.827926
5.114530
4.465973
3.894306
3.402271
2.956795
3.142647
3.711643
4.156853
4.156774
3.710945
3.132319
2.580032
2.105786
1.701687
1.360456
1.321502
1.647215
1.806650
1.757607
1.844161
1.744111
1.556762
1.478262
1.664531
1.806333
1.792246
1.678621
1.481208
1.306004
1.322578
1.269765
1.131595
1.200469
1.262657
1.200188
1.028392
0.866520
0.859397
0.808580
0.677418
0.538650
0.445501
0.509293
0.509655
0.455468
0.368063
0.325626
0.283287
0.217514
0.170404
0.203842
0.207906
0.177298
0.122236
0.148397
0.210847
0.223774
0.171260
0.128851
0.131641
0.152884
0.177807
0.221419
0.248910
0.234466
0.201577
0.238270
0.279592
0.287431
0.264027
0.222300
0.171439
0.165779
0.159722
0.167449
0.149143
0.110298
0.067746
0.035508
0.014774
0.021365
0.024801
0.039065
0.038006
0.022924
0.007832
0.000454
0.000000
0.000000
0.000000
0.000000
0.000000
0.000000
0.000000
0.000000
0.000000
0.000000
0.000000
0.000000
0.000000
0.001699
0.043098
0.155357
0.360088
0.663891
0.799197
0.720765
0.465376
0.205446
0.078652
0.014046
0.000000
0.000000
0.000000
0.000000
0.000000
0.000000
0.000000
0.000000
0.000000
0.000000
0.000000
0.000000
0.000000
0.000000
0.000032
0.007195
0.036005
0.070832
0.084423
0.059961
0.045619
0.024088
0.040034
0.073760
0.087962
0.109993
0.113598
0.177414
0.308734
0.468685
0.604633
0.604357
0.471427
0.318272
0.328827
0.440019
0.550363
0.605898
0.766420
0.940772
1.060522
1.220518
1.291048
1.197661
0.979108
0.749129
0.548754
0.379809
0.241260
0.278913
0.464379
0.718581
1.041059
1.430810
1.919223
2.515221
3.229914
4.009202
4.681596
4.690721
4.029045
3.246640
2.526659
1.922017
1.424158
1.019531
0.704143
0.480700
0.297423
0.161753
0.081144
0.070757
0.072019
0.141569
0.233066
0.328995
0.378420
0.355771
0.263026
0.166738
0.090614
0.110748
0.158144
0.175143
0.138451
0.101914
0.059009
0.036008
0.050669
0.066701
0.086688
0.148637
0.214803
0.268508
0.328097
0.379143
0.358051
0.284266
0.194618
0.118042
0.060345
0.022619
0.012796
0.024171
0.051379
0.079038
0.121883
0.125854
0.189764
0.229520
0.358871
0.516384
0.664546
0.760099
0.734621
0.981200
1.239341
1.496650
1.483094
1.217442
0.883410
0.618915
0.536345
0.632542
0.822110
1.025284
1.103661
1.103555
0.999303
1.160681
1.246867
1.116860
0.845444
0.922860
1.328176
1.836305
2.150405
1.921369
1.571581
1.372339
1.109680
0.646370
0.331420
0.182290
0.288089
0.358615
0.451004
0.445175
0.328275
0.183420
0.077610
0.027162
0.122378
0.241497
0.152578
0.049607
0.003481
0.000000
0.000000
0.000000
0.000000
0.000000
0.000000
0.000000
0.000000
0.000000
0.000000
0.000000
0.000000
0.000000
0.000000
0.000000
0.000000
0.000000
0.000000
0.000000
0.000000
0.000000
0.000000
0.000000
0.000000
0.000000
0.000000
0.000000
0.000000
0.000000
0.000000
0.000000
0.000000
0.000000
0.000000
0.000000
0.000179
0.029448
0.112913
0.259680
0.477632
0.782834
1.206605
1.816324
2.231177
2.384342
2.421211
2.420703
2.391482
2.281623
2.013876
1.598228
1.883422
2.013907
1.831859
1.519640
1.292946
1.515533
1.934738
2.242012
2.559670
2.722691
2.501856
2.067923
1.680482
1.364938
1.057784
0.750678
0.497218
0.550496
0.579869
0.553465
0.640489
0.914368
1.048485
1.086196
1.094511
1.084196
1.039256
0.885921
0.566143
0.279950
0.189546
0.331357
0.404407
0.362082
0.260312
0.346017
0.429917
0.442954
0.383597
0.284706
0.286088
0.285579
0.281241
0.269582
0.358307
0.461259
0.580287
0.690323
0.758897
0.727129
0.623270
0.497457
0.380032
0.357389
0.402063
0.554927
0.806035
1.068002
1.107444
0.888943
0.872910
1.007460
1.115464
1.252182
1.328276
1.447559
1.577958
1.679511
1.837526
1.955132
2.158327
2.377877
2.540525
2.589725
2.493512
2.471059
2.711535
2.926115
3.082786
3.094575
2.993445
2.891797
2.826127
2.917210
3.023392
3.049721
2.891360
2.637112
2.458352
2.531737
2.798981
3.086477
3.313138
3.358849
3.291152
3.602393
3.824668
3.810809
3.707967
4.153936
4.527677
4.808898
4.806673
4.498182
4.036472
3.719919
3.796201
3.794082
3.605679
3.737647
3.878761
3.846799
3.633983
3.389639
3.132387
2.980998
2.997594
2.970554
3.187984
3.221513
3.281013
3.403891
3.661719
3.627543
3.350338
3.408724
3.464713
3.847557
4.155747
4.760280
5.580407
6.502672
7.309040
7.730945
7.273344
6.726777
6.604898
6.061725
4.774213
4.507611
5.169386
5.860806
6.426027
6.670673
6.560702
6.035351
5.472740
4.819439
4.193965
3.612544
3.116256
3.082911
3.307198
3.414990
3.424913
3.170691
2.769944
2.389535
2.136187
2.203179
2.267909
2.262867
2.594321
3.571480
3.900300
3.543211
2.511571
1.758106
1.491417
1.356548
1.216966
1.181667
1.177717
1.073280
1.198838
1.379713
1.557212
1.721299
1.836567
1.846309
1.728235
1.569863
1.380429
1.201170
1.089105
1.202976
1.474768
1.581633
1.448733
1.136102
1.321108
1.676712
1.953607
2.162070
2.172462
2.014981
1.799757
1.572931
1.414760
1.451011
1.408822
1.311207
1.227980
1.102026
1.031997
1.031952
1.021684
1.109903
1.270493
1.472879
1.687165
1.850303
1.892576
1.776763
1.589549
1.393587
1.241908
1.197410
1.231255
1.366994
1.427668
1.336616
1.194901
1.032677
0.873242
0.755735
0.838972
0.834224
0.784123
0.824944
1.006557
1.187431
1.277393
1.286332
1.242861
1.124316
1.373453
1.760119
2.212314
2.807158
3.340053
4.006216
4.553849
4.622725
4.130149
3.516096
3.270475
2.743922
2.326762
2.005420
2.084743
2.477312
2.987605
3.582167
4.123792
4.395500
4.155335
3.705132
3.095574
2.501554
1.995215
2.277766
2.560147
2.289333
1.798960
1.315321
1.204285
1.455898
1.734632
1.877048
1.775398
1.539701
1.231990
0.950632
0.716698
0.693690
0.743432
0.804749
0.803664
0.694101
0.533588
0.378037
0.291524
0.281625
0.244717
0.196076
0.243451
0.448214
0.705598
0.899854
0.895415
0.711163
0.486575
0.297032
0.200609
0.211949
0.219595
0.354555
0.426108
0.473718
0.639939
0.952964
1.320040
1.674747
1.840185
1.661643
1.337198
1.043659
0.742754
0.484493
0.484502
0.579886
0.692259
0.791036
0.890916
1.005329
1.053110
1.016005
0.908165
0.770703
0.648645
0.530371
0.420104
0.330611
0.266069
0.220974
0.253641
0.315675
0.345456
0.322253
0.261735
0.204962
0.162085
0.186655
0.321109
0.565147
0.757746
0.595448
0.359628
0.286308
0.316870
0.288650
0.234698
0.169179
0.116510
0.085890
0.072579
0.113933
0.160145
0.222788
0.301921
0.380172
0.459059
0.523862
0.539727
0.483434
0.405331
0.330749
0.260850
0.327267
0.420415
0.451675
0.502160
0.779766
1.118255
1.523442
2.178725
2.789881
3.055641
3.122982
3.128805
3.124711
3.124036
3.118063
3.064530
3.272695
4.031814
4.775701
5.269877
5.292350
4.955847
4.700713
4.247980
3.577605
3.631240
3.397595
2.734679
1.929824
1.336525
1.381366
1.429478
1.727234
2.031804
2.131933
1.957641
1.608071
1.251085
0.947959
0.726282
0.752440
0.853135
1.006308
1.029202
0.920114
0.758973
0.572463
0.522072
0.508441
0.519171
0.643617
0.793812
0.960817
1.144663
1.341982
1.481617
1.462777
1.296533
1.081243
0.871129
0.689160
0.542732
0.439657
0.511810
0.746323
0.941156
1.008494
0.974868
0.856653
0.743406
0.849386
0.881207
0.888138
0.880869
0.845381
0.729876
0.520621
0.484159
0.463992
0.542629
0.648325
0.732203
0.862929
1.006489
1.158905
1.258352
1.241774
1.124350
0.984056
0.909826
0.952631
1.038346
1.132357
1.248939
1.295368
1.264195
1.197412
1.055055
1.016912
1.117198
1.222169
1.480610
1.852005
2.203349
2.345289
2.416764
2.588071
2.825871
3.074435
3.318465
3.575794
3.829956
3.978364
3.971241
3.820900
3.574619
3.309513
4.010726
4.701722
5.181637
5.473410
5.416753
5.026392
4.454797
3.945999
3.440223
2.970758
2.558095
2.257705
2.059850
1.905250
1.717127
1.615932
1.592265
1.532141
1.583965
1.673172
1.705617
1.687627
1.873075
2.082104
2.266995
2.363522
2.302423
2.109759
1.872603
1.877683
1.932324
2.112941
2.321326
2.497601
2.624597
2.785684
2.850668
3.516026
4.230942
4.743499
4.731867
4.199820
3.498065
3.522180
3.894099
4.250591
4.575434
4.811648
4.825838
4.598286
4.567185
4.949256
5.185961
5.207848
5.470775
5.840206
6.112114
6.151031
6.522047
6.654626
6.557651
7.238734
7.979668
8.424352
8.353601
7.780388
7.082595
6.403016
5.811402
5.307306
4.981325
4.967563
4.760075
4.708402
5.127864
5.540512
5.792226
5.833200
5.642859
5.306744
4.949521
4.556932
4.169346
3.794676
3.423157
3.052328
2.704236
2.398528
2.205949
2.301063
2.493520
2.654943
2.681017
2.509697
2.284723
2.054701
1.875811
1.800643
1.651399
1.565537
1.610437
1.670836
1.861926
1.939534
1.916990
1.861267
2.058971
2.160077
2.094101
1.932004
1.728184
1.513653
1.312759
1.128919
0.929385
0.726214
0.952430
1.169238
1.263025
1.158880
0.936326
0.707915
0.953563
1.129694
1.295768
1.126359
0.832777
0.545298
0.336671
0.265992
0.207918
0.178972
0.179377
0.137606
0.092328
0.151538
0.223209
0.290850
0.357611
0.377030
0.316540
0.231860
0.146104
0.076666
0.029904
0.007429
0.000794
0.000024
0.000000
0.000000
0.000000
0.000000
0.000000
0.000000
0.000000
0.000000
0.000000
0.000000
0.000000
0.000000
0.000000
0.004002
0.045284
0.108071
0.195034
0.328512
0.454922
0.544812
0.437103
0.578381
0.867349
1.229978
1.683234
2.234480
2.876307
3.562626
4.160176
4.244825
3.803753
3.454521
3.213899
2.766027
2.277428
2.145519
1.720141
1.257933
0.865281
0.552369
0.316644
0.151136
0.047468
0.002331
0.000000
0.000000
0.000000
0.000000
0.000000
0.000000
0.000000
0.000000
0.000000
0.004058
0.000554
0.000000
0.207347
0.000000
0.000000
0.000000
0.000000
0.000000
0.000000
0.000000
0.000000
