track	type=wiggle_0
fixedStep	chrom=chr	start=1	step=1
0.000000
0.000000
0.000000
0.000000
0.000000
0.000000
0.000000
0.000000
0.000000
0.333750
0.709794
0.977248
1.131858
1.193893
1.155780
0.914841
0.460612
0.233715
0.183006
0.158055
0.200482
0.291022
0.407397
0.508761
0.519135
0.742682
0.964546
1.061828
0.918400
0.672478
0.726739
0.929488
0.674399
0.380437
0.216164
0.251904
0.324941
0.455497
0.685735
0.967833
1.214249
1.256274
1.075527
0.917145
0.800769
0.683389
0.914732
1.026152
1.014748
1.122061
1.326363
1.465505
1.464999
1.324550
1.341792
1.424224
1.340275
1.144692
0.908754
1.046022
1.333499
1.678132
2.054956
2.391613
2.546189
2.378565
2.045366
1.695072
1.365055
1.060853
0.797066
0.577389
0.399964
0.260559
0.154156
0.114374
0.135168
0.199340
0.238628
0.238005
0.679752
1.435547
2.225942
2.902884
3.481733
3.900312
4.033393
4.087135
4.363573
4.601600
4.708347
4.586329
4.435132
4.592893
4.604687
4.405121
4.091020
4.102520
4.450800
4.861104
5.305482
5.746084
6.059346
6.174198
5.978517
5.688856
5.280776
4.896365
4.522091
4.143945
4.131124
4.198708
4.547174
4.823441
4.920357
4.832068
4.927104
5.219676
5.323093
5.393764
5.413071
5.402596
5.989102
6.631798
7.307037
7.901385
8.345786
8.198329
7.646598
6.984935
6.330352
5.718149
5.159195
4.671792
4.521461
4.972425
5.448688
5.943738
6.430225
6.834436
6.975249
6.825592
6.667500
6.421922
6.037187
5.592057
5.148654
4.700874
4.278858
4.301087
4.678654
5.045387
5.300020
5.317990
5.069198
4.825535
4.995269
5.387498
5.852243
6.345387
6.787298
6.982302
6.906370
6.535978
6.078401
5.650490
5.399135
5.243719
5.081729
5.187038
5.620482
5.930587
5.946496
6.195774
6.634346
7.028814
7.051015
6.708877
6.510582
6.839264
7.014589
7.608859
8.374653
9.234826
10.133804
10.896969
11.284992
10.893134
10.604454
10.295036
9.622901
8.875933
8.140115
7.445749
6.814844
6.284816
5.909666
5.124075
4.642934
4.195404
3.840291
3.803973
3.566499
3.342174
3.183246
3.171148
3.167512
3.419485
3.628291
3.726420
3.891879
4.074560
4.278764
4.567592
4.841696
4.992442
4.965296
4.751083
4.497778
4.662864
5.023505
5.356869
5.678654
5.987487
6.073768
6.031071
5.885839
5.598995
5.247326
4.922331
4.674315
4.965742
5.191064
5.322207
5.358836
5.276962
5.013043
4.711479
4.405444
4.099586
3.800261
3.627085
3.832424
3.919479
3.928879
3.843853
3.627456
3.379599
3.129691
2.888117
2.688690
2.485928
2.281118
2.301137
2.457483
2.523154
2.527917
2.460553
2.298955
2.110414
1.927285
1.676203
1.414163
1.196017
1.106708
1.112481
1.013407
0.807795
0.611147
0.473632
0.423009
0.414233
0.376702
0.522113
0.716226
0.948645
1.222951
1.542901
1.916475
2.342953
2.811393
3.289079
3.648656
3.895058
4.329739
4.741926
5.190267
5.926152
6.962420
8.129668
9.324719
10.116541
10.400102
10.327346
9.421668
8.312626
7.242281
6.284425
5.470977
5.834918
6.471948
6.893703
6.947484
6.628511
5.975132
5.325674
4.849252
4.373693
3.864594
3.339340
3.116050
3.487112
3.612441
3.466024
3.101639
2.695697
2.326187
2.037579
1.926870
1.840223
2.031760
2.034349
1.442922
1.490820
1.543261
1.451194
1.258387
1.052097
0.869334
0.776131
0.857439
0.879783
1.023251
1.150266
1.229430
1.339532
1.491557
1.673017
1.879485
2.100839
2.291787
2.359921
2.411878
2.406607
2.253245
2.032359
1.803155
1.585885
1.386242
1.199248
1.026550
0.871164
0.731174
0.604307
0.489771
0.386178
0.295788
0.218281
0.167283
0.243267
0.301891
0.333838
0.349495
0.441318
0.782916
0.832977
0.720943
0.893126
1.024786
1.048515
0.937542
0.763519
0.597233
0.451977
0.328072
0.225307
0.143637
0.105728
0.087777
0.064873
0.039043
0.018501
0.006034
0.002383
0.007138
0.018774
0.036086
0.050592
0.077969
0.099225
0.096472
0.075333
0.072137
0.053551
0.034956
0.017506
0.004465
0.000044
0.000000
0.000000
0.000000
0.000000
0.000000
0.000000
0.000000
0.000000
0.014711
0.109498
0.243479
0.313332
0.334292
0.339920
0.341351
0.336963
0.311003
0.219820
0.053134
0.002030
0.000000
0.000000
0.000000
0.000000
0.000000
0.000000
0.000000
0.000000
0.000000
0.000000
0.000000
0.000000
0.000000
0.000000
0.000000
0.000000
0.000000
0.000000
0.000000
0.000000
0.000000
0.000000
0.000000
0.000000
0.000000
0.000000
0.000000
0.000000
0.000000
0.000000
0.000000
0.000000
0.000000
0.000000
0.000000
0.000000
0.000000
0.000000
0.022806
0.106149
0.266519
0.543702
0.954165
1.195933
1.274248
1.130351
0.763303
0.486706
0.295602
0.177034
0.150498
0.106947
0.160859
0.319577
0.589624
0.838514
0.915356
0.829878
0.702142
0.924465
1.186775
1.491631
1.829533
2.133172
2.318349
2.186207
1.890198
1.547431
1.234928
0.966394
0.738215
0.544720
0.387878
0.269491
0.306265
0.390250
0.434243
0.408865
0.348112
0.373753
0.594524
0.921352
1.376590
1.988081
2.326542
2.453097
2.430338
2.216630
1.701649
1.234405
1.235999
1.058279
0.804152
0.550593
0.579085
0.618343
0.704106
0.823883
0.974669
1.120051
1.186192
1.158549
1.031202
0.886827
0.751312
0.740043
0.870219
0.973924
1.160829
1.354973
1.483904
1.489524
1.470704
1.351127
1.195021
1.028756
0.921745
1.073597
1.248433
1.440063
1.637404
1.802868
1.843610
1.751437
1.820581
2.082102
2.216966
2.179963
1.970076
1.786553
1.528484
1.490551
1.751900
2.122554
2.420690
2.800612
3.223083
3.787017
4.320329
4.559103
4.442758
3.950093
3.775425
4.410883
5.094628
5.809152
6.353820
6.436434
5.949362
5.289701
4.915308
4.515444
5.369716
6.371959
7.954044
8.865621
7.933248
6.262356
5.959474
5.643044
5.028734
4.388401
4.256540
4.866278
5.550623
6.233528
6.741302
6.635742
6.053327
5.275702
4.520918
3.818531
3.497458
3.625944
3.523876
3.429804
3.183318
2.841151
2.308844
1.796241
1.352361
0.984824
0.730789
0.742037
0.671775
0.556852
0.458408
0.438570
0.407023
0.358972
0.275563
0.282127
0.322785
0.308825
0.248359
0.273054
0.359011
0.447238
0.504933
0.488572
0.416194
0.327209
0.247082
0.179530
0.122257
0.080219
0.090303
0.078813
0.054938
0.051572
0.067879
0.077688
0.102862
0.115538
0.099006
0.068383
0.035808
0.014073
0.008308
0.015701
0.024517
0.039374
0.056749
0.093716
0.134365
0.176617
0.219547
0.246470
0.243259
0.208964
0.159671
0.233311
0.412005
0.634820
0.932451
1.322053
1.810979
2.383072
3.019321
3.000351
2.343872
1.768183
1.277709
0.883078
0.576979
0.348865
0.184900
0.121650
0.093698
0.066476
0.076208
0.097453
0.106151
0.102189
0.102051
0.087203
0.060737
0.037810
0.051746
0.066968
0.061672
0.041619
0.060097
0.114634
0.177369
0.211642
0.182231
0.122052
0.062344
0.050453
0.073802
0.053023
0.029259
0.019914
0.023644
0.071621
0.073958
0.119145
0.144686
0.166045
0.151803
0.109547
0.072057
0.059437
0.071425
0.085647
0.099745
0.146226
0.195984
0.234070
0.223412
0.185033
0.224588
0.237010
0.319000
0.448856
0.593893
0.677822
0.644836
0.621355
0.793391
0.988550
1.220669
1.377045
1.360472
1.191042
1.004887
0.842549
0.928128
0.968491
0.918816
0.835191
0.876341
1.155919
1.317515
1.248508
1.518588
1.995993
2.619761
3.201693
3.184021
2.601990
2.130475
1.946352
1.982681
2.043630
2.222194
2.158424
1.751131
1.635864
1.608518
1.685692
1.777542
1.877905
1.861638
1.757676
1.648429
1.916705
2.174105
2.334502
2.509908
2.523126
2.369138
2.591858
2.875349
3.188404
3.517322
3.861461
4.200514
4.512785
4.674507
4.672814
4.498596
4.645087
4.838279
4.798530
4.775547
4.763182
4.533698
4.241771
3.976236
3.972909
4.156007
4.231959
4.266955
4.592388
4.980776
5.392832
5.846118
6.341863
6.802242
7.139483
7.097427
6.690615
6.171973
5.656024
5.193170
4.805051
4.460116
4.126630
3.833331
4.067208
4.355680
4.619532
4.936574
5.276634
5.462564
5.420688
5.152162
5.053666
5.078806
5.148095
5.160830
5.029716
4.799010
4.607998
5.493916
6.510218
7.662338
8.845102
9.824010
9.955151
9.286427
8.148859
6.997482
6.020074
5.101373
4.386119
4.667385
4.936369
4.996606
4.841069
5.056191
5.153686
5.106285
4.894215
4.669199
4.552148
4.540705
4.439814
4.239272
4.217606
4.053269
3.800164
3.703992
3.762882
3.583441
3.175411
3.207807
3.604373
4.149879
4.634661
4.964790
5.237139
5.465765
5.697482
5.872136
5.860477
5.654478
5.441505
5.886696
6.240006
6.357036
6.151066
5.807733
5.402510
4.956068
4.525533
4.125643
3.757035
3.425467
3.090717
2.845024
3.111739
3.399271
3.641619
3.795887
3.710958
3.481842
3.178952
2.896736
2.661970
2.603832
2.551420
2.417897
2.325538
2.497868
2.745789
2.951099
3.008940
2.919121
2.739247
2.506461
2.381991
2.507346
2.480749
2.354807
2.519251
2.796053
3.088008
3.358248
3.602717
3.833944
4.022078
4.126362
4.055485
3.847925
3.583098
3.346923
3.359462
3.406249
3.419148
3.393537
3.504132
3.692792
3.927764
4.182739
4.466673
4.727133
4.914161
5.097893
5.166276
5.242987
5.464880
5.619705
5.832117
5.908885
5.817872
5.548392
5.316332
5.617773
5.903174
6.091120
6.075253
5.877887
5.618991
5.264331
4.920527
4.602359
4.309846
4.157518
4.380547
4.530339
4.509223
4.807549
5.169391
5.496430
5.684951
5.618885
5.352904
5.054806
5.307660
5.521015
5.575182
5.585450
6.030954
6.482426
6.981462
7.485641
7.956069
8.267618
8.256793
7.923871
7.456410
7.492072
7.694273
7.668422
7.390138
6.982434
6.517796
6.026125
5.564871
5.170680
4.794914
4.436902
4.084138
3.735935
3.398494
3.154518
3.374433
3.579179
3.681879
3.570461
3.356361
3.070067
2.813416
2.594116
2.368658
2.148000
1.923019
1.698518
1.499956
1.323303
1.159474
1.009918
0.865882
0.731986
0.617702
0.521535
0.433335
0.361688
0.462068
0.606372
0.724711
0.839210
0.968462
1.118750
1.269576
1.389950
1.425344
1.343732
1.222896
1.187190
1.094416
0.981442
0.868545
0.764666
0.720754
0.616793
0.402711
0.248306
0.232685
0.304242
0.523090
0.830632
1.095505
1.285778
1.373585
1.358838
1.295299
1.196952
1.141239
1.125904
1.053602
0.983339
1.274465
1.465640
1.448336
1.177946
0.871779
0.591387
0.370756
0.259862
0.170208
0.092695
0.048634
0.029391
0.018200
0.018766
0.012855
0.008607
0.001842
0.000000
0.000000
0.001270
0.032061
0.075907
0.075514
0.030511
0.001211
0.000000
0.000000
0.000000
0.000000
0.000000
0.000000
0.005271
0.061089
0.102334
0.115171
0.118284
0.118765
0.114803
0.097207
0.045718
0.000003
0.000000
0.000000
0.000000
0.000000
0.000000
0.000000
0.000000
0.000000
0.000000
0.000000
0.000000
0.000000
0.000000
0.000000
0.000000
0.000000
0.000000
0.000000
0.000000
0.000000
0.000000
0.000000
0.000000
0.000000
0.000000
0.000000
0.000000
0.000000
0.004375
0.056798
0.177247
0.384367
0.713432
0.998472
1.154109
1.281870
1.721936
2.108596
2.166094
1.901206
1.494767
1.134105
0.899698
1.220528
1.583072
1.906332
2.029472
1.855689
1.559121
1.952236
2.448213
2.926197
3.063938
3.256032
3.862518
4.319119
3.577868
2.734677
2.063436
1.525881
1.086265
0.738920
0.480272
0.294414
0.223861
0.286860
0.320557
0.297165
0.281159
0.242917
0.209007
0.139177
0.076807
0.034918
0.046975
0.060032
0.039528
0.028593
0.096380
0.158752
0.182659
0.240430
0.307418
0.415969
0.456142
0.402273
0.265917
0.336608
0.385228
0.368113
0.435998
0.482852
0.473429
0.612663
0.615084
0.456916
0.275841
0.187878
0.225800
0.250591
0.279121
0.268757
0.235827
0.337884
0.416925
0.422172
0.356341
0.322573
0.326148
0.270628
0.199764
0.137288
0.136760
0.192406
0.267637
0.379637
0.513632
0.610157
0.631388
0.547980
0.608186
0.681742
0.706981
0.686881
0.679636
0.717371
0.786414
0.857376
1.008555
1.309743
1.634598
1.873743
1.877927
1.673617
1.395177
1.137476
1.181689
1.350001
1.532933
1.692204
1.740256
1.639371
1.780162
2.262912
2.604505
2.594694
2.235074
1.744709
1.306127
0.983764
0.812291
0.870863
0.979980
1.024004
0.951090
1.183919
1.624967
2.168497
2.821457
3.674997
4.777580
5.332941
4.740601
3.602058
2.745505
2.146968
1.766435
1.396487
1.055773
0.799117
0.785891
0.881429
1.001654
1.233802
1.500360
1.670454
1.611558
1.876530
2.173978
2.389716
2.412366
2.214799
1.911717
1.610541
1.524234
1.712469
1.895637
1.889839
1.775604
1.773960
1.594312
1.746171
1.788170
1.892175
2.005957
2.166895
2.269534
2.222917
2.030179
1.766884
1.859161
2.458234
3.148164
3.836318
3.789376
3.048870
2.344653
1.756241
1.480045
1.312705
1.159751
1.018914
0.974939
1.097691
1.250324
1.403018
1.562514
1.741842
1.932002
2.166886
2.415259
2.633862
2.731468
2.659659
2.489060
2.268576
2.058425
1.903573
2.083513
2.130143
2.040124
1.828560
1.781593
2.277943
2.875184
3.598342
4.417196
5.312594
6.128757
6.178478
5.676449
5.060473
3.947234
3.049523
2.402014
2.039573
2.290579
2.461685
2.455657
2.296321
2.494033
2.683635
2.723043
2.645967
2.497787
2.306813
2.145708
2.212418
2.323442
2.576139
2.613779
2.734339
2.893783
2.900324
2.889846
2.782064
2.680657
2.584757
2.495110
2.755927
3.198943
3.642858
3.847733
3.693855
3.276837
2.806316
2.725417
2.771530
2.686584
2.490463
2.277994
2.477481
2.696303
2.929638
3.144239
3.364244
3.468615
3.385614
3.130701
2.894149
2.789833
2.897938
3.091645
3.341672
3.510028
3.527072
3.506365
3.309957
3.067291
2.913755
3.039967
3.285820
3.423311
3.424467
3.248024
2.960145
2.751307
2.538160
2.741096
2.918560
2.949212
2.947403
2.876463
2.702593
2.944125
3.314911
3.685041
4.195099
4.560029
4.795661
4.591649
4.077928
3.493009
3.344780
3.718085
4.151834
4.347125
4.480636
5.303096
6.146091
6.498321
6.137678
5.289629
4.373759
3.893414
4.083018
4.093477
3.864821
4.266845
4.645733
4.683106
4.574020
4.183713
3.670667
3.128071
3.346081
3.838225
4.148437
4.169598
3.884805
3.394779
2.896495
2.447452
2.352440
2.548126
2.725925
2.554334
2.392294
2.195249
1.915210
1.899191
2.294235
2.558688
2.554824
2.425175
2.039270
1.592009
1.190413
0.863203
1.373481
1.628935
1.698379
1.717341
1.682973
1.604578
1.374235
0.852753
0.477027
0.247500
0.235388
0.296088
0.321343
0.295937
0.239831
0.175756
0.119294
0.100265
0.111511
0.131534
0.143717
0.161301
0.183302
0.175119
0.148459
0.113565
0.082797
0.065519
0.048433
0.059465
0.090648
0.126129
0.161830
0.175478
0.225429
0.261542
0.259767
0.214836
0.159586
0.110787
0.068669
0.038115
0.030931
0.057478
0.077535
0.077709
0.055574
0.027760
0.009559
0.000699
0.000000
0.000000
0.000000
0.000000
0.021928
0.098328
0.240911
0.464047
0.842870
1.287933
1.439355
1.316399
0.963255
0.726839
0.571813
0.571300
0.671510
0.713095
0.722156
0.719638
0.700950
0.632441
0.466836
0.230964
0.108555
0.068913
0.030733
0.005875
0.006843
0.012207
0.038593
0.081404
0.106350
0.138324
0.103905
0.115404
0.115539
0.078908
0.060012
0.099406
0.169418
0.242302
0.294023
0.517268
0.846108
1.181699
1.343804
1.389839
1.400866
1.390209
1.339967
1.157830
0.769553
0.450163
0.692645
0.943682
1.034383
0.918538
0.656475
0.417892
0.308036
0.554277
0.676585
0.710527
0.716792
0.713977
0.709794
0.703398
0.681331
0.594314
0.412163
0.330084
0.382904
0.432716
0.436520
0.473367
0.552131
0.638911
0.710727
0.749473
0.831099
0.989125
1.147157
1.278102
1.306176
1.303356
1.372962
1.367041
1.476544
1.567005
1.576098
1.649001
1.712141
1.751551
1.935970
2.016757
2.005605
2.144712
2.157507
2.059600
2.334426
2.585912
2.776536
2.904298
2.859298
2.884720
2.955244
2.842936
2.597279
2.711697
3.041717
3.343108
3.570343
3.597593
3.668475
3.971158
4.191180
4.268001
4.185976
4.709485
5.235092
5.661872
5.894568
5.714047
5.298419
4.820087
4.320680
3.844010
3.517946
3.459335
3.178831
2.933807
2.743506
2.890624
2.967375
2.880999
2.709708
2.521035
2.319883
2.120535
1.929161
1.980768
2.328097
2.722589
3.000240
3.425069
3.849352
3.909070
3.536507
3.239872
3.214938
3.009624
2.923458
3.641394
4.422103
5.398472
6.637685
8.442875
9.519650
9.832813
9.550846
8.467089
6.556538
5.161559
4.840282
4.744564
4.518029
4.224159
3.933863
3.652202
3.651339
3.689512
3.719882
3.739699
3.602832
3.386364
3.709682
4.183406
4.593585
4.653124
4.494468
4.690958
4.772834
4.780446
4.559428
4.250936
3.903906
3.597460
3.447761
3.265451
3.268630
3.234408
3.124872
2.931594
2.706737
2.633891
2.879205
2.994972
3.026215
2.868618
2.635589
2.671192
2.626868
2.620637
2.592735
2.806183
2.899447
2.903002
2.718385
2.890053
3.144675
3.348907
3.408014
3.397938
3.314486
3.399846
3.925828
4.337260
4.353535
4.076176
3.722174
3.377900
3.055531
3.045374
3.002595
3.026814
2.979066
2.816076
2.903405
2.880769
2.740586
2.739996
2.769159
2.756238
3.041363
3.305510
3.478243
3.591628
3.540518
3.356448
3.139537
2.892495
2.650999
2.409235
2.167948
1.950217
1.981890
1.996715
1.885962
1.704028
1.978126
2.360620
2.754851
3.007988
3.126925
2.964471
3.079773
3.536785
4.122541
4.845685
5.664721
6.592335
7.634531
8.733923
9.807572
10.709648
11.047655
10.384106
9.194207
8.012090
7.050996
6.531106
6.313039
5.689338
4.956958
4.257071
3.648840
3.213539
3.115208
3.124751
2.950327
2.577116
2.264410
2.618804
3.064777
3.433626
3.498171
3.490556
3.267792
2.883138
2.599895
2.542607
2.516275
2.516657
2.488302
2.393315
2.337083
2.384876
2.374994
2.328651
2.311205
2.266377
2.197930
2.350769
2.328387
2.113852
2.097644
2.135679
2.174998
2.261183
2.327748
2.483591
2.601404
2.605468
2.533897
2.531809
2.675522
2.723186
2.637495
2.509052
2.391339
2.182790
1.968083
1.792379
1.874848
2.040822
2.241933
2.393800
2.525088
2.636061
3.025796
3.539018
4.022832
4.149935
4.062110
3.836477
3.518826
3.476441
3.363616
3.284725
3.340619
3.335851
3.546779
3.791867
4.052683
4.316272
4.538651
4.561981
4.370135
4.110166
3.828365
3.569061
3.318212
3.035110
2.753512
2.518258
2.493633
2.577574
2.613967
2.632696
2.949913
3.165593
3.232858
3.239943
3.365964
3.411555
3.380064
3.269984
3.102062
3.263642
3.280620
3.315858
3.383563
3.361876
3.325635
3.183439
3.256991
3.325089
3.273996
3.062502
2.825768
2.612925
2.406065
2.343364
2.485957
2.537679
3.002002
3.656775
4.298901
4.891338
5.080922
5.562752
6.610137
8.109251
9.167146
9.558764
9.554815
9.143864
8.819489
8.209770
8.272907
7.877857
7.093039
7.536141
8.382287
8.966917
8.783875
8.624983
8.895703
8.517290
7.296311
5.748025
5.143692
5.497642
5.349664
4.801692
4.114906
3.449899
3.278135
3.112000
2.939545
2.644872
2.484204
2.196469
1.922943
2.081182
2.115881
2.307476
2.424693
2.607692
2.810158
3.123681
3.473912
3.855325
4.233543
4.589148
4.969371
5.396317
5.682411
5.655542
5.303130
4.818764
4.333841
3.874222
3.449584
3.138615
2.925320
2.880344
3.153226
3.549316
3.682374
3.536304
3.279776
3.102382
3.207860
3.317786
3.298722
3.128607
2.857215
2.706389
2.826436
3.041823
3.282279
3.543661
3.770653
3.905899
3.840337
3.984793
4.127806
4.117412
4.034251
3.793106
3.575908
3.842263
4.037498
4.024020
3.847988
4.082609
4.332385
4.583539
4.732885
4.736864
4.602050
4.525107
4.559139
5.055914
5.852601
6.556812
7.063621
7.512602
7.918989
8.136290
8.110719
7.927321
7.940764
8.173400
8.260619
8.143934
7.874646
7.485018
7.063769
6.742230
6.752626
6.797348
6.711804
6.390126
6.071267
5.820196
5.591358
5.422129
5.372388
5.326798
5.299191
5.181812
5.131506
5.155076
5.065312
4.883370
4.732839
4.562690
4.379371
4.178102
3.910715
3.704596
3.419829
3.110815
3.008300
3.061188
3.150168
3.212768
3.437876
3.635525
3.842248
4.005956
4.025162
3.840195
3.624525
4.395249
5.203989
5.794705
5.779196
5.154526
4.999239
4.927678
4.980727
5.156416
5.156142
5.037808
5.216507
5.198739
4.906411
5.061452
5.486904
5.856349
5.957150
5.699533
5.584503
5.988832
6.432155
7.008062
7.659638
8.400592
9.213217
9.903371
10.247677
9.842743
9.104783
8.318100
7.569907
6.948619
6.570792
6.551825
6.323589
6.407689
6.926613
7.385935
7.643107
7.623824
7.392163
6.982118
6.514701
6.042775
5.586307
5.143842
4.696371
4.645068
4.687746
4.527711
4.286875
4.001939
3.716160
3.447735
3.208188
3.064283
2.853911
2.660311
2.533555
2.337247
2.416539
2.543389
2.549539
2.724378
2.940655
3.048304
3.029948
2.952137
3.202126
3.338062
3.266643
3.055910
2.803617
2.526191
2.605110
2.757405
2.814989
2.710583
2.597058
2.277719
2.147930
2.006956
2.051736
2.137181
2.145635
2.106204
1.704912
1.500310
1.156909
0.959801
0.969718
0.888528
0.765429
0.617321
0.482127
0.407058
0.508806
0.619384
0.701487
0.741077
0.868208
1.025743
1.197395
1.379354
1.519370
1.445215
0.772497
0.246714
0.154495
0.116460
0.118109
0.127496
0.125822
0.022883
0.003077
0.009228
0.022542
0.034318
0.073550
0.127339
0.196817
0.273264
0.321013
0.320160
0.398940
0.492152
0.571444
0.666619
0.741470
0.891616
1.026893
1.002541
1.188524
1.620950
2.151829
2.789558
3.518499
4.299345
4.965455
5.056657
4.577634
4.228844
4.054731
3.605396
2.955375
2.730001
2.729241
1.696570
1.220878
1.320389
1.486667
1.288625
0.447364
0.110315
0.083081
0.145206
0.230332
0.206153
0.065244
0.079080
0.103200
0.165627
0.186787
0.055924
0.000000
0.000000
0.263571
0.727968
0.000000
0.000000
0.000000
0.000000
0.000000
0.000000
0.000000
0.000000
