track	type=wiggle_0
fixedStep	chrom=chr	start=1	step=1
0.000000
0.000000
0.000000
0.000000
0.000000
0.000000
0.000000
0.000000
0.000000
0.001149
0.001966
0.002945
0.005919
0.013672
0.015954
0.016368
0.015728
0.012335
0.003829
0.000000
0.010533
0.107702
0.307238
0.548592
0.837033
1.156081
1.442611
1.469880
1.229536
0.921032
0.667910
0.865146
0.619031
0.336866
0.142856
0.051547
0.040577
0.079536
0.102604
0.129022
0.162934
0.190232
0.244566
0.283941
0.274529
0.237875
0.251870
0.261767
0.320995
0.356783
0.401035
0.412226
0.400101
0.362160
0.315996
0.312311
0.272589
0.215145
0.202323
0.320133
0.550274
0.948054
1.231724
1.447329
1.509217
1.515652
1.477010
1.302252
0.823862
0.483951
0.596901
0.743701
0.832157
0.803251
0.665254
0.483937
0.531606
0.573098
0.463830
0.313260
0.168286
0.120231
0.275661
0.511831
0.846976
1.380439
2.233873
2.631660
2.736453
2.753985
2.736453
2.631660
2.242881
1.398667
0.853087
0.514645
0.277926
0.121946
0.162866
0.202093
0.183497
0.133638
0.079041
0.097399
0.102035
0.071090
0.037292
0.027312
0.028004
0.050280
0.089548
0.168873
0.275185
0.412034
0.576729
0.732419
0.775463
0.701601
0.542823
0.480954
0.919792
1.305602
1.723269
2.237227
2.384970
2.402965
2.308270
1.919799
1.425378
1.392450
1.860336
2.365896
2.758167
2.992386
2.876212
3.025926
3.978420
4.984993
5.096267
4.224322
3.278906
2.548913
2.509128
2.372639
2.026524
1.639305
1.287271
1.562577
1.954635
2.395289
2.790400
2.955655
2.704574
2.256747
1.756255
1.340099
1.079821
1.051150
0.863187
0.962608
0.912690
0.815954
0.798261
0.776440
0.653672
0.577817
0.646549
0.759819
0.902288
1.072106
1.252681
1.450360
1.682931
1.930717
2.188418
2.382404
2.466903
2.401622
2.170907
1.912938
1.665030
1.904653
2.128242
2.404300
2.700957
3.066860
3.456480
3.808782
3.960877
3.808785
3.451178
3.049195
2.665815
2.329489
2.072691
2.293985
2.342841
2.209978
1.975072
1.722251
1.679568
1.809190
1.869986
1.819120
1.713040
1.612283
1.741111
1.991727
2.208823
2.519988
2.791364
3.133780
3.370059
3.615315
3.871250
4.099552
4.259336
4.234678
4.121792
4.332971
4.644046
4.979137
5.321372
5.632489
5.869923
5.979616
6.041710
5.987849
5.731604
5.416550
5.284000
5.666669
6.070038
6.483421
6.909460
7.312700
7.658694
7.780882
7.843636
7.697983
7.350750
6.941291
6.578154
6.322656
6.002694
5.637638
5.275277
4.952976
4.896256
5.013137
5.001006
4.832843
4.559466
4.255188
3.971751
4.307565
4.679318
4.996502
5.144169
5.261648
5.171121
5.494824
5.560180
5.281478
4.807581
4.107338
3.360986
3.067981
3.263847
3.488659
3.548437
3.646828
3.487252
3.668348
4.012521
4.280412
4.341207
4.418781
4.664816
5.165417
5.713220
6.298265
6.917987
7.536133
8.092767
8.456176
8.803321
9.268648
9.943616
10.710548
11.351721
11.380955
11.022509
10.446092
9.655774
9.770075
10.938570
12.215213
13.518583
14.248176
14.260380
13.640633
12.383655
11.087415
9.832961
8.702818
7.773538
6.962695
6.281212
5.753866
7.050251
8.749899
9.745112
10.322979
10.322979
9.748881
8.838844
7.431417
6.683866
5.887735
5.787250
5.522074
5.515741
5.323386
4.999200
4.614636
4.227940
3.871465
3.548476
3.398684
3.768498
4.175821
4.598820
4.989590
5.272928
5.228565
4.916353
4.488618
4.055298
3.648116
3.267306
2.912406
2.918827
2.941889
2.786222
2.888689
3.226463
3.335198
3.216001
2.879036
2.566607
2.242532
1.905880
1.600739
1.328514
1.086512
0.874008
0.842000
0.900014
0.913825
1.063257
1.269495
1.288006
1.116157
1.059844
1.356922
1.813760
2.371799
3.028548
3.785894
4.467000
4.748588
4.425817
3.749891
3.081552
2.788358
2.793823
2.588669
2.234717
1.769794
1.334347
0.970332
0.675588
0.442165
0.450276
0.419276
0.361092
0.395035
0.511272
0.690629
0.771217
0.768083
0.620272
0.481134
0.460374
0.460560
0.435970
0.447660
0.420990
0.362860
0.281088
0.202854
0.128228
0.055066
0.011340
0.000085
0.005530
0.018467
0.032529
0.044300
0.048042
0.037352
0.018590
0.005109
0.000085
0.000000
0.000000
0.000000
0.000000
0.000000
0.000000
0.000000
0.000000
0.000039
0.000631
0.000820
0.000820
0.000820
0.000739
0.000432
0.000000
0.000000
0.000000
0.000000
0.000000
0.000000
0.000000
0.000000
0.000000
0.000000
0.000213
0.007696
0.009441
0.004546
0.023682
0.072430
0.153577
0.268060
0.412647
0.560319
0.674160
0.750673
0.989910
1.272879
1.575812
1.993276
2.499089
3.098346
3.794375
4.590675
5.406922
5.971120
5.971117
5.406916
4.603553
3.864287
3.363527
2.869962
2.388906
1.909716
1.481225
1.119420
0.863263
1.073072
1.332159
1.632155
1.973516
2.359903
2.761829
3.090421
3.223588
3.274058
3.011288
2.614760
2.222537
1.859695
1.536172
1.268960
1.220193
1.436478
1.588428
1.583798
1.417725
1.263489
1.624608
1.877257
1.907184
1.787079
2.041089
2.619092
3.310961
4.068110
5.005311
5.844493
5.810497
4.776309
3.594675
2.766145
2.100145
1.551123
1.105438
1.250172
1.557832
1.865538
1.924707
1.772383
1.699097
1.857018
1.891651
1.769427
1.602391
1.426570
1.341847
1.274142
1.271923
1.269703
1.222754
1.223718
1.203374
1.262181
1.286124
1.215650
1.071786
1.066057
1.075298
0.979863
1.106446
1.320163
1.560777
1.815038
2.110498
2.423982
2.768183
3.066683
3.291944
3.284676
3.014806
2.669345
2.343191
2.155935
2.223941
2.112742
1.923192
1.686602
1.795012
2.202138
2.536886
2.688927
2.507870
2.163924
1.831278
1.724345
1.895114
1.940832
1.948467
1.947820
2.024809
2.634254
3.361004
4.193425
5.092190
6.094734
7.635138
8.502784
7.602141
5.944654
4.838568
3.955722
3.365967
3.294008
3.412208
3.857342
4.135138
4.594985
5.015017
5.045240
4.994661
5.404260
5.521400
5.434571
5.075984
4.486063
3.818914
3.189087
2.644142
2.162981
1.750500
1.397138
1.095736
0.841984
0.627459
0.747736
0.916742
1.042338
1.047670
0.933593
0.763980
0.597838
0.458344
0.353063
0.309712
0.252721
0.176763
0.111121
0.060875
0.028061
0.010302
0.002425
0.000000
0.000000
0.000000
0.000000
0.000000
0.000000
0.000000
0.000000
0.000000
0.000000
0.000000
0.000000
0.000000
0.000000
0.000000
0.000000
0.000000
0.000000
0.000000
0.000000
0.000000
0.000000
0.000000
0.000000
0.000000
0.000151
0.011355
0.021123
0.025577
0.026864
0.027374
0.027821
0.028993
0.030942
0.031800
0.031707
0.046618
0.108326
0.160811
0.150576
0.062884
0.007022
0.000063
0.002038
0.002212
0.000056
0.000000
0.000000
0.000000
0.000000
0.000000
0.000000
0.000000
0.000000
0.000000
0.000000
0.000000
0.000000
0.001163
0.003250
0.000002
0.000000
0.000000
0.000000
0.000000
0.000000
0.000000
0.000000
0.000000
0.000000
0.000000
0.000000
0.000000
0.000000
0.016984
0.059289
0.025297
0.055255
0.055849
0.028197
0.004767
0.000000
0.000000
0.000000
0.000000
0.000000
0.000000
0.000760
0.005861
0.023192
0.041572
0.071037
0.096840
0.099072
0.162761
0.259672
0.377066
0.465252
0.516972
0.493050
0.598973
0.777467
0.988574
1.132450
1.119251
0.973618
0.801615
0.606038
0.522105
0.542743
0.474034
0.493465
0.739641
1.009429
1.172854
1.116845
1.398898
1.896773
2.529109
3.106932
3.086425
2.503692
2.024386
1.828461
1.563534
1.759542
2.162676
2.110204
1.570467
1.249567
0.992738
0.683406
0.420072
0.243825
0.119038
0.122776
0.081655
0.097346
0.151788
0.222828
0.312980
0.410041
0.482880
0.495942
0.434316
0.353163
0.334276
0.333643
0.280954
0.273422
0.229584
0.280082
0.351769
0.435059
0.516427
0.568066
0.621096
0.620609
0.694240
0.796778
0.869499
0.971532
1.109075
1.266255
1.416354
1.500087
1.474970
1.595850
1.806565
2.035364
2.200658
2.198539
2.024030
1.781733
1.540115
1.331044
1.182602
1.139111
1.190154
1.278036
1.336346
1.456533
1.499280
1.472584
1.385485
1.338313
1.331885
1.479336
1.655567
1.814266
1.933652
2.308263
2.605705
3.060595
3.679129
4.432119
5.288650
6.272054
7.388513
8.602256
9.629193
10.237693
9.719814
8.715184
7.531488
6.757461
7.749269
8.717444
9.495513
9.562578
8.910090
7.948542
6.923441
6.009960
6.632901
7.427493
8.091937
8.749578
8.843523
8.463043
7.929324
7.345057
6.804438
6.182292
5.798061
5.403560
5.695802
5.873827
5.859946
6.507091
7.293915
7.805649
7.705073
7.037079
6.286458
5.510885
4.807430
4.789217
5.230013
5.699734
6.174053
6.545823
6.689961
6.468856
6.079936
5.616673
5.209733
4.889814
4.505332
4.154726
3.946043
3.800891
3.550284
3.694545
4.057880
4.423665
4.566789
4.512930
4.258850
3.906326
3.599965
3.299003
3.185119
2.968385
2.720960
2.590736
2.598757
2.904343
3.190929
3.380899
3.370420
3.157206
2.875593
2.587589
2.352638
2.180150
2.020303
1.960958
2.039023
2.162730
2.144156
2.593650
3.250977
3.890498
4.242096
3.887022
3.261766
2.621521
2.031879
1.574369
1.669871
1.858201
1.981675
1.960921
1.834645
1.634347
1.422697
1.266501
1.245493
1.259104
1.398663
1.591099
2.035616
2.620546
3.030135
3.411199
3.615664
3.705271
3.715968
3.735834
3.679806
3.345289
2.681614
2.134435
2.158825
2.343478
2.461055
2.458266
2.358422
2.262723
2.160060
2.024707
2.180854
2.296739
2.313018
2.228015
2.319575
2.420868
2.411636
2.291196
2.142946
2.025265
1.904579
2.048157
2.149460
2.122195
1.959600
1.778047
1.601223
1.430545
1.644695
2.233050
2.631396
2.878489
2.979690
2.975491
2.838594
2.479191
1.756966
1.478234
1.851773
2.214931
2.263349
1.994316
1.686595
1.576635
1.297255
1.002997
0.749426
0.543896
0.372326
0.236706
0.134346
0.062356
0.018912
0.009803
0.027419
0.050043
0.061189
0.165218
0.353876
0.448804
0.444584
0.339342
0.152737
0.217510
0.306673
0.417510
0.556244
0.701447
0.822439
0.864467
0.818015
0.693511
0.558707
0.447905
0.380692
0.329510
0.256217
0.277064
0.292978
0.251736
0.185473
0.190153
0.208741
0.220111
0.277977
0.303321
0.319015
0.278638
0.197915
0.202733
0.304980
0.470048
0.756905
1.008883
1.198780
1.388387
1.777498
2.237647
2.771582
3.372031
3.993357
4.485717
4.660456
4.282111
3.656969
3.028245
2.458305
2.017389
2.130275
2.201838
2.174756
2.013176
1.646506
1.135726
0.740765
0.446293
0.235686
0.096321
0.020829
0.000000
0.000000
0.000000
0.000000
0.000000
0.000000
0.000000
0.000000
0.000000
0.000000
0.000000
0.000000
0.000000
0.000000
0.000000
0.000000
0.000000
0.000000
0.000000
0.000000
0.000000
0.000000
0.000000
0.000000
0.000000
0.000000
0.000000
0.000000
0.000000
0.000000
0.000000
0.000000
0.000000
0.000000
0.000000
0.000000
0.000000
0.000000
0.000000
0.000000
0.000000
0.000000
0.000000
0.000000
0.000000
0.000000
0.000000
0.000000
0.000000
0.000000
0.000000
0.000000
0.000000
0.000000
0.020619
0.100627
0.277792
0.601551
0.866759
0.976959
0.974405
0.863989
0.604013
0.324428
0.182660
0.320730
0.503832
0.736947
1.026530
1.359486
1.660828
1.778292
1.622159
1.350435
1.724730
2.206567
2.660518
2.777872
2.970598
3.537118
3.960341
3.242276
2.439481
1.819317
1.375832
1.012811
0.695354
0.445434
0.255631
0.120449
0.047704
0.061378
0.113857
0.144936
0.127685
0.081631
0.034570
0.008362
0.000132
0.000000
0.000000
0.000000
0.000000
0.000000
0.000000
0.000000
0.000000
0.004784
0.051418
0.080935
0.073647
0.049559
0.030689
0.040667
0.034158
0.013634
0.032245
0.073773
0.128611
0.118955
0.049114
0.003860
0.000000
0.000000
0.000000
0.000000
0.000000
0.000000
0.000000
0.000000
0.000000
0.000000
0.000201
0.000623
0.000000
0.000000
0.000000
0.000000
0.005707
0.023368
0.052961
0.094081
0.137183
0.162031
0.151962
0.118998
0.078109
0.045707
0.025622
0.042969
0.091742
0.212476
0.391256
0.635690
0.952517
1.316841
1.607069
1.673792
1.479520
1.198838
0.906619
0.772773
0.888706
0.766304
0.518806
0.473341
0.407979
0.352681
0.395775
0.563497
0.771010
1.016221
1.248663
1.409635
1.386150
1.265022
1.198082
1.058938
0.954347
1.167375
1.435142
1.699785
2.064309
2.492540
2.929560
3.430653
3.828508
3.806063
3.372911
2.809215
2.293764
1.911626
1.815784
1.923585
1.794030
1.650477
1.572931
1.514906
1.573005
1.545570
1.719505
1.957302
2.202399
2.407413
2.490811
2.437540
2.267008
2.206567
2.273613
2.254884
2.117384
2.124255
2.562880
2.576390
2.169716
2.427398
2.707644
2.835753
2.811975
2.607816
2.765528
3.068442
3.404462
3.742740
4.088914
4.387241
4.587862
4.783797
4.780063
4.564565
4.235517
3.895474
3.599403
3.405882
3.311674
3.213595
3.286664
3.433086
3.561160
3.679101
3.663005
3.493311
3.210170
2.990389
2.854030
2.746678
2.885642
3.118898
3.590214
4.102835
4.661296
5.182354
5.411191
5.227920
4.750097
4.281368
3.969922
3.761939
3.601727
3.563809
3.487598
3.541790
3.507428
3.405973
3.210418
2.947637
2.766706
2.561741
2.332432
2.078424
1.823070
1.590287
1.429594
1.288805
1.150352
0.993802
0.936102
0.889038
0.941029
1.120402
1.215168
1.148329
1.022100
1.035093
1.194095
1.460488
1.528576
1.433953
1.182289
1.050204
0.936217
0.811779
0.738565
0.765814
0.812646
0.819810
0.795884
0.834968
0.898804
0.909832
0.903393
1.020171
1.150125
1.287523
1.386870
1.455451
1.432330
1.324054
1.245664
1.312203
1.368978
1.363122
1.870254
2.145936
1.913490
1.562501
1.228055
1.190608
1.176078
1.044197
0.771103
0.469022
0.338884
0.264032
0.198212
0.138905
0.088857
0.056052
0.073726
0.099039
0.122211
0.126329
0.107038
0.078272
0.042802
0.016705
0.009835
0.019813
0.022731
0.012764
0.002939
0.000000
0.000000
0.000000
0.000000
0.000000
0.000000
0.000537
0.011806
0.037744
0.080145
0.141463
0.218657
0.300099
0.337930
0.315726
0.246322
0.169584
0.104610
0.055399
0.022024
0.004016
0.002989
0.000000
0.000000
0.000000
0.000000
0.000000
0.002037
0.011388
0.011158
0.002502
0.000000
0.000000
0.000000
0.000000
0.001419
0.035181
0.064422
0.074926
0.078243
0.077277
0.072625
0.056847
0.025460
0.000000
0.000000
0.004076
0.018103
0.043292
0.078791
0.109378
0.118621
0.105440
0.076460
0.048549
0.030793
0.060873
0.093686
0.118492
0.154045
0.161935
0.164772
0.222491
0.246100
0.229345
0.220803
0.265763
0.255960
0.225357
0.177442
0.129510
0.092030
0.074018
0.058261
0.048802
0.032426
0.019140
0.038543
0.063015
0.128212
0.189787
0.212473
0.220633
0.200339
0.150540
0.106751
0.086993
0.132127
0.180979
0.208269
0.189466
0.153901
0.189240
0.256487
0.350328
0.461313
0.590841
0.730485
0.875915
1.026434
1.173486
1.312734
1.377589
1.344891
1.219811
1.063438
1.125875
1.213523
1.164410
1.131916
1.184076
1.135073
1.269537
1.416998
1.274831
1.317801
1.358123
1.335306
1.219589
1.075738
0.939262
0.810125
0.744878
1.029203
1.362962
1.750723
2.209261
2.671587
2.962413
2.954911
2.727703
2.369501
2.027384
2.121205
2.060566
1.929151
1.785716
1.834885
2.086495
2.250664
2.255749
2.182502
2.329651
2.614328
2.948434
3.227411
3.463240
3.589417
3.569704
3.406350
3.703109
4.102953
4.095402
3.675229
3.150477
2.691423
2.341503
2.162580
1.976972
1.993943
2.158879
2.262577
2.526498
2.918209
3.262013
3.399635
3.341886
3.064016
2.716276
2.393111
2.122778
2.113543
2.327781
2.487484
2.529367
2.442373
2.276400
2.152830
2.205190
2.265826
2.378200
2.521800
2.802753
3.085226
3.302067
3.424156
3.441986
3.306351
3.131431
3.337279
3.571352
3.718800
3.816546
4.087430
4.300722
4.420450
4.493290
4.431663
4.183690
3.851869
3.502367
3.182455
3.047287
3.300463
3.435115
3.521064
3.577389
3.489783
3.281884
2.998326
3.022035
3.387084
3.752823
4.201653
4.822899
5.289968
5.257955
4.726449
4.034966
4.143632
4.103354
3.845881
4.001637
4.535033
5.105058
5.726533
6.392573
7.111532
7.876681
8.499417
8.619231
8.149406
7.421490
6.633403
5.884102
5.195747
4.584830
4.088045
3.905039
3.921741
3.695162
4.206185
4.661482
4.802972
4.807067
5.090696
5.374031
5.906314
6.650620
7.328887
7.330758
8.119205
9.099907
9.097241
8.100894
6.885694
5.755383
4.782838
3.955935
3.261398
2.727686
2.677330
2.557026
2.341278
2.619165
2.725905
2.555328
2.190409
1.789934
1.421904
1.494089
1.513810
1.441027
1.316626
1.423652
1.513720
1.535617
1.607265
1.673012
1.641326
1.715139
1.845226
1.885289
1.945708
1.975721
1.855969
1.672812
1.458206
1.494968
1.414389
1.239702
1.141729
0.994344
0.847198
0.715965
0.597585
0.739729
0.896479
1.063829
1.239105
1.392533
1.420364
1.351198
1.197503
1.025142
0.884759
0.886514
0.983227
0.996922
0.919430
0.785000
1.028909
1.035465
0.735948
0.533769
0.420588
0.335691
0.463047
0.566173
0.669420
0.575879
0.561477
0.583843
0.520761
0.513191
0.662911
0.879975
1.047145
1.087704
1.092428
1.089786
1.088029
1.075702
1.021657
0.844665
0.454778
0.274461
0.269295
0.262514
0.265757
0.359983
0.479725
0.598820
0.740885
0.857833
0.908456
0.859200
0.695617
0.520922
0.492351
0.603279
0.780404
1.006401
1.288257
1.615647
1.931515
2.083059
2.030678
1.766454
1.457735
1.643149
2.045916
2.525748
3.079880
3.724890
4.461930
5.295760
6.215464
7.037639
7.267631
6.898706
6.044433
5.126832
4.314416
3.615590
3.006824
2.468698
1.990490
1.578651
1.247798
1.524047
1.832043
2.030329
2.005875
1.836442
1.594078
1.911687
2.179936
2.267091
2.141587
1.884978
1.598719
1.307698
1.040478
0.813884
0.634985
0.571444
0.620446
0.570999
0.482324
0.456579
0.406118
0.366150
0.310300
0.355838
0.324204
0.247449
0.226484
0.393136
0.593370
0.884325
1.280355
1.770289
2.389017
3.161507
4.138473
5.156689
5.154266
4.166071
3.261255
2.565249
1.937659
1.418361
1.037708
1.008181
1.012914
1.001241
0.963715
0.847495
0.614791
0.384318
0.442804
0.676944
0.856388
1.042628
0.979167
0.745896
0.489276
0.277008
0.156840
0.107754
0.145192
0.207353
0.314751
0.421427
0.468516
0.468196
0.436568
0.346334
0.279538
0.213258
0.175025
0.134747
0.096930
0.103925
0.120554
0.112918
0.117062
0.092766
0.066117
0.104669
0.232801
0.404073
0.509177
0.431409
0.330314
0.339317
0.390415
0.550257
0.879952
1.383721
1.863984
2.083016
2.132024
2.077812
1.815402
1.191330
0.713232
0.417045
0.247452
0.283657
0.390761
0.397020
0.371826
0.316662
0.206141
0.109598
0.179171
0.358457
0.590048
0.821661
0.827292
0.604900
0.363675
0.287026
0.314972
0.311975
0.286217
0.231034
0.180591
0.164001
0.118288
0.142303
0.192931
0.223178
0.289592
0.364001
0.392931
0.514981
0.581391
0.481338
0.359755
0.405509
0.449646
0.600335
1.024514
1.347844
1.464925
1.490494
1.488808
1.483007
1.473488
1.435336
1.305942
0.973040
0.614247
0.638081
0.726790
0.789049
0.740009
0.870151
1.203704
1.573866
1.937869
2.342575
2.566574
2.418358
2.082960
1.651518
1.609452
2.160576
2.798476
3.380659
3.877730
3.843280
3.160101
2.448070
2.040345
2.225281
2.603618
2.947473
2.992904
2.718646
2.323039
1.922090
1.596920
1.543604
1.611708
1.543209
1.441483
1.345530
1.428041
1.565974
1.656656
1.651671
1.544903
1.396751
1.536138
1.702147
1.872223
1.959437
1.938081
1.884055
1.887446
1.843695
1.831357
1.711374
1.587488
1.553303
1.575251
1.648122
1.762211
1.921058
2.102354
2.270732
2.398368
2.641755
2.763790
2.668205
2.728703
2.684411
2.499268
2.559610
2.652428
2.628713
2.723849
2.896292
2.988618
2.924826
2.831727
2.873198
3.111096
3.292545
3.459863
3.666558
3.939205
4.152228
4.211405
4.102923
4.207653
4.503482
4.771316
4.977528
5.055478
4.941333
4.908480
4.910569
4.674403
4.375513
4.069541
3.931699
3.866510
3.756473
3.825144
3.765811
3.547947
3.354891
3.373123
3.493788
3.639333
3.684663
3.717476
3.651710
3.439755
3.381495
3.651579
3.778438
3.756168
3.710061
3.603386
3.763280
4.047770
4.617150
4.605994
4.153378
4.306695
4.626155
5.011471
5.358829
5.479224
5.330504
5.287283
5.573463
5.854028
5.872869
5.555111
5.065441
4.546940
4.342834
4.427425
4.543302
4.884625
5.372982
5.942224
6.582161
7.277789
7.853195
8.045004
7.670702
7.061306
6.410320
5.795120
5.618490
5.494492
5.204565
4.838156
4.733257
5.101054
5.508169
5.828574
6.003881
5.890889
5.693965
5.444561
5.334063
5.090609
4.866650
4.515656
4.105206
3.694121
3.311641
3.169101
2.957384
2.709768
2.620419
2.675995
2.594328
2.410284
2.218989
2.031157
1.970792
2.196994
2.426675
2.553512
2.546494
2.400537
2.229194
2.211250
2.221920
2.189144
2.297238
2.296450
2.181903
1.984834
1.767247
1.553268
1.355375
1.159117
1.251690
1.552359
1.842517
1.951286
1.827435
1.532837
1.223578
1.387379
1.562318
1.732972
1.521775
1.173651
0.822139
0.772082
0.753438
0.651896
0.554887
0.543393
0.451951
0.365104
0.486578
0.614198
0.723398
0.818828
0.845317
0.749141
0.605753
0.456853
0.324509
0.217908
0.156097
0.126579
0.074643
0.055047
0.028028
0.007237
0.001822
0.002871
0.009094
0.023242
0.026618
0.014761
0.006055
0.008639
0.001732
0.002452
0.020917
0.048438
0.083535
0.158734
0.274703
0.380792
0.484134
0.576020
0.856395
1.206798
1.638522
2.167751
2.800612
3.523201
4.292280
4.949346
5.038445
4.561505
4.192821
4.003337
3.560205
2.930320
2.708826
2.227458
1.697918
1.239023
0.867966
0.592738
0.496155
0.554928
0.820322
1.144875
1.473758
1.639023
1.147552
0.544799
0.587677
0.807960
1.111673
1.546441
2.093431
2.700177
3.219314
3.877730
2.233873
0.000000
0.000000
0.000000
0.000000
0.000000
0.000000
0.000000
0.000000
