track	type=wiggle_0
fixedStep	chrom=chr	start=1	step=1
0.000000
0.000000
0.000000
0.000000
0.000000
0.000000
0.000000
0.000000
0.000000
0.000366
0.000238
0.000021
0.000000
0.000000
0.000000
0.000000
0.000000
0.000000
0.000000
0.000000
0.001796
0.027710
0.100752
0.225547
0.412898
0.649758
0.862021
0.951899
0.819371
0.603252
0.643838
0.833136
0.595551
0.324904
0.139888
0.047060
0.007093
0.001062
0.000649
0.000974
0.003627
0.002505
0.000000
0.000000
0.000000
0.001450
0.015647
0.051737
0.110617
0.190818
0.285071
0.373160
0.392739
0.346194
0.266212
0.311380
0.318085
0.298956
0.289644
0.328930
0.369873
0.519945
0.710142
0.905162
1.014182
0.918729
0.729424
0.533395
0.369465
0.249287
0.166094
0.092489
0.043269
0.011608
0.007082
0.019832
0.041746
0.077780
0.123246
0.159654
0.185573
0.422692
0.728155
0.972809
1.200327
1.394374
1.588452
1.782850
1.941172
2.011091
1.935353
1.819448
1.912929
1.917373
1.789429
1.589987
1.700845
1.929067
2.179278
2.413448
2.609315
2.683041
2.670372
2.552415
2.326130
2.119187
1.975203
1.877821
1.862310
1.993116
2.224792
2.456371
2.669905
2.764292
2.660730
2.438262
2.190880
1.984349
2.099512
2.437746
2.809621
3.219119
3.670617
4.158814
4.644342
5.000997
5.139090
5.268072
5.061200
4.625685
4.161183
3.729324
3.342861
3.043483
2.762879
2.753975
2.812597
2.841014
2.676125
2.899037
2.984684
2.962963
3.253223
3.417969
3.153964
2.743684
2.428110
2.982753
3.659906
4.417685
5.096043
5.419744
5.095317
4.416386
3.663338
3.009813
2.521020
2.268307
1.952542
1.598616
1.253293
0.946658
0.689705
0.619044
0.537502
0.438723
0.420556
0.396740
0.448070
0.470263
0.419420
0.478738
0.526564
0.505270
0.486914
0.402286
0.402456
0.398649
0.388929
0.459624
0.540113
0.615179
0.695542
0.725540
0.700037
0.610302
0.612465
0.563062
0.431702
0.437472
0.529406
0.573063
0.653897
0.762587
0.874998
0.982253
1.101436
1.194189
1.219125
1.149026
1.038618
1.109635
1.211062
1.328876
1.451371
1.508791
1.481465
1.408029
1.488669
1.245227
1.037178
0.881597
0.733608
0.594668
0.607368
0.555550
0.511212
0.438531
0.366080
0.329310
0.411620
0.504586
0.593642
0.643354
0.624832
0.547333
0.471299
0.456357
0.511007
0.544175
0.576011
0.549211
0.486249
0.453578
0.465788
0.426091
0.383106
0.425463
0.489118
0.530640
0.506119
0.448491
0.405719
0.354523
0.276751
0.204971
0.177060
0.175040
0.156825
0.118164
0.094136
0.091849
0.085173
0.138945
0.185897
0.216318
0.242114
0.268391
0.268020
0.212851
0.149398
0.210525
0.270113
0.314957
0.406802
0.448410
0.452369
0.474480
0.743910
1.052565
1.411372
1.840722
1.983439
1.827148
1.349864
0.921499
0.644479
0.771699
0.944213
1.018008
1.099424
1.385559
1.732581
2.119379
2.479662
2.910963
3.321199
3.872679
4.535578
5.142330
5.453803
5.141738
4.543909
3.940263
3.604770
3.565029
3.584859
3.969769
4.459961
4.623179
4.353861
3.804473
3.201245
2.654204
2.178736
1.780077
1.454755
1.157887
1.225386
1.515039
1.993971
2.350067
2.527262
2.577230
2.576562
2.502294
2.216790
1.523141
0.975975
0.632718
0.651995
0.787759
0.940508
1.108641
1.287767
1.458665
1.578198
1.669686
1.656352
1.609903
1.805256
2.043067
2.274053
2.468577
2.471976
2.280058
2.041586
1.794364
1.561378
1.347292
1.152421
0.976607
0.817898
0.674858
0.548731
0.562775
0.729524
0.903378
1.014746
0.988311
0.856513
0.682614
0.520170
0.381368
0.445808
0.614935
0.811161
0.999415
1.052666
0.969146
0.778959
0.587142
0.422592
0.381421
0.694976
0.740547
0.532745
0.383465
0.335889
0.413442
0.500577
0.595085
0.689199
0.773347
0.817329
0.778978
0.695155
0.598538
0.512350
0.448414
0.414001
0.382692
0.394740
0.385250
0.347189
0.288712
0.228459
0.168825
0.117708
0.091206
0.084066
0.060680
0.020286
0.000000
0.000000
0.000000
0.000000
0.000000
0.000000
0.000000
0.000000
0.000000
0.000000
0.000000
0.000000
0.000000
0.000000
0.000000
0.000000
0.000000
0.000000
0.000000
0.000000
0.000000
0.000000
0.000000
0.000000
0.000000
0.000000
0.000000
0.000000
0.000000
0.000000
0.000000
0.000000
0.000000
0.000000
0.000000
0.000000
0.000000
0.000000
0.000000
0.000000
0.000000
0.000000
0.000000
0.016528
0.073312
0.175425
0.328840
0.541176
0.822927
1.177590
1.568968
1.852916
1.848732
1.551795
1.163428
0.819530
0.585845
0.541025
0.761912
0.946119
1.152245
1.427796
1.849381
2.386195
3.025787
3.782164
4.658202
5.572492
6.314901
6.327595
5.598721
4.699914
3.849397
3.560749
4.229076
4.798215
4.988440
4.695924
4.093538
3.425215
2.819565
2.292971
1.848791
1.497663
1.265418
1.069539
1.241300
1.293108
1.306152
1.306152
1.306152
1.290409
1.223722
1.006754
0.642880
0.475981
0.417945
0.326836
0.422189
0.400678
0.227230
0.089484
0.080743
0.082697
0.122765
0.173662
0.204629
0.181702
0.133148
0.161481
0.238796
0.328579
0.406164
0.429058
0.377414
0.381012
0.481735
0.597448
0.730664
0.879062
1.039210
1.206653
1.345568
1.438867
1.478868
1.682256
1.848327
1.916127
1.829260
1.666783
1.525954
1.728492
1.921794
2.026627
2.004580
1.878378
1.687277
1.487665
1.299941
1.124600
0.973127
0.937097
0.879938
0.804280
0.855486
1.001705
1.092281
1.075407
1.234997
1.475408
1.711319
1.901043
1.902655
1.720608
1.505748
1.645390
1.819908
1.962700
2.057065
2.185533
2.276014
2.276015
2.196054
2.320389
2.612427
2.734869
2.784649
3.267718
3.904496
4.651599
5.411794
5.919125
5.903078
5.408687
4.769981
4.289820
4.304121
5.229712
6.154341
7.525386
8.308944
7.414116
5.816648
4.742739
3.902074
3.403306
3.534578
3.570581
3.662834
3.997559
4.575431
4.804473
4.605459
4.055167
3.447437
2.869420
2.715108
3.033331
3.332512
3.551142
3.845231
4.107197
4.304885
4.661207
5.098673
5.576163
6.047241
6.404247
6.415399
6.453957
6.772860
6.790529
6.503297
5.980715
5.434977
4.942347
4.567031
4.455775
4.551138
4.574721
4.601890
4.549371
4.336629
3.993507
3.634830
3.278045
2.934839
2.649143
2.363151
2.083608
1.829481
1.589060
1.367686
1.178987
1.141053
1.246275
1.264955
1.224864
1.297146
1.314075
1.220628
1.071268
0.911301
0.856216
0.967028
1.049927
1.091104
1.069557
1.039504
1.084175
1.196199
1.325754
1.459656
1.557810
1.592920
1.527480
1.397222
1.565688
2.077376
2.690876
3.415031
4.257344
5.187904
6.240225
6.145313
5.010534
4.065307
3.242911
2.537428
1.949471
1.468709
1.076046
0.761124
0.666706
0.745580
0.833785
0.869948
0.881431
0.923744
0.881415
0.794101
0.666529
0.631099
0.583771
0.520196
0.497629
0.492426
0.471993
0.438153
0.433898
0.522615
0.554252
0.436998
0.342969
0.240187
0.160193
0.103804
0.085634
0.144800
0.221707
0.316406
0.430718
0.563549
0.694177
0.779909
0.770294
0.675109
0.558579
0.446857
0.348136
0.261845
0.187042
0.125074
0.086121
0.073806
0.071575
0.050674
0.079045
0.147442
0.231751
0.342624
0.521070
0.660725
0.705634
0.657839
0.565300
0.718979
0.914617
1.036938
0.991996
0.848015
0.691076
0.528125
0.637190
0.656755
0.636644
0.604818
0.582150
0.820986
0.999990
1.055624
1.377515
1.864366
2.476161
3.047357
3.030619
2.463900
2.001484
1.810908
1.539826
1.724393
2.109569
2.048081
1.489204
1.101120
0.747322
0.619403
0.555378
0.624771
0.762104
0.912526
1.100851
1.304144
1.475936
1.629618
1.672924
1.593505
1.609547
1.794948
2.020549
2.274583
2.546580
2.841858
3.145358
3.432069
3.628163
3.664595
3.558998
3.291343
2.997760
2.721847
2.453949
2.200145
1.973394
1.802967
1.743511
1.689748
1.525119
1.380571
1.211443
1.276338
1.345546
1.439859
1.586918
1.719796
1.820948
1.804591
1.676540
1.538445
1.533955
1.483980
1.434124
1.345339
1.276879
1.445209
1.563122
1.555657
1.475594
1.604802
1.750630
1.921711
2.106287
2.288622
2.483067
2.683344
2.852199
2.949084
2.894034
2.968741
3.633423
4.401375
5.281332
6.290564
7.436378
8.616443
9.573069
9.689379
9.009825
7.854874
6.718208
5.766864
4.875224
4.080115
3.419013
2.947251
2.497582
2.092122
1.666699
1.340441
1.751154
1.974349
1.778167
1.586240
1.896948
2.167724
2.363897
2.379717
2.200078
2.006894
2.050379
2.130020
2.286220
2.425351
2.452652
2.369610
2.361325
2.239950
2.000634
1.841260
1.835040
2.082641
2.357721
2.663100
2.993093
3.319225
3.582961
3.693855
3.579722
3.331475
3.027450
2.717571
2.398797
2.096324
1.830131
1.594836
1.367139
1.228997
1.348839
1.458441
1.521580
1.666606
1.748024
1.689098
1.660512
1.706794
1.747014
1.874056
1.980529
2.160431
2.403955
2.669963
2.969009
3.279852
3.577464
3.737560
3.690580
3.486241
3.189475
2.894975
2.640756
2.420535
2.227871
2.051143
1.878480
1.700070
1.706661
1.649375
1.742097
1.902665
2.030340
2.039625
2.137428
2.417167
2.735904
3.066501
3.327058
3.354346
3.130917
2.803315
2.504284
2.197206
1.909696
1.660899
1.437804
1.250896
1.511485
1.651788
1.599599
1.365250
1.094403
0.982020
0.873509
0.767869
0.747908
0.700760
0.591299
0.581740
0.872716
1.301348
1.887878
2.272237
2.409079
2.404158
2.262625
1.877077
1.292567
0.886297
0.681843
0.749356
0.693156
0.563879
0.491376
0.693483
0.952783
1.228662
1.375772
1.290427
1.073129
0.812575
0.577349
0.597167
0.707966
0.879992
1.130928
1.255962
1.674820
2.258816
2.722275
2.951933
3.050545
3.040667
2.919899
2.616174
1.999248
1.363073
0.919567
0.589946
0.345813
0.213242
0.159875
0.199834
0.214215
0.180622
0.140746
0.166521
0.167439
0.136989
0.093409
0.054536
0.057004
0.065864
0.060561
0.039343
0.019187
0.004558
0.000000
0.000000
0.000000
0.000000
0.000000
0.000000
0.000000
0.000000
0.000000
0.000000
0.000000
0.000000
0.000000
0.000000
0.000000
0.000000
0.000000
0.000000
0.000000
0.000000
0.000000
0.000000
0.000148
0.017354
0.066589
0.147978
0.284524
0.511820
0.818767
1.238780
1.657683
1.886416
2.007873
2.058870
1.978445
1.738435
1.367954
1.210025
1.022593
0.907170
0.816975
0.718367
0.604583
0.529814
0.429290
0.372278
0.330431
0.275491
0.187955
0.067574
0.018442
0.000099
0.001142
0.004506
0.000000
0.000000
0.000000
0.000000
0.006763
0.089249
0.148819
0.166616
0.169917
0.164842
0.144274
0.081877
0.003543
0.000000
0.000043
0.023513
0.081233
0.122642
0.110711
0.058005
0.060434
0.179823
0.411574
0.763196
0.927711
0.982878
0.977660
0.929624
0.806383
0.553861
0.323001
0.102241
0.017059
0.000000
0.000000
0.000000
0.000000
0.000000
0.000000
0.000000
0.000000
0.000000
0.000000
0.000000
0.000000
0.000000
0.000000
0.000000
0.000000
0.000000
0.000000
0.000000
0.000000
0.000000
0.000000
0.000000
0.000000
0.000000
0.000000
0.000000
0.000332
0.036136
0.138976
0.327556
0.631875
0.893614
1.033286
1.111779
1.526574
1.881901
1.939532
1.692168
1.305422
0.969284
0.712053
0.998861
1.329945
1.629150
1.742168
1.585846
1.338554
1.709426
2.182170
2.637370
2.761390
2.969573
3.542727
3.973089
3.252662
2.464609
1.910588
1.496535
1.077529
0.726640
0.455804
0.291246
0.417930
0.555431
0.664112
0.678133
0.594475
0.548019
0.665704
0.823885
0.974822
1.011777
1.106723
1.279113
1.279241
1.109641
0.887491
0.665604
0.479796
0.330010
0.404287
0.538155
0.576759
0.611248
0.847316
1.166269
1.491680
1.697258
1.593154
1.393199
1.466910
1.564556
1.506945
1.202196
1.032940
1.210397
1.416247
1.639195
1.858998
2.036479
2.112266
2.017837
1.823197
1.625361
1.478179
1.436664
1.595333
1.652658
1.587546
1.455948
1.543797
1.750205
1.982119
2.243730
2.478222
2.641208
2.675408
2.586913
2.397299
2.196124
2.022278
1.858985
1.703249
1.852432
2.053424
2.265857
2.468357
2.641595
2.806068
2.903260
2.870023
2.861950
2.870541
2.724783
2.492796
2.268710
2.076404
1.902066
1.745923
1.598120
1.450629
1.317105
1.350829
1.180766
1.019441
0.888189
0.754631
0.612729
0.510418
0.582715
0.625871
0.736200
0.870191
1.003469
1.085225
1.082315
1.081260
1.098122
1.029192
1.054948
1.034259
1.054193
1.007746
0.832444
0.834480
0.852435
1.036899
1.259821
1.520701
1.807369
2.130407
2.447668
2.684823
2.773000
2.593040
2.287654
2.005941
2.007667
1.983774
1.762470
1.493239
1.410766
1.654460
1.920954
2.253071
2.661905
2.683587
2.534406
2.547005
2.498189
2.580290
2.466552
2.227833
2.178543
2.353217
2.839222
3.325125
3.938704
4.799168
5.852175
7.087037
8.395268
8.411019
7.109824
5.889517
4.835306
3.928803
3.141745
2.630878
3.157309
3.745124
4.431765
5.128026
5.751630
6.300227
6.450311
6.200505
6.241465
6.099825
5.527712
4.839730
4.171124
3.566356
3.044970
3.245656
3.402163
4.401672
4.784640
4.369597
3.259790
2.432011
1.934417
1.805349
1.678637
1.803639
1.865338
1.938396
2.164625
2.302552
2.215182
2.011403
2.099436
2.410484
2.729255
3.001510
3.205636
3.153057
2.940062
2.650260
2.351032
2.057239
1.798109
1.566512
1.353709
1.214814
1.428443
1.659197
1.851728
1.851059
1.652270
1.492246
1.253444
1.102562
1.338199
1.542632
1.609673
1.491411
1.253313
1.036846
1.234877
1.331289
1.312818
1.153369
0.974926
1.104071
1.168672
1.128456
1.015185
0.884905
0.785896
0.784212
0.741634
0.837712
0.911077
0.929294
0.882320
1.175234
1.624165
2.166060
2.738858
3.255430
3.738648
3.731372
3.201620
2.544507
1.934061
1.437119
1.061177
0.993829
1.097107
1.082324
1.174399
1.183821
1.016993
0.754408
0.515010
0.461698
0.396494
0.317186
0.242739
0.203390
0.180467
0.187496
0.433153
0.614384
0.606875
0.410565
0.227340
0.212494
0.204239
0.158739
0.152194
0.168661
0.226792
0.320618
0.383125
0.352381
0.273919
0.185194
0.138846
0.096283
0.129814
0.197588
0.264471
0.273280
0.223807
0.147114
0.078038
0.065397
0.092193
0.204198
0.319806
0.545027
0.826472
1.085814
1.261060
1.338201
1.346800
1.293788
1.609122
1.965286
2.126905
2.174894
2.194632
2.182177
2.128909
1.965696
1.632948
1.378364
1.453422
1.853861
2.170476
2.128545
1.786441
1.374766
1.018101
0.811827
1.318454
1.569221
1.641371
1.660967
1.626182
1.611349
1.842811
1.866023
1.674709
1.427068
1.178124
0.955893
0.764625
0.591616
0.433537
0.298956
0.207123
0.209994
0.211815
0.183734
0.133399
0.092883
0.108140
0.109908
0.140125
0.207237
0.285779
0.356612
0.385348
0.395283
0.493792
0.622203
0.776984
0.943869
1.067089
1.092249
1.001746
0.860937
0.712758
0.571020
0.447845
0.344790
0.264606
0.233701
0.278965
0.300653
0.276144
0.254237
0.304331
0.358195
0.428950
0.465676
0.486519
0.496376
0.594806
0.717024
0.850435
0.972202
1.013572
0.975079
0.847273
0.707190
0.570351
0.452282
0.357801
0.312674
0.282245
0.223975
0.166268
0.257780
0.408941
0.583290
0.712658
0.704838
0.580744
0.409285
0.260572
0.149523
0.146461
0.130845
0.096649
0.061301
0.072186
0.114065
0.109663
0.065758
0.047546
0.054043
0.053026
0.090980
0.123134
0.230818
0.452297
0.815510
1.217177
1.405788
1.458181
1.468648
1.467308
1.451998
1.389423
1.177776
0.717859
0.396854
0.290370
0.456553
0.548348
0.535536
0.433579
0.343745
0.530117
0.755412
0.936909
1.039385
0.971448
0.777405
0.692882
0.894057
1.080726
1.127781
1.098722
1.329056
1.317841
1.286329
1.209549
1.135049
1.324479
1.305659
1.096869
0.902914
0.724461
0.515127
0.435572
0.562060
0.687820
0.693794
0.566326
0.519438
0.547599
0.562195
0.582305
0.674629
0.781510
0.849011
0.853592
0.783931
0.665014
0.545356
0.484185
0.490399
0.446759
0.384382
0.289730
0.247153
0.273188
0.300925
0.348804
0.398227
0.455965
0.458822
0.431840
0.378950
0.499381
0.528394
0.643452
0.774232
0.899014
0.968585
0.958655
0.969361
1.068935
1.101050
1.022073
0.925535
0.997545
1.059598
1.032262
0.989018
0.888991
0.885592
1.000078
1.062350
1.104556
1.183083
1.172487
1.062845
0.952365
1.071725
1.212726
1.295241
1.308065
1.439414
1.505477
1.646972
1.692434
1.850512
1.941410
2.173007
2.438375
2.390229
2.260658
2.290212
2.470035
3.108725
3.810051
4.663157
5.879296
7.596172
8.468290
8.689380
8.459060
7.585677
5.857792
4.598521
3.755328
3.560635
3.971012
4.218572
4.265400
4.019721
3.744217
3.638163
3.594843
3.375887
3.450765
3.372722
3.604852
3.654814
3.316912
2.878730
2.490853
2.298733
2.160133
2.068315
1.997129
2.128404
2.949286
4.043192
4.390359
3.973998
2.813586
1.991203
1.456557
1.025072
0.900368
0.962725
0.967828
1.093037
1.143209
1.240741
1.390391
1.568773
1.730275
1.785822
1.700103
1.528354
1.506352
1.359517
1.221487
1.177689
1.140488
1.078610
1.169575
1.318137
1.430374
1.571457
1.743141
2.011794
2.105974
2.074566
1.922075
1.765669
1.695616
1.769792
1.924399
2.034506
2.024954
1.867606
1.991652
2.125217
2.160167
2.082145
1.923058
1.740432
1.563725
1.542588
1.451303
1.542230
1.891996
2.204939
2.161803
1.842571
1.559543
1.297832
1.347607
1.331586
1.221771
1.122601
1.135494
1.182961
1.194892
1.228263
1.222733
1.119619
0.993368
1.136938
1.431260
1.479987
1.294541
1.048024
0.947049
1.169318
1.418424
1.585457
1.493475
1.484672
1.578395
1.701366
1.774995
1.797137
1.798570
1.702051
1.577104
1.362482
1.133158
0.910708
1.015191
1.231266
1.354513
1.296575
1.503058
1.668636
1.670848
1.493319
1.496209
1.911099
2.239979
2.275155
1.962739
2.126920
1.791004
1.478547
1.178924
0.884252
0.752910
0.905553
1.126849
1.097255
1.083286
1.134315
1.144796
1.155552
1.417850
1.652054
1.910076
2.099101
2.044229
1.787883
1.441286
1.120641
0.850649
0.861840
0.935568
1.065187
1.200086
1.347574
1.511882
1.671062
1.776320
1.756444
1.625371
1.467063
1.340794
1.211913
1.102795
0.958733
0.867803
0.988495
1.078487
1.083371
1.210528
1.508478
1.593284
1.929861
2.160801
2.315245
2.344403
2.275142
2.128016
1.934049
1.760174
1.724215
1.632236
1.700078
1.755194
1.933293
2.144653
2.340937
2.414254
2.352621
2.233409
2.038968
2.183014
2.251847
2.262785
2.214134
2.084439
1.921042
1.770992
1.717427
1.804282
1.805969
1.812911
1.808683
1.693832
1.698376
1.766301
1.970749
2.228706
2.538236
2.838737
3.002188
3.062091
2.935418
2.808820
2.965136
3.119251
3.205148
3.110851
2.851964
2.568626
2.308800
2.068631
1.968158
2.322454
2.727946
3.188312
3.700006
4.249217
4.782726
5.158591
5.346448
5.904664
6.633630
7.499336
8.454793
9.455285
10.413986
11.166829
11.129579
10.280170
9.280372
8.292032
7.419112
6.658654
7.130632
7.122728
6.402892
5.434586
4.588422
4.896255
5.146752
5.053805
4.734983
4.246941
3.737233
3.278250
2.924598
2.843520
2.784679
2.805431
2.647785
2.413124
2.241955
1.978270
2.259804
2.538373
2.749158
2.785782
2.906749
3.056279
3.005734
2.808362
2.798810
2.959530
2.954653
2.783194
2.496839
2.185060
1.887042
1.722418
1.723072
1.805138
1.803522
1.781028
1.690555
1.705585
2.086735
2.597368
2.958627
3.108610
3.153388
3.077753
2.984147
2.802744
2.978126
3.256376
3.541026
3.835008
4.070304
4.117049
4.017447
4.109266
4.091237
3.923725
3.803141
4.042567
4.373032
4.659475
4.799173
4.773820
4.961703
5.067299
4.987468
4.859530
4.653025
4.376153
4.619483
4.815745
4.863422
4.695117
4.679814
4.452927
4.609216
4.994076
5.751834
6.487617
6.911561
7.304075
7.496976
7.474971
7.233025
6.696883
6.218440
5.887195
5.715249
5.691990
5.594991
5.580148
5.818554
6.137764
6.529719
6.945291
7.249842
7.352444
7.200189
6.912567
6.581882
6.244047
6.413178
6.438475
6.227737
5.718774
5.318969
4.935620
4.369685
4.124744
4.012427
4.055066
4.530525
5.036650
5.530621
5.874091
5.838296
5.445997
5.372737
5.145075
4.821058
4.520134
4.896537
5.319042
5.746769
6.155580
6.477506
6.511422
6.188871
6.677036
7.814635
8.996710
9.794888
9.797574
9.009051
7.847862
6.699921
6.954799
7.049161
6.860430
7.700234
8.134521
8.091820
7.639809
6.798461
6.746672
7.331601
7.941031
8.522685
8.901722
8.803236
8.352840
8.796345
9.461980
10.284008
11.165707
11.815139
12.046159
11.484640
10.619487
9.732652
8.921187
8.267332
7.849307
7.836122
7.564352
7.486306
8.042827
8.579859
8.887246
8.918646
8.650467
8.180079
7.670842
7.129403
6.604381
6.096020
5.705313
5.712886
5.899215
5.983655
5.856464
5.791705
5.524837
5.227850
5.132275
5.269930
5.380118
5.389478
5.145580
5.456253
5.839108
6.178110
6.261794
6.102926
5.751484
5.594221
5.818576
5.806701
5.519221
5.115851
4.460909
4.387609
4.514974
4.587161
4.500999
4.227616
3.876636
3.332730
3.004848
2.754223
2.435913
2.061790
1.460598
1.307961
1.482985
1.603902
1.611010
1.672400
1.618107
1.416353
1.412463
1.326422
1.020586
0.967454
0.914666
0.951594
0.988255
1.119382
1.308301
1.518974
1.728451
1.853568
1.906238
1.638702
1.520774
1.430291
1.360563
1.220877
1.208872
1.261155
1.175005
1.060679
0.894081
0.690485
0.505094
0.375746
0.339933
0.324031
0.377572
0.434560
0.506185
0.658363
0.834916
1.037669
1.262185
1.496423
1.720696
1.861156
1.866766
2.090522
2.401426
2.760078
3.126533
3.419323
3.578108
3.884792
3.932760
3.127753
3.190734
3.927735
4.744717
5.550113
6.068242
6.010577
6.498377
6.812212
6.511531
6.281457
5.614865
4.703993
3.729878
2.380973
1.577241
1.152850
0.785054
0.301812
0.000000
0.000000
0.000000
0.000000
0.000000
0.000000
0.000000
0.007127
0.022613
0.000000
0.221694
0.642335
0.000000
0.000000
0.000000
0.000000
0.000000
0.000000
0.000000
0.000000
