track	type=wiggle_0
fixedStep	chrom=chr	start=1	step=1
0.000000
0.000000
0.000000
0.000000
0.000000
0.000000
0.000000
0.000000
0.000000
0.000895
0.001818
0.003942
0.015236
0.076431
0.200520
0.404849
0.471662
0.371600
0.154252
0.135347
0.120091
0.169780
0.286458
0.415838
0.565315
0.788598
1.034161
1.186058
1.141303
1.078912
1.392871
1.696611
1.344619
0.906319
0.554452
0.329099
0.174835
0.091807
0.039766
0.021807
0.021327
0.018695
0.023175
0.020647
0.080578
0.144319
0.224658
0.275276
0.392698
0.529590
0.682928
0.821683
0.885076
0.833854
0.961394
1.080069
1.099467
1.077924
1.049444
0.992875
0.882222
0.996447
1.257453
1.525159
1.665869
1.543234
1.282931
1.007735
0.770148
0.586615
0.454462
0.335873
0.275707
0.211041
0.247936
0.333751
0.407712
0.438314
0.392258
0.312022
0.231242
0.170323
0.123437
0.101706
0.132316
0.306281
0.656604
0.816804
0.860555
0.867023
0.860555
0.929405
1.132321
1.290609
1.428385
1.566622
1.697694
1.789062
1.937067
1.993602
2.010532
1.956210
2.081718
2.188161
2.165334
2.050522
1.867916
1.719576
1.689735
1.897434
2.128213
2.351708
2.563734
2.676219
2.569689
2.365417
2.129363
1.894348
1.671338
1.473047
1.777801
2.132509
2.229564
2.229564
2.153060
1.878067
1.440101
1.525261
1.588005
1.657039
1.690190
1.759462
1.803450
1.758911
1.610901
1.541703
1.550631
1.912944
2.329795
2.794368
3.244005
3.481031
3.423790
3.060407
2.596575
2.151727
2.539532
3.039286
3.651938
4.324947
4.942311
5.177112
4.838828
4.186098
3.467013
2.842074
2.355370
2.103849
1.777176
1.491365
1.490312
1.404893
1.309563
1.226331
1.073351
0.920273
0.835379
0.738102
0.657429
0.668647
0.612719
0.499248
0.381751
0.388956
0.497628
0.599156
0.647747
0.584577
0.585649
0.588358
0.508769
0.401006
0.289186
0.193036
0.140276
0.098075
0.059862
0.037556
0.043153
0.083407
0.134060
0.152175
0.184079
0.221666
0.289658
0.366778
0.427204
0.433132
0.392577
0.407783
0.416115
0.401656
0.607352
0.905759
1.286376
1.763335
2.335299
2.754452
2.335299
1.767412
1.302845
0.959991
0.713536
0.465200
0.317936
0.385946
0.532615
0.489297
0.454897
0.418906
0.494891
0.554465
0.579963
0.544485
0.471063
0.396493
0.414602
0.500330
0.562107
0.607169
0.614534
0.708272
0.830979
0.870324
0.817243
0.746033
0.754464
0.761840
0.727092
0.655839
0.531953
0.443637
0.415450
0.407458
0.417636
0.463746
0.448214
0.399660
0.378676
0.317367
0.239651
0.318464
0.460316
0.619998
0.808329
1.043096
1.290161
1.476183
1.476002
1.285714
1.384078
1.848418
2.408481
3.098441
3.943969
4.991453
6.229608
6.889929
6.871961
6.147249
4.832929
3.784091
3.035652
2.630278
2.552748
2.799396
2.830749
3.071311
3.055828
2.778432
2.403865
2.618924
2.885193
2.884735
2.632629
2.327939
2.021879
1.989588
2.384617
2.811366
3.188867
3.464916
3.600441
3.934041
4.131145
3.897252
3.444668
3.007127
2.612280
2.247479
1.902012
1.587230
1.314510
1.097779
1.037687
0.959745
0.809806
0.643853
0.493134
0.368021
0.546782
0.904455
1.064458
1.108584
1.108584
1.060196
0.880926
0.656476
0.745449
0.793009
0.732610
0.827789
0.939772
1.089226
1.267221
1.450024
1.596525
1.691646
1.694082
1.801516
1.821217
1.726990
1.548414
1.341098
1.147883
0.971632
0.812485
0.670814
0.542874
0.429360
0.333544
0.251235
0.180011
0.121388
0.157485
0.245435
0.356404
0.484826
0.608803
0.646817
0.600501
0.468874
0.341145
0.336745
0.473088
0.641694
0.839774
1.042002
1.126080
1.045376
0.846028
0.652689
0.480373
0.393673
0.718051
0.788484
0.637839
0.446061
0.241700
0.100131
0.021363
0.000000
0.000000
0.000000
0.000000
0.000000
0.000000
0.000000
0.000000
0.000000
0.011761
0.066698
0.129338
0.127724
0.064688
0.011040
0.000000
0.000000
0.000000
0.000000
0.000000
0.000000
0.019957
0.094964
0.223899
0.374750
0.408754
0.296227
0.155159
0.051041
0.003654
0.000000
0.000000
0.000000
0.000000
0.000000
0.000000
0.000000
0.000000
0.000000
0.000000
0.000000
0.000000
0.000000
0.000000
0.000000
0.000000
0.000000
0.000000
0.000000
0.000000
0.000000
0.000000
0.000000
0.000000
0.000000
0.000000
0.000000
0.000000
0.000000
0.000000
0.000000
0.000000
0.000000
0.000000
0.000000
0.000000
0.000000
0.000000
0.000000
0.000000
0.000000
0.015091
0.066925
0.111577
0.104484
0.086191
0.140626
0.161562
0.260920
0.416692
0.621650
0.859090
1.100927
1.453625
1.904845
2.447619
3.091184
3.848812
4.727736
5.646335
6.381029
6.393947
5.686229
4.851485
4.325101
4.351415
3.976388
3.356984
2.735108
2.179603
1.706393
1.322194
1.091929
1.320068
1.369160
1.219310
1.022404
0.788163
0.572024
0.394312
0.253014
0.146564
0.071332
0.024027
0.002094
0.012468
0.045438
0.060708
0.043571
0.108229
0.177077
0.168273
0.096607
0.025780
0.038189
0.040764
0.024219
0.011852
0.008036
0.000782
0.000000
0.000000
0.000000
0.000000
0.000000
0.000000
0.000000
0.001623
0.012140
0.032640
0.060194
0.098676
0.149270
0.212901
0.288473
0.375606
0.477119
0.588550
0.681345
0.725434
0.791040
0.807136
0.739960
0.632734
0.518551
0.413190
0.323743
0.246720
0.178255
0.121261
0.107425
0.138295
0.143236
0.163707
0.161676
0.127294
0.173775
0.248935
0.333153
0.396578
0.479888
0.625374
0.783274
0.908517
0.916139
0.794602
0.749368
0.880511
0.875758
0.943771
0.876170
0.706384
0.546068
0.397376
0.405550
0.550267
0.708558
0.861632
0.908444
0.857428
0.760059
0.826287
0.780376
0.654487
0.527038
0.508747
0.458415
0.359148
0.581148
0.838563
1.116779
1.609728
1.936101
1.693596
1.207451
0.855236
0.578292
0.455028
0.455203
0.497529
0.585069
0.809224
1.045673
1.190799
1.163738
0.966263
0.989476
1.433810
1.836610
1.897980
1.705237
1.514130
1.666855
1.626811
1.372869
1.014253
0.686275
0.453664
0.567699
0.664945
0.749425
0.905366
1.013572
1.041500
1.018238
0.911684
0.759562
0.606703
0.473558
0.365220
0.282109
0.222496
0.158954
0.167835
0.231928
0.279497
0.333698
0.389541
0.471681
0.565175
0.626101
0.600265
0.525942
0.432711
0.367201
0.301590
0.264558
0.367238
0.321881
0.313962
0.326832
0.283132
0.304275
0.497817
0.751371
1.076880
1.484508
1.983724
2.578907
3.294196
4.176223
5.479205
6.720603
7.086723
6.705417
5.495593
4.215257
3.343719
2.638416
2.059127
1.582719
1.166011
0.820935
0.552655
0.361805
0.298348
0.229037
0.136929
0.077137
0.070910
0.065443
0.123458
0.161856
0.183594
0.208466
0.258141
0.327784
0.434344
0.545076
0.662118
0.733658
0.692722
0.594002
0.470078
0.357305
0.374251
0.440596
0.510886
0.564473
0.579090
0.554524
0.500691
0.438842
0.373103
0.376698
0.383971
0.347168
0.374977
0.411610
0.427971
0.439079
0.418521
0.430187
0.474952
0.573274
0.664980
0.760472
0.774301
0.697271
0.592744
0.616463
0.733937
0.809611
0.817816
0.886242
0.952983
1.015814
1.136155
1.282362
1.424929
1.537784
1.650818
1.658601
1.548690
1.392681
1.220504
1.041792
0.877590
0.965445
1.192679
1.346409
1.332180
1.228130
1.194098
1.077100
0.930573
1.028982
1.194453
1.354679
1.457065
1.438658
1.305770
1.210146
1.473732
1.936242
2.551940
3.123491
3.106966
2.539272
2.075450
1.892523
1.614315
1.783893
2.170457
2.104497
1.714495
1.906724
2.177325
2.527750
2.905529
3.287276
3.575765
3.686275
4.074049
4.639634
5.160824
5.466913
5.244150
4.772097
4.201514
3.657763
3.171683
2.741899
2.583243
2.954444
3.329003
3.597087
3.697596
3.518626
3.163789
2.820543
2.456567
2.125767
1.831844
1.594152
1.367345
1.178526
1.050008
0.911541
0.976090
1.144301
1.325513
1.491703
1.568906
1.634555
1.675856
1.618295
1.458033
1.273891
1.094470
0.922409
0.989726
0.968831
0.860999
0.901694
1.021554
1.175683
1.305714
1.353200
1.295828
1.572784
1.925627
1.925083
1.684349
1.819208
1.961632
2.084628
2.228330
2.361917
2.419916
2.357440
2.240839
2.080228
1.920923
1.903132
2.109931
2.317656
2.473745
2.516055
2.430335
2.304949
2.186374
2.278044
2.247460
2.100058
1.926394
1.785336
1.656370
1.548947
1.625729
1.758148
1.882765
1.959960
1.928686
1.795870
1.629458
1.465795
1.305957
1.171438
1.159397
1.169559
1.107848
1.013167
1.006952
1.061737
1.123582
1.198744
1.272894
1.252011
1.120557
0.976107
0.957895
1.054497
1.132239
1.185964
1.265548
1.429447
1.631103
1.832334
2.018492
2.132013
2.050238
1.863277
1.637700
1.833615
2.114697
2.421381
2.750792
3.094136
3.361718
3.403090
3.173441
2.869928
2.526163
2.213182
1.969030
2.292776
2.831173
3.224619
3.150832
2.733294
2.279172
1.955383
2.033601
1.934984
1.740157
1.558526
1.456991
1.526248
1.661312
1.609843
1.386487
1.382175
1.635462
1.919903
2.087583
2.019953
1.788260
1.479389
1.354280
1.424721
1.516221
1.478017
1.323305
1.104967
0.895998
0.724840
0.619620
0.772751
0.995309
1.196106
1.389609
1.378642
1.138837
0.845620
0.622344
0.750427
0.942633
1.048778
1.009390
0.837325
0.740220
0.626368
0.505844
0.401030
0.340062
0.329525
0.414404
0.570820
0.882751
1.285630
1.808255
2.152742
2.282483
2.284439
2.143653
1.746000
1.162163
0.765163
0.494086
0.283456
0.201100
0.201603
0.162325
0.144467
0.219005
0.316837
0.454893
0.646055
0.872249
1.064685
1.173003
1.061411
0.857922
0.642205
0.644181
0.716459
0.752578
0.801058
1.126953
1.530407
2.002507
2.489248
2.836587
2.831942
2.460885
1.947606
1.460467
1.057756
0.744651
0.495528
0.303337
0.305573
0.329054
0.294001
0.235706
0.170452
0.113154
0.067113
0.035852
0.017233
0.004438
0.010947
0.021970
0.023572
0.015455
0.005576
0.000139
0.000000
0.000000
0.000000
0.001246
0.007006
0.006893
0.006749
0.030273
0.069305
0.120639
0.166049
0.161741
0.121129
0.070689
0.033388
0.037884
0.123543
0.243539
0.364016
0.373750
0.299604
0.257556
0.209073
0.139206
0.185817
0.279309
0.366708
0.412451
0.547637
0.731220
1.060109
1.510433
2.099957
2.515589
2.655133
2.558225
2.306275
2.881189
3.371031
3.590109
3.257229
2.711746
2.177573
1.670292
1.243573
0.889392
0.608961
0.392191
0.378267
0.539277
0.693491
0.727650
0.651089
0.482860
0.333480
0.215499
0.118846
0.049695
0.010116
0.000000
0.000000
0.000000
0.000000
0.000000
0.002421
0.016338
0.014331
0.001467
0.000000
0.000000
0.000000
0.000000
0.000000
0.009183
0.090635
0.290927
0.416559
0.451818
0.458074
0.458779
0.458638
0.449783
0.413255
0.290589
0.095695
0.012309
0.000000
0.000000
0.000000
0.000000
0.000000
0.000000
0.000000
0.000000
0.000000
0.000000
0.000000
0.000000
0.000000
0.000000
0.000000
0.000000
0.000000
0.000000
0.000000
0.000000
0.000000
0.000000
0.000000
0.000000
0.000000
0.000890
0.038187
0.135142
0.298374
0.535976
0.875127
1.390897
2.015796
2.307533
2.370991
2.236558
2.406324
2.380400
1.991907
1.529729
1.224182
1.604248
2.052604
2.525403
2.869052
2.913146
2.600190
2.145607
1.913486
2.407390
2.884719
3.019367
3.223914
3.836491
4.306277
3.547990
2.712210
2.121904
1.681805
1.229349
0.843934
0.545946
0.323755
0.165901
0.166531
0.169783
0.169899
0.167071
0.154962
0.113449
0.041351
0.006667
0.009645
0.010708
0.025570
0.025513
0.009387
0.001074
0.000000
0.000000
0.000000
0.000000
0.002556
0.015169
0.039286
0.079528
0.139809
0.218816
0.293478
0.325013
0.297875
0.230627
0.162108
0.138538
0.200680
0.264407
0.308624
0.412105
0.528735
0.647281
0.752511
0.809404
0.782518
0.674672
0.566594
0.475763
0.547526
0.600979
0.584410
0.599935
0.602441
0.558766
0.619113
0.723650
0.769355
0.713723
0.628107
0.544242
0.517242
0.585005
0.691389
0.803317
0.838280
0.771024
0.981690
1.275555
1.632961
2.043264
2.510230
3.004296
3.375219
3.381395
3.024393
2.540927
2.081554
2.043227
2.433579
2.743841
2.965975
3.029351
2.901916
2.692851
2.399088
2.246214
2.539137
2.891463
3.263539
3.682402
4.040420
4.125103
3.874633
3.482381
3.063540
2.786264
3.305114
3.898104
4.515311
5.062104
5.709370
6.463446
7.075400
7.156442
6.608529
6.258189
5.585548
4.764807
4.204885
3.788111
4.017330
4.557014
5.011014
5.305752
5.345232
5.137205
4.665012
4.262559
3.992459
3.895622
3.911079
3.649975
3.242011
2.825445
2.422237
2.056158
1.731978
1.448846
1.189131
1.104614
0.933476
0.943045
1.192858
1.403690
1.407390
1.488970
2.017272
2.584535
3.085408
3.193053
2.921881
2.238775
1.596811
1.171879
0.794602
0.497786
0.299789
0.222530
0.238870
0.226851
0.190078
0.109432
0.037352
0.029836
0.039547
0.040638
0.028289
0.012710
0.005331
0.000910
0.004727
0.009862
0.012318
0.006434
0.000340
0.001928
0.011987
0.031075
0.053008
0.069323
0.133458
0.178736
0.193654
0.229239
0.255825
0.293053
0.311538
0.346429
0.372768
0.456679
0.504306
0.596671
0.614903
0.561051
0.508814
0.532895
0.625671
0.730222
0.856846
0.998985
1.163830
1.329807
1.443090
1.499465
1.563529
1.569109
1.471661
1.462860
1.418452
1.368816
1.555865
1.717940
1.746812
1.677061
1.702161
1.747949
1.695823
1.553030
1.410601
1.256727
1.148307
1.015796
0.899977
0.757938
0.660303
0.670960
0.630100
0.796214
0.974208
0.992793
0.898727
1.030005
1.110770
1.109686
1.022929
0.871398
0.872468
1.016187
1.172372
1.288960
1.326831
1.252254
1.163771
1.077558
0.987011
1.136708
1.317633
1.524839
1.760795
2.023790
2.294086
2.563500
2.838158
3.118806
3.418983
3.748673
4.092218
4.398201
4.515893
4.358778
4.006835
3.649507
3.408149
3.712083
3.903516
4.108911
4.314501
4.721477
4.979641
4.906053
4.564574
4.169543
3.722630
3.566647
3.814027
3.992436
4.370109
4.818334
5.230238
5.488496
5.429234
5.149003
4.997213
4.836950
4.494141
4.068557
3.642442
3.270719
3.185183
3.369539
3.449874
3.298415
3.035436
3.041103
3.353731
3.706742
3.979153
4.073953
3.886696
3.701794
3.436733
3.132944
2.892139
2.735598
2.590728
2.382509
2.117521
1.849321
1.598648
1.391086
1.308034
1.519291
1.622632
1.650300
1.620908
1.574413
1.475195
1.562219
1.863124
2.388319
3.071341
3.750068
4.129300
3.813111
3.806091
3.693872
3.401801
2.957538
2.533049
2.193193
1.831254
1.877405
2.088719
2.195843
2.144700
1.971758
1.771518
1.602427
1.518260
1.490155
1.468168
1.451604
1.523275
1.549278
1.562685
1.501403
1.466302
1.388055
1.460822
1.543835
1.566414
1.618825
1.601694
1.529883
1.450891
1.394426
1.403774
1.322445
1.128524
0.976255
0.876450
0.783006
0.703313
0.803837
0.976050
1.086318
1.048923
0.865547
0.589476
0.639228
0.763538
0.826469
0.784771
0.684810
0.566780
0.460546
0.393091
0.454761
0.550456
0.621931
0.642199
0.718631
0.738777
0.688357
0.639985
0.672416
0.655947
0.611196
0.537365
0.466687
0.474952
0.441026
0.397820
0.370448
0.399980
0.424322
0.433560
0.404623
0.486627
0.595187
0.699715
0.862468
1.107488
1.285141
1.303571
1.427323
1.431850
1.302644
1.128817
0.968835
1.376397
1.894262
2.550986
3.486393
4.526727
4.955412
5.063710
5.079546
5.078989
5.050683
4.932359
4.508192
3.471426
2.604507
2.187388
2.515254
2.562701
2.270306
1.818364
1.706421
2.145841
2.634987
3.054722
3.274509
3.083229
2.682986
2.491333
2.867469
3.097438
2.975543
2.627936
2.211854
2.205239
2.135975
1.853703
1.557122
1.505895
1.494171
1.261959
0.998826
0.923553
0.769548
0.607493
0.472504
0.428432
0.397522
0.547739
0.684599
0.789784
0.831922
0.846622
0.844973
0.821978
0.764831
0.644991
0.502371
0.639387
0.766080
0.858746
0.866600
0.792049
0.706433
0.570884
0.440089
0.362894
0.430486
0.509757
0.583497
0.612475
0.576355
0.586466
0.573789
0.653265
0.712732
0.765934
0.799580
0.846449
0.831050
0.921370
1.040865
1.156683
1.229892
1.301736
1.303315
1.350018
1.553646
1.762848
1.932139
2.003026
1.991632
1.882306
1.681762
1.463218
1.257466
1.359083
1.524717
1.660528
1.687577
1.610062
1.460034
1.292282
1.134332
1.048752
1.440852
1.891686
2.431289
3.065345
3.866959
4.759360
5.539032
5.534175
4.789416
4.000877
3.318305
2.652581
2.285374
2.321010
2.229891
2.425411
2.520931
2.439508
2.527563
2.543229
2.575683
2.880008
3.290385
3.674184
3.903486
3.897735
3.606583
3.509005
3.909832
4.322998
4.872246
5.476320
6.211822
7.073716
8.005362
8.826866
9.143246
8.772985
7.945093
7.050332
6.164814
6.110640
6.455554
6.506725
6.182589
5.605482
4.999786
4.458784
3.978267
3.540040
3.158149
2.849948
2.750778
2.647700
2.388468
2.075723
1.777063
1.516832
1.292914
1.152788
1.116432
1.258386
1.435384
1.636070
1.848945
2.035821
2.102196
2.162697
2.169604
2.047891
1.854748
1.734959
1.780067
1.921395
2.332701
2.627339
2.817279
2.916240
2.921819
2.793401
2.608742
2.350428
2.087883
1.843649
1.842445
2.023741
2.215432
2.407614
2.477639
2.396277
2.189144
1.970668
1.806747
1.609685
1.420039
1.588398
1.697797
1.655744
1.487819
1.309054
1.293259
1.229373
1.165373
1.047397
0.984348
1.027943
1.022811
1.055453
1.006599
1.018594
1.052956
1.053753
0.977763
0.894067
0.916101
0.886082
0.900451
0.858140
1.000776
1.233624
1.207097
0.980576
0.712613
0.658421
0.876948
1.145921
1.391089
1.614282
1.780615
1.858425
1.865002
1.822939
1.794470
1.935557
2.077927
2.309232
2.500545
2.647457
2.634939
2.507608
2.312345
2.040783
2.009138
2.277579
2.190192
1.757050
1.666711
1.761828
1.586216
1.282821
1.199654
1.097159
1.077500
1.087592
1.135242
1.115861
1.021712
0.943505
0.874605
0.800884
0.774467
0.893833
1.080047
1.197212
1.256047
1.338983
1.489362
1.322219
1.032381
0.788440
0.949869
0.955985
0.772252
0.714384
0.643642
0.613617
0.587117
0.555676
0.528613
0.489615
0.456512
0.447931
0.529441
0.622999
0.730090
0.852067
1.007872
1.275256
1.614799
2.175804
2.440650
2.397765
2.406401
2.359729
2.423623
2.654808
2.901118
3.155406
3.390563
3.542603
3.498861
3.274140
3.385946
3.666492
3.968260
4.270160
4.612974
4.840240
4.828031
4.596756
4.226847
3.848261
3.562912
3.527201
3.440811
3.417490
3.386353
3.314089
3.279815
3.343912
3.272869
3.059852
3.060870
3.376932
3.735405
4.109312
4.438082
4.689079
5.114163
5.602554
6.054728
6.237052
6.125485
5.726485
5.262039
5.058994
4.720588
4.340646
4.033031
3.830333
3.789466
4.252525
4.775615
5.340095
5.958127
6.634125
7.319081
7.979439
8.482843
8.730917
9.446142
10.377017
11.391950
12.463572
13.454305
13.928873
13.444096
12.436155
11.299788
10.205365
9.209046
8.287949
7.630271
7.470789
6.713474
6.077817
5.591635
5.088748
4.904386
5.060981
5.202022
5.158200
5.602841
5.960896
6.015433
5.780017
5.264176
4.714374
4.199543
4.407771
4.843842
5.319338
5.799403
6.140152
6.252290
6.052369
5.602000
5.104209
4.656032
4.308486
3.977123
3.770078
3.656589
3.710394
4.050618
4.344073
4.525312
4.459291
4.181567
3.819116
3.974572
4.290649
4.618850
4.894502
5.266124
5.582679
5.510077
5.480917
5.769647
6.079085
6.453012
6.842867
7.089816
7.064991
7.182415
7.563105
7.925756
8.233161
8.454949
8.516818
8.850383
9.310496
9.819098
10.370843
10.840077
11.153965
11.030850
10.580835
10.063241
9.618149
9.309306
9.161958
8.790894
8.374279
8.114196
8.046233
8.405794
8.630108
8.611497
8.649173
8.751250
9.027577
9.304507
9.373012
8.768417
8.291227
8.104813
7.869083
7.468651
6.796075
6.268249
6.013102
6.162249
6.207565
5.920150
5.205804
4.845531
4.858408
4.900122
5.178230
5.410961
5.559685
5.549179
5.909296
6.238394
6.286546
6.072037
5.860664
5.692783
5.799905
5.818223
5.692032
5.449050
5.522603
5.994947
6.520718
7.098442
7.666795
8.162727
8.351700
8.149754
7.695463
7.097483
6.516728
6.074114
5.793931
5.930022
6.089337
6.144927
6.236804
6.043621
5.652362
5.562552
5.845059
6.611733
7.670135
8.505582
8.512634
7.705254
6.659125
6.896331
7.332343
7.886465
8.411862
8.897631
9.244769
9.248367
8.906981
8.373964
7.824756
7.863539
8.333269
8.461212
8.371046
7.990612
7.433957
7.300815
7.900239
8.664977
9.555610
10.386828
10.745281
10.325756
9.570844
8.754381
7.973687
7.299256
6.850180
6.873299
6.625156
6.322602
6.774957
7.239218
7.605254
7.792505
7.615087
7.188601
7.074565
7.270399
7.383658
7.328811
7.149777
6.798613
6.558282
6.499310
6.616590
6.638101
6.436852
6.114954
5.759627
5.505929
5.322155
5.102998
4.816388
5.109553
5.420987
5.741879
5.968069
5.905319
5.642279
5.291959
4.995069
5.073482
5.173585
5.032238
4.737646
4.412144
4.149631
3.952162
3.646838
3.345945
3.075190
2.872764
2.751233
2.949010
3.172124
3.394298
3.458208
3.190068
3.244667
3.372795
3.247195
3.198192
2.966320
2.259625
1.663237
1.701522
1.824113
1.827903
1.689992
1.903509
2.149866
2.420262
2.716901
3.022943
3.316602
3.489508
3.555704
3.137697
2.922511
3.062423
3.319701
3.586292
3.706589
3.487216
2.754997
2.614834
2.342553
1.665670
1.305559
1.369589
1.559487
1.799343
2.022819
2.295277
2.617961
2.976159
3.368820
3.796629
4.244908
4.665280
4.923390
4.627770
4.685488
5.087586
5.610665
6.158030
6.537928
6.200310
6.185212
7.358677
8.641963
9.986645
11.129703
11.207764
10.271120
9.093206
8.045892
7.023345
6.025289
5.041138
4.172916
3.463605
2.832161
2.238742
1.665943
1.038439
0.657613
0.364615
0.049472
0.000000
0.000000
0.000000
0.000000
0.000000
0.000000
0.000000
0.000000
0.000000
0.000000
0.000000
0.230458
0.656604
0.000000
0.000000
0.000000
0.000000
0.000000
0.000000
0.000000
0.000000
