track	type=wiggle_0
fixedStep	chrom=chr	start=1	step=1
0.000000
0.000000
0.000000
0.000000
0.000000
0.000000
0.000000
0.000000
0.000000
0.000580
0.000197
0.000000
0.000000
0.000000
0.000000
0.000000
0.000000
0.024420
0.107898
0.251033
0.455300
0.708495
0.927983
1.022473
0.883679
0.659364
0.683568
0.874513
0.633628
0.355870
0.160685
0.059394
0.012394
0.003769
0.002944
0.003628
0.008732
0.007456
0.000121
0.000000
0.000436
0.031709
0.151189
0.347501
0.532529
0.720037
0.899456
1.062948
1.096480
1.015904
0.896244
0.989051
1.002319
0.966301
0.950422
1.032800
1.126500
1.397350
1.724623
2.046947
2.211934
2.067931
1.755163
1.420321
1.127977
0.896225
0.720137
0.543292
0.402138
0.277663
0.173945
0.095180
0.123751
0.126618
0.100869
0.086013
0.116381
0.114376
0.093090
0.105263
0.228193
0.340022
0.681470
0.846272
0.891276
0.897898
0.891276
0.860469
0.750676
0.744402
0.770284
0.727315
0.624724
0.537951
0.655552
0.774442
0.887536
0.926649
0.921806
0.853830
0.737794
0.621613
0.554162
0.511577
0.553278
0.672910
0.805365
0.937773
1.060156
1.106092
1.053629
0.926076
0.784021
0.649751
0.529111
0.422933
0.879299
1.117314
1.186705
1.198259
1.198259
1.198259
1.285618
1.346950
1.246067
1.061513
0.869526
0.701051
0.558493
0.521815
0.694871
0.913397
1.177395
1.486842
1.843891
2.229788
2.655150
3.090794
3.458315
3.602658
3.313925
2.889512
2.583991
3.152114
3.847040
4.619180
5.278825
5.543155
5.186032
4.512690
3.755810
3.094466
2.579894
2.313934
1.974066
1.626126
1.308725
1.016584
0.770270
0.586957
0.514280
0.400243
0.272548
0.220477
0.273289
0.294675
0.260803
0.253622
0.378778
0.529460
0.525385
0.358683
0.199292
0.193183
0.223163
0.250455
0.301533
0.323375
0.298234
0.361402
0.453439
0.549533
0.648089
0.756753
0.823651
0.749608
0.626375
0.489236
0.363697
0.256214
0.168605
0.105336
0.072062
0.057530
0.043267
0.008649
0.000183
0.000000
0.000000
0.000000
0.000000
0.000000
0.000000
0.000000
0.000000
0.000000
0.000000
0.000000
0.012835
0.077831
0.205265
0.386169
0.562431
0.509073
0.312594
0.164392
0.142195
0.120548
0.042941
0.016893
0.000000
0.000000
0.000000
0.000000
0.000000
0.000000
0.000000
0.000000
0.000000
0.000000
0.000000
0.000000
0.000000
0.000000
0.000000
0.000000
0.000000
0.000000
0.000000
0.000000
0.000000
0.000000
0.000000
0.000000
0.000000
0.000000
0.000000
0.000000
0.000000
0.000000
0.000000
0.000000
0.000000
0.000000
0.000000
0.000000
0.000000
0.000000
0.000000
0.000000
0.000000
0.000000
0.000000
0.000000
0.000000
0.000000
0.000000
0.000000
0.000000
0.000000
0.000000
0.000000
0.000000
0.000000
0.000000
0.000000
0.000000
0.000000
0.000000
0.000000
0.002467
0.006362
0.006044
0.005391
0.004512
0.000000
0.007613
0.022518
0.023933
0.013832
0.024222
0.047964
0.078104
0.110824
0.138789
0.208085
0.437160
0.650937
0.754539
0.783950
0.792321
0.796623
0.803672
0.816580
0.842263
0.877329
1.003696
1.069061
1.134003
1.152635
1.150339
1.111680
1.066702
1.410909
1.818815
2.282828
2.695885
2.860504
2.685828
2.263079
1.803318
1.404189
1.100207
0.936961
0.861634
0.728099
0.825195
0.944347
1.094727
1.266518
1.456761
1.665633
1.887450
2.127771
2.379860
2.609856
2.688443
2.707469
2.892674
2.886976
2.700582
2.455883
2.207619
1.969738
1.746250
1.538391
1.346914
1.170220
1.012185
1.245120
1.512272
1.807139
2.019203
2.030719
1.828984
1.528306
1.238055
0.983195
0.763971
0.576945
0.420968
0.298286
0.196235
0.200770
0.186364
0.200960
0.154494
0.122237
0.126591
0.109934
0.082172
0.051890
0.028763
0.049375
0.078644
0.100025
0.103271
0.084920
0.056677
0.034825
0.025863
0.014826
0.005418
0.000444
0.000000
0.000000
0.000000
0.000000
0.000000
0.000000
0.000000
0.000000
0.000000
0.000000
0.000000
0.000000
0.000000
0.000000
0.000000
0.000000
0.000000
0.000000
0.000000
0.000000
0.000000
0.000000
0.000000
0.000000
0.000000
0.000000
0.000000
0.000000
0.000000
0.000000
0.000000
0.000000
0.000000
0.000000
0.000000
0.000000
0.000000
0.000000
0.000000
0.000000
0.000000
0.000000
0.000000
0.000000
0.000000
0.000000
0.000000
0.000000
0.000000
0.000000
0.000000
0.000000
0.000000
0.000000
0.000000
0.000000
0.000000
0.000000
0.000000
0.000000
0.000000
0.000000
0.000000
0.000000
0.000000
0.000000
0.000000
0.000000
0.015905
0.085720
0.222911
0.459976
0.777864
0.988974
0.958224
0.899987
0.782069
0.557867
0.370216
0.250340
0.183667
0.189861
0.348893
0.558268
0.637202
0.570893
0.375636
0.184516
0.110029
0.044861
0.004713
0.000000
0.000000
0.000000
0.000000
0.000000
0.000000
0.000000
0.000000
0.000000
0.000000
0.000000
0.000000
0.000410
0.000512
0.000000
0.000000
0.000000
0.000000
0.000000
0.000000
0.000000
0.000022
0.014488
0.072470
0.192087
0.378161
0.618864
0.862120
0.885029
0.705994
0.470970
0.269502
0.130824
0.045626
0.003531
0.008023
0.028239
0.059404
0.092896
0.118743
0.108491
0.074720
0.041722
0.024559
0.014733
0.039728
0.080326
0.137142
0.202006
0.256416
0.267402
0.230737
0.161243
0.102705
0.069264
0.098951
0.146668
0.171892
0.162445
0.226465
0.273351
0.284229
0.245796
0.220175
0.173113
0.194737
0.260490
0.280239
0.313092
0.376171
0.474963
0.554907
0.556627
0.731943
0.948137
1.188926
1.353551
1.375739
1.252309
1.085218
1.283301
1.583766
1.905533
2.241577
2.621124
2.970553
3.131787
3.358518
3.884716
4.522627
5.264781
6.074241
6.794273
7.676826
8.573248
7.666227
6.058366
4.961025
4.174170
3.771230
3.751495
3.804359
3.909051
4.323989
4.899814
5.136668
4.937886
4.410089
3.780220
3.172004
2.620912
2.152328
1.760947
1.623106
1.783984
1.827085
1.638903
1.334201
0.970761
0.765526
0.936916
1.131015
1.341711
1.562069
1.781108
1.969245
2.055917
1.970813
1.747908
1.504760
1.286907
1.102206
0.931710
0.763879
0.612913
0.482255
0.382642
0.349760
0.290385
0.251837
0.232610
0.155197
0.137756
0.148732
0.150803
0.125871
0.103678
0.090037
0.107440
0.153621
0.208649
0.266912
0.318766
0.334289
0.300995
0.233955
0.167378
0.175831
0.218529
0.245902
0.238722
0.198959
0.155581
0.113383
0.107531
0.140355
0.171978
0.172914
0.149829
0.107920
0.097092
0.103659
0.189798
0.372374
0.624966
0.954670
1.362334
1.781782
1.767037
1.311637
0.897557
0.576105
0.350882
0.351103
0.316408
0.254175
0.196854
0.151101
0.110611
0.074445
0.044096
0.023752
0.037098
0.037267
0.025040
0.011107
0.002244
0.001076
0.003879
0.002124
0.000000
0.001446
0.012355
0.030313
0.045964
0.037271
0.020064
0.005167
0.010147
0.031636
0.065394
0.114229
0.180984
0.266326
0.364204
0.477160
0.595337
0.702877
0.799841
0.813796
0.727659
0.608656
0.491868
0.387783
0.297311
0.216552
0.147083
0.099303
0.072180
0.087958
0.147442
0.184074
0.186748
0.272547
0.394209
0.533698
0.614944
0.602912
0.579659
0.735943
0.926100
1.150721
1.299143
1.279569
1.116266
0.934325
0.724823
0.639051
0.660023
0.589721
0.568000
0.819308
1.093470
1.253745
1.187831
1.460900
1.927408
2.543081
3.114651
3.099023
2.526792
2.061523
1.873827
1.595347
1.773402
2.160172
2.095172
1.532769
1.144141
0.785274
0.499619
0.300110
0.181421
0.149444
0.089629
0.099995
0.091205
0.099712
0.138716
0.158159
0.145024
0.153632
0.150108
0.129335
0.103044
0.073975
0.070822
0.094918
0.105629
0.083620
0.040722
0.069007
0.098816
0.115941
0.110605
0.118537
0.150951
0.197408
0.249690
0.286338
0.300724
0.283437
0.343021
0.430521
0.501644
0.526080
0.623887
0.726303
0.807348
0.836869
0.864253
0.838854
0.748539
0.631631
0.520106
0.443009
0.443663
0.465291
0.518538
0.648894
0.796723
0.950927
1.103355
1.263137
1.452746
1.631733
1.733635
1.713852
1.567394
1.384508
1.203093
1.034815
0.885283
0.767017
0.936401
1.131105
1.342345
1.659932
2.136832
2.547641
2.587715
2.240821
1.790303
1.367145
1.366532
1.414394
1.379698
1.267053
1.146073
1.028216
0.919526
0.993972
1.002970
1.075925
1.218240
1.319809
1.360924
1.270815
1.102180
0.936735
0.794147
0.862456
0.902067
0.924808
0.995109
1.023630
0.954807
1.092879
1.400503
1.715356
1.912877
1.897321
1.672385
1.866160
2.113812
2.389059
2.690753
3.012331
3.345977
3.688656
3.952581
4.068360
3.910442
3.651239
3.335564
2.985210
2.645577
2.338529
2.489708
2.706878
3.026401
3.365528
3.675611
3.931850
3.939985
3.677864
3.308529
2.940164
2.592584
2.270617
1.966302
1.821892
2.070879
2.343359
2.577487
2.738884
2.673048
2.488154
2.241080
1.978388
1.719864
1.479914
1.287823
1.205434
1.129478
1.044963
1.017753
1.025123
0.957540
0.836843
0.959345
1.331967
1.633489
1.652651
1.353257
1.112788
1.217864
1.237717
1.170100
1.063428
0.960745
0.835996
0.691388
0.554015
0.628143
0.601600
0.494475
0.549695
0.641020
0.747011
0.865540
0.981728
1.056766
1.083544
1.128156
1.147192
1.087003
0.979145
0.945258
1.075710
1.192446
1.289977
1.364502
1.631960
2.039364
2.178690
2.172246
2.035249
1.652355
1.086531
0.810007
0.702612
0.609488
0.539844
0.551349
0.534826
0.524674
0.491887
0.429043
0.333850
0.260212
0.202475
0.175390
0.142304
0.196553
0.307368
0.427934
0.493820
0.447302
0.345658
0.238443
0.162128
0.149771
0.139937
0.204485
0.360850
0.574548
0.839961
1.167709
1.515192
1.803560
1.825792
1.584775
1.242457
0.907115
0.627255
0.412630
0.257218
0.288390
0.377861
0.483437
0.588083
0.670565
0.698609
0.672844
0.729972
0.679021
0.584803
0.463252
0.413450
0.536295
0.690182
0.871287
1.076839
1.281097
1.466301
1.659675
1.812890
1.811942
1.720612
1.550219
1.342204
1.231852
1.193969
0.993144
0.827567
1.031854
1.213421
1.334004
1.264766
1.430673
1.674220
2.045751
2.498868
2.999679
3.445232
3.676536
3.484393
3.029326
2.513326
2.052505
1.664547
1.679514
1.796431
1.598454
1.439709
1.411083
1.376391
1.716099
2.101459
2.572822
3.114233
3.616245
3.907650
3.773203
3.256317
2.666334
2.144162
1.698005
1.315327
0.985893
0.717660
0.523948
0.634029
0.791069
0.827229
0.746444
0.575268
0.403248
0.260899
0.151392
0.073070
0.024098
0.001753
0.000000
0.000000
0.000000
0.000000
0.000000
0.000000
0.000000
0.000000
0.000000
0.000225
0.035298
0.139413
0.347087
0.453221
0.489759
0.485842
0.448969
0.360710
0.201749
0.083589
0.005311
0.000000
0.000000
0.000000
0.000000
0.000000
0.000000
0.000000
0.000000
0.000000
0.000000
0.000000
0.000000
0.000000
0.000000
0.000000
0.000000
0.000000
0.000000
0.000000
0.000000
0.000000
0.000000
0.000000
0.000000
0.000000
0.000000
0.000000
0.000000
0.001712
0.046389
0.158856
0.356900
0.671335
0.942012
1.089523
1.183940
1.608633
1.976586
2.032506
1.781506
1.384600
1.035982
0.780471
1.086821
1.430762
1.740622
1.859703
1.698988
1.433946
1.816759
2.300714
2.768585
2.902285
3.105628
3.695150
4.141782
3.416043
2.583780
1.922929
1.397801
0.975599
0.646360
0.404209
0.260968
0.385258
0.537766
0.719591
0.918509
1.102872
1.207297
1.150174
0.961684
0.750736
0.607312
0.665974
0.739214
0.701915
0.550749
0.393617
0.253676
0.147493
0.072918
0.122262
0.234731
0.277165
0.294788
0.382987
0.576004
0.863870
1.224899
1.670026
2.206568
2.771211
3.192046
3.211553
2.792273
2.201270
1.666110
1.226356
1.065011
1.240921
1.392933
1.449429
1.382650
1.227883
1.080216
0.967048
0.901832
1.038211
1.107854
1.307727
1.499263
1.548718
1.412046
1.275825
1.491494
1.814669
2.199071
2.647596
3.146333
3.626147
3.808090
3.633605
3.157375
2.658917
2.227456
1.883119
1.550307
1.576218
1.730179
1.884559
2.000536
2.008111
1.969166
2.010245
1.917342
1.743599
1.588424
1.438624
1.436116
1.401128
1.431982
1.446058
1.549353
1.705352
1.798042
1.969353
2.110696
2.124565
2.134385
2.007810
1.949449
2.020072
1.966082
1.778427
1.567845
1.551075
1.695418
1.868216
1.997242
2.135305
2.171033
2.117167
2.161732
2.104941
1.992482
1.926657
1.856704
2.041391
2.217562
2.319838
2.535455
2.607469
2.510623
2.557758
2.687786
2.623484
2.532461
2.246310
1.904708
1.864572
1.719168
1.479405
1.371628
1.604303
1.893867
2.425418
2.831886
2.845029
2.814102
2.902568
2.947378
2.929989
2.932268
2.871956
2.773006
2.718077
2.873690
3.369892
4.000171
4.889666
5.974715
7.216200
8.530287
8.516500
7.171606
5.917256
4.850924
3.930424
3.135107
2.968803
3.280934
3.728926
4.397345
5.091811
5.721180
6.268292
6.418215
6.170110
6.199620
6.079909
5.579982
4.988644
4.399953
3.852835
3.528102
3.725525
3.539455
4.439984
4.826268
4.408000
3.289646
2.819252
2.717824
2.484735
2.279672
2.024443
2.002728
2.170380
2.299842
2.534917
2.840826
3.215219
3.631616
4.064025
4.495883
4.914808
5.202745
5.173085
4.898246
4.507639
4.092160
3.686105
3.314223
2.982223
2.660588
2.626858
2.979752
3.346922
3.608165
3.667578
3.403204
3.073001
2.701847
2.321187
1.969828
1.862405
2.100787
2.163930
2.326427
2.702667
3.094357
3.280171
3.139771
2.754796
2.320962
1.923696
1.726530
1.702661
1.590234
1.452175
1.508191
1.699986
1.880468
2.046166
2.197070
2.250896
2.190198
2.195654
2.322309
2.347431
2.282245
2.136855
1.957254
1.790218
1.726986
1.606648
1.445766
1.329264
1.283193
1.221860
1.297649
1.289031
1.172330
1.001565
0.849709
0.712834
0.666351
0.591082
0.615632
0.671211
0.646642
0.592265
0.686905
0.735288
0.684354
0.578344
0.457540
0.355609
0.311858
0.272585
0.212454
0.177845
0.170030
0.128628
0.196465
0.293327
0.396596
0.512808
0.634606
0.746130
0.869175
0.991869
1.068534
1.083746
1.002647
0.881569
0.790005
0.744040
0.655804
0.570681
0.476467
0.468781
0.482627
0.565138
0.857033
1.185513
1.548325
1.843103
1.947048
1.863946
1.587034
1.220330
0.949356
0.812189
0.576994
0.488450
0.464829
0.495047
0.654927
0.902332
0.972154
0.881797
0.721342
0.512104
0.332294
0.354184
0.371547
0.437663
0.577598
0.708911
0.734173
0.667358
0.694045
0.767727
0.857223
0.904011
0.847127
0.805165
0.802993
0.845054
0.984572
1.057095
1.013527
0.891532
0.899085
0.968451
0.973120
0.912615
0.809789
0.693936
0.779584
0.919239
1.032564
1.049577
1.009995
1.031422
1.026961
1.193572
1.307176
1.317456
1.225765
1.102147
0.941597
1.034124
1.190122
1.335478
1.392201
1.362317
1.239148
1.082564
1.048338
1.052805
1.013625
1.282649
1.583422
1.919675
2.300946
2.704784
2.999351
2.993767
2.675961
2.259501
1.919325
1.758897
1.607206
1.732368
1.938879
2.093948
2.051660
1.857870
1.610267
1.487001
1.438300
2.121313
2.590231
2.761725
2.800015
2.789914
2.731994
2.536913
2.049717
1.380892
0.974639
0.725354
0.797545
0.857582
0.825881
0.751920
0.650574
0.585176
0.654631
0.717251
0.727912
0.779611
0.786085
0.742528
0.640173
0.528860
0.545668
0.596046
0.676414
0.902299
1.164061
1.359304
1.390391
1.409000
1.428829
1.452256
1.441737
1.251198
1.128999
1.216401
1.264369
1.275863
1.215475
1.128958
1.235705
1.395016
1.576877
1.716637
1.744519
1.638693
1.725659
1.859668
1.945508
1.931125
1.828815
1.775977
1.799087
1.726122
1.592762
1.472041
1.557746
1.683174
1.716690
1.655660
1.604089
1.720333
1.866571
1.927738
1.897725
1.796160
2.005321
2.074548
2.041305
1.892020
1.830420
1.717065
1.596617
1.453544
1.311357
1.145716
1.062906
1.105121
1.043255
0.966491
1.029414
1.059458
1.213018
1.402329
1.606756
1.809411
1.967439
1.987021
1.840312
1.777193
2.136534
2.539738
2.947094
3.312905
3.445152
3.268787
2.872826
2.867528
3.169004
3.585262
4.067933
4.568429
5.031775
5.268202
5.133537
4.879380
4.712387
4.378416
3.913366
3.442374
3.099988
3.061747
2.845518
2.718338
2.717915
2.622880
2.759795
3.003386
3.270747
3.633728
4.021047
4.346321
4.558661
4.459027
4.268603
4.120218
3.826730
3.463632
3.095080
2.735335
2.451891
2.419926
2.189618
1.929703
2.327191
3.039158
3.883033
4.840492
6.128014
7.945995
8.977472
9.265548
9.004355
7.992706
6.215553
4.919894
4.007394
3.330665
3.570238
3.650652
3.651922
3.430864
3.136695
2.884950
3.100742
3.488155
3.716056
4.293622
4.952782
5.454002
5.652242
5.292002
4.630293
3.998158
3.405262
2.846338
2.351219
2.156893
2.844218
3.904375
4.256428
3.866132
2.754125
1.947304
1.385166
1.513766
1.770556
2.161960
2.568755
2.779567
2.776483
2.829274
2.794789
2.638677
2.546351
2.291265
2.094696
2.184534
2.124015
2.003736
1.962192
1.818790
1.622533
1.453974
1.492979
1.521748
1.706201
1.914028
2.176708
2.475872
2.730825
2.921561
2.980552
3.043189
3.216367
3.222729
3.042876
3.007870
3.276186
3.491144
3.594293
3.569131
3.407853
3.383376
3.286812
3.077939
3.317899
3.443107
3.455851
3.638760
3.614533
3.402747
3.142792
2.865349
2.595293
2.396872
2.283805
2.186337
2.438148
2.697805
2.916539
3.021119
2.936285
2.811412
2.775220
2.597048
2.357374
2.123095
2.225788
2.498794
2.695377
2.740192
2.695892
2.658211
2.813531
3.146737
3.699965
3.935355
4.046857
4.070374
4.033827
4.223328
4.772573
5.360799
5.893259
6.266531
6.197005
6.482496
6.493089
6.089753
5.593941
5.066408
5.374820
6.086702
6.866694
7.728234
8.652899
9.630573
10.584899
11.691011
12.882790
13.941357
14.385630
13.869149
12.752808
11.556035
10.523310
10.018273
9.368546
8.732942
8.662438
8.654512
8.219365
7.957014
7.611026
7.002558
6.469256
5.913367
5.694796
5.552659
5.287635
4.983120
4.694002
4.252439
3.798160
3.391915
3.751508
4.203031
4.456023
4.464051
4.204679
3.929461
3.656510
3.249692
2.834543
2.443948
2.096011
1.786244
1.747391
1.707795
1.604251
1.539040
1.604031
2.040590
2.589113
3.013567
3.275010
3.325665
3.563735
3.726576
3.713862
3.610089
3.562489
3.380181
3.283775
3.109704
2.957199
2.827797
2.805876
2.661629
2.435931
2.189314
2.139866
2.242603
2.394733
2.388144
2.256757
2.252643
2.138288
1.952457
1.737288
1.520342
1.564826
1.534653
1.685088
1.831984
1.965116
2.043419
2.010672
1.925272
2.073343
2.349691
2.628677
2.869624
3.054358
3.157686
3.232215
3.263550
3.346704
3.357201
3.339738
3.345225
3.489605
3.506525
3.447101
3.432080
3.294454
3.089368
2.880214
2.696583
2.470007
2.278336
1.972780
1.639855
1.730388
2.030580
2.238105
2.373862
2.619839
2.965256
3.184977
3.082209
2.637100
2.126291
1.633659
2.067970
2.697393
3.652317
3.947111
3.673986
2.920024
2.394357
2.067088
2.171667
2.135292
2.002705
1.862307
1.760431
1.586119
1.391160
1.220886
1.266331
1.349147
1.342532
1.342091
1.332855
1.444509
1.576866
1.858942
2.160951
2.460919
2.666232
2.704852
2.535249
2.344879
2.245191
2.542205
2.896212
3.269047
3.647970
4.049497
4.357849
4.467022
4.283352
3.963559
3.531384
3.138505
2.830648
2.635484
2.621886
3.138002
3.573350
3.744911
3.586571
3.244826
2.855907
2.709260
2.935563
3.177958
3.327794
3.294216
3.288916
3.124097
2.825112
2.504366
2.235661
2.364082
2.592254
2.758731
2.755176
2.787702
2.659681
2.611386
2.731679
2.972118
3.163147
3.347816
3.454993
3.324312
3.065262
2.764768
2.552785
2.679528
2.842156
2.959893
3.103927
3.358808
3.677061
3.929669
4.237598
4.363932
4.565831
4.800038
5.117710
5.448975
5.775982
6.025350
6.044638
5.848684
5.883052
6.266754
6.577484
6.922998
7.324390
7.732641
8.017940
8.057195
7.854776
7.505641
7.138246
6.909132
7.099130
7.020735
6.620419
6.076491
5.594775
5.793112
5.803655
5.569740
5.255737
5.397950
5.618589
5.813066
6.003693
6.187236
6.344445
6.411055
6.246197
5.896951
5.505345
4.842614
4.312777
4.082197
3.915953
4.183376
4.452480
4.638304
4.645906
4.414789
4.125603
4.603034
5.160651
5.154537
4.585788
4.313043
4.749931
5.214872
5.642161
5.875816
5.815135
5.525638
5.270329
5.090258
4.727660
4.870143
5.368557
5.900306
6.417636
6.812508
6.824739
6.412529
6.601614
7.171266
7.868844
8.606599
9.111460
9.253624
8.761071
8.044136
7.318861
6.653152
6.514675
6.384670
6.012382
5.552979
5.466328
5.933480
6.392875
6.661553
6.688080
6.458899
6.052265
5.606397
5.143270
4.693268
4.264758
3.912132
4.164647
4.298021
4.335350
4.553662
4.598073
4.444827
4.168623
3.864229
3.686136
3.506685
3.235747
2.916339
2.689087
2.458781
2.348602
2.229248
2.090080
2.080509
2.188565
2.278155
2.489844
2.565044
2.552789
2.393054
2.177164
2.031692
1.807347
1.579747
1.385048
1.254178
1.417791
1.541860
1.592551
1.722769
1.847449
1.791614
1.781436
1.737288
1.295514
1.486114
1.297428
0.963694
0.637093
0.399062
0.402676
0.479068
0.481514
0.423538
0.337072
0.267227
0.245857
0.254121
0.328652
0.401206
0.447881
0.550072
0.593387
0.545033
0.427507
0.310239
0.236530
0.211539
0.144466
0.082964
0.036348
0.029652
0.014834
0.002568
0.000193
0.001293
0.000541
0.000000
0.009313
0.032443
0.041924
0.038032
0.087834
0.151786
0.199152
0.140910
0.208452
0.308333
0.400031
0.401519
0.649581
0.970451
1.373151
1.874126
2.480196
3.179489
3.946160
4.646145
4.971667
5.401054
6.201928
6.463073
6.098236
5.204782
4.268953
3.438324
2.738719
2.143698
1.626305
1.187801
0.793621
0.385783
0.065301
0.007025
0.000000
0.000000
0.013287
0.052608
0.103147
0.098230
0.156776
0.302654
0.477700
0.526842
0.113369
0.241875
0.681470
0.000000
0.000000
0.000000
0.000000
0.000000
0.000000
0.000000
0.000000
