track	type=wiggle_0
fixedStep	chrom=chr	start=1	step=1
0.000000
0.000000
0.000000
0.000000
0.000000
0.000000
0.000000
0.000000
0.000000
0.001648
0.003476
0.006811
0.019424
0.090568
0.227520
0.451124
0.523534
0.415736
0.171581
0.048828
0.011671
0.000408
0.007592
0.047494
0.123346
0.258903
0.407809
0.439551
0.362475
0.333519
0.217124
0.103476
0.030812
0.001869
0.000000
0.000000
0.000000
0.000000
0.001730
0.014463
0.021741
0.011264
0.007154
0.000058
0.000908
0.010918
0.040756
0.094800
0.173097
0.275798
0.388615
0.491489
0.517239
0.475544
0.373545
0.316367
0.253251
0.246360
0.340864
0.503038
0.716163
0.979309
1.282189
1.574427
1.773878
1.676435
1.426793
1.175943
0.941144
0.725022
0.611797
0.558503
0.479749
0.529919
0.575117
0.613273
0.790001
0.941442
1.102587
1.266206
1.379230
1.384529
1.283786
1.211533
1.099325
0.962282
1.225615
1.525436
1.606850
1.620544
1.606850
1.544624
1.325041
0.841148
0.648563
0.547369
0.448113
0.378463
0.440514
0.536625
0.632776
0.687317
0.675349
0.608149
0.527208
0.572483
0.669391
0.742735
0.858271
0.985780
1.087755
1.138842
1.113688
1.084332
1.134294
1.200698
1.242293
1.194226
1.092097
0.954711
0.924861
1.174391
1.242543
1.254588
1.254588
1.254588
1.242543
1.618935
2.117498
2.713535
3.405035
4.153791
4.776890
5.251126
5.262104
5.356530
6.704365
8.394735
8.486781
6.990376
5.525464
4.461021
3.580754
2.826045
2.189764
1.667451
1.275106
1.042855
0.908296
0.751051
0.792943
0.806330
0.692133
0.657507
0.703463
0.780392
0.897987
1.050593
1.254487
1.492725
1.757553
2.038204
2.291084
2.440289
2.651820
2.894460
2.975550
2.778991
2.712927
2.600842
2.318262
1.989137
1.697926
1.734014
1.828603
1.894202
1.855966
1.829537
1.809919
1.933097
2.165380
2.376967
2.498792
2.503742
2.186055
1.774773
1.403007
1.124059
0.940245
0.762900
0.616079
0.669181
0.760379
0.772576
0.807598
0.851276
0.998300
1.160363
1.327636
1.476138
1.534800
1.465438
1.311823
1.157451
1.052353
1.005222
1.421822
1.570261
1.383208
0.876064
0.684180
0.903023
1.018315
0.890791
0.664760
0.667326
0.641514
0.569401
0.483794
0.395593
0.316478
0.252472
0.216050
0.203031
0.195339
0.201453
0.199649
0.215641
0.189888
0.150545
0.152078
0.191055
0.235039
0.284215
0.307114
0.330747
0.311491
0.258121
0.197268
0.189020
0.195581
0.310721
0.389463
0.490083
0.488462
0.382570
0.289903
0.230962
0.234270
0.205484
0.156463
0.112149
0.143001
0.195246
0.253733
0.298707
0.297649
0.253226
0.188333
0.179261
0.094667
0.061593
0.055534
0.050946
0.041916
0.028593
0.036806
0.055722
0.068364
0.119113
0.128591
0.178490
0.332818
0.483894
0.481062
0.354848
0.238136
0.170951
0.138161
0.155001
0.149184
0.120343
0.089300
0.153240
0.222020
0.284169
0.355318
0.451662
0.565142
0.708747
0.824655
0.832411
0.716402
0.564212
0.423315
0.302987
0.203755
0.163645
0.240936
0.334791
0.445389
0.559863
0.633546
0.794757
0.897114
0.829039
0.625733
0.616117
0.782506
0.958324
1.406986
1.813395
2.002312
2.041192
2.002313
1.822992
1.432089
0.960961
0.612700
0.350328
0.183132
0.105761
0.031224
0.003247
0.002473
0.014890
0.027320
0.021968
0.008982
0.010025
0.017629
0.030032
0.050401
0.053811
0.037896
0.064826
0.099444
0.137428
0.223868
0.340512
0.480090
0.622064
0.743020
0.755249
0.677782
0.611865
0.834845
1.199416
1.648443
2.161987
2.202693
1.761838
1.334670
1.012962
0.757294
0.687499
0.853013
0.970712
0.988822
0.873562
0.692830
0.516812
0.361876
0.241297
0.159598
0.090684
0.082893
0.112759
0.089223
0.044151
0.009527
0.051200
0.160247
0.239607
0.271307
0.279917
0.281720
0.284363
0.288814
0.292088
0.425833
0.656573
0.833917
0.808048
0.585780
0.364987
0.197448
0.127429
0.119443
0.114854
0.106350
0.079387
0.031040
0.000000
0.000000
0.000000
0.000000
0.000000
0.000000
0.000000
0.000000
0.000000
0.000000
0.000000
0.000000
0.000000
0.000000
0.000000
0.000000
0.000000
0.000000
0.000000
0.000000
0.000000
0.000000
0.000000
0.000000
0.000000
0.000000
0.000000
0.000000
0.000000
0.000000
0.000000
0.002229
0.028336
0.121444
0.288260
0.552632
0.830423
0.966936
1.005898
1.014809
1.014809
1.014809
1.014809
1.005075
0.955960
1.081922
1.454965
1.879597
2.351795
2.955889
3.609103
4.016129
3.938223
3.499128
2.860166
2.302008
2.075042
2.359080
2.401175
2.738317
2.824164
2.553509
2.175047
2.175955
2.797493
3.533432
4.373711
5.198790
5.892980
5.844752
5.123394
4.320199
3.551989
3.161119
2.860957
2.896951
2.710878
2.310438
1.847743
1.424600
1.062203
0.767480
0.535078
0.357151
0.232616
0.214245
0.317992
0.452184
0.557221
0.617055
0.569230
0.454852
0.320309
0.206780
0.126723
0.072173
0.028041
0.004070
0.000000
0.000000
0.000000
0.001311
0.019956
0.028900
0.024714
0.011284
0.047854
0.139898
0.255900
0.383433
0.386568
0.267521
0.144350
0.106709
0.090292
0.061127
0.034176
0.025618
0.056399
0.099869
0.153058
0.209790
0.236771
0.218140
0.200486
0.160445
0.111449
0.066377
0.056634
0.088365
0.110566
0.128104
0.141206
0.141014
0.135080
0.105291
0.071268
0.045811
0.025556
0.017764
0.038722
0.074750
0.098202
0.086432
0.092572
0.079173
0.050103
0.036938
0.028293
0.044505
0.078419
0.098456
0.104868
0.164288
0.268182
0.402679
0.555591
0.677703
0.671170
0.546279
0.395324
0.269021
0.180151
0.143466
0.283626
0.475765
0.759643
1.133024
1.603017
2.140590
2.410579
2.193279
1.716471
1.401470
1.227824
1.000506
0.810974
0.976652
1.149736
1.266086
1.258805
1.175631
1.357599
1.685861
1.945775
2.017096
2.263193
2.522098
3.056396
3.723441
4.360647
4.703413
4.575601
4.219386
4.931390
5.563648
5.711492
5.372181
4.776838
4.085532
3.441305
2.870908
2.368086
1.929350
1.550030
1.223106
0.941792
0.705392
0.511050
0.645924
0.748328
0.751438
0.655326
0.519909
0.388716
0.280802
0.204217
0.181523
0.143899
0.093615
0.051222
0.020607
0.004592
0.000097
0.000000
0.000000
0.000702
0.005086
0.007716
0.003543
0.000000
0.000000
0.000000
0.000000
0.000000
0.000000
0.000000
0.000000
0.000000
0.000000
0.000000
0.000000
0.000000
0.000000
0.000000
0.000000
0.000000
0.000000
0.000000
0.000000
0.001059
0.016349
0.027859
0.032784
0.033996
0.034117
0.034274
0.035185
0.037874
0.038954
0.038827
0.056489
0.123575
0.178261
0.166590
0.074431
0.011940
0.000000
0.000000
0.000000
0.000000
0.000000
0.000000
0.000000
0.000000
0.000000
0.000000
0.000000
0.000000
0.000000
0.000000
0.000000
0.004092
0.019672
0.026395
0.010941
0.000270
0.000000
0.000000
0.000000
0.000000
0.000000
0.000000
0.000000
0.000000
0.000000
0.000000
0.000000
0.001325
0.021677
0.068134
0.053718
0.093131
0.093406
0.056827
0.025601
0.014160
0.005161
0.000342
0.000000
0.000000
0.000000
0.001872
0.010091
0.030393
0.074390
0.129565
0.165488
0.172518
0.264511
0.395202
0.540547
0.625067
0.624916
0.603015
0.764471
0.960459
1.187964
1.336745
1.319356
1.154341
0.967573
0.752388
0.662895
0.685691
0.612611
0.592130
0.852887
1.135713
1.299680
1.231498
1.509872
1.992646
2.621518
3.205680
3.186775
2.600704
2.125654
1.936724
1.654352
1.834048
2.230411
2.168204
1.621083
1.313538
1.050850
0.740438
0.470666
0.277149
0.145236
0.172016
0.124532
0.058815
0.059318
0.103526
0.164254
0.236803
0.304451
0.346366
0.340690
0.288465
0.228662
0.218468
0.208123
0.159783
0.109242
0.103872
0.142533
0.200850
0.266169
0.318850
0.339419
0.366980
0.365830
0.431873
0.527598
0.630214
0.745836
0.879109
1.017818
1.132075
1.184341
1.137963
1.276343
1.443457
1.553009
1.540330
1.418929
1.232427
1.407682
1.589375
1.722510
1.751095
1.694483
1.696430
1.867613
2.011441
2.041179
1.940824
2.009873
2.193976
2.418125
2.637283
2.857113
3.087610
3.305526
3.516181
3.677472
3.699601
3.560391
3.374502
3.154873
2.979379
2.903089
2.884528
3.065738
3.279104
3.520652
3.749125
3.842618
3.966009
4.159526
4.218430
4.095431
3.851571
3.560190
3.273885
3.216356
3.498215
3.822375
4.150577
4.454439
4.635862
4.602667
4.396805
4.668715
5.024994
5.364952
5.624086
5.804195
6.063830
6.206535
6.112242
5.800080
6.013257
6.475477
6.995759
7.546876
8.109703
8.679651
9.276456
9.907277
10.561332
11.231936
11.953608
12.702475
13.388629
13.974647
14.032874
13.569511
12.879990
12.229795
12.590878
13.409322
14.100846
14.300846
14.195049
14.252946
14.979643
15.178414
14.895791
14.237686
13.380670
12.481355
11.841523
11.422280
11.171307
11.823308
12.360444
12.577921
12.322565
11.783503
11.127666
10.483288
9.932344
9.857989
9.687043
9.272756
8.732515
9.039399
9.610299
10.141183
10.432285
10.363759
10.060205
9.547191
8.957005
8.376219
7.878779
7.831773
7.902815
7.673393
7.867053
8.378089
8.883554
9.355970
9.621401
9.500529
9.099449
8.513857
7.914780
7.365106
6.879048
6.410467
5.982632
6.044692
6.371081
6.760531
7.142097
7.479580
7.660149
7.545187
7.279044
6.988399
7.152781
7.270760
7.153059
6.902499
6.625970
6.727862
6.911487
7.053639
7.218798
7.456979
7.527836
7.383447
7.355132
7.708734
8.021665
8.148961
8.227670
8.133814
7.851228
7.448674
7.041862
6.636222
6.259132
5.887377
5.491708
5.583170
5.829410
6.111978
6.359638
6.421870
6.306343
5.978348
5.600504
5.208323
4.814761
4.427448
4.081596
3.785708
3.526287
3.293247
3.174310
3.089137
2.887783
2.781304
2.618804
2.524887
2.353993
2.143182
1.928486
1.723991
1.532580
1.354920
1.189279
1.039240
0.994576
0.900423
0.843485
0.958056
0.999473
1.185983
1.685212
2.453855
2.824395
2.811470
2.435794
1.705907
1.586675
1.754554
1.782161
1.722481
1.545237
1.819796
2.267792
2.710978
2.898470
2.769186
2.397162
2.156024
2.400385
2.563794
2.485446
2.205949
1.948542
1.843475
1.797770
1.620279
1.439466
1.488007
1.646055
1.788014
1.816365
1.653680
1.510477
1.636396
1.943310
2.207207
2.234088
2.016286
1.842415
2.288821
2.834560
3.434132
3.908973
4.308835
4.773880
4.934292
4.597568
3.949857
3.286797
2.687134
2.174346
1.788214
1.820261
1.760953
1.528762
1.279059
1.085990
0.903005
0.698470
0.508382
0.346910
0.219710
0.123469
0.057461
0.016988
0.006871
0.001915
0.000000
0.000000
0.000000
0.000000
0.000000
0.000000
0.000000
0.000000
0.000000
0.000000
0.002768
0.053580
0.093533
0.107212
0.110275
0.110246
0.106483
0.092217
0.048767
0.001795
0.000000
0.000000
0.000000
0.000000
0.000000
0.000000
0.000000
0.000000
0.000000
0.000000
0.000000
0.000000
0.000000
0.000000
0.000000
0.000000
0.000000
0.000000
0.000000
0.000000
0.000000
0.000000
0.000000
0.000000
0.000000
0.000000
0.000000
0.000000
0.001954
0.046659
0.158773
0.357094
0.672530
0.942769
1.086851
1.184663
1.601810
1.962638
2.008649
1.753531
1.361420
1.016600
0.766065
1.064002
1.403831
1.710106
1.826871
1.666222
1.397563
1.771879
2.245867
2.699288
2.819139
3.015151
3.590141
4.015563
3.289316
2.471916
1.827014
1.318555
0.914414
0.604913
0.389936
0.237664
0.112353
0.034868
0.081171
0.138902
0.183397
0.181920
0.133455
0.071698
0.027196
0.010593
0.024018
0.025701
0.016632
0.011688
0.007940
0.004914
0.000356
0.008309
0.087844
0.207352
0.257625
0.227143
0.144189
0.127394
0.139440
0.140191
0.234578
0.417009
0.624131
0.802959
0.796687
0.589888
0.377924
0.214662
0.273231
0.368342
0.472047
0.587262
0.722347
0.868430
1.016591
1.182600
1.364183
1.546092
1.661592
1.639601
1.501852
1.327378
1.235884
1.315068
1.416724
1.423164
1.317422
1.240873
1.097249
1.108935
1.219603
1.268146
1.267927
1.215781
1.269709
1.266393
1.464990
1.712049
1.986443
2.284857
2.612589
2.970945
3.359052
3.737421
3.938653
3.898916
3.619793
3.249493
2.914257
2.692133
2.739357
2.889254
3.022120
2.978841
3.139537
3.265358
3.326510
3.327172
3.242649
3.370879
3.785975
4.208673
4.467109
4.473269
4.977285
5.672307
6.504494
7.444052
8.471610
9.621381
10.786168
11.637217
11.578384
10.631490
9.419805
8.295352
7.374786
6.936207
7.075242
7.111268
7.023635
6.706920
6.016506
5.282567
4.607565
4.010183
3.507477
3.032103
2.583187
2.850426
3.149457
3.435873
3.688481
4.044585
4.439054
4.668301
4.595389
4.313020
3.916739
3.719644
4.037782
4.278355
4.267926
4.035036
3.671792
3.285068
2.907267
2.712724
2.684845
2.832171
2.831454
2.717479
2.768113
2.657007
2.592685
2.683675
2.900348
3.010895
2.969150
2.758356
2.716515
2.752353
2.898503
3.066192
3.150010
3.002480
2.765926
2.491969
2.239270
2.401918
2.564712
2.593454
2.490190
2.279361
2.142430
2.677033
3.107507
3.120779
4.057751
4.450310
4.147258
3.157569
2.288148
1.674762
1.184544
0.795470
0.495227
0.360120
0.368035
0.441076
0.481155
0.473146
0.507844
0.584979
0.745624
0.945906
1.083858
1.155520
1.283882
1.291479
1.152245
0.940644
0.931160
1.003883
1.202763
1.364059
1.423215
1.367415
1.228376
1.039163
1.223741
1.465270
1.721146
1.993109
2.276002
2.614033
2.866441
2.884075
2.646767
2.299588
1.959739
1.657068
1.391879
1.152656
1.395025
1.600226
1.604207
1.407728
1.206044
0.956874
0.635112
0.448932
0.339462
0.436746
0.570747
0.856015
1.281160
1.786739
2.054593
1.838135
1.504492
1.179531
1.157698
1.149275
1.021120
0.751259
0.457588
0.484300
0.436972
0.360023
0.270536
0.188881
0.122549
0.075099
0.073101
0.105358
0.116618
0.107164
0.090320
0.049891
0.017751
0.002477
0.000000
0.000000
0.000000
0.001320
0.008740
0.027636
0.058255
0.094657
0.138950
0.190985
0.236153
0.244720
0.306738
0.409365
0.540810
0.688233
0.832873
0.887244
0.839456
0.694457
0.544782
0.408063
0.291449
0.194713
0.121360
0.067434
0.031813
0.015949
0.004036
0.000289
0.000000
0.000448
0.006590
0.006673
0.000751
0.000000
0.000000
0.000000
0.014743
0.062936
0.178939
0.353460
0.575605
0.850912
1.083293
1.079863
0.841096
0.562931
0.321062
0.155993
0.179004
0.197475
0.176875
0.109463
0.037939
0.044796
0.035659
0.018991
0.046159
0.088315
0.140079
0.194303
0.217905
0.205660
0.162674
0.118064
0.082926
0.054021
0.032629
0.021505
0.038345
0.048089
0.042173
0.025412
0.010506
0.009397
0.018555
0.011973
0.029720
0.038604
0.033513
0.019971
0.009404
0.004421
0.000922
0.000000
0.000000
0.000000
0.000255
0.011137
0.031568
0.025454
0.007514
0.010476
0.015320
0.023237
0.019154
0.009394
0.057459
0.139316
0.162628
0.090298
0.022369
0.017330
0.029477
0.032924
0.037405
0.066514
0.095496
0.096456
0.147620
0.213024
0.295095
0.365373
0.423515
0.763752
1.146538
1.274101
1.147077
0.783950
0.492331
0.426784
0.460691
0.515372
0.541769
0.506047
0.443930
0.380087
0.320161
0.318761
0.507751
0.717971
0.873079
0.888669
0.753815
0.735830
0.769918
0.692582
0.806689
0.955217
1.173796
1.452559
1.779649
2.119497
2.408012
2.617536
2.563608
2.279004
1.947777
1.814219
2.203786
2.686497
3.070252
3.602708
4.171715
4.570934
4.553805
4.131754
3.540959
2.968725
2.742207
2.412748
2.088543
1.792974
1.545377
1.369412
1.237993
1.296517
1.304808
1.163616
0.986188
0.844591
0.724739
0.700656
0.711771
0.778094
0.849161
0.967481
1.127350
1.316872
1.507760
1.706703
1.890045
1.994005
1.988152
2.219884
2.492400
2.764584
2.950149
3.030641
2.951694
2.920893
2.954993
3.015662
3.007542
3.132695
3.183550
3.062173
2.990687
3.265424
3.561828
3.846643
3.987941
4.085272
4.096674
4.262279
4.446902
4.389585
4.136132
3.773655
3.417607
3.109362
2.826421
2.568104
2.676652
2.884629
3.118930
3.390995
3.593488
3.641978
3.546734
3.312388
3.042530
2.782836
2.538308
2.361591
2.533325
2.646943
2.604439
2.823655
3.169728
3.409582
3.521573
3.391991
3.208549
2.921598
2.681309
2.491183
2.368895
2.163604
1.998802
1.742403
1.486236
1.600017
1.993054
2.464148
3.022043
3.661256
4.366373
5.129983
5.956798
6.916726
7.934764
8.731289
9.542849
11.186420
12.628536
12.558708
11.082230
9.743125
8.660935
7.881568
7.845234
7.407980
7.811089
7.554605
7.117320
7.457507
7.144311
6.407439
5.573585
4.782188
4.055847
3.407892
2.816786
2.310266
2.263834
2.341516
2.440873
2.749233
2.977596
3.108256
3.233347
3.102756
2.940418
2.892088
2.741815
2.403608
2.162861
1.884217
1.652961
1.901999
2.102772
2.093427
1.875504
1.613784
1.339796
1.088796
0.874508
0.816416
0.949900
1.017770
1.090605
1.208987
1.299271
1.407391
1.449267
1.441093
1.429056
1.409016
1.352640
1.296767
1.191627
1.131722
1.019882
0.926877
0.802103
0.683904
0.657107
0.628474
0.645747
0.738702
0.924904
1.147207
1.360814
1.550606
1.731489
1.842331
1.870420
1.798536
1.803175
1.703591
1.595138
1.580787
1.552563
1.631394
1.783311
1.962407
2.146136
2.226547
2.174289
2.005816
1.818389
1.616436
1.427934
1.260506
1.097989
0.944498
0.804125
0.664672
0.578548
0.517211
0.416140
0.409395
0.396533
0.346118
0.317243
0.309108
0.336911
0.469267
0.626318
0.816765
1.024207
1.189664
1.383505
1.566131
1.634945
1.608559
1.496980
1.295315
1.480805
1.869330
2.248739
2.332533
2.103890
1.677613
1.263291
0.937072
0.719452
0.885274
1.088936
1.260117
1.388662
1.493098
1.508428
1.445657
1.327409
1.221791
1.062075
0.869792
0.718809
0.595397
0.601109
0.737702
0.916847
1.035203
0.969162
1.006041
1.099057
1.192206
1.228994
1.233720
1.276013
1.321359
1.374642
1.318532
1.220071
1.062609
1.091190
1.041934
0.917981
0.842155
0.889397
0.883383
0.846924
0.934586
1.332484
1.839079
2.454878
3.127639
3.648543
3.639737
3.109976
2.461224
1.860076
1.719945
1.709311
1.568561
1.384823
1.336459
1.176624
1.165510
1.182932
1.164626
1.096232
1.089908
1.127779
1.339782
1.706510
1.989071
2.230413
2.366889
2.487410
2.780473
3.094194
3.415045
3.696843
3.785852
3.646275
3.356133
3.073024
3.220335
3.253153
3.138563
3.161279
3.614217
4.095721
4.463792
4.639874
4.480237
4.128546
3.752302
3.336244
2.907308
2.504387
2.615722
2.765053
2.789039
2.626140
2.355178
2.077218
1.817245
1.587523
1.562947
1.807059
1.843328
1.998839
2.484450
3.041157
3.633027
4.183985
4.630760
4.731439
4.447156
3.867811
3.398577
3.562827
3.580253
3.448099
3.286860
4.117780
5.087363
6.195540
7.371190
8.278629
8.404921
7.642092
6.517237
5.419579
4.440029
3.600830
2.922945
2.408284
2.576935
2.862795
3.129872
3.374448
3.561692
3.836568
4.086963
4.310851
4.531311
4.526249
4.284584
3.962993
3.639087
3.467702
3.715563
3.934592
4.067832
4.002027
3.759274
3.452848
3.156628
2.887212
2.895647
3.211483
3.544023
3.810509
3.948579
4.099865
4.029253
3.812846
3.593371
3.384033
3.133631
2.935602
3.216121
3.570393
3.962478
4.374665
4.737785
4.924857
5.092087
5.119027
4.923594
4.648987
4.519648
4.331586
4.146640
3.811636
3.651810
3.640438
3.871895
4.343317
4.654653
4.782261
4.617064
4.308090
4.190545
3.994557
4.052612
4.153321
4.210318
4.357611
4.332520
4.304734
4.542413
4.724043
4.830663
4.763021
4.903820
4.890558
4.766447
4.656306
4.725691
4.742083
5.000114
5.102060
5.024060
5.193680
5.475940
5.629889
5.517094
5.349084
5.611700
5.885820
6.110406
6.185433
6.276235
6.565031
6.819927
7.135817
7.289799
7.550274
8.035170
8.371588
8.566573
8.896169
9.097624
9.086420
9.146590
9.468027
9.727399
9.408528
8.617812
7.881285
7.765427
8.071554
8.254546
7.949232
7.406328
7.243252
7.476354
7.717384
7.787124
7.554216
7.522576
7.614434
7.462855
7.173809
6.929767
6.802050
6.705544
6.574714
6.739305
6.998742
7.314871
7.560356
7.705627
7.802406
7.866261
7.655371
7.540745
7.225462
7.152895
7.353555
7.398988
7.207263
6.816040
6.485746
6.249359
5.876270
5.671536
5.543429
5.597440
5.934846
6.061535
6.053195
6.294137
6.750507
7.279600
7.726924
8.099200
8.221047
8.190667
8.041444
8.083014
8.321727
8.221519
7.830219
7.229220
6.922268
6.854856
6.943334
7.209120
7.792572
8.484110
9.310007
10.252766
10.891361
10.863463
10.213781
9.860860
9.571548
9.098614
8.714316
8.563791
8.118994
7.578194
7.067219
7.326365
7.725713
7.976718
7.974881
7.718410
7.267773
6.786253
6.283356
5.785949
5.310662
5.310021
5.572315
5.725691
5.672002
5.916038
6.194496
6.378450
6.284291
6.009241
5.725742
5.506283
5.131725
4.813683
4.721669
5.009780
5.298108
5.380049
5.244431
4.919843
4.554856
4.212220
3.922472
3.727424
3.676350
3.487617
3.263046
3.169399
2.964052
2.705521
2.455992
2.205803
1.901796
1.520391
1.526264
1.693998
1.865796
2.067719
2.288288
2.483842
2.522640
2.008386
1.361721
1.024127
0.692322
0.492366
0.477750
0.513018
0.573968
0.628297
0.602798
0.530692
0.491302
0.614241
0.768740
0.935623
1.102429
1.277726
1.410003
1.332036
1.097711
0.766012
0.655852
0.602502
0.791646
0.951175
0.957529
0.799599
0.614786
0.444432
0.311372
0.238574
0.161055
0.231459
0.331366
0.456732
0.610894
0.795749
0.995209
1.156070
1.135979
0.584198
0.157950
0.275880
0.438508
0.619892
0.788479
1.034206
1.414211
1.917958
2.527702
3.204398
3.927490
4.618279
4.766436
4.888777
5.720151
5.921228
5.509037
4.730384
3.970882
3.398273
2.847029
2.288801
1.755846
1.213837
0.581002
0.198242
0.350583
0.562192
0.793589
0.900644
0.722219
0.674027
0.836046
1.128954
1.443048
1.407722
1.093121
0.847021
0.062103
0.439128
0.000000
0.000000
0.000000
0.000000
0.000000
0.000000
0.000000
0.000000
