track	type=wiggle_0
fixedStep	chrom=chr	start=1	step=1
0.000000
0.000000
0.000000
0.000000
0.000000
0.000000
0.000000
0.000000
0.000000
0.324886
0.691360
0.951693
1.101630
1.161404
1.123413
0.887201
0.442057
0.220592
0.169020
0.144421
0.182727
0.268759
0.379954
0.479859
0.492638
0.712014
0.929392
1.024188
0.885434
0.656358
0.700834
0.901588
0.650590
0.361919
0.189443
0.222246
0.289937
0.419186
0.642938
0.917093
1.156905
1.197559
1.021162
0.866848
0.754604
0.650946
0.630348
0.604710
0.660961
0.572596
0.432360
0.302352
0.302909
0.332094
0.280934
0.237505
0.208476
0.146301
0.189160
0.354925
0.545004
0.746511
0.899529
0.943897
0.946376
0.925792
0.859467
0.707137
0.377667
0.147451
0.034034
0.007572
0.002623
0.007933
0.010603
0.003921
0.004974
0.003157
0.000000
0.000017
0.120084
0.361613
0.665353
0.933260
1.122477
1.274222
1.307884
1.310523
1.456568
1.593726
1.621913
1.560558
1.500061
1.610985
1.671570
1.754649
1.812863
1.985711
2.129195
2.133240
1.992448
2.075016
2.269902
2.332865
2.292397
2.193113
2.080517
2.077121
2.122765
2.250538
2.460674
2.608547
2.749515
2.773758
2.762399
2.843667
2.789955
2.596481
2.573457
2.940284
3.340291
3.780822
4.255975
4.769720
5.299706
5.812299
6.165425
6.039270
5.595528
5.057696
4.522843
4.024999
3.578510
3.188819
3.185647
3.549194
3.938382
4.350827
4.759546
5.095491
5.216268
5.085815
4.959014
4.749085
4.434196
4.063192
3.690384
3.322731
2.983171
3.212532
3.532722
3.845411
4.105479
4.186712
4.058633
3.807810
3.778099
4.094507
4.486851
4.913370
5.330552
5.689595
5.795610
5.636115
5.254597
4.919823
4.872632
5.101061
5.193027
5.281781
5.524579
5.594260
5.381332
5.110557
5.544605
6.008205
6.328362
6.412217
6.694086
6.911344
6.911200
7.350555
8.070035
8.897718
9.769741
10.518459
10.897802
10.514691
10.217385
9.910737
9.258337
8.534163
7.825736
7.147695
6.546297
6.037196
5.669198
4.899617
4.429001
3.993781
3.589050
3.208875
2.860264
2.550021
2.324375
2.323248
2.239599
2.070032
1.913069
1.870406
1.898692
1.955389
1.992915
2.081485
2.243888
2.312911
2.252234
2.093550
2.000182
2.224755
2.447380
2.639186
2.841198
2.991155
3.239526
3.461977
3.525939
3.486858
3.456220
3.281971
3.021732
2.752046
2.511132
2.710227
2.874964
2.899736
2.883589
2.827589
2.671675
2.497281
2.357707
2.159556
1.953244
1.834243
1.917840
1.927931
1.879865
1.841232
1.726723
1.560711
1.393463
1.240662
1.110512
1.000115
0.918985
0.963033
1.007363
1.023563
0.991226
0.969082
0.906593
0.813295
0.786066
0.779631
0.728729
0.619263
0.512528
0.391889
0.283357
0.238941
0.226173
0.239081
0.235859
0.184823
0.163785
0.265971
0.398258
0.570732
0.786192
1.045987
1.342123
1.651037
1.903433
2.132499
2.435021
2.734971
3.044392
3.417417
4.153248
4.977993
5.843192
6.399813
6.871105
6.812423
6.148261
5.312796
4.510254
3.800786
3.215702
3.608604
4.123835
4.470205
4.514246
4.260616
3.775204
3.296416
2.926283
2.567010
2.203782
1.833880
1.782242
2.048568
2.144623
2.032673
1.772442
1.483247
1.223426
1.027598
0.960735
1.385653
1.969247
1.968829
1.391661
0.919768
0.737069
0.677028
0.558210
0.451967
0.482116
0.455379
0.381769
0.347593
0.429510
0.504767
0.536877
0.557706
0.626469
0.684240
0.814908
0.963225
1.124520
1.257888
1.361067
1.371912
1.266406
1.112403
0.950512
0.794677
0.657343
0.536742
0.430344
0.335385
0.251790
0.181148
0.122575
0.075354
0.039897
0.058512
0.108580
0.169959
0.219447
0.245662
0.256881
0.420131
0.753627
0.801875
0.582885
0.734977
0.853530
0.874553
0.774687
0.618996
0.468364
0.341121
0.235953
0.151885
0.087609
0.041562
0.012965
0.000634
0.000000
0.000000
0.000000
0.000000
0.000000
0.000000
0.002281
0.008793
0.020224
0.031561
0.029928
0.018970
0.015164
0.011009
0.007116
0.000100
0.000000
0.000000
0.000000
0.010895
0.026101
0.006031
0.000000
0.000000
0.000000
0.000000
0.014665
0.101490
0.229427
0.297100
0.317367
0.322711
0.324117
0.319841
0.294687
0.206576
0.047225
0.001103
0.000000
0.000000
0.000000
0.000000
0.000000
0.000000
0.000000
0.000000
0.000000
0.000000
0.000000
0.000000
0.000000
0.000000
0.000000
0.000000
0.000000
0.000000
0.000000
0.000000
0.000000
0.000000
0.000000
0.000000
0.000000
0.000000
0.000000
0.000000
0.000000
0.000000
0.000000
0.000000
0.000000
0.000000
0.000000
0.000000
0.000000
0.000000
0.018227
0.095639
0.250854
0.521172
0.919250
1.154047
1.230279
1.089939
0.731061
0.461293
0.271705
0.161566
0.136421
0.164637
0.253404
0.360497
0.567845
0.811504
0.886247
0.966729
1.226346
1.526348
1.872796
2.268286
2.698392
3.083476
3.302814
3.146256
2.771673
2.336186
1.933208
1.579703
1.273687
1.008171
0.780817
0.600618
0.628327
0.745399
0.812244
0.772470
0.687541
0.539977
0.395566
0.274770
0.178499
0.110597
0.155601
0.187601
0.376741
0.623463
0.875756
0.899007
0.711497
0.600603
0.734060
0.858613
0.893491
0.897142
1.004229
1.148659
1.326265
1.495122
1.566751
1.527438
1.367406
1.193994
1.029711
0.944055
1.093969
1.217598
1.374032
1.552579
1.710347
1.837819
1.829208
1.685550
1.508193
1.317869
1.135810
1.114590
1.289298
1.490231
1.691415
1.858457
1.885278
1.778431
1.644395
1.898277
2.061429
2.043662
1.845290
1.720481
1.462747
1.421872
1.676879
2.055169
2.346421
2.703028
3.103707
3.626689
4.147707
4.380736
4.269390
3.793554
3.630400
4.251082
4.922298
5.622237
6.155070
6.235456
5.760155
5.110056
4.744517
4.354398
5.221394
6.206220
7.776432
8.670315
7.756191
6.099295
5.732213
5.420904
4.823318
4.200060
4.097852
4.693460
5.358528
6.032126
6.529438
6.416382
5.790332
5.002055
4.251482
3.587397
3.392997
3.509358
3.408580
3.261003
3.011600
2.610127
2.076091
1.558899
1.122825
1.211631
1.360356
1.373231
1.242420
1.098760
1.089319
0.972345
0.809830
0.641866
0.502808
0.402315
0.370561
0.319754
0.237157
0.163230
0.153444
0.210551
0.244087
0.224047
0.176593
0.122171
0.078202
0.044106
0.019833
0.005566
0.000290
0.000029
0.000000
0.003120
0.005218
0.004420
0.015231
0.030592
0.043314
0.038105
0.019949
0.005475
0.011750
0.026702
0.041215
0.047871
0.047723
0.064780
0.100508
0.135167
0.167817
0.177494
0.160640
0.121542
0.111610
0.111040
0.154471
0.202832
0.377358
0.629891
0.964285
1.377158
1.809394
1.791855
1.327308
0.902691
0.577384
0.335056
0.167201
0.109876
0.079046
0.054325
0.034197
0.017729
0.012155
0.016190
0.019498
0.024669
0.025883
0.020476
0.012277
0.006296
0.001481
0.003318
0.001468
0.000000
0.000035
0.007554
0.028240
0.044695
0.036112
0.013536
0.004834
0.021543
0.049454
0.088699
0.139654
0.201398
0.285435
0.390306
0.512481
0.638878
0.753969
0.859253
0.875037
0.790095
0.667670
0.543624
0.429463
0.326838
0.237888
0.163761
0.112892
0.083742
0.099227
0.161779
0.199349
0.201096
0.289308
0.412022
0.549588
0.626078
0.607839
0.581854
0.731961
0.917488
1.133385
1.274718
1.255103
1.094709
0.914698
0.708132
0.622668
0.643599
0.572633
0.558979
0.807520
1.078859
1.236414
1.168665
1.439960
1.904433
2.512807
3.080360
3.061043
2.490477
2.030670
1.844264
1.569680
1.749941
2.133824
2.069532
1.512127
1.124300
1.083963
1.084570
1.009776
0.902706
0.790034
0.741140
0.882449
1.044700
1.209267
1.342057
1.382370
1.466290
1.638391
1.723969
1.751042
1.993258
2.250072
2.529255
2.811950
3.072788
3.249546
3.268920
3.135560
2.875163
2.589701
2.333224
2.348347
2.566002
2.713232
2.758973
2.813379
2.863812
3.004799
3.248471
3.534685
3.773598
3.864707
3.827605
4.104930
4.436272
4.661033
4.648151
4.404400
4.040670
3.669040
3.319931
3.021199
2.784587
2.581795
2.716112
2.909031
3.045899
3.308447
3.512177
3.782679
4.059685
4.269770
4.259428
4.048750
4.309289
4.564682
4.781598
4.818170
4.691181
4.458355
4.260958
5.115626
6.099504
7.207963
8.347022
9.278209
9.401916
8.759834
7.662959
6.554177
5.653974
5.224639
5.848944
6.246810
6.021964
5.492155
4.780888
4.065425
3.671700
4.212739
4.818929
5.462153
6.003314
6.209142
6.000853
5.865484
6.338953
6.571317
6.845654
7.109433
7.309705
6.951879
6.368056
6.478903
7.343683
8.218647
8.801890
8.759627
8.091874
7.209711
6.307717
5.505782
5.617641
6.097847
6.598170
7.088335
7.498794
7.580850
7.333344
6.918702
6.443191
5.913789
5.396449
4.922770
4.495512
4.097486
3.714536
3.654703
3.957853
4.230453
4.248761
4.417114
4.329661
4.071880
3.734491
3.418573
3.157021
3.071485
3.015359
2.856626
2.968183
3.067410
3.020936
3.304624
3.561536
3.622605
3.509236
3.279364
3.279716
3.434623
3.433282
3.302092
3.095906
2.884665
2.675220
2.743085
2.671917
2.507150
2.451823
2.424891
2.344276
2.154102
1.951285
1.762937
1.592257
1.434292
1.390464
1.552226
1.693234
1.837991
1.998481
2.155697
2.290759
2.352496
2.286802
2.159243
2.153818
2.236995
2.375521
2.475698
2.598464
2.646880
2.587111
2.414831
2.245612
2.429609
2.613785
2.737036
2.732248
2.604502
2.447200
2.236067
2.104520
1.968837
1.659066
1.503398
1.349013
1.207429
1.080028
1.114158
1.180743
1.176935
1.100408
0.988380
1.058405
1.185627
1.113886
1.008737
1.030342
1.026249
1.013188
1.165049
1.341465
1.537294
1.726020
1.865909
2.212950
2.664816
2.887159
2.982923
2.970786
2.839112
2.485242
1.767161
1.262080
1.074260
0.905038
0.767147
0.641386
0.528245
0.424453
0.332311
0.253278
0.186889
0.128939
0.082753
0.046996
0.020797
0.005050
0.000000
0.000000
0.000000
0.000000
0.000000
0.000000
0.000579
0.006757
0.007243
0.001638
0.000000
0.000000
0.000000
0.001391
0.007685
0.011101
0.013529
0.018012
0.028212
0.087872
0.213031
0.348709
0.374469
0.250020
0.152540
0.066226
0.016545
0.005135
0.004134
0.033968
0.084852
0.108947
0.106258
0.108703
0.126290
0.153910
0.172437
0.204012
0.269559
0.470083
0.758669
1.003631
1.182729
1.265628
1.249864
1.192020
1.100303
1.048408
1.033755
0.965997
0.818367
1.053431
1.236236
1.197637
0.947151
0.667510
0.427734
0.244508
0.116949
0.038907
0.003506
0.000000
0.000000
0.000000
0.000000
0.000000
0.000000
0.000000
0.000000
0.000000
0.000000
0.000000
0.000000
0.000000
0.000000
0.000000
0.000000
0.000000
0.000000
0.000000
0.000000
0.000000
0.000000
0.000000
0.000000
0.000000
0.000000
0.000000
0.000000
0.000000
0.000000
0.000000
0.000000
0.000000
0.000000
0.000000
0.000000
0.000000
0.000000
0.000000
0.000000
0.000000
0.000000
0.000000
0.000000
0.000000
0.000000
0.000000
0.000000
0.000000
0.000000
0.000000
0.000000
0.000000
0.000000
0.000000
0.000000
0.000000
0.000000
0.000000
0.000574
0.035971
0.132564
0.302903
0.566755
0.947483
1.199249
1.321423
1.022002
0.625874
0.382432
0.254769
0.282912
0.254619
0.363754
0.552326
0.763311
0.939273
1.170972
1.242312
1.319897
1.731561
2.165952
2.434860
2.415482
2.249212
1.952628
2.085647
1.998135
1.612952
1.193630
0.824514
0.603187
0.451280
0.383248
0.284817
0.179881
0.148656
0.232595
0.342586
0.442865
0.475213
0.420810
0.313672
0.210723
0.130830
0.071105
0.031002
0.007391
0.010869
0.078847
0.134633
0.156131
0.177120
0.268187
0.366722
0.403308
0.354176
0.272614
0.300037
0.357002
0.427462
0.505412
0.558124
0.560293
0.684124
0.806975
0.886386
0.879300
0.831620
0.860675
0.991021
1.115828
1.181765
1.151619
1.134020
1.147984
1.067564
0.951559
0.826412
0.929956
1.088753
1.197201
1.226181
1.164714
1.078727
1.059453
1.207090
1.460450
1.722002
1.960303
2.068738
1.980955
1.791400
1.681696
1.500946
1.500524
1.479832
1.351797
1.335516
1.491268
1.591336
1.830699
2.107178
2.302742
2.320604
2.130273
1.856845
1.658354
1.621231
1.827731
1.953980
2.008762
2.404089
2.557931
2.437310
2.526780
2.407322
2.050644
1.608684
1.398843
1.276041
1.325087
1.233272
1.089182
1.025120
0.982912
1.257968
1.604267
2.095731
2.742772
3.572044
4.646213
5.220309
4.689121
3.562023
2.676091
2.192743
1.760245
1.936931
1.955193
1.791415
1.810790
1.871126
1.851782
1.837312
2.002503
2.156234
2.083251
1.886044
1.875297
1.870093
1.670556
1.527480
1.475957
1.427902
1.719008
1.928109
1.937446
2.465407
2.766413
2.775267
2.478997
1.837037
1.466331
1.269039
1.015353
0.892451
0.994759
1.002780
1.025220
1.285834
1.733792
2.326093
2.988375
3.618180
3.554184
2.846906
2.184114
1.623522
1.166592
0.840858
0.992742
1.031491
0.897701
0.750409
0.885198
1.109079
1.307036
1.455793
1.380307
1.355104
1.329417
1.118536
0.884055
0.698562
0.524546
0.367631
0.562008
0.948418
1.481218
1.694989
1.559025
1.192546
1.417317
1.764736
2.129159
2.644778
3.626144
4.538079
4.898939
4.986644
4.906542
4.531802
3.603221
2.592859
1.930954
1.403920
1.001589
0.678060
0.430716
0.260950
0.175668
0.094101
0.062376
0.049318
0.072831
0.117169
0.174893
0.188897
0.155563
0.137014
0.165519
0.194901
0.237104
0.291233
0.357000
0.430826
0.499290
0.534702
0.555979
0.578586
0.588230
0.564931
0.512065
0.458665
0.417300
0.380293
0.331139
0.382102
0.411128
0.389314
0.345781
0.333692
0.316006
0.341517
0.367833
0.457692
0.550269
0.649785
0.872801
0.917589
0.778271
0.811796
0.871363
1.041436
1.029744
0.830600
0.722567
0.607008
0.451927
0.353054
0.330769
0.366446
0.362701
0.397980
0.471687
0.555207
0.612775
0.616992
0.549632
0.452956
0.375188
0.506036
0.654687
0.759956
0.774130
0.833062
0.789757
0.719528
0.865918
0.964686
0.881867
0.828519
1.106004
1.480077
1.944514
2.506661
3.172843
3.946472
4.814970
5.613743
5.944689
5.609740
4.812977
3.952775
3.213756
2.626294
2.664742
3.217739
3.782817
4.131911
4.169339
4.073627
3.718135
3.785378
4.334238
4.936634
5.601787
6.314657
6.964738
7.138246
6.852444
6.200150
5.492162
4.835722
4.233659
3.677891
3.167503
2.709025
2.722299
3.318716
3.949461
4.425066
4.416040
3.928613
3.298874
2.715149
2.198383
1.753921
1.395320
1.148702
1.073312
0.926542
0.783113
0.618722
0.499909
0.368509
0.468908
0.533843
0.518346
0.505208
0.605286
0.697398
0.769977
0.751483
0.663456
0.607954
0.706004
0.772243
0.780395
0.716874
0.621211
0.514952
0.414593
0.408763
0.427565
0.420257
0.422559
0.482705
0.508956
0.497857
0.487392
0.498675
0.512902
0.586356
0.615958
0.605953
0.634841
0.736607
0.843653
0.954594
1.062825
1.147557
1.209589
1.238227
1.223218
1.129784
1.005844
0.930451
0.835511
0.732190
0.645239
0.666604
0.626727
0.649801
0.638564
0.672634
0.736507
0.847715
1.204205
1.353015
1.287152
1.314529
1.393542
1.451524
1.429723
1.328278
1.185259
1.043933
0.907175
0.770434
0.633506
0.455759
0.358243
0.402149
0.440849
0.497115
0.536027
0.537048
0.529930
0.477433
0.401588
0.342061
0.311138
0.314046
0.322604
0.324324
0.323652
0.374637
0.429076
0.479537
0.511422
0.584152
0.610964
0.585939
0.527389
0.460608
0.387314
0.337611
0.341181
0.435317
0.564499
0.690187
0.720565
0.662667
0.607765
0.621564
0.741821
0.884040
1.046152
1.229217
1.539957
1.885500
2.227976
2.503419
2.492895
2.208044
1.891972
1.556705
1.226706
0.962471
0.960391
1.065635
1.100163
1.035435
1.041527
1.078662
1.065738
1.221732
1.405475
1.655245
1.965862
2.280298
2.514393
2.556296
2.462771
2.526089
2.393403
2.125668
2.197452
2.239651
2.323531
2.341907
2.525187
2.764672
2.993685
3.084646
3.008512
2.818470
2.855153
3.012544
3.217892
3.436108
3.676441
3.947398
4.263361
4.608120
4.938166
5.131853
5.097960
5.201975
5.088876
4.760219
4.505598
4.848287
5.217164
5.542219
5.742696
5.770700
5.916545
5.792253
5.464334
5.048700
4.655180
4.498372
4.844228
5.169962
5.358617
5.321167
5.380279
5.284801
5.012109
4.615977
4.219994
4.403023
4.810586
5.302944
5.596315
5.520001
5.169701
4.719059
5.075666
5.137653
5.329320
5.811043
6.183041
6.339496
6.068972
6.219766
5.989002
5.809809
5.828089
5.596031
6.394306
7.320172
8.359782
9.276481
9.820619
9.375155
9.103515
8.840870
7.855212
7.455657
8.317111
9.224905
9.935301
10.173100
9.661093
8.968496
8.041199
7.137886
6.327832
5.865312
6.477876
7.098528
7.684294
7.932892
7.706234
7.133471
6.444933
5.771438
5.514874
5.994057
6.277195
6.197195
5.762150
5.372301
5.334564
5.365850
5.294100
5.114061
5.159259
5.399565
5.736146
6.212592
6.605329
6.765096
6.518756
6.084484
5.940021
6.031507
6.512242
6.991701
7.329823
7.370761
7.058243
6.610757
6.137507
5.888714
6.041009
5.938581
5.750307
5.397032
5.046972
5.347633
6.267038
7.217666
7.576259
7.344627
6.821193
6.239002
5.763652
5.454078
5.687413
5.640958
5.353755
4.964355
4.751134
4.370346
4.172299
4.261380
4.179924
3.925988
3.631256
3.351528
3.258341
3.507174
3.707210
3.758029
3.645493
3.415366
3.218450
3.240186
3.130360
2.943690
2.917047
2.864399
2.662894
2.405776
2.136865
2.495299
2.933578
3.328454
3.563736
3.631550
3.362417
2.970326
3.229516
3.723523
4.387221
5.159822
6.045071
7.038993
8.123479
9.212481
10.075554
10.356722
9.683815
8.539893
7.410063
6.491153
5.996303
5.847919
5.273358
4.654498
3.992068
3.370677
2.838974
2.468681
2.202703
1.876211
1.536494
1.408138
1.646475
1.942745
2.243119
2.471676
2.473478
2.220733
1.896425
1.578354
1.340735
1.216862
1.271557
1.225529
1.287823
1.351790
1.408268
1.407861
1.346020
1.235958
1.087280
0.948359
0.808208
0.691851
0.572799
0.551725
0.619155
0.668695
0.641169
0.587121
0.530494
0.814597
1.022200
1.016699
0.811075
0.613979
0.664832
0.678692
0.718373
0.778679
0.770548
0.800804
1.231376
1.763613
2.033459
1.913150
1.504970
1.302454
1.169719
1.368635
1.862181
2.447463
2.719898
2.646291
2.424331
2.143155
2.358708
2.525892
2.652662
2.710493
2.608935
2.564422
2.759109
2.871952
2.869842
2.748882
2.981566
3.229646
3.497838
3.734554
3.862755
3.992620
3.973918
3.815998
3.560381
3.292122
3.036952
2.792841
2.559335
2.317605
2.070635
2.148531
2.297765
2.356621
2.245469
2.092552
1.889903
1.773220
1.699064
1.812489
1.970458
2.126014
2.419621
2.705512
2.875624
2.850127
2.679901
2.455939
2.230465
1.998238
2.233204
2.566607
2.980532
3.430431
3.877101
4.181766
4.243200
4.608148
4.929779
5.632328
6.469429
7.377940
8.379332
9.491094
10.702252
11.893962
12.832489
12.854181
11.908881
10.679298
9.436949
8.318868
8.949063
9.679858
10.351253
10.710730
10.581905
10.146692
9.992352
9.661718
9.757922
9.445241
8.722536
7.987352
7.393490
6.888269
6.246533
6.393681
6.462778
7.051332
7.172361
6.829036
6.059773
5.376194
5.093769
4.930069
5.028273
5.491214
5.705555
5.363063
4.649693
3.963884
3.399431
3.119699
2.968215
3.092227
3.116883
3.257000
3.220688
3.038629
2.749852
2.423865
2.117137
1.992481
2.007010
2.234267
2.800274
3.525419
4.011887
4.192003
3.971649
3.611300
3.218058
2.833135
2.485063
2.305488
2.388975
2.635717
2.867826
2.971846
2.970350
3.058514
3.225367
3.477146
3.756449
4.016842
4.155048
4.112220
4.125902
4.405242
4.664994
4.995631
5.347141
5.704932
6.051607
6.303028
6.562541
6.807092
6.881611
6.696694
6.346089
6.168071
5.897897
5.596602
5.287479
5.246317
5.266697
5.113773
4.971482
4.836985
4.915362
5.333963
5.771862
6.112752
6.538916
6.955194
7.164803
7.035377
6.714662
6.697306
6.578129
6.283387
5.757579
5.232854
5.454046
5.816859
6.115981
6.280359
6.220629
6.101376
5.830346
5.539512
5.535720
5.847952
6.044621
6.059920
5.816454
5.517152
5.218558
5.055532
4.973440
4.725047
4.751510
4.842701
4.862473
4.696038
4.382802
3.940208
3.558100
3.567152
3.536188
3.360809
3.400186
3.388296
3.384059
3.986087
4.804096
5.687307
6.368093
6.377635
5.746861
4.931975
4.299513
4.729015
5.154432
5.562788
5.929775
6.183944
6.175995
5.898960
5.674801
6.162024
6.475632
6.488248
6.188724
5.696998
5.175342
4.682325
4.274316
3.932419
4.316002
4.853178
5.344372
5.535526
5.526031
5.584229
5.328780
4.928702
4.799019
4.609879
4.325123
4.030985
3.701954
3.361752
3.107068
3.102033
3.201574
3.179092
3.100928
3.080765
3.030819
2.825165
3.000580
3.021574
3.238250
3.343606
3.306633
3.154522
2.923789
2.676567
2.440090
2.217368
2.112143
1.951270
1.764271
1.544656
1.532853
1.670544
1.731671
1.758404
1.715582
1.704422
1.441437
1.340336
1.422601
1.552296
1.648534
1.687101
1.804917
1.972256
2.162680
2.311420
2.242084
1.621212
1.343120
1.218299
1.035930
1.070002
1.142287
1.074505
0.779472
0.899959
1.203861
1.388322
1.201517
0.899137
0.601217
0.501304
0.511464
0.578266
0.606615
0.511925
0.549659
0.655521
0.792208
0.951120
1.126204
1.307101
1.440190
1.600351
1.782193
1.984019
2.118870
1.992335
1.407375
1.288611
1.255110
1.237346
1.113278
1.072572
0.753961
0.616974
0.672867
0.802210
0.951090
1.031985
1.170157
1.367954
1.600363
1.846250
2.078766
2.294931
2.555122
2.819227
2.910340
2.744041
2.953506
3.312216
3.731688
4.197284
4.710413
5.233500
5.809142
6.379940
6.884851
7.439973
7.637027
7.254031
7.359616
6.622224
6.148328
6.299027
5.931976
4.458810
3.535129
3.334844
3.740197
4.347128
4.915385
4.930069
5.028273
5.384314
5.238003
3.617028
2.447123
2.415137
2.265266
1.388376
1.121891
0.687789
0.248944
0.166111
0.166845
0.251498
0.701092
0.000000
0.000000
0.000000
0.000000
0.000000
0.000000
0.000000
0.000000
