track	type=wiggle_0
fixedStep	chrom=chr	start=1	step=1
0.000000
0.000000
0.000000
0.000000
0.000000
0.000000
0.000000
0.000000
0.000000
0.000000
0.000000
0.004512
0.040124
0.329685
0.702884
0.909995
0.854107
0.648495
0.698842
0.890018
0.647960
0.368984
0.174339
0.187062
0.318791
0.504016
0.738645
1.019284
1.260208
1.302807
1.130065
0.980222
0.861991
0.684643
0.663459
0.751720
0.804065
0.716682
0.548617
0.405688
0.378913
0.410927
0.362044
0.284120
0.172893
0.126666
0.220325
0.387348
0.573305
0.738437
0.890624
0.934775
0.937101
0.916618
0.850932
0.699768
0.377582
0.151781
0.039481
0.071556
0.126565
0.158315
0.190227
0.168149
0.145377
0.153572
0.102595
0.095308
0.143258
0.150458
0.125791
0.222518
0.425845
0.728744
1.352947
1.681446
1.772738
1.788467
1.772738
1.701432
1.450895
0.930629
0.569036
0.360804
0.201803
0.186040
0.221347
0.223898
0.190310
0.139335
0.131413
0.137164
0.140320
0.113529
0.094057
0.074418
0.093150
0.136645
0.189770
0.221837
0.249508
0.258152
0.227986
0.389764
0.692168
1.142135
1.509879
1.723867
1.770692
1.681419
1.607030
1.886872
2.091609
2.121018
2.041128
1.888594
1.732917
1.595086
1.451407
1.310137
1.251929
1.190415
1.140576
1.073020
1.083882
1.042068
0.997818
1.109993
1.165333
1.148154
1.216494
1.364595
1.520211
1.622632
1.622945
1.544422
1.529119
1.494769
1.422107
1.357008
1.294865
1.635576
1.880986
2.135707
2.265523
2.318985
2.250764
2.161256
2.032345
1.862812
1.750040
1.734174
1.841793
1.988587
2.125174
2.400714
2.716300
3.041719
3.357911
3.627217
3.660452
3.772066
4.080372
4.369299
4.399785
4.164985
3.865793
4.287598
4.809114
5.382250
6.003107
6.680549
7.379964
7.964131
8.294986
7.963854
8.113927
7.878808
7.329860
6.737901
6.151616
5.597684
5.087489
4.622280
4.235746
4.040230
4.126844
4.064791
4.190147
4.512875
4.876170
5.265108
5.672787
6.101594
6.552794
7.030495
7.485420
7.800481
7.899263
7.668789
7.210171
6.724709
6.259667
5.822502
5.429586
5.441073
5.754769
5.962837
5.908340
5.676113
5.857306
6.124338
6.196609
6.042935
5.699985
5.478303
5.607030
5.734507
6.080287
6.451310
6.829462
7.197782
7.495369
7.833355
8.114031
8.213758
8.300920
8.313494
8.162305
7.817738
7.416159
7.014750
6.655781
6.298816
5.938887
5.587872
5.250222
4.926368
4.618873
4.327931
4.187313
4.228234
4.161086
4.184711
4.313854
4.275191
4.158538
4.948071
5.893648
6.977489
8.166283
9.544001
11.212749
13.526125
15.743618
16.605133
16.605129
15.740907
13.496105
11.131769
9.446480
8.034410
6.880447
6.794309
7.580560
7.961235
7.558741
6.911250
7.368413
7.914619
7.919249
7.379050
6.636715
5.987141
5.823797
6.359622
6.976908
7.632354
8.264849
8.775639
8.794868
8.330626
7.677282
6.985942
6.337094
5.748771
5.235255
4.737639
4.263989
3.824955
3.418890
3.045182
2.703961
2.391937
2.129079
2.073357
2.253293
2.431319
2.592244
2.634802
2.511776
2.300992
2.059593
1.819140
1.594364
1.387656
1.198755
1.026151
0.870572
0.756386
0.789943
0.796475
0.799178
0.735146
0.826181
0.922877
1.008170
0.998501
0.905344
0.777782
0.652890
0.539693
0.438336
0.348664
0.270508
0.202750
0.145107
0.097462
0.059824
0.031674
0.012592
0.002441
0.000000
0.000000
0.000000
0.000000
0.000000
0.000000
0.000000
0.000000
0.000000
0.000000
0.000000
0.000000
0.000000
0.000000
0.000000
0.007428
0.047070
0.104961
0.220968
0.433130
0.758240
0.805752
0.583621
0.422490
0.253950
0.173337
0.113348
0.023296
0.000000
0.000000
0.000000
0.000000
0.000000
0.000000
0.000000
0.000000
0.000000
0.000000
0.000000
0.000000
0.000000
0.000000
0.000000
0.000000
0.000000
0.000000
0.000000
0.000000
0.000000
0.000000
0.000000
0.000000
0.000000
0.000000
0.000000
0.000000
0.000000
0.000000
0.000000
0.000000
0.000000
0.000000
0.000000
0.000000
0.000000
0.000000
0.000000
0.000000
0.000000
0.000000
0.000000
0.000000
0.000000
0.000000
0.000000
0.000000
0.000000
0.000000
0.000000
0.000000
0.000000
0.000000
0.000000
0.000000
0.000000
0.000000
0.000000
0.000000
0.000000
0.000000
0.000000
0.000000
0.000000
0.000000
0.000000
0.000000
0.000000
0.000000
0.000000
0.000000
0.000202
0.000103
0.000000
0.000000
0.000000
0.000000
0.000000
0.000000
0.000000
0.000000
0.007484
0.056785
0.160005
0.328580
0.585119
0.974905
1.527927
1.839429
1.848773
1.574851
1.077996
0.759581
0.543111
0.404670
0.317366
0.210064
0.361156
0.572173
0.651140
0.581854
0.381094
0.178610
0.060577
0.006275
0.013335
0.048826
0.083551
0.079853
0.044210
0.010933
0.000000
0.000000
0.000000
0.000000
0.000000
0.000000
0.000000
0.000000
0.000000
0.000000
0.000000
0.000000
0.000000
0.000000
0.000000
0.000000
0.000000
0.000000
0.000000
0.000000
0.000000
0.000000
0.000000
0.000720
0.024700
0.042472
0.025577
0.016839
0.026484
0.051751
0.081674
0.124617
0.158522
0.164637
0.146385
0.126063
0.108639
0.078637
0.076520
0.129660
0.165311
0.188468
0.195228
0.183979
0.193959
0.205547
0.179598
0.207252
0.310431
0.425775
0.540890
0.575213
0.531582
0.437753
0.491512
0.560560
0.574147
0.688365
0.872320
1.117188
1.393872
1.735193
2.141630
2.608601
3.150533
3.751539
4.300647
4.564217
4.368334
3.838170
3.267667
2.820644
2.702158
2.457429
2.886065
3.368243
3.899266
5.061842
5.628669
5.790667
5.790668
5.657643
5.157673
4.020868
3.263306
2.994043
2.583859
2.135016
1.792020
1.619251
1.935633
2.282245
2.726033
3.234432
3.680216
3.796331
3.574922
3.142825
2.758044
2.504022
2.123451
2.065677
2.017993
1.871464
2.379879
2.951023
3.417262
3.432951
3.198508
2.885734
2.448306
2.008096
1.544662
1.140816
0.810830
0.550386
0.349824
0.370142
0.385127
0.428965
0.521343
0.584958
0.569427
0.492865
0.386540
0.294200
0.231867
0.169113
0.123467
0.087774
0.049826
0.022965
0.014143
0.007972
0.001314
0.000000
0.000000
0.000000
0.000000
0.000000
0.000276
0.015762
0.070398
0.156683
0.230401
0.190480
0.115008
0.121906
0.097925
0.062362
0.033292
0.062995
0.135672
0.202464
0.284674
0.348365
0.381490
0.367479
0.307270
0.314043
0.350677
0.356054
0.317578
0.258716
0.198941
0.152226
0.141682
0.212119
0.389029
0.641031
0.970037
1.376706
1.795817
1.777685
1.320187
0.911377
0.591751
0.351500
0.183470
0.084109
0.112425
0.129079
0.139452
0.209978
0.365056
0.527331
0.652810
0.727115
0.691408
0.570902
0.397855
0.224549
0.118890
0.056160
0.045493
0.055647
0.057600
0.080782
0.117154
0.164483
0.201470
0.205436
0.175053
0.131355
0.090095
0.137174
0.201770
0.285239
0.386437
0.499817
0.628828
0.761267
0.882284
0.989919
1.008273
0.920617
0.791239
0.661391
0.536994
0.423400
0.323052
0.236138
0.175167
0.205010
0.249889
0.223810
0.251387
0.251241
0.346652
0.478118
0.626533
0.713865
0.676755
0.629556
0.819238
1.014813
1.245745
1.401128
1.384136
1.214105
1.029682
0.815294
0.729347
0.752756
0.677343
0.650588
0.881627
1.157824
1.317025
1.248567
1.514479
1.982157
2.603633
3.178424
3.160319
2.582610
2.116422
1.937026
1.651754
1.822610
2.215657
2.147350
1.579193
1.187494
0.959127
1.087631
1.081580
0.941882
0.764233
0.593512
0.496895
0.430315
0.514932
0.633644
0.775203
0.924932
1.055547
1.129815
1.139468
1.175798
1.205856
1.176748
1.157680
1.327764
1.485632
1.622163
1.652587
1.596638
1.472636
1.344836
1.401982
1.537715
1.711673
1.881046
1.971286
2.044600
2.165675
2.258809
2.416001
2.568950
2.638687
2.585364
2.780144
3.026616
3.170944
3.141907
2.954105
2.678670
2.405208
2.138566
1.894811
1.690903
1.592057
1.763065
1.970602
2.193685
2.404843
2.587300
2.773448
2.944917
3.022437
2.934227
2.748835
2.540441
2.320794
2.125393
2.471867
3.018138
3.675224
4.441586
5.318966
6.331823
7.483990
8.672464
9.644428
9.784846
9.155549
8.067163
6.915293
6.129019
7.037968
7.940810
8.729170
8.929728
8.555436
7.701651
6.728359
5.827870
5.029994
4.542244
4.067688
3.457543
2.894101
2.798502
2.924130
2.999923
2.974133
2.895348
2.983951
3.038557
2.805053
2.436299
2.352348
2.790220
3.228419
3.501410
3.450788
3.058159
2.593499
2.130609
2.164658
2.440918
2.720198
2.933085
2.996139
2.878756
2.685552
2.423352
2.186989
2.126436
2.035176
1.853330
1.651810
1.474821
1.372318
1.270505
1.193552
1.262130
1.432230
1.572371
1.647644
1.582504
1.460661
1.317693
1.183633
1.059321
1.052626
1.155789
1.330692
1.525067
1.741185
1.966919
2.158033
2.278589
2.207561
2.054917
1.836030
1.615828
1.423627
1.266273
1.126098
1.000516
0.888456
0.780134
0.731195
0.698792
0.724436
0.709974
0.736544
0.722008
0.647350
0.545979
0.453925
0.373661
0.344167
0.430177
0.513234
0.581146
0.640924
0.706351
0.773464
0.839719
0.846207
0.897541
1.008010
1.124310
1.249286
1.357758
1.465556
1.508341
1.473946
1.512915
1.555125
1.511635
1.347006
1.343102
1.426968
1.474209
1.807012
2.153113
2.271208
2.260425
2.116416
1.718152
1.139066
0.767273
0.630042
0.700262
0.648553
0.525846
0.481086
0.687818
0.941516
1.206602
1.339341
1.267167
1.049252
0.808670
0.924101
1.015917
1.015547
0.987638
1.198069
1.325068
1.755851
2.361055
2.845164
3.082903
3.182965
3.163893
3.016283
2.635381
1.873618
1.299179
0.871382
0.551530
0.318824
0.161006
0.134603
0.158430
0.144861
0.114723
0.080278
0.051343
0.031163
0.013829
0.002927
0.000000
0.000000
0.000000
0.000000
0.000000
0.000000
0.000000
0.000000
0.000000
0.000000
0.000000
0.000000
0.000000
0.000000
0.000000
0.000000
0.000000
0.000000
0.000000
0.000000
0.000000
0.000000
0.000000
0.000000
0.000000
0.000000
0.000000
0.000000
0.000000
0.000000
0.002318
0.028797
0.086210
0.172384
0.265434
0.345669
0.438238
0.642247
0.953840
1.289824
1.628954
1.756300
1.579788
1.396650
1.316476
1.213438
1.129452
1.048659
1.024465
1.050602
0.991203
0.847401
1.090254
1.281883
1.240944
0.981854
0.693218
0.447462
0.257734
0.188466
0.110010
0.048673
0.016693
0.002870
0.000000
0.000000
0.000000
0.000000
0.000000
0.000000
0.000000
0.000000
0.000000
0.000000
0.000000
0.000000
0.000000
0.000000
0.000000
0.000000
0.000000
0.000000
0.000000
0.001537
0.047058
0.083679
0.095288
0.098170
0.098473
0.095061
0.079055
0.033365
0.000000
0.000000
0.000000
0.000000
0.000000
0.000000
0.000000
0.000000
0.000000
0.000000
0.000000
0.000000
0.000000
0.000000
0.000000
0.000000
0.000000
0.000000
0.000000
0.000000
0.000000
0.000000
0.000000
0.000000
0.000000
0.000000
0.000000
0.000000
0.000000
0.000589
0.038578
0.144288
0.336514
0.647786
0.918769
1.068008
1.163007
1.584201
1.944462
1.994432
1.739286
1.345586
1.003223
0.748280
1.041067
1.381014
1.692045
1.818748
1.666644
1.406563
1.785778
2.266526
2.731145
2.861851
3.065734
3.656108
4.089300
3.348140
2.512544
1.850832
1.334066
0.921424
0.607060
0.390631
0.243203
0.138649
0.196623
0.229400
0.208748
0.190305
0.127843
0.065230
0.025264
0.015400
0.004942
0.000876
0.000364
0.010473
0.032910
0.071397
0.125694
0.169985
0.240451
0.321943
0.413048
0.518405
0.636814
0.774232
0.912056
0.983803
0.954099
1.020936
1.033450
1.055532
1.164678
1.186177
1.236531
1.363271
1.386743
1.265004
1.106783
0.937270
0.882028
0.788353
0.695583
0.715474
0.771998
0.846011
1.089256
1.366113
1.668525
1.981918
2.284490
2.483392
2.439182
2.264190
2.599773
3.010995
3.359843
3.598200
4.123966
4.619333
4.914698
4.622973
4.133610
3.573849
3.044614
2.598962
2.345366
2.424568
2.291752
2.090612
1.926698
1.847250
1.653595
1.398568
1.146474
0.948304
1.049884
1.364122
1.736463
2.159487
2.394388
2.259843
1.878827
1.493363
1.377340
1.608316
1.722374
1.528676
1.268410
1.167732
1.250428
1.376256
1.435716
1.491528
1.407340
1.255578
1.171779
1.057057
0.939457
0.788062
0.694225
0.774942
0.807059
0.943813
1.081546
1.164776
1.150373
1.044110
1.113141
1.251740
1.382206
1.404696
1.281020
1.116331
0.948229
0.796923
0.656395
0.523330
0.409493
0.460000
0.475560
0.430341
0.475359
0.658142
0.880735
1.091781
1.286407
1.294612
1.104810
0.877664
0.685925
0.605390
0.557459
0.485042
0.531443
0.586526
0.861527
1.148780
1.534443
2.065484
2.709695
3.435140
4.106697
3.978643
3.205895
2.485040
1.869243
1.363376
0.952941
0.629829
0.390965
0.274005
0.442735
0.633157
0.785183
0.935370
0.980935
1.083397
1.391421
1.715284
1.905483
1.863479
1.650441
1.341990
1.058612
0.816375
0.609724
0.753874
0.908886
0.843252
0.985646
1.363792
1.829642
2.391116
3.074448
3.856646
4.751543
5.493758
5.535185
5.140687
4.573133
3.552621
2.670916
2.053571
1.517774
1.086425
0.746784
0.548550
0.416125
0.372938
0.329945
0.285354
0.258591
0.248366
0.274859
0.298628
0.276869
0.241611
0.245282
0.256759
0.239733
0.271462
0.309295
0.330091
0.447512
0.563111
0.594478
0.586504
0.514729
0.416934
0.462211
0.510692
0.497739
0.450923
0.472588
0.821575
1.038213
1.044748
0.850012
0.518424
0.578139
0.694593
0.803553
0.897737
0.980526
1.015734
1.093482
1.333047
1.682674
2.204080
2.794685
3.367415
3.930196
3.919716
3.313819
2.613172
1.975169
1.450293
1.029902
0.743878
0.863642
0.954573
0.973006
0.972927
0.912618
0.782590
0.810365
1.018777
1.277435
1.586901
1.914924
2.164598
2.266866
2.079408
1.780526
1.443182
1.260872
1.485452
1.582662
1.530197
1.733535
1.824169
1.822837
1.811630
2.370302
3.032424
3.803497
4.674985
5.492749
5.829321
5.503138
4.695058
3.822724
3.080146
2.489980
2.452712
2.972571
3.529590
3.879490
3.895709
3.795068
3.421436
2.940486
2.446958
2.549268
2.977649
3.253902
3.270758
3.019371
2.592631
2.160885
1.813458
2.096583
2.275284
2.441210
2.283220
2.132003
1.953243
1.702854
1.666026
1.903202
2.141835
2.160119
2.041506
1.675452
1.270710
0.916472
0.739201
1.206932
1.442808
1.509065
1.524529
1.491699
1.418409
1.204360
0.728457
0.371231
0.170405
0.102911
0.072349
0.093677
0.112029
0.126704
0.113555
0.116294
0.169015
0.206772
0.211904
0.179166
0.137120
0.116726
0.100402
0.137308
0.202102
0.246314
0.239239
0.201719
0.146940
0.096821
0.067238
0.108977
0.154982
0.195648
0.211633
0.205250
0.169519
0.120992
0.078198
0.043547
0.020005
0.007649
0.013877
0.026777
0.034625
0.045589
0.039319
0.028472
0.013667
0.021974
0.068566
0.119263
0.159139
0.262415
0.380765
0.441645
0.389273
0.757634
1.180423
1.322878
1.190820
0.812922
0.509780
0.347384
0.329555
0.280840
0.219616
0.244858
0.377748
0.563083
0.796002
1.078981
1.385398
1.597701
1.599729
1.408096
1.185654
1.005266
1.170657
1.578674
1.999774
2.349100
2.508219
2.352979
1.915421
1.497793
1.131233
0.851615
0.675062
0.575446
0.682981
0.780187
0.696558
0.740642
1.050106
1.199332
1.245167
1.254004
1.239864
1.195212
1.027311
0.668031
0.356629
0.532033
0.751665
0.846023
0.730198
0.493495
0.372609
0.322557
0.471794
0.584418
0.612968
0.618273
0.616359
0.614486
0.607804
0.587600
0.508380
0.339777
0.359363
0.441694
0.493668
0.605370
0.694127
0.744548
0.832728
0.904554
1.014693
1.150705
1.328872
1.541688
1.734731
1.876257
1.941735
1.927128
2.101047
2.287066
2.443975
2.604747
2.619212
2.480186
2.262990
2.218455
2.109460
2.083689
2.124349
2.335948
2.569421
2.745579
2.795276
2.630921
2.449281
2.580565
2.541927
2.425475
2.434035
2.418843
2.577075
2.705752
2.859723
3.157765
3.315716
3.294555
3.158238
3.258296
3.293773
3.655289
4.141857
4.601201
4.902720
4.889280
4.577849
4.148841
3.733061
3.302573
3.379997
3.734697
4.120486
4.499389
4.798859
4.922541
4.692074
4.348139
3.979942
3.917560
3.843138
3.608671
3.362115
3.154013
3.376979
3.489542
3.502530
3.854279
4.189714
4.516644
4.770817
5.045008
5.228725
5.331569
5.429392
5.538776
5.797668
6.071572
6.574786
7.183928
7.949263
8.958769
9.243638
8.972221
7.960496
7.262998
7.528030
7.750710
7.869138
7.669755
7.233397
7.494525
8.104217
8.174133
7.721002
6.858751
6.319828
6.858092
7.529209
8.310959
9.156497
10.017436
10.753674
10.918856
10.502376
9.706259
8.858860
8.813802
9.286589
9.542312
9.271396
8.829979
8.207032
8.067698
8.290147
8.344589
8.140673
7.791441
7.469261
7.764044
7.990924
7.907359
7.611267
7.166166
6.699418
6.363866
6.176151
6.262407
6.606392
6.899942
7.055103
7.497698
7.971755
8.428193
8.827783
9.012177
9.079592
8.802297
8.417570
7.923621
8.061972
8.062454
7.711723
7.273835
6.796360
6.312385
5.850749
5.432368
5.158025
5.207500
5.015816
4.731501
4.561638
4.512629
4.809294
5.020509
5.055836
4.930560
4.809474
4.799982
4.808365
4.637587
4.362303
4.103792
3.835970
3.592822
3.310051
3.014982
2.719551
2.671912
2.686480
2.587452
2.476884
2.572767
2.555462
2.881350
3.100565
3.202582
2.965733
2.605930
2.954570
3.393281
4.054680
4.815547
5.683756
6.659344
7.694101
8.728455
9.603804
9.934241
9.290508
8.180499
7.075981
6.168826
5.646635
5.448316
4.852882
4.172380
3.529570
2.971143
2.573965
2.470757
2.480644
2.327772
1.994427
1.759270
2.078537
2.485307
2.838708
2.941617
2.913103
2.779281
2.503169
2.657245
2.632007
2.569450
2.401376
2.064493
2.105174
2.261822
2.385619
2.525057
2.694871
2.802540
2.779854
2.728445
2.712373
2.897871
2.984859
3.141477
3.276218
3.283082
3.313213
3.311548
3.350097
3.499648
3.535342
3.502392
3.522326
3.672933
3.707836
3.588931
3.428190
3.273178
3.038015
2.800049
2.608055
2.431405
2.542294
2.667881
2.664176
2.544940
2.701838
2.953573
3.165178
3.192644
3.001215
2.728700
2.482559
2.692205
2.929599
3.142081
3.300139
3.393083
3.339567
3.145607
3.295798
3.431206
3.437704
3.611891
3.616810
3.448834
3.212248
3.012684
2.939047
2.893627
2.715153
2.495493
2.258084
2.027797
1.825400
1.898016
2.190980
2.488843
2.708600
2.758512
2.867045
3.052065
3.184644
3.267231
3.170494
2.999640
2.814960
2.663831
2.425478
2.254001
2.198369
2.180463
2.231199
2.361603
2.275398
1.907365
1.594764
1.439879
1.290094
1.449521
1.784031
2.137490
2.485639
2.623613
2.569279
2.699695
3.001776
3.524393
4.475536
5.787688
7.495987
8.600934
8.991355
8.989217
8.636725
8.679296
8.263500
7.554385
6.791847
6.316479
6.176317
6.819256
7.136196
7.104065
8.225880
8.550302
8.220377
7.043419
5.512890
4.327261
4.162724
4.012480
3.564140
3.065035
2.924945
3.038148
2.908963
2.779960
2.448568
2.644794
2.811175
2.893290
3.145813
3.288451
3.229897
2.929853
2.591779
2.457627
2.756965
3.050917
3.359918
3.678040
3.953047
4.104754
4.471539
4.784822
4.813096
4.518911
4.129167
3.709838
3.300065
2.922202
2.581839
2.280841
2.182274
2.378271
2.460245
2.313742
2.056620
1.763901
1.850872
1.899656
1.868461
1.825689
1.691698
1.741673
1.811167
1.882505
1.895590
2.008464
2.142105
2.214203
2.213197
2.280694
2.512616
2.681665
2.675966
2.502740
2.406502
2.495035
2.730053
2.915132
2.954532
2.856693
2.798215
2.878598
3.017815
3.147856
3.179301
3.287533
3.379431
3.293921
3.076541
3.010518
3.229547
3.335649
3.473622
3.695705
3.763461
3.646994
3.583211
3.692442
3.737730
3.654845
3.458091
3.263661
3.257339
3.233349
3.188843
3.366222
3.647225
3.942198
4.114867
4.343258
4.597924
4.706856
4.665968
4.490463
4.212175
3.931783
3.714299
3.805196
3.774208
3.609272
3.436650
3.460156
3.718259
3.810885
3.976444
4.045001
3.820160
3.519417
3.228438
3.080696
2.969414
2.955866
2.963179
3.044391
3.197655
3.419276
3.592991
3.653126
3.551276
3.377442
3.506076
4.241168
4.803579
4.848658
4.346454
3.671719
3.951616
4.022721
4.316776
4.740557
5.100787
5.292259
5.273017
5.033544
4.662009
4.279109
4.031234
4.062725
3.999176
4.239264
4.505940
4.756604
5.129164
5.641600
6.237819
6.741193
6.971426
6.705531
6.129899
5.448003
4.795105
4.204490
3.960076
3.787568
3.512122
3.208767
2.902388
2.780354
3.075223
3.314874
3.467157
3.417922
3.207300
3.095238
2.922602
2.744977
2.617796
2.531123
2.247406
2.030318
1.981396
1.740383
1.889423
1.925993
1.514383
1.340431
1.410877
1.361932
1.306839
1.427279
1.335692
0.832985
0.625022
0.518660
0.541258
0.687300
0.888365
1.116556
1.285850
1.256353
1.078107
0.855414
0.652841
0.492596
0.347017
0.227123
0.274785
0.388754
0.525599
0.684706
0.866585
1.066707
1.262731
1.343133
0.982590
0.860273
1.170609
1.355000
1.167837
0.859654
0.562687
0.351176
0.184502
0.068718
0.009885
0.000000
0.000000
0.000001
0.014687
0.061061
0.143353
0.263451
0.414446
0.557359
0.552530
0.276043
0.091993
0.020364
0.033010
0.094484
0.208922
0.383187
0.625309
0.943140
1.347467
1.847552
2.448107
3.159030
3.998540
4.997030
6.187408
7.587153
8.991355
0.038888
0.000000
0.000000
0.000000
0.000000
0.000000
0.000000
0.000000
0.000000
