track	type=wiggle_0
fixedStep	chrom=chr	start=1	step=1
0.000000
0.000000
0.000000
0.000000
0.000000
0.000000
0.000000
0.000000
0.000000
0.000000
0.000000
0.003339
0.035589
0.310226
0.664276
0.859533
0.802369
0.600661
0.663690
0.847086
0.614413
0.344029
0.154528
0.057356
0.012713
0.004482
0.003587
0.004301
0.010432
0.009000
0.000489
0.000000
0.000284
0.002728
0.017060
0.028942
0.065679
0.203498
0.524714
0.869041
0.997024
0.941793
0.925978
1.005337
0.962141
0.820413
0.634963
0.580647
0.774365
1.030990
1.326981
1.617015
1.806430
1.710569
1.468628
1.214675
0.963762
0.728337
0.536331
0.400609
0.277092
0.201357
0.126633
0.062299
0.028516
0.007471
0.001016
0.000124
0.000210
0.000049
0.000000
0.026216
0.112111
0.310322
0.661116
0.823781
0.868179
0.874788
0.868179
0.837677
0.729505
0.446993
0.236070
0.106403
0.037603
0.001842
0.000000
0.002927
0.014514
0.026378
0.027679
0.017811
0.005864
0.000090
0.000000
0.000000
0.015559
0.026188
0.029399
0.030138
0.030499
0.029859
0.024828
0.009560
0.010506
0.039057
0.072208
0.226068
0.361251
0.406930
0.417697
0.417560
0.414213
0.399522
0.347810
0.186447
0.086142
0.009663
0.000000
0.000000
0.002933
0.019223
0.052104
0.127184
0.244390
0.277381
0.185376
0.091986
0.032543
0.027696
0.019169
0.015326
0.014865
0.016134
0.065470
0.149765
0.291737
0.486615
0.689581
0.783696
0.695195
0.488183
0.292293
0.149566
0.060256
0.082985
0.098423
0.103775
0.103775
0.103775
0.103775
0.104074
0.110942
0.137385
0.121392
0.069066
0.022045
0.009005
0.004575
0.023359
0.055578
0.099830
0.141289
0.149974
0.113561
0.070611
0.118275
0.186406
0.252894
0.274159
0.318706
0.432077
0.578231
0.726058
0.778617
0.726058
0.577856
0.427397
0.299721
0.198062
0.117387
0.059734
0.022515
0.003521
0.000000
0.000000
0.000000
0.000000
0.006251
0.064970
0.216603
0.419725
0.426123
0.234847
0.091225
0.027548
0.058497
0.058497
0.027548
0.002563
0.000000
0.000000
0.000000
0.000000
0.000000
0.000000
0.000000
0.000000
0.000000
0.000000
0.000000
0.000000
0.000000
0.000000
0.000000
0.000000
0.000000
0.000000
0.000000
0.000000
0.000000
0.000000
0.000000
0.000000
0.000000
0.000000
0.000000
0.000000
0.000000
0.000000
0.000000
0.000000
0.000000
0.000000
0.000000
0.000000
0.000000
0.000000
0.000000
0.000000
0.000000
0.000000
0.000000
0.000000
0.000000
0.000000
0.000000
0.000000
0.000000
0.010130
0.052169
0.148864
0.209484
0.230048
0.209484
0.149235
0.053899
0.012811
0.000000
0.000000
0.000000
0.001788
0.012161
0.017785
0.018298
0.017569
0.061945
0.136368
0.224193
0.289436
0.291588
0.263850
0.330529
0.354214
0.483234
0.730896
1.044715
1.433467
1.854749
2.117513
2.113236
1.835769
1.447280
1.109477
0.802512
0.557846
0.363684
0.216776
0.114497
0.055418
0.027218
0.012741
0.000644
0.000000
0.000000
0.000000
0.000364
0.009751
0.031900
0.053004
0.058237
0.086198
0.096088
0.071705
0.041252
0.048368
0.081891
0.126782
0.186120
0.255390
0.332763
0.407858
0.457524
0.523067
0.603863
0.726837
0.844885
0.939862
0.970772
1.067020
1.080281
1.013331
0.898173
0.763956
0.652095
0.717893
1.041290
1.414884
1.716817
1.713223
1.414206
1.047191
0.725288
0.475779
0.504002
0.663344
0.847535
1.063158
1.310458
1.592751
1.910814
2.271424
2.670647
3.074410
3.353507
3.351653
3.064537
2.664663
2.266325
1.906337
1.588997
1.309292
1.075087
0.896374
0.715792
0.548396
0.404731
0.286623
0.204883
0.116340
0.061126
0.023973
0.004230
0.000000
0.000000
0.000000
0.000001
0.007797
0.053234
0.145897
0.254109
0.288402
0.203953
0.120241
0.111426
0.103158
0.099115
0.096925
0.092140
0.074723
0.043150
0.112125
0.200116
0.264171
0.224690
0.126518
0.041450
0.001911
0.000000
0.000000
0.000000
0.000000
0.000000
0.000000
0.000000
0.000000
0.000000
0.000000
0.000000
0.000000
0.000000
0.000000
0.000000
0.000000
0.000000
0.000000
0.000000
0.000000
0.000000
0.000000
0.000000
0.000000
0.000000
0.000000
0.000000
0.000000
0.000000
0.000000
0.000000
0.000000
0.000000
0.000000
0.000000
0.000000
0.000000
0.000000
0.000000
0.000000
0.000000
0.000000
0.000000
0.000000
0.000000
0.000000
0.000000
0.000000
0.000000
0.000000
0.000000
0.015140
0.066339
0.159351
0.305667
0.506756
0.776344
1.123433
1.556577
2.077689
2.688454
3.295164
3.295165
2.698326
2.104259
1.602427
1.231911
1.088988
0.863390
0.607426
0.391403
0.225081
0.108462
0.036167
0.043109
0.068039
0.092295
0.125565
0.165983
0.209599
0.264992
0.324309
0.372372
0.373619
0.326302
0.270587
0.219128
0.183119
0.175539
0.122203
0.068852
0.085771
0.149592
0.222549
0.260040
0.247742
0.187287
0.119318
0.138067
0.236626
0.300891
0.435094
0.656019
0.964979
1.343117
1.742329
1.975173
1.752027
1.363341
0.976928
0.663209
0.642913
0.589989
0.576463
0.716877
0.769425
0.743834
0.687757
0.595906
0.517192
0.516972
0.538257
0.563765
0.642089
0.716421
0.733476
0.861363
1.066446
1.288123
1.485472
1.593873
1.539591
1.405339
1.479026
1.725093
1.969672
2.237886
2.469790
2.521047
2.353059
2.110971
1.868714
1.741015
1.642647
1.887185
2.111998
2.346103
2.795986
3.104868
3.074279
3.062864
2.931029
2.570550
2.188927
1.840558
1.666788
1.918555
2.201425
2.488651
2.635393
2.750563
2.753682
2.644236
2.617171
2.389477
2.113617
1.900632
1.681081
1.740691
2.163199
2.624714
3.018869
3.201735
3.096359
2.796474
2.203324
1.877500
1.629118
1.491467
1.320446
1.239787
1.300616
1.480334
1.720952
1.932774
1.919081
1.663705
1.710309
2.252459
2.823077
3.283386
3.299561
3.063919
2.761122
2.357707
2.142747
2.107015
2.326686
2.498278
2.777059
3.120272
3.478251
3.794187
4.036220
4.049389
3.829615
3.470097
3.087867
2.751796
2.504864
2.446462
2.504408
2.512998
2.516676
2.464075
2.275421
2.020375
1.761935
1.523207
1.310369
1.128906
0.956685
0.797356
0.663831
0.765626
0.816719
0.803734
0.733276
0.637542
0.541810
0.533540
0.576584
0.643708
0.719838
0.810006
0.914150
1.038361
1.177614
1.309969
1.420266
1.440362
1.374377
1.250739
1.095905
0.954638
0.836275
0.717392
0.737013
0.909302
1.265989
1.695366
2.204571
2.801907
3.503790
4.341873
5.297092
6.376310
6.290947
5.152546
4.188636
3.362803
2.656804
2.063280
1.572748
1.166412
0.838549
0.580121
0.489370
0.593135
0.678545
0.728025
0.718727
0.649487
0.561540
0.481363
0.403511
0.331993
0.270313
0.312124
0.415329
0.538599
0.696885
0.840833
0.892788
0.794205
0.650070
0.492674
0.380086
0.483985
0.601176
0.738891
0.900628
1.083447
1.281083
1.499089
1.737271
1.975066
2.186552
2.212519
2.068363
1.866207
1.646178
1.430830
1.229092
1.042231
0.873520
0.745215
0.664397
0.679280
0.624950
0.530444
0.445446
0.411344
0.449418
0.594743
0.680115
0.644016
0.606173
0.785696
0.977096
1.199640
1.347891
1.330343
1.166524
0.984708
0.772931
0.690289
0.712916
0.640725
0.613894
0.851930
1.125825
1.281118
1.210438
1.470226
1.929563
2.534117
3.097907
3.082710
2.514510
2.058078
1.879457
1.600403
1.772741
2.156176
2.088362
1.530236
1.146350
0.787479
0.500925
0.299278
0.254725
0.315189
0.377819
0.436608
0.493402
0.515900
0.521105
0.521375
0.467442
0.393268
0.315760
0.243959
0.277976
0.370898
0.443075
0.487645
0.471803
0.398641
0.321986
0.232403
0.143131
0.064517
0.037340
0.045673
0.042699
0.041621
0.041362
0.071401
0.111150
0.159236
0.218938
0.291329
0.373949
0.456879
0.520207
0.526508
0.473436
0.395159
0.318432
0.263889
0.276787
0.299148
0.306526
0.316781
0.323172
0.393063
0.427243
0.469285
0.522451
0.522518
0.464526
0.408664
0.409841
0.444123
0.429696
0.411688
0.455722
0.435738
0.447443
0.522114
0.518779
0.442566
0.347615
0.475991
0.722975
1.043418
1.387349
1.657709
1.614787
1.304582
0.952766
0.651906
0.527934
0.483610
0.406603
0.334806
0.272046
0.276754
0.351099
0.506754
0.758261
0.801681
0.727775
0.669939
0.802281
0.979772
1.065400
1.013154
0.836841
0.641127
0.660314
0.844995
0.969237
0.995163
0.936271
0.876807
0.814264
1.078832
1.482597
1.953495
2.384304
2.598673
2.473184
2.093162
1.710589
1.655576
1.881675
2.083409
2.233954
2.281469
2.190387
2.033542
1.915449
1.954709
2.030156
2.203165
2.477118
2.782677
3.088725
3.382102
3.514748
3.504791
3.362189
3.103395
3.055817
2.969157
2.740138
2.526366
2.377738
2.168746
2.098294
2.227798
2.288427
2.202966
2.042197
1.838612
1.768241
1.872010
1.908710
1.814934
1.685960
1.599454
1.790592
1.957344
2.033352
2.014834
2.423299
2.912519
3.119666
3.213588
3.111446
2.739102
2.108709
1.861833
2.087230
2.290360
2.418851
2.344001
2.180008
1.959408
1.705128
1.454940
1.228852
1.033355
0.941491
0.943148
0.882676
0.766434
0.695960
0.697337
0.629630
0.511188
0.395044
0.388159
0.411875
0.472189
0.557098
0.699818
0.830685
0.868235
0.798872
0.995570
1.311632
1.419507
1.413820
1.305506
1.011721
0.602374
0.331973
0.323111
0.374113
0.405325
0.424208
0.439638
0.452130
0.418716
0.504640
0.710984
0.906598
1.043352
1.004821
1.036354
0.928745
0.733308
0.638786
0.928643
1.264465
1.584371
2.027510
2.791231
3.418162
4.232118
5.217150
5.790910
5.894199
5.327759
4.039481
3.081215
2.348567
1.765798
1.289061
0.909816
0.607070
0.379135
0.231905
0.202399
0.190101
0.116779
0.051114
0.011771
0.000000
0.000000
0.000000
0.000000
0.000000
0.000000
0.000000
0.000000
0.000000
0.000000
0.000077
0.008096
0.028654
0.066925
0.119568
0.156262
0.141285
0.100208
0.055674
0.022637
0.013954
0.041705
0.081267
0.100213
0.104874
0.143511
0.173114
0.162293
0.120378
0.073421
0.064018
0.143754
0.259816
0.422237
0.644249
0.926894
1.272800
1.703357
2.215770
2.752999
3.116793
3.137002
2.782436
2.243118
1.723520
1.288681
0.960437
0.783376
0.857094
0.894394
0.966544
0.981228
0.823524
0.621506
0.425382
0.259519
0.169887
0.095295
0.039063
0.011605
0.000545
0.000000
0.000000
0.000000
0.000000
0.001090
0.049110
0.111067
0.140558
0.157208
0.175230
0.196812
0.206638
0.160766
0.059631
0.005314
0.000000
0.000000
0.000000
0.000000
0.000000
0.000000
0.000000
0.000000
0.000000
0.000000
0.000000
0.000000
0.000000
0.000000
0.000000
0.000000
0.000000
0.000000
0.000000
0.000000
0.000000
0.000000
0.000000
0.000000
0.000000
0.000000
0.000000
0.000000
0.000000
0.000000
0.000000
0.000000
0.000000
0.000000
0.000000
0.000000
0.000000
0.000000
0.000000
0.000000
0.000000
0.000000
0.000000
0.000000
0.000000
0.008630
0.072057
0.208943
0.441214
0.793638
0.972747
1.043178
1.033884
0.934875
0.667209
0.341441
0.160067
0.153492
0.244851
0.401818
0.551558
0.670391
0.811986
0.935304
1.071732
1.386649
1.816750
2.261792
2.505699
2.346302
1.948656
1.573021
1.664340
1.429036
0.911491
0.793987
0.869176
0.843943
1.049524
1.282048
1.447687
1.510432
1.470883
1.522629
1.527476
1.490081
1.341710
1.010837
0.674295
0.635693
0.782457
0.827171
0.833277
0.790405
0.981083
1.284843
1.612647
1.878918
1.879025
1.603196
1.265780
0.943934
1.148368
1.495879
1.882688
2.245015
2.227978
1.843772
1.748200
1.804787
1.758683
1.648830
1.482242
1.299925
1.426534
1.527557
1.514859
1.370386
1.299716
1.298561
1.291285
1.390013
1.645267
1.880698
2.108300
2.244396
2.215472
2.051110
1.846060
1.640945
1.915782
2.187164
2.469834
2.525348
2.429420
2.254480
1.996216
1.708391
1.438544
1.195782
1.182464
1.460667
1.682234
1.819592
2.172364
2.632050
3.161108
3.695602
4.054979
4.063279
3.717861
3.186861
2.643991
2.156899
1.740571
1.396379
1.167144
1.132374
1.046191
0.985359
1.012232
0.917978
0.819836
0.754491
0.773157
0.849926
0.882254
0.859590
0.929058
1.034485
1.120631
1.168174
1.274838
1.431716
1.481304
1.402688
1.199461
0.983029
0.873147
0.965608
0.990045
0.954974
0.857088
0.743461
0.647878
0.754230
0.879334
1.050131
1.238940
1.362234
1.525271
1.751814
2.013471
2.319167
2.641185
2.883534
2.948204
2.748113
2.544079
2.374776
2.196082
2.340180
2.606858
2.868428
3.096859
3.412289
3.755811
4.060742
4.222529
4.208405
3.968625
3.641815
3.286722
2.936873
2.598112
2.274721
1.985508
2.090350
2.726494
3.469338
4.212545
4.217052
3.460328
2.717310
2.073899
1.539412
1.629430
1.691961
1.656628
1.730104
1.868461
1.892087
2.003793
2.110531
2.136503
2.106191
1.988393
2.050930
2.252338
2.204913
1.973526
1.631595
1.310949
1.037111
0.858262
0.889733
1.013019
0.941939
1.164325
1.573055
2.071961
2.664685
3.380368
4.197010
5.083645
5.888531
5.930242
5.474562
4.871933
3.779918
2.828322
2.156774
1.604351
1.163373
0.823859
0.860119
0.793387
0.673245
0.541392
0.552680
0.595951
0.689094
0.815293
0.794689
0.658415
0.485529
0.587014
0.640049
0.792411
0.981170
1.171839
1.256695
1.212535
1.106128
0.909652
0.791278
0.711546
0.907661
1.128729
1.256872
1.205243
1.002629
0.771929
0.920917
1.152576
1.160866
0.950289
0.597587
0.391861
0.445937
0.585229
0.714233
0.794986
0.993927
1.248670
1.503959
1.875318
2.423404
3.039506
3.656046
4.238233
4.222719
3.595867
2.864093
2.193837
1.638274
1.187515
0.823557
0.546166
0.561216
0.553426
0.490233
0.386742
0.286414
0.209478
0.147729
0.101816
0.067201
0.075680
0.060010
0.045261
0.076372
0.114907
0.153211
0.198434
0.300269
0.415022
0.533529
0.565616
0.511539
0.385724
0.321823
0.420278
0.549996
0.692055
0.815330
0.859822
0.794814
0.644781
0.491229
0.358984
0.248217
0.158750
0.139274
0.193224
0.202918
0.169113
0.102208
0.120709
0.287507
0.441679
0.629582
0.876805
1.063505
1.042166
1.070492
1.303354
1.631086
2.016659
2.157157
1.966060
1.491336
1.045932
0.697360
0.599256
0.825966
1.114802
1.344856
1.327097
1.090238
0.796840
0.662349
0.594521
0.422085
0.425927
0.730870
1.182816
1.383379
1.445217
1.458754
1.454688
1.405185
1.207337
0.743406
0.403498
0.212703
0.080583
0.013301
0.000000
0.000000
0.000000
0.000000
0.000000
0.000000
0.000000
0.000000
0.000000
0.000000
0.000000
0.000000
0.000000
0.000000
0.000000
0.000000
0.000000
0.000000
0.000000
0.000000
0.000000
0.000000
0.000000
0.000000
0.000000
0.000000
0.000000
0.000000
0.000000
0.000000
0.000000
0.000000
0.000000
0.000000
0.000000
0.000000
0.000000
0.000000
0.000000
0.003071
0.021529
0.046062
0.110627
0.196429
0.249620
0.217832
0.124964
0.052744
0.153371
0.316286
0.555997
0.897960
1.393283
2.112054
2.593850
2.758280
2.798197
2.805493
2.768259
2.597322
2.132983
1.457577
1.041407
0.786857
0.533943
0.682635
0.993330
1.364308
1.730027
2.060061
2.453195
2.625681
2.463034
1.984137
1.502150
1.090154
0.755003
0.495522
0.305077
0.171232
0.176160
0.278964
0.362577
0.343934
0.248512
0.143778
0.066697
0.023330
0.020301
0.057704
0.111714
0.166609
0.197360
0.241064
0.229179
0.173903
0.115943
0.090395
0.264452
0.478857
0.589014
0.617258
0.620866
0.618888
0.618164
0.615271
0.600583
0.535713
0.385644
0.300029
0.333372
0.524457
0.784453
1.006414
1.110212
1.007398
0.862428
0.716842
1.042508
1.320209
1.292819
1.030705
0.767964
0.842034
0.927068
0.879305
0.742138
0.623326
0.708690
0.703633
0.807615
0.859080
0.956662
1.048756
1.015377
0.989823
1.132986
1.168464
1.273154
1.430340
1.579959
1.728147
1.857918
1.900686
1.840258
1.655535
1.457175
1.270111
1.339243
1.704882
1.995049
2.060734
1.923586
1.932722
1.995037
2.015393
1.813879
1.975878
2.146274
2.256102
2.342389
2.603830
2.835557
2.912689
2.836943
2.634128
2.770522
2.967237
2.877302
2.603820
2.833302
3.046644
3.257147
3.422837
3.397960
3.216902
2.966931
2.717997
2.800573
3.114161
3.422389
3.672776
3.820660
3.788350
3.576000
3.507788
4.355542
5.123186
5.133081
4.475892
3.967571
3.684683
3.511113
3.767521
4.670466
6.156857
7.053226
7.307935
7.094523
6.301357
5.420082
5.244264
4.930350
4.945018
5.179777
5.217339
5.107824
4.854663
5.190770
5.750068
6.205622
6.327567
6.255198
5.911641
5.469832
5.560699
6.103899
6.606100
7.003131
7.174875
6.892828
6.410823
5.835163
5.273326
4.759878
4.295984
4.273973
4.493806
4.763188
5.032721
5.132007
5.260465
5.569904
5.861862
6.011818
5.913219
5.697263
6.017599
6.215274
6.163052
6.320186
6.509862
6.690664
6.751319
6.680023
6.587090
6.381592
6.035449
6.148271
6.567874
6.884823
6.997701
7.041905
7.080438
6.825333
6.411091
5.900615
5.425842
5.266301
5.391793
5.438198
5.291442
4.956151
4.636992
4.480619
4.572573
4.603955
4.556542
4.317512
4.029084
3.733000
3.459775
3.199382
2.942219
2.689992
2.449100
2.221771
2.264976
2.222653
2.170062
2.082178
2.087692
2.156686
2.356744
2.431209
2.363621
2.130185
1.860461
1.775553
2.070043
2.407132
2.689408
2.788082
2.628936
2.421882
2.112219
1.886331
2.123252
2.216209
2.302744
2.664530
3.139027
3.687427
4.123511
4.312887
4.141168
4.029625
3.897778
3.622921
2.957557
2.247706
2.418502
2.434701
2.875009
3.455114
4.111723
4.644507
4.927478
4.609233
4.149009
3.929343
4.608390
5.277686
5.891271
6.140459
6.022006
5.416460
5.303607
5.559883
5.403694
4.788556
4.098430
3.458037
2.923076
2.598857
2.418150
2.083480
1.773327
1.449702
1.188978
0.972829
1.059248
1.237330
1.352257
1.314349
1.181642
1.054422
1.025022
0.909204
0.759046
0.789238
0.968577
0.982684
0.933763
0.982621
0.941390
0.853474
0.681580
0.494558
0.294106
0.220532
0.188120
0.182562
0.227845
0.283286
0.328659
0.321070
0.278907
0.290314
0.337348
0.332989
0.388844
0.431612
0.419360
0.493049
0.582470
0.664885
0.725177
0.745392
0.703437
0.613957
0.594451
0.573013
0.541403
0.521376
0.448902
0.436560
0.510362
0.557809
0.608864
0.651156
0.644835
0.600896
0.547621
0.465623
0.378002
0.294467
0.222777
0.166852
0.149570
0.155632
0.158699
0.151207
0.112305
0.073880
0.048652
0.057168
0.059025
0.051767
0.056838
0.098600
0.155888
0.196997
0.230394
0.270997
0.252447
0.241809
0.253759
0.247082
0.219946
0.203552
0.180748
0.131099
0.101094
0.097518
0.111846
0.183346
0.251891
0.254428
0.413035
0.615644
0.876361
1.176245
1.536662
1.926633
2.207068
2.224254
2.119310
2.107711
1.955263
2.240630
2.832031
3.493961
3.980148
4.047205
3.924536
3.394047
2.860024
2.318777
2.487729
2.972071
3.398240
3.621585
3.618919
3.426144
3.073693
2.934267
2.981730
2.792840
2.353639
1.908144
1.520624
1.535973
1.743062
1.902193
2.410401
2.971966
3.120171
3.006426
2.517883
1.874288
1.349738
1.527682
1.706087
1.807477
1.929778
2.131053
2.190732
2.057369
1.848340
1.626483
1.435594
1.237530
1.072301
0.913512
0.817418
0.861008
0.835540
0.727272
0.630250
0.694471
0.782628
0.886914
0.968624
0.974925
0.880780
0.760096
0.622998
0.510287
0.528153
0.628215
0.735700
0.827166
0.859176
0.882441
0.858660
0.760756
0.725260
0.640148
0.548440
0.494271
0.545573
0.576923
0.608426
0.651210
0.684614
0.713691
0.747285
0.869569
0.962340
0.940320
0.830956
1.118945
1.490302
1.928888
2.249566
2.543822
2.791281
3.014250
3.127543
3.119519
3.094814
2.963310
2.800626
2.935240
3.104493
3.303368
3.517445
3.729023
3.969052
4.230599
4.437104
4.504432
4.379869
4.197883
3.957269
3.855057
3.892974
3.976497
3.968185
3.899192
3.855495
3.576100
3.518694
3.403706
3.400947
3.647986
4.014261
4.114496
3.996892
3.782418
3.743251
3.940696
3.989964
4.012657
4.048227
4.225888
4.371863
4.485425
4.590672
4.792361
4.967449
4.979480
4.791445
4.569801
4.323660
5.061285
5.642148
5.624652
5.015172
4.841304
5.292037
5.787524
6.320542
6.852615
7.304410
7.563701
7.525155
7.209477
6.757809
6.293832
6.337920
6.404854
6.365802
6.162470
5.865501
5.954004
6.563643
7.204611
7.860680
8.451306
8.674339
8.466732
7.836427
7.098567
6.384944
5.739401
5.206006
4.887130
4.851633
4.638432
4.690305
5.131140
5.529821
5.766675
5.767354
5.569126
5.213564
4.811954
4.407260
4.018765
3.645461
3.281370
2.922400
2.576843
2.277851
2.016556
1.803193
1.690580
1.734381
1.604886
1.475154
1.568739
1.391667
0.943223
0.583862
0.391581
0.470524
0.466536
0.435933
0.395783
0.358705
0.473225
0.630135
0.776299
0.899217
0.964432
0.873343
0.705506
0.565073
0.503596
0.566581
0.782678
1.035622
1.294911
1.479061
1.545275
1.409778
1.149166
0.890061
1.129627
1.304750
1.493104
1.303813
0.980847
0.659688
0.421736
0.234185
0.099928
0.023617
0.000000
0.000000
0.000000
0.000000
0.000000
0.000000
0.000000
0.000000
0.000000
0.000000
0.000000
0.000078
0.000000
0.000000
0.002719
0.018414
0.023016
0.010552
0.000000
0.000000
0.000000
0.037365
0.000000
0.000000
0.022418
0.064361
0.149748
0.320654
0.000000
0.000000
0.000000
0.000000
0.000000
0.000000
0.000000
0.000000
0.000000
