track	type=wiggle_0
fixedStep	chrom=chr	start=1	step=1
0.000000
0.000000
0.000000
0.000000
0.000000
0.000000
0.000000
0.000000
0.000000
0.341874
0.728310
1.003659
1.162914
1.227223
1.188743
0.942660
0.480230
0.249308
0.196608
0.170392
0.217527
0.313823
0.435829
0.543133
0.550483
0.779959
1.005372
1.104924
0.957902
0.719842
0.753184
0.958102
0.699771
0.399487
0.187029
0.074329
0.019000
0.007669
0.006465
0.007471
0.014391
0.012710
0.001225
0.047048
0.198950
0.428000
0.609651
0.750135
0.768374
0.795323
0.960921
1.121400
1.147461
1.037789
0.944236
1.028643
0.983673
0.835733
0.644119
0.597367
0.804027
1.075977
1.389134
1.694270
1.899056
1.798280
1.539268
1.269248
1.002403
0.753503
0.551786
0.411219
0.283234
0.235434
0.333176
0.400927
0.412374
0.411126
0.497303
0.576822
0.594251
1.182617
1.816202
2.286184
2.620522
2.729977
2.725206
2.942052
3.143484
3.247412
3.152106
2.983087
3.115472
3.139176
3.718498
4.042374
4.149107
4.328592
4.611229
4.845862
4.895740
4.742312
4.580965
4.763768
4.816664
4.776786
4.841616
5.011199
5.170633
5.509176
5.895330
6.230766
6.424251
6.442598
6.291266
5.939524
5.523265
5.111422
4.718496
4.352465
4.033062
3.756242
4.235610
4.742486
5.204414
5.606939
5.660969
5.311661
4.843015
4.291833
4.261223
4.533853
4.739708
4.765558
4.570477
4.307015
4.008767
3.863948
4.079447
4.290298
4.483189
4.608986
4.516873
4.283319
4.135154
3.941366
3.792306
3.638372
3.408777
3.150501
2.905879
2.685194
2.505720
2.399674
2.524132
2.560668
2.465520
2.296535
2.201010
2.118994
2.103713
2.038754
1.895306
1.876458
1.860383
2.083012
2.322187
2.523470
2.607429
2.528218
2.331890
2.085755
1.837245
1.606861
1.397130
1.215474
1.316379
1.346179
1.292373
1.183472
1.201503
1.347457
1.496484
1.627855
1.790414
1.986530
2.148545
2.176464
2.166375
2.071720
1.822208
1.589102
1.441849
1.284694
1.395880
1.405795
1.294707
1.144147
1.035347
1.171923
1.287390
1.298330
1.193070
1.119066
1.249608
1.320188
1.414847
1.627199
1.825885
1.905086
1.826519
1.628577
1.422323
1.234639
1.120387
1.452365
1.079211
0.820027
0.762691
0.755961
0.789146
0.694324
0.588612
0.696921
0.792675
0.875626
0.990165
1.074189
1.088100
1.003853
0.870699
0.748702
0.734148
0.773622
0.742870
0.647858
0.548980
0.501742
0.564178
0.585537
0.555590
0.472425
0.386763
0.349739
0.323063
0.268721
0.223271
0.255050
0.272736
0.295122
0.350300
0.356433
0.315492
0.244624
0.226094
0.254871
0.251342
0.270428
0.355676
0.447877
0.529966
0.582774
0.548993
0.468188
0.369911
0.296416
0.220370
0.247004
0.311066
0.349090
0.346457
0.310037
0.310584
0.215938
0.256282
0.269432
0.176062
0.080097
0.049898
0.035146
0.043133
0.039199
0.021211
0.030720
0.071481
0.129806
0.205557
0.304655
0.426729
0.574844
0.731163
0.849235
0.852842
0.753948
0.623809
0.476467
0.346647
0.268613
0.367274
0.455049
0.486470
0.426817
0.338018
0.241939
0.160036
0.100454
0.074773
0.171619
0.286627
0.488242
0.855545
1.326682
1.531183
1.587070
1.587070
1.541141
1.396553
1.088701
1.241735
1.409392
1.331446
1.037404
0.733261
0.487031
0.288890
0.327700
0.445878
0.531928
0.538843
0.468092
0.332954
0.197120
0.096391
0.034797
0.044256
0.049837
0.036767
0.043437
0.143741
0.320614
0.592250
0.769025
0.837850
0.837850
0.764263
0.566198
0.400587
0.519394
0.611561
0.595995
0.489845
0.360259
0.248006
0.274063
0.404828
0.567478
0.756021
0.950254
1.075693
1.033871
0.879981
0.680924
0.499681
0.349285
0.390508
0.417023
0.239173
0.082944
0.014110
0.000000
0.000000
0.000000
0.000000
0.000000
0.000000
0.000000
0.000000
0.000000
0.000000
0.000000
0.000000
0.000000
0.011042
0.037026
0.075209
0.118858
0.127908
0.127525
0.125862
0.123502
0.115096
0.087087
0.037607
0.000711
0.000000
0.000000
0.000000
0.000000
0.000000
0.000000
0.000000
0.000000
0.000000
0.000000
0.000000
0.000000
0.000000
0.000000
0.000000
0.000000
0.000000
0.000000
0.000000
0.000000
0.000000
0.000000
0.000000
0.000000
0.000000
0.000000
0.000000
0.000000
0.000000
0.000000
0.000000
0.005011
0.058183
0.185327
0.423115
0.809538
0.992358
1.043013
1.052959
1.052959
1.052959
1.052959
1.043013
0.998102
0.839252
0.513544
0.269293
0.470015
0.726742
1.011485
1.184913
1.103548
0.890064
0.614762
0.566760
0.767560
0.880217
1.101075
1.219302
1.166020
0.970120
0.769449
0.848132
1.223475
1.691597
2.250650
2.851997
3.246720
3.371397
3.225080
2.738181
2.207490
1.794667
1.400698
1.066810
0.872925
0.700129
0.643186
0.708528
0.632011
0.423077
0.215340
0.134128
0.065510
0.025133
0.005369
0.010910
0.042985
0.084960
0.207191
0.255537
0.202891
0.079626
0.014690
0.000253
0.000000
0.001236
0.002932
0.002905
0.000354
0.000000
0.000000
0.000000
0.000000
0.000908
0.021532
0.064208
0.123663
0.147248
0.193421
0.298743
0.440795
0.524610
0.434701
0.539776
0.657924
0.778025
0.873850
1.016591
1.175951
1.332223
1.442400
1.463826
1.368818
1.214475
1.175440
1.353330
1.507189
1.671010
1.890135
2.109384
2.277215
2.326682
2.203502
2.022469
1.803741
1.590038
1.393581
1.211968
1.060478
1.203737
1.324628
1.382478
1.563326
1.795983
2.029056
2.207081
2.209742
2.066494
2.342948
2.507245
2.495396
2.295586
2.015000
1.738922
1.777301
2.150954
2.560775
2.983608
3.486683
4.000315
4.350304
4.367211
4.059148
3.535157
3.033191
2.626891
2.545969
2.621797
2.639265
2.886791
3.273360
3.503723
4.284275
5.217269
6.292458
7.501619
8.898620
10.976694
12.097188
10.957793
8.810293
7.379436
6.215446
5.413941
5.699002
5.715357
5.798541
6.183641
6.888641
7.143860
6.861497
6.189665
5.387888
4.606507
3.907382
3.293599
2.767608
2.295656
1.915253
1.958994
1.759310
1.435506
1.050366
0.713279
0.449268
0.253339
0.147694
0.094858
0.053566
0.069404
0.086526
0.111505
0.154111
0.181683
0.164655
0.129574
0.190481
0.269845
0.370324
0.485151
0.568442
0.592678
0.540023
0.430061
0.385593
0.443994
0.447862
0.387861
0.357741
0.320076
0.366611
0.370260
0.323293
0.274018
0.235017
0.204553
0.153129
0.170169
0.168794
0.143304
0.104520
0.068825
0.042057
0.022276
0.083978
0.234383
0.539964
0.784697
0.931122
1.093284
1.288324
1.083604
0.930575
0.842152
0.793539
0.766900
0.745827
0.690283
0.565097
0.451051
0.290365
0.176031
0.124426
0.082474
0.057775
0.066356
0.095699
0.114295
0.112266
0.084514
0.056631
0.035538
0.021559
0.009015
0.000965
0.000017
0.000000
0.000000
0.000000
0.000000
0.000000
0.000000
0.000000
0.000000
0.010381
0.068294
0.187954
0.385475
0.746305
1.050177
1.134944
1.052887
0.758131
0.412028
0.249380
0.313764
0.414452
0.517396
0.632110
0.776715
0.950473
1.130441
1.261965
1.284743
1.182567
1.020928
0.858866
0.702538
0.561945
0.438490
0.330659
0.367421
0.493180
0.573854
0.572132
0.597117
0.610764
0.523098
0.519016
0.505777
0.573107
0.541515
0.549831
0.758657
0.989792
1.249759
1.449805
1.481104
1.315582
1.187212
0.953562
0.714550
0.508679
0.339559
0.207902
0.200767
0.268277
0.385653
0.531340
0.616430
0.585605
0.700029
0.974748
1.309577
1.570738
1.540099
1.303945
1.098608
1.059922
0.974739
0.938068
0.839368
0.909594
0.988744
1.097758
1.229717
1.379372
1.544621
1.708124
1.879445
2.046764
2.207349
2.279242
2.252459
2.134271
2.008426
1.886943
1.757028
1.616814
1.482270
1.410077
1.395737
1.322652
1.464558
1.607338
1.731111
1.924263
2.140656
2.368419
2.586342
2.745256
2.834565
2.821546
2.710370
2.564255
2.447166
2.673638
2.915476
3.175463
3.410590
3.546350
3.530604
3.696773
3.924462
4.104640
4.103643
3.913707
3.636284
3.376905
3.295733
3.359220
3.311843
3.502736
3.610986
3.577823
3.705168
3.602623
3.527824
3.774435
4.007902
4.159058
4.156727
4.004380
4.114888
4.365899
4.584443
4.732805
4.890450
4.985186
5.092689
5.420396
6.439902
7.558659
8.583920
8.939987
8.512255
7.520831
6.402436
5.387192
5.314055
5.883018
6.515642
7.218174
7.967111
8.702104
9.359536
10.183680
11.126938
12.196867
13.376352
14.611505
15.698660
16.244518
15.968272
14.917871
13.732857
13.205825
13.015992
12.961156
12.582887
11.997848
11.640536
11.054687
11.681549
12.413234
13.997053
15.429480
16.098654
15.471251
14.073167
12.483848
12.220826
12.585508
12.439883
11.875245
11.267630
10.747497
10.118885
9.560050
8.953773
8.324796
7.714381
7.161242
6.696773
6.699981
7.085317
7.471956
7.704005
7.659560
7.397430
6.967769
6.521332
6.143978
6.426066
6.492272
6.295705
5.971108
5.751639
6.194205
6.660002
7.103417
7.387945
7.411315
7.183822
6.773470
6.337131
6.034005
5.706526
5.385346
5.089217
4.827225
4.571779
4.310647
4.024776
3.720025
3.450348
3.325893
3.150818
2.952658
2.767884
2.618185
2.621405
2.836926
3.053430
3.258804
3.485822
3.684773
3.892155
4.131177
4.367435
4.555085
4.650034
4.535227
4.331227
4.220803
4.414045
4.555039
5.191305
5.668944
5.976965
6.131453
6.113961
5.925364
5.594254
5.198935
4.888484
4.806461
4.782399
4.655611
4.437914
4.161591
3.905289
4.144734
4.435154
4.679489
4.875224
4.896084
4.751855
4.538064
4.276122
4.008657
3.755883
3.499419
3.241338
3.110022
2.973599
2.775490
2.562175
2.224451
2.000180
1.985216
2.287901
2.334167
2.044022
2.469102
2.934231
3.161332
3.261615
3.245289
3.093205
2.698238
1.916731
1.347617
1.069098
0.956192
0.850483
0.762975
0.681478
0.622058
0.536024
0.435653
0.339645
0.255217
0.187183
0.131269
0.085559
0.048209
0.021171
0.005582
0.000595
0.002077
0.000795
0.000000
0.000000
0.000000
0.000000
0.000000
0.000000
0.000000
0.000000
0.000000
0.000000
0.000000
0.000000
0.000000
0.000000
0.000000
0.000000
0.000000
0.000000
0.000000
0.000000
0.000000
0.002141
0.020692
0.052521
0.082041
0.121949
0.200130
0.298803
0.361218
0.321406
0.219187
0.145672
0.160537
0.249515
0.409132
0.535592
0.780048
0.902193
1.197919
1.566365
2.014035
2.529565
3.089570
3.613290
3.877294
3.604678
3.125720
2.566686
2.028126
1.557961
1.165075
0.914193
0.895343
0.819935
0.664252
0.437300
0.176212
0.051899
0.003099
0.000000
0.000000
0.000000
0.000000
0.000000
0.000000
0.000000
0.000000
0.000000
0.000000
0.000000
0.000000
0.000000
0.000000
0.000000
0.000000
0.000000
0.000000
0.000000
0.000000
0.000000
0.000000
0.000000
0.000000
0.001616
0.008926
0.012061
0.013030
0.012965
0.012858
0.012691
0.012916
0.012363
0.008170
0.000059
0.000000
0.000000
0.000000
0.000000
0.000000
0.000000
0.000000
0.000000
0.000000
0.000000
0.000000
0.000000
0.000000
0.000000
0.000000
0.000000
0.000000
0.000000
0.000000
0.000000
0.000000
0.005209
0.059052
0.178127
0.382160
0.705079
0.973008
1.087532
1.080591
0.948857
0.640194
0.364245
0.177759
0.060817
0.048838
0.121901
0.235814
0.378234
0.504948
0.565809
0.485849
0.400903
0.584132
0.814027
1.015693
1.044311
1.012813
1.444021
1.652321
1.437106
0.903015
0.553017
0.313706
0.148538
0.048888
0.005020
0.004782
0.013078
0.008958
0.001068
0.003590
0.020940
0.049242
0.061420
0.046717
0.052525
0.084184
0.084675
0.049449
0.012983
0.000000
0.000000
0.000000
0.011083
0.078726
0.215048
0.371763
0.443912
0.463782
0.727875
1.027169
1.292899
1.285375
1.013561
0.706929
0.446121
0.253042
0.120137
0.039323
0.003802
0.000000
0.000000
0.000000
0.000000
0.000094
0.016839
0.017339
0.000117
0.000000
0.000000
0.000000
0.000000
0.000000
0.000000
0.000000
0.000000
0.000000
0.004891
0.028210
0.058697
0.064802
0.066818
0.106837
0.128876
0.117450
0.074856
0.032862
0.060866
0.073563
0.055675
0.023919
0.010625
0.040029
0.098003
0.163631
0.274626
0.442019
0.660402
0.927037
1.222710
1.522995
1.720963
2.059288
2.588857
3.256866
3.985979
4.623529
5.104789
5.114257
4.631352
3.832840
3.060902
2.399112
1.846976
1.385749
1.008947
0.707852
0.473757
0.303862
0.424963
0.604334
0.760336
0.813240
0.699349
0.542068
0.435765
0.582547
0.768941
0.970131
1.114312
1.227308
1.493526
1.718940
1.822927
1.789271
1.650514
1.413196
1.152738
0.919212
0.724752
0.565562
0.436154
0.314195
0.331930
0.534556
0.802561
1.144185
1.562288
2.053346
2.597425
3.029753
3.048888
2.621214
2.084051
1.596638
1.183841
0.845950
0.574871
0.363079
0.203947
0.092508
0.026343
0.028894
0.038300
0.063505
0.157546
0.200904
0.141708
0.045267
0.004456
0.000013
0.000000
0.000000
0.000000
0.000000
0.000000
0.000000
0.000000
0.000000
0.000000
0.000000
0.000494
0.000000
0.000000
0.000000
0.000000
0.000000
0.000000
0.000000
0.000000
0.000000
0.000000
0.000000
0.000000
0.000000
0.000000
0.000000
0.000000
0.000000
0.000000
0.016122
0.017201
0.000104
0.000000
0.000000
0.001023
0.022220
0.055848
0.049065
0.011189
0.000000
0.000000
0.000000
0.000000
0.000000
0.000000
0.000000
0.000000
0.000000
0.000000
0.000000
0.000000
0.000000
0.000000
0.000000
0.000000
0.000000
0.000000
0.000000
0.002036
0.002512
0.000421
0.001334
0.005209
0.014276
0.051343
0.115276
0.199957
0.327750
0.473944
0.584455
0.602623
0.529257
0.386887
0.246163
0.136145
0.120896
0.284917
0.546040
0.729189
0.881925
1.257613
1.713582
2.218509
2.632845
3.117324
3.621996
3.618366
3.060258
2.407921
1.814616
1.326620
0.934549
0.623375
0.390529
0.242323
0.246999
0.325962
0.321516
0.236248
0.129470
0.129512
0.224125
0.346419
0.494310
0.649199
0.730280
0.725338
0.633583
0.547218
0.678174
0.829159
0.906957
0.799684
0.617540
0.632125
0.617239
0.529323
0.654306
0.814705
0.889166
1.056341
1.378645
1.580951
1.413565
1.158159
0.860918
0.899386
0.945484
0.834677
0.733868
0.948499
1.094891
1.095371
0.959948
0.730250
0.720414
1.064159
1.461085
1.784645
1.907222
1.787258
1.581282
1.407610
1.549854
1.889428
2.041639
2.085455
2.104504
2.099469
2.071594
1.962017
1.739831
1.708888
1.560085
1.228123
1.063695
0.821105
0.576427
0.373339
0.219971
0.168216
0.251079
0.401674
0.509685
0.447848
0.303874
0.186203
0.146234
0.106131
0.045973
0.002733
0.009369
0.015197
0.060142
0.112258
0.121679
0.209445
0.396405
0.678225
1.034554
1.316754
1.014846
0.655304
0.383021
0.204019
0.098469
0.033503
0.026635
0.015475
0.031693
0.060597
0.090254
0.104108
0.098714
0.079760
0.055168
0.041497
0.064230
0.080650
0.069148
0.043128
0.018880
0.013325
0.034974
0.069084
0.108881
0.134385
0.128886
0.097139
0.078520
0.071948
0.079276
0.092703
0.115919
0.123646
0.105266
0.075786
0.059991
0.037814
0.051269
0.068011
0.180299
0.358314
0.612738
0.950941
1.383624
2.043915
2.498137
2.664461
2.700006
2.697023
2.658058
2.492446
2.046062
1.393719
0.994657
0.744689
0.481520
0.280649
0.448271
0.663169
0.932743
1.251079
1.560950
1.742057
1.686970
1.398541
1.693998
2.009308
2.304860
2.451228
2.393062
2.705056
3.159580
3.648996
4.127794
4.585767
5.091574
5.724293
6.156155
6.138338
5.680003
4.998714
4.350743
3.759682
3.219167
2.759326
2.383476
2.026927
1.817852
2.005548
2.067103
1.940522
1.883221
1.925325
1.862604
2.214624
2.643725
3.108580
3.625898
4.075984
4.225371
4.054703
3.618277
3.132042
2.665525
2.243792
2.151620
2.663050
3.272581
3.938330
4.474310
4.557520
4.092175
3.500722
2.849451
2.252936
1.770712
1.382406
1.102974
0.870593
0.899736
1.130683
1.287247
1.287695
1.151604
0.934687
0.742198
0.600144
0.433777
0.323139
0.346947
0.353860
0.253440
0.284574
0.320996
0.380975
0.443143
0.518641
0.591997
0.638850
0.629478
0.707887
0.797037
0.864652
0.888128
0.918097
0.995296
1.113765
1.232700
1.297916
1.246574
1.130577
0.991513
1.047619
1.206586
1.363659
1.466462
1.470621
1.374291
1.260482
1.231992
1.136379
0.987906
0.855144
0.944774
0.989869
1.040027
0.997440
0.892613
0.914580
1.048568
1.081231
1.035134
0.923848
0.792756
0.872601
0.950224
1.011021
0.970352
0.903008
0.792227
0.658393
0.561787
0.779501
1.105434
1.526969
2.147495
2.936185
3.291747
3.389986
3.283615
2.924238
2.142762
2.132283
2.127911
2.177550
1.942241
1.668224
1.566084
1.661003
1.863958
2.083767
2.290572
2.481403
2.629011
2.958845
3.396431
3.862001
4.266890
4.323063
4.088291
3.643328
3.154280
2.827962
3.132905
3.331045
3.289188
3.793299
4.066092
3.666462
2.569410
2.603308
2.872099
3.170926
3.442073
3.561945
3.516577
3.282297
3.002164
2.749640
2.516434
2.288376
2.100292
2.251509
2.317363
2.443410
2.612629
2.707517
2.687660
2.562225
2.729695
3.018756
3.333413
3.713746
4.238707
4.993556
5.828696
6.204556
6.127933
5.790793
5.477820
5.716203
5.911706
6.015627
5.876896
5.894551
6.068277
6.453102
6.835865
7.255398
7.669833
7.832131
7.693520
7.297332
6.863565
6.431846
6.023161
5.977738
6.191623
6.207305
6.004893
5.750810
5.617530
5.375641
5.110370
4.822199
4.485661
4.480663
4.433257
4.287643
4.322192
4.224254
4.243493
4.578650
4.800752
4.871594
4.758392
4.506068
4.213849
3.886201
3.555717
3.258759
3.124381
3.538581
3.843369
4.026957
4.013656
4.105074
4.242634
4.222716
4.112357
3.960361
3.757619
3.504521
3.229984
2.943172
2.932185
3.499926
3.977009
4.232529
3.960772
3.560223
3.084655
3.284679
3.734126
4.141563
4.356704
4.789607
5.394083
5.955739
6.132452
5.775707
5.145115
4.498603
3.959759
3.738429
3.423857
3.095245
3.163161
3.169919
2.905894
2.545889
2.150515
1.832077
1.811750
1.713646
1.507519
1.297332
1.361149
1.372056
1.239385
1.045545
0.848687
1.004891
1.003452
0.784038
0.524877
0.445197
0.523947
0.578443
0.619473
0.636659
0.602839
0.523750
0.483100
0.585030
0.659651
0.635871
0.667474
0.668865
0.852778
1.134537
1.444185
1.547516
1.494533
1.658383
1.832782
2.027295
2.210735
2.400795
2.468376
2.399629
2.184515
2.030315
2.083851
1.999291
1.906042
1.761116
1.574307
1.389400
1.230238
1.106100
1.067641
1.013263
0.992159
0.935194
0.955977
1.083573
1.140092
1.085148
1.214327
1.304886
1.314684
1.188988
1.211691
1.162168
1.039735
0.870054
0.703923
0.649061
0.762379
0.857833
0.942357
1.046968
1.162267
1.272684
1.328664
1.569116
1.909680
2.164452
2.350975
2.431984
2.404451
2.237190
1.949726
1.868571
2.014227
2.099746
2.072721
1.923060
1.743159
1.566177
1.426246
1.550517
1.923670
2.393741
2.847324
3.165779
3.241086
3.608873
4.213911
5.014594
5.950476
6.856370
7.757810
8.413052
8.401636
7.690567
6.597780
5.530432
4.593175
3.780480
3.105859
2.695589
2.362992
2.189178
2.471355
2.531120
2.269932
1.936387
1.684931
1.865219
1.879746
1.673885
1.410090
1.178843
0.991070
0.897145
0.963605
1.140092
1.340543
1.567885
1.810831
2.053290
2.326489
2.617279
2.924315
3.245707
3.569478
3.850824
3.928668
3.782969
3.460661
3.116429
2.806704
2.503401
2.412922
2.852198
3.451038
3.852772
3.867900
3.629077
3.307614
3.096325
3.028235
2.849506
2.840531
2.890309
2.819339
2.791155
2.622146
2.631061
2.821014
3.103475
3.423297
3.762781
4.058500
4.262964
4.218860
3.977683
3.651250
3.336601
3.064109
3.320698
3.605441
3.850075
3.961166
3.955911
3.838304
3.612955
3.571759
3.523380
3.700530
3.834919
3.979927
4.294819
4.612477
4.949206
5.316947
5.679043
6.013522
6.368877
6.586140
6.721328
6.707382
6.501003
6.200360
6.081857
6.450062
6.699495
7.012970
7.396404
7.832736
8.164360
8.234735
7.990446
7.574973
7.146879
6.851217
7.041550
7.012285
6.736443
6.205261
5.567249
5.009379
4.659573
4.369695
4.112666
4.154747
4.105535
3.955246
3.677286
3.852880
3.857269
3.581648
3.212238
3.090147
3.278980
3.280651
3.030956
2.893473
3.035380
3.080115
3.302486
3.536068
3.836269
4.178246
4.545914
4.961476
5.432207
5.853272
6.051334
6.051648
5.981529
5.975130
6.120049
6.306360
6.787254
7.189793
7.349738
7.083869
6.648752
6.127764
5.625839
5.478397
5.466768
5.677643
5.817834
6.193652
6.752496
7.397642
8.127398
8.918221
9.550638
9.840631
9.418413
8.701337
7.929230
7.197246
6.588024
6.197711
6.181438
5.933211
5.860753
6.310666
6.748435
6.997118
7.016977
6.786163
6.383270
5.957078
5.506917
5.066190
4.637566
4.221021
3.815972
3.634405
3.787341
3.794467
3.663903
3.520439
3.355446
3.400941
3.583174
3.775915
3.809578
3.669595
3.386414
3.147153
3.365680
3.495504
3.432837
3.223160
3.025160
3.266479
3.386307
3.470993
3.513474
3.376881
3.116926
2.837437
2.549671
2.287399
2.047424
1.795785
1.506446
1.153849
1.330058
1.405726
1.287537
1.041044
0.796707
1.066764
1.265407
1.445645
1.258405
0.935740
0.621222
0.472373
0.525880
0.491029
0.479014
0.509245
0.464468
0.356613
0.253246
0.196475
0.283801
0.355031
0.434336
0.476742
0.438575
0.339267
0.241681
0.142922
0.074224
0.037080
0.044708
0.037258
0.016246
0.016755
0.022168
0.033432
0.047777
0.072046
0.104814
0.146410
0.154636
0.114740
0.142491
0.259442
0.455471
0.664211
0.732338
0.628018
0.416580
0.305904
0.357275
0.465006
0.621363
0.799915
1.149591
1.596819
2.145247
2.789650
3.505869
4.160682
4.438976
4.889832
4.785502
4.461347
3.780218
3.056307
2.411571
1.908987
1.404504
1.016613
0.709633
0.476994
0.309068
0.074344
0.013758
0.000000
0.000000
0.000000
0.000000
0.000000
0.000000
0.001723
0.008233
0.038883
0.107820
0.151145
0.018158
0.275595
0.749176
0.000000
0.000000
0.000000
0.000000
0.000000
0.000000
0.000000
0.000000
