track	type=wiggle_0
fixedStep	chrom=chr	start=1	step=1
0.000000
0.000000
0.000000
0.000000
0.000000
0.000000
0.000000
0.000000
0.000000
0.000000
0.000000
0.006917
0.042966
0.337949
0.718553
0.928708
0.869672
0.652020
0.737739
0.941397
0.685052
0.388520
0.179618
0.069684
0.016992
0.006386
0.005280
0.006182
0.012318
0.010749
0.000693
0.000000
0.000003
0.001401
0.013674
0.023504
0.058567
0.196124
0.515233
0.860041
0.986429
0.928334
0.911674
0.997411
0.953450
0.805220
0.616472
0.577313
0.780811
1.046586
1.353174
1.652100
1.851157
1.752356
1.499693
1.236273
0.976378
0.732443
0.532524
0.393609
0.268424
0.199593
0.123952
0.069569
0.095365
0.100314
0.134089
0.234947
0.265535
0.259114
0.272496
0.251642
0.240234
0.352546
0.733020
1.280168
1.895739
2.242554
2.257378
2.289002
2.404289
2.403983
2.273904
2.046784
2.177000
2.527891
2.752100
3.233071
3.645679
3.598240
3.743121
3.905093
3.951020
3.915930
3.974836
4.123221
4.266850
4.570010
4.912706
5.210613
5.384028
5.378518
5.242873
4.932668
4.558572
4.189254
3.842674
3.519806
3.237078
2.989798
3.188054
3.613188
4.002246
4.335052
4.381804
4.057812
3.664302
3.293899
3.522680
3.770343
3.953527
3.977059
3.803479
3.564948
3.297134
3.151724
3.345690
3.530776
3.697734
3.814749
3.739270
3.530860
3.422565
3.249712
3.111154
2.973783
2.767091
2.549132
2.357129
2.444508
2.230377
1.894513
2.003280
2.035608
1.952468
1.804994
1.716515
1.597068
1.544558
1.488888
1.432469
1.366664
1.346951
1.496724
1.695314
1.866618
1.933503
1.870635
1.704188
1.500072
1.295805
1.108242
0.938237
0.831327
0.921331
0.944467
0.901687
0.859120
0.818869
0.935135
1.059012
1.168980
1.310908
1.531125
1.770093
2.010415
2.103144
2.010415
1.766867
1.498287
1.249946
1.234627
1.348699
1.358724
1.249540
1.101764
0.994972
1.126921
1.239696
1.250611
1.147621
1.032109
1.008434
1.169158
1.362178
1.568996
1.764343
1.843893
1.764966
1.570381
1.369742
1.188249
1.102025
1.433340
1.061130
0.686024
0.652517
0.730615
0.762968
0.671098
0.556749
0.662777
0.756994
0.837941
0.950412
1.032132
1.045717
0.963628
0.833265
0.713413
0.700103
0.738628
0.708926
0.616485
0.520607
0.474187
0.534819
0.555436
0.526428
0.445829
0.363137
0.294834
0.237206
0.254305
0.305042
0.324849
0.310031
0.275968
0.329033
0.335130
0.346480
0.418106
0.488036
0.531618
0.530377
0.477062
0.398733
0.423040
0.502164
0.553217
0.520296
0.442380
0.348463
0.276558
0.204326
0.142224
0.140971
0.152326
0.221502
0.299895
0.300401
0.207000
0.251241
0.263352
0.169999
0.076531
0.047051
0.032751
0.039635
0.035915
0.013588
0.026344
0.064780
0.121241
0.193783
0.287945
0.406507
0.549267
0.701529
0.816336
0.819711
0.723408
0.596781
0.454769
0.326824
0.223633
0.146119
0.105404
0.130756
0.101249
0.051842
0.025376
0.020414
0.045635
0.069584
0.163784
0.276443
0.474880
0.839579
1.307937
1.510831
1.566307
1.566307
1.520753
1.377539
1.071441
1.212456
1.379785
1.304319
1.015238
0.715294
0.473288
0.275942
0.137870
0.057539
0.028814
0.015995
0.035073
0.039849
0.023710
0.003585
0.000000
0.000000
0.000000
0.000000
0.000335
0.018537
0.041479
0.022896
0.001327
0.000445
0.008636
0.033656
0.077384
0.140032
0.212703
0.269190
0.258724
0.193836
0.119526
0.060946
0.058324
0.121922
0.212232
0.327294
0.454285
0.534621
0.504882
0.406031
0.279693
0.173143
0.177584
0.379319
0.405926
0.231253
0.078678
0.012064
0.000000
0.000000
0.000000
0.000000
0.000000
0.000000
0.000000
0.000000
0.000000
0.000000
0.000000
0.000000
0.000000
0.009190
0.033551
0.070378
0.112920
0.121806
0.121461
0.119857
0.117554
0.109357
0.082112
0.034377
0.000319
0.000000
0.000000
0.000000
0.000000
0.000000
0.000000
0.000000
0.000000
0.000000
0.000000
0.000000
0.000000
0.000000
0.000000
0.000000
0.000000
0.000000
0.000000
0.000000
0.000000
0.000000
0.000000
0.000000
0.000000
0.000000
0.000000
0.000000
0.000000
0.000000
0.000000
0.000000
0.004026
0.054260
0.177676
0.411023
0.792451
0.972778
1.022743
1.032536
1.032536
1.032536
1.032536
1.022744
0.978520
0.822127
0.501281
0.257546
0.453794
0.706651
0.986806
1.160676
1.080146
0.866734
0.595362
0.521602
0.710389
0.792731
0.713837
0.562476
0.453590
0.359416
0.506255
0.786477
1.148892
1.602004
2.143101
2.734600
3.190637
2.967802
2.442169
1.881486
1.411969
1.089320
0.951253
0.720599
0.493552
0.382967
0.603487
0.686350
0.616801
0.411423
0.207068
0.127690
0.061168
0.022479
0.003900
0.002227
0.015610
0.078833
0.200551
0.247975
0.196281
0.074455
0.012241
0.000075
0.000000
0.000712
0.002072
0.002045
0.000105
0.000000
0.000000
0.001048
0.000307
0.001138
0.011352
0.032282
0.064102
0.107774
0.209653
0.408100
0.664014
0.908032
0.878125
0.616189
0.414796
0.510251
0.590010
0.619004
0.649672
0.764948
0.855521
0.862259
0.793383
0.761428
0.822893
0.970718
1.109849
1.215824
1.220381
1.346831
1.522571
1.655449
1.682374
1.570060
1.418081
1.238650
1.063320
0.902553
1.017193
1.158532
1.276659
1.334234
1.507774
1.729011
1.954392
2.132422
2.135037
2.044803
2.318573
2.457507
2.437771
2.259759
1.982369
1.709992
1.728062
2.093898
2.494136
2.913644
3.412565
3.920408
4.264696
4.282498
3.979506
3.459856
2.961354
2.566461
2.481608
2.555674
2.569141
2.814083
3.192315
3.435696
4.232862
5.158568
6.227882
7.430008
8.825764
10.901965
12.018173
10.883049
8.737652
7.308270
6.150619
5.350622
5.619536
5.632374
5.712519
6.086535
6.784000
7.035784
6.756683
6.092387
5.297642
4.524109
3.832424
3.224412
2.705630
2.242750
1.886767
1.929997
1.729927
1.410629
1.029291
0.696038
0.435238
0.248943
0.151265
0.085199
0.046697
0.020120
0.053311
0.093708
0.116741
0.140479
0.151951
0.123777
0.171430
0.252324
0.351918
0.460056
0.533334
0.543961
0.478650
0.370550
0.267748
0.270945
0.257548
0.216418
0.167256
0.137457
0.169343
0.168159
0.190926
0.247922
0.294717
0.300451
0.277773
0.224419
0.167205
0.120668
0.089143
0.067558
0.043299
0.023147
0.075500
0.222546
0.527401
0.770949
0.913347
1.071557
1.263935
1.061119
0.910875
0.824667
0.777700
0.754201
0.734994
0.678908
0.552572
0.436363
0.274004
0.162419
0.109566
0.071032
0.032909
0.000889
0.000927
0.004649
0.004187
0.000785
0.000000
0.000000
0.000000
0.000000
0.000000
0.000000
0.000000
0.000000
0.000000
0.000000
0.000000
0.000000
0.000000
0.000000
0.000000
0.000000
0.000058
0.001279
0.001679
0.001178
0.000419
0.000030
0.003767
0.009753
0.026215
0.056469
0.102874
0.162413
0.231470
0.319222
0.430270
0.547247
0.630712
0.651029
0.590112
0.489050
0.384278
0.289060
0.204921
0.135382
0.081086
0.101315
0.093632
0.060222
0.107483
0.194962
0.336514
0.535142
0.789540
1.064605
1.265214
1.285340
1.173369
1.154825
1.535484
2.062907
2.906985
3.665444
3.969315
4.049650
4.064542
4.069633
4.066903
3.997989
3.710681
3.011342
2.913019
2.653440
2.601826
2.487865
2.345438
2.693775
3.216689
3.186026
3.094136
2.886829
2.455684
1.992262
1.581869
1.238817
0.960755
0.760251
0.612946
0.674011
0.740065
0.831619
0.916912
1.031377
1.159689
1.298325
1.435173
1.567242
1.627218
1.608680
1.507443
1.392914
1.285574
1.170210
1.231152
1.414630
1.520772
1.554802
1.515000
1.421845
1.426827
1.232230
1.137708
1.304755
1.484096
1.656251
1.795400
1.877781
2.032374
2.244573
2.487241
2.740833
2.995550
3.211332
3.309384
3.227608
3.364926
3.338067
3.219382
3.375673
3.422253
3.367224
3.352513
3.577080
3.756692
3.911113
3.929080
3.940868
4.244349
4.447504
4.431566
4.569233
4.765390
5.004284
5.306190
5.636460
5.943263
6.209270
6.381524
6.304955
6.231070
6.452729
6.608874
6.550640
6.291012
5.978265
6.217046
6.385979
7.401480
8.444684
8.804950
8.383472
7.379550
6.398938
6.055861
5.694522
5.757799
6.269258
6.951707
7.671777
8.396844
9.044449
9.853232
10.795081
11.850728
13.023143
14.243824
15.322558
15.855040
15.590164
14.543937
13.403193
12.940549
12.755809
12.732343
12.367439
11.781835
11.434924
11.022859
11.524098
12.393747
13.999676
15.473635
16.142115
15.501635
14.073789
14.472095
15.250553
15.685105
15.489287
14.868276
14.159378
13.552485
12.823109
12.269227
11.586054
10.839128
10.123653
9.467334
8.847600
8.765170
9.087000
9.545511
9.825780
9.780117
9.460567
8.964995
8.490458
7.997115
8.249865
8.327771
8.110479
7.729080
7.335179
7.841924
8.380456
8.895457
9.228559
9.249160
8.983694
8.516287
8.027237
7.717151
7.354010
6.990475
6.684437
6.376777
6.068454
5.752418
5.404767
5.034825
4.716609
4.564868
4.357491
4.118760
3.889541
3.704797
3.607221
3.828029
4.082242
4.324497
4.588475
4.813230
5.052841
5.328774
5.600103
5.818306
5.924468
5.794037
5.557432
5.401192
5.628304
5.789875
6.444186
6.964765
7.308602
7.470294
7.444013
7.242585
6.871459
6.441104
6.152167
6.053198
6.042016
5.900843
5.651858
5.333254
5.108372
5.400546
5.734352
6.010218
6.234842
6.258355
6.099275
5.850329
5.544337
5.229242
4.930059
4.636097
4.333056
4.112288
3.950991
3.721799
3.467686
3.077697
2.834536
2.680604
2.530110
2.397316
2.334901
2.405008
2.863601
3.080489
3.172063
3.159906
3.014875
2.624594
1.849188
1.288169
0.968825
0.863310
0.761804
0.680500
0.605032
0.549884
0.468906
0.375832
0.287793
0.211642
0.151289
0.102771
0.063063
0.032020
0.011112
0.001293
0.000000
0.000257
0.000000
0.000000
0.000000
0.000000
0.000000
0.000000
0.000000
0.000000
0.000000
0.000000
0.000000
0.000000
0.000000
0.000000
0.000000
0.000000
0.000000
0.000000
0.000000
0.000000
0.000000
0.000000
0.000230
0.012307
0.038363
0.063390
0.099139
0.170670
0.261414
0.320565
0.283025
0.188885
0.121080
0.135320
0.221785
0.375715
0.499999
0.737384
0.855984
1.115926
1.471578
1.908616
2.415307
2.966229
3.479818
3.742430
3.472109
3.004218
2.450082
1.921895
1.465742
1.086943
0.869516
0.849007
0.774989
0.622258
0.402716
0.153924
0.040007
0.000768
0.000000
0.000000
0.000000
0.000000
0.000000
0.000000
0.000000
0.000000
0.000000
0.000000
0.000000
0.000000
0.000000
0.000000
0.000000
0.000000
0.000000
0.000000
0.000000
0.000000
0.000000
0.000000
0.000000
0.000000
0.000244
0.005140
0.007535
0.008135
0.008123
0.008088
0.008098
0.008122
0.007368
0.004098
0.000000
0.000000
0.000000
0.000000
0.000000
0.000000
0.000000
0.000000
0.000000
0.000000
0.000000
0.000000
0.000000
0.000000
0.000000
0.000000
0.000000
0.000000
0.000000
0.000000
0.000000
0.000000
0.001867
0.046151
0.156609
0.352482
0.665089
0.925912
1.040696
1.033236
0.906800
0.606040
0.336945
0.157410
0.047968
0.033331
0.096429
0.199878
0.331340
0.449528
0.507067
0.432056
0.356996
0.533215
0.755759
0.959309
0.989779
0.974372
1.407129
1.614262
1.400537
0.867319
0.521908
0.288116
0.129983
0.037785
0.001886
0.001490
0.006652
0.003800
0.000000
0.000770
0.012626
0.035505
0.046060
0.033434
0.038126
0.066122
0.066338
0.035674
0.006597
0.000000
0.000000
0.000000
0.007271
0.069040
0.199790
0.350339
0.420340
0.430238
0.689756
0.984726
1.245210
1.237299
0.966830
0.668306
0.412511
0.228260
0.102517
0.029209
0.001171
0.000000
0.000000
0.000000
0.000000
0.000000
0.012503
0.012710
0.000000
0.000000
0.000000
0.000000
0.000000
0.000000
0.000000
0.000000
0.000000
0.000000
0.001184
0.017331
0.041969
0.047135
0.048967
0.083393
0.102799
0.092704
0.055709
0.021520
0.044745
0.055933
0.040948
0.014796
0.005141
0.028088
0.078305
0.137668
0.241484
0.400441
0.608810
0.865131
1.154022
1.445564
1.640367
1.974569
2.499167
3.169754
3.905907
4.547666
5.022099
5.031305
4.546916
3.741926
2.972266
2.317177
1.772571
1.316256
0.946329
0.656279
0.431736
0.270698
0.379345
0.547452
0.695959
0.745909
0.638164
0.489697
0.382242
0.520414
0.694166
0.885594
1.024455
1.124945
1.377544
1.592180
1.688415
1.657736
1.524889
1.299233
1.054356
0.834711
0.650327
0.500448
0.379702
0.267388
0.299678
0.493412
0.752954
1.088895
1.501298
1.989467
2.534253
2.968894
2.981655
2.550861
2.017220
1.533677
1.125583
0.794745
0.532589
0.329154
0.178403
0.075700
0.019919
0.022225
0.030889
0.053536
0.142242
0.183706
0.126866
0.036343
0.001203
0.000000
0.000000
0.000000
0.000000
0.000000
0.000000
0.000000
0.000000
0.000000
0.000000
0.000000
0.000000
0.000000
0.000000
0.000000
0.000000
0.000000
0.000000
0.000000
0.000000
0.000000
0.000000
0.000000
0.000000
0.000000
0.000000
0.000000
0.000000
0.000000
0.000000
0.010937
0.011686
0.000000
0.000000
0.000000
0.000019
0.015165
0.044168
0.038343
0.005994
0.000000
0.000000
0.000000
0.000000
0.000000
0.000000
0.000000
0.000000
0.000000
0.000000
0.000000
0.000000
0.000000
0.000000
0.000000
0.000000
0.000000
0.000000
0.000000
0.000003
0.000046
0.000000
0.000000
0.001256
0.007820
0.039412
0.097974
0.178207
0.300070
0.440448
0.547674
0.565527
0.492871
0.355178
0.220879
0.117419
0.110466
0.270950
0.531053
0.715977
0.851504
1.226785
1.682237
2.194298
2.619245
3.109285
3.623477
3.607405
3.035969
2.377393
1.781185
1.291327
0.900011
0.592759
0.364771
0.221161
0.221979
0.297365
0.293187
0.211833
0.112142
0.109243
0.196868
0.311443
0.451679
0.601060
0.679120
0.675143
0.586685
0.506884
0.633435
0.781967
0.860849
0.759684
0.584258
0.593729
0.572327
0.486582
0.604560
0.763491
0.836403
1.007170
1.326558
1.533907
1.374681
1.124072
0.828166
0.860844
0.905889
0.797444
0.686235
0.896868
1.036431
1.033554
0.892620
0.681739
0.684445
1.018715
1.406292
1.726536
1.846163
1.725847
1.651229
1.601290
1.497039
1.841451
2.011258
2.067603
2.092917
2.108505
2.135085
2.136489
2.238410
2.692466
2.701147
2.211930
1.801145
1.437216
1.079814
0.776486
0.537157
0.365350
0.369537
0.533970
0.649184
0.583198
0.402020
0.452036
0.418035
0.298397
0.175300
0.085243
0.040399
0.043095
0.051236
0.099657
0.108896
0.194030
0.377730
0.657849
1.015961
1.301414
0.996526
0.637578
0.366306
0.189182
0.108429
0.126391
0.117605
0.095710
0.135575
0.177662
0.225878
0.245421
0.236551
0.205502
0.203322
0.277764
0.359709
0.417798
0.422079
0.363302
0.285807
0.216461
0.261400
0.351205
0.435904
0.491534
0.467549
0.380422
0.408046
0.438770
0.424259
0.360482
0.338758
0.410537
0.480771
0.497383
0.434969
0.352824
0.314759
0.286380
0.225041
0.345762
0.600829
0.942646
1.383900
2.056187
2.515743
2.680927
2.715899
2.713558
2.671615
2.502061
2.051044
1.390876
0.984083
0.730088
0.466599
0.266302
0.426067
0.635934
0.899197
1.215746
1.525168
1.708253
1.653134
1.360396
1.627059
1.941809
2.235313
2.380988
2.325432
2.633305
3.085372
3.570042
4.043240
4.500602
5.007239
5.642943
6.072579
6.051397
5.595716
4.913714
4.265427
3.673526
3.137208
2.683625
2.312172
1.962669
1.751248
1.936015
1.999131
1.875168
1.816451
1.855734
1.801406
2.155258
2.580894
3.045849
3.557711
4.005689
4.153400
3.989839
3.553517
3.065755
2.603711
2.185668
2.115270
2.629294
3.243931
3.920177
4.463915
4.542745
4.070665
3.481399
2.820266
2.219540
1.734471
1.347468
1.073080
0.844528
0.866335
1.094108
1.247777
1.247372
1.112262
0.892320
0.700745
0.562204
0.401439
0.278517
0.339928
0.346407
0.232928
0.270194
0.196537
0.199139
0.239378
0.294349
0.357846
0.406598
0.444646
0.516745
0.599338
0.682855
0.732278
0.764340
0.859429
0.952926
1.089280
1.217783
1.291301
1.241251
1.133702
1.009213
1.036048
1.179664
1.261860
1.260468
1.174218
1.027942
1.039004
0.992188
0.873713
0.827568
0.961122
1.095074
1.161132
1.133156
1.008768
0.870017
0.887903
0.975793
0.935790
0.853668
0.733071
0.825778
0.963863
1.087885
1.137438
1.101271
0.980274
0.829344
0.687180
0.782343
1.118841
1.550574
2.188549
2.992415
3.350411
3.442222
3.330112
2.970004
2.175495
2.008977
1.999808
2.056968
1.811570
1.547463
1.475241
1.613835
1.936329
2.327873
2.639590
2.869214
3.035409
3.151339
3.275890
3.759331
4.256584
4.682582
4.753431
4.503915
4.045049
3.560557
3.693086
4.009196
4.183795
4.014918
3.954788
4.262877
3.869983
2.751423
2.878387
2.929785
3.111796
3.337219
3.514773
3.517485
3.366581
3.310054
3.394598
3.478068
3.542147
3.859103
4.241018
4.459687
4.621891
4.634458
4.573642
4.697591
4.958761
5.242059
5.488205
5.666200
5.641470
5.694709
6.071307
6.175483
6.348789
6.708247
7.072044
7.368808
7.639576
7.789526
7.653239
7.481190
7.839139
8.281075
8.766733
9.291265
9.791018
10.006692
9.897497
9.466486
8.927514
8.371201
7.881113
7.761775
8.019986
8.026124
7.776436
7.469234
7.318656
7.005793
6.689362
6.411646
6.719443
6.858318
6.660009
6.650095
7.015392
7.441778
7.955710
8.435605
8.747000
8.864238
8.692384
8.317315
7.886735
7.404722
6.917975
6.487517
6.141913
5.988412
5.734666
5.446814
5.462614
5.706049
5.772138
5.688158
5.520522
5.324102
5.072213
4.759211
4.419737
4.069991
3.752493
3.530143
3.582941
3.705349
3.818932
3.828492
3.695415
3.381665
3.751307
4.165882
4.452476
4.984691
5.649328
6.226365
6.410419
6.062368
5.464326
4.843504
4.316378
4.110257
3.806527
3.472172
3.641251
3.578466
3.379868
3.140041
2.991763
2.939896
3.149232
3.355145
3.293695
3.176473
2.951354
2.629078
2.302127
2.050742
1.814241
1.743753
1.623003
1.402346
1.524642
1.612891
1.543075
1.360535
1.179261
1.232309
1.307450
1.419947
1.491028
1.566044
1.975981
2.412520
2.792029
2.962873
2.689055
2.257747
1.817582
1.408781
1.174400
1.297900
1.452419
1.624870
1.789722
1.963075
2.026046
1.974714
1.803989
1.778011
1.823139
1.781730
1.652074
1.475605
1.497662
1.575884
1.529449
1.393643
1.229894
1.061070
0.909278
0.802345
0.775618
0.735527
0.805224
0.978209
1.142473
1.247279
1.265555
1.167718
1.256293
1.309004
1.267499
1.116439
0.943379
0.764178
0.713493
0.814642
0.893888
0.974072
1.111450
1.230902
1.299178
1.533474
1.864792
2.115744
2.297521
2.375035
2.342698
2.161232
1.886160
1.792949
1.964052
2.044725
2.019513
1.897732
1.732829
1.552734
1.367423
1.495702
1.908093
2.383168
2.840779
3.161150
3.240614
3.612215
4.233983
5.063308
6.050485
7.003129
7.925325
8.574896
8.555602
7.855367
6.793853
5.753376
4.835495
4.025364
3.345336
2.946537
2.599757
2.475301
2.800343
2.892367
2.639084
2.319880
2.102716
2.361666
2.399791
2.169779
1.869528
1.602958
1.386759
1.442673
1.590801
1.833270
2.102121
2.368606
2.621206
2.865089
3.151638
3.471896
3.808118
4.174428
4.558387
4.913288
5.027057
4.863668
4.491379
4.070036
3.652453
3.264592
2.936533
2.707416
2.729716
2.670278
2.426412
2.126886
1.852395
1.643284
1.612122
1.671524
1.615283
1.465459
1.295331
1.377839
1.467591
1.487993
1.615832
1.832894
2.081252
2.348501
2.579916
2.730299
2.700050
2.506338
2.262244
2.044393
2.021102
2.252584
2.472144
2.702815
2.872789
2.946302
2.871020
2.827583
3.054891
3.279385
3.488842
3.602289
3.544328
3.361123
3.797153
4.254014
4.594419
4.959222
5.335790
5.696368
6.030715
6.293502
6.475012
6.380429
6.140108
5.917202
5.994085
6.194457
6.405745
6.737240
7.124791
7.413117
7.488718
7.265883
6.871995
6.465609
6.183408
6.369636
6.360677
6.156376
5.867571
5.575836
5.466533
5.337119
5.089828
4.691125
4.488742
4.507617
4.419017
4.121043
3.758680
3.357780
3.091173
2.839443
2.816866
2.817131
2.546119
2.355429
2.443341
2.603440
2.664135
2.745434
3.023575
3.349798
3.725619
4.128349
4.800086
5.365032
5.351005
5.494408
5.482733
5.494722
5.814844
6.131242
6.315794
6.225152
6.122384
6.003865
5.674215
5.728437
6.172699
6.572120
6.718631
6.509728
6.473916
6.889843
7.368803
7.995353
8.681613
9.401169
10.056722
10.306713
10.084410
9.372326
8.541531
7.738577
7.014015
6.564418
6.436471
6.926400
7.478589
8.052875
8.643941
9.185303
9.594238
9.657475
9.450186
8.979518
8.504424
7.970966
7.403739
6.828682
6.279084
5.754457
5.268798
4.823670
4.418240
4.044672
3.678201
3.300813
2.896119
3.014468
2.913985
2.601105
2.288357
2.060064
1.799565
1.584421
1.611000
1.515871
1.479670
1.424452
1.430541
1.666165
1.901264
2.101438
2.200749
2.152093
2.098699
1.856436
2.004336
2.139077
2.334930
2.804877
3.277401
3.587899
3.749671
3.503547
3.055983
3.401537
4.035352
4.636636
5.012774
4.607876
3.859945
3.071753
2.378165
1.799296
1.319825
0.929487
0.622667
0.396685
0.239235
0.131856
0.054849
0.010583
0.000000
0.000000
0.000000
0.000000
0.000000
0.000000
0.000000
0.000000
0.000000
0.000000
0.000000
0.000000
0.000000
0.000000
0.000000
0.051606
0.008150
0.059403
0.181896
0.391484
0.700748
1.081978
0.000000
0.000000
0.000000
0.000000
0.000000
0.000000
0.000000
0.000000
0.000000
