track	type=wiggle_0
fixedStep	chrom=chr	start=1	step=1
0.000000
0.000000
0.000000
0.000000
0.000000
0.000000
0.000000
0.000000
0.000000
0.000000
0.000000
0.007402
0.044189
0.344564
0.732286
0.945303
0.886705
0.675110
0.748866
0.950381
0.690101
0.392889
0.183411
0.072870
0.018694
0.007609
0.006397
0.007396
0.014372
0.012672
0.001229
0.000000
0.003978
0.009556
0.030690
0.044934
0.085010
0.212112
0.536878
0.881103
1.008110
0.950329
0.935583
1.020472
0.976277
0.829216
0.638173
0.593979
0.801200
1.068343
1.376809
1.677888
1.878001
1.778477
1.524235
1.258841
0.996760
0.750733
0.549048
0.408664
0.281722
0.209767
0.131994
0.095388
0.146908
0.171928
0.304423
0.474924
0.532092
0.517476
0.533450
0.519543
0.505704
0.524646
0.896670
1.690755
2.445942
2.868858
2.879390
2.958941
3.088431
3.091056
2.940943
2.678737
2.784829
3.188566
3.435591
3.901235
4.379958
4.343774
4.528853
4.710299
4.760889
4.721980
4.787006
4.953569
5.113975
5.451298
5.828233
6.159076
6.351045
6.357113
6.208149
5.866589
5.458111
5.050994
4.661177
4.302404
3.985481
3.713224
4.177428
4.682304
5.138610
5.528137
5.581347
5.236888
4.777212
4.239768
4.223093
4.493588
4.697761
4.723303
4.528935
4.269094
3.974581
3.833091
4.045766
4.254201
4.442917
4.567136
4.476704
4.247797
4.104591
3.916121
3.767076
3.613683
3.387046
3.143035
2.928641
2.771302
2.495316
2.396082
2.517563
2.553130
2.459655
2.294710
2.200917
2.106867
2.091683
2.028616
1.891144
1.872080
1.851181
2.069115
2.303661
2.502083
2.582755
2.506734
2.313284
2.072343
1.827140
1.599010
1.390995
1.210375
1.318481
1.348260
1.294063
1.184819
1.202700
1.345532
1.494930
1.625942
1.787210
1.976658
2.138356
2.166576
2.142645
2.049711
1.805809
1.587080
1.440550
1.285506
1.396415
1.405958
1.294791
1.144628
1.035245
1.169717
1.284445
1.295555
1.190806
1.129915
1.259320
1.327006
1.406224
1.616262
1.811579
1.890506
1.812177
1.617667
1.413909
1.227972
1.115349
1.449101
1.074205
0.831458
0.773840
0.752500
0.785430
0.691330
0.594085
0.704057
0.799459
0.880889
0.993048
1.075930
1.089130
1.006667
0.876385
0.756190
0.741727
0.780522
0.749941
0.656401
0.557352
0.511481
0.574650
0.595990
0.565590
0.481504
0.395512
0.361553
0.334591
0.280068
0.232851
0.265232
0.283377
0.303044
0.357958
0.364305
0.323918
0.252893
0.236129
0.264631
0.261027
0.278189
0.363851
0.454032
0.535524
0.587940
0.555490
0.475623
0.378670
0.304539
0.228325
0.253940
0.317578
0.357019
0.352978
0.307465
0.305414
0.211814
0.253849
0.266831
0.174154
0.078706
0.048812
0.034242
0.043007
0.039072
0.024521
0.032912
0.074896
0.134028
0.208509
0.306166
0.425939
0.571374
0.725527
0.841944
0.845490
0.747994
0.620041
0.475573
0.348082
0.270939
0.369096
0.456922
0.488115
0.428602
0.340067
0.244534
0.163450
0.104276
0.073211
0.168790
0.281243
0.479780
0.850744
1.321959
1.526540
1.582450
1.582450
1.536588
1.392154
1.084650
1.227931
1.397077
1.321351
1.029734
0.729140
0.483512
0.286560
0.323233
0.441583
0.526705
0.535523
0.466325
0.331576
0.196575
0.096576
0.035364
0.005592
0.011094
0.006281
0.042503
0.140728
0.315983
0.586648
0.764410
0.833532
0.833532
0.759614
0.560536
0.260292
0.182482
0.234857
0.224312
0.164760
0.096852
0.045567
0.041915
0.095682
0.176586
0.282430
0.399390
0.478284
0.450145
0.352636
0.236567
0.139879
0.182913
0.386534
0.413587
0.236737
0.080970
0.010478
0.000000
0.000000
0.000000
0.000000
0.000000
0.000000
0.000000
0.000000
0.000000
0.000000
0.000000
0.000000
0.000000
0.000809
0.001901
0.000000
0.000000
0.000000
0.000000
0.000000
0.000000
0.000000
0.000000
0.000000
0.000000
0.000000
0.000000
0.000000
0.000000
0.000000
0.000000
0.000000
0.000000
0.000000
0.000000
0.000000
0.000000
0.000000
0.000000
0.000000
0.000000
0.000000
0.000000
0.000000
0.000000
0.000000
0.000000
0.000000
0.000000
0.000000
0.000000
0.000000
0.000000
0.000000
0.000000
0.000000
0.004922
0.057356
0.181567
0.415539
0.798170
0.979696
1.030001
1.039884
1.039884
1.039884
1.039884
1.030001
0.979696
0.792644
0.405355
0.267103
0.466503
0.721006
1.003159
1.173183
1.091594
0.881803
0.610642
0.572997
0.800068
1.067926
1.347541
1.570673
1.560016
1.346738
1.122545
1.030414
1.250674
1.675498
2.186861
2.784478
3.396806
3.863993
3.811210
3.274291
2.676874
2.205673
1.757520
1.392895
1.227693
1.012015
1.241988
1.720575
2.247272
2.332209
1.850404
1.334990
0.930987
1.096454
1.353059
1.514616
1.509722
1.343637
1.107244
0.866661
0.655200
0.477235
0.332900
0.216891
0.129381
0.070568
0.112419
0.171453
0.215150
0.203200
0.147971
0.085403
0.037945
0.025438
0.053974
0.093369
0.144382
0.206552
0.280652
0.418665
0.675674
0.921727
0.896981
0.645820
0.595981
0.712739
0.828640
0.924502
1.072352
1.218054
1.327345
1.346896
1.250873
1.106140
1.058733
1.216741
1.342162
1.536216
1.741677
1.942108
2.076963
2.095862
1.978740
1.782626
1.574737
1.398770
1.250154
1.100037
1.005752
0.880088
0.925939
0.969808
1.113641
1.302727
1.491935
1.638761
1.641113
1.570783
1.798152
1.899099
1.881933
1.746311
1.516766
1.437197
1.762051
2.128689
2.529109
2.949385
3.450768
3.960230
4.305763
4.322467
4.016934
3.496450
2.996378
2.597014
2.519092
2.593682
2.612394
2.855230
3.237201
3.462717
4.254486
5.182387
6.262800
7.473808
8.870141
10.945731
12.066927
10.926677
8.781342
7.351601
6.186081
5.377281
5.656290
5.669757
5.751370
6.125746
6.826349
7.081211
6.801211
6.131657
5.340096
4.565812
3.871634
3.260867
2.739380
2.273554
1.906304
1.951222
1.749326
1.427352
1.044277
0.708365
0.445217
0.261962
0.161545
0.087344
0.036721
0.025383
0.062168
0.104896
0.129158
0.154560
0.166312
0.136615
0.085538
0.044894
0.063242
0.091197
0.093864
0.070218
0.053437
0.086589
0.131196
0.164462
0.167024
0.133896
0.111263
0.089066
0.115075
0.119734
0.090306
0.090697
0.120549
0.129259
0.116309
0.089357
0.054210
0.027614
0.013880
0.008710
0.004992
0.006966
0.065737
0.218109
0.517717
0.749900
0.895876
1.068192
1.269642
1.067606
0.916578
0.831195
0.781569
0.753085
0.724673
0.658005
0.533634
0.425130
0.265772
0.154514
0.104715
0.066205
0.028870
0.013787
0.033313
0.049619
0.049506
0.035078
0.017917
0.006553
0.000648
0.000000
0.000000
0.000000
0.000000
0.000000
0.000000
0.000000
0.000000
0.000000
0.000000
0.000000
0.000000
0.000000
0.000000
0.000000
0.000000
0.000000
0.003018
0.017781
0.045328
0.084278
0.135160
0.200781
0.283786
0.382043
0.489439
0.617550
0.770630
0.929606
1.043528
1.065831
0.974793
0.830986
0.687121
0.553916
0.433442
0.326984
0.236078
0.169050
0.129434
0.128654
0.100405
0.183779
0.322632
0.517789
0.766210
1.039543
1.236734
1.254825
1.147072
1.134136
1.512285
2.036342
2.873897
3.627473
3.929570
4.009502
4.024322
4.029385
4.026841
3.959025
3.675494
2.980603
2.881608
2.624328
2.571111
2.457833
2.316150
2.664808
3.186666
3.159205
3.046121
2.844868
2.415524
1.956303
1.548250
1.208949
0.934115
0.745132
0.825347
0.893661
0.969443
1.074011
1.171805
1.301816
1.446954
1.602952
1.755463
1.901592
1.966133
1.939031
1.825272
1.698212
1.578932
1.440582
1.313469
1.201629
1.171159
1.146636
1.077397
1.016001
1.027321
0.947922
1.083621
1.243792
1.417195
1.586130
1.721519
1.801046
1.954343
2.163436
2.401949
2.653086
2.899715
3.111690
3.214168
3.132087
3.266568
3.236753
3.124099
3.280211
3.329465
3.271233
3.265586
3.479038
3.656727
3.805388
3.819968
3.701529
3.552655
3.419543
3.391017
3.306554
3.300201
3.495375
3.738026
4.006341
4.254127
4.470744
4.619213
4.555518
4.476645
4.657047
4.788203
4.737827
4.526588
4.336415
5.207524
6.217187
7.326464
8.360305
8.723795
8.305608
7.307800
6.189250
5.171657
4.997129
5.543572
6.154687
6.834119
7.553270
8.268063
8.909943
9.709187
10.630742
11.682538
12.838400
14.053525
15.121348
15.651759
15.399638
14.371286
13.234815
12.788118
12.609644
12.612600
12.298365
11.781152
11.467642
10.932519
11.582145
12.447190
14.053061
15.525632
16.187735
15.540201
14.108746
12.491776
11.835920
12.188902
12.042240
11.491529
10.905571
10.399891
9.791035
9.255752
8.665324
8.050705
7.453830
6.915937
6.456113
6.455653
6.818890
7.195340
7.423129
7.380448
7.120655
6.700512
6.260761
5.894411
6.160455
6.227427
6.039911
5.726800
5.496432
5.924802
6.384858
6.816660
7.100448
7.119470
6.896131
6.495599
6.068533
5.776704
5.457257
5.152347
4.868919
4.616673
4.367801
4.116057
3.840195
3.543069
3.281564
3.160227
2.992933
2.802484
2.623924
2.479853
2.470410
2.676892
2.884835
3.084127
3.302193
3.490737
3.691210
3.919553
4.145418
4.328887
4.422333
4.308867
4.115340
4.005008
4.192751
4.914071
5.599503
6.142204
6.463504
6.647342
6.638663
6.455726
6.107838
5.701691
5.403030
5.325166
5.298683
5.171464
4.940319
4.647503
4.376598
4.621686
4.945612
5.229818
5.444488
5.468440
5.317611
5.090137
4.806580
4.516073
4.244137
3.974297
3.696947
3.520453
3.373341
3.165207
2.930002
2.574236
2.345309
2.212991
2.217474
2.263081
1.972965
2.420183
2.881754
3.105374
3.200353
3.190129
3.043409
2.649192
1.866999
1.299814
1.066855
0.954062
0.831517
0.718215
0.627430
0.556056
0.469332
0.375021
0.286796
0.210870
0.150857
0.102267
0.062570
0.036373
0.056470
0.055059
0.038349
0.025185
0.011141
0.008690
0.009532
0.004108
0.004403
0.005227
0.002690
0.002427
0.003796
0.009514
0.024686
0.034890
0.031082
0.020148
0.030229
0.021663
0.008924
0.001772
0.000000
0.000000
0.000000
0.000000
0.000146
0.011361
0.036462
0.061305
0.096586
0.167107
0.258052
0.315306
0.279977
0.196162
0.182420
0.267289
0.364758
0.441928
0.617269
0.867353
1.183256
1.559564
1.999450
2.524927
3.118664
3.719168
4.241741
4.474341
4.209559
3.675908
3.045813
2.434563
1.899379
1.450120
1.076205
0.862843
0.790213
0.681241
0.603039
0.509786
0.345099
0.160109
0.032111
0.001949
0.000000
0.000000
0.000000
0.000000
0.000000
0.000000
0.000000
0.000000
0.000000
0.000000
0.000000
0.000000
0.000000
0.000000
0.000000
0.000000
0.000000
0.000000
0.000000
0.000000
0.000000
0.000000
0.000181
0.004752
0.007072
0.007691
0.007640
0.007365
0.007217
0.007453
0.007010
0.003978
0.000000
0.000000
0.000000
0.000000
0.000000
0.000000
0.000000
0.000000
0.000000
0.000000
0.000000
0.000000
0.000000
0.000000
0.000000
0.000000
0.000000
0.000000
0.000000
0.000000
0.000000
0.000000
0.002084
0.047292
0.160289
0.358880
0.676268
0.937354
1.049461
1.043816
0.916217
0.612905
0.340742
0.159567
0.049341
0.035083
0.098928
0.204196
0.338667
0.457714
0.513345
0.437311
0.363321
0.540408
0.765195
0.968219
0.999683
0.985189
1.420359
1.628313
1.414137
0.877325
0.525173
0.291131
0.131462
0.038454
0.001966
0.001388
0.006487
0.003679
0.000000
0.000674
0.012482
0.035355
0.045891
0.033233
0.037975
0.066015
0.066187
0.035471
0.006445
0.000000
0.000000
0.000000
0.007411
0.069573
0.201699
0.354757
0.424989
0.432471
0.692780
0.988664
1.252429
1.247478
0.974274
0.673254
0.417634
0.229076
0.102839
0.029413
0.001212
0.000000
0.000000
0.000000
0.000000
0.000000
0.012754
0.012979
0.000000
0.000000
0.000000
0.000000
0.000000
0.000000
0.000000
0.000000
0.000000
0.000000
0.000000
0.000000
0.000000
0.000000
0.000000
0.005668
0.025270
0.040155
0.027066
0.009144
0.000000
0.000000
0.000000
0.000000
0.000000
0.000000
0.000000
0.023223
0.091261
0.180660
0.281719
0.430004
0.655421
0.786600
0.658314
0.483033
0.464274
0.481629
0.403785
0.305886
0.377961
0.580514
0.668694
0.774435
0.768939
0.666102
0.570497
0.407461
0.155067
0.036244
0.001014
0.000000
0.000000
0.000000
0.000000
0.005972
0.075735
0.155832
0.075319
0.036027
0.045232
0.080269
0.117184
0.126211
0.114645
0.143298
0.238570
0.352081
0.437186
0.449543
0.399609
0.385337
0.404930
0.329343
0.292724
0.254287
0.297382
0.491268
0.751866
1.088453
1.502057
1.993649
2.540271
2.977915
2.989142
2.553790
2.018003
1.533374
1.124512
0.792859
0.530264
0.326215
0.174983
0.072545
0.020602
0.022863
0.031483
0.053989
0.144001
0.186945
0.129181
0.036587
0.000471
0.000000
0.000000
0.000000
0.000000
0.000000
0.000000
0.000000
0.000000
0.000000
0.000000
0.000000
0.000000
0.000000
0.000000
0.000000
0.000000
0.000000
0.000000
0.000000
0.000000
0.000000
0.000000
0.000000
0.000000
0.000000
0.000000
0.000000
0.000000
0.000000
0.000000
0.011296
0.012240
0.000000
0.000000
0.000000
0.000015
0.015236
0.044685
0.038538
0.005937
0.000000
0.000000
0.000000
0.000000
0.000000
0.000000
0.000000
0.000000
0.000000
0.000000
0.000000
0.000000
0.000000
0.000000
0.000000
0.000000
0.000000
0.000000
0.000000
0.000000
0.000000
0.000000
0.000000
0.000765
0.006948
0.037349
0.094879
0.173603
0.294072
0.433964
0.541539
0.559562
0.487906
0.350178
0.215900
0.113803
0.112054
0.275378
0.537705
0.720914
0.851520
1.229969
1.687356
2.199640
2.632725
3.122112
3.638553
3.625707
3.051911
2.387142
1.784548
1.291678
0.898990
0.590961
0.363362
0.219318
0.218181
0.294034
0.290031
0.208116
0.108229
0.103201
0.188743
0.302610
0.442770
0.590535
0.668898
0.665129
0.574459
0.499012
0.626214
0.776489
0.857117
0.753305
0.577568
0.580345
0.558478
0.473694
0.591237
0.749307
0.826660
1.026380
1.348909
1.552137
1.389943
1.133573
0.834676
0.861708
0.907385
0.798577
0.684354
0.896079
1.037671
1.038978
0.909909
0.686768
0.686432
1.025362
1.416611
1.741445
1.867618
1.743903
1.548123
1.379635
1.537890
1.879770
2.035964
2.079757
2.097160
2.093940
2.069048
1.961763
1.740903
1.708097
1.554788
1.190135
1.021846
0.780153
0.536497
0.337892
0.193734
0.153568
0.234496
0.384653
0.495140
0.430698
0.287251
0.159842
0.122812
0.098035
0.041019
0.000717
0.003769
0.009811
0.049453
0.098711
0.107910
0.193983
0.379513
0.662978
1.022808
1.310851
1.002625
0.640639
0.367098
0.189095
0.086234
0.025639
0.007524
0.002156
0.008848
0.026757
0.047063
0.056512
0.052421
0.038665
0.022440
0.017110
0.033399
0.045690
0.037219
0.018859
0.004428
0.001476
0.012269
0.034995
0.064596
0.084472
0.080246
0.055922
0.046226
0.041714
0.048087
0.058562
0.077570
0.083692
0.068455
0.045628
0.033807
0.017560
0.024504
0.057010
0.164198
0.339848
0.593012
0.936612
1.378061
2.052269
2.509825
2.675502
2.712231
2.710357
2.669396
2.500440
2.050328
1.387503
0.978963
0.724011
0.459922
0.261860
0.405967
0.613868
0.876377
1.188565
1.496999
1.675853
1.621654
1.334088
1.578414
1.889431
2.178415
2.322165
2.267747
2.575428
3.023648
3.505524
3.974699
4.428464
4.933429
5.561443
5.990946
5.972122
5.519518
4.839076
4.192977
3.607882
3.074540
2.627274
2.260590
1.912040
1.700563
1.882963
1.945799
1.821655
1.761730
1.796092
1.755315
2.104381
2.524842
2.985904
3.491863
3.937268
4.088218
3.922156
3.488972
3.009202
2.547853
2.135110
2.082066
2.594633
3.207212
3.880541
4.423690
4.504506
4.033803
3.451907
2.791329
2.190492
1.699429
1.317624
1.041752
0.815322
0.832670
1.058608
1.212991
1.213361
1.082615
0.869670
0.682400
0.545806
0.385917
0.257248
0.339584
0.346384
0.229600
0.266420
0.193350
0.176569
0.214485
0.267608
0.327926
0.374170
0.411481
0.481155
0.560744
0.639739
0.687413
0.716635
0.811598
0.906675
1.042048
1.167956
1.237753
1.185152
1.072208
0.946566
0.964973
1.103848
1.186317
1.183157
1.100503
0.960918
0.979178
0.933493
0.818240
0.770619
0.899408
1.029326
1.093823
1.067314
0.945708
0.809664
0.837402
0.921536
0.881787
0.801393
0.684233
0.772999
0.906122
1.027016
1.075129
1.039860
0.921728
0.775453
0.638067
0.768783
1.102241
1.534184
2.174584
2.974161
3.338793
3.446813
3.341378
2.979896
2.186942
2.009729
2.000695
2.058672
1.814924
1.548047
1.476119
1.597527
1.891776
2.242088
2.530132
2.745882
2.907396
3.021776
3.197773
3.678690
4.173163
4.596000
4.665688
4.419344
3.963553
3.481452
3.609904
3.923962
4.097685
3.931321
3.949282
4.259709
3.867260
3.626439
3.906119
4.184505
4.450775
4.585933
4.577888
4.389646
4.138841
3.850122
3.533258
3.228474
3.011235
3.175949
3.249994
3.431068
3.658184
3.830661
3.856517
3.741872
3.696076
4.037242
4.388223
4.759592
5.168415
5.616705
5.996520
6.095701
5.897675
5.520284
5.184076
5.431114
5.615482
5.721042
5.576520
5.640306
5.770046
6.147447
6.523388
6.935323
7.350080
7.525683
7.421667
7.071391
6.656724
6.212985
5.791534
5.718288
5.904218
5.911288
5.706864
5.473485
5.337691
5.119634
4.856455
4.581672
4.281540
4.290986
4.255963
4.105569
4.143955
4.045458
4.054650
4.384352
4.602363
4.675222
4.566703
4.320596
4.039630
3.721624
3.398120
3.106986
3.154553
3.575451
3.881691
3.999680
4.053699
4.047837
4.045590
4.030735
3.923690
3.773437
3.579509
3.337782
3.089154
2.841316
2.932031
3.516213
4.009417
4.269619
3.989027
3.580099
3.067843
3.259669
3.725034
4.159810
4.430128
4.937390
5.586988
6.148717
6.326516
5.984314
5.390276
4.769380
4.250067
4.040719
3.735280
3.400620
3.475595
3.499850
3.277075
2.939523
2.624637
2.635134
2.576229
2.434294
2.272519
2.083932
1.870221
1.861186
1.695407
1.479258
1.508425
1.502698
1.419229
1.303887
1.177698
1.046248
1.065855
1.132923
1.184566
1.209591
1.187264
1.109046
1.050144
1.107424
1.161294
1.274337
1.331194
1.304109
1.390858
1.505840
1.547276
1.486081
1.371326
1.504365
1.672443
1.858194
2.033148
2.216058
2.282058
2.213018
2.009085
1.857850
1.910025
1.828259
1.733233
1.599578
1.432099
1.266408
1.115119
0.992475
0.950733
0.898517
0.873644
0.814457
0.848300
0.969008
1.022308
0.972499
1.101663
1.194920
1.215459
1.103170
1.126161
1.078424
0.960086
0.794732
0.633755
0.553865
0.659149
0.750234
0.829610
0.929441
1.041199
1.146118
1.202116
1.433693
1.761637
2.005901
2.185865
2.265397
2.239994
2.075602
1.804562
1.722180
1.865350
1.950847
1.928148
1.791022
1.630202
1.483024
1.365266
1.496413
1.912662
2.387826
2.847632
3.170970
3.252294
3.624956
4.243402
5.068177
6.043253
6.975593
7.890636
8.536349
8.513810
7.820060
6.757929
5.717236
4.793858
3.983122
3.302024
2.899381
2.556159
2.427219
2.750027
2.838660
2.592207
2.278207
2.054122
2.305977
2.345443
2.117945
1.819779
1.744866
1.699789
1.630423
1.622451
1.755175
2.022057
2.283986
2.532319
2.774081
3.053816
3.366951
3.702503
4.065140
4.441267
4.792325
4.905773
4.754945
4.428829
4.078494
3.729848
3.357703
3.106017
3.309008
3.586154
3.758784
3.679582
3.408936
3.094016
2.887704
2.820148
2.644894
2.641936
2.692475
2.625713
2.598524
2.433790
2.427470
2.602690
2.886235
3.214873
3.572897
3.869950
4.059642
3.999285
3.751765
3.413570
3.098908
2.828673
3.068276
3.341685
3.579140
3.696107
3.714806
3.628997
3.426594
3.396396
3.352442
3.517400
3.650851
3.774128
4.085217
4.397057
4.729787
5.098301
5.460029
5.791529
6.134834
6.349344
6.479156
6.467379
6.259113
5.967423
5.853323
6.222780
6.468954
6.778956
7.164984
7.594988
7.928862
8.005190
7.773713
7.393326
7.026904
6.763539
6.975080
6.956906
6.687597
6.160491
5.514702
4.949693
4.606023
4.340727
4.140720
4.226855
4.261952
4.156046
3.880268
4.094074
4.116503
3.875412
3.538989
3.412359
3.626633
3.643319
3.389812
3.418605
3.598188
3.637134
3.894712
4.197944
4.580963
5.026765
5.504383
5.995522
6.503065
6.916449
7.074833
7.041279
6.970639
7.007247
7.235847
7.541539
8.037697
8.394489
8.505778
8.192597
7.734256
7.185368
6.673885
6.634871
6.686427
6.708886
6.870351
7.286557
7.903584
8.590741
9.311023
9.963020
10.215469
10.001719
9.289379
8.456161
7.652343
6.932241
6.332654
5.944732
5.923706
5.682241
5.607265
6.034461
6.466604
6.711254
6.736147
6.516062
6.137230
5.742575
5.320318
4.886379
4.451380
4.023153
3.619506
3.234223
2.887390
2.586362
2.317387
2.114388
1.983107
2.123109
2.209094
2.106663
1.835332
1.547308
1.282607
1.043730
0.838287
0.661351
0.509603
0.386645
0.313708
0.323228
0.422653
0.543543
0.658551
0.697453
0.681512
0.657313
0.534150
0.392722
0.441042
0.622665
0.853875
1.097751
1.272700
1.351383
1.233904
0.998525
0.775417
1.051941
1.273802
1.457659
1.269235
0.941310
0.622457
0.390776
0.231641
0.094722
0.013685
0.000000
0.000000
0.000000
0.000000
0.000000
0.000000
0.000000
0.000000
0.000000
0.000000
0.000000
0.000000
0.000000
0.000000
0.000000
0.000000
0.000000
0.000000
0.000000
0.000000
0.000000
0.052476
0.007373
0.058735
0.182207
0.393882
0.704814
1.087147
0.000000
0.000000
0.000000
0.000000
0.000000
0.000000
0.000000
0.000000
0.000000
