track	type=wiggle_0
fixedStep	chrom=chr	start=1	step=1
0.000000
0.000000
0.000000
0.000000
0.000000
0.000000
0.000000
0.000000
0.000000
0.000000
0.000000
0.007891
0.046382
0.353192
0.748490
0.966845
0.907868
0.684056
0.766763
0.974612
0.712355
0.407998
0.192542
0.078058
0.021193
0.009327
0.007965
0.009094
0.016944
0.015060
0.002074
0.000000
0.000515
0.003394
0.019421
0.032796
0.072225
0.218280
0.560976
0.926934
1.063026
1.003276
0.988137
1.075789
1.029157
0.875332
0.678621
0.629896
0.838317
1.114520
1.433981
1.743624
1.950194
1.847956
1.585868
1.310664
1.039791
0.788175
0.582757
0.438605
0.307324
0.226288
0.144633
0.086509
0.124181
0.135638
0.326866
0.508722
0.570769
0.561472
0.579109
0.563748
0.551511
0.571302
0.954800
1.775388
2.559759
2.999184
3.012674
3.095980
3.229551
3.231348
3.078249
2.810612
2.866086
3.306471
3.561900
4.056478
4.565071
4.532055
4.718275
4.905690
4.957519
4.919274
4.986300
5.155073
5.317851
5.660520
6.044883
6.382350
6.576868
6.578834
6.429758
6.082596
5.664745
5.249827
4.853190
4.483736
4.163864
3.882244
4.318684
4.828985
5.293487
5.693522
5.747420
5.382835
4.918903
4.371300
4.428782
4.704866
4.915025
4.941401
4.742252
4.474831
4.174079
4.020761
4.239892
4.448032
4.635700
4.766456
4.681890
4.448328
4.305977
4.113073
3.954750
3.799786
3.568668
3.318845
3.097178
2.930051
2.644869
2.548424
2.675044
2.712784
2.615911
2.443965
2.346716
2.222995
2.204460
2.139096
2.008225
1.982393
1.960877
2.174283
2.416406
2.620206
2.704273
2.625040
2.426247
2.177380
1.926137
1.692334
1.476505
1.302613
1.414687
1.443839
1.389479
1.274671
1.291674
1.439756
1.594355
1.729965
1.897902
2.098583
2.264402
2.293585
2.235648
2.140223
1.888408
1.689475
1.537770
1.367088
1.482952
1.492402
1.375797
1.221868
1.106088
1.248953
1.365433
1.376502
1.270936
1.222380
1.357399
1.428101
1.490948
1.706740
1.908862
1.989326
1.909511
1.708244
1.498876
1.307937
1.140927
1.478777
1.098974
0.913416
0.853098
0.793196
0.826989
0.729720
0.652495
0.765768
0.865640
0.952080
1.070978
1.157200
1.171638
1.085235
0.947078
0.820049
0.806689
0.848198
0.816371
0.718219
0.614165
0.566721
0.632809
0.654951
0.623215
0.536459
0.445679
0.412372
0.383436
0.325246
0.272752
0.307254
0.326514
0.342444
0.401258
0.407919
0.364391
0.289482
0.278218
0.309109
0.305315
0.313530
0.405093
0.503248
0.589845
0.645063
0.609358
0.524230
0.419662
0.340695
0.259028
0.290296
0.359433
0.400147
0.397242
0.348076
0.319343
0.223309
0.263586
0.276652
0.181195
0.082746
0.051682
0.036529
0.046979
0.048062
0.036500
0.042702
0.088641
0.151977
0.231645
0.334479
0.461950
0.614489
0.774962
0.895935
0.899596
0.798209
0.665054
0.513663
0.378387
0.302004
0.405126
0.496610
0.529396
0.467249
0.374550
0.273717
0.186931
0.122656
0.079489
0.178750
0.295588
0.499993
0.870586
1.351533
1.559748
1.616659
1.616659
1.569905
1.422804
1.108415
1.270034
1.440500
1.362603
1.065195
0.754673
0.503274
0.302923
0.345903
0.468484
0.556372
0.565199
0.493468
0.354327
0.213362
0.107561
0.041822
0.058811
0.065232
0.050248
0.046103
0.147757
0.326673
0.601727
0.781899
0.851891
0.851891
0.777021
0.575071
0.434777
0.558106
0.652331
0.636304
0.527523
0.394825
0.278154
0.297634
0.432601
0.600221
0.795042
0.994650
1.123391
1.080605
0.922569
0.716233
0.529734
0.374868
0.397451
0.424913
0.244126
0.085700
0.014846
0.000000
0.000000
0.000000
0.000000
0.000000
0.000000
0.000000
0.000000
0.000000
0.000000
0.000000
0.000000
0.000000
0.011530
0.038076
0.076321
0.120889
0.130167
0.129831
0.128183
0.125792
0.117232
0.088710
0.038459
0.000800
0.000000
0.000000
0.000000
0.000000
0.000000
0.000000
0.000000
0.000000
0.000000
0.000000
0.000000
0.000000
0.000000
0.000000
0.000000
0.000000
0.000000
0.000000
0.000000
0.000000
0.000000
0.000000
0.000000
0.000000
0.000000
0.000000
0.000000
0.000000
0.000000
0.000000
0.000000
0.000000
0.000000
0.000000
0.000000
0.000000
0.000000
0.000000
0.000000
0.000000
0.000000
0.000000
0.000000
0.000996
0.029800
0.102657
0.225379
0.403976
0.646127
0.927387
1.122903
1.111906
0.914105
0.635259
0.403124
0.250768
0.177055
0.226129
0.348496
0.480959
0.562286
0.707212
0.983708
1.341131
1.782262
2.316132
2.936740
3.579970
3.948993
3.846353
3.272102
2.697051
2.210646
1.739968
1.317238
0.962136
0.671620
0.640032
0.716575
0.639366
0.423803
0.201348
0.069835
0.007787
0.000000
0.000000
0.000641
0.015197
0.038276
0.050625
0.031584
0.007801
0.000000
0.000000
0.000000
0.000000
0.000000
0.000000
0.000000
0.000000
0.000000
0.000000
0.000000
0.000000
0.000000
0.000000
0.000000
0.018959
0.091056
0.225647
0.430784
0.693161
0.943650
0.918588
0.662762
0.408036
0.210717
0.082515
0.111721
0.168925
0.235643
0.292238
0.316837
0.382195
0.469652
0.509373
0.494378
0.420886
0.414750
0.435458
0.330802
0.293494
0.347159
0.349203
0.296509
0.232722
0.168280
0.129002
0.196101
0.284591
0.397273
0.532516
0.691455
0.874996
1.060910
1.185758
1.222579
1.393933
1.650048
1.884458
1.988371
1.970738
1.831130
1.593964
1.498461
1.832042
2.208556
2.619808
3.048985
3.559017
4.079387
4.433049
4.449984
4.138363
3.606449
3.098232
2.686965
2.613069
2.689381
2.707936
2.956416
3.347807
3.579330
4.356985
5.304625
6.404714
7.634020
9.055965
11.171164
12.316588
11.151820
8.965768
7.509406
6.326788
5.504367
5.787894
5.801932
5.890322
6.281969
6.991590
7.249385
6.964114
6.287425
5.478978
4.690157
3.984851
3.362975
2.829006
2.352480
1.954582
2.000106
1.795243
1.465511
1.075416
0.732349
0.464948
0.286635
0.180364
0.120633
0.073718
0.039163
0.073888
0.119831
0.145954
0.175985
0.189274
0.157526
0.213982
0.303146
0.409959
0.525425
0.600580
0.611803
0.545918
0.430304
0.320030
0.226818
0.215163
0.173038
0.155045
0.138558
0.167641
0.163387
0.124231
0.126277
0.161968
0.172717
0.158395
0.128003
0.085965
0.051922
0.032819
0.024194
0.016820
0.013049
0.081031
0.225635
0.518862
0.754890
0.895950
1.054964
1.251935
1.064148
0.931350
0.851774
0.803126
0.774047
0.742268
0.669988
0.535444
0.422354
0.266552
0.157847
0.108527
0.069980
0.031112
0.026235
0.051490
0.071280
0.070582
0.052379
0.030437
0.014729
0.004356
0.000069
0.000000
0.000000
0.000000
0.000000
0.000000
0.000000
0.000000
0.000000
0.000000
0.000000
0.000065
0.000611
0.003991
0.008667
0.009619
0.005063
0.013509
0.037847
0.069684
0.108271
0.161359
0.232931
0.322310
0.427253
0.540771
0.675548
0.835454
1.000067
1.112387
1.135430
1.047535
0.899965
0.750143
0.611335
0.483403
0.369108
0.271636
0.198642
0.154870
0.153531
0.124123
0.199896
0.344272
0.545948
0.802988
1.080149
1.283078
1.303024
1.191334
1.171142
1.556306
2.087477
2.936883
3.701554
4.008589
4.089765
4.104844
4.109958
4.107449
4.038228
3.749260
3.046791
2.949332
2.685742
2.636168
2.520838
2.375497
2.727666
3.253387
3.223711
3.143965
2.936601
2.499423
2.031339
1.611749
1.265356
0.982542
0.829811
0.923462
0.996664
1.077406
1.186359
1.289985
1.427711
1.581975
1.747127
1.906994
2.059311
2.126740
2.098119
1.980973
1.847600
1.720876
1.577222
1.441641
1.328283
1.295674
1.267804
1.187910
1.114321
1.127678
1.045022
1.187699
1.356070
1.537113
1.713748
1.855561
1.937391
2.094072
2.310015
2.556911
2.817477
3.072006
3.290176
3.395060
3.315179
3.453246
3.423252
3.297726
3.458710
3.510258
3.450928
3.436768
3.660419
3.842377
3.998387
4.015692
3.895157
3.743387
3.595274
3.569119
3.483289
3.514496
3.713566
3.966407
4.245255
4.499888
4.724778
4.879181
4.813540
4.725306
4.911452
5.042566
4.989793
4.772985
4.465609
5.339067
6.365005
7.492253
8.543025
8.906288
8.479245
7.466580
6.337096
5.305454
5.197342
5.753647
6.376342
7.067990
7.805526
8.529140
9.184038
10.002226
10.943880
12.016981
13.191349
14.425661
15.521087
16.063833
15.798412
14.745138
13.582897
13.117485
12.925550
12.900128
12.524850
11.930419
11.578440
11.018955
11.670867
12.539517
14.157884
15.642447
16.309137
15.657957
14.221382
12.593477
11.933407
12.286948
12.139922
11.591075
10.999514
10.491457
9.877162
9.337561
8.744697
8.125040
7.526180
6.981244
6.519794
6.516708
6.883915
7.263358
7.491126
7.448087
7.186358
6.763681
6.321409
5.949945
6.219328
6.285480
6.093631
5.776157
5.544107
5.976532
6.439702
6.875704
7.159237
7.179557
6.955263
6.551322
6.122128
5.827518
5.512934
5.200171
4.910298
4.656138
4.405308
4.151074
3.874240
3.575292
3.312151
3.188441
3.021591
2.829557
2.648509
2.499992
2.489259
2.694689
2.908174
3.108122
3.328058
3.515054
3.716942
3.949967
4.176181
4.356658
4.451298
4.340165
4.143354
4.034670
4.225128
4.960409
5.645195
6.193123
6.514952
6.702397
6.698638
6.514861
6.168615
5.756428
5.454077
5.374762
5.345885
5.216878
4.984303
4.689607
4.417229
4.662779
4.990078
5.276171
5.493482
5.519078
5.368062
5.138083
4.853900
4.559947
4.286452
4.014907
3.737211
3.558195
3.409418
3.198924
2.964574
2.605060
2.372721
2.237403
2.236957
2.280247
1.986614
2.436106
2.901888
3.124452
3.217253
3.202445
3.056970
2.664568
1.883873
1.313604
1.077971
0.965405
0.840394
0.725613
0.633660
0.563959
0.475483
0.379082
0.290657
0.214091
0.153557
0.104261
0.064182
0.037538
0.057674
0.056009
0.039148
0.025701
0.011390
0.008912
0.009851
0.004267
0.004688
0.005402
0.002791
0.002532
0.004032
0.010263
0.027577
0.041202
0.037862
0.026273
0.037792
0.028248
0.013487
0.004061
0.000000
0.000000
0.000000
0.000000
0.000565
0.014355
0.041668
0.068155
0.104869
0.178355
0.271801
0.331954
0.295749
0.210373
0.195087
0.281643
0.381918
0.462082
0.640883
0.895456
1.216484
1.601001
2.046848
2.581071
3.183583
3.790959
4.321090
4.555427
4.287707
3.745766
3.108366
2.491831
1.948379
1.491929
1.111598
0.879976
0.806407
0.696611
0.617247
0.521376
0.352700
0.163908
0.032866
0.002097
0.000000
0.000000
0.000000
0.000000
0.000000
0.000000
0.000000
0.000000
0.000000
0.000000
0.000000
0.000000
0.000000
0.000000
0.000000
0.000000
0.000000
0.000000
0.000000
0.000000
0.000000
0.000000
0.000306
0.005397
0.007709
0.008454
0.008474
0.008442
0.008280
0.008324
0.007779
0.004575
0.000000
0.000000
0.000000
0.000000
0.000000
0.000000
0.000000
0.000000
0.000000
0.000000
0.000000
0.000000
0.000000
0.000000
0.000000
0.000000
0.000000
0.000000
0.000000
0.000000
0.000000
0.000000
0.001302
0.043091
0.151796
0.346276
0.659565
0.917192
1.028010
1.022703
0.896833
0.598499
0.329471
0.151844
0.045043
0.027650
0.086193
0.185659
0.314745
0.430427
0.484801
0.411754
0.343782
0.517798
0.738412
0.940797
0.971226
0.964643
1.395389
1.600515
1.387842
0.857886
0.509514
0.277783
0.122512
0.033478
0.000977
0.000023
0.002417
0.000832
0.000000
0.000000
0.006755
0.025330
0.034420
0.023656
0.028342
0.053355
0.053788
0.026434
0.002985
0.000000
0.000000
0.000000
0.006073
0.065662
0.195833
0.346585
0.415377
0.413840
0.669104
0.963574
1.221085
1.213558
0.942277
0.648967
0.396793
0.212652
0.091519
0.023237
0.000232
0.000000
0.000000
0.000000
0.000000
0.000000
0.011372
0.011700
0.000000
0.000000
0.000000
0.000000
0.000000
0.000000
0.000000
0.000000
0.000000
0.000000
0.000222
0.012806
0.035375
0.040157
0.042784
0.075286
0.093467
0.084227
0.049152
0.017970
0.039841
0.050125
0.035648
0.011698
0.003618
0.024606
0.072730
0.130552
0.232761
0.389521
0.595930
0.850847
1.138516
1.429512
1.627348
1.957549
2.481620
3.144940
3.877507
4.522435
4.997826
5.005594
4.519905
3.717069
2.945848
2.289902
1.746978
1.292680
0.925092
0.638461
0.416748
0.257893
0.356670
0.522525
0.670322
0.722122
0.616278
0.467548
0.356009
0.490834
0.661379
0.851173
0.986955
1.082482
1.335176
1.551124
1.645357
1.610605
1.479703
1.255900
1.012458
0.794936
0.614099
0.468068
0.351530
0.244060
0.286674
0.478962
0.736843
1.072633
1.488170
1.977342
2.516484
2.953910
2.967446
2.530913
1.996352
1.512080
1.105545
0.776967
0.517754
0.316720
0.168597
0.068409
0.019872
0.022159
0.030841
0.052516
0.141651
0.182979
0.125981
0.035335
0.000340
0.000000
0.000000
0.000000
0.000000
0.000000
0.000000
0.000000
0.000000
0.000000
0.000000
0.000000
0.000000
0.000000
0.000000
0.000000
0.000000
0.000000
0.000000
0.000000
0.000000
0.000000
0.000000
0.000000
0.000000
0.000000
0.000000
0.000000
0.000000
0.000000
0.000000
0.010919
0.011695
0.000000
0.000000
0.000000
0.000000
0.013846
0.042359
0.036505
0.005202
0.000000
0.000000
0.000000
0.000000
0.000000
0.000000
0.000000
0.000000
0.000000
0.000000
0.000000
0.000000
0.000000
0.000000
0.000000
0.000000
0.000000
0.000000
0.000000
0.000000
0.000000
0.000000
0.000000
0.000280
0.005325
0.033571
0.088877
0.165683
0.284649
0.422587
0.529708
0.546556
0.475039
0.338591
0.206740
0.106679
0.109628
0.270776
0.531417
0.715936
0.841054
1.213511
1.668070
2.179822
2.609558
3.098273
3.616507
3.601071
3.028040
2.367419
1.768849
1.278831
0.886936
0.581552
0.354118
0.211982
0.209533
0.284426
0.280045
0.199359
0.102085
0.096127
0.179480
0.290213
0.427685
0.573659
0.651681
0.647131
0.558846
0.484918
0.610594
0.758641
0.838667
0.734381
0.560893
0.559168
0.539330
0.457890
0.574382
0.730885
0.808254
1.020666
1.347594
1.550490
1.382811
1.124162
0.823977
0.849792
0.894367
0.787006
0.671484
0.883572
1.027786
1.032263
0.901332
0.677719
0.686104
1.025590
1.421950
1.748558
1.870953
1.746631
1.544523
1.369843
1.530476
1.864747
2.018442
2.062980
2.077398
2.072206
2.047286
1.943883
1.727276
1.691479
1.540577
1.178219
1.007716
0.766493
0.526471
0.329340
0.188929
0.149611
0.232148
0.382358
0.492682
0.427535
0.284847
0.153886
0.117914
0.097506
0.040245
0.000596
0.002685
0.008711
0.047270
0.095952
0.104885
0.190514
0.375470
0.656092
1.015826
1.302852
0.997131
0.636198
0.362009
0.185177
0.083668
0.023966
0.004042
0.016481
0.035783
0.056414
0.074943
0.089201
0.085783
0.090081
0.103917
0.092903
0.074575
0.054016
0.032509
0.035063
0.044098
0.052128
0.072487
0.080544
0.099936
0.128178
0.123492
0.110821
0.088606
0.101334
0.107793
0.110384
0.125972
0.136489
0.132027
0.109951
0.105107
0.106311
0.098094
0.115605
0.161517
0.335375
0.589014
0.930239
1.368407
2.040558
2.499573
2.662060
2.696605
2.698557
2.658443
2.491069
2.042084
1.380578
0.973448
0.717733
0.455197
0.261595
0.397325
0.603299
0.862104
1.174360
1.483261
1.663235
1.607788
1.318007
1.554343
1.865123
2.152075
2.295026
2.241364
2.548133
2.994596
3.476402
3.951459
4.401093
4.904967
5.534850
5.964605
5.946675
5.489804
4.815794
4.176383
3.589880
3.059193
2.630117
2.270039
1.922691
1.693409
1.884444
1.968886
1.839165
1.716689
1.828495
2.115313
2.517232
2.987908
3.497611
4.038006
4.530974
4.698737
4.544121
4.179511
4.024797
3.665450
3.201018
2.776692
3.178867
3.865533
4.614158
5.229360
5.320936
4.854181
4.191453
3.441301
2.762725
2.204430
2.434002
2.723419
2.806451
2.747954
3.033740
3.177565
3.157541
2.891680
2.467417
2.043537
1.655177
1.319290
1.038243
0.802565
0.614170
0.590515
0.587087
0.574840
0.504821
0.586227
0.673026
0.761389
0.852354
0.912906
0.936260
0.872073
0.910387
1.020030
1.176934
1.360546
1.564301
1.782850
1.985801
2.088202
2.027069
1.868449
1.676950
1.642159
1.819295
1.977226
2.026131
1.934305
1.736555
1.756583
1.661551
1.489053
1.486008
1.668720
1.851373
1.942059
1.907271
1.735664
1.550400
1.591755
1.645167
1.650865
1.527776
1.369820
1.535597
1.745566
1.918076
1.982698
1.925334
1.758235
1.546137
1.342851
1.167670
1.096471
1.525651
2.161620
2.960300
3.321055
3.421790
3.316668
2.958219
2.502339
2.544187
2.528508
2.591916
2.352298
2.064430
1.985287
2.140711
2.476242
2.868438
3.182916
3.397130
3.589362
3.732230
3.713473
3.645508
4.138722
4.561515
4.629864
4.383483
3.933861
3.452867
3.573449
3.888174
4.060389
3.894157
3.941980
4.245522
3.848722
4.153218
4.454293
4.755725
5.039886
5.185460
5.177628
4.973392
4.705093
4.391356
4.053340
3.723280
3.471285
3.650708
3.725040
3.913104
4.152432
4.312816
4.285130
4.078242
3.840362
3.996164
4.346823
4.719357
5.123841
5.569598
5.947978
6.046421
5.849033
5.472934
5.135956
5.383390
5.567528
5.673368
5.528350
5.605472
5.726431
6.105822
6.477632
6.889018
7.298445
7.473112
7.369938
7.028221
6.625755
6.207355
5.796971
5.696264
5.867539
5.869144
5.668498
5.457861
5.368860
5.199834
4.939445
4.625366
4.272327
4.256635
4.211080
4.061894
4.100308
4.000276
4.006471
4.335535
4.552518
4.626391
4.516914
4.270887
3.991855
3.674944
3.351891
3.057215
3.131263
3.548466
3.853053
3.974081
4.024391
4.020958
3.997394
3.978469
3.873445
3.724091
3.528345
3.291857
3.045307
2.794398
2.907692
3.487844
3.980790
4.242336
3.964205
3.561663
3.048985
3.237666
3.695047
4.128955
4.397136
4.898486
5.546896
6.109280
6.291629
5.949411
5.354782
4.736855
4.218522
4.012283
3.706617
3.369158
3.445852
3.473025
3.248146
2.912691
2.571633
2.584208
2.525742
2.382381
2.221506
2.033822
1.843894
1.835981
1.673758
1.459903
1.469364
1.462912
1.380486
1.264003
1.140686
1.013219
1.034224
1.101117
1.154373
1.178135
1.155942
1.078680
1.021372
1.077682
1.132280
1.244889
1.300728
1.272709
1.361861
1.473924
1.513686
1.455818
1.342420
1.475431
1.642288
1.829238
2.003383
2.185368
2.250347
2.180393
1.977745
1.829138
1.881487
1.800618
1.704770
1.571772
1.402503
1.238270
1.092136
0.974455
0.933618
0.875039
0.845485
0.787680
0.830979
0.955165
1.016156
0.976798
1.103478
1.192402
1.202263
1.082674
1.104966
1.057517
0.940455
0.776700
0.617716
0.527885
0.631068
0.720694
0.800404
0.898284
1.008944
1.114756
1.168374
1.399882
1.724336
1.962214
2.141807
2.219984
2.195256
2.033500
1.763425
1.687315
1.827670
1.909799
1.885132
1.749317
1.593464
1.446297
1.330312
1.483505
1.898868
2.371609
2.829101
3.148834
3.228034
3.598753
4.214243
5.035934
6.006688
6.940980
7.852621
8.501171
8.478713
7.789523
6.729754
5.686033
4.765018
3.954673
3.280171
2.879225
2.535897
2.405947
2.728312
2.819708
2.569675
2.253986
2.033881
2.289424
2.326883
2.098815
1.801285
1.702203
1.657226
1.588270
1.579201
1.726587
1.989692
2.249503
2.495943
2.737836
3.015182
3.329151
3.663907
4.026136
4.405376
4.753703
4.867150
4.719914
4.389315
4.039353
3.693463
3.322891
3.070992
3.272728
3.545958
3.716567
3.637813
3.368730
3.056884
2.853203
2.786655
2.612393
2.610307
2.660643
2.594178
2.568318
2.404921
2.394365
2.564199
2.845715
3.172555
3.532109
3.837724
4.044837
3.995693
3.725972
3.378054
3.060069
2.795572
3.037539
3.352944
3.634609
3.755797
3.745091
3.618391
3.389019
3.351794
3.303764
3.474958
3.608211
3.719058
4.025810
4.335665
4.674869
5.042210
5.405465
5.725626
6.074774
6.290770
6.424281
6.413718
6.206120
5.912224
5.793844
6.162858
6.407322
6.720928
7.107417
7.538116
7.870075
7.945488
7.713809
7.329404
6.962194
6.705564
6.916499
6.896985
6.624519
6.101136
5.455344
4.887891
4.542786
4.283622
4.082116
4.191214
4.223982
4.118167
3.844748
4.053535
4.075757
3.835160
3.499836
3.377045
3.590773
3.607612
3.355327
3.376740
3.556048
3.593390
3.848247
4.143675
4.527703
4.978814
5.456395
5.946912
6.454532
6.870972
7.028275
6.993960
6.921416
6.956144
7.185697
7.487455
7.983792
8.341508
8.452051
8.139585
7.682172
7.132780
6.622606
6.577113
6.627581
6.671221
6.826443
7.244272
7.865893
8.557130
9.275052
9.926706
10.175551
9.951355
9.238940
8.410017
7.611459
6.891267
6.289437
5.906141
5.887908
5.642452
5.568287
5.994028
6.431365
6.674958
6.700582
6.480005
6.096705
5.702619
5.287752
4.862585
4.443326
4.020916
3.601027
3.205462
2.856234
2.554910
2.287418
2.046516
1.902938
2.133466
2.208969
2.092233
1.816083
1.525911
1.261580
1.024497
0.822553
0.645921
0.491473
0.361340
0.304461
0.314903
0.412540
0.531825
0.647732
0.686580
0.670035
0.647636
0.523485
0.385313
0.433643
0.615569
0.844842
1.086226
1.259271
1.334894
1.217384
0.977659
0.769506
1.043187
1.262175
1.444735
1.258421
0.935610
0.618759
0.386963
0.229577
0.092965
0.012449
0.000000
0.000000
0.000000
0.000000
0.000000
0.000000
0.000000
0.000000
0.000000
0.000000
0.000000
0.000000
0.000000
0.000000
0.000000
0.000000
0.000000
0.000000
0.000000
0.000000
0.000000
0.055075
0.006970
0.057400
0.179805
0.390615
0.700382
1.081143
0.000000
0.000000
0.000000
0.000000
0.000000
0.000000
0.000000
0.000000
0.000000
