track	type=wiggle_0
fixedStep	chrom=chr	start=1	step=1
0.000000
0.000000
0.000000
0.000000
0.000000
0.000000
0.000000
0.000000
0.000000
0.000066
0.000000
0.000000
0.000000
0.000000
0.000000
0.000000
0.000000
0.000000
0.000000
0.000000
0.000000
0.000000
0.000000
0.000000
0.000000
0.000000
0.000000
0.000000
0.000000
0.000000
0.000000
0.000000
0.000000
0.000000
0.000000
0.000692
0.018773
0.068595
0.150905
0.249616
0.304651
0.263832
0.170131
0.083318
0.025414
0.041639
0.130410
0.293045
0.535271
0.948130
1.253860
1.476381
1.538947
1.545295
1.505792
1.327673
0.847016
0.453822
0.215016
0.077855
0.012094
0.000000
0.000000
0.000000
0.000000
0.000000
0.000000
0.000000
0.000000
0.000000
0.000000
0.000000
0.000000
0.000000
0.000000
0.000000
0.000000
0.000000
0.000000
0.000000
0.000000
0.000000
0.000000
0.000000
0.000000
0.000000
0.000000
0.000000
0.000064
0.002613
0.005800
0.002712
0.000000
0.000000
0.000000
0.000000
0.000000
0.000000
0.000032
0.006190
0.021735
0.038254
0.037970
0.021433
0.006442
0.000375
0.000000
0.000000
0.000000
0.010612
0.049537
0.119110
0.209981
0.281177
0.288096
0.229259
0.135153
0.060097
0.015660
0.000261
0.000000
0.001316
0.025161
0.091818
0.205819
0.344678
0.433517
0.390289
0.248857
0.347210
0.480601
0.595471
0.465561
0.321380
0.460657
0.672974
0.956668
1.301708
1.593382
1.692322
1.514791
1.231298
0.903562
0.639274
0.506560
0.504760
0.688848
0.918506
1.149199
1.306204
1.390247
1.640282
1.689332
1.541894
1.290272
1.054756
0.994039
1.007022
0.897722
0.899361
0.898006
1.257037
1.680391
2.127142
2.361807
2.304749
2.093696
2.172011
2.539052
2.796571
2.837955
2.536207
2.155373
1.813420
1.470528
1.389003
1.173472
0.942712
0.735734
0.557497
0.407612
0.284396
0.186472
0.192623
0.216260
0.163844
0.089634
0.133981
0.160537
0.146738
0.111529
0.070654
0.039374
0.032250
0.027138
0.105944
0.107660
0.035276
0.032250
0.090478
0.146865
0.319158
0.648266
0.773915
0.618489
0.249832
0.104391
0.067827
0.049130
0.034158
0.016780
0.016528
0.012872
0.004220
0.008125
0.018080
0.019799
0.010571
0.009216
0.025500
0.049465
0.094601
0.175790
0.264455
0.285822
0.233050
0.145363
0.114014
0.138368
0.135918
0.110766
0.076404
0.047417
0.061336
0.095513
0.135836
0.183663
0.236901
0.282123
0.297202
0.271017
0.233579
0.203346
0.188895
0.161391
0.161450
0.189810
0.190270
0.161972
0.117086
0.086007
0.123851
0.199796
0.203771
0.260184
0.324945
0.389777
0.427812
0.410716
0.392760
0.478493
0.557351
0.594458
0.556627
0.477021
0.387900
0.306244
0.235729
0.223425
0.269394
0.247849
0.426098
0.608751
0.902770
1.107056
0.956344
0.862464
1.067166
1.259858
1.333586
1.283840
1.138814
0.955665
0.770188
0.597933
0.706061
0.990779
1.252510
1.283574
1.126380
1.115156
1.321524
1.419530
1.564117
1.620979
1.444838
1.251479
1.722270
2.430891
2.769276
2.864186
2.884692
2.884692
2.864186
2.763604
2.414809
1.727184
1.590878
1.914875
2.166336
2.192814
1.922153
1.515103
1.123151
0.796764
0.601451
0.724412
0.773938
0.773938
0.724412
0.600553
0.368324
0.197479
0.090892
0.110800
0.223707
0.294346
0.306196
0.224011
0.120343
0.044919
0.008965
0.002248
0.000000
0.000000
0.000000
0.000000
0.000000
0.000000
0.000000
0.000000
0.000000
0.000000
0.000000
0.000000
0.000000
0.000000
0.000000
0.000000
0.000000
0.000000
0.000000
0.000000
0.000000
0.000000
0.000000
0.000000
0.000000
0.000000
0.000000
0.000000
0.000000
0.000000
0.000000
0.000000
0.000000
0.000000
0.000000
0.000000
0.000000
0.000000
0.000000
0.000000
0.000000
0.000000
0.000000
0.000000
0.000000
0.000000
0.000000
0.000000
0.000000
0.000000
0.000000
0.000000
0.002163
0.047813
0.156153
0.275448
0.178397
0.118628
0.100946
0.090539
0.201518
0.283068
0.309281
0.314901
0.314618
0.314618
0.314618
0.314618
0.310437
0.287068
0.205716
0.055657
0.001814
0.000000
0.000000
0.000000
0.000000
0.000000
0.000000
0.000000
0.000000
0.000000
0.000000
0.000000
0.000000
0.003133
0.022182
0.035885
0.022441
0.003792
0.001972
0.030920
0.100952
0.216870
0.384484
0.611766
0.908849
1.279535
1.685601
1.985223
1.983483
1.680555
1.275444
0.914897
0.670326
0.527508
0.656383
0.808770
0.966442
1.199928
1.577233
2.066648
2.656078
3.353368
4.136636
4.876922
5.520950
5.571753
4.948443
4.166170
3.381769
3.697160
4.043502
4.378963
4.530225
4.279665
3.785634
3.186959
2.619361
2.128864
1.719156
1.402147
1.228873
1.235387
1.299670
1.388167
1.424593
1.456235
1.456378
1.409345
1.314611
1.045787
0.619844
0.382377
0.247394
0.210797
0.138737
0.075266
0.037158
0.005539
0.000000
0.000000
0.000000
0.001099
0.014303
0.027203
0.031475
0.032638
0.032638
0.031405
0.026135
0.021959
0.023322
0.015116
0.037017
0.070600
0.116700
0.173792
0.243590
0.326822
0.412801
0.463731
0.456396
0.398827
0.325473
0.274359
0.315538
0.313495
0.269166
0.260486
0.342723
0.425208
0.474224
0.467446
0.415069
0.333589
0.253569
0.183758
0.126214
0.080181
0.046705
0.027421
0.025400
0.033923
0.046295
0.062345
0.088798
0.108440
0.102582
0.095807
0.111843
0.088805
0.119921
0.169832
0.356483
0.382628
0.356302
0.549565
0.814075
1.154789
1.561139
1.996978
2.434712
3.091298
3.946554
5.088157
6.618738
7.288943
7.469731
7.469728
7.308263
6.701019
5.358967
4.858100
5.637992
6.469192
7.198862
7.540201
7.318704
6.547139
5.717202
4.932097
4.279309
3.821199
3.341159
3.279140
3.440588
3.629338
4.095269
4.533737
4.485060
3.992231
3.375625
2.798742
2.286693
1.840485
1.460779
1.448875
1.664843
1.675904
1.523650
1.183671
0.993481
1.174783
1.259642
1.215789
1.334167
1.562398
1.812157
2.048396
2.247001
2.247828
2.105295
2.282240
2.248029
2.049227
1.770441
1.500282
1.475720
1.649700
1.825128
1.937261
2.087166
2.282762
2.359856
2.289839
2.097032
2.071000
2.174857
2.100926
1.905355
1.673312
1.468839
1.494193
1.609177
1.751675
1.837943
1.834812
1.783963
1.753895
1.736165
1.837819
1.871876
1.971837
2.074451
2.079870
1.996943
1.866746
1.741196
1.630191
1.645805
1.976809
2.334891
2.645379
2.787120
2.646770
2.429234
2.185850
1.939149
1.637607
1.344561
1.219877
1.308270
1.369468
1.375801
1.380684
1.410980
1.355978
1.392652
1.543313
1.685851
1.835265
1.908858
1.912608
1.825459
1.864530
2.002349
2.116885
2.271078
2.370121
2.312285
2.174025
2.122471
1.912583
1.630429
1.533864
1.512576
1.449048
1.605093
1.697613
1.742135
1.703970
1.649429
1.614497
1.625368
1.519259
1.354792
1.181547
1.011353
0.981452
0.905243
0.910379
0.875125
0.914641
0.898723
0.896852
0.855430
0.813988
0.725975
0.601304
0.617105
0.647081
0.656908
0.633556
0.591108
0.670153
0.764918
0.834368
0.977095
1.142485
1.308206
1.433871
1.437421
1.326742
1.169687
0.994098
0.826924
0.676606
0.655024
0.754583
0.862915
0.971246
1.083581
1.198015
1.315690
1.438617
1.582862
1.759900
1.942567
2.008333
1.947246
1.766169
2.084951
2.100955
1.750211
1.754638
2.093109
2.410971
3.009161
3.732277
3.690637
2.846308
2.184889
1.633982
1.177091
0.835027
0.781321
0.643983
0.500507
0.377138
0.270757
0.185100
0.120959
0.080269
0.066866
0.065702
0.056562
0.043830
0.022536
0.038415
0.071722
0.092398
0.085773
0.047645
0.015315
0.000611
0.000000
0.000000
0.000000
0.000000
0.000000
0.000000
0.000000
0.005963
0.053116
0.144744
0.286435
0.504098
0.866389
1.076741
0.882141
0.536711
0.309026
0.144863
0.042586
0.014282
0.016261
0.016240
0.016332
0.016581
0.016422
0.014318
0.007637
0.020323
0.033186
0.035553
0.056498
0.085039
0.124573
0.174601
0.229555
0.288281
0.340880
0.372544
0.369256
0.391126
0.367662
0.330217
0.269212
0.230267
0.433080
0.764751
1.136902
1.586288
1.728912
1.592777
1.151624
0.793442
0.468420
0.274251
0.215002
0.169945
0.126335
0.137108
0.184211
0.173987
0.150410
0.194696
0.252451
0.209812
0.180329
0.159116
0.232710
0.359628
0.417096
0.392249
0.360675
0.333407
0.310782
0.324400
0.354705
0.403467
0.411752
0.389948
0.346846
0.418359
0.465118
0.449696
0.539964
0.656898
0.800339
0.961857
1.140137
1.329762
1.498690
1.593553
1.535762
1.379117
1.193545
1.006528
0.834809
0.706485
0.814507
0.929619
0.986992
1.115318
1.244548
1.259183
1.181863
1.141724
1.500650
1.905530
2.404679
2.953120
3.333685
3.314774
3.251345
3.014805
2.648154
2.263073
2.031305
1.973442
1.780436
1.584656
1.334064
1.159135
1.154531
1.240531
1.402966
1.663570
1.912171
1.981015
1.897705
1.645475
1.395265
1.318255
1.541666
1.732363
1.791501
1.677424
1.828446
2.151373
2.569129
3.050033
3.548014
3.989136
4.152638
3.950743
3.512743
3.014314
2.555707
2.209494
2.399868
2.495826
2.461628
2.292025
2.014910
1.734293
1.561631
1.418578
1.344337
1.234309
1.027970
0.825127
0.727170
1.087657
1.544725
2.152019
2.541250
2.673491
2.666038
2.514138
2.077711
1.411657
0.967454
0.898229
0.996221
0.908156
0.703920
0.496170
0.431956
0.443656
0.486088
0.550466
0.560777
0.507683
0.432644
0.428043
0.415336
0.462211
0.563187
0.670200
0.759779
0.772802
0.715142
0.619282
0.568333
0.582011
0.533156
0.469790
0.390096
0.309956
0.249893
0.218625
0.169189
0.118230
0.118173
0.162655
0.188827
0.180847
0.142302
0.097031
0.057685
0.031597
0.015192
0.006238
0.001022
0.000000
0.000407
0.006637
0.010775
0.051832
0.180556
0.382443
0.482444
0.476953
0.363133
0.151636
0.038268
0.000278
0.003050
0.003319
0.000176
0.018675
0.070050
0.143178
0.188445
0.192324
0.322625
0.485122
0.675292
0.885849
1.140688
1.434403
1.640306
1.673598
1.471915
1.176322
1.262232
1.494757
1.561450
1.464123
1.209862
1.280815
1.703754
2.284758
3.028059
4.111671
5.081869
5.480384
5.590874
5.605218
5.540638
5.220156
4.949121
5.609820
5.746420
5.344994
4.524215
3.679879
2.939538
2.314236
1.788404
1.347228
0.978321
0.680584
0.570929
0.546765
0.481663
0.331807
0.316094
0.414338
0.428786
0.351520
0.234863
0.131038
0.057811
0.014575
0.000029
0.000000
0.000000
0.000000
0.000000
0.000000
0.000000
0.000000
0.000000
0.006096
0.064914
0.230436
0.442496
0.726004
0.872444
0.921777
0.877219
0.730918
0.446954
0.231989
0.143737
0.186987
0.207790
0.197343
0.212410
0.205317
0.174498
0.124464
0.094130
0.096250
0.124519
0.137443
0.117230
0.076350
0.050548
0.026799
0.016705
0.012879
0.004806
0.000124
0.005028
0.020933
0.045090
0.068056
0.071035
0.054816
0.032562
0.017363
0.054327
0.109644
0.186671
0.280884
0.374598
0.435054
0.511127
0.640418
0.733977
0.729829
0.633457
0.486565
0.348415
0.376676
0.504244
0.653382
0.923159
1.266619
1.681671
2.176605
2.757504
3.442906
4.241551
5.086857
5.687087
5.761617
5.287172
4.758668
4.847247
5.435780
5.753065
6.258933
6.512153
6.248579
5.927808
5.855018
7.333034
8.657413
9.141980
9.263865
9.275108
9.160768
8.659379
7.306220
5.491319
4.375769
3.505536
2.896842
2.881716
2.619247
2.191160
1.834937
1.655859
1.396757
1.306858
1.228705
1.022483
0.760391
0.518225
0.327404
0.184404
0.084880
0.027306
0.003026
0.002763
0.021374
0.051876
0.046789
0.024225
0.061883
0.111318
0.165741
0.191771
0.220831
0.308963
0.402560
0.457648
0.452621
0.402046
0.376622
0.392567
0.502785
0.653519
0.791787
0.844383
0.772084
0.648878
0.518323
0.431257
0.438166
0.461331
0.573724
0.706958
0.787651
0.757896
0.714136
0.594191
0.603326
0.561225
0.493385
0.508275
0.551366
0.680658
0.933742
1.125064
1.125513
0.932488
0.676655
0.674036
0.792963
0.894971
0.956493
0.938170
0.972266
0.900137
0.794570
0.668652
0.743146
0.959163
1.208701
1.483295
1.780708
2.066040
2.220762
2.235737
2.124310
2.059691
2.384604
2.837361
3.392081
4.039286
4.782770
5.599200
6.425555
7.036234
7.205295
6.762073
6.017809
5.189277
4.425330
3.758289
3.529871
3.662795
3.748127
3.572714
3.363179
3.315802
3.140759
2.794510
2.480434
2.172009
2.319588
2.435645
2.382391
2.098279
1.941157
1.825291
1.684729
1.879498
2.124794
2.408877
2.645978
2.823001
3.078098
3.209492
3.152552
2.876668
2.582687
2.443626
2.451106
2.536392
2.672018
2.846528
3.125475
3.277069
3.200428
2.916129
2.588365
2.274950
1.985142
2.177627
2.456409
2.614947
2.588299
2.703574
2.669696
2.421541
2.132652
1.959818
1.760969
1.610598
1.463529
1.486161
1.504179
1.443009
1.328656
1.338432
1.473568
1.617460
1.751731
1.772462
1.639813
1.786649
1.685208
1.378793
1.665447
2.199801
2.847964
3.624000
4.521095
5.466673
6.230328
6.248774
5.478720
4.510021
3.615104
2.844668
2.220568
1.794136
1.574907
1.842192
2.111528
2.359011
2.640257
2.920622
3.158350
3.294946
3.308942
3.195492
2.997518
2.780784
2.556941
2.430331
2.348099
2.157444
1.949627
1.786669
1.994107
2.078618
2.018246
1.812286
1.727732
1.732905
1.936056
2.102556
2.130058
2.039941
1.907805
1.761253
1.723534
1.842322
1.874562
1.761762
1.572986
1.371864
1.327450
1.497248
1.609155
1.742213
1.843891
1.861218
1.771079
1.787575
1.927401
2.111068
2.460873
2.612334
2.497393
2.157622
1.775415
1.867154
2.005794
2.063272
2.080717
2.006568
1.817916
1.672477
1.515998
1.613916
1.709852
1.643236
1.511468
1.313513
1.253453
1.395605
1.555421
1.638387
1.583606
1.436725
1.385069
1.551654
1.741288
1.849869
1.808404
1.870424
2.099401
2.235998
2.350592
2.749576
3.285671
4.114051
5.051443
5.913504
6.267343
5.916346
5.100437
4.182102
3.354633
2.644335
2.953919
3.545221
4.136617
4.309562
4.109554
3.676820
3.134810
2.652604
2.170542
1.772596
1.575480
1.843455
2.084009
2.126793
1.961214
1.658211
1.911239
2.151599
2.220043
2.239442
2.228857
2.181514
2.020533
1.802342
2.006198
2.048639
1.904831
1.680356
1.417580
1.183512
0.959145
0.754548
0.580584
0.438562
0.321062
0.237385
0.382029
0.570451
0.806008
1.060691
1.233685
1.249130
1.097136
0.854842
0.626881
0.444807
0.326959
0.254809
0.187350
0.131878
0.085799
0.051208
0.025947
0.009700
0.004814
0.002628
0.008065
0.013442
0.028794
0.033044
0.022843
0.009210
0.001063
0.002092
0.010216
0.022368
0.026506
0.021829
0.009126
0.001314
0.000000
0.000000
0.000000
0.000000
0.000000
0.000000
0.000000
0.000636
0.001112
0.000000
0.000000
0.000000
0.000000
0.000000
0.000000
0.000000
0.000000
0.000000
0.000000
0.000000
0.000000
0.000000
0.000000
0.000000
0.000386
0.007196
0.020509
0.044497
0.082667
0.153809
0.185787
0.194497
0.194974
0.185203
0.154825
0.092821
0.024660
0.006405
0.005907
0.036509
0.096111
0.126347
0.168592
0.320939
0.426228
0.582877
0.668957
0.582690
0.406281
0.295111
0.232796
0.234283
0.235451
0.225579
0.259527
0.328441
0.471990
0.550579
0.583582
0.589505
0.590893
0.592164
0.585927
0.566463
0.491314
0.320262
0.115095
0.018835
0.000000
0.000000
0.000000
0.005279
0.031766
0.073434
0.125593
0.143061
0.179491
0.275088
0.395018
0.509381
0.530829
0.462768
0.415712
0.427830
0.365350
0.280777
0.199035
0.145540
0.163785
0.165038
0.136141
0.076832
0.071021
0.113052
0.166024
0.218533
0.370564
0.609250
0.899271
1.279998
1.730550
2.181975
2.390974
2.219532
1.760270
1.295132
0.921051
0.975344
1.261166
1.379270
1.364186
1.239078
1.056174
0.998849
1.245140
1.426105
1.507282
1.696945
1.975299
2.283677
2.634421
3.141110
3.771159
4.472772
5.173497
5.734364
5.793097
5.237558
4.503046
3.783346
3.152753
2.597176
2.114562
1.699172
1.589628
1.687914
1.962680
2.206742
2.530460
2.831135
2.945232
2.838965
2.545632
2.710554
2.747153
2.569931
2.291858
2.431590
2.790427
3.182571
3.604266
4.034728
4.486315
4.935006
5.338840
5.600698
5.540497
5.147207
4.704312
4.254878
3.884987
3.605482
3.435345
3.278917
3.349561
3.365940
3.539384
3.847631
4.112402
4.158724
4.259887
4.124672
3.811438
3.453688
3.110813
2.789584
2.498727
2.574353
2.873311
3.160101
3.429668
3.669730
3.781507
3.796091
3.935997
4.104962
4.009480
3.735958
3.427523
3.254909
3.591368
3.900100
4.098069
4.107950
4.022750
4.067666
4.035222
4.672628
5.702791
6.896393
8.224487
9.548629
10.266974
9.413999
8.090474
6.829193
5.653214
4.650821
3.988938
3.763431
3.952623
4.067025
3.962674
4.070510
4.591593
4.825562
4.527334
4.066189
3.461967
3.345941
3.379702
3.464906
3.571782
3.656242
3.573814
3.362382
3.143209
3.477300
3.674280
3.599632
3.267470
2.811011
2.393291
2.283131
2.426861
2.650168
2.849255
3.135549
3.413819
3.478606
3.366595
3.233723
2.946342
2.590109
2.395605
2.283667
2.313522
2.602731
2.943837
3.255974
3.409783
3.360320
3.129796
2.840041
2.655307
2.965624
3.211226
3.348915
3.208000
2.958174
2.654331
2.437607
2.510384
2.633305
2.583620
2.754287
2.955072
2.967448
2.789423
2.544107
2.299225
2.122792
1.937046
2.227036
2.405502
2.458040
3.307406
3.866948
4.100186
4.201797
4.212547
4.171617
4.033105
3.754935
3.099593
2.111416
1.986938
2.353372
2.902323
3.559764
4.281836
4.858920
5.171141
4.853622
4.378194
3.709776
3.737234
4.319393
4.735874
4.812971
4.539992
3.997230
3.449426
3.127654
3.404148
3.436756
3.209470
3.140227
3.134692
2.839839
2.477771
2.170143
1.974285
1.828209
1.861318
2.114356
2.305527
2.603487
2.904382
2.903644
2.568315
2.115684
1.680996
1.308667
0.991625
0.879006
1.365163
2.037156
2.398592
2.507226
2.501484
2.400689
2.116041
1.602261
1.127163
0.755558
0.631762
0.573132
0.542345
0.521816
0.491616
0.430083
0.309729
0.190681
0.085924
0.082485
0.121202
0.157733
0.166948
0.224550
0.303164
0.379640
0.426671
0.458139
0.434854
0.367196
0.345245
0.328851
0.266512
0.193635
0.128791
0.082476
0.092733
0.089504
0.105074
0.141485
0.154036
0.140974
0.121872
0.172908
0.226923
0.275775
0.341103
0.417690
0.479814
0.493694
0.452758
0.372358
0.294122
0.242171
0.214607
0.259653
0.296967
0.337086
0.341012
0.290823
0.307469
0.574626
0.857592
1.033317
1.137394
1.207342
1.312458
1.503661
1.600617
1.630048
1.631851
1.630428
1.703552
1.838073
2.119953
2.232779
2.337998
2.669920
2.882889
3.027481
3.202641
3.599206
4.183848
4.661686
5.042813
5.013103
4.964462
4.517618
3.853096
3.172634
3.480102
4.385833
5.556187
7.107371
7.813805
8.002495
7.761160
6.881918
5.315125
4.117839
3.189848
2.430649
1.807659
1.978409
2.079672
2.073026
2.057542
1.987477
1.974504
2.191142
2.508798
2.851570
3.142325
3.332984
3.272397
3.232016
3.024227
2.708682
2.621671
2.903307
3.125311
3.249798
3.536390
3.875019
4.050270
3.837420
3.437266
3.004102
2.748844
3.058383
3.427570
3.712404
3.848554
3.665066
3.311827
2.929376
2.574583
2.300269
2.039913
1.839538
1.997154
2.330903
2.662150
3.023929
3.135767
2.991252
2.583632
2.148423
1.776667
1.498579
1.448790
1.510122
1.436222
1.333756
1.399850
1.531762
1.700551
1.860331
2.019398
2.218704
2.427444
2.566228
2.580445
2.457985
2.230761
2.756438
3.720515
4.910882
5.004009
3.991295
3.093691
2.381165
2.464688
2.452160
2.431704
2.333340
2.265695
2.238448
2.122912
2.081956
2.304461
2.604932
3.091305
3.298261
3.354726
3.153833
2.877369
3.013518
3.188843
3.442631
3.656906
3.741417
3.627265
3.407674
3.168013
2.973309
3.022657
3.013983
2.845562
2.682551
2.553931
2.351246
2.426301
2.565150
2.690672
2.761541
2.766090
2.690428
2.553721
2.421934
2.395896
2.454217
2.382281
2.276236
2.317590
2.537241
2.754866
2.949403
3.101909
3.157328
3.045094
2.817770
2.573509
2.350514
2.752160
3.405926
3.871686
3.865860
3.424618
2.939706
2.939465
2.723550
2.433558
2.313669
2.418357
2.352962
2.293533
2.278322
2.150528
2.040345
2.254185
2.377638
2.265973
2.127386
2.116526
2.255219
2.610175
3.015978
3.463916
3.858221
4.039720
3.839154
3.427340
2.948400
2.535373
2.217255
2.107271
2.042152
2.150989
2.155783
1.992339
1.988041
2.180429
2.267127
2.280315
2.579332
2.891586
3.168956
3.275037
3.185489
3.290689
3.440327
3.346189
2.946532
2.835576
3.090000
3.413035
3.754206
4.032586
4.121134
3.857316
3.215643
2.532703
2.660249
2.781898
2.792202
2.661459
2.616964
3.039128
3.551726
4.109913
4.589344
4.808199
4.551903
4.061073
3.508845
3.021197
2.602089
2.190897
1.837090
1.571821
1.441715
1.574347
1.678908
1.801275
1.790766
1.593607
1.279274
1.023746
0.802204
0.779998
0.908026
0.719488
0.456611
0.347363
0.298893
0.184141
0.050108
0.000000
0.000000
0.000000
0.000000
0.000000
0.000000
0.000000
0.000000
0.000000
0.000000
0.000000
0.000000
0.000000
0.016457
0.074025
0.178806
0.333800
0.545822
0.820791
1.163312
1.537275
1.744013
1.650387
1.732446
1.245442
0.902591
0.907615
1.009892
1.269526
0.000000
0.000000
0.000000
0.000000
0.000000
0.000000
0.000000
0.000000
0.000000
