track	type=wiggle_0
fixedStep	chrom=chr	start=1	step=1
0.000000
0.000000
0.000000
0.000000
0.000000
0.000000
0.000000
0.000000
0.000000
0.216848
0.319131
0.155461
0.062498
0.074599
0.333438
0.523234
0.584144
0.741043
0.800524
0.944084
1.209926
1.286271
1.301968
1.301968
1.301968
1.274514
1.191908
0.932616
0.476780
0.481232
0.698001
0.946879
1.213320
1.326009
1.232644
0.987539
0.801953
0.789340
0.975138
1.241166
1.126099
1.118985
0.895978
0.638097
0.539894
0.464584
0.381361
0.280925
0.184455
0.115524
0.161932
0.249595
0.345615
0.343446
0.242283
0.157220
0.165633
0.229697
0.293159
0.375075
0.438169
0.382239
0.271931
0.162040
0.174351
0.181324
0.149252
0.098261
0.060511
0.063248
0.172314
0.349965
0.602773
1.029427
1.340112
1.570680
1.636367
1.643100
1.601737
1.415145
0.918286
0.507121
0.254892
0.106933
0.162892
0.164167
0.129427
0.119377
0.157897
0.151812
0.089177
0.031922
0.002238
0.000000
0.001878
0.042883
0.144349
0.359901
0.739714
0.915760
0.963737
0.970819
0.963737
0.930833
0.814018
0.510483
0.281001
0.136997
0.056690
0.007226
0.006098
0.009865
0.006561
0.001826
0.001154
0.003982
0.003165
0.008922
0.010668
0.011634
0.011655
0.011520
0.036960
0.058271
0.057866
0.049535
0.046938
0.056611
0.056312
0.045155
0.053706
0.064282
0.063056
0.060478
0.064072
0.064072
0.064072
0.064072
0.082934
0.115687
0.135071
0.133592
0.157169
0.193605
0.225762
0.231224
0.210127
0.158897
0.190680
0.426646
0.427909
0.192121
0.185449
0.161238
0.120656
0.135490
0.171582
0.181654
0.166846
0.140092
0.097731
0.121005
0.157320
0.213442
0.264840
0.274574
0.354039
0.443101
0.486551
0.555228
0.686358
0.850287
1.041222
1.253025
1.484926
1.735725
2.015807
2.278351
2.368098
2.291146
2.132552
2.132871
1.947597
1.894379
2.116615
2.481699
2.837215
3.171979
3.551956
4.097850
4.720349
5.413948
6.141096
6.784191
7.130032
6.786183
6.151372
5.424181
5.016559
4.939512
5.097517
4.994450
4.751469
4.062659
3.626723
3.223965
2.856224
2.526653
2.253071
2.086567
1.875351
1.641759
1.428570
1.251192
1.421668
1.823563
1.816559
1.402613
1.173443
1.081997
0.979359
1.052905
0.973574
0.839909
0.682369
0.546005
0.444316
0.388032
0.336911
0.281778
0.304431
0.399034
0.417402
0.331180
0.251826
0.205042
0.152784
0.099090
0.056608
0.032437
0.020369
0.006236
0.000227
0.000440
0.001396
0.002767
0.006479
0.015544
0.028668
0.042895
0.068047
0.103481
0.141633
0.164353
0.166417
0.147949
0.109152
0.071560
0.041800
0.020147
0.006328
0.000317
0.000000
0.000000
0.000000
0.000000
0.002513
0.042540
0.119060
0.160402
0.121688
0.050584
0.009337
0.000013
0.003352
0.036724
0.067284
0.081169
0.073954
0.051472
0.060040
0.142938
0.250595
0.462689
0.700207
0.783472
0.690784
0.421943
0.176706
0.058974
0.007119
0.000000
0.000000
0.000000
0.000000
0.000000
0.000000
0.000000
0.000000
0.000000
0.000000
0.000000
0.000000
0.000000
0.000000
0.000000
0.000000
0.000000
0.000000
0.003441
0.024399
0.073786
0.072442
0.022754
0.000445
0.000000
0.000000
0.000000
0.000000
0.000000
0.000000
0.000000
0.001049
0.030927
0.058027
0.067576
0.124426
0.236643
0.315457
0.255102
0.153337
0.062707
0.014314
0.000000
0.000000
0.010879
0.053564
0.120534
0.152188
0.139761
0.092305
0.041387
0.005770
0.000000
0.000000
0.000000
0.000000
0.000000
0.000000
0.010877
0.074273
0.222792
0.493785
0.680029
0.749940
0.749940
0.680029
0.495617
0.228423
0.078912
0.011625
0.000000
0.000000
0.000000
0.000563
0.019426
0.044192
0.043679
0.018353
0.000376
0.000000
0.004760
0.045914
0.110003
0.236869
0.464646
0.806326
0.857435
0.626152
0.459319
0.281729
0.194254
0.129295
0.029768
0.000003
0.000000
0.000000
0.000122
0.000000
0.000000
0.000000
0.000000
0.000000
0.000000
0.000000
0.003318
0.036201
0.066296
0.037971
0.003340
0.000000
0.000000
0.000000
0.000000
0.000000
0.000000
0.000000
0.000000
0.000000
0.000000
0.000000
0.000000
0.000000
0.000000
0.000000
0.000000
0.000000
0.000000
0.000000
0.000000
0.000000
0.000000
0.000000
0.000000
0.000000
0.000000
0.000000
0.000000
0.000000
0.000000
0.000000
0.000000
0.000000
0.000000
0.000000
0.000000
0.000000
0.000000
0.000000
0.000000
0.000000
0.000000
0.000000
0.000000
0.000000
0.000000
0.000000
0.000000
0.000000
0.000000
0.000000
0.000000
0.000000
0.000000
0.000000
0.000000
0.000000
0.000000
0.000000
0.000000
0.000000
0.000000
0.000000
0.000000
0.000000
0.000000
0.013025
0.072183
0.186134
0.366778
0.635497
1.044171
1.621248
1.946631
1.956361
1.670283
1.152464
0.819777
0.597065
0.462663
0.410010
0.406278
0.472392
0.727905
0.955314
1.148939
1.026425
0.739881
0.475485
0.442398
0.618907
0.818740
0.981172
0.994443
0.840474
0.651200
0.470374
0.320247
0.202894
0.114214
0.053583
0.017416
0.001060
0.002996
0.020900
0.055821
0.107549
0.165236
0.193178
0.179063
0.123606
0.071316
0.030640
0.007010
0.000000
0.000000
0.000000
0.000000
0.000000
0.000000
0.000000
0.000000
0.000000
0.000123
0.006862
0.023176
0.045162
0.070570
0.109842
0.145866
0.158930
0.208287
0.280068
0.350126
0.387443
0.374978
0.310858
0.243960
0.189192
0.173565
0.205565
0.206147
0.167441
0.123291
0.080493
0.045443
0.020102
0.005131
0.019309
0.049660
0.095704
0.158388
0.237883
0.331462
0.444946
0.568877
0.666511
0.704054
0.629072
0.549520
0.617918
0.668548
0.878904
1.116531
1.362034
1.663031
2.028926
2.439549
2.777105
2.950107
2.797344
2.493778
2.218823
1.982111
2.065343
2.114389
2.118812
2.101417
2.446870
3.079295
3.820125
4.673253
5.585795
6.575737
8.123848
9.050555
8.102672
6.463563
5.334422
4.415833
3.760381
3.771141
3.982020
4.260855
4.723383
5.290651
5.654448
5.529836
4.971384
4.286152
3.631073
3.123706
3.603140
3.616574
3.362689
3.043572
2.549176
2.038916
1.614609
1.201766
1.281308
1.253490
1.121951
0.964848
0.817224
0.929135
1.111988
1.315355
1.521115
1.671589
1.690915
1.593775
1.481059
1.390099
1.259494
1.355500
1.503306
1.580023
1.561813
1.417810
1.233141
1.041756
0.879272
0.784045
0.696133
0.610422
0.554356
0.550956
0.534269
0.479135
0.400885
0.326869
0.288790
0.230578
0.163949
0.147732
0.322474
0.600620
0.889432
1.011209
1.051298
1.056028
1.136663
1.549630
1.901284
1.950522
2.347723
2.827709
3.340452
3.933673
4.450257
4.611798
4.271342
3.682309
3.193251
3.880731
4.734213
5.724589
6.856796
6.905292
5.799507
4.790428
3.886320
3.110306
2.455019
1.917087
1.469149
1.097504
0.796711
0.552346
0.359181
0.212302
0.137104
0.158855
0.157532
0.123399
0.085564
0.037487
0.014540
0.024115
0.032177
0.032930
0.060103
0.068030
0.053595
0.068404
0.115974
0.157163
0.160839
0.132355
0.135936
0.149476
0.129699
0.106562
0.155777
0.186910
0.177132
0.152954
0.191339
0.224512
0.216409
0.237948
0.262225
0.242364
0.227633
0.213040
0.169214
0.205100
0.274033
0.316075
0.311464
0.272133
0.223713
0.164292
0.192806
0.237300
0.262169
0.251125
0.207804
0.154601
0.220164
0.343814
0.395266
0.332951
0.260349
0.310879
0.364105
0.413546
0.423262
0.424228
0.394177
0.556269
0.795185
1.064068
1.251475
1.296320
1.638762
2.136991
2.778385
3.370361
3.354660
2.758307
2.320295
2.227814
2.758422
3.195476
3.318974
2.962682
2.672649
2.166394
1.669963
1.244904
0.901132
0.929309
0.847007
0.659768
0.487835
0.493490
0.596191
0.622335
0.560402
0.560610
0.687443
0.820814
0.968929
1.135580
1.320044
1.529080
1.744106
1.940165
2.090513
2.123205
2.044321
1.838784
1.612966
1.417134
1.270759
1.118894
0.963054
1.035923
1.089462
1.051727
0.936468
0.840331
0.736432
0.710996
0.615782
0.687357
0.762069
0.860370
0.920632
0.894383
0.807010
0.704865
0.599792
0.493285
0.399271
0.366367
0.390704
0.483222
0.605375
0.704548
0.817481
0.925942
1.035045
1.161347
1.296104
1.422756
1.544530
1.595982
1.762291
2.140761
2.615777
3.184610
3.863008
4.639827
5.523028
6.537879
7.682859
8.851496
9.810487
9.925355
9.254159
8.142999
6.983027
5.982111
5.065640
4.245509
3.564833
3.075679
2.587447
2.115537
1.688417
1.444840
1.849496
2.065911
1.864328
1.837737
2.167760
2.486719
2.647913
2.570020
2.327232
1.971229
1.615664
1.301631
1.027398
0.842788
0.799022
0.788013
0.813149
0.966425
1.142428
1.334949
1.539179
1.760630
2.009327
2.283839
2.579098
2.865139
3.077956
3.201617
3.128053
2.931303
2.664745
2.439055
2.307582
2.110602
1.909432
1.749213
1.562490
1.403951
1.562213
1.577763
1.474529
1.624589
1.746127
1.771624
1.679913
1.503193
1.348670
1.334247
1.496912
1.678483
1.879940
2.087945
2.324481
2.580099
2.826990
2.995575
3.005108
2.856040
2.605403
2.333763
2.090595
1.881244
1.684824
1.496652
1.320987
1.235884
1.547883
2.037912
2.611088
3.157173
3.354969
3.125390
2.575430
2.015288
1.610367
1.435515
1.527572
1.541874
1.709341
1.899384
2.055172
2.294405
2.582759
2.801513
3.012607
3.231147
3.469419
3.692646
3.894743
3.959510
3.884695
3.725633
3.493793
3.249222
3.020496
2.773588
2.503835
2.551041
2.695743
2.804938
2.805736
2.684415
2.506525
2.333017
2.388241
2.432555
2.497808
2.511462
2.563920
2.508718
2.397162
2.465035
2.667213
2.808225
2.772797
2.909338
3.135971
3.408695
3.699299
3.985168
4.256649
4.461505
4.459496
4.575044
4.940745
5.235827
5.390376
5.292394
4.987761
4.603535
4.228609
3.995775
3.968853
3.763927
3.499761
3.190959
2.872762
2.584683
2.337363
2.102381
2.082166
2.175563
2.125037
1.990516
1.834180
1.726758
1.668667
1.526778
1.362356
1.194936
1.034564
0.952192
0.881002
0.778250
0.668707
0.555686
0.445790
0.352634
0.274168
0.206747
0.150702
0.101137
0.060665
0.040325
0.069585
0.095479
0.114044
0.116930
0.121591
0.187325
0.214824
0.204093
0.149711
0.156900
0.192665
0.199762
0.171476
0.135363
0.133395
0.108771
0.080007
0.114509
0.198612
0.217749
0.260619
0.341920
0.541914
0.824862
1.133579
1.451661
1.566551
1.401660
1.236244
1.182746
1.086821
1.005864
0.932659
0.910834
0.934793
0.880531
0.711890
0.935908
1.107277
1.072069
0.834266
0.571285
0.352593
0.189622
0.120274
0.062692
0.026068
0.018143
0.013195
0.014926
0.028589
0.036450
0.022694
0.002666
0.000000
0.000000
0.000000
0.000000
0.000000
0.000000
0.000000
0.000000
0.000000
0.000000
0.000000
0.001860
0.043568
0.154270
0.363233
0.675697
0.822932
0.877566
0.878968
0.835577
0.720439
0.487933
0.277530
0.077555
0.008010
0.000000
0.000000
0.000000
0.000000
0.000000
0.000000
0.000000
0.000000
0.000000
0.000000
0.000000
0.000000
0.000000
0.000000
0.000000
0.000000
0.000000
0.000000
0.000000
0.000000
0.000000
0.000000
0.000000
0.000898
0.009158
0.018734
0.036123
0.062082
0.094406
0.135975
0.280679
0.561096
0.806213
0.942574
1.016499
1.392753
1.720240
1.774247
1.534712
1.175272
0.893666
0.987637
1.070920
1.200969
1.463789
1.577616
1.646383
1.808014
1.957376
2.203959
2.642563
2.730948
2.817834
3.347344
3.741928
3.064622
2.301717
1.754059
1.773535
1.681643
1.542826
1.410091
1.434507
1.384964
1.293753
1.288581
1.471597
1.668754
1.878925
2.095891
2.311473
2.504587
2.652092
2.791976
2.848185
2.775719
2.623375
2.726457
3.011325
3.318341
3.654022
4.003525
4.361829
4.746153
5.147607
5.570404
5.960517
6.202126
6.640027
7.134357
7.650446
8.190293
8.723849
9.217412
9.639557
9.815930
9.627554
9.495059
9.633238
9.903964
9.980697
10.070851
10.440832
10.543933
10.320077
9.935239
9.531955
9.887125
10.869501
11.854653
12.729951
13.324506
13.261960
13.547012
14.764527
16.021889
16.905920
18.098331
19.638035
21.066013
21.725292
21.069761
19.691990
18.090509
16.531767
15.099444
13.811439
12.809685
11.988451
11.055042
10.366805
10.173718
9.579686
8.889518
8.661903
8.385033
7.971274
7.819277
8.192040
8.384254
8.329105
8.248343
8.691035
9.131705
9.377917
9.498771
9.338639
8.851901
8.361134
7.832612
7.294538
6.902814
6.665263
6.268800
5.852318
5.637203
5.767550
5.691055
5.418439
5.435721
5.423065
5.175743
5.191308
5.481516
5.705625
5.666061
5.396133
4.993719
4.579725
4.219534
3.921745
3.713620
3.725873
3.601698
3.432324
3.339194
3.106148
2.997060
2.834440
2.601707
2.510127
2.377187
2.538169
2.589262
2.550025
2.807490
3.065510
3.311771
3.575274
3.865394
4.079848
4.148272
4.038366
3.825711
3.579962
3.637532
3.823135
3.865338
3.761343
3.519596
3.243908
2.990300
3.122078
3.110027
2.486793
2.148795
1.972236
1.796564
1.646835
1.540893
1.487719
1.378183
1.266868
1.230885
1.304862
1.321002
1.477794
1.760988
1.811338
1.668427
1.346506
0.922557
0.499179
0.230202
0.095121
0.161750
0.364398
0.686341
0.841069
0.770574
0.538617
0.448919
0.553336
0.636515
0.859812
1.334231
1.618072
1.700509
1.717257
1.701687
1.636806
1.433342
1.028112
0.835138
0.618849
0.448450
0.676791
0.855031
0.883671
0.760461
0.553740
0.346863
0.191030
0.088786
0.109989
0.176867
0.250315
0.338158
0.421015
0.453469
0.407580
0.383566
0.329853
0.244781
0.304056
0.390701
0.482284
0.565946
0.700725
0.911642
1.126840
1.240522
1.172853
0.975782
0.752394
0.739811
0.938675
0.945434
0.765341
0.460476
0.354723
0.348049
0.422325
0.550799
0.615397
0.774730
0.990377
1.210941
1.533056
2.012673
2.555346
3.087939
3.604839
3.591605
3.036717
2.390144
1.802852
1.320129
0.931211
0.627050
0.638449
0.659831
0.638069
0.575499
0.510391
0.564146
0.734591
0.928374
1.169807
1.458845
1.763034
1.990316
2.046220
1.854812
1.537322
1.230069
0.978635
0.945140
1.082741
1.301985
1.508614
1.594149
1.576382
1.643238
2.159980
2.774070
3.491430
4.306715
5.127284
5.514511
5.319408
4.556593
3.730184
3.000444
2.528447
2.495891
2.870779
3.397995
3.770245
3.773827
3.648911
3.252650
2.766346
2.278464
2.059834
2.440284
2.782696
2.920351
2.768551
2.392540
1.999270
1.641997
1.897597
2.064966
2.216063
2.061272
1.898917
1.662303
1.263054
1.165327
1.443914
1.706381
1.713037
1.642193
1.378403
1.028602
0.719034
0.624838
0.990836
1.179460
1.236090
1.250227
1.222492
1.160413
0.977252
0.572814
0.272742
0.111545
0.025971
0.000005
0.000000
0.000000
0.000000
0.000000
0.000000
0.000000
0.000000
0.000000
0.000000
0.000000
0.000000
0.001119
0.007445
0.014365
0.022981
0.020018
0.011944
0.003570
0.000000
0.000000
0.000000
0.000000
0.000000
0.000000
0.000000
0.000000
0.000000
0.000000
0.000000
0.000206
0.006932
0.022851
0.038419
0.041602
0.027657
0.009026
0.000429
0.000000
0.000000
0.000000
0.000000
0.000000
0.000100
0.000153
0.000000
0.000000
0.000000
0.000000
0.000000
0.000000
0.000000
0.000000
0.002476
0.051581
0.105380
0.130796
0.138165
0.138145
0.131836
0.108255
0.059096
0.033304
0.090513
0.179386
0.306449
0.479923
0.705853
0.989010
1.361475
1.754624
2.124983
2.378477
2.247754
1.895296
1.494715
1.126598
0.812742
0.810892
1.049907
1.287418
1.485207
1.479745
1.270795
1.025621
0.782893
0.584833
0.423378
0.293348
0.190573
0.111476
0.117867
0.189489
0.274154
0.367950
0.482420
0.600467
0.689905
0.744569
0.703961
1.017148
1.376930
1.510078
1.539625
1.540361
1.530238
1.493772
1.373811
1.068777
0.643094
0.367212
0.280922
0.412750
0.487291
0.470701
0.368532
0.382738
0.484300
0.606578
0.751284
0.907935
1.075547
1.242119
1.406612
1.578213
1.735418
1.851295
1.846504
1.812767
1.804802
1.825712
1.808073
1.666237
1.509844
1.392752
1.280098
1.288135
1.219597
1.107327
1.027102
0.988867
1.062876
1.155547
1.235741
1.280007
1.299204
1.442640
1.556991
1.609095
1.814767
1.999212
2.094566
2.019956
2.031621
1.909199
1.753601
1.710641
1.941247
2.290300
2.647309
2.937776
3.113667
3.020737
2.741173
2.420365
2.093339
1.986007
2.177528
2.370263
2.570834
2.788646
2.968999
3.024601
2.936659
2.743003
2.524395
2.299053
2.088264
1.906553
1.935679
2.211320
2.487311
2.694990
3.259968
3.864763
4.367143
4.400886
3.972330
3.435243
2.994437
2.858873
2.786437
3.109124
3.708497
4.568190
5.694971
7.339972
8.277933
8.542076
8.288649
7.345139
5.701057
4.505612
3.826346
4.333710
4.765593
4.935773
4.890634
4.653724
4.906867
5.240484
5.413313
5.510418
5.941837
6.547294
7.253426
7.967436
8.582506
8.713018
8.347872
7.657279
6.931742
6.227332
5.537454
4.905613
4.333489
3.842199
3.771669
3.501486
3.230408
2.906335
2.667796
2.636887
2.905348
3.184966
3.401539
3.479511
3.361178
3.408263
3.566822
3.602527
3.893482
4.264297
4.590765
4.783570
4.790106
4.656528
4.510776
4.526228
4.487052
4.567257
4.522021
4.365197
4.109641
3.773893
3.424109
3.233582
3.062023
2.872490
2.606837
2.806610
2.973156
3.160945
3.208141
3.245586
3.498237
3.641747
3.653889
3.555783
3.301970
3.552761
3.828215
4.085779
4.410677
4.759906
5.055073
5.281980
5.270347
5.032320
4.739151
4.421957
4.114285
3.807489
3.491566
3.169710
2.965938
2.718388
2.718200
2.678192
2.534304
2.348902
2.200200
2.354690
2.313098
2.151598
2.156621
2.719408
3.418124
4.138236
4.847220
5.443882
6.363732
7.288028
8.122163
8.893497
9.190365
8.591784
7.551754
6.521427
5.677835
5.193936
5.009120
4.457329
3.826459
3.231951
2.735249
2.480510
2.820107
2.957161
2.819717
2.487394
2.555275
3.004062
3.489947
3.811212
3.780144
3.433435
3.205052
2.825495
2.690978
2.344389
2.119175
2.256544
2.546870
2.725851
2.874155
2.941786
2.891440
2.733451
2.516101
2.265153
1.987805
1.847297
1.975309
2.079893
2.108403
2.042737
1.897798
1.764680
1.683558
1.593984
1.593032
1.568144
1.450903
1.368016
1.450394
1.466087
1.394954
1.208147
1.104949
1.111223
1.237289
1.335461
1.572648
1.822968
1.713960
1.593079
1.594587
1.754316
1.928268
2.075631
2.112737
1.999199
1.834327
1.817608
2.044921
2.252895
2.332129
2.276328
2.110491
1.965554
1.831859
1.813784
2.030719
2.458771
2.792371
2.864169
2.771297
2.755824
2.959474
3.109710
3.237517
3.209004
3.105787
3.060643
3.108884
3.046363
2.942294
3.043637
3.199883
3.380218
3.573314
3.780745
3.937573
4.064140
4.107148
3.975505
3.769795
3.529539
3.418012
3.540107
3.638764
3.649515
3.581330
3.498113
3.396951
3.493976
3.514252
3.416993
3.306765
3.141668
2.903312
2.556461
2.829915
3.119951
3.303510
3.285719
3.378343
4.227527
5.176142
6.354453
7.884130
9.859232
11.082968
11.510735
11.507899
11.076259
10.378803
10.073187
9.395405
8.744905
8.142743
8.797441
9.720970
10.297343
9.980508
8.951891
7.726783
7.311356
6.226840
5.124030
5.707387
6.035537
5.785914
5.172346
5.349237
5.880569
6.368444
6.758717
6.930569
6.647905
6.153980
5.928094
5.710154
6.278831
6.859738
7.191263
7.011677
6.445890
6.016317
5.574601
5.098371
5.245878
5.406497
5.329704
5.650465
6.069428
6.555397
6.984338
7.092781
6.844093
6.303783
5.691907
5.110012
4.567641
4.079514
3.618807
3.288356
3.136622
3.266371
3.266775
3.168409
3.245456
3.274172
3.352988
3.190505
2.920318
2.831324
2.801004
3.049483
3.698059
4.208794
4.533296
4.618190
4.492308
4.267510
4.418704
4.508382
4.432153
4.736062
5.074114
5.420608
5.697156
5.797947
5.657631
5.454911
5.611772
5.909997
6.180884
6.254278
6.125981
5.851442
5.648165
5.611838
5.811387
6.100912
6.236875
6.243845
6.296281
6.181489
6.040187
6.123569
6.114449
6.006806
6.070087
6.061661
6.154941
6.089013
6.264202
6.236564
6.019618
5.783207
5.740784
5.988413
6.012756
5.913193
6.129446
6.212889
6.151174
5.950202
5.881055
5.626479
5.154976
5.118259
5.033138
4.790278
4.465417
4.164448
3.885637
3.621181
3.317951
3.045824
2.894869
2.790378
2.894714
2.989179
2.941371
2.954881
3.079509
3.308792
3.500422
3.694247
3.858408
3.889016
3.711845
3.432628
3.115117
3.429634
3.945710
3.994326
3.548522
2.971305
2.967747
3.018678
2.767789
2.591142
2.966542
3.241835
3.211322
2.967327
2.882354
2.768231
2.808608
2.770793
2.711237
2.877060
3.096378
3.293097
3.610124
4.040938
4.525619
4.930904
5.094420
4.872703
4.422652
3.898352
3.408121
2.951925
2.554355
2.279228
2.179997
2.012465
1.796239
1.700028
2.030610
2.456001
2.882310
3.005777
2.872100
2.775993
2.614170
2.446686
2.355769
2.277277
2.014418
1.816402
1.772549
1.551785
1.384910
1.215222
1.111343
1.186305
1.252139
1.207893
1.047863
0.885356
0.733870
0.640814
0.541212
0.447207
0.469623
0.604704
0.790341
0.999903
1.155724
1.127081
0.960213
1.076882
1.483012
1.745045
1.956776
2.150344
2.316159
2.384543
2.531308
2.715472
2.817419
2.952867
3.042157
2.779614
2.594382
2.641630
2.572801
2.635882
2.753824
2.774514
2.603851
2.436916
2.419405
2.374294
2.192159
1.822950
1.690738
1.614722
1.609646
1.427284
1.274428
1.308772
1.425149
1.596912
1.778732
1.899758
1.854656
1.896671
1.949117
2.136936
2.377826
2.623589
2.777231
2.521250
1.633325
1.206942
1.209908
1.254998
1.182277
1.090879
0.931936
0.547745
0.482915
0.501141
0.604678
0.743307
0.897663
1.065184
1.243679
1.436898
1.623302
1.837910
2.082271
2.328965
2.522933
2.431269
2.444025
2.683676
3.005630
3.374630
3.781727
4.235711
4.716216
5.205856
5.644360
6.069241
6.248927
5.412380
5.159095
5.146791
4.951612
5.381419
5.970632
6.370962
5.793566
3.638060
3.214643
3.386855
3.468664
2.719071
1.690517
1.602942
1.831287
2.039960
2.083146
1.526294
1.416604
1.674508
2.056193
2.416309
2.329648
1.862004
1.320270
1.270326
1.035415
0.461019
0.404659
0.541425
0.575058
0.768690
1.126725
0.000000
0.000000
0.000000
0.000000
0.000000
0.000000
0.000000
0.000000
0.000000
