track	type=wiggle_0
fixedStep	chrom=chr	start=1	step=1
0.000000
0.000000
0.000000
0.000000
0.000000
0.000000
0.000000
0.000000
0.000000
0.000000
0.000000
0.006039
0.040200
0.325387
0.693697
0.896073
0.836764
0.620685
0.717819
0.920828
0.666271
0.372339
0.168351
0.141142
0.254205
0.427925
0.657142
0.935880
1.181207
1.222754
1.042138
0.884725
0.770452
0.666802
0.645802
0.614093
0.671531
0.582802
0.441812
0.310938
0.310759
0.340474
0.289291
0.238420
0.209260
0.146857
0.194552
0.364380
0.561081
0.763307
0.918417
0.963422
0.966271
0.946490
0.882943
0.728664
0.391135
0.153546
0.036380
0.007506
0.002788
0.008192
0.010913
0.019721
0.053513
0.086250
0.125192
0.219330
0.289541
0.336183
0.446880
0.446569
0.395019
0.485152
1.270680
2.282548
3.270494
3.862612
4.140882
4.139610
4.351077
4.564309
4.597553
4.441134
4.251159
4.285691
4.441419
4.866547
5.275036
5.662646
6.005221
6.095561
5.973493
5.612077
5.244888
5.096430
5.269680
5.413702
5.370932
5.558063
5.639721
5.480875
5.462682
5.653586
5.729264
6.250298
6.882409
7.557496
8.281945
9.065565
9.920304
10.837203
11.766523
12.609790
13.029646
12.609790
11.767029
10.844248
9.964485
9.221748
8.755206
8.584941
8.319855
8.014483
7.461533
8.005190
8.632640
9.244045
9.681273
9.766504
9.429340
8.859043
8.249551
7.655388
7.077082
6.522644
6.535025
7.027079
7.539626
8.033782
8.439353
8.588500
8.388472
8.076830
8.143462
8.677638
9.298931
9.960086
10.603724
11.110062
11.291105
11.017278
10.397902
9.740571
9.092331
8.510111
7.941077
7.387289
6.855652
6.350573
5.867442
5.948771
6.378447
6.765779
6.787912
6.447008
6.258328
6.580941
6.752889
7.335596
8.085683
8.926191
9.813164
10.568035
10.949201
10.563213
9.808599
8.921917
8.075970
7.294244
6.575104
5.914628
5.301023
4.738737
4.220947
3.747736
3.319695
3.139514
3.314187
3.418584
3.292160
3.016902
2.988671
3.212318
3.469322
3.714742
3.847456
3.848588
3.735344
3.607973
3.407044
3.389040
3.420827
3.296726
3.090683
2.874988
3.072773
3.321639
3.557837
3.662316
3.593004
3.474107
3.301688
3.098619
3.180395
3.147505
2.978391
2.747330
2.675956
2.866692
2.997483
2.951206
2.784105
2.554171
2.322088
2.102365
1.896238
1.709099
1.676412
1.841186
1.943915
1.937401
1.832428
1.666515
1.494770
1.332208
1.182608
1.056134
0.982246
0.983478
1.033138
1.185718
1.267706
1.266853
1.185381
1.028138
0.869426
0.755654
0.654941
0.567111
0.517561
0.438563
0.376823
0.282526
0.159474
0.089681
0.087705
0.079613
0.072669
0.082284
0.066831
0.065144
0.138745
0.244528
0.384292
0.558683
0.775770
1.035440
1.330011
1.638514
1.842097
1.864030
1.963845
2.263139
2.774935
3.402904
4.139842
4.965589
5.849126
6.474187
6.445692
5.827975
5.038795
4.332324
4.486569
4.676060
4.575103
4.084310
3.548185
3.459440
3.780274
3.738936
3.455438
2.988562
2.505791
2.069584
1.687124
1.359294
1.188004
1.443658
1.632109
1.660603
1.543340
1.384962
1.218668
1.106194
1.318295
1.730100
2.102299
2.031472
1.429238
0.944497
0.703862
0.728023
0.666613
0.547256
0.417048
0.309739
0.315391
0.407970
0.514253
0.629788
0.741545
0.805803
0.793583
0.829763
0.922652
1.072233
1.248043
1.434245
1.641420
1.855241
2.003713
2.021858
1.881027
1.687679
1.479598
1.278641
1.096204
0.928312
0.777392
0.674855
0.587786
0.482334
0.470847
0.601095
0.745989
0.867743
0.910560
0.830586
0.727401
0.624644
0.803033
0.851981
1.053814
1.267207
1.425905
1.458927
1.319955
1.105251
0.894956
0.708208
0.545665
0.408122
0.293889
0.200062
0.124855
0.068318
0.033940
0.016309
0.006012
0.007116
0.016654
0.035347
0.063272
0.119566
0.179423
0.247538
0.306591
0.351890
0.378417
0.358512
0.307523
0.265242
0.232116
0.208396
0.170433
0.124667
0.083934
0.052445
0.030448
0.013167
0.002727
0.000000
0.013120
0.105297
0.236630
0.305624
0.326326
0.331887
0.333269
0.328902
0.303232
0.213213
0.049518
0.049259
0.041912
0.025537
0.009345
0.000943
0.000000
0.000000
0.000000
0.000000
0.000000
0.000000
0.000000
0.000000
0.000000
0.000000
0.000000
0.000000
0.000000
0.000000
0.000000
0.000000
0.000000
0.000000
0.000000
0.000000
0.000000
0.000000
0.000000
0.000000
0.000000
0.000000
0.000000
0.000000
0.000000
0.000000
0.000000
0.000000
0.000000
0.000000
0.022221
0.100913
0.259517
0.536314
0.942259
1.180060
1.254887
1.111457
0.748218
0.474589
0.281547
0.273546
0.375550
0.508691
0.666445
0.837299
0.976263
1.165305
1.426431
1.743028
2.107347
2.519927
2.983733
3.502242
4.061200
4.561455
4.830935
4.637308
4.149629
3.586520
3.059561
2.588998
2.169167
1.798625
1.476112
1.213037
1.208842
1.370368
1.470586
1.415215
1.290508
1.077890
0.859862
0.668896
0.531437
0.397813
0.416721
0.468705
0.555571
0.684839
0.897793
0.921650
0.906011
1.058717
1.238450
1.399585
1.443994
1.400716
1.538747
1.721263
1.944811
2.156411
2.240990
2.188938
1.985143
1.760052
1.542827
1.415183
1.598831
1.746057
1.924763
2.144280
2.350445
2.502779
2.489784
2.311696
2.096135
1.866606
1.645457
1.440030
1.324550
1.515400
1.719140
1.890723
1.919532
1.817060
1.667632
1.925359
2.090834
2.072761
1.871394
1.750419
1.490683
1.449947
1.708623
2.108083
2.405103
2.757758
3.166731
3.692892
4.215712
4.451252
4.337309
3.852803
3.695884
4.327816
5.007321
5.715324
6.257349
6.339443
5.854666
5.198030
4.827010
4.429327
5.311588
6.313281
7.903780
8.808981
7.883062
6.204108
5.826599
5.513268
4.904499
4.270327
4.167093
4.775421
5.453418
6.131968
6.635324
6.530711
5.954331
5.183645
4.434911
3.736300
3.459920
3.587686
3.486163
3.389636
3.133850
2.795324
2.270794
1.752167
1.311234
0.947297
0.655229
0.427198
0.256862
0.138067
0.068710
0.055084
0.086305
0.104625
0.086341
0.050687
0.021779
0.019051
0.022212
0.018630
0.043282
0.072014
0.087036
0.071156
0.041528
0.017241
0.003186
0.000000
0.000000
0.000000
0.000000
0.000000
0.000000
0.000000
0.000000
0.000000
0.000000
0.000000
0.000000
0.000000
0.000000
0.000000
0.000000
0.000000
0.000000
0.000000
0.000000
0.000000
0.000000
0.017603
0.095195
0.244901
0.445292
0.531932
0.557092
0.554597
0.538327
0.480557
0.358883
0.166836
0.066926
0.009967
0.000000
0.000000
0.000000
0.000000
0.000000
0.000000
0.000000
0.000000
0.000000
0.000000
0.000000
0.000000
0.000000
0.000000
0.000000
0.000000
0.000000
0.000000
0.000000
0.000000
0.000000
0.000000
0.000000
0.000000
0.000000
0.000000
0.000000
0.000000
0.000000
0.000000
0.000000
0.000000
0.002048
0.015385
0.042879
0.087680
0.151550
0.232867
0.333475
0.449239
0.568699
0.650717
0.635660
0.537012
0.427342
0.325458
0.232903
0.156396
0.096486
0.052428
0.027716
0.025172
0.043794
0.035076
0.004541
0.000000
0.000000
0.008723
0.039519
0.103912
0.200203
0.317796
0.426293
0.549481
0.688484
0.797948
0.780086
0.633352
0.469466
0.332099
0.251747
0.217065
0.172166
0.199447
0.219342
0.209317
0.264667
0.276432
0.383972
0.498836
0.565236
0.638039
0.678535
0.864951
0.993660
1.147303
1.380005
1.736304
2.177671
2.117728
1.545398
1.147767
0.784083
0.495897
0.293301
0.346821
0.427242
0.485445
0.497610
0.496211
0.570159
0.636581
0.669108
0.778419
0.860253
0.902110
0.933884
0.957352
1.048112
1.170469
1.217555
1.235282
1.321644
1.341185
1.244271
1.103875
1.258290
1.381837
1.446260
1.392145
1.501056
1.668419
1.875310
2.109354
2.349180
2.598983
2.827818
3.036638
3.139378
2.993609
2.767150
2.512415
2.682158
2.886589
3.067407
3.204476
3.207440
3.070936
2.831796
2.598101
2.408636
2.453916
2.723609
3.024893
3.328726
3.628630
3.934300
4.222846
4.441757
4.432955
4.216281
3.909580
3.565122
3.332595
3.255332
3.138852
3.647085
4.412834
5.288702
6.299618
7.449555
8.638045
9.604591
9.738933
9.082088
7.936774
6.783953
5.845196
5.391140
6.034626
6.471558
6.366039
5.977393
5.355197
4.689106
4.191439
4.506061
4.964054
5.617006
6.174125
6.385717
6.180617
6.038525
6.512154
6.725324
6.979423
7.239432
7.440416
7.081162
6.496230
6.621788
7.502625
8.405713
9.001594
8.956366
8.278111
7.373713
6.450558
6.339035
6.856541
7.374702
7.858215
8.278953
8.426035
8.420801
8.152985
7.711782
7.218013
6.665411
6.123463
5.610603
5.137464
4.682413
4.258415
4.204082
4.501321
4.792933
4.801584
4.954782
4.906364
4.623905
4.262619
3.922783
3.643769
3.580936
3.576948
3.414949
3.347602
3.470536
3.347423
3.102223
3.016478
2.878834
2.807218
2.640913
2.622141
2.649743
2.634523
2.556011
2.408144
2.612941
2.878767
3.055079
3.021009
2.790396
2.783487
2.843150
2.786146
2.630918
2.773734
3.017957
3.299006
3.590341
3.872576
4.154159
4.402003
4.652429
4.933762
5.220433
5.659194
6.006893
6.339221
6.699296
7.073461
7.469762
7.874019
8.219790
8.515247
8.688488
8.610399
8.282224
8.058328
8.384376
8.685711
8.913714
8.995252
8.813657
8.524590
8.089177
7.623010
7.216536
6.870140
6.520362
6.170104
5.889468
5.716067
5.868028
6.025615
6.023182
5.854134
5.553150
5.356745
5.143999
4.691126
5.045430
5.434723
5.812138
6.056478
6.026462
6.171366
6.592925
6.946305
7.131980
7.037341
6.679843
6.225086
5.771282
5.585947
5.583591
5.368987
5.023510
4.612448
4.191150
3.811152
3.492566
3.195478
3.068102
3.182906
3.120426
2.948929
2.746932
2.600821
2.524164
2.338959
2.122926
1.914757
1.730065
1.624249
1.538933
1.394322
1.239383
1.076232
1.231044
1.402234
1.423689
1.317249
1.083040
0.722918
0.492793
0.585827
0.640159
0.601266
0.530465
0.479712
0.497064
0.526516
0.557104
0.551643
0.438646
0.394839
0.482367
0.584495
0.584611
0.490175
0.431887
0.339851
0.474688
0.581071
0.753765
0.807337
0.681306
0.666407
0.937262
1.232551
1.433148
1.658500
1.789613
1.619692
1.429931
1.351503
1.244516
1.155740
1.074784
1.050978
1.076903
1.018289
0.875616
1.123819
1.318449
1.278369
1.015557
0.719990
0.468038
0.272274
0.202387
0.123772
0.068565
0.055239
0.047931
0.050400
0.073499
0.085811
0.063665
0.023470
0.001376
0.000000
0.000000
0.000736
0.005662
0.020349
0.039527
0.047388
0.034850
0.016817
0.007585
0.010454
0.073025
0.208677
0.444475
0.800235
0.967414
1.029819
1.031746
0.983528
0.854502
0.591575
0.349027
0.116347
0.024605
0.000000
0.000000
0.000000
0.000000
0.000000
0.000000
0.000000
0.000000
0.000000
0.000000
0.000000
0.000000
0.000000
0.000000
0.000000
0.000000
0.000000
0.000000
0.000000
0.000000
0.000000
0.000000
0.000000
0.000000
0.000000
0.000000
0.000000
0.000248
0.000865
0.000000
0.000000
0.000000
0.000000
0.000000
0.000000
0.000000
0.000000
0.000169
0.000000
0.000000
0.017175
0.069830
0.132408
0.164570
0.164147
0.157513
0.228836
0.240637
0.267532
0.432748
0.680429
1.009160
1.405556
1.865455
2.199726
2.138084
1.743362
1.300401
0.907912
0.679275
0.521927
0.440589
0.334229
0.219715
0.158472
0.160734
0.136665
0.116158
0.085949
0.067634
0.033191
0.008358
0.000000
0.000000
0.004554
0.012818
0.013754
0.087818
0.148052
0.171350
0.194195
0.291451
0.396389
0.435509
0.382102
0.249552
0.237521
0.347339
0.473574
0.573924
0.600638
0.520724
0.406564
0.295460
0.365116
0.470545
0.589848
0.727019
0.874761
1.020164
1.149061
1.198565
1.150463
1.013222
0.874308
0.763523
0.820569
0.974943
1.068687
1.214705
1.397712
1.576638
1.716793
1.780292
1.701609
1.546552
1.354354
1.184976
1.148707
1.263984
1.280125
1.194035
1.280049
1.507416
1.751349
1.998800
2.162104
2.190774
2.051609
1.801558
1.556078
1.511927
1.385976
1.451814
1.443097
1.329427
1.171457
1.393739
1.757181
2.172532
2.593687
2.756481
2.626954
2.720002
2.592040
2.214773
1.751800
1.340008
1.023254
0.912037
0.981720
1.053517
1.194602
1.394851
1.686744
2.069642
2.525858
3.052698
3.829135
4.953286
5.525434
4.923864
4.122041
3.534035
2.958790
2.514838
2.461633
2.637266
2.636964
2.431406
2.153622
1.829811
1.541795
1.509023
1.639483
1.721777
1.658241
1.547294
1.480528
1.536046
1.744732
1.817875
1.741153
1.638840
1.458936
1.331582
1.559447
1.773979
1.929300
2.083885
2.183321
2.359438
2.175917
1.844027
1.480491
1.147074
0.938124
0.841747
0.841654
1.042165
1.241253
1.359527
1.358229
1.253217
1.079976
0.883714
0.724569
0.588722
0.553454
0.511631
0.409015
0.305775
0.282991
0.366981
0.444852
0.496050
0.484824
0.412905
0.329232
0.244743
0.185268
0.262548
0.343633
0.389881
0.380717
0.594780
1.006002
1.585066
1.807329
1.584085
1.068841
0.824683
0.812310
0.810921
1.039945
1.617453
1.960240
2.052426
2.073428
2.055355
1.969893
1.716719
1.197114
0.737664
0.434417
0.232625
0.304776
0.346025
0.294835
0.254600
0.321830
0.469746
0.677057
0.932719
1.188005
1.371749
1.364716
1.179516
0.910128
0.666673
0.645060
0.828891
1.135870
1.434606
1.604527
1.456810
1.191659
0.880454
0.680306
0.587907
0.648013
0.772663
0.893998
0.939863
0.901125
0.799005
0.690545
0.595379
0.509726
0.434772
0.362911
0.302288
0.335892
0.378901
0.423131
0.535952
0.614004
0.707173
0.848346
0.778289
0.833440
0.898607
1.071563
1.053827
0.849052
0.976247
1.070126
1.073505
0.996201
1.001814
1.096638
1.206491
1.353398
1.520756
1.682219
1.769251
1.735618
1.606910
1.416113
1.220888
1.278107
1.421378
1.620370
1.794542
1.831975
1.715468
1.517663
1.323927
1.125266
1.017365
0.862021
1.153054
1.548355
2.041799
2.637856
3.340853
4.159682
5.078078
5.917500
6.252950
5.868901
4.984737
4.060355
3.284646
2.675029
2.705409
3.258988
3.848903
4.230472
4.286826
4.195794
3.828376
4.211823
4.813344
5.460782
6.176345
6.966423
7.676569
7.897153
7.613401
6.911597
6.145136
5.427740
4.764514
4.158516
3.608984
3.113897
3.256932
3.948917
4.682456
5.213316
5.209784
4.668110
3.931154
3.232613
2.624681
2.107395
1.676959
1.319592
1.022399
0.780509
0.614904
0.524209
0.386253
0.256898
0.295652
0.347775
0.346326
0.426559
0.559142
0.697188
0.783719
0.780573
0.693576
0.578756
0.477336
0.451804
0.447889
0.429497
0.495114
0.486040
0.555203
0.714379
0.896466
1.082596
1.259262
1.431021
1.558528
1.610569
1.615433
1.584481
1.581992
1.632617
1.659364
1.753096
1.804764
1.755024
1.771607
1.921331
2.104768
2.314342
2.550375
2.806766
3.055521
3.270479
3.403767
3.381481
3.219990
2.999883
2.747987
2.502714
2.310145
2.128336
2.210324
2.362196
2.426041
2.421198
2.311323
2.140590
2.194351
2.375015
2.455860
2.389498
2.259530
2.218107
2.139440
2.012715
1.877846
1.737661
1.578338
1.335965
1.380481
1.306952
1.242569
1.361464
1.443081
1.412256
1.324124
1.187490
1.153064
1.299740
1.439717
1.518422
1.519823
1.434782
1.282759
1.322783
1.274290
1.270941
1.473760
1.708203
1.963821
2.223023
2.465916
2.663278
2.762536
2.912163
2.961935
3.098587
3.146074
3.461414
3.857804
4.222524
4.344089
4.198438
3.830353
3.853855
4.351832
4.954510
5.626385
6.342246
7.111375
7.875009
8.498673
8.508737
7.944190
7.135509
6.323703
5.581752
4.933790
4.431901
4.776628
5.136551
5.185449
4.933405
4.529485
4.092948
4.442257
4.890316
5.214987
5.354281
5.206487
4.950761
4.782525
4.561475
4.662444
4.596475
4.491842
4.529487
4.596302
4.594038
4.817125
5.176579
5.504166
5.653635
5.635786
5.545374
5.846397
6.041751
5.861374
6.043049
6.355994
6.727175
7.172108
7.640364
7.982067
8.119777
7.875318
7.432938
6.937911
6.471401
6.784055
7.292770
7.733841
7.923552
7.808313
7.431200
6.922229
6.388156
5.926794
5.703894
5.964612
6.235910
6.388834
6.391209
6.160230
5.830218
6.182203
6.489790
6.605088
6.449528
6.296475
6.012717
5.709154
5.485238
5.192740
5.302723
5.187349
4.785892
4.389253
4.607965
4.855203
4.991757
5.139367
5.338971
5.219904
4.977087
5.510610
6.188880
6.633786
7.026800
7.101930
6.926743
6.577391
7.066444
7.494536
7.140385
6.703549
6.610211
6.158448
5.814451
6.557063
7.337864
7.942835
8.156508
7.722479
7.098937
6.304117
5.531554
5.666168
5.622239
5.282261
4.851411
4.435688
4.293214
4.683665
4.660039
5.100330
5.459788
5.482974
5.133626
4.649467
4.258812
4.051401
3.942733
4.223963
4.601342
4.173946
3.894662
3.983052
4.087845
4.135416
4.069531
3.946342
3.970598
4.060462
3.959893
3.916692
4.288867
4.675958
4.988094
5.162558
5.057612
4.773206
4.389031
4.021499
3.755163
3.592138
3.451894
3.615623
3.818924
4.107646
4.468888
4.838110
5.057328
5.047984
4.813398
4.429374
4.022718
3.652269
3.487257
3.692293
3.627392
3.591018
3.448500
3.127326
2.753918
2.549275
2.589166
2.459672
2.225254
2.200397
2.321839
2.361279
2.352981
2.355266
2.334186
2.215530
2.064448
1.877743
1.713106
1.804939
1.862731
1.792822
1.574324
1.351731
1.159073
0.971123
1.007074
1.177882
1.276986
1.241551
1.472166
1.776620
1.975251
2.592953
3.300949
3.957897
4.291303
3.971724
3.742178
4.037261
4.499903
4.588370
4.130218
3.947867
3.806600
3.537843
2.917718
2.198129
2.084774
1.836838
1.541802
1.148755
1.392022
1.687902
1.932147
1.945218
1.731972
1.565894
1.842573
2.246925
2.585154
2.613648
2.286940
1.882586
1.482479
1.122566
0.893053
1.008444
1.039687
0.903358
0.805335
0.999032
1.115508
1.093535
0.960645
0.956967
0.953506
0.802625
0.621942
0.447282
0.301260
0.204602
0.258489
0.271365
0.217746
0.235206
0.449782
0.720557
0.931653
0.930601
0.726537
0.485561
0.312522
0.239083
0.184710
0.259867
0.429573
0.750989
1.184869
1.719959
1.993127
1.883610
1.482776
1.294014
1.160618
0.953685
0.577360
0.418710
0.411417
0.356405
0.276832
0.208480
0.214872
0.288145
0.354064
0.381174
0.406349
0.516902
0.648734
0.789547
0.921953
1.014731
1.023276
0.940112
0.926336
1.001674
1.069718
1.187322
1.214838
1.136964
1.131083
1.218417
1.267093
1.334380
1.282548
1.153200
0.985461
0.808342
0.654133
0.653482
0.631481
0.540420
0.425741
0.322279
0.240324
0.217555
0.211125
0.279719
0.393139
0.525638
0.669219
0.798857
0.886499
0.889141
0.816534
0.799267
0.944107
1.063586
1.187698
1.276001
1.393391
1.383129
1.289429
1.396091
1.468184
1.816471
1.998648
2.256819
2.532550
2.881246
3.479072
4.005603
4.396229
4.329087
3.911827
3.602112
3.248519
3.414603
3.990523
4.741515
5.766729
7.233485
8.992421
9.631624
9.013043
7.278183
6.292945
5.747165
5.099567
4.496770
3.982013
4.400728
4.906944
5.494266
5.601320
5.669651
5.517839
4.975509
4.296327
3.628775
3.087096
2.652318
2.262156
2.080426
2.516353
2.638131
2.524354
2.622033
2.461307
2.210217
2.336040
2.213043
2.155572
2.093684
2.328587
2.571507
2.640009
2.506166
2.319399
2.116190
1.923587
1.814805
1.984360
2.282505
2.601451
2.843766
2.968253
2.781266
2.474289
2.133103
1.804983
1.512774
1.257370
1.187087
1.361949
1.541033
1.804274
2.030348
2.239413
2.455949
2.692251
2.946159
3.196258
3.379020
3.421379
3.269714
3.309761
3.464611
3.795847
4.109809
4.391162
4.464634
4.470958
4.545359
4.438238
4.616928
4.855276
4.832383
4.547001
4.188455
3.840293
3.495215
3.183277
2.919337
2.677619
2.477223
2.501997
2.561394
2.623158
2.812565
2.921199
3.015548
3.203508
3.126297
2.888856
2.840407
2.897571
3.121422
3.401605
3.651166
3.845872
3.984167
3.948186
3.757180
3.514714
3.349394
3.208858
2.970347
2.725079
2.726120
2.852142
2.875493
2.805890
2.650447
2.513653
2.475991
2.435832
2.423686
2.548924
2.656537
2.725397
2.694794
2.540476
2.334083
2.162288
2.052666
2.219709
2.417361
2.683998
2.983412
3.035825
2.997950
3.726790
4.556707
5.433185
6.136797
6.153966
5.484471
4.646582
3.791604
3.780294
4.178620
4.601136
4.986819
5.253119
5.255148
4.993872
4.992182
5.473067
5.784251
5.827305
5.592139
5.154994
4.685720
4.240983
3.867326
3.558176
3.959824
4.356156
4.490754
4.258063
3.836391
3.486311
3.472353
3.357930
3.102595
2.923379
2.758106
2.684771
2.854308
2.994669
2.996742
2.864263
2.639436
2.455823
2.323054
2.288495
2.240853
2.402811
2.602833
2.735514
2.698060
2.722088
2.637670
2.775443
2.731486
2.689722
2.542437
2.323814
2.406025
2.660863
2.853364
3.046312
3.144722
3.093924
3.027223
3.003943
2.884485
2.664253
2.447672
2.251137
2.436948
2.502636
2.411941
2.282772
2.079798
1.865274
1.725406
1.842808
1.854489
1.721705
1.633988
1.583159
1.625924
1.571788
1.631470
1.611056
1.479876
1.304021
1.134844
1.131986
1.140429
1.085361
0.961073
0.836245
0.856778
0.953971
1.037589
1.094967
1.143475
1.160914
1.243310
1.348714
1.408528
1.507327
1.525956
1.442040
1.413717
1.396437
1.520028
1.503278
1.485189
1.377879
1.256833
1.062807
0.781617
0.586096
0.558318
0.636497
0.921899
1.264627
1.728953
2.062973
1.732280
1.248181
0.902087
1.132825
1.350957
1.447326
1.472474
1.554274
1.784710
1.931904
1.916317
1.753310
1.783281
1.785429
1.596827
1.914679
2.508104
3.231377
4.014338
4.669110
4.755216
4.269722
3.801304
3.657114
3.124556
2.820501
2.527214
2.719643
3.157282
3.737936
4.390034
4.968781
5.350906
5.334269
4.945762
4.559832
3.995434
3.825720
3.491159
2.997381
2.499060
2.002666
1.562001
1.748313
2.353284
3.085355
3.961180
5.120701
6.648425
7.379474
6.635182
5.093534
3.981645
3.088079
2.348345
1.747232
1.249984
1.377538
1.457842
1.425437
1.268112
1.086425
0.917794
0.966629
1.074145
1.147838
1.173062
1.186717
1.280166
1.391761
1.386054
1.261658
1.141786
0.985975
0.871019
0.873784
0.835749
0.792872
0.862445
0.965240
0.997196
1.074756
1.275412
1.389187
1.405053
1.279472
1.175992
1.233072
1.249596
1.355893
1.529232
1.917717
2.583917
3.357981
3.917079
3.325796
2.521755
2.383717
2.341121
2.475029
2.650613
2.746882
2.654859
2.894672
3.481383
4.319925
5.286277
5.952892
6.081101
5.732088
5.417418
4.952235
4.350604
4.307365
4.601612
4.822711
4.846397
4.881368
4.956623
4.874592
4.680770
4.539332
4.475605
4.428346
4.614263
4.641212
4.462467
4.179781
3.908184
3.656054
4.001881
4.349386
4.616997
4.654651
4.681353
4.578212
4.409904
4.720691
4.745427
4.499691
4.105540
3.701509
3.697413
3.836469
4.026449
4.101266
4.331101
4.391350
4.341234
4.049026
3.329959
2.460158
2.365217
2.110990
1.806924
1.800075
1.883653
1.790098
1.992584
2.245030
2.531960
2.757635
2.841469
2.739395
2.504880
2.277959
1.981348
1.875249
2.079227
2.337229
2.620328
2.917670
3.204515
3.424543
3.323962
2.637953
2.841719
3.206815
3.661685
4.180571
4.736396
5.332746
5.945033
6.408301
6.617954
6.317770
5.766277
5.279202
5.117066
5.458537
5.647986
5.505996
5.291348
4.903840
4.960963
6.036026
7.363904
7.913291
8.076685
7.916467
7.285645
5.774037
4.338489
3.424961
3.611577
3.908930
3.810928
3.399093
2.836651
2.796986
2.646295
2.283150
1.872700
1.606962
1.860967
2.135439
2.281208
2.435987
2.421277
2.150846
1.529698
1.078776
1.130517
1.117635
0.619394
0.170729
0.124436
0.044731
0.085910
0.205582
0.377441
0.567447
0.644880
0.548636
0.369159
0.229953
0.221765
0.285824
0.300518
0.280496
0.341208
0.558974
0.850801
1.300450
1.973874
2.978529
3.100984
0.000000
0.000000
0.000000
0.000000
0.000000
0.000000
0.000000
0.000000
0.000000
0.000000
