track	type=wiggle_0
fixedStep	chrom=chr	start=1	step=1
0.000000
0.000000
0.000000
0.000000
0.000000
0.000000
0.000000
0.000000
0.000000
0.000124
0.000000
0.000000
0.000000
0.000000
0.000000
0.000000
0.000000
0.000000
0.000000
0.000347
0.002504
0.013783
0.104503
0.507685
0.894863
0.985057
0.812759
0.592472
0.404843
0.261144
0.157194
0.165760
0.300828
0.473673
0.705425
0.927995
1.022956
0.881347
0.647491
0.702937
0.905909
0.651439
0.360029
0.157790
0.054772
0.009309
0.001743
0.018974
0.126598
0.292417
0.354854
0.325649
0.243211
0.162762
0.098509
0.051469
0.053553
0.116322
0.201943
0.301369
0.396577
0.412573
0.347575
0.282548
0.326723
0.301345
0.224514
0.134091
0.250718
0.439153
0.751652
0.900629
0.943904
0.952291
0.937451
0.871457
0.714088
0.373211
0.174215
0.086063
0.034892
0.068837
0.086359
0.081601
0.060156
0.053081
0.055633
0.025204
0.001890
0.000000
0.000001
0.029661
0.123902
0.299126
0.618415
1.196919
1.485185
1.564724
1.578238
1.564724
1.503379
1.286986
0.803115
0.447454
0.211034
0.072462
0.092909
0.126092
0.124757
0.093914
0.063669
0.040373
0.021688
0.013650
0.035094
0.066222
0.104695
0.138879
0.151331
0.131937
0.101211
0.120122
0.143872
0.209919
0.222283
0.167634
0.160480
0.200925
0.441808
0.909894
1.150834
1.218309
1.230236
1.230236
1.230236
1.218309
1.561236
2.049404
2.635247
3.326246
4.075269
4.698445
5.165690
5.176856
5.275950
6.647176
8.313775
8.313775
6.633471
5.106862
4.104854
3.257977
2.540197
1.941486
1.446846
1.057179
0.735329
0.486470
0.351988
0.287636
0.359780
0.482620
0.624874
0.779837
0.938905
1.074051
1.160485
1.376892
1.639763
1.937870
2.267891
2.628020
3.014256
3.385653
3.744089
3.903001
3.756589
3.564642
3.423196
3.122969
2.731961
2.782545
2.945365
3.161352
3.224709
3.143618
2.924774
2.850208
2.821804
3.009598
3.230450
3.428684
3.245279
2.932768
2.626741
2.213947
1.861333
1.606297
1.320485
1.194414
1.340467
1.462944
1.442926
1.308529
1.156440
1.001460
0.848971
0.709935
0.600501
0.522035
0.674679
1.121807
1.670970
1.782374
1.520209
1.389547
1.249339
1.000494
0.570284
0.592604
0.538685
0.429308
0.417402
0.510973
0.615493
0.731320
0.858233
0.990578
1.112641
1.172456
1.156914
1.189888
1.326519
1.442231
1.476539
1.445943
1.330304
1.186352
1.251410
1.396126
1.518098
1.657619
1.788505
1.809980
1.723416
1.556308
1.377022
1.210616
1.087624
1.069991
1.098519
1.057052
1.023306
1.078163
1.098551
1.188296
1.260262
1.238919
1.148392
1.044896
1.140758
1.163585
0.983078
0.865344
0.863973
0.822744
0.720624
0.607018
0.678243
0.753555
0.865787
0.997191
1.141487
1.297600
1.466321
1.643165
1.813788
1.923056
1.918860
1.811788
1.660372
1.522358
1.372464
1.255823
1.270779
1.274192
1.183596
1.059055
0.977205
0.975379
1.156358
1.315291
1.340342
1.261992
1.150885
1.299799
1.559580
1.862841
2.185233
2.498875
2.747490
2.741274
2.478035
2.158048
2.083380
2.361040
2.476408
2.456011
2.352707
2.524423
2.785258
2.824567
2.911029
3.176807
3.717319
4.267538
4.822910
5.730317
6.812989
8.280052
10.206470
11.317123
11.952242
11.952246
11.305693
10.135613
8.086542
6.534661
5.409741
4.559231
3.895741
3.287791
3.513261
3.927252
4.549424
5.262653
6.026174
6.747814
7.322240
7.259474
6.640589
5.876419
5.126208
4.444175
3.859519
3.705964
3.641494
3.444249
3.388342
3.256201
3.423944
3.453846
3.359774
3.026556
2.715753
2.776585
2.589497
2.374004
2.237292
2.167583
1.727738
1.400188
1.154898
0.937701
0.749038
0.786821
0.675946
0.490477
0.410638
0.312602
0.214883
0.121386
0.099812
0.131231
0.147614
0.160648
0.173812
0.234283
0.286364
0.356237
0.420361
0.450372
0.416999
0.355589
0.282474
0.270528
0.272528
0.275258
0.272752
0.375186
0.586263
0.755223
0.707529
0.505251
0.293383
0.137207
0.041390
0.032523
0.056311
0.073800
0.072918
0.056461
0.037541
0.037825
0.025726
0.009571
0.000782
0.000000
0.000000
0.000000
0.000000
0.000000
0.000000
0.000000
0.000000
0.000000
0.000000
0.000000
0.000000
0.000000
0.000000
0.000000
0.000000
0.000000
0.000000
0.000000
0.000000
0.000000
0.000000
0.000000
0.019282
0.081201
0.181921
0.348120
0.593822
0.924199
1.348004
1.890646
2.697121
3.526860
3.874050
3.967956
3.985524
3.985524
3.967956
3.871598
3.501422
2.589112
1.776599
1.297309
1.042414
1.026583
1.181025
1.161300
1.017625
0.944482
1.258637
1.619328
1.944777
2.229963
2.606727
2.774308
2.612794
2.246876
1.835357
1.456264
1.133135
1.319757
1.801682
2.283072
2.698084
2.681195
2.260680
1.778425
1.299360
0.929249
0.882449
0.916334
0.882033
0.730535
0.509343
0.313831
0.278621
0.253334
0.192502
0.120671
0.062480
0.108796
0.158591
0.174612
0.178825
0.178825
0.178825
0.172827
0.148217
0.077857
0.045707
0.042424
0.022217
0.003360
0.000000
0.000000
0.000000
0.000038
0.012780
0.021197
0.020600
0.010942
0.038300
0.124835
0.239264
0.364504
0.367209
0.248830
0.122914
0.072315
0.047443
0.022298
0.006897
0.000488
0.001133
0.007349
0.020155
0.028526
0.039556
0.032244
0.016662
0.004835
0.000001
0.000000
0.000000
0.000000
0.000000
0.001031
0.004112
0.004872
0.003643
0.000202
0.000000
0.002252
0.004103
0.009774
0.030520
0.063473
0.086613
0.077444
0.084949
0.072813
0.045271
0.032530
0.024520
0.040238
0.073343
0.094015
0.095367
0.176453
0.279653
0.404778
0.557866
0.680949
0.679393
0.555992
0.819885
1.132743
1.531732
2.030051
2.614035
3.272792
4.099794
5.071057
6.218628
7.515694
8.262591
7.683246
6.596498
5.678271
4.843914
4.445926
3.746507
3.055765
2.528095
2.444193
2.808422
3.370552
3.983588
4.576852
4.994046
4.897261
4.492730
4.296992
3.887809
4.105834
4.765162
5.443654
5.743750
5.443053
4.819350
4.173783
3.486187
3.402687
3.418926
3.155950
2.842164
2.377408
1.917163
1.442230
1.031138
0.702357
0.450369
0.273777
0.155280
0.194965
0.286505
0.380835
0.439213
0.419313
0.332211
0.240094
0.184121
0.140911
0.106933
0.129697
0.133675
0.103578
0.064919
0.032548
0.011682
0.002002
0.000000
0.000000
0.000000
0.000000
0.000000
0.000000
0.000000
0.000000
0.000000
0.000000
0.000000
0.000000
0.000000
0.000000
0.000000
0.000000
0.000000
0.000000
0.000000
0.000000
0.000000
0.000000
0.000000
0.000000
0.000428
0.013389
0.023999
0.028940
0.030417
0.030824
0.031311
0.032452
0.034449
0.035306
0.035220
0.051726
0.117177
0.171654
0.159060
0.067822
0.008729
0.000000
0.000000
0.000000
0.000000
0.000000
0.000000
0.000000
0.000000
0.000000
0.000000
0.000000
0.000000
0.000000
0.000000
0.000000
0.000000
0.003491
0.006682
0.000500
0.000000
0.000000
0.000000
0.000000
0.000000
0.000000
0.000000
0.000000
0.000000
0.000000
0.000000
0.000000
0.000000
0.020586
0.066751
0.036762
0.071049
0.071065
0.038731
0.009616
0.002019
0.000000
0.000000
0.000000
0.000000
0.000000
0.001512
0.008368
0.027900
0.047393
0.090006
0.120048
0.124057
0.197907
0.304937
0.432297
0.514742
0.573453
0.546430
0.663720
0.853106
1.076942
1.223746
1.205486
1.045856
0.861624
0.655724
0.566268
0.587116
0.514452
0.526885
0.780128
1.061472
1.229942
1.170164
1.459023
1.964602
2.610416
3.202178
3.184876
2.587755
2.099589
1.903199
1.629329
1.829877
2.245269
2.181275
1.616361
1.282020
1.015751
0.698682
0.428182
0.245815
0.150666
0.188294
0.215286
0.261638
0.341506
0.441462
0.563306
0.697370
0.813689
0.872456
0.847938
0.745804
0.625829
0.640964
0.620750
0.530809
0.435740
0.476429
0.565543
0.688268
0.817564
0.920380
0.964442
1.014169
1.016171
1.134339
1.299000
1.474914
1.669632
1.879475
2.095649
2.276857
2.354102
2.332650
2.559174
2.829823
3.014432
3.004306
2.807823
2.514591
2.220417
1.954838
1.736700
1.711187
1.757918
1.724605
1.799651
1.939748
1.963390
1.881557
1.743336
1.626127
1.658680
1.596507
1.687164
1.791954
1.805822
1.731583
1.836781
1.933386
1.974832
2.345828
2.971580
3.705784
4.541068
5.375544
6.019259
6.042684
5.463428
4.637820
3.867762
3.329596
3.128401
3.720395
4.273647
4.503532
4.465805
4.227489
4.059551
4.257046
4.623183
4.771687
5.137977
5.658997
5.838912
5.601467
5.373001
5.304924
5.514431
5.556414
5.759996
5.693611
5.551665
6.264522
7.108292
7.952725
8.754662
9.449475
9.403404
8.682323
7.817225
6.903590
6.058261
5.885672
6.368256
6.886401
7.422088
7.860223
8.022017
7.800658
7.317181
6.765512
6.243408
5.903103
6.217323
6.225281
5.965034
5.710234
5.541411
5.803731
5.842904
5.651503
5.291610
5.253848
5.216557
5.051054
5.233629
5.423847
5.652200
5.801775
5.973576
5.990403
5.855134
5.708857
5.593873
6.052408
6.418384
6.586776
6.404950
6.035890
5.683254
5.448143
5.268188
5.068820
4.874635
4.792882
4.588936
4.253298
3.903906
3.917219
4.123551
3.784909
3.819812
3.719621
3.538825
3.838592
4.173438
4.472819
4.716607
5.352604
5.834679
5.788353
5.196125
4.419846
3.860966
3.912081
3.830402
3.628198
3.581033
3.838339
4.113517
4.229258
4.328353
4.425614
4.350741
4.187876
4.080543
3.929225
3.639688
3.661336
3.628209
3.720460
3.682184
3.572172
3.552444
3.528727
3.545535
3.504871
3.643435
3.737398
3.735175
3.613415
3.496625
3.726044
4.066269
4.133577
4.035923
4.114254
4.293884
4.467752
4.612598
4.644821
4.471992
4.209942
3.953884
3.689684
3.429101
3.143450
2.841768
2.815690
2.879332
2.866988
2.739473
2.384987
1.712091
1.658887
1.508994
1.313804
1.427584
1.717302
1.848375
1.770432
1.467026
1.202586
1.109027
1.060608
0.960037
0.822862
0.688414
0.568096
0.574911
0.669717
0.768277
0.874161
1.064754
1.590422
2.344724
2.702338
2.694417
2.330983
1.615054
1.329584
1.479559
1.498556
1.429248
1.248773
1.560662
1.980114
2.397447
2.572715
2.432711
2.064069
1.799315
2.025065
2.172968
2.100377
1.842028
1.613585
1.599455
1.713627
1.695426
1.528258
1.464909
1.391267
1.430049
1.412594
1.254585
1.181325
1.316891
1.559483
1.794162
1.807813
1.604955
1.575694
1.958247
2.324586
2.745910
3.160177
3.750621
4.207986
4.334472
4.038679
3.418251
2.786224
2.233302
1.903008
2.014696
2.084301
2.058212
1.901737
1.550966
1.051911
0.669127
0.473550
0.317268
0.191163
0.099905
0.038383
0.006203
0.000000
0.000000
0.000000
0.000000
0.000000
0.000000
0.000000
0.000000
0.000000
0.000000
0.000000
0.000000
0.000000
0.000700
0.042261
0.077424
0.088168
0.089260
0.086011
0.079029
0.065413
0.030052
0.000000
0.000000
0.000000
0.000000
0.000000
0.000000
0.000000
0.000000
0.000000
0.000000
0.000000
0.000000
0.000000
0.000000
0.000000
0.000000
0.000000
0.000000
0.000000
0.000000
0.000000
0.000000
0.000000
0.000000
0.000000
0.000000
0.000000
0.000000
0.000000
0.000000
0.021002
0.109479
0.284236
0.571570
0.818948
0.948764
1.018085
1.366649
1.688523
1.746942
1.499936
1.129439
0.810413
0.569901
0.500601
0.723859
0.932011
0.970268
0.838786
0.784693
1.092278
1.457983
1.750714
1.769614
2.001918
2.524994
2.775828
2.205906
1.521496
1.045002
0.715530
0.450500
0.244333
0.105658
0.027217
0.000109
0.000000
0.000000
0.000000
0.000000
0.000000
0.000000
0.000000
0.000000
0.000000
0.000000
0.000000
0.000000
0.000000
0.000008
0.000040
0.000000
0.000000
0.000000
0.000000
0.000000
0.000288
0.001716
0.006509
0.018838
0.019079
0.007127
0.006513
0.017971
0.083348
0.203330
0.380238
0.611853
0.885567
1.090103
1.083635
0.884256
0.621462
0.477465
0.487706
0.449210
0.420878
0.506410
0.628831
0.727636
0.745032
0.802622
0.902787
0.917365
0.844661
0.720012
0.589608
0.541061
0.534984
0.693078
0.704526
0.711854
0.872112
1.054579
1.193835
1.244409
1.175421
1.163758
1.420761
1.677440
1.845217
1.857813
2.081187
2.358126
2.480654
2.384984
2.116871
1.845605
1.849123
2.126799
2.373006
2.589425
2.727690
2.678938
3.043099
3.418904
3.620011
3.569523
3.252575
2.980335
2.954599
3.269300
3.554328
3.798233
3.818710
4.291151
4.942188
5.725537
6.614822
7.596084
8.684414
9.803869
10.635952
10.594468
9.688679
8.535967
7.461107
6.579359
6.125838
6.239347
6.259474
6.184167
5.876538
5.226115
4.541764
3.912271
3.358270
2.895954
2.459722
2.048014
2.138184
2.399865
2.658528
2.887738
3.209188
3.567901
3.780995
3.711235
3.464025
3.120422
2.970837
3.264521
3.492784
3.482777
3.266828
2.937606
2.591820
2.254991
1.936118
1.647054
1.655005
1.821136
1.923101
1.957304
1.855083
1.703532
1.546603
1.384721
1.227841
1.194463
1.169630
1.202000
1.226737
1.294715
1.348992
1.350711
1.213324
1.046000
0.920155
0.964721
0.955712
1.039974
1.000923
1.008022
1.373785
1.828362
2.340635
2.793022
2.850559
3.818256
4.199318
3.903123
2.949301
2.086855
1.475353
1.003821
0.639633
0.371858
0.191163
0.075737
0.075932
0.078518
0.129428
0.218718
0.347157
0.506047
0.687177
0.794332
0.870908
0.844624
0.753791
0.693508
0.632623
0.727336
0.797862
0.796373
0.726966
0.614588
0.506042
0.418689
0.360160
0.358171
0.337559
0.264318
0.266260
0.366661
0.501130
0.605977
0.615619
0.517604
0.378809
0.253061
0.155963
0.132139
0.183892
0.307071
0.483375
0.827609
1.091821
1.101152
0.865060
0.523945
0.352597
0.267882
0.344783
0.470686
0.743296
1.157814
1.652303
1.908082
1.703961
1.372544
1.050555
1.054572
1.044059
0.919907
0.665573
0.492884
0.528487
0.482653
0.399003
0.303939
0.217291
0.151872
0.127554
0.115681
0.148280
0.163670
0.154910
0.130464
0.115541
0.087252
0.050500
0.021729
0.005205
0.002176
0.006965
0.018041
0.036235
0.059548
0.085544
0.133169
0.190558
0.240087
0.267195
0.321641
0.432174
0.574687
0.734818
0.882566
0.961432
0.898210
0.761445
0.604319
0.457619
0.329204
0.224880
0.150822
0.090125
0.045960
0.023693
0.005952
0.017257
0.053030
0.080653
0.097904
0.125316
0.226783
0.267067
0.253546
0.221951
0.285439
0.398382
0.567900
0.772465
1.086149
1.415872
1.684291
1.667263
1.328886
0.935845
0.599900
0.359360
0.202272
0.097571
0.033741
0.019828
0.018724
0.042424
0.062080
0.142722
0.259144
0.404802
0.540983
0.610816
0.551044
0.415125
0.277506
0.168215
0.089097
0.037570
0.010749
0.027478
0.065350
0.072309
0.153464
0.327228
0.596869
0.947266
1.226177
0.927252
0.591159
0.342604
0.156159
0.145314
0.145589
0.108680
0.067215
0.030777
0.022954
0.006070
0.015017
0.016337
0.002524
0.000394
0.007836
0.011866
0.019966
0.024590
0.014304
0.030954
0.116734
0.230196
0.289322
0.199697
0.083256
0.013108
0.002546
0.003106
0.002758
0.034611
0.099609
0.175767
0.245878
0.387799
0.544520
0.623390
0.562985
0.739788
1.094156
1.202450
1.074219
0.725478
0.445338
0.287604
0.133387
0.146680
0.154851
0.155296
0.153086
0.145994
0.121668
0.072745
0.012453
0.000920
0.001348
0.000139
0.000000
0.000000
0.001035
0.004508
0.015725
0.038063
0.085620
0.164214
0.274738
0.407876
0.532721
0.627949
0.605418
0.650916
1.031004
1.520866
2.151992
2.630084
2.812468
2.847336
2.845904
2.831922
2.826161
2.789489
2.621352
2.204252
1.483057
0.950185
0.582067
0.322798
0.142794
0.136339
0.147941
0.188473
0.224656
0.218939
0.187089
0.182063
0.236423
0.233230
0.160150
0.151895
0.138217
0.117511
0.132808
0.129828
0.172700
0.223307
0.275109
0.293566
0.321470
0.386178
0.495312
0.624241
0.772790
0.937120
1.083635
1.201470
1.245633
1.292613
1.275876
1.378705
1.419581
1.361648
1.265393
1.418735
1.591761
1.763996
1.835774
1.893776
1.898834
2.032090
2.162640
2.129761
1.993242
2.024945
2.016665
1.900207
1.737935
1.593517
1.792254
2.002798
2.225851
2.455830
2.660257
2.790292
2.774922
2.610238
2.405675
2.193188
2.081460
2.189241
2.185297
2.072490
2.203751
2.521997
2.851299
3.078854
3.183879
3.061063
2.877696
2.652776
2.539706
2.640679
2.714514
2.840385
2.820753
2.727145
2.647860
2.490449
2.831973
3.194293
3.588800
3.982630
4.249319
4.824133
5.628817
6.563523
7.555553
8.338695
9.258559
10.892771
12.342467
12.271542
10.785673
9.457750
8.394876
7.621428
7.563385
7.585933
7.772475
7.307774
6.694867
6.432932
6.564781
7.247047
7.459430
7.108518
7.259113
7.266022
6.676159
5.921287
5.864728
5.714813
5.116600
5.169882
5.068484
5.250012
5.325826
5.268429
5.797888
5.988436
5.887710
6.237338
6.260646
5.872073
5.305380
4.747014
4.200264
3.674881
3.353512
3.253774
3.031912
2.959043
2.697730
2.340581
2.300768
2.177513
2.322711
2.380724
2.464699
2.533506
2.350777
2.095280
1.815516
1.905473
2.151857
2.376049
2.697626
3.610506
4.764312
5.608066
5.590378
4.698600
3.542948
2.785235
2.350189
2.068853
1.838159
1.923323
2.025986
1.993979
1.868461
1.780911
1.779413
1.792472
1.882661
2.263804
2.539539
2.655416
2.580832
2.367157
2.105403
2.291556
2.518564
2.646411
2.617459
2.446476
2.230803
1.999383
1.779145
1.646158
1.629670
1.496004
1.310868
1.173043
1.094491
0.946230
0.834465
0.918260
0.909289
0.850096
0.734956
0.583938
0.448608
0.516118
0.624414
0.697282
0.722533
0.954505
1.245803
1.580205
1.999958
2.502538
3.089906
3.771188
4.529613
5.325371
6.073279
6.268009
5.876667
5.062933
4.231940
3.538760
3.046938
2.779195
2.360214
1.959005
1.829783
1.700289
1.474723
1.301917
1.375784
1.594544
1.659905
1.534648
1.431461
1.684887
1.954584
2.184837
2.175915
1.929666
1.606364
1.296163
1.023575
0.795642
0.663448
0.478082
0.307142
0.520090
0.695962
0.861844
0.948880
0.962432
0.867130
0.724923
0.563478
0.647383
0.746524
0.870309
1.021966
1.174702
1.298981
1.720825
2.318960
2.985533
3.510146
3.500396
2.973489
2.335125
1.747578
1.274687
0.943026
0.962084
1.061725
1.037300
1.072255
1.077820
1.072976
1.056441
1.006323
0.896960
0.681266
0.475505
0.421928
0.348919
0.270242
0.207423
0.151301
0.112069
0.146461
0.280095
0.472833
0.568897
0.555785
0.466157
0.376240
0.446664
0.460267
0.421397
0.343582
0.283659
0.411422
0.530000
0.573425
0.537863
0.428702
0.390398
0.474891
0.523119
0.494977
0.407674
0.308768
0.363534
0.434126
0.512716
0.600411
0.677627
0.722174
0.720483
0.670440
0.589135
0.494660
0.404176
0.395349
0.445590
0.470866
0.685925
0.909759
1.107231
1.137846
1.345725
1.482764
1.821256
2.412127
3.112419
3.930861
4.891776
5.998110
7.177822
8.090806
8.171197
7.401258
6.287635
5.195175
4.231752
3.411800
2.759196
2.273454
1.935247
2.077642
2.178797
2.010707
1.635706
1.258733
0.940880
0.689370
0.804231
1.003799
1.225051
1.518609
1.799717
1.947003
1.854644
1.569732
1.272701
1.201118
1.102662
0.951741
0.812653
0.922775
0.834815
0.641428
0.721437
0.897479
1.090656
1.276626
1.405555
1.527034
1.569313
1.545011
1.488214
1.239405
1.451332
1.999574
2.676687
3.287608
3.322275
2.723145
2.731121
2.749292
2.605908
2.398945
2.297743
2.144145
2.006688
1.977830
2.225517
2.485003
2.758055
3.034437
3.276514
3.382503
3.336860
3.118971
2.848739
2.618531
2.507969
2.475968
2.523534
2.670113
2.635272
2.758216
2.904337
3.064312
3.337281
3.637754
3.863029
4.042277
4.171123
4.516172
4.869223
5.209816
5.426692
5.467172
5.272425
5.072357
5.280373
5.237110
4.954257
4.570900
4.211628
3.862787
3.565364
3.559848
3.849686
4.183050
4.501556
4.722249
4.869540
5.232638
5.633068
6.060500
6.500699
6.914361
7.295909
7.592930
7.683712
7.856256
8.145420
7.889772
7.077185
6.225873
5.829340
5.988350
6.137307
6.048665
5.832304
5.497165
5.132829
5.100117
5.413364
5.574929
5.505732
5.581921
5.810167
5.829418
5.624712
5.337158
5.396732
5.481389
5.680376
5.935394
6.157221
6.406385
6.576006
6.776172
6.828203
6.659665
6.539250
6.273421
5.992389
6.162944
6.348560
6.282768
6.226141
6.550673
6.772769
6.720394
6.444900
6.032619
6.096260
6.088242
6.409096
6.584267
6.561783
6.493630
6.512178
6.545569
6.595186
6.614975
6.566408
6.365607
6.450139
6.609129
6.470888
6.324248
6.412106
6.148577
6.157448
6.079217
6.312648
6.496041
6.799262
7.369156
7.885571
8.065292
7.837224
7.457058
7.947456
8.293047
8.350142
8.664182
8.780763
8.769286
8.442122
8.270885
8.618683
8.673189
8.431699
8.001014
7.616127
7.240458
6.892102
6.600522
6.547719
6.828976
7.209363
7.498478
7.664945
7.797708
7.623974
7.245139
6.805954
6.357785
5.903295
5.444303
5.072306
4.827549
4.548322
4.188947
4.114267
3.972199
3.683184
3.123612
2.810117
2.625071
2.852980
2.933495
2.852485
2.621387
2.349842
2.090870
1.850875
1.615714
1.407047
1.240321
1.116873
1.185479
1.246618
1.506364
1.623785
1.497627
1.224449
1.011894
1.331967
1.601977
1.813394
1.602108
1.220027
0.837315
0.538297
0.507169
0.638448
0.736545
0.762933
0.685708
0.568284
0.459474
0.360649
0.388983
0.463086
0.555100
0.599776
0.557280
0.441867
0.316099
0.204884
0.117799
0.075159
0.092378
0.084789
0.049547
0.049431
0.062358
0.072434
0.060727
0.055893
0.123654
0.168830
0.177456
0.132103
0.160691
0.285670
0.492082
0.709638
0.775316
0.661212
0.440339
0.325133
0.379212
0.341013
0.568353
0.855841
1.223513
1.692255
2.266175
2.937022
3.680574
4.356832
4.628500
5.045246
4.820540
4.314823
3.541258
2.797027
2.302893
1.838593
1.338001
0.933323
0.685274
0.546627
0.667909
0.618200
0.466148
0.273817
0.105849
0.026518
0.004652
0.020280
0.079748
0.176527
0.289852
0.442619
0.538361
0.333211
0.319872
0.376653
1.196919
1.485185
1.564724
1.578238
1.564724
1.503379
1.286986
0.649349
0.000000
0.000000
0.000000
0.000000
0.000000
0.000000
0.000000
0.000000
