track	type=wiggle_0
fixedStep	chrom=chr	start=1	step=1
0.000000
0.000000
0.000000
0.000000
0.000000
0.000000
0.000000
0.000000
0.000000
0.228685
0.338578
0.167244
0.067791
0.079183
0.344724
0.540561
0.600827
0.757977
0.808395
0.992891
1.268510
1.347631
1.363886
1.363886
1.363886
1.336851
1.262677
1.064320
1.279757
1.396778
1.273515
1.012945
0.737777
0.508323
0.405944
0.452446
0.388680
0.400041
0.500381
0.628316
0.673984
0.684495
0.674080
0.656238
0.606830
0.449002
0.181989
0.166624
0.287031
0.464734
0.704796
0.981559
1.217203
1.184444
0.942495
0.717232
0.659243
0.873771
0.945078
0.745635
0.515562
0.343849
0.186260
0.075995
0.017273
0.000000
0.000000
0.005596
0.019910
0.035973
0.031600
0.034159
0.077594
0.080030
0.038411
0.054412
0.056270
0.033560
0.007664
0.000000
0.000000
0.000000
0.000050
0.006603
0.007682
0.000595
0.000000
0.000000
0.000000
0.000000
0.000000
0.008051
0.062851
0.176507
0.359343
0.627863
1.024135
1.758255
2.244912
2.386812
2.414175
2.414175
2.414175
2.398137
2.307351
1.962850
1.210954
0.714326
0.418846
0.217597
0.087503
0.018620
0.013398
0.062133
0.141926
0.234955
0.267003
0.238890
0.235999
0.169699
0.089113
0.071672
0.102264
0.144421
0.181858
0.281961
0.352489
0.347065
0.294619
0.491457
0.792606
1.272252
2.071316
2.451410
2.553113
2.553113
2.465729
2.150363
1.453835
1.690436
2.182198
2.710740
3.130954
3.152225
2.749220
2.263885
1.803152
1.598329
2.303161
2.625654
2.713815
2.713815
2.642170
2.377031
1.743025
1.264186
0.856825
0.547777
0.319832
0.339114
0.476020
0.640734
0.828324
1.014660
1.110449
1.073980
0.931360
0.737711
0.810278
0.885249
0.848902
0.852314
0.951199
0.935840
0.792522
0.593842
0.417216
0.428956
0.536830
0.598204
0.799933
1.097098
1.474343
1.935497
2.485844
3.133394
3.849859
4.476999
4.584804
4.138147
3.438577
2.743720
2.147447
1.645366
1.228969
0.890690
0.627798
0.597763
0.792186
0.969607
1.005707
0.912373
0.823005
0.630917
0.453514
0.322122
0.346210
0.307897
0.236563
0.153794
0.083140
0.037013
0.020600
0.123008
0.350137
0.502271
0.583599
0.669952
0.791474
1.051504
0.986062
0.622650
0.388342
0.379427
0.429641
0.596100
0.847328
1.035485
0.843349
0.473739
0.253847
0.117646
0.049025
0.039402
0.062409
0.072112
0.066956
0.091580
0.109009
0.102872
0.076035
0.047366
0.028024
0.035968
0.034457
0.049918
0.064518
0.061715
0.041957
0.024822
0.029427
0.044481
0.050597
0.038516
0.020905
0.013079
0.003617
0.000000
0.000000
0.000000
0.000000
0.000000
0.000000
0.000000
0.000000
0.000000
0.000000
0.000000
0.000000
0.000000
0.000000
0.000000
0.000000
0.000000
0.000000
0.000000
0.000000
0.000000
0.000000
0.000000
0.000000
0.002144
0.002581
0.000000
0.000000
0.000000
0.000000
0.000000
0.000000
0.000000
0.000000
0.000000
0.000000
0.000000
0.014613
0.030960
0.025673
0.021827
0.049274
0.070469
0.148914
0.265376
0.356590
0.371381
0.320588
0.277102
0.422756
0.574398
0.654309
0.822724
1.064440
1.299471
1.418510
1.340428
1.481189
1.764192
1.891770
2.150889
2.561626
2.874822
2.826984
3.224619
3.892405
4.212768
4.433105
4.473916
4.485787
4.545599
4.618814
4.606445
4.808027
4.714818
4.373002
4.619942
4.387834
3.779311
3.119833
2.514820
1.996148
1.556430
1.186738
0.880416
0.640591
0.542804
0.704682
0.793657
0.778338
0.662906
0.787575
0.844608
0.905816
0.944679
0.884605
0.797549
0.647085
0.494135
0.343981
0.221185
0.128374
0.086546
0.110756
0.103472
0.074949
0.101969
0.103953
0.066561
0.046037
0.044281
0.029093
0.031789
0.053615
0.064505
0.085987
0.133190
0.187920
0.211285
0.191418
0.135637
0.080559
0.039629
0.014594
0.031106
0.055596
0.082055
0.100919
0.100840
0.095761
0.100772
0.081497
0.063429
0.077345
0.075519
0.058345
0.035711
0.018547
0.040637
0.065285
0.080082
0.072768
0.048133
0.024160
0.019950
0.033284
0.058173
0.083610
0.091639
0.089719
0.068034
0.039321
0.018101
0.070409
0.192836
0.326884
0.216858
0.155595
0.134860
0.119859
0.246296
0.339068
0.368746
0.375052
0.374725
0.374725
0.374725
0.374725
0.370023
0.342932
0.247508
0.075109
0.071121
0.163369
0.274203
0.346675
0.285195
0.184518
0.105871
0.178975
0.262199
0.326039
0.333552
0.271771
0.170553
0.101990
0.172280
0.264559
0.379413
0.518869
0.684425
0.878736
1.102673
1.339741
1.548335
1.625137
1.511708
1.317487
1.100511
1.231923
1.412597
1.498236
1.382685
1.155158
0.958010
1.053151
1.048519
1.318131
1.670816
2.098548
2.596338
3.174334
3.838922
4.597266
5.455466
6.327364
6.910837
6.922316
6.393935
5.620374
4.799296
4.150016
3.779575
3.533678
3.278170
3.325181
3.066244
2.649096
2.154637
1.702480
1.317915
0.996928
0.766145
1.167902
1.719612
2.135346
2.302517
2.339229
2.293414
2.076259
1.498473
0.890479
0.560682
0.336732
0.171266
0.144025
0.186372
0.197465
0.187367
0.145924
0.109455
0.089616
0.066888
0.038089
0.023570
0.044577
0.084312
0.125145
0.149495
0.130790
0.089696
0.106625
0.151640
0.178607
0.169589
0.135609
0.124071
0.143889
0.139373
0.110378
0.131486
0.185792
0.246320
0.279040
0.269049
0.275422
0.256883
0.369084
0.612347
0.859637
0.967002
0.873632
0.752817
0.542206
0.341499
0.224491
0.170823
0.118608
0.076086
0.044352
0.017522
0.007953
0.034490
0.085362
0.139925
0.249452
0.415519
0.643733
0.937966
1.287973
1.621003
1.799271
1.627678
1.306171
0.957833
0.692949
0.514982
0.352330
0.263976
0.206887
0.146528
0.131651
0.132033
0.167757
0.223102
0.237719
0.390963
0.549978
0.555937
0.497975
0.543904
0.708767
0.888679
1.090108
1.311036
1.501629
1.545891
1.510873
1.348891
1.141538
0.928728
0.737096
0.571014
0.567457
0.571789
0.535294
0.604857
0.777596
1.005409
1.277250
1.609864
2.017784
2.452319
2.822974
3.209253
3.712874
3.730107
3.475760
3.140522
2.669293
2.198761
1.704738
1.272887
0.935299
1.070330
1.278922
1.504400
1.740281
1.924708
1.925638
1.749630
1.523988
1.322572
1.191911
1.117859
1.075263
1.001188
0.897187
0.832335
0.941244
1.030494
1.133808
1.174420
1.105501
0.943439
0.772331
0.618988
0.733620
0.806475
0.784462
0.666732
0.525942
0.695874
0.962931
1.146012
1.291041
1.423734
1.563480
1.705622
1.859185
2.032862
2.228761
2.450066
2.670378
2.869980
3.014731
3.067213
2.943328
2.733189
2.509719
2.334533
2.206004
2.031793
1.855329
1.777286
1.963852
2.152149
2.336674
2.524828
2.711298
2.845733
2.889942
2.841160
2.680794
2.516818
2.458661
2.482976
2.560447
2.692782
2.777829
2.815557
3.029616
3.119056
3.013066
2.800008
2.601651
2.648926
2.625822
2.450789
2.361109
2.446517
2.503375
2.604249
2.657572
2.734115
2.756679
2.704957
2.571973
2.449231
2.284348
2.259269
2.423545
2.661025
2.917195
3.181652
3.468960
3.786593
4.128562
4.461962
4.805261
5.184700
5.598048
6.003299
6.212317
6.163389
5.865063
5.472073
5.061302
4.666141
4.305408
4.054124
3.842505
3.693272
3.502318
3.394874
3.690506
3.889108
4.041563
4.186053
4.172190
4.075404
3.965841
4.141314
4.231091
4.396802
4.620968
4.707415
4.603223
4.305028
4.323650
4.338422
4.330853
4.296762
4.202675
3.908204
3.260423
3.171838
3.401493
3.616939
3.726042
3.701336
3.632282
3.470340
3.239375
3.360079
3.124155
2.807093
2.632504
2.531935
2.599229
2.698863
2.695985
2.546010
2.545085
2.468699
2.289835
2.126048
2.042274
2.084377
2.128789
2.272718
2.406602
2.423148
2.325002
2.163008
1.973379
1.788598
1.631027
1.565647
1.615007
1.539088
1.424051
1.230860
1.044558
0.764058
0.550989
0.513486
0.611703
0.751827
1.019385
1.342931
1.685199
1.911168
1.875151
1.630519
1.300591
0.997613
0.743296
0.754776
0.805067
0.873619
0.879218
0.830142
0.721193
0.733357
0.930645
1.108362
1.227487
1.165813
1.009405
0.836426
0.807561
0.789470
0.699305
0.604862
0.532622
0.661219
0.740064
0.722017
0.725141
0.677107
0.601742
0.631319
0.603193
0.588618
0.692298
0.787772
0.865986
1.008816
1.245142
1.520836
2.057799
2.708282
3.465642
3.884863
3.656166
3.055013
2.741489
2.646705
2.593009
2.563917
2.553573
2.541569
2.485762
2.274543
1.851695
1.529210
1.860227
2.324799
2.824436
3.320815
3.930966
4.502094
4.908496
4.892081
4.408955
3.658150
2.932542
2.327439
1.889062
1.555229
1.724196
2.049021
2.401636
2.635426
2.534881
2.206179
1.804865
1.436758
1.151061
1.139327
1.135944
1.070415
1.126311
1.167168
1.220930
1.326842
1.449366
1.462902
1.358365
1.503235
1.709973
1.785579
1.666153
1.482202
1.251276
1.104440
1.252854
1.363910
1.544980
1.714434
1.978736
1.979535
2.212792
2.367648
2.362754
2.225254
2.000812
1.787342
1.585466
1.457081
1.607248
1.649995
1.597982
1.611680
1.793894
1.884359
1.772129
1.573404
1.459519
1.595490
1.767075
1.913328
2.013423
2.068077
2.223341
2.312607
2.296751
2.420998
2.365409
2.212873
2.008403
1.943801
2.100883
2.170924
2.070330
1.876343
1.821236
1.896196
1.711608
1.457852
1.558208
1.737182
1.904427
2.256876
2.900919
3.648277
4.584385
5.953357
7.311098
7.252641
5.876878
4.636348
3.916124
3.303991
2.841660
2.647347
2.588451
2.665784
2.831545
2.844395
2.728920
2.611929
2.792551
2.620699
2.368340
2.228942
2.343212
2.316421
2.204898
2.062335
2.180084
2.555012
2.982559
3.433799
3.749827
3.803630
3.539159
3.154179
2.695212
2.921556
3.205886
3.447612
3.586576
3.531771
3.371951
3.355875
3.572615
3.644625
3.617580
3.517159
3.333192
2.825466
2.330645
2.594332
2.794185
2.795973
2.609490
2.416693
2.169211
2.226394
2.369617
2.381925
2.270680
2.076838
1.857209
1.622592
1.624583
1.670717
1.584734
1.416461
1.428936
1.340992
1.192553
1.232500
1.417853
1.589354
1.758800
1.981930
2.176969
2.158803
2.261377
2.217957
2.018883
1.747922
1.466076
1.216246
1.350018
1.686141
1.904991
2.045632
1.881959
1.621539
1.504292
1.640461
1.727554
1.636188
1.528922
1.701100
1.918422
2.031723
1.868919
1.618330
1.491638
1.414926
1.539308
1.910815
2.427629
3.047679
3.764191
4.519306
5.132952
5.140626
4.528766
3.772107
3.057364
2.435884
1.900789
1.559274
1.649288
1.715009
1.727801
1.635957
1.499700
1.479577
1.489159
1.424257
1.334217
1.329089
1.396544
1.440274
1.411402
1.318430
1.394694
1.558252
1.703940
1.747480
1.672724
1.626700
1.661363
1.588139
1.504279
1.490963
1.389733
1.268538
1.424405
1.488407
1.455915
1.340683
1.251543
1.258273
1.252810
1.251176
1.243290
1.154263
1.075734
1.100073
1.233700
1.336014
1.344734
1.450838
1.619873
1.832009
2.081120
2.362886
2.646230
2.888276
2.983502
2.899100
2.655511
2.373121
2.087494
1.831680
1.612349
1.435093
1.308043
1.312755
1.279648
1.261130
1.321158
1.453753
1.659415
1.914926
2.204400
2.522359
2.813292
2.916713
2.789897
2.502571
2.186210
1.887984
1.779423
2.525985
2.842561
2.834464
2.558468
1.998727
2.345451
2.739243
3.193275
3.701192
4.250458
4.871923
5.562692
6.312205
7.140157
8.065077
9.073225
10.176122
11.270725
12.144272
12.169704
11.369210
10.372777
9.327768
8.341057
7.452684
6.691117
5.975479
5.470105
5.393808
5.095076
4.948164
5.095009
4.953881
4.567657
4.280933
4.488280
4.457926
4.112664
3.666292
3.247922
2.888810
2.548469
2.212318
2.187165
2.449647
2.725883
3.017308
3.333549
3.687984
4.061677
4.457963
4.891717
5.331287
5.670503
5.747460
5.540769
5.236195
4.831563
4.414230
4.045598
3.755883
3.631939
3.989873
4.365223
4.745723
5.029305
5.058897
4.794687
4.431830
4.050123
3.681222
3.341746
3.114135
3.165395
3.088795
3.108496
3.440374
3.778717
4.110822
4.337966
4.392237
4.248106
4.484733
4.809499
5.017396
5.071902
4.913280
4.603762
4.261139
3.945274
3.662578
3.411998
3.713120
4.025259
4.343859
4.661579
4.974477
5.305822
5.639302
5.877445
5.967469
5.835161
5.713898
5.697717
6.042939
6.368569
6.520428
6.535375
6.638875
6.521638
6.244877
5.926444
5.603016
5.242045
4.702545
4.142800
3.530098
2.850683
2.293504
2.222771
2.491148
2.735894
2.968201
3.201791
3.616404
4.253829
4.944861
5.645937
6.180821
6.149039
5.547895
4.819436
4.303608
4.129732
4.104753
4.530032
4.939697
5.311674
5.807089
6.402835
7.022729
7.421963
7.413296
7.009656
6.388049
5.759188
5.181742
4.797280
5.262212
5.768245
6.340080
6.958006
7.621650
8.269193
8.790652
9.014977
8.813883
8.312536
7.717358
7.143041
6.593055
6.090947
5.651674
5.416926
5.449135
5.233974
4.833504
5.512144
6.639915
7.935493
9.345792
9.348157
7.949585
6.654716
5.496305
4.492452
3.976496
4.592136
5.298437
6.086441
6.930721
7.856865
8.916316
9.864972
10.304816
10.008789
9.136864
8.248258
7.384605
6.516320
5.715237
4.966354
4.385734
4.767946
5.766483
6.703758
7.134347
6.721949
5.743515
4.754868
3.858217
3.081490
2.430367
1.921383
1.851258
1.841125
1.998453
2.302198
2.649536
3.044084
3.467121
3.846282
4.024607
3.943552
3.615057
3.243489
2.872751
2.638145
2.545897
2.295982
2.034502
2.036378
2.204192
2.194261
2.165952
2.000998
1.806395
1.638818
1.546104
1.526465
1.650710
1.894998
2.212019
2.426950
2.434523
2.239873
1.934043
1.637297
1.369374
1.497841
1.631566
1.496410
1.401176
1.530162
1.559668
1.470676
1.386551
1.499482
1.493450
1.391518
1.228986
1.068910
0.919308
0.803023
0.737905
0.709709
0.623842
0.537079
0.534746
0.579784
0.571926
0.512265
0.488595
0.442505
0.389350
0.414481
0.458234
0.445902
0.412116
0.361851
0.311660
0.262572
0.196600
0.164382
0.131143
0.115331
0.145512
0.170450
0.194726
0.255794
0.323758
0.374265
0.477364
0.595734
0.719500
0.839383
0.925611
0.964330
0.960008
1.105338
1.279357
1.384524
1.390335
1.472529
1.704663
1.844336
1.781970
1.575984
1.336736
1.098057
0.872783
0.672643
0.505736
0.387140
0.356360
0.530155
0.679059
0.716583
0.711134
0.693288
0.601171
0.463482
0.690492
1.013642
1.416391
1.855402
2.175385
2.235783
2.084781
2.326149
2.499578
2.543545
2.514957
2.476506
2.464561
2.449047
2.663088
3.138450
3.193337
2.715090
2.143389
1.592852
1.134196
0.782382
1.009802
1.289010
1.587996
1.803275
1.817372
1.633498
1.396834
1.210678
1.073089
0.886960
0.716112
0.559518
0.446213
0.363326
0.280232
0.256310
0.283731
0.240875
0.164937
0.095463
0.047808
0.022430
0.008881
0.000703
0.000000
0.000000
0.000000
0.000000
0.000000
0.000000
0.000000
0.000000
0.000000
0.000000
0.000000
0.000000
0.000000
0.000000
0.000000
0.000000
0.000000
0.000000
0.000000
0.000000
0.003649
0.016051
0.003408
0.000000
0.000000
0.000000
0.000000
0.000000
0.000000
0.018166
0.100861
0.159100
0.180420
0.188384
0.188476
0.187932
0.184140
0.166845
0.108854
0.024495
0.000000
0.000000
0.000000
0.000000
0.000000
0.000000
0.000000
0.000000
0.000000
0.000000
0.000000
0.000000
0.000000
0.000000
0.000000
0.000000
0.000000
0.000000
0.014296
0.075129
0.156118
0.166635
0.093908
0.045521
0.041870
0.043804
0.054001
0.073632
0.113426
0.114016
0.075600
0.054522
0.037600
0.015888
0.003929
0.000006
0.000000
0.000000
0.000000
0.000000
0.000000
0.000000
0.000000
0.000000
0.000000
0.000000
0.000000
0.000000
0.002686
0.010252
0.014528
0.015566
0.015969
0.021635
0.021170
0.019240
0.022675
0.027744
0.031621
0.029401
0.017818
0.001999
0.000000
0.000000
0.007778
0.046553
0.120622
0.216870
0.322986
0.385415
0.393734
0.581818
0.858502
1.226893
1.703436
2.263988
2.791410
2.984499
2.778654
2.240428
1.683259
1.211245
0.839992
0.562220
0.341712
0.179472
0.172162
0.230572
0.266658
0.250450
0.190007
0.133552
0.119191
0.123941
0.141963
0.163861
0.223192
0.363371
0.545966
0.729436
0.890557
0.950695
0.817756
0.656648
0.779152
0.878420
1.015961
1.155509
1.208468
1.123203
0.978908
0.969248
1.121627
1.275899
1.417108
1.524330
1.627172
1.702917
1.630886
1.470527
1.282281
1.196227
1.298589
1.332680
1.243660
1.303060
1.512327
1.732116
1.945583
2.097565
2.122283
2.001409
2.056364
2.297729
2.556580
2.824064
3.101735
3.320706
3.405344
3.222212
3.270201
3.447479
3.632286
3.622983
3.403536
3.122121
3.032751
2.888721
2.589460
2.275225
2.611151
2.983773
3.410751
3.797565
3.962489
3.848564
3.457942
3.091433
3.438072
3.978442
4.602204
5.230512
5.763067
6.405231
7.259147
8.222697
9.121705
9.456346
9.135355
8.228410
8.202788
7.197383
5.725735
4.767925
4.434427
4.022640
3.984684
4.385001
4.862396
5.213035
5.151534
4.780059
4.258154
3.749601
3.287877
2.854211
2.454100
2.155262
2.476008
2.808981
3.135163
3.447925
3.729074
3.930951
3.998109
3.859446
3.663893
3.791886
4.078155
4.319754
4.368313
4.377951
4.705303
5.081879
5.323157
5.298783
5.028623
4.654455
4.395091
4.437621
4.292758
4.097378
4.132437
3.964935
3.666754
3.371987
3.174191
3.052448
2.851604
2.688922
2.874155
2.954456
3.081853
3.109472
3.260031
3.519529
3.735136
3.845843
3.755596
3.510247
3.188613
2.833534
2.797330
3.063354
3.082405
2.820182
2.441937
2.187813
2.240087
2.131683
2.232552
2.736567
3.309516
3.969045
4.731506
5.603353
6.578775
7.655844
8.820301
10.023935
10.846837
10.762706
10.355062
10.209721
9.699382
9.171046
8.216614
7.159705
6.160491
5.269975
4.500892
3.837640
3.243951
2.800865
2.529894
2.167882
1.866800
1.910596
2.239422
2.577915
2.906981
3.238389
3.477648
3.466012
3.442917
3.401004
3.088991
2.707472
2.309243
1.950136
1.630086
1.344066
1.092604
1.056111
1.182891
1.232077
1.234836
1.151694
0.950666
0.703612
0.477583
0.461171
0.462771
0.420486
0.427727
0.575104
0.837754
1.062722
1.065732
0.848487
0.920949
1.080789
1.214646
1.297302
1.288606
1.203902
1.126423
1.151934
1.150065
1.214474
1.191581
1.299318
1.324712
1.441683
1.614204
1.776274
1.848800
1.797914
1.891125
1.996457
2.010839
2.062875
2.014601
1.850893
1.987511
2.173137
2.323043
2.329158
2.205299
2.297487
2.496988
2.675173
2.984875
3.284050
3.690204
4.054607
4.352034
4.662847
5.069769
5.274777
5.563994
5.785457
5.794125
5.853028
5.787169
5.953731
6.093773
6.074347
5.998188
5.985566
5.752067
5.429038
5.044449
4.663751
4.379081
4.387691
4.545117
4.410901
3.925474
3.293607
2.885912
3.180478
3.353356
3.491053
3.551796
3.493226
3.720573
3.936497
4.108805
4.293924
4.712453
5.099183
5.416708
5.584921
5.494535
5.200409
5.401781
5.797197
6.293691
6.779274
7.516474
8.389323
9.359569
10.439275
11.609544
12.738439
13.186291
12.644098
11.431417
10.204466
9.169049
8.306128
8.452376
8.729771
8.485950
8.020705
7.814364
7.270658
7.063314
6.753484
6.288449
6.154153
6.211073
6.648228
7.130753
7.597031
8.054689
8.436946
8.518087
8.227161
7.731969
7.321295
7.072773
6.699244
6.360719
6.118478
5.838842
5.364921
4.902071
4.700961
4.667920
4.394041
4.355367
4.594049
4.624870
4.637775
4.767786
4.683947
4.393441
3.970276
3.783760
4.059708
4.278842
4.266386
4.039713
3.701962
3.360968
3.099824
2.883899
2.998698
3.305106
3.298162
2.940320
2.461076
2.596129
2.616384
2.513962
2.655043
2.985984
3.486788
3.865034
4.081831
4.137012
4.337463
4.819588
5.282013
5.683429
6.028231
6.304207
6.536211
6.625510
6.428960
6.088449
5.724079
5.924216
6.342700
6.790152
7.216647
7.505088
7.519263
7.243299
7.080316
7.098356
7.313718
7.232215
6.890263
6.878630
6.693873
6.427154
6.214091
6.045653
5.739046
5.401657
5.108011
4.977325
4.910789
4.840179
4.963631
4.982342
5.233432
5.462001
5.571371
5.515611
5.317847
5.038837
4.746416
4.476573
4.645181
4.666533
4.773336
4.881949
4.572691
4.249104
4.174084
4.126744
4.019286
4.050867
4.038487
4.023880
3.854464
3.513352
3.250850
3.035199
2.875724
2.849224
2.934580
2.997393
3.173807
3.400660
3.606844
3.753827
3.766831
3.753907
3.625795
3.397712
3.118679
2.881639
3.078104
3.469630
3.862373
4.160793
4.180677
3.928932
3.575835
3.215309
2.909567
2.668941
2.402746
2.160676
1.945658
2.115646
2.318935
2.539059
2.796848
3.074494
3.341917
3.541742
3.722256
3.909178
3.896646
3.833763
3.780904
3.592267
3.293229
3.194416
3.019846
2.743812
2.448342
2.170998
1.924702
1.696349
1.495449
1.313121
1.413835
1.500785
1.582021
1.695697
1.849309
1.916055
1.954210
1.911336
1.958930
1.979183
2.090606
2.331253
2.501547
2.745924
2.931763
3.056777
3.233708
2.963326
2.637239
2.547172
2.369465
2.133946
2.292624
2.667704
3.065494
3.493453
3.748160
3.745321
3.495749
3.061539
2.624026
2.262907
2.166807
2.561101
3.036227
3.394007
3.709242
4.070420
4.487376
4.862267
5.234082
5.551947
5.689328
5.710277
5.631427
4.705627
3.933660
4.641741
5.157214
5.517146
5.146469
4.337240
3.491010
2.749404
2.117865
1.688372
1.849333
1.991484
2.138735
2.272393
2.389596
2.633533
2.929538
3.210039
3.341847
3.210070
3.341007
3.555625
3.693571
3.748336
3.343290
3.001614
3.095674
3.268162
3.427391
3.708322
4.061325
4.402882
4.474119
4.078649
3.557166
2.939757
2.882147
3.052939
3.357774
3.711517
4.085371
4.474847
4.883109
5.331046
5.827691
6.359336
6.764981
6.634099
6.492748
6.717124
6.648246
5.812261
4.898134
4.772608
4.945655
5.332067
5.804284
6.144114
6.155632
6.128695
5.621068
5.298592
5.218869
4.610586
3.078699
2.533316
2.041849
2.142032
2.281902
1.912124
1.154971
0.828886
0.753324
0.905755
0.999522
0.740949
0.521166
0.567434
0.666853
0.820541
0.866349
0.430205
0.225180
0.280299
0.425680
0.644003
0.880011
0.977764
0.975673
0.800444
2.307351
1.962850
0.953826
0.431865
0.525267
0.772148
1.202878
0.000000
0.000000
0.000000
0.000000
0.000000
0.000000
0.000000
0.000000
0.000000
