track	type=wiggle_0
fixedStep	chrom=chr	start=1	step=1
0.000000
0.000000
0.000000
0.000000
0.000000
0.000000
0.000000
0.000000
0.000000
0.000000
0.000000
0.005991
0.041012
0.331167
0.705510
0.911724
0.852048
0.634623
0.726416
0.931679
0.674247
0.379093
0.171973
0.064467
0.014158
0.004638
0.003715
0.004494
0.009920
0.008539
0.000199
0.000000
0.000000
0.000566
0.010635
0.018423
0.050440
0.171329
0.335906
0.420024
0.395622
0.328470
0.375462
0.367407
0.311999
0.219899
0.160951
0.264302
0.452982
0.768900
0.920630
0.964747
0.973386
0.958483
0.892113
0.735431
0.395534
0.156014
0.049855
0.013439
0.001743
0.000000
0.000000
0.000000
0.000000
0.000000
0.000000
0.000000
0.004784
0.011627
0.012187
0.004893
0.003503
0.009294
0.012640
0.022262
0.029107
0.057424
0.125803
0.192185
0.251900
0.309217
0.345014
0.320765
0.354613
0.466889
0.556092
0.615320
0.787915
0.879561
0.924419
0.883820
0.775020
0.665520
0.562299
0.540385
0.652309
0.779078
0.916687
1.079162
1.249505
1.382401
1.382177
1.246891
1.079022
0.918336
0.773385
0.659691
1.127756
1.621105
2.111273
2.692230
2.852495
2.845692
2.643285
1.987151
1.341199
0.889590
0.876525
1.075176
1.328290
1.604878
1.936987
2.337886
2.797190
3.305271
3.880942
4.526122
5.223588
5.843028
6.166460
5.960213
5.343647
4.629584
3.988259
4.564150
5.449052
6.429672
7.305693
7.697042
7.294367
6.417007
5.442725
4.583151
3.905667
3.540756
3.085336
3.017977
3.486897
3.692254
3.647050
3.306550
2.835392
2.363907
1.944498
1.579818
1.263157
1.067816
1.214950
1.238695
1.143857
1.082405
1.061015
0.916432
0.743695
0.867246
1.052688
1.210831
1.329908
1.533513
1.745643
1.918570
1.976633
1.884402
1.703834
1.498720
1.321025
1.304098
1.521313
1.751673
1.939068
1.988889
1.857976
1.662238
1.492697
1.390962
1.233915
1.194952
1.248165
1.190075
1.235698
1.395092
1.477230
1.458996
1.331785
1.176419
1.029899
0.897244
0.796631
0.836368
0.942667
1.028818
1.144429
1.286702
1.440625
1.604930
1.780256
1.966982
2.164808
2.370899
2.585391
2.787812
2.954834
2.979338
2.872037
2.669782
2.446904
2.236315
2.415180
2.647022
2.865193
3.038390
3.051686
2.908432
2.694997
2.461991
2.238299
2.027741
1.829504
1.644435
1.470335
1.306750
1.154227
1.013433
0.953658
1.112795
1.273973
1.418825
1.492061
1.429712
1.340255
1.340223
1.262150
1.273180
1.461712
1.669398
1.885645
2.082631
2.226144
2.204522
2.036991
1.814793
2.432004
2.730604
2.814677
2.836376
2.849396
2.851721
2.794486
2.597080
2.236042
1.987445
2.012758
2.082626
1.786050
1.282892
1.037166
0.957983
1.091121
1.178998
1.205978
1.216544
1.443527
1.657119
1.842661
2.125881
2.465891
2.829253
3.185598
3.466594
3.466733
3.186682
2.823241
2.442496
2.092973
1.779832
1.498860
1.248840
1.264322
1.237228
1.172957
1.034723
0.964281
0.934453
0.953430
0.923071
0.969362
1.064716
1.311061
1.439710
1.532687
1.559097
1.556908
1.508353
1.353917
1.037244
0.846199
0.661740
0.661040
0.599875
0.403804
0.217410
0.169678
0.117145
0.072444
0.044688
0.095124
0.136520
0.092101
0.021854
0.016580
0.006449
0.000205
0.000033
0.002170
0.006947
0.007545
0.009159
0.024583
0.032198
0.025209
0.007064
0.000000
0.000000
0.000000
0.000135
0.016782
0.056310
0.115347
0.177981
0.179271
0.119523
0.054557
0.011715
0.000853
0.000000
0.000000
0.005852
0.043128
0.118049
0.259749
0.491470
0.806226
0.801154
0.476935
0.244457
0.105509
0.046228
0.020920
0.022960
0.071846
0.094235
0.082696
0.038473
0.005893
0.000000
0.000000
0.009619
0.063019
0.167130
0.283661
0.304135
0.198189
0.087162
0.032804
0.006776
0.000000
0.000000
0.000000
0.002312
0.035754
0.115047
0.253091
0.417095
0.453795
0.332444
0.177956
0.062319
0.006334
0.000000
0.000000
0.000000
0.000000
0.000000
0.000000
0.000000
0.000000
0.000000
0.000000
0.000000
0.000000
0.000000
0.000000
0.000000
0.000000
0.000000
0.000000
0.000000
0.000000
0.000000
0.000000
0.000000
0.000000
0.000000
0.000000
0.000000
0.000000
0.000000
0.000000
0.000000
0.000000
0.000000
0.000000
0.000000
0.000000
0.000000
0.000000
0.000000
0.000000
0.000000
0.000000
0.000000
0.000000
0.000000
0.000000
0.000000
0.000000
0.000000
0.000000
0.000000
0.000000
0.000000
0.000000
0.000000
0.003160
0.042033
0.130453
0.276050
0.481775
0.728469
0.947963
0.966833
0.815896
0.657976
0.457399
0.373668
0.489927
0.635036
0.858253
1.203003
1.686067
2.214957
2.299376
1.814890
1.300871
0.898388
0.864527
1.099976
1.276419
1.278964
1.103083
0.867723
0.652572
0.469419
0.320157
0.203182
0.115525
0.108908
0.141912
0.131772
0.078768
0.028309
0.022707
0.008733
0.003223
0.001108
0.003008
0.011927
0.046075
0.099245
0.109896
0.132561
0.219847
0.337526
0.385684
0.284545
0.160157
0.060880
0.058537
0.101880
0.155233
0.210628
0.242370
0.294024
0.378101
0.464472
0.514402
0.515544
0.462754
0.368963
0.323089
0.313324
0.391093
0.495371
0.626833
0.765833
0.862776
0.866083
0.866283
0.816960
0.706633
0.585063
0.473497
0.410617
0.487887
0.595062
0.718056
0.809069
0.833521
0.761133
0.639200
0.515100
0.645909
0.893952
1.062548
0.988684
0.817753
0.840213
1.084713
1.363018
1.653282
2.006709
2.433676
2.906324
3.309549
3.500802
3.331723
2.921769
2.476254
2.091611
2.026502
2.075154
2.079935
2.062805
2.252545
2.878486
3.616779
4.457329
5.378406
6.386506
7.996777
8.913517
7.975922
6.276302
5.131145
4.193628
3.526776
3.389121
3.515483
3.777052
4.230958
4.787793
5.127635
5.010327
4.473166
3.872280
3.270772
2.977177
3.473801
3.490131
3.226809
2.909444
2.443486
1.983568
1.507462
1.093060
0.756221
0.493638
0.298292
0.165648
0.072250
0.084763
0.134105
0.157083
0.136502
0.088589
0.045606
0.018395
0.006158
0.000418
0.000000
0.000000
0.000000
0.000000
0.000000
0.000000
0.000000
0.000000
0.000000
0.000000
0.000000
0.000000
0.000000
0.000000
0.000000
0.000000
0.000000
0.000000
0.000000
0.000000
0.000000
0.000000
0.000000
0.000000
0.000000
0.000479
0.007079
0.021188
0.044475
0.078094
0.116378
0.155015
0.193180
0.213519
0.201529
0.165215
0.121017
0.110021
0.115868
0.196055
0.380800
0.645909
0.996758
1.412866
1.826338
1.795913
1.322980
0.904107
0.586646
0.341627
0.298283
0.264332
0.204367
0.151443
0.110432
0.075628
0.046267
0.035233
0.048828
0.047291
0.032787
0.052407
0.112473
0.193311
0.277723
0.329778
0.307319
0.223688
0.139579
0.103015
0.140996
0.151859
0.117466
0.106250
0.158936
0.226028
0.308441
0.405380
0.522836
0.663107
0.823020
0.994441
1.190521
1.415176
1.643909
1.835845
1.851254
1.690434
1.464839
1.720241
2.209660
2.805803
3.528327
4.371011
5.357267
6.489810
7.775376
7.775712
6.505374
5.424525
4.450246
3.596150
2.869849
2.297797
1.914317
1.666281
1.381001
1.548747
1.879367
2.058948
1.954362
1.711017
1.429405
1.172915
0.899904
0.651795
0.453613
0.347815
0.243078
0.147263
0.082599
0.052738
0.082503
0.126153
0.201381
0.329732
0.297989
0.179966
0.077341
0.074199
0.054170
0.049323
0.045399
0.044783
0.068939
0.088794
0.112187
0.147980
0.151829
0.168662
0.233691
0.287684
0.334713
0.375025
0.451854
0.532782
0.582723
0.593691
0.577633
0.566870
0.544156
0.538160
0.527214
0.477916
0.407336
0.333043
0.258206
0.197694
0.153207
0.125220
0.075025
0.115073
0.221412
0.365641
0.533194
0.658162
0.657585
0.534344
0.366878
0.224265
0.119121
0.079315
0.091181
0.089516
0.107664
0.154996
0.203346
0.253843
0.314924
0.391856
0.462244
0.531841
0.591069
0.641967
0.731263
0.835216
0.909123
0.963847
1.050567
1.080598
1.082853
1.197688
1.331427
1.417544
1.437279
1.399125
1.289915
1.152742
1.015491
0.889057
0.777148
0.669831
0.564129
0.482346
0.721972
1.065418
1.491012
1.627577
1.497149
1.076045
1.064668
1.197893
1.292250
1.308375
1.264887
1.412104
1.590623
1.782598
1.975089
2.178679
2.387378
2.523608
2.549014
2.439859
2.239602
2.029414
1.836074
1.650638
1.461427
1.536201
1.814267
2.092936
2.295798
2.282999
2.203924
1.960762
1.681398
1.983816
2.502687
3.053077
3.320034
3.175460
3.790723
4.480610
5.187354
5.686948
5.709013
5.220234
4.541345
3.863277
3.390366
3.044697
2.703535
2.382983
2.403950
2.740597
3.013412
3.146726
3.043987
2.893219
2.680879
2.499688
2.382525
2.254674
2.145667
1.968228
1.779316
1.588217
1.396438
1.437953
1.635455
1.790561
1.853699
1.792042
1.804601
1.838654
1.756538
1.636883
1.508554
1.336332
1.172802
1.033646
0.901366
0.782068
0.905635
1.031598
1.087498
1.044087
0.939023
0.888475
0.840213
0.813427
0.741520
0.623848
0.510883
0.553730
0.820692
1.145031
1.501306
1.869346
2.165848
2.157272
1.828387
1.438810
1.463250
1.828203
2.153518
2.378904
2.342212
2.064503
1.715985
1.358055
1.034863
0.761339
0.540160
0.494928
0.721658
1.081177
1.540312
2.137804
2.935755
3.431247
3.604377
3.602370
3.419065
2.885151
2.034878
1.434606
1.214045
1.265094
1.231488
1.153073
1.056431
0.941982
0.918918
1.182738
1.330830
1.312380
1.087804
0.913117
0.887491
0.793643
0.687190
0.607390
0.542055
0.849131
1.267163
1.831350
2.542401
2.893593
3.023601
3.019758
2.879629
2.503473
1.743729
1.184280
0.775721
0.477904
0.264722
0.119420
0.034734
0.012662
0.002075
0.000000
0.000000
0.000000
0.000000
0.000000
0.000000
0.000000
0.000000
0.000000
0.000000
0.000000
0.000000
0.000000
0.000000
0.000000
0.000000
0.000000
0.000000
0.000000
0.000000
0.000000
0.000000
0.000000
0.000000
0.000000
0.000000
0.000000
0.000000
0.000000
0.000000
0.000000
0.000000
0.000000
0.000000
0.000000
0.000000
0.000000
0.005972
0.040101
0.096699
0.135843
0.122160
0.106394
0.244813
0.445683
0.707758
1.076706
1.562549
2.151153
2.308992
1.928331
2.172719
2.491367
2.855432
3.054819
3.447707
3.669552
3.771379
3.969630
3.979182
3.708113
3.239448
2.775576
2.890025
2.688020
2.170682
1.532305
1.041083
0.669042
0.556111
0.687204
0.700565
0.595182
0.433352
0.314608
0.262363
0.343463
0.376548
0.295727
0.178478
0.081502
0.021114
0.000106
0.000672
0.026733
0.068503
0.067530
0.025359
0.000903
0.000000
0.000000
0.000000
0.000000
0.000000
0.000000
0.000000
0.000980
0.000273
0.000780
0.001036
0.000996
0.000935
0.000728
0.000062
0.000000
0.000000
0.000000
0.000000
0.000000
0.000000
0.000000
0.000000
0.000000
0.000000
0.000000
0.000000
0.000015
0.000360
0.000000
0.000000
0.000000
0.000000
0.000000
0.000000
0.000000
0.000000
0.000000
0.000000
0.021821
0.105804
0.291209
0.627112
0.903751
1.021820
1.019861
0.903568
0.631862
0.335881
0.153325
0.286804
0.466587
0.698401
0.988754
1.313102
1.572387
1.700616
1.520802
1.211045
0.892783
1.121255
1.538544
2.072978
2.728409
3.484997
4.077015
3.387321
2.559303
1.895733
1.373247
0.956070
0.636730
0.406880
0.231851
0.186995
0.153742
0.174589
0.187772
0.260684
0.378513
0.527792
0.678178
0.746383
0.696300
0.548993
0.390235
0.254588
0.152488
0.081993
0.037184
0.010180
0.039352
0.116022
0.253155
0.459086
0.744316
1.118673
1.566877
2.034409
2.142946
1.744948
1.263500
0.851484
0.534904
0.324353
0.207151
0.139489
0.167714
0.187517
0.190733
0.178775
0.137129
0.176658
0.182043
0.275483
0.445252
0.574348
0.539883
0.411403
0.276583
0.293345
0.258310
0.159861
0.071376
0.045077
0.106794
0.189628
0.274361
0.309886
0.277067
0.190666
0.198019
0.265444
0.338117
0.407250
0.491749
0.582826
0.678460
0.755547
0.759602
0.695019
0.598200
0.585631
0.854903
1.165909
1.439664
1.525171
1.449297
1.236217
1.172498
1.406576
1.655491
1.730774
1.887794
2.049115
2.023883
1.707814
1.269179
0.873493
0.897328
0.976841
1.056756
1.226303
1.391724
1.492767
1.469416
1.383778
1.313381
1.280959
1.159978
0.989663
0.825242
0.820445
0.919817
0.949737
1.064331
1.178068
1.402508
1.597403
1.732980
1.864384
1.970047
1.941393
2.194250
2.508140
2.878372
3.294858
3.720981
4.065711
4.248406
4.090723
3.705129
3.266140
2.863583
2.507657
2.190836
2.523673
2.997612
3.013951
2.550084
2.022811
1.607635
1.467259
1.539306
1.840840
2.219303
2.751722
3.288191
3.807210
4.523018
5.484545
6.637805
7.959788
9.419857
9.401986
7.903592
6.573678
5.400262
4.389719
3.513767
2.767082
2.146968
1.650023
1.279592
1.085050
0.841331
0.675657
0.795294
0.913045
0.983375
0.961712
0.942577
0.861985
0.727487
0.593750
0.479959
0.382699
0.297501
0.218758
0.149399
0.132340
0.137744
0.116987
0.100851
0.072145
0.060429
0.059097
0.070081
0.080559
0.086269
0.118626
0.158769
0.180071
0.172942
0.163695
0.163973
0.236506
0.298480
0.336185
0.296515
0.227253
0.176016
0.131622
0.093516
0.065340
0.109003
0.178704
0.204979
0.217903
0.253945
0.293934
0.265056
0.181340
0.110900
0.192599
0.291972
0.370050
0.372499
0.296045
0.198274
0.116427
0.055523
0.017196
0.007675
0.013154
0.024036
0.041388
0.044539
0.030589
0.013462
0.002336
0.000000
0.000217
0.014980
0.072754
0.179329
0.342322
0.561140
0.840161
1.209623
1.679552
2.244608
2.881905
3.446793
3.444194
2.880751
2.239239
1.652902
1.174012
0.796276
0.504567
0.296722
0.175575
0.155850
0.228185
0.227474
0.152525
0.067896
0.015270
0.016219
0.059255
0.125843
0.183176
0.239688
0.361515
0.451300
0.448395
0.357802
0.245903
0.304678
0.426074
0.516272
0.508774
0.412108
0.292728
0.209250
0.285786
0.394942
0.632793
0.951159
1.200997
1.203191
1.092806
0.845181
0.579862
0.649184
0.850884
1.061159
1.217337
1.179849
0.966640
0.738563
0.541195
0.339820
0.414576
0.553866
0.712108
0.806812
0.748315
0.764556
1.014289
1.180185
1.699266
1.914721
1.973361
1.978278
1.969603
1.916230
1.733458
1.326667
0.966094
1.126319
1.503339
1.845385
1.916804
1.856523
1.728974
1.663186
1.971048
2.542336
3.149911
3.520720
3.202919
2.619415
2.002836
1.460659
1.039183
0.798326
0.864058
0.944909
1.077624
1.252623
1.324602
1.139781
0.829452
0.555174
0.581092
0.950178
1.259154
0.951374
0.590373
0.325583
0.160073
0.069582
0.016817
0.000000
0.000000
0.000000
0.000000
0.000000
0.000000
0.000000
0.000000
0.000000
0.000000
0.000000
0.000000
0.000000
0.000000
0.000000
0.000000
0.000000
0.000000
0.000000
0.000000
0.000000
0.000000
0.000000
0.000000
0.000000
0.000000
0.000000
0.000000
0.000000
0.000000
0.000000
0.000000
0.000000
0.000000
0.000000
0.000000
0.000000
0.000000
0.000000
0.000000
0.001081
0.003676
0.004234
0.003194
0.000552
0.000000
0.000000
0.000000
0.014350
0.043332
0.054211
0.026330
0.001684
0.000000
0.000000
0.000000
0.000538
0.004653
0.000193
0.003704
0.010204
0.012016
0.012578
0.012598
0.012769
0.029023
0.026940
0.015886
0.019202
0.020981
0.021362
0.021364
0.021058
0.019762
0.015720
0.005081
0.000236
0.013693
0.043251
0.104491
0.193243
0.240202
0.190022
0.164355
0.178818
0.145046
0.140606
0.171884
0.179547
0.179549
0.177697
0.171316
0.150459
0.121837
0.104160
0.094879
0.182209
0.328974
0.537697
0.808827
1.136387
1.498301
1.799471
2.237513
2.800411
3.293530
3.306582
2.965683
2.525275
2.000951
1.541473
1.195249
0.996298
0.796165
0.585748
0.538207
0.705075
0.756142
0.668196
0.496928
0.342232
0.240403
0.177259
0.114853
0.091156
0.106483
0.204780
0.276750
0.247919
0.136180
0.100439
0.086628
0.097984
0.108037
0.125636
0.149708
0.193586
0.252422
0.316072
0.374035
0.417403
0.461998
0.470681
0.419459
0.334818
0.325507
0.405349
0.505405
0.624365
0.746785
0.828683
0.844768
0.764784
0.653772
0.701741
0.803676
0.900910
0.968481
1.078529
1.142978
1.106687
1.286818
1.491129
1.708990
1.897303
1.998316
1.971665
1.807224
1.606947
1.399114
1.220440
1.175696
1.204579
1.345337
1.410400
1.557241
2.091690
2.716637
3.394860
4.240929
5.416830
7.068542
7.904458
8.133877
7.915484
7.097200
5.483009
4.266408
3.350237
2.603984
2.630427
2.742033
2.651608
2.421683
2.322658
2.324638
2.384231
2.776052
2.981807
3.197518
3.762772
4.337245
4.720249
4.679022
4.225542
3.685829
3.172630
2.728403
2.790515
3.031951
3.147439
3.130523
3.939490
4.187882
3.777201
2.858866
3.089376
3.290211
3.476166
3.568107
3.557037
3.395687
3.192608
2.964945
2.731596
2.520932
2.433710
2.548078
2.736333
2.904975
3.009410
2.997071
3.058897
3.283989
3.487823
3.629539
3.570541
3.338035
3.264357
3.474079
3.688635
3.721166
3.885922
3.915196
3.817184
3.600323
3.336041
3.054351
2.837260
2.656708
2.722684
2.784968
2.913360
3.117702
3.332014
3.434584
3.315068
3.455022
3.455579
3.605561
3.528584
3.301497
3.000775
2.753060
2.786430
2.863315
2.821417
2.648366
2.548326
2.376931
2.242589
2.051500
1.915627
1.746926
1.579349
1.648761
1.923974
2.051978
2.075945
2.258730
2.324440
2.247473
2.057550
2.426806
2.827584
3.054516
3.604704
4.311587
4.933529
5.666260
6.019878
5.531295
4.718078
3.839990
3.996325
3.978497
3.846874
3.544824
3.137905
3.427325
3.781599
3.793722
3.432250
3.736414
4.011944
4.336287
4.323494
3.979246
3.637697
3.542468
3.405419
3.263113
3.377467
3.743084
3.974921
4.264434
4.598972
4.672842
4.362101
3.926473
3.550864
4.057520
4.366298
4.078061
3.492008
2.920028
2.365869
2.115472
2.480771
2.806152
2.856567
2.580856
2.213122
1.845251
1.575120
1.424028
1.296468
1.220789
1.096309
0.865429
0.727292
0.713194
0.779652
0.870565
0.943253
1.005495
1.013718
0.956224
0.929315
0.964902
0.941762
1.041537
1.132052
1.151431
1.068532
1.190858
1.349423
1.477419
1.536299
1.493441
1.363141
1.270343
1.241157
1.130737
1.000422
1.050235
1.007181
0.878613
0.753487
0.712962
0.696335
0.677769
0.625900
0.615006
0.660180
0.630919
0.546800
0.554516
0.528895
0.489546
0.585281
0.683981
0.697124
0.618262
0.492513
0.456223
0.466250
0.410921
0.428866
0.466476
0.431268
0.342661
0.455214
0.532985
0.529217
0.467639
0.495036
0.507274
0.512411
0.542359
0.584531
0.700855
0.737534
0.819630
0.909503
0.950994
0.997597
1.157725
1.353590
1.379585
1.239845
1.027474
0.817246
0.664899
0.616558
0.549069
0.737335
1.010610
1.343657
1.735409
2.175888
2.621050
3.150553
3.726062
4.437808
5.304861
6.238906
7.345972
8.494368
9.233991
9.233271
8.515470
7.401913
6.299841
5.323226
4.457283
3.726865
3.287727
2.910953
2.706174
3.078764
3.182073
2.913666
2.574630
2.330133
2.585865
2.610354
2.352920
2.030567
1.743714
1.503068
1.271171
1.353462
1.586975
1.698354
1.779245
2.007754
2.245321
2.501580
2.781334
3.084319
3.397208
3.710562
4.021900
4.099753
3.948483
3.618026
3.251970
2.892065
2.558065
2.521748
2.774222
2.978992
2.984190
2.806487
2.502507
2.206880
1.997149
1.857954
1.694796
1.635999
1.811009
2.005331
2.210263
2.441484
2.703845
2.976574
3.278770
3.611530
3.962695
4.277785
4.437595
4.341725
4.041657
3.689874
3.401662
3.445019
3.757653
4.080319
4.390228
4.599254
4.654041
4.483685
4.241852
4.409147
4.505054
4.381988
4.119466
4.003507
4.306454
4.607471
4.826651
4.939311
5.016919
5.153672
5.154177
5.348350
5.549907
5.523665
5.299704
5.037431
4.950190
4.780584
4.514327
4.277334
4.187237
4.170245
4.257486
4.466425
4.547439
4.594121
4.498025
4.304660
4.046904
3.805949
3.592353
3.820010
4.359180
4.948422
5.584021
6.176037
6.693251
6.971714
7.032889
6.832185
6.296397
5.752562
5.158817
4.638200
5.167526
5.690091
5.977171
5.975775
5.622802
5.222675
5.309088
5.525772
5.573746
5.562628
5.563465
6.201071
7.199984
8.298233
9.083941
9.068375
8.232567
7.178271
7.700586
7.835087
7.437863
6.737806
6.920743
7.269414
7.441337
7.269258
6.952582
7.578285
8.159156
8.387572
8.162087
7.643087
7.187004
7.074811
7.172992
7.695923
8.160870
8.599827
8.759771
8.535678
7.885242
7.162671
6.557024
5.987195
5.447265
5.022219
4.947171
4.710058
4.677763
5.032739
5.413818
5.669706
5.741652
5.551823
5.198427
4.809179
4.397554
4.003597
3.632168
3.259411
2.884588
2.534760
2.404308
2.162921
1.839574
1.579096
1.681910
1.773657
1.829513
1.696410
1.443085
1.187815
0.966998
0.772769
0.599893
0.445837
0.323557
0.293180
0.249973
0.259766
0.348843
0.458773
0.564147
0.599546
0.581100
0.561276
0.447983
0.332271
0.377030
0.541384
0.755705
0.982550
1.144993
1.220270
1.107781
0.881006
0.704994
0.969337
1.199492
1.376522
1.195732
0.875851
0.567469
0.345372
0.208905
0.082889
0.006708
0.000000
0.000000
0.000000
0.000000
0.000000
0.000000
0.000000
0.000000
0.000000
0.000000
0.000000
0.000000
0.000000
0.000000
0.000000
0.000000
0.000000
0.000000
0.000000
0.000000
0.000000
0.048998
0.001970
0.047454
0.166135
0.373471
0.685072
1.066343
0.000000
0.000000
0.000000
0.000000
0.000000
0.000000
0.000000
0.000000
0.000000
