track	type=wiggle_0
fixedStep	chrom=chr	start=1	step=1
0.000000
0.000000
0.000000
0.000000
0.000000
0.000000
0.000000
0.000000
0.000000
0.000000
0.000000
0.000325
0.002438
0.004651
0.018323
0.074894
0.186063
0.377844
0.651213
0.883697
0.644067
0.363748
0.167430
0.138226
0.278229
0.465701
0.706318
0.987699
1.228349
1.270435
1.096960
0.944735
0.827363
0.670745
0.649865
0.702413
0.756787
0.668443
0.507330
0.369901
0.353618
0.384714
0.334531
0.325996
0.293835
0.295213
0.236106
0.375711
0.564765
0.738193
0.890396
0.934541
0.936908
0.916387
0.850463
0.698997
0.375816
0.152276
0.079260
0.048356
0.081123
0.101357
0.123063
0.107755
0.129688
0.148863
0.130589
0.086842
0.048738
0.049038
0.051058
0.155405
0.333624
0.621473
1.183791
1.475271
1.554210
1.567579
1.554209
1.493405
1.279429
0.809074
0.715240
0.807629
0.824287
0.771632
0.659696
0.598083
0.643997
0.627406
0.541640
0.435181
0.341903
0.270862
0.274188
0.366316
0.475732
0.604030
0.747142
0.891388
1.008707
1.020069
0.929452
0.780950
0.633985
0.511180
0.438836
0.424024
0.889771
1.132182
1.198731
1.210477
1.210477
1.210477
1.198731
1.134110
0.905147
0.461544
0.545974
0.713502
0.918404
1.131702
1.311204
1.357910
1.590159
1.931268
2.337341
2.793870
3.292626
3.827944
4.261523
4.476957
4.183149
3.704729
3.356967
3.998683
4.786636
5.664033
6.445049
6.818253
6.443104
5.660157
4.788123
4.025806
3.445142
3.140270
2.752069
2.317684
1.890580
1.503906
1.184937
0.948163
0.860270
0.712880
0.538290
0.388522
0.375132
0.340106
0.298668
0.301733
0.396802
0.546251
0.542059
0.376047
0.295176
0.383159
0.483071
0.594201
0.717468
0.830275
0.873643
0.841969
0.732685
0.614991
0.523940
0.503753
0.458721
0.418016
0.451918
0.519377
0.618142
0.731612
0.845063
0.952289
1.089730
1.219746
1.266535
1.220620
1.093986
0.961415
0.998854
1.154638
1.322098
1.479319
1.661751
1.857564
2.035471
2.164895
2.171317
2.053440
1.850447
1.639288
1.440188
1.260128
1.112104
1.113042
1.247104
1.395007
1.551692
1.715373
1.858329
1.962405
1.951710
1.824140
1.678662
1.534220
1.402889
1.279565
1.364135
1.449402
1.447242
1.356505
1.265581
1.221227
1.136139
1.113681
1.078314
1.050420
0.954494
0.865688
0.859918
0.864334
0.875616
0.871091
0.854387
0.860729
0.863378
0.810106
0.723959
0.657624
0.591535
0.537280
0.592895
0.711964
0.842964
0.987906
1.138556
1.289353
1.429105
1.459241
1.387679
1.230806
1.070362
0.921438
0.797755
0.855537
0.947891
0.969016
0.917277
0.804319
0.679860
0.616891
0.742298
0.894161
1.046580
1.177595
1.190380
1.138448
1.129255
1.052426
0.996665
1.113692
1.315900
1.555988
1.829136
2.132670
2.468007
2.835242
3.188047
3.452650
3.452006
3.176785
2.814220
2.447766
2.121726
1.862047
2.035839
2.225760
2.227167
2.041483
1.843755
1.614240
1.380389
1.166783
0.973086
0.802454
0.667300
0.807297
0.949268
1.036144
1.034137
0.942032
0.810676
0.694259
0.737344
0.695693
0.808318
1.008240
1.485131
1.478989
0.978135
0.609014
0.374122
0.332695
0.433440
0.543175
0.656450
0.726213
0.707124
0.623382
0.508101
0.436839
0.537435
0.702207
0.965648
1.315761
1.734090
2.149845
2.320508
2.150642
1.734774
1.316329
0.963634
0.680655
0.648797
0.881611
1.109026
1.215815
1.159289
0.956643
0.801764
1.014522
1.266100
1.557831
1.867748
2.147603
2.213234
2.074808
1.777737
1.468136
1.190765
0.951357
0.751353
0.800045
0.580371
0.425351
0.279169
0.284660
0.220038
0.112134
0.036698
0.005035
0.000917
0.000000
0.000000
0.000000
0.000331
0.012871
0.067079
0.170111
0.286672
0.315325
0.222064
0.135221
0.122586
0.112851
0.108583
0.106322
0.101476
0.083561
0.066200
0.169452
0.297462
0.428779
0.446279
0.320387
0.169272
0.060114
0.007105
0.000000
0.000000
0.000000
0.000000
0.000000
0.000000
0.000000
0.000000
0.000000
0.000000
0.000000
0.000000
0.000000
0.000000
0.000000
0.000000
0.000000
0.000000
0.000000
0.000000
0.000000
0.000000
0.000000
0.000000
0.000000
0.000000
0.000000
0.000000
0.000000
0.000000
0.000000
0.000000
0.000000
0.000000
0.000000
0.000000
0.000981
0.023131
0.032161
0.009079
0.000000
0.000000
0.000000
0.000000
0.000000
0.000000
0.000000
0.000000
0.000000
0.007715
0.043295
0.111718
0.216698
0.356586
0.513466
0.728098
1.011298
1.362488
1.782889
2.223765
2.519211
2.539022
2.253269
1.819831
1.411064
1.100965
0.952865
0.770584
0.603812
0.473912
0.581765
0.653894
0.583555
0.638155
0.789546
0.928043
0.974626
0.938436
1.170204
1.346118
1.340100
1.756543
2.185100
2.559195
2.557497
2.177572
1.749616
1.381663
1.167397
0.970566
0.768183
0.723482
0.685373
0.574681
0.394706
0.328307
0.417646
0.622713
0.937390
1.348448
1.931928
2.263098
2.387218
2.358682
2.124966
1.541087
0.978229
0.647099
0.393719
0.275080
0.340086
0.377029
0.342825
0.279851
0.219880
0.293529
0.378863
0.472018
0.555814
0.581746
0.551071
0.504563
0.502115
0.500661
0.467563
0.546977
0.677947
0.810109
0.895905
0.900042
0.828033
0.726519
0.613303
0.512087
0.601397
0.649352
0.632558
0.577104
0.659868
0.750291
0.745844
0.651616
0.758424
0.818142
0.806453
0.707671
0.573357
0.662349
0.821810
1.263395
1.962806
2.320538
2.422118
2.434171
2.381089
2.262530
2.870536
3.472868
4.081931
4.520936
5.034155
6.135750
7.564611
8.008782
7.589537
6.237545
5.152993
4.576598
4.200312
3.549372
2.911451
2.374834
2.327102
2.475022
2.689074
2.981682
3.070250
3.005249
2.984417
3.055424
3.165785
3.230125
2.997790
2.599233
2.178346
1.791959
1.452921
1.495302
1.923808
1.989418
1.790549
1.665436
1.826690
1.868594
1.678917
1.374388
1.007656
0.685765
0.450609
0.566064
0.660553
0.702560
0.778960
0.909669
1.017516
1.019048
0.905429
0.751787
0.612465
0.508851
0.429190
0.354795
0.266270
0.196806
0.231044
0.266961
0.254754
0.201082
0.197198
0.261703
0.335885
0.410969
0.464772
0.464671
0.417204
0.348212
0.275627
0.207969
0.148700
0.095530
0.055966
0.050501
0.079368
0.217472
0.502630
0.791795
0.911457
0.944928
0.933329
0.863560
0.673824
0.754375
0.714923
0.543340
0.384849
0.573427
0.805158
1.008988
1.037067
0.862462
0.638103
0.420882
0.650546
0.988866
1.403295
1.833170
1.812664
1.338446
0.915754
0.590040
0.346284
0.176537
0.068077
0.024336
0.016707
0.006611
0.001963
0.011439
0.024767
0.039867
0.049636
0.047245
0.032379
0.016293
0.005007
0.000118
0.005454
0.020032
0.042445
0.074692
0.120427
0.180017
0.263109
0.360932
0.469421
0.590051
0.723514
0.857032
0.954089
0.968990
0.881928
0.763392
0.630002
0.765448
0.944867
1.134227
1.284465
1.310539
1.206513
1.045735
0.883834
0.727323
0.587212
0.464968
0.579853
0.829231
1.131653
1.283018
1.153769
0.934574
0.767283
0.579484
0.326817
0.154505
0.073006
0.031242
0.022397
0.065922
0.111084
0.124140
0.145467
0.146458
0.166150
0.143540
0.134333
0.184060
0.241490
0.302619
0.366885
0.425071
0.451808
0.446423
0.407090
0.398478
0.517787
0.587460
0.663490
0.697705
0.849867
0.797188
0.591330
0.374368
0.299850
0.246991
0.267169
0.300044
0.442698
0.577334
0.696308
0.795443
0.846763
0.821815
0.785506
0.669210
0.715405
0.847791
0.979232
1.096256
1.162476
1.178454
1.133798
1.018845
0.893928
0.781184
0.689336
0.599273
0.507584
0.417657
0.335506
0.241831
0.288065
0.334754
0.359729
0.377964
0.428223
0.482710
0.516753
0.510936
0.600141
0.714273
0.840548
0.979179
1.122925
1.253099
1.330648
1.320602
1.234676
1.101340
0.954054
0.818630
0.698362
0.745754
0.858400
0.869585
0.768314
0.667509
0.823633
0.982772
1.110886
1.145276
1.152794
1.068668
0.958731
0.961371
0.907480
1.126753
1.431417
1.798745
2.234292
2.737261
3.323304
4.019965
4.821028
5.731264
6.767655
7.933917
9.115886
10.078008
10.178965
9.507934
8.391713
7.206864
6.169046
5.221329
4.414503
3.837555
3.754233
3.393858
3.249545
3.752969
4.243575
4.645792
5.210114
5.835699
6.525372
7.259799
7.959572
8.419107
8.494158
8.265931
7.824717
7.087563
6.330055
5.634074
5.014507
4.446503
3.939490
3.822450
4.077390
4.007542
3.793160
4.326544
4.750912
4.744831
4.444681
4.866265
5.220310
5.457749
5.505245
5.390404
5.189798
4.814245
4.436697
4.049850
3.680273
3.353112
3.100881
3.191331
3.195667
3.392008
3.390213
3.204964
2.881304
2.695319
2.666438
2.503216
2.263079
2.020858
1.805062
1.642628
1.682757
1.648885
1.554235
1.556496
1.528016
1.532941
1.693901
1.792917
1.740809
1.574726
1.381054
1.207390
1.069229
0.952687
0.849697
0.871212
1.005367
1.092931
1.071649
1.050508
1.292230
1.215885
0.949918
0.679512
0.496761
0.423410
0.507393
0.599055
0.618931
0.718591
0.800193
0.874230
0.998025
1.157425
1.344645
1.494311
1.642246
1.809085
1.986870
2.146787
2.250607
2.429060
2.612157
2.707743
2.717362
2.746685
2.670451
2.435392
2.111422
1.710600
1.872310
2.031407
2.170495
2.198618
2.111650
1.948623
1.799726
1.700475
1.652394
1.557545
1.539326
1.651122
1.790540
1.882568
1.957385
2.008951
2.005852
1.899619
1.845967
2.015954
2.204265
2.408587
2.626462
2.813754
2.938973
2.952478
2.820345
2.607302
2.367789
2.137268
1.917678
1.715213
1.547293
1.422402
1.306289
1.357902
1.477177
1.563637
1.573450
1.503858
1.386678
1.256591
1.115827
0.979750
0.846748
0.721716
0.609004
0.514744
0.429884
0.349394
0.274193
0.206947
0.152647
0.106357
0.065785
0.031989
0.008489
0.000000
0.000000
0.000000
0.000000
0.000000
0.000000
0.000032
0.000000
0.000000
0.001385
0.024998
0.081250
0.156778
0.192509
0.176734
0.144702
0.164033
0.216336
0.276079
0.366882
0.472800
0.534554
0.564203
0.545682
0.649625
0.736059
0.706032
0.648198
0.753297
1.074300
1.429272
1.803991
2.217154
2.858681
3.847265
4.827879
5.228844
5.333494
5.343868
5.270860
4.937465
5.041772
5.572213
5.691263
5.473761
4.836331
4.197039
3.504814
2.877903
2.848624
2.996414
2.798389
2.263225
1.617892
1.398231
1.622177
1.687323
1.597396
1.344998
1.070286
0.824032
0.612576
0.441150
0.302505
0.189307
0.130794
0.065596
0.016619
0.000089
0.000000
0.000000
0.000000
0.000000
0.014636
0.083064
0.222641
0.459663
0.819825
0.990009
1.052192
1.052154
1.001797
0.870999
0.604659
0.365376
0.136776
0.032002
0.000199
0.000000
0.000000
0.000000
0.000000
0.000000
0.000000
0.000000
0.000000
0.000000
0.000000
0.000000
0.000000
0.000000
0.000000
0.000000
0.000000
0.000000
0.000000
0.000000
0.000000
0.000000
0.000000
0.000000
0.000000
0.000000
0.000000
0.000000
0.000000
0.000000
0.004173
0.068087
0.159066
0.284510
0.499346
0.764109
1.027924
1.123052
0.970664
0.689085
0.436809
0.260014
0.420453
0.634708
0.878032
1.070776
1.148257
1.259592
1.207489
1.355393
1.802750
2.360816
2.936962
3.611873
4.151246
3.453803
2.621406
1.962519
1.476859
1.076758
0.734682
0.468837
0.270271
0.130995
0.046909
0.041499
0.097362
0.153550
0.150047
0.092040
0.036107
0.016682
0.049624
0.097674
0.130750
0.176297
0.170175
0.112799
0.054053
0.015768
0.044663
0.173104
0.327424
0.383381
0.327757
0.176456
0.053877
0.052219
0.153471
0.307058
0.503563
0.685440
0.778777
0.689406
0.487741
0.286908
0.139074
0.143003
0.124039
0.168084
0.235989
0.318379
0.399438
0.447849
0.442190
0.381493
0.313745
0.242352
0.179146
0.230946
0.256482
0.242531
0.209397
0.228529
0.312459
0.429388
0.563253
0.691091
0.756819
0.704713
0.610833
0.544027
0.499257
0.412620
0.320500
0.264577
0.254933
0.331839
0.452221
0.601849
0.774821
0.802180
0.753170
0.616298
0.469069
0.359684
0.449885
0.513098
0.596054
0.813983
1.062974
1.312649
1.423661
1.364584
1.177186
1.038541
1.022499
0.944540
0.917141
0.868474
0.849876
1.089544
1.440439
1.865268
2.355070
2.749348
2.842211
2.932365
3.653838
4.732370
5.288514
4.712905
3.572463
2.792351
2.312030
1.934678
1.785949
1.796894
2.012054
2.209031
2.332232
2.324932
2.382923
2.718874
3.090442
3.253913
3.145539
2.740226
2.309281
1.877478
1.522044
1.230650
1.036790
1.417638
1.877961
2.396867
2.807611
2.821654
2.424226
1.913037
1.441260
1.054270
0.876900
1.023535
1.212949
1.351533
1.335937
1.275694
1.256235
1.104846
0.935376
0.879086
0.849868
0.789831
0.679527
0.625870
0.711378
0.722248
0.745292
0.763659
0.687317
0.550489
0.585410
0.582488
0.553790
0.536273
0.588352
0.675930
0.722746
0.719416
0.711610
0.735505
0.950912
1.330742
1.832545
2.458499
3.313341
4.419583
4.821634
4.406210
3.296112
2.494775
1.995292
1.878592
1.758382
1.465582
1.205985
1.068582
0.929690
0.707924
0.544565
0.403137
0.332986
0.290635
0.220489
0.290162
0.421298
0.636520
0.812679
0.794309
0.648354
0.479455
0.629570
0.809884
1.010324
1.223978
1.466404
1.709911
1.877437
1.916587
1.753145
1.579615
1.402232
1.178954
0.955987
0.754419
0.580349
0.630610
0.758641
0.965853
1.181674
1.293554
1.224875
1.014495
0.784067
0.581182
0.416234
0.285451
0.254025
0.234425
0.172441
0.092852
0.109188
0.153717
0.251462
0.431129
0.669877
0.960273
1.347575
1.835904
2.436353
3.098618
3.669745
3.668242
3.102435
2.445809
1.845465
1.350633
0.952866
0.638721
0.408794
0.275058
0.261631
0.346957
0.345398
0.253839
0.146818
0.076664
0.071566
0.098194
0.099596
0.077569
0.067063
0.039807
0.019449
0.006297
0.038827
0.036499
0.066241
0.100785
0.127715
0.124246
0.087230
0.042518
0.048287
0.144233
0.384094
0.558466
0.685205
0.791183
0.676201
0.504769
0.419113
0.345199
0.258115
0.290670
0.237806
0.248591
0.344108
0.430877
0.538674
0.641532
0.715568
1.018304
1.398851
1.760355
1.938098
1.844639
1.490181
1.319981
1.538696
1.882872
2.042970
2.088656
2.104507
2.093278
2.041350
1.855124
1.424540
1.061713
1.349058
1.740365
2.058884
2.043999
1.745194
1.347089
1.000709
0.775714
1.271025
1.517386
1.587470
1.605758
1.575368
1.503231
1.282409
0.784052
0.419748
0.217961
0.131216
0.064003
0.022199
0.002429
0.000000
0.000000
0.000000
0.000000
0.000000
0.000000
0.000000
0.000000
0.000000
0.000000
0.000000
0.000000
0.000000
0.000000
0.000000
0.000000
0.000000
0.000000
0.000000
0.000000
0.000000
0.000000
0.000000
0.000000
0.000000
0.000000
0.000000
0.000000
0.000000
0.000000
0.000000
0.000000
0.000000
0.000000
0.000000
0.000000
0.000000
0.000000
0.000000
0.000000
0.000000
0.000000
0.000000
0.000000
0.014115
0.077708
0.194072
0.345675
0.558854
0.878952
1.385653
2.131272
2.632189
2.801414
2.838528
2.843096
2.807481
2.640639
2.160402
1.452249
0.956125
0.601993
0.347905
0.178758
0.093362
0.057354
0.034636
0.093539
0.153303
0.194873
0.296580
0.345599
0.304971
0.221052
0.127589
0.065842
0.059512
0.070253
0.145367
0.337286
0.503650
0.581577
0.607338
0.621982
0.641483
0.669126
0.686881
0.648798
0.469878
0.285826
0.262755
0.241520
0.175505
0.186695
0.315495
0.498105
0.736870
1.011761
1.222422
1.297150
1.136849
0.868596
0.608080
0.486565
0.434206
0.469320
0.454739
0.366430
0.293086
0.270049
0.203406
0.190478
0.180426
0.148420
0.168269
0.185993
0.222866
0.238701
0.230973
0.177791
0.134902
0.166482
0.169879
0.153974
0.313001
0.494240
0.621931
0.688172
0.566224
0.631994
0.574027
0.458670
0.429170
0.508590
0.557836
0.556875
0.501041
0.415556
0.330888
0.345268
0.335174
0.324220
0.269364
0.241835
0.273155
0.290051
0.306761
0.269292
0.274811
0.339875
0.376078
0.469654
0.552814
0.610239
0.603176
0.593872
0.527850
0.527417
0.583268
0.693292
0.776127
0.776727
0.699195
0.588192
0.481337
0.382247
0.419253
0.443553
0.392898
0.348938
0.462114
0.593949
0.733083
0.793250
0.715439
0.586801
0.660474
0.723586
0.833082
0.998396
1.027266
1.077793
1.342812
1.560949
1.563998
1.414463
1.419567
1.790984
2.352200
3.059792
3.887891
4.812548
6.037654
7.729971
8.550757
8.807852
8.653221
7.816660
6.132264
4.883635
3.990207
4.369867
5.184909
5.854567
5.951413
5.532323
4.937119
4.274395
3.688335
3.074369
2.509419
2.055505
2.159528
2.234388
2.577706
2.850910
2.865639
2.629011
2.247606
1.931657
1.814866
1.893956
2.023474
1.928758
1.788139
1.559815
1.318863
1.091490
0.903653
0.826373
0.762013
0.918154
1.028033
1.108349
1.124559
1.044750
0.948936
0.848153
0.837326
0.921298
1.006268
1.035603
1.043392
1.095651
1.215354
1.278205
1.274013
1.324025
1.371584
1.431006
1.409996
1.328151
1.253399
1.377731
1.429384
1.343090
1.355561
1.495302
1.676594
1.876215
2.082232
2.272629
2.420255
2.551129
2.556824
2.542886
2.675353
2.701768
2.569499
2.366444
2.139778
1.919079
1.706283
1.606843
1.486021
1.502486
1.554322
1.526833
1.419373
1.270593
1.098664
0.944893
1.112799
1.300333
1.490694
1.660270
1.757230
1.769709
1.684447
1.815343
1.841193
1.696636
1.517576
1.701618
1.869210
1.980923
2.009815
1.909455
2.471094
3.343118
3.955547
4.215987
4.358549
4.486923
4.317176
4.178381
3.892736
3.277263
2.906612
2.540940
2.189157
2.066649
2.484436
2.952579
3.481171
4.078104
4.763310
5.529222
6.375973
7.302262
8.187059
8.968496
9.164374
8.774338
7.902499
6.927140
7.007784
6.933762
6.466381
6.094585
5.316862
4.632896
4.529510
4.172254
3.658230
3.376465
3.304717
3.010720
2.595602
2.325237
2.435089
2.595813
2.654863
2.554137
2.589619
2.523406
2.384607
2.205193
2.327234
2.607007
2.722600
2.651103
2.393232
2.303949
2.412154
2.460432
2.309853
2.064735
1.824163
1.894388
2.001905
2.003861
1.907076
1.760913
1.619752
1.571040
1.709020
1.883231
2.083931
2.230727
2.267298
2.168116
2.264995
2.503849
2.766077
3.027704
3.234259
3.304667
3.184163
2.979848
2.830946
2.619104
2.617144
2.860173
3.083450
3.197121
3.169910
3.242751
3.273875
3.183991
2.973118
2.732578
2.502840
2.301590
2.132367
1.944096
1.817092
1.737437
1.629324
1.591791
1.449957
1.325028
1.204268
1.050183
0.951298
0.995818
0.960710
0.855618
0.747089
0.646894
0.568226
0.525786
0.563346
0.610124
0.732075
0.836312
0.887643
0.971803
1.214750
1.462676
1.699449
1.758876
1.658198
1.442163
1.240669
1.081290
1.031015
1.327456
1.679278
2.089528
2.569612
3.110988
3.672448
4.085168
4.243067
4.769561
5.532425
6.457835
7.472832
8.514453
9.563088
10.340806
10.310308
9.464156
8.286973
7.124514
6.083957
5.176842
4.535666
4.530171
4.166210
3.656536
3.314920
3.093132
2.670364
2.271111
1.957739
1.632560
1.314802
1.031647
0.787654
0.582255
0.543127
0.663677
0.794938
0.852887
0.828373
0.700736
0.553832
0.412254
0.458680
0.445113
0.363127
0.273021
0.202855
0.176315
0.133160
0.097205
0.088102
0.130560
0.173583
0.216652
0.270055
0.338497
0.422601
0.493422
0.512203
0.475254
0.578322
0.700972
0.802395
0.913502
1.026925
1.132829
1.206469
1.271996
1.341344
1.335224
1.298853
1.451946
1.604761
1.739875
1.853788
1.992108
2.060977
2.104315
2.195993
2.218845
2.149668
2.002906
1.854580
1.751086
1.796756
1.814913
1.762754
1.737738
1.726643
1.622142
1.615473
1.609937
1.544908
1.591657
1.724428
1.742018
1.771835
1.869589
2.031456
2.196639
2.336955
2.481765
2.625728
2.660757
2.581551
2.661953
2.865739
3.056697
3.261185
3.493011
3.775303
4.005199
4.231913
4.483834
4.589204
4.569124
4.452810
4.717698
4.941609
4.886045
4.574890
4.159754
3.381627
2.838451
2.799568
2.854268
2.940390
2.963854
2.837407
2.923186
2.970832
2.815904
2.684522
2.922196
3.175460
3.367670
3.500683
3.745139
4.007945
4.253207
4.416596
4.339847
4.081038
3.778872
3.727306
4.513302
5.323768
5.923778
5.906486
5.277181
4.748574
5.171609
5.615235
6.064494
6.370596
6.387329
6.085419
6.295963
6.701835
7.148249
7.412902
7.429656
7.774936
8.265407
8.623242
9.016755
9.498803
9.687038
9.443163
9.858602
10.482195
10.710015
10.494381
9.812948
9.012014
8.251150
7.562493
6.974404
6.604096
6.588022
6.353559
6.388991
6.901548
7.383034
7.684353
7.717037
7.486231
7.070816
6.606070
6.125288
5.661816
5.210688
4.768702
4.321056
3.892540
3.514865
3.183785
2.884129
2.622217
2.407768
2.524785
2.608656
2.479710
2.190461
1.899981
1.640118
1.407002
1.181589
1.045794
0.945796
0.931103
1.133219
1.340272
1.447043
1.347618
1.224763
1.104140
0.965766
0.874890
0.752165
0.597426
0.649878
0.851046
1.102584
1.392770
1.669431
1.781357
1.658865
1.379330
1.085307
1.275783
1.444453
1.650502
1.456362
1.117840
0.776722
0.520509
0.310892
0.152997
0.052441
0.005471
0.000000
0.000000
0.000000
0.000000
0.000000
0.000000
0.001519
0.023151
0.054089
0.035379
0.004796
0.002379
0.021197
0.078153
0.181204
0.329072
0.495538
0.717183
0.933266
0.886453
0.455307
0.401444
0.270843
0.322599
0.513586
0.820503
1.214889
0.037541
0.000000
0.000000
0.000000
0.000000
0.000000
0.000000
0.000000
0.000000
