track	type=wiggle_0
fixedStep	chrom=chr	start=1	step=1
0.000000
0.000000
0.000000
0.000000
0.000000
0.000000
0.000000
0.000000
0.000000
0.310468
0.650483
0.844954
0.787096
0.453415
0.226704
0.115881
0.102015
0.193186
0.250360
0.485301
0.599095
0.537810
0.543280
0.461601
0.542289
0.677033
0.953982
1.382217
1.727843
1.376866
0.931338
0.573301
0.343850
0.185510
0.099398
0.044740
0.025520
0.025969
0.016478
0.024740
0.038240
0.089909
0.276481
0.596501
0.780212
0.758891
0.665535
0.585745
0.662706
0.839453
1.055063
1.274397
1.420475
1.373890
1.193229
0.960447
0.745700
0.734797
0.983235
1.274506
1.558844
1.749995
1.664143
1.463281
1.329422
1.246118
1.095141
1.161704
1.324276
1.425492
1.380318
1.189842
0.941753
0.759840
0.789425
0.673088
0.490461
0.332631
0.544125
0.843232
1.230317
1.734121
2.594153
3.634944
4.034267
4.131345
4.145588
4.131344
4.048500
3.716322
2.786131
1.948684
1.355837
0.927778
0.609540
0.368341
0.194806
0.080444
0.115841
0.165848
0.205382
0.271372
0.354961
0.461662
0.562892
0.583117
0.632599
0.689632
0.708450
0.731850
0.679331
0.658816
0.672036
0.639973
0.628918
0.629324
0.939581
1.063016
1.052542
0.956105
0.955021
1.066698
1.200271
1.338575
1.484697
1.646321
1.807435
1.986276
2.160241
2.288412
2.289839
2.163791
1.984601
1.797032
1.618447
1.450091
1.295161
1.159473
1.056675
1.111154
1.294369
1.475349
1.605966
1.657081
1.694287
1.585633
1.402436
1.215170
1.039812
0.933716
1.085487
1.257009
1.367413
1.409668
1.383474
1.300730
1.529322
1.802840
2.103528
2.418941
2.736231
2.971204
3.006407
2.950344
3.215748
3.368615
3.364203
3.307855
3.405892
3.767583
4.160117
4.356593
4.656082
5.231875
5.954459
6.756141
7.635829
8.551960
9.337724
9.757972
9.339004
8.562188
7.645234
6.766011
5.981359
6.028491
5.835190
5.383712
4.863669
4.366161
3.909517
3.488446
3.440952
3.362461
3.165289
2.880840
2.522925
2.163182
1.879599
1.635126
1.413008
1.218398
1.064335
1.088537
1.127788
1.142405
1.070026
0.938654
0.825786
0.793417
0.871564
1.006631
1.326777
0.994209
0.778650
0.886514
1.010965
1.140986
1.269761
1.385583
1.471851
1.612841
1.766993
1.890874
1.961439
2.036467
2.105344
2.305254
2.518535
2.727069
2.880486
2.966467
3.072063
3.286447
3.492813
3.602729
3.714085
3.632076
3.428574
3.197688
3.032394
3.040828
2.940055
2.847362
2.760047
2.570958
2.362598
2.165154
2.001816
1.886734
1.783109
1.699194
1.657224
1.790892
1.922460
1.977715
1.914931
1.928568
1.912434
1.772846
1.766507
1.702683
1.536042
1.340405
1.309090
1.385675
1.422824
1.407172
1.333613
1.294541
1.493679
1.625768
1.709929
1.704637
1.609265
1.474594
1.263245
1.059194
0.950403
1.035746
1.241923
1.473233
1.740297
2.037072
2.363436
2.719837
3.097883
3.659284
4.047259
3.933988
3.499386
3.087392
2.690195
2.326720
2.701398
3.160532
3.494068
3.437674
3.013397
2.524199
2.780980
2.784029
2.388575
1.898830
1.451951
1.082111
0.785796
0.937697
1.256681
1.411306
1.445297
1.417490
1.289552
1.179013
1.229859
1.177024
1.220069
1.508495
1.447517
0.964618
0.617169
0.420854
0.328761
0.341132
0.303805
0.333713
0.442330
0.542758
0.607802
0.694772
0.734491
0.703609
0.633768
0.516936
0.400487
0.351184
0.352705
0.513204
0.687555
0.754427
0.754427
0.685865
0.501785
0.264083
0.193098
0.160278
0.110834
0.061074
0.030555
0.080814
0.148217
0.208452
0.264636
0.280184
0.229453
0.152491
0.120108
0.104925
0.125385
0.139617
0.154698
0.342029
0.381197
0.262439
0.361541
0.562748
0.709637
0.684276
0.525549
0.332339
0.182552
0.098085
0.034898
0.050582
0.059118
0.050425
0.030907
0.014607
0.003757
0.021867
0.044938
0.084068
0.105458
0.106701
0.104095
0.102473
0.098551
0.084635
0.043355
0.001510
0.000000
0.000000
0.000000
0.000000
0.000000
0.000000
0.000000
0.000000
0.000000
0.000000
0.000000
0.000000
0.000000
0.000000
0.000000
0.000000
0.000000
0.000000
0.000000
0.000000
0.000000
0.000000
0.000000
0.000000
0.000000
0.000000
0.000000
0.000000
0.000000
0.000000
0.000000
0.000000
0.000000
0.000000
0.000000
0.000000
0.000000
0.000000
0.000000
0.000000
0.000000
0.000000
0.000813
0.026639
0.092715
0.204292
0.367261
0.588736
0.875950
1.237960
1.633836
1.932829
1.932348
1.629633
1.234757
0.887829
0.671992
0.695186
0.945169
1.196986
1.454169
1.791690
2.274310
2.868103
3.570719
4.391292
5.314104
6.191599
6.939438
6.941321
6.199006
5.322417
4.460935
4.416438
5.088223
5.634840
6.048742
5.885249
5.341612
4.600428
3.880013
3.240072
2.681116
2.193596
1.774789
1.428239
1.625923
1.858622
1.930542
1.945250
1.930542
1.845707
1.697846
1.620171
1.436032
1.191523
0.956190
0.754025
0.595615
0.568354
0.504568
0.401726
0.290358
0.194080
0.225564
0.250495
0.250586
0.330648
0.423963
0.529262
0.646138
0.777846
0.925446
1.091104
1.270864
1.465405
1.659834
1.787173
1.801068
1.726120
1.578235
1.431031
1.274034
1.158383
1.204110
1.323257
1.420295
1.476913
1.402417
1.269098
1.285421
1.397446
1.395890
1.312923
1.221177
1.085784
0.944004
0.810111
0.682494
0.565783
0.469132
0.416176
0.326375
0.240248
0.172098
0.236758
0.317839
0.429491
0.566193
0.722243
0.874099
1.198847
1.457475
1.500944
1.301695
1.143094
1.498272
1.854279
2.199529
2.337249
2.271966
2.006206
1.641183
1.854531
2.402753
3.088718
3.931457
5.008472
6.479523
7.134064
7.310568
7.311524
7.196880
6.775230
5.793101
4.881171
4.325391
3.821366
3.342780
2.965781
2.512073
2.469366
2.407930
2.724498
2.989116
3.012964
2.788048
2.631435
2.582254
2.386024
2.236425
2.042074
1.710668
1.380573
1.088345
0.836542
0.693173
0.909542
1.174782
1.228084
1.061971
0.953705
0.748474
0.521594
0.370923
0.240971
0.280732
0.267168
0.290133
0.390553
0.461741
0.456077
0.381750
0.281809
0.289679
0.383000
0.483836
0.603802
0.741130
0.885335
0.996418
1.038647
0.957143
0.813780
0.678830
0.563394
0.449513
0.345819
0.259021
0.192695
0.132959
0.082586
0.044845
0.019910
0.043467
0.064005
0.055832
0.026059
0.006402
0.005198
0.016398
0.035489
0.063206
0.096721
0.128493
0.130219
0.143717
0.311986
0.593803
0.971974
1.399344
1.624259
1.731268
1.728150
1.707163
1.673674
1.580043
1.386459
1.023496
0.792711
0.596088
0.453672
0.287596
0.151200
0.101690
0.064466
0.029526
0.011403
0.001712
0.000000
0.000000
0.000285
0.003103
0.005877
0.021215
0.045408
0.077273
0.122406
0.134101
0.180542
0.211476
0.215536
0.191756
0.163104
0.129748
0.095365
0.058555
0.031977
0.018708
0.010812
0.013840
0.024547
0.034008
0.044016
0.082619
0.133015
0.194993
0.272888
0.370741
0.488863
0.622913
0.775870
0.949731
1.123977
1.247123
1.269782
1.175460
1.025735
0.870137
0.719491
0.580934
0.458433
0.350358
0.340813
0.395406
0.364417
0.328517
0.341897
0.382443
0.399186
0.415581
0.450818
0.566569
0.570358
0.462095
0.643993
0.865048
1.079213
1.188294
1.134636
0.991233
0.783773
0.604198
0.616794
0.556916
0.425351
0.282995
0.166822
0.271511
0.336774
0.300708
0.406047
0.658647
0.986941
1.287625
1.251966
0.984646
0.923363
1.067982
1.223530
1.618820
2.129684
2.092553
1.505858
1.059353
0.707887
0.826237
0.961592
1.116349
1.292926
1.487680
1.693284
1.854924
1.874743
1.742653
1.555909
1.369233
1.203769
1.076942
1.067911
1.022770
1.083207
1.238796
1.405263
1.569786
1.740277
1.878430
1.938449
1.911383
1.848264
1.729349
1.568670
1.419021
1.504099
1.641037
1.803873
1.922383
1.950563
1.869663
1.761371
1.742532
1.653506
1.690721
1.750102
1.729281
1.687804
1.607658
1.441353
1.266401
1.099738
1.056087
1.175116
1.323311
1.502411
1.681347
1.827781
1.916951
2.068903
2.260247
2.450996
2.574071
2.617162
2.542302
2.567671
2.627275
2.554394
2.386283
2.191402
2.003978
1.848050
1.728776
1.645075
1.694809
1.703983
1.744726
1.754467
1.739736
1.642223
1.452480
1.394031
1.445891
1.454199
1.516327
1.838253
1.977287
1.913006
1.655704
2.158815
2.725908
3.309806
3.659297
3.484344
3.050387
2.699510
2.628630
2.531752
2.506039
2.522335
2.748596
3.298484
3.921347
4.548244
4.912882
4.872874
4.635103
4.303028
4.533863
5.321678
6.144018
6.547445
6.118136
5.340205
4.569902
3.795022
3.103613
2.533116
2.492163
2.435746
2.379241
2.204897
2.463193
2.778967
3.111740
3.431755
3.609667
3.872169
4.241421
4.470273
4.413972
4.129963
4.024028
3.765287
3.406314
3.044503
2.708252
2.423239
2.207510
2.180780
2.449792
2.736256
2.966369
3.050425
2.911946
2.705417
2.453923
2.198592
1.986435
1.952628
1.874475
1.852060
1.963441
2.161912
2.289708
2.259995
2.122625
1.923818
1.787864
2.323187
2.823556
2.941938
2.609567
2.109657
1.657196
1.684534
1.772149
1.692964
1.545476
1.356148
1.148936
0.948259
0.768516
0.696902
0.753160
0.749690
0.764254
0.787007
0.784180
0.769340
0.761646
0.708168
0.725189
0.794607
0.892792
0.961776
1.009360
0.985174
0.927438
1.005716
1.294865
1.823389
2.171335
2.295450
2.286576
2.140929
1.742023
1.160478
1.149766
1.182018
1.139293
1.065264
0.958634
0.842781
0.728572
0.653657
0.708261
0.899006
0.916362
0.670162
0.512096
0.633589
0.761102
0.890328
1.039595
1.208444
1.369910
1.522249
1.495568
1.362853
1.199586
1.023201
0.869613
0.946672
1.047467
1.059022
0.984475
0.882608
0.817947
0.771953
0.712324
0.644758
0.573686
0.480906
0.390341
0.312696
0.238230
0.227253
0.261101
0.243259
0.196015
0.150299
0.126537
0.105063
0.113958
0.088301
0.052910
0.020765
0.004321
0.002825
0.008943
0.028353
0.062454
0.111339
0.181338
0.269120
0.328901
0.330707
0.282523
0.205385
0.134730
0.076453
0.036514
0.013584
0.030317
0.031607
0.042228
0.108526
0.207998
0.343543
0.495129
0.626699
0.717889
0.691974
0.540397
0.758510
1.083318
1.445135
1.821144
2.241194
2.886638
3.884824
4.877535
5.285937
5.404376
5.419328
5.330334
5.003738
4.245091
3.379505
3.893045
4.652229
5.381156
5.799223
5.722338
5.174274
4.400057
3.651418
2.993666
2.422571
2.124759
2.192567
2.257363
2.206393
2.040601
1.717597
1.470771
1.173275
0.894508
0.661409
0.471564
0.318148
0.199197
0.110784
0.049007
0.012571
0.000150
0.000000
0.000000
0.000000
0.000000
0.016989
0.106064
0.303902
0.426475
0.463262
0.473846
0.474559
0.475233
0.468399
0.429638
0.298619
0.094293
0.010586
0.010018
0.019993
0.022291
0.014085
0.002806
0.000000
0.000000
0.000000
0.000000
0.000000
0.000000
0.000000
0.000000
0.000000
0.000000
0.000000
0.000000
0.000000
0.000000
0.000000
0.000000
0.000000
0.000000
0.000000
0.000000
0.000000
0.000000
0.000765
0.036416
0.130603
0.293910
0.582735
0.923106
1.079390
1.077101
0.926816
0.601078
0.316062
0.277744
0.446571
0.663399
0.930372
1.256101
1.601821
1.845988
1.881692
1.648755
1.295219
0.961689
1.223866
1.654569
2.205023
2.869478
3.624014
4.207343
3.518624
2.694344
2.030216
1.500154
1.075097
0.747448
0.496620
0.299928
0.160702
0.125835
0.205111
0.285582
0.310410
0.271137
0.184207
0.129424
0.178433
0.232559
0.289216
0.411158
0.547494
0.597058
0.556002
0.423184
0.292662
0.262162
0.276211
0.239342
0.173249
0.152064
0.214132
0.272440
0.357677
0.458259
0.612831
0.900167
1.218497
1.502289
1.499253
1.218177
1.129675
1.242595
1.278759
1.231599
1.096704
1.233384
1.403185
1.512989
1.520443
1.576341
1.779455
1.869899
1.824356
1.667452
1.479810
1.285262
1.102786
1.104874
1.353487
1.638041
1.941934
2.295394
2.752847
3.247562
3.698319
3.878532
3.719483
3.274934
2.783020
2.337607
1.956125
1.835112
1.670056
1.471995
1.273308
1.218280
1.332622
1.450969
1.486996
1.496678
1.523220
1.475051
1.679847
1.913000
2.174459
2.438436
2.622962
2.654218
2.557804
2.334002
2.074674
1.827504
1.752527
1.894100
1.955987
1.912080
1.771547
1.622152
1.689290
1.906429
2.128272
2.352246
2.531773
2.625567
2.572823
2.565515
2.489519
2.297446
2.105605
2.237651
2.373336
2.373379
2.232953
2.020908
1.806993
1.601151
1.397066
1.206533
1.155905
1.128244
1.069643
1.008806
0.882468
0.743573
0.624951
0.573627
0.731788
0.998668
1.335798
1.722391
2.081169
2.255263
2.145597
1.835554
1.462339
1.334995
1.223963
1.142927
1.020053
1.006647
1.185141
1.396147
1.632901
1.834201
1.952949
1.914148
2.048437
2.157153
2.134871
2.231423
2.203440
2.056304
1.802570
1.742694
1.985493
2.122573
2.121944
1.963446
1.808707
2.098518
2.281175
2.559620
2.671752
2.628222
2.761522
2.584322
2.197643
1.816725
2.162829
2.796041
3.537462
4.360607
5.165435
5.674888
5.404200
4.637012
3.915985
3.270365
3.289726
3.459122
4.156812
4.928435
5.263413
5.342998
5.257832
4.868715
3.886156
2.844250
2.211030
1.718190
1.415886
1.204536
1.030997
0.993084
0.862779
0.719227
0.570753
0.631553
0.806395
0.985970
1.155121
1.386415
1.625561
1.763397
1.777475
1.612202
1.347664
1.093959
0.987220
0.997849
0.945608
0.937543
1.016717
1.035698
1.000862
0.940938
0.857335
0.734597
0.597764
0.582174
0.625097
0.679227
0.693668
0.629325
0.527636
0.426051
0.404415
0.471361
0.514710
0.609512
0.860478
1.155594
1.490011
1.954658
2.557227
3.283558
4.074665
4.725509
4.720140
4.075789
3.293132
2.580083
1.980107
1.481505
1.076815
1.041452
1.349929
1.637200
1.844798
1.762766
1.477118
1.136485
0.838377
0.602963
0.447220
0.553792
0.662639
0.643536
0.523861
0.508425
0.927183
1.164304
0.953363
0.583545
0.671151
0.654940
0.559473
0.443449
0.402123
0.453733
0.476420
0.683266
0.914905
1.046393
0.907445
0.641118
0.390869
0.230642
0.234935
0.168683
0.132893
0.157781
0.149821
0.141130
0.211129
0.340953
0.541329
0.826275
1.167024
1.450816
1.559653
1.417588
1.150308
0.808833
0.526176
0.408718
0.419266
0.537153
0.741614
0.867276
0.822837
0.752281
1.115631
1.470375
1.633413
1.379568
1.165001
1.155878
0.960114
0.670987
0.581829
0.883221
1.367959
1.588912
1.660600
1.679494
1.673069
1.635340
1.475457
1.115738
0.816576
0.703181
0.531933
0.371300
0.249932
0.178731
0.130863
0.075482
0.053456
0.099767
0.140608
0.149514
0.143495
0.117956
0.092721
0.099301
0.079721
0.070502
0.052745
0.030482
0.065822
0.102975
0.144841
0.165371
0.174239
0.173394
0.144962
0.095669
0.060745
0.043878
0.030785
0.010615
0.000289
0.000000
0.000000
0.000000
0.000002
0.003927
0.015100
0.029363
0.037177
0.032048
0.018968
0.006653
0.000189
0.017169
0.066216
0.127646
0.265459
0.487129
0.873104
1.347625
1.509554
1.380701
1.014302
0.770585
0.611069
0.614952
0.723719
0.772341
0.783018
0.779539
0.760841
0.689400
0.639272
0.775742
0.748469
0.572417
0.378212
0.314202
0.424667
0.617450
0.809949
1.078460
1.352250
1.401724
1.223486
0.883631
0.573699
0.460181
0.470439
0.468436
0.466152
0.465780
0.465334
0.459845
0.434352
0.386180
0.401525
0.415846
0.451205
0.500577
0.518223
0.480345
0.438060
0.429966
0.370945
0.318004
0.329412
0.365289
0.398631
0.487222
0.524796
0.534906
0.504930
0.562185
0.588291
0.592175
0.585495
0.572387
0.567523
0.763926
0.924924
1.084215
1.244682
1.331249
1.333479
1.239696
1.075331
0.941509
1.049940
1.130455
1.232574
1.317426
1.402536
1.569759
1.748800
1.908120
2.052310
2.125528
2.265867
2.459364
2.673690
2.856575
3.088288
3.367699
3.654099
3.931164
4.112294
4.113778
3.926032
3.671660
3.389673
3.512982
3.722979
3.940404
4.173249
4.383973
4.454988
4.338059
4.034801
3.725821
3.907103
4.198631
4.491804
4.778224
4.900507
4.943675
5.054118
5.493400
5.917487
6.323855
6.659060
6.673440
7.070325
7.398845
7.411885
7.206288
6.979695
6.636057
6.421761
6.577402
6.674358
6.722673
6.589530
6.469514
6.236139
6.374709
6.774196
7.148271
7.241790
7.024695
6.734389
6.418849
6.271508
6.154679
6.502579
6.638620
6.625800
7.033744
7.097205
6.644548
5.955198
5.786507
6.543824
7.473635
8.536856
9.729956
10.874604
11.386668
10.934478
10.219541
9.922158
8.824533
8.090382
9.034076
10.019188
10.864588
11.286821
11.138718
10.750612
10.590056
10.625868
10.602338
10.245742
9.531011
8.745807
8.552856
9.018989
8.934626
8.380256
7.619536
6.877282
6.270101
6.752626
7.097928
7.082289
6.743574
6.153011
5.799578
5.781796
5.087157
4.248947
3.504366
3.428787
3.516748
3.518930
3.608042
3.509093
3.293072
3.147545
3.005503
2.849487
3.102172
3.407875
3.661385
3.729233
3.613112
3.716357
3.628718
3.469085
3.454718
3.746724
4.510021
5.208949
5.512558
5.527449
5.339015
5.113907
5.011273
4.888215
5.069580
5.267045
5.419706
5.393092
5.182822
5.081809
5.115546
4.939030
4.675526
4.318704
4.208170
4.015995
3.793219
3.804263
3.743655
3.704822
3.729477
3.646576
3.748009
3.809947
3.694875
3.455503
3.186814
2.919039
2.710489
2.757209
2.772057
2.642145
2.430711
2.185618
1.943978
1.734029
1.580318
1.522442
1.444166
1.399335
1.515458
1.625820
1.893402
2.484395
3.098101
3.609701
3.627208
3.214072
2.798244
2.448725
2.711487
2.625671
2.254482
1.792208
1.368162
1.099677
0.952756
0.917765
1.167204
1.446666
1.752873
2.099732
2.486360
2.927521
3.417969
3.853402
3.999712
3.848128
3.400676
2.911306
2.479177
2.141360
2.231761
2.450320
2.454172
2.279686
2.211203
2.125706
2.205634
2.270988
2.463026
2.903824
3.539238
4.239749
4.737578
4.679576
4.079504
3.360075
2.666776
2.131371
2.125221
2.466718
2.531817
2.272450
1.992178
1.849832
1.715684
1.912987
1.842140
1.615591
1.289319
0.982969
0.739254
0.648265
0.735248
0.714723
0.588871
0.535063
0.586326
0.651841
0.748481
0.807307
0.846398
0.977320
1.027722
1.216336
1.392176
1.579326
1.738100
1.798934
1.755158
1.604909
1.413722
1.243402
1.083940
0.998621
0.967473
1.016927
1.074941
1.184035
1.274841
1.305429
1.366005
1.265319
1.103216
0.956131
0.849995
0.795748
0.813990
0.919606
1.030139
1.072946
1.011854
0.913052
0.859191
0.767159
0.687408
0.604243
0.504255
0.509709
0.481066
0.395703
0.339690
0.472841
0.576309
0.602899
0.556511
0.431424
0.322736
0.208376
0.184395
0.247551
0.322765
0.406302
0.471879
0.518286
0.524489
0.500210
0.435203
0.450697
0.481697
0.418143
0.328049
0.447416
0.636308
0.871290
1.149379
1.464776
1.772145
1.936724
1.861866
2.066605
2.508556
3.044517
3.612483
4.257564
4.900580
5.635800
6.640992
7.721458
8.532567
8.522220
7.690660
6.588787
5.535216
4.631485
3.929544
4.083630
4.444579
4.334628
4.030761
3.765048
3.567508
3.532810
3.662077
3.411890
3.113750
2.712350
2.267241
1.872907
1.589874
1.474459
1.280757
1.434041
1.613400
1.406437
1.075248
1.047531
1.118556
1.021406
0.850256
0.708307
0.863791
1.014334
1.144599
1.169740
1.124167
1.476573
2.061538
2.555340
2.929622
3.287876
3.646537
3.901937
3.862038
3.529460
3.089395
2.667207
2.304453
2.014046
1.872406
1.893313
1.925841
1.856484
1.776157
1.641945
1.441539
1.222096
1.017976
0.828124
0.779128
0.931556
1.111930
1.284796
1.404936
1.426684
1.321040
1.419352
1.558580
1.760728
1.978170
2.190770
2.414983
2.561645
3.348738
4.630361
5.088236
4.760366
3.749779
2.834886
2.227860
2.663622
3.011685
3.291555
3.501922
3.699152
3.940930
4.212006
4.492664
4.708871
4.770123
5.209760
5.539571
5.863331
6.166733
6.453722
6.833784
7.267730
7.591236
7.710162
7.569456
7.238019
6.880684
6.546175
6.545340
6.500549
6.222369
6.090068
5.831407
5.504360
5.312415
5.501746
5.659579
5.888179
5.979434
5.892753
5.602554
5.125202
4.760644
4.653010
4.552952
4.370019
4.234379
4.230553
4.371316
4.480712
4.614826
4.796791
4.954880
4.987098
4.785484
4.456170
4.440247
4.836192
5.249866
5.628454
5.821677
5.792627
6.139473
6.662144
7.157354
7.366600
7.270651
6.882197
6.352386
5.818060
5.350441
5.533456
5.986196
6.443415
6.951417
7.456884
7.800837
7.999302
9.127182
10.226556
11.166999
11.936172
12.191972
11.906082
11.104765
10.151785
9.223869
8.390943
7.699172
7.292481
7.241120
6.925625
6.940720
7.427418
7.891633
8.177926
8.202557
7.979366
7.509548
6.967715
6.422246
5.923660
5.520804
5.304369
5.274695
5.328291
5.285869
5.600127
5.829220
5.982181
5.858400
5.624666
5.406317
5.142436
4.606770
4.707587
4.907113
5.229225
5.543704
5.624630
5.476113
5.148857
4.781611
4.437889
4.181743
4.118547
4.143647
3.977939
3.746886
3.647261
3.405107
3.033067
2.487282
2.247089
2.006458
1.677614
1.718954
1.831900
1.708396
1.426424
1.131339
1.308759
1.476743
1.636378
1.430432
1.090791
0.831379
0.862700
1.022398
1.198246
1.337626
1.352305
1.232288
1.106271
1.041312
0.915128
0.704842
0.753418
0.791206
0.940674
1.087396
1.214404
1.190239
1.044774
0.908226
0.817139
0.758897
0.896053
0.881758
0.722105
0.535631
0.370911
0.248492
0.182068
0.142897
0.228887
0.308391
0.356841
0.357508
0.307315
0.313429
0.286604
0.237864
0.184504
0.185421
0.333582
0.508947
0.704329
0.884377
1.143667
1.550210
2.100122
2.808882
3.695295
4.726608
5.582060
5.750159
6.011550
6.740412
6.866762
6.348722
5.468843
4.604203
3.906265
3.223034
2.432258
1.402086
0.678427
0.554786
0.472321
0.643208
0.935751
1.246326
1.392247
0.836947
0.260633
0.143303
0.119412
0.172315
0.000000
0.000000
0.000000
0.000000
0.000000
0.000000
0.000000
0.000000
0.000000
