track	type=wiggle_0
fixedStep	chrom=chr	start=1	step=1
0.000000
0.000000
0.000000
0.000000
0.000000
0.000000
0.000000
0.000000
0.000000
0.000000
0.000000
0.005829
0.039830
0.323344
0.687961
0.889417
0.831097
0.608327
0.709839
0.910456
0.658427
0.373528
0.176880
0.166819
0.141782
0.104276
0.179169
0.229906
0.280472
0.256147
0.173843
0.212398
0.186834
0.244992
0.347798
0.441929
0.487603
0.626421
0.844765
1.094197
1.231747
1.099714
0.855107
0.641577
0.451098
0.334997
0.257587
0.269107
0.444156
0.753377
0.902154
0.945425
0.953859
0.939148
0.873679
0.716931
0.378495
0.140196
0.029358
0.004505
0.018918
0.022054
0.017354
0.006368
0.007283
0.005793
0.000000
0.000000
0.000000
0.002198
0.005451
0.022375
0.110718
0.336247
0.713392
0.883235
0.929316
0.936270
0.929316
0.897279
0.783262
0.856318
0.908231
1.051890
1.647567
2.099507
3.015816
3.768154
4.059268
4.207435
4.520519
4.802424
5.133528
5.435078
5.635927
5.905265
6.114750
6.448902
6.861394
7.220229
7.343538
7.219563
6.852602
6.413147
5.972227
5.547458
5.146172
4.765780
4.412565
4.074359
3.749041
3.456232
3.293977
3.374596
3.544704
3.669980
3.522569
3.185353
2.998356
3.028018
3.004049
2.958466
2.922683
3.128493
3.334409
3.497432
3.682840
3.843823
4.089604
4.328583
4.458512
4.505530
4.398150
4.174212
3.909648
3.651298
3.452673
3.110674
2.870512
2.643919
2.433715
2.257855
2.226508
2.190991
2.075518
1.941974
1.785176
1.731524
1.760342
1.547814
1.452456
1.310165
1.047909
0.796585
0.848737
0.965877
1.055094
1.044045
0.943069
0.813055
0.690445
0.593053
0.668311
0.925144
1.083846
0.940388
0.978235
0.793929
0.505220
0.401941
0.466052
0.434013
0.523466
0.599775
0.645572
0.619274
0.543033
0.453618
0.374410
0.301321
0.236347
0.183975
0.176523
0.184216
0.219698
0.273784
0.338716
0.386900
0.430591
0.481763
0.499086
0.471277
0.407222
0.337907
0.288423
0.323308
0.459664
0.526863
0.505696
0.388775
0.311771
0.269847
0.311248
0.309150
0.278015
0.231569
0.337417
0.450359
0.478000
0.406358
0.375118
0.380522
0.348046
0.278895
0.269031
0.335164
0.415454
0.500703
0.560985
0.566614
0.518432
0.433126
0.348542
0.272439
0.207447
0.154286
0.109077
0.076871
0.055184
0.038465
0.036497
0.057043
0.087756
0.118687
0.155450
0.195183
0.216559
0.191887
0.173578
0.151121
0.112398
0.070539
0.044911
0.054999
0.087560
0.131398
0.188595
0.250679
0.302987
0.307979
0.266430
0.202272
0.143253
0.101037
0.083164
0.085773
0.186329
0.363038
0.615618
0.952047
1.358471
1.767172
1.767172
1.358470
0.952047
0.615619
0.363723
0.187922
0.114872
0.185055
0.293903
0.456404
0.633958
0.774025
0.929765
1.128547
1.408599
1.707364
1.888763
2.158720
2.155151
1.886555
1.526559
1.542625
1.776174
2.086859
2.492839
2.763204
2.767111
2.498482
2.062452
1.757958
1.477130
1.146535
1.013577
1.009283
1.218773
1.651662
2.183930
2.600394
2.837410
2.904537
2.901601
2.804580
2.485712
1.854807
1.491052
1.177192
0.834966
0.618223
0.397299
0.283646
0.285178
0.234933
0.277098
0.289370
0.306731
0.304656
0.378902
0.374564
0.477133
0.534640
0.526456
0.476867
0.426531
0.389656
0.331430
0.267839
0.280155
0.238091
0.233760
0.286276
0.371329
0.393124
0.480836
0.501907
0.421166
0.329421
0.241602
0.154816
0.099491
0.098670
0.128976
0.200294
0.284246
0.342710
0.339930
0.292653
0.203363
0.119484
0.243102
0.475035
0.786884
0.816006
0.577193
0.423874
0.291618
0.289397
0.210335
0.133708
0.232831
0.278245
0.242808
0.147646
0.063882
0.016504
0.001456
0.001111
0.001238
0.000074
0.000000
0.000617
0.016768
0.034615
0.014213
0.000000
0.000000
0.000249
0.002621
0.007438
0.026812
0.090637
0.213535
0.367618
0.423948
0.318411
0.170806
0.058929
0.005620
0.000000
0.000000
0.000000
0.000000
0.000000
0.000000
0.000000
0.000000
0.000000
0.000000
0.000000
0.000000
0.000000
0.000000
0.000000
0.000000
0.000000
0.000000
0.000000
0.000000
0.000000
0.000000
0.000000
0.000000
0.000000
0.000000
0.000000
0.000000
0.000000
0.000000
0.000000
0.000000
0.000000
0.000000
0.000000
0.000000
0.000000
0.000000
0.000000
0.000000
0.001716
0.039679
0.119697
0.185945
0.179719
0.102179
0.029781
0.000889
0.000000
0.000303
0.024170
0.081887
0.160251
0.298511
0.506374
0.787571
1.150173
1.605386
2.154087
2.799260
3.436654
3.438040
2.808483
2.180240
1.634750
1.185900
0.859416
1.012370
1.091249
0.949744
0.740521
0.507602
0.315017
0.172149
0.075606
0.021136
0.044667
0.114393
0.165130
0.181412
0.185682
0.185682
0.185682
0.180927
0.161833
0.104305
0.026277
0.002969
0.000000
0.000000
0.000512
0.001694
0.000429
0.000000
0.000146
0.005168
0.017486
0.081159
0.127749
0.147250
0.161535
0.185068
0.299114
0.533475
0.813609
1.030370
0.966470
0.732866
0.480265
0.274578
0.142181
0.055734
0.006337
0.000844
0.006967
0.010294
0.007764
0.024577
0.052415
0.091612
0.142911
0.205345
0.279428
0.364431
0.449532
0.523078
0.566771
0.525522
0.452627
0.361072
0.274984
0.201358
0.139310
0.092717
0.145360
0.214650
0.297500
0.381511
0.446740
0.447551
0.384129
0.299921
0.216706
0.157354
0.174555
0.239090
0.372905
0.495008
0.640923
0.703508
0.649653
0.503614
0.357608
0.234617
0.236600
0.344374
0.470351
0.594808
0.667784
0.726696
0.728096
0.700715
0.688652
0.587471
0.465118
0.347955
0.266866
0.156066
0.129494
0.226826
0.345284
0.508003
0.788178
1.066907
0.851834
0.544531
0.310253
0.363640
0.479094
0.509065
0.430918
0.316876
0.437813
0.638220
0.908997
1.281624
1.753658
2.317537
2.916520
3.405795
3.421948
3.163278
2.850848
2.393514
1.940364
1.470287
1.062286
0.734132
0.478238
0.287985
0.158832
0.076344
0.116023
0.147322
0.158609
0.129757
0.080186
0.039054
0.013932
0.002932
0.000000
0.000000
0.000000
0.000000
0.000000
0.000000
0.000000
0.000468
0.009082
0.024358
0.032638
0.024358
0.009082
0.000459
0.000000
0.000000
0.000000
0.000000
0.000000
0.000000
0.000000
0.000000
0.000000
0.000000
0.000000
0.000000
0.000000
0.000000
0.000000
0.000000
0.000000
0.000000
0.000000
0.023222
0.055223
0.083671
0.096345
0.102552
0.106486
0.112899
0.195081
0.382446
0.644205
0.984808
1.400962
1.836573
1.825531
1.354471
0.920021
0.588546
0.341505
0.168996
0.061409
0.009755
0.000000
0.000000
0.000000
0.000000
0.000000
0.000000
0.000000
0.000000
0.000000
0.000000
0.000000
0.000000
0.000000
0.000000
0.000000
0.000000
0.004531
0.022042
0.036734
0.028942
0.009318
0.000555
0.010523
0.033026
0.067678
0.119741
0.192745
0.283048
0.385776
0.502147
0.626312
0.739672
0.844970
0.861212
0.777672
0.656034
0.535984
0.430525
0.342923
0.255822
0.177670
0.119155
0.077931
0.094975
0.155882
0.192710
0.193512
0.280100
0.402113
0.538798
0.618992
0.604462
0.580803
0.737043
0.925629
1.147766
1.291234
1.270221
1.106385
0.927714
0.722377
0.671985
0.871525
1.051618
1.109138
1.005411
1.109821
1.271423
1.204293
1.472284
1.941211
2.557973
3.134299
3.117496
2.539266
2.094559
1.972796
2.445168
2.874049
2.999386
2.698558
2.429890
1.944776
1.474504
1.075418
0.754608
0.745297
0.669612
0.495530
0.331576
0.278062
0.363158
0.464261
0.586854
0.711834
0.805393
0.827976
0.763445
0.674532
0.636785
0.659283
0.739091
0.867423
0.995327
1.095279
1.149248
1.120858
1.064215
1.048283
1.064657
1.048211
1.145610
1.286726
1.432062
1.601960
1.762767
1.945838
2.135148
2.242344
2.213839
2.345340
2.589660
2.865183
3.059622
3.048109
2.841199
2.562545
2.290068
2.043133
1.827174
1.640458
1.523911
1.563223
1.526445
1.434882
1.401015
1.538862
1.577534
1.520299
1.380569
1.253633
1.460988
1.822752
2.251290
2.753771
3.331088
4.000828
4.795984
5.705182
6.731205
7.911385
9.232574
10.522722
11.563026
11.573177
10.577310
9.345438
8.111386
7.152722
6.823070
7.512761
7.882746
7.517413
6.811186
5.957589
5.115817
4.385637
3.885978
3.949215
3.748990
3.455494
3.420436
3.504755
3.538391
3.365256
3.152561
2.919804
2.531449
2.149233
1.979802
2.007485
1.976346
2.169424
2.418388
2.694561
2.989301
3.310219
3.642203
3.995160
4.384007
4.809283
5.254088
5.710698
6.165610
6.490818
6.507759
6.212278
5.831203
5.423901
4.955526
4.491733
4.072703
3.691591
3.335186
3.037244
3.024679
3.263918
3.564296
3.802436
3.860782
3.679905
3.420336
3.110690
2.817832
2.547783
2.402181
2.598154
2.768948
2.857127
2.813476
2.673761
2.740198
2.861491
2.841530
2.662541
2.423259
2.192160
2.074387
1.991525
1.872195
1.733959
1.593093
1.451959
1.297383
1.162026
1.060377
1.281447
1.204442
0.993376
0.875244
0.987963
1.125480
1.281340
1.457262
1.636099
1.804922
1.942514
2.063423
2.191276
2.317004
2.422729
2.400955
2.253586
2.100950
2.238872
2.347928
2.365576
2.300200
2.311217
2.281713
2.149330
2.067581
1.933505
1.681004
1.424790
1.061893
1.266774
1.796724
2.145784
2.275861
2.276354
2.134005
1.734030
1.143366
0.799696
0.793966
0.838466
0.930345
1.006361
1.070293
1.178004
1.310281
1.427443
1.512920
1.521876
1.440497
1.314557
1.180837
1.198506
1.296840
1.484222
1.696823
1.897399
2.045324
2.035998
2.676084
3.041101
3.177016
3.178147
3.041436
2.652633
1.871240
1.466518
1.269088
1.105707
0.976560
0.844219
0.718181
0.601558
0.503346
0.454360
0.380580
0.297886
0.224897
0.162132
0.109432
0.068374
0.048313
0.031474
0.015167
0.004187
0.000093
0.000000
0.000000
0.000000
0.000000
0.000000
0.000000
0.000000
0.000000
0.000000
0.000000
0.000000
0.000000
0.000000
0.000000
0.000000
0.000000
0.000000
0.000000
0.000000
0.000000
0.000000
0.000000
0.000000
0.000000
0.000000
0.000000
0.016082
0.069228
0.128926
0.152917
0.184462
0.205730
0.241084
0.313645
0.541179
0.852632
1.128427
1.336749
1.450514
1.472664
1.381195
1.189395
0.958046
0.787094
1.065949
1.381275
1.715780
1.957410
1.932192
1.613754
1.238402
0.898701
0.620326
0.400839
0.235911
0.120304
0.045574
0.007302
0.000000
0.000000
0.000000
0.000000
0.000000
0.000000
0.000000
0.000000
0.000000
0.000000
0.000000
0.000000
0.000000
0.000000
0.000000
0.000000
0.000000
0.000000
0.000000
0.000000
0.000000
0.000000
0.000000
0.000000
0.000000
0.000000
0.000000
0.000000
0.000000
0.000000
0.000000
0.000000
0.000000
0.000000
0.000000
0.000000
0.000000
0.000000
0.000000
0.000000
0.000000
0.000000
0.000000
0.000000
0.000000
0.000000
0.000000
0.000000
0.000000
0.000000
0.000000
0.000000
0.000000
0.014503
0.080876
0.210274
0.413315
0.698009
1.084861
1.615900
2.350943
2.687489
2.770199
2.781689
2.757795
2.661011
2.316676
1.594949
1.086997
0.708225
0.617598
0.870143
1.181899
1.554577
1.976092
2.355502
2.561327
2.390229
2.033212
1.630663
1.283478
1.072948
1.370171
1.830992
2.155748
2.114799
1.726712
1.295682
0.905749
0.589752
0.394365
0.272108
0.173368
0.171099
0.267951
0.383574
0.499011
0.536093
0.485677
0.369975
0.253321
0.159284
0.138808
0.148337
0.224251
0.296593
0.297354
0.220363
0.131471
0.111338
0.167983
0.236571
0.353534
0.416263
0.523692
0.651438
0.781785
0.860548
0.858987
0.774423
0.644315
0.839044
0.944661
0.828551
0.605302
0.576663
0.558323
0.476680
0.387115
0.490907
0.587087
0.629792
0.602120
0.519792
0.446365
0.369399
0.462198
0.635327
0.835704
1.049618
1.255885
1.371160
1.359007
1.236272
1.302542
1.342948
1.633119
2.002142
2.416185
2.801521
2.954967
2.800323
2.432009
2.020506
1.658949
1.358219
1.118337
0.900252
0.728667
0.705330
0.865996
0.889121
0.783690
0.899428
1.021713
1.200830
1.370971
1.555387
1.737374
1.803956
1.756904
1.591344
1.695026
1.950280
2.224344
2.451034
2.668150
2.821910
2.750632
2.519971
2.226799
1.968379
1.760561
1.552267
1.450597
1.639029
1.716167
1.648790
1.436144
1.200453
0.987669
0.991480
1.133734
1.338373
1.538422
1.593050
1.515626
1.315482
1.130433
1.086154
1.351531
1.601863
1.726603
1.666648
1.886320
2.227880
2.519538
2.782629
3.046722
3.029178
2.699713
2.312804
2.014359
1.669986
1.965343
2.510921
2.966082
2.985090
2.541081
2.002413
1.514593
1.111462
0.905045
0.955333
0.931976
0.871677
0.768076
0.802355
0.772905
0.721548
0.638981
0.602003
0.544703
0.454785
0.384726
0.301747
0.213469
0.175932
0.162052
0.199199
0.219874
0.215912
0.182181
0.135278
0.084990
0.048401
0.062017
0.092381
0.105112
0.112514
0.119490
0.128386
0.102578
0.196376
0.379193
0.632179
0.948331
1.275012
1.431315
1.244378
0.929909
0.629224
0.391931
0.212855
0.205414
0.168015
0.115940
0.094206
0.070161
0.042850
0.052952
0.064699
0.070668
0.081614
0.076602
0.076309
0.064924
0.067753
0.084345
0.112670
0.136134
0.156105
0.171187
0.180650
0.159492
0.121454
0.125024
0.137681
0.122603
0.092986
0.059001
0.067412
0.088966
0.113080
0.121384
0.109696
0.083668
0.062198
0.040963
0.073444
0.157088
0.263744
0.336079
0.320216
0.370871
0.743228
1.003166
1.012309
0.775989
0.426503
0.213690
0.140060
0.076122
0.067934
0.117073
0.194586
0.298770
0.408635
0.468790
0.456681
0.373668
0.274662
0.222115
0.144442
0.134491
0.197487
0.278478
0.334991
0.364636
0.437067
0.468562
0.495888
0.596406
0.630648
0.518126
0.481932
0.540060
0.493357
0.699989
0.989891
1.353721
1.771640
2.225448
2.830599
3.532272
4.343201
5.036243
5.031571
4.311812
3.465591
2.705863
2.075396
1.626489
1.325217
1.512843
1.776993
1.978681
1.978173
1.777196
1.517720
1.350121
1.210629
1.430874
1.489064
1.436966
1.266294
1.248156
1.398814
1.341528
1.123698
0.855138
0.687757
0.486217
0.387184
0.455281
0.700657
1.004067
1.221409
1.397772
1.435585
1.521865
1.861165
2.013327
2.055124
2.067380
2.053633
1.997371
1.810134
1.384256
1.010611
0.666407
0.426074
0.336320
0.243543
0.245843
0.196454
0.126260
0.112022
0.224595
0.389530
0.500727
0.434215
0.288685
0.141441
0.101478
0.105161
0.051900
0.003308
0.000162
0.009070
0.049098
0.098926
0.108547
0.196113
0.381348
0.663161
1.027885
1.322003
1.010010
0.642843
0.368053
0.188955
0.085424
0.024542
0.000109
0.000000
0.000000
0.000000
0.000000
0.000000
0.000000
0.000000
0.000000
0.000000
0.000000
0.000000
0.000000
0.000000
0.000000
0.000000
0.000000
0.000000
0.000000
0.000000
0.000000
0.000000
0.000000
0.000000
0.000000
0.000000
0.000000
0.000000
0.006137
0.059895
0.180226
0.381735
0.742904
1.145216
1.282491
1.173764
0.852264
0.627986
0.471469
0.503584
0.597582
0.635981
0.643295
0.643472
0.628251
0.565225
0.410590
0.188365
0.076991
0.041668
0.013956
0.000179
0.000000
0.000000
0.000000
0.001196
0.009453
0.018228
0.007573
0.007819
0.017104
0.020695
0.023891
0.028671
0.037658
0.047276
0.046755
0.025005
0.022307
0.030784
0.049653
0.054265
0.047740
0.041974
0.085054
0.109323
0.075216
0.018046
0.004105
0.000000
0.000000
0.006433
0.027245
0.055703
0.080333
0.070529
0.061985
0.033178
0.008625
0.002567
0.004900
0.001004
0.001012
0.014775
0.042577
0.073356
0.071342
0.037787
0.009832
0.007251
0.050435
0.155889
0.327384
0.568120
0.896856
1.243244
1.293915
1.342503
1.780207
2.302990
2.926054
3.617167
4.197113
4.476798
4.150941
3.519916
2.831740
2.226556
1.755891
1.400406
1.052051
0.738800
0.779695
0.870286
0.975919
1.085269
1.187675
1.287640
1.378918
1.429567
1.418120
1.337001
1.187798
1.049033
1.116664
1.091438
1.062995
0.971640
0.958216
1.048583
1.132103
1.146215
1.188463
1.286406
1.298955
1.388424
1.358720
1.238217
1.413970
1.619237
1.858673
2.114283
2.332784
2.522811
2.603411
2.751682
3.039739
3.324582
3.613323
3.981062
4.345551
4.586752
4.815870
5.001999
4.881918
4.615333
4.268108
4.250511
4.197928
3.970541
3.721439
3.704863
3.971641
4.327791
4.688968
4.830069
4.738513
4.975622
5.431638
5.880344
6.089643
5.966018
5.558519
5.659781
5.581238
5.249433
4.860978
4.671556
4.849763
4.784210
5.485660
6.184704
6.597282
6.737786
6.537472
6.589869
7.332367
8.229842
8.931321
9.174787
8.854099
9.354276
10.205539
10.935487
11.093792
10.674259
9.863383
10.425508
10.460887
9.551084
9.728204
9.482431
9.074763
8.443172
7.743003
7.060747
6.412416
5.817616
5.332726
5.685824
6.394835
7.044140
7.221149
6.921833
6.377475
5.620141
5.217979
5.421992
5.718258
5.821130
5.713761
5.482252
5.281412
5.245411
5.650622
6.020638
6.325379
6.605268
6.984704
7.454065
7.884776
7.985616
7.744871
7.281622
6.869197
7.112354
7.351576
7.390406
7.128289
7.537166
7.639749
7.393284
7.843000
8.347759
8.767345
8.933752
8.781209
8.437630
7.987622
7.493726
6.975693
6.671051
6.923728
7.013721
6.933445
6.801789
6.948951
6.982985
6.740969
6.436505
6.309995
6.104740
5.673263
5.282630
5.087463
4.752756
4.573512
4.317787
4.196191
4.267693
4.182018
4.051419
4.079051
3.988788
3.835426
3.528834
3.329633
3.078608
3.063371
2.990777
2.918146
3.128556
3.211812
3.178089
3.049321
2.866619
3.106229
3.355033
3.423950
3.484272
3.276806
2.952301
2.583437
2.599070
2.916035
3.378272
3.921946
4.472325
5.050140
5.591025
6.037254
6.433251
7.137995
7.783005
8.127841
7.735674
7.077248
6.286735
5.523913
4.845622
4.226857
3.697484
3.470485
3.234791
2.975983
2.895713
2.656444
2.355519
2.136442
2.260360
2.319822
2.463982
2.640942
2.654928
2.453943
2.177944
1.912736
1.659813
1.425328
1.278049
1.178194
1.124002
1.067512
1.079860
1.074951
1.069752
1.053644
1.003404
0.884357
0.753518
0.640275
0.698864
0.693369
0.665063
0.670485
0.693407
0.739022
0.764448
0.725892
0.751061
0.784228
0.852880
0.944464
0.999205
0.997663
1.012771
1.050553
1.149003
1.209172
1.174558
1.177262
1.119108
1.175407
1.304326
1.432330
1.557630
1.700397
1.757160
1.811315
1.910234
1.935589
1.913397
1.981020
1.908935
1.725024
1.520380
1.322467
1.143813
0.963627
0.798143
0.660091
0.545890
0.449006
0.380567
0.372389
0.411710
0.443854
0.546027
0.661040
0.713445
0.671146
0.582250
0.484199
0.380378
0.294150
0.288419
0.320211
0.401419
0.388805
0.299398
0.345375
0.367752
0.516618
0.637605
0.693326
0.849536
1.181609
1.578799
2.033336
2.487067
2.984823
3.585113
4.086684
4.092489
3.619776
3.087464
2.630934
2.271091
2.608582
2.940000
3.241201
3.666291
4.098150
4.482708
4.913288
5.340653
5.563340
5.245383
4.761459
4.218130
3.732619
3.374531
3.064784
3.383963
3.364963
2.992178
2.918674
2.899720
2.632866
2.384645
3.033292
3.773712
4.451489
4.832744
4.508239
3.847396
3.174399
2.528232
1.970583
1.635219
1.421379
1.429596
1.615194
1.794622
1.818728
2.062639
2.279557
2.429693
2.374950
2.157346
1.880098
1.624446
1.836789
2.055291
2.202952
2.150229
1.956412
1.697677
1.439165
1.202646
1.299989
1.508258
1.681772
1.710181
1.576164
1.420828
1.553634
1.666737
1.834335
2.047064
2.160090
2.198323
2.342516
2.525532
2.720455
2.943295
3.143658
3.270836
3.540406
3.723577
3.651639
3.566283
3.752481
3.833176
3.909357
3.827213
3.643600
3.391787
3.129709
2.886983
2.876322
3.049034
3.118645
3.070323
3.119875
3.331604
3.680130
4.194622
4.166185
3.831422
3.677979
3.593066
3.861628
4.029633
4.033809
3.989399
4.198851
4.399211
4.477499
4.355680
4.108078
3.862051
3.775790
3.993806
4.068023
3.992115
3.746055
3.836174
3.920944
3.824810
3.657309
3.495608
3.508472
4.086806
4.584005
4.968013
5.098682
5.050959
4.801283
4.404208
3.975756
3.958133
3.955922
3.688174
3.663132
3.899175
4.170463
4.374438
4.446261
4.380115
4.613429
4.554918
4.328803
4.827964
4.872566
4.872328
5.292214
5.767198
6.163095
6.322367
6.175612
5.922253
6.110914
6.006236
5.712939
5.325258
4.964754
4.944059
5.069137
5.033801
5.284760
5.429493
5.781480
6.304376
6.881535
7.478500
8.002331
8.185184
7.962718
7.335834
6.618194
5.958247
5.370094
4.855709
4.505310
4.484533
4.285675
4.298223
4.727938
5.122671
5.365241
5.380998
5.200630
4.876550
4.523149
4.167263
3.795742
3.419478
3.091862
2.762828
2.549426
2.499526
2.345681
2.317520
2.144693
1.958564
2.032240
2.018918
1.823463
1.547166
1.274064
1.022472
0.809984
0.633489
0.521209
0.431151
0.430462
0.411543
0.437822
0.481370
0.483601
0.433226
0.333147
0.318457
0.270971
0.352743
0.466103
0.501131
0.428023
0.284041
0.162170
0.089312
0.186954
0.346218
0.570830
0.841569
1.128800
1.327895
1.521140
1.333042
1.004058
0.672685
0.427787
0.244098
0.103149
0.022372
0.000000
0.000000
0.000000
0.000000
0.000000
0.000000
0.000000
0.000000
0.000000
0.000000
0.000000
0.000000
0.000000
0.000000
0.000000
0.000000
0.000000
0.000000
0.000000
0.001928
0.033456
0.065380
0.068505
0.157419
0.334272
0.599655
0.964650
1.428183
0.000000
0.000000
0.000000
0.000000
0.000000
0.000000
0.000000
0.000000
0.000000
