track	type=wiggle_0
fixedStep	chrom=chr	start=1	step=1
0.000000
0.000000
0.000000
0.000000
0.000000
0.000000
0.000000
0.000000
0.000000
0.000000
0.000000
0.008929
0.052996
0.382808
0.807848
1.045037
0.984638
0.745601
0.810431
1.020064
0.752803
0.446480
0.805542
1.264136
1.765099
2.335322
2.926991
3.551999
4.034238
4.030580
3.543515
2.949295
2.414255
1.973649
2.247986
2.487941
2.600690
2.435742
2.096495
1.710228
1.358149
1.056109
0.801988
0.597865
0.432555
0.306783
0.242805
0.244024
0.196538
0.203946
0.439970
0.777059
0.906006
0.934914
0.906006
0.774503
0.429792
0.180041
0.052208
0.003283
0.000000
0.000000
0.000000
0.000000
0.000000
0.000000
0.000000
0.000000
0.000000
0.003315
0.012906
0.022966
0.026033
0.024101
0.154824
0.408641
0.696774
0.909992
1.080604
1.249680
1.460615
1.666108
1.859953
1.987995
2.169202
2.293389
2.276017
2.145625
1.942633
1.733062
1.536969
1.352985
1.177355
1.017493
0.959745
0.965779
1.059150
1.109226
1.124019
1.161639
1.268145
1.431895
1.550081
1.615707
1.545375
1.419087
1.512897
1.745993
2.096720
2.504242
2.615551
2.960276
3.288438
3.527690
3.566592
3.294339
2.957454
2.568246
2.221744
2.261540
2.693981
3.210716
3.715043
3.815819
3.336922
2.702423
2.129470
1.623041
1.202851
0.862713
0.596139
0.536406
0.631441
0.680969
0.638687
0.614466
0.546890
0.450554
0.607285
0.648437
0.549864
0.408895
0.245996
0.133947
0.110606
0.108365
0.096790
0.069727
0.042688
0.021323
0.009843
0.002055
0.002025
0.002034
0.000197
0.000000
0.000000
0.000000
0.011212
0.024792
0.029025
0.029972
0.029972
0.029025
0.023932
0.009078
0.000000
0.000000
0.000000
0.000000
0.000000
0.000000
0.000000
0.000000
0.000000
0.000123
0.005544
0.020106
0.041339
0.063493
0.073897
0.099882
0.108008
0.071655
0.098908
0.114166
0.109220
0.096672
0.079564
0.055745
0.033084
0.015814
0.020323
0.036922
0.040318
0.042128
0.037139
0.025753
0.018252
0.017011
0.021671
0.019034
0.008108
0.000017
0.000000
0.000000
0.000000
0.000000
0.000000
0.000000
0.004977
0.090122
0.164346
0.197267
0.219057
0.223964
0.225309
0.221810
0.205340
0.150304
0.041257
0.000576
0.000000
0.000000
0.000000
0.000000
0.000000
0.000000
0.003695
0.073920
0.178641
0.214466
0.222644
0.214466
0.178118
0.075596
0.008622
0.000047
0.000000
0.000000
0.000000
0.000000
0.000000
0.000000
0.000046
0.000000
0.000000
0.000739
0.005922
0.011720
0.010026
0.003429
0.006868
0.006135
0.001837
0.007213
0.004791
0.000371
0.002692
0.012917
0.034638
0.066943
0.106049
0.152224
0.200140
0.267474
0.335969
0.375440
0.354459
0.322681
0.407075
0.526583
0.670118
0.837120
1.024032
1.218238
1.428180
1.812151
2.233430
2.596659
2.823111
2.772487
2.403893
1.987321
1.620345
1.289362
1.084036
1.039217
1.027414
0.998339
0.920648
0.763221
0.576523
0.417363
0.284698
0.234867
0.205634
0.210182
0.238475
0.267904
0.269954
0.247346
0.213486
0.390643
0.620466
0.844252
1.057969
1.387316
1.539481
1.302095
0.833181
0.497714
0.275492
0.368904
0.485741
0.535697
0.445266
0.320802
0.208695
0.189394
0.124839
0.077844
0.029684
0.026112
0.054154
0.092219
0.155632
0.327432
0.621889
0.821285
0.897486
0.897486
0.819310
0.609530
0.297769
0.144307
0.115370
0.116496
0.096319
0.063566
0.041637
0.014496
0.002063
0.000000
0.000000
0.000000
0.000000
0.000000
0.000000
0.000000
0.000000
0.000000
0.000000
0.000000
0.001311
0.004323
0.003974
0.000761
0.001243
0.006606
0.008836
0.005293
0.007226
0.020867
0.040035
0.055132
0.058322
0.045561
0.025567
0.046290
0.103569
0.118169
0.139782
0.152284
0.148504
0.143221
0.140843
0.135714
0.116654
0.061035
0.008611
0.054018
0.116048
0.189128
0.281196
0.370895
0.262630
0.141433
0.065446
0.024581
0.000264
0.000000
0.001307
0.049131
0.089232
0.101807
0.104600
0.104600
0.104600
0.104445
0.101142
0.086963
0.045356
0.000213
0.000000
0.000000
0.000000
0.000000
0.004537
0.012718
0.013852
0.007027
0.000613
0.000811
0.000811
0.000811
0.000613
0.000062
0.000000
0.000000
0.000000
0.000000
0.000000
0.000000
0.000000
0.000000
0.000000
0.000000
0.000000
0.002177
0.029441
0.078929
0.107008
0.094349
0.039606
0.010187
0.040704
0.070107
0.078854
0.142961
0.252269
0.403788
0.592684
0.818240
1.127677
1.509275
1.974284
2.529111
3.173012
3.826468
4.313644
4.274381
3.707718
3.476664
4.135367
4.769784
5.068771
4.941119
4.350403
3.715248
3.089533
2.541822
2.079007
1.714750
1.534678
1.726805
1.982657
2.318168
2.459402
2.392173
2.154397
1.832464
1.575819
1.485005
1.202886
0.970985
0.897282
1.103119
1.335660
1.594152
1.855667
2.020165
2.036648
1.889084
1.630070
1.374161
1.194082
1.215602
1.286563
1.287308
1.161011
1.015755
1.182567
1.373721
1.581992
1.808708
2.036068
2.241413
2.308793
2.226134
2.021425
1.810561
1.685297
1.899835
2.129664
2.366228
2.578476
2.710353
2.675927
2.487688
2.267622
2.296194
2.565686
2.724024
2.429598
2.222772
2.162751
2.048934
1.850598
1.640853
1.759078
2.000654
2.050186
1.922294
1.709787
1.845893
1.995321
2.042288
1.916489
2.089830
2.407009
2.714532
2.907294
2.904531
2.735889
2.584486
2.331379
2.071017
2.126374
2.096429
1.938274
1.939733
1.796193
1.747190
1.919582
2.046611
2.418172
3.162709
4.181200
5.594849
6.248624
6.425368
6.425370
6.274889
5.729433
5.685636
5.674070
5.252129
4.712501
4.165334
3.658200
3.195107
2.774931
2.475449
2.984970
3.564848
4.190816
4.761498
5.382380
5.805318
6.581096
7.526430
8.398918
8.775459
8.404591
7.537794
6.547922
5.615351
4.788493
4.062048
3.439940
2.927111
2.450573
2.015523
1.636953
1.329218
1.065410
0.825158
0.734132
0.683664
0.577778
0.474832
0.462143
0.515808
0.511153
0.448386
0.380363
0.316184
0.264897
0.257353
0.330277
0.386733
0.410011
0.519160
0.634187
0.719895
0.707475
0.648457
0.662161
0.602793
0.524179
0.446186
0.423047
0.498161
0.526402
0.502665
0.494953
0.487874
0.502942
0.553222
0.566862
0.488492
0.376219
0.350384
0.314533
0.324804
0.392740
0.441779
0.444999
0.500852
0.546623
0.527654
0.509760
0.481128
0.655137
0.930570
1.276613
1.686999
2.109387
2.380476
2.328291
1.953979
1.531117
1.774044
2.160226
2.103405
1.586821
1.129253
0.760117
0.474991
0.435278
0.504296
0.583448
0.702446
0.709518
0.598108
0.451626
0.367615
0.482153
0.633293
0.811983
0.993069
1.205262
1.353961
1.351009
1.197614
0.983787
0.763726
0.584798
0.447539
0.414386
0.792346
1.112383
1.201864
1.113665
0.799517
0.500258
0.542777
0.614208
0.714182
0.812107
0.944588
1.115244
1.325478
1.525318
1.685940
1.708412
1.577095
1.411097
1.227358
1.047361
0.909607
0.800377
0.764770
0.742803
0.808740
0.883433
0.877209
0.788052
0.666586
0.644629
0.819625
0.983987
1.181300
1.390044
1.619429
1.883657
2.190617
2.431707
2.438531
2.191921
1.879445
1.562668
1.281069
1.035844
0.924720
0.849503
0.836637
1.056208
1.364736
1.527528
1.444135
1.719714
2.218523
2.888972
3.513244
3.493171
2.869775
2.368299
2.176368
1.866544
2.043401
2.471916
2.408257
1.830365
1.505029
1.213730
0.878165
0.580626
0.497828
0.551833
0.522504
0.560556
0.733439
0.920022
0.978509
0.914595
0.720640
0.504380
0.323116
0.187779
0.140715
0.108163
0.079706
0.056156
0.032527
0.034552
0.056501
0.089186
0.134269
0.190475
0.256062
0.327614
0.397922
0.448358
0.494446
0.506045
0.479389
0.424925
0.493678
0.592110
0.706303
0.819443
0.898251
0.911009
0.854080
0.747544
0.634301
0.531074
0.436695
0.348441
0.371268
0.366142
0.327860
0.277472
0.233181
0.176547
0.106366
0.069105
0.080914
0.089746
0.105797
0.105565
0.084731
0.059575
0.051549
0.041360
0.029868
0.035803
0.038137
0.049965
0.105957
0.177916
0.254266
0.291971
0.316021
0.553882
0.766445
0.712564
0.649144
0.598035
0.566276
0.548597
0.540324
0.539629
0.531781
0.495454
0.582416
0.808038
1.072084
1.409207
1.827521
2.329217
2.923792
3.600378
4.226854
4.703025
4.699810
4.174640
3.441087
2.746902
2.186010
1.828100
1.922810
2.027426
1.879583
1.617665
1.302178
0.998677
0.748047
0.676617
0.748030
0.827444
1.036494
1.177937
1.277843
1.118590
0.849152
0.581682
0.637014
0.815260
1.015729
1.239184
1.463390
1.624603
1.641374
1.510170
1.303961
1.138689
0.983759
0.830905
0.662885
0.726840
0.870201
1.070469
1.307391
1.576519
1.864230
2.131736
2.223508
2.131854
1.860529
1.578639
1.323845
1.112267
0.977527
0.843230
0.752244
0.838388
0.993211
1.165231
1.303191
1.353027
1.260794
1.082589
0.890901
0.707990
0.552598
0.444308
0.432122
0.436203
0.449246
0.413117
0.477276
0.513400
0.490971
0.418674
0.342756
0.373809
0.416741
0.403223
0.343771
0.263267
0.189716
0.124790
0.161772
0.311756
0.525321
0.796528
1.118705
1.510632
1.838341
1.861737
1.583951
1.272597
1.092407
0.951281
0.926738
1.233825
1.730132
2.392266
2.820453
2.970893
2.964643
2.789220
2.273980
1.500057
0.997730
0.662670
0.425800
0.341949
0.394119
0.371737
0.537355
0.679453
0.702167
0.574897
0.407799
0.367636
0.308346
0.240161
0.161866
0.213800
0.415281
0.698177
1.072330
1.277735
1.248926
0.947084
0.544479
0.286681
0.127259
0.039664
0.003122
0.000000
0.000000
0.000000
0.000000
0.000000
0.000000
0.000000
0.000000
0.000000
0.000000
0.000000
0.000000
0.000000
0.000000
0.000000
0.000000
0.000000
0.000000
0.000000
0.000000
0.000000
0.000000
0.000000
0.000000
0.000000
0.000000
0.000000
0.000000
0.000000
0.000000
0.000000
0.000000
0.000000
0.000000
0.000000
0.000000
0.000000
0.000000
0.000000
0.000000
0.000000
0.000000
0.000000
0.000000
0.000086
0.017050
0.067474
0.157762
0.293085
0.489217
0.752868
1.090775
1.515685
2.022961
2.588053
3.052651
3.059173
2.601951
2.046169
1.532588
1.320645
1.646478
2.065462
2.493563
2.696351
2.657590
2.371648
1.936658
1.505521
1.142148
0.853735
0.626227
0.431071
0.352094
0.346076
0.556928
0.793109
0.951304
0.893305
0.560223
0.279618
0.130053
0.041470
0.002582
0.000000
0.000000
0.000000
0.000000
0.000000
0.000000
0.000000
0.000000
0.000000
0.000000
0.000000
0.000000
0.000000
0.000000
0.008576
0.074716
0.121708
0.136842
0.140876
0.141519
0.138002
0.121731
0.069525
0.039418
0.065659
0.089341
0.128117
0.168871
0.189381
0.174822
0.136978
0.126252
0.145224
0.130945
0.098380
0.061368
0.030775
0.013730
0.005034
0.000613
0.000057
0.000000
0.000000
0.000852
0.001256
0.000000
0.000000
0.000000
0.000000
0.000000
0.000716
0.014919
0.047500
0.141982
0.288508
0.484996
0.764650
1.117610
1.491248
1.493117
1.147627
0.846090
0.636054
0.883479
1.187456
1.548680
1.968863
2.421484
2.785856
2.952220
3.223713
3.779469
4.383031
5.043900
5.702764
6.249856
6.274127
5.763220
5.149569
4.812377
4.221709
3.527506
2.997807
2.634832
2.257474
2.039338
1.889853
1.633577
1.620892
1.570210
1.412245
1.284369
1.207245
1.069166
0.879542
0.693280
0.538900
0.418957
0.315327
0.226080
0.219004
0.298239
0.383988
0.476702
0.579061
0.696729
0.832735
0.986707
1.163307
1.347818
1.496216
1.554043
1.585177
1.476291
1.293331
1.113192
0.972213
0.860350
0.730640
0.622070
0.559792
0.625415
0.609163
0.593607
0.700871
0.800935
0.902220
1.012376
1.139244
1.300326
1.498711
1.726656
1.967505
2.209833
2.457989
2.671069
2.766105
2.705252
2.579227
2.400125
2.211062
2.055538
2.003939
2.023728
2.082458
2.224826
2.429195
2.648582
2.850106
2.936736
2.859838
2.671988
2.437559
2.810792
3.359227
3.822234
3.823191
3.360456
2.782414
2.260232
1.993831
1.857127
1.681869
1.481295
1.480370
1.561856
1.581638
1.487003
1.355763
1.412195
1.647875
1.895636
2.156030
2.392719
2.584659
2.886016
3.252398
3.674170
4.116947
4.573996
4.926406
5.119408
5.138966
5.225627
5.253470
5.329579
5.112043
4.711399
4.985005
5.101187
4.857165
4.430141
3.971141
3.724702
4.296301
4.950682
5.628712
6.225899
6.492268
6.195890
5.584201
4.907205
4.253693
3.658518
3.129226
2.661887
2.273312
2.178515
2.065453
2.033746
2.155252
2.113474
1.909437
1.680006
1.484315
1.802155
2.284796
2.829527
3.488837
4.173937
4.648068
4.663257
4.195827
3.510944
2.857529
2.323436
1.848759
1.437956
1.092349
0.811142
0.898485
1.039499
1.186369
1.322928
1.434417
1.528224
1.538038
1.451613
1.371438
1.418256
1.359162
1.223153
1.076488
0.944993
1.006629
1.171638
1.334007
1.476017
1.600174
1.612361
1.501678
1.345408
1.164257
0.986614
0.826167
0.854733
0.894561
0.885376
0.809027
0.756962
0.826540
0.870452
0.880566
0.920737
0.938086
0.909233
0.839083
0.895639
0.999635
1.184999
1.314505
1.370680
1.303733
1.148503
0.921006
0.970202
1.117046
1.284755
1.452033
1.580254
1.630779
1.571479
1.443388
1.301903
1.159078
1.015359
0.880079
0.757574
0.650725
0.562436
0.653773
0.649819
0.549932
0.409146
0.452988
0.564922
0.690558
0.811857
0.854082
0.818851
0.725182
0.625858
0.542711
0.509739
0.481637
0.419358
0.345510
0.287169
0.338825
0.422975
0.545101
0.603695
0.616617
0.546951
0.460211
0.467158
0.477707
0.468562
0.460339
0.472564
0.486046
0.476335
0.486217
0.489636
0.622943
0.742634
0.824426
0.792506
0.831280
0.905937
1.104072
1.351404
1.635069
1.943249
2.200665
2.329463
2.171046
1.903439
1.621648
1.617990
1.919457
2.239478
2.491980
2.543273
2.370063
2.103791
1.827077
1.569439
1.344496
1.158166
1.017045
1.306348
1.764000
2.274899
2.704494
2.940168
2.667340
2.219177
1.744495
1.562702
1.954009
2.369750
2.701333
2.751190
2.487266
2.359956
2.081394
1.730929
1.414198
1.108852
0.830734
0.604499
0.682034
0.960488
1.368533
1.921982
2.422348
2.626561
2.676870
2.629416
2.566680
2.498414
2.336043
2.048451
1.576396
1.373542
1.286088
1.239629
1.183886
1.054274
0.772141
0.434058
0.210381
0.073895
0.009094
0.000000
0.000000
0.000000
0.000000
0.000419
0.009717
0.016751
0.005915
0.000000
0.000000
0.000000
0.000000
0.000000
0.000000
0.000000
0.000000
0.000000
0.000000
0.000000
0.000000
0.000000
0.000000
0.000000
0.000000
0.000000
0.000000
0.000000
0.000112
0.022695
0.048714
0.062638
0.067377
0.067837
0.066544
0.066195
0.065411
0.059365
0.037695
0.010375
0.063121
0.111807
0.116749
0.071677
0.015793
0.000000
0.000000
0.000000
0.000000
0.000000
0.000000
0.000000
0.000000
0.000000
0.000000
0.000000
0.000000
0.000000
0.000000
0.000000
0.000000
0.000000
0.000000
0.000000
0.000000
0.000000
0.000000
0.000000
0.000000
0.000000
0.013458
0.073517
0.143460
0.179072
0.185322
0.176802
0.141498
0.073914
0.020557
0.028869
0.091149
0.133545
0.147384
0.092601
0.104972
0.139582
0.180460
0.229782
0.291463
0.386080
0.380291
0.277198
0.205254
0.149713
0.127589
0.230902
0.338995
0.572721
0.892666
1.054892
1.095878
1.061243
0.882289
0.523905
0.518120
0.493526
0.612445
0.671911
0.639222
0.588518
0.743466
0.953923
1.203146
1.462762
1.643340
1.644704
1.444578
1.172407
0.927155
0.725801
0.558406
0.429126
0.308054
0.202312
0.119726
0.087669
0.089259
0.056080
0.036007
0.036282
0.077631
0.152418
0.271048
0.416191
0.593765
0.707747
0.959886
1.280372
1.421469
1.299566
0.973229
0.664425
0.440189
0.329165
0.207774
0.178631
0.253928
0.381560
0.460014
0.682703
1.124402
1.318262
1.315120
1.110097
0.637275
0.609135
0.690062
0.709243
0.640102
0.689198
0.860039
0.925564
0.838986
0.714501
0.724297
0.689504
0.730561
0.810722
0.919731
1.007254
1.015149
0.991664
1.004708
1.117816
1.292475
1.434186
1.444531
1.331162
1.162162
1.172225
1.203549
1.262295
1.392153
1.564752
1.760431
1.964856
2.107258
2.254305
2.312198
2.217221
2.379958
2.627945
2.826197
2.859513
2.746334
2.496315
2.210829
2.103482
2.369701
2.582486
2.843746
3.128445
3.441040
3.759450
4.049950
4.155400
4.069874
3.787230
3.447765
3.103583
2.778815
2.482316
2.207113
2.108290
2.547940
3.054849
3.617836
4.190857
4.689794
4.858273
4.638193
4.151556
3.572443
3.726326
4.137767
4.642417
5.221774
5.811123
6.305872
6.571106
6.524480
6.300722
6.215064
6.683571
7.309397
7.794417
7.845451
7.508503
6.978184
6.491198
5.954318
5.400677
4.849730
5.056305
5.053487
4.700501
4.181837
4.327029
4.751150
4.874397
5.581390
6.380791
7.263593
8.127107
8.622945
8.464557
7.890140
7.142190
6.389403
5.597018
5.519055
6.434184
7.232861
7.388962
6.961376
6.644576
5.980041
5.212070
4.631682
4.087857
3.605337
3.197157
2.907973
2.785097
2.773767
2.682435
2.857718
3.049599
3.102003
3.002025
2.838968
2.961634
2.993329
3.174396
3.274981
3.501995
3.742663
3.914884
3.873687
3.641350
3.342179
3.033144
2.721156
2.409652
2.110636
2.176894
2.339909
2.544546
2.713282
2.773970
2.793402
3.008138
3.190134
3.199927
3.010926
2.893478
2.653571
2.364968
2.071922
1.825036
1.584986
1.345356
1.127854
0.934391
0.819158
0.891120
1.017852
0.948332
0.900095
0.775321
0.675159
0.824836
1.019030
1.160374
1.439098
1.490652
1.332444
1.129270
1.113381
1.197937
1.150735
1.075976
1.216640
1.479804
1.685121
1.863323
2.224227
2.540595
2.722143
2.829873
2.884649
3.059830
3.106124
2.998630
3.104053
3.196316
3.159190
3.264701
3.447792
3.295603
3.039763
2.916113
2.811376
2.750335
2.886657
2.876789
2.936714
2.890023
2.765031
2.878151
3.188367
3.402151
4.022259
5.389098
6.078520
6.272062
6.258037
6.053292
5.404313
4.107924
3.131156
2.801887
2.763613
2.645836
2.527592
2.599633
2.492757
2.565114
2.680240
2.768595
2.817096
2.763351
2.607552
2.345338
2.064629
2.190067
2.364427
2.538984
2.737042
2.866102
3.056652
3.143218
3.099896
3.059510
3.149913
3.380762
3.651612
3.933867
4.113744
4.102221
4.099407
4.147167
4.033765
3.804121
3.917205
3.919509
3.957965
4.060490
4.367409
4.668793
4.937106
5.075912
4.988971
4.721777
4.391907
4.123161
3.817678
3.656422
4.044869
4.719196
5.470942
6.296359
7.201732
8.171962
9.065542
9.568538
9.475741
8.759837
7.794679
7.708658
8.855901
10.194198
11.679049
13.297858
14.988715
16.411591
17.473171
16.903231
15.337248
13.445137
11.585871
12.827106
14.324684
15.639712
17.007889
17.771465
17.306419
16.114853
14.482102
12.918595
11.643184
10.853984
12.169119
12.957847
13.650551
13.750542
13.254544
12.344134
11.431382
10.994782
10.312115
9.984609
10.659234
10.985989
10.747570
10.142138
9.539525
9.722174
9.444238
8.902162
8.416979
7.899907
7.302432
6.663464
6.082970
5.807749
5.406643
4.941871
4.487813
4.100615
4.090090
4.180831
4.184660
4.388183
4.366694
4.094336
3.741230
3.505717
3.638881
3.596944
3.650058
3.579379
3.686276
4.003548
4.317377
4.554126
4.700300
4.574192
4.301385
4.294419
4.625972
4.972139
5.252316
5.891028
6.348420
6.795357
7.219494
7.625642
7.987819
8.330168
8.674886
8.997462
9.160909
9.108647
8.795806
8.386125
8.223131
8.660823
9.126659
9.625773
10.152577
10.696649
11.267335
11.784191
12.106826
12.091988
11.646583
11.083383
10.904255
11.123689
11.061396
10.698637
10.188798
9.691462
9.229040
8.760279
8.299214
7.856665
7.456746
7.451570
7.503062
7.318289
6.948424
6.822366
7.651685
7.953473
7.714784
6.944942
6.120591
5.786311
5.652745
5.746489
6.026009
6.511357
7.040114
7.400713
7.548743
7.354643
6.687308
5.916489
5.031967
4.257047
3.568999
2.965848
2.364069
2.002223
2.028113
2.374862
2.849288
3.175085
3.422863
3.640072
3.626413
3.396067
3.236200
3.066812
2.859837
2.580936
2.658240
2.945283
3.274606
3.506831
3.639340
3.783081
4.199790
4.637972
5.141226
5.780819
6.509900
7.283975
8.122206
8.930516
9.503930
9.488043
8.902015
8.094656
7.261003
6.517114
5.814938
5.169295
4.801591
5.317664
5.788106
5.882471
5.639178
5.250374
4.809834
4.358260
4.089027
3.966940
4.020590
4.291312
4.465429
4.275381
3.875687
3.952456
3.943621
4.336441
4.724443
5.155838
5.543789
5.693862
5.524247
5.349585
5.066392
4.730237
4.303121
4.000970
3.761774
3.711758
4.145288
4.622477
4.881758
4.709200
4.252430
3.768523
3.372370
3.486120
3.355890
3.093939
2.846882
3.095076
3.341039
3.392206
3.211967
2.946262
2.605065
2.294877
2.012156
1.881650
2.178898
2.570479
3.009789
3.454957
3.770574
3.694578
3.326663
2.872588
2.439430
2.050569
1.695251
1.387459
1.265866
1.252558
1.418076
1.647096
1.868455
2.141915
2.459956
2.741113
2.777764
2.104415
1.846730
1.929557
1.936449
2.006137
1.883574
1.464362
1.564275
1.838252
2.203295
2.635172
3.125552
3.673553
4.286575
4.963762
5.711208
6.528736
7.403567
8.291193
8.998504
8.759837
7.329566
6.584149
6.999192
7.936186
9.080222
10.379436
11.846503
13.413610
14.822327
15.144437
13.518722
13.195986
10.675434
7.657789
5.626331
3.365076
3.050577
0.002061
0.000000
0.000000
0.000000
0.000000
0.000000
0.000000
0.000000
0.000000
