track	type=wiggle_0
fixedStep	chrom=chr	start=1	step=1
0.000000
0.000000
0.000000
0.000000
0.000000
0.000000
0.000000
0.000000
0.000000
0.000000
0.000000
0.000000
0.000000
0.000000
0.000000
0.000000
0.000000
0.000000
0.000000
0.000000
0.000000
0.000000
0.013207
0.087838
0.475692
0.979170
1.249721
1.194754
0.995073
0.752164
0.567972
0.405857
0.282793
0.237764
0.398074
0.587394
0.841760
1.080470
1.186480
1.031289
0.772865
0.886863
1.029292
1.082775
1.127761
1.163235
1.434094
1.820421
2.286042
2.848281
3.468677
3.949489
3.945869
3.460294
2.870290
2.343915
1.908092
2.163259
2.398596
2.507732
2.345940
2.013612
1.634689
1.290016
0.995848
0.749492
0.553152
0.393924
0.273291
0.211448
0.212207
0.167772
0.197791
0.429773
0.761306
0.888202
0.916596
0.888202
0.758807
0.419772
0.174231
0.048660
0.028237
0.024158
0.013408
0.105666
0.334942
0.581711
0.802588
0.901692
0.900705
0.826974
0.759709
0.789736
0.837823
0.834867
0.814926
0.920903
1.050855
1.189538
1.315126
1.377121
1.382071
1.549519
1.751231
1.949901
2.081172
2.266613
2.391965
2.375273
2.241810
2.027744
1.808428
1.600229
1.408125
1.230201
1.067642
1.039677
1.061903
1.159678
1.214074
1.228493
1.274181
1.375610
1.549655
1.677853
1.746203
1.672593
1.537148
1.654442
1.904139
2.180193
2.473308
2.824931
3.211535
3.558163
3.822464
3.863772
3.587518
3.230139
2.810799
2.431527
2.205866
2.635730
3.146079
3.646012
3.744572
3.270258
2.644445
2.076373
1.576011
1.161690
0.827124
0.563925
0.597785
0.697871
0.750782
0.705274
0.683237
0.611826
0.507123
0.579881
0.619797
0.524056
0.386196
0.228355
0.156470
0.131633
0.131489
0.123702
0.100305
0.053344
0.028509
0.014880
0.004679
0.004702
0.004801
0.001385
0.000000
0.000000
0.000000
0.010454
0.023536
0.027625
0.028549
0.028549
0.027625
0.022692
0.008391
0.000000
0.000000
0.000000
0.000000
0.000000
0.000000
0.000000
0.000000
0.000000
0.000037
0.005111
0.020117
0.042139
0.065642
0.085407
0.099759
0.099401
0.107812
0.140041
0.164484
0.167259
0.181143
0.198909
0.207873
0.186050
0.177067
0.150757
0.161047
0.165676
0.177001
0.163419
0.128492
0.107930
0.126522
0.148932
0.143543
0.093437
0.050078
0.012723
0.000000
0.000000
0.000000
0.000000
0.000000
0.004536
0.087573
0.162235
0.199208
0.229724
0.247788
0.266768
0.287165
0.123994
0.093719
0.039015
0.000348
0.000000
0.000000
0.000046
0.000010
0.000000
0.000000
0.003156
0.060897
0.109219
0.128436
0.132803
0.128436
0.108500
0.060115
0.007580
0.023147
0.042670
0.053954
0.053068
0.040107
0.042479
0.059137
0.057659
0.056231
0.092776
0.138801
0.184379
0.215803
0.210613
0.234893
0.283538
0.277186
0.269868
0.345430
0.408705
0.398742
0.351745
0.315411
0.320061
0.412254
0.508824
0.613649
0.712117
0.843403
0.972213
1.038823
1.003389
0.979289
1.134249
1.340938
1.579214
1.885333
2.293584
2.765504
3.303954
3.911301
4.590327
5.258733
5.668953
5.654764
5.274821
4.862567
4.244447
3.636969
3.148775
2.858345
2.606876
2.298170
2.037615
1.743569
1.483483
1.230592
0.985493
0.789070
0.875681
1.115072
1.625053
2.341814
2.666985
2.819688
2.948579
3.118398
3.477417
3.506937
3.259740
3.170363
3.025059
2.884254
2.562055
1.874682
1.327380
1.185850
1.405913
1.440350
1.289659
1.108709
0.929948
0.915887
1.015643
0.990014
0.817962
0.616631
0.451090
0.307722
0.307448
0.396340
0.496078
0.597057
0.656366
0.650473
0.581702
0.482201
0.385259
0.303102
0.251940
0.255661
0.233011
0.179272
0.127810
0.082219
0.046589
0.021259
0.005823
0.000071
0.000000
0.000029
0.000000
0.000896
0.003536
0.002827
0.001002
0.022968
0.104413
0.248086
0.460817
0.743580
0.750049
0.485815
0.248464
0.123040
0.051095
0.029522
0.051720
0.070581
0.078387
0.064682
0.040984
0.021385
0.009056
0.042110
0.099548
0.127143
0.150021
0.273446
0.432543
0.566562
0.577713
0.446998
0.284960
0.156682
0.067808
0.016602
0.000008
0.000000
0.000000
0.000000
0.000000
0.000000
0.000000
0.000000
0.000862
0.048465
0.091223
0.109991
0.123191
0.136232
0.136232
0.123042
0.109364
0.089151
0.044835
0.000119
0.000000
0.000000
0.000000
0.000000
0.000000
0.000000
0.000000
0.000013
0.000527
0.000709
0.000709
0.000709
0.000527
0.000038
0.000000
0.000000
0.000000
0.000000
0.000000
0.000000
0.000000
0.000000
0.000000
0.000000
0.000000
0.001232
0.025562
0.072643
0.099596
0.087413
0.035248
0.003158
0.000062
0.004740
0.006833
0.036753
0.098223
0.197782
0.326106
0.506247
0.749442
1.060228
1.443614
1.926479
2.511446
3.040120
3.435205
3.340245
2.887091
2.641912
3.208729
3.764576
4.051981
3.980724
3.528346
2.972492
2.425837
1.956684
1.588931
1.288665
1.045196
1.176088
1.243213
1.478519
1.639802
2.049831
2.411816
2.462690
2.213048
1.822959
1.442629
1.092744
0.796148
0.563807
0.616807
0.788530
0.965535
1.083777
1.087745
0.973583
0.803792
0.658509
0.669560
0.784615
0.898629
0.972035
0.989360
1.015133
0.930316
0.779011
0.607711
0.452950
0.424047
0.495487
0.571401
0.622012
0.613387
0.620574
0.722291
0.859976
1.011787
1.155255
1.290632
1.415036
1.431435
1.416254
1.832188
2.255258
2.522046
2.677148
2.386135
1.902571
1.718678
1.536801
1.335911
1.158659
1.121200
1.205503
1.190891
1.097237
0.955088
0.807928
0.907380
0.971138
0.951329
1.102960
1.298118
1.625316
2.089249
2.463741
2.673156
2.517485
2.268095
1.893895
1.657136
1.707839
1.673310
1.638128
1.475178
1.344991
1.455594
1.810915
2.369505
3.104924
4.110991
5.507306
6.151428
6.325560
6.325560
6.158067
5.539797
4.235891
3.480612
3.245183
2.791986
2.336932
1.947552
1.628865
1.737941
1.878966
2.209942
2.395123
2.434661
2.349263
2.445466
2.308894
1.989451
1.640468
1.381152
1.462365
1.412033
1.166286
1.671788
2.139877
2.211349
1.993579
1.904466
2.039620
2.089750
1.895598
1.742981
1.591576
1.383505
1.138388
0.901198
0.890265
1.079796
1.287454
1.493317
1.640176
1.654414
1.734106
1.925245
1.926645
1.734132
1.471325
1.238750
1.053671
0.930630
0.859138
0.742073
0.642882
0.708293
0.779498
0.787815
0.776708
0.846253
0.831490
0.755344
0.646826
0.552078
0.573559
0.684590
0.708939
0.778453
0.896105
0.938076
0.782345
0.646023
0.515670
0.501237
0.553842
0.597615
0.619148
0.624828
0.581575
0.511760
0.432868
0.386104
0.455100
0.674310
0.950966
1.299421
1.712339
2.140661
2.412415
2.360113
1.983048
1.557758
1.791928
2.178816
2.117421
1.600008
1.145172
0.774094
0.487658
0.484666
0.523433
0.604318
0.725392
0.730034
0.611522
0.457358
0.370440
0.485233
0.635815
0.814081
0.994703
1.208667
1.359880
1.357890
1.204684
0.987501
0.767416
0.588591
0.450516
0.418403
0.796072
1.113311
1.198784
1.103146
0.791611
0.465676
0.504972
0.572275
0.666891
0.757347
0.874496
1.025941
1.222415
1.413754
1.566592
1.587356
1.460501
1.300807
1.120812
0.947578
0.811146
0.708157
0.619219
0.585485
0.598112
0.696225
0.689117
0.648749
0.555054
0.579443
0.746825
0.904826
1.094343
1.297592
1.520131
1.777527
2.072878
2.301453
2.299897
2.058924
1.754439
1.446066
1.170872
0.929601
0.839328
0.759317
0.739426
0.979754
1.279728
1.441472
1.354957
1.632790
2.125332
2.784714
3.393841
3.373849
2.763656
2.270791
2.080754
1.781338
1.962968
2.381147
2.322282
1.752803
1.438492
1.155890
0.827296
0.707075
0.944147
1.171014
1.396234
1.698034
2.077584
2.468945
2.784613
2.758683
2.410532
1.955097
1.536636
1.186260
0.897553
0.658370
0.464182
0.351969
0.281228
0.246399
0.209483
0.254597
0.330005
0.416739
0.513969
0.615740
0.713378
0.783148
0.841873
0.857681
0.826969
0.761548
0.858490
0.988564
1.141481
1.290738
1.393789
1.408899
1.331724
1.196429
1.049535
0.910218
0.779335
0.674216
0.708172
0.700016
0.642132
0.567757
0.497860
0.463702
0.399555
0.324381
0.256173
0.263824
0.307634
0.333558
0.312260
0.264712
0.227061
0.198867
0.201916
0.270652
0.323057
0.333007
0.292250
0.225390
0.195586
0.228943
0.297494
0.527238
0.731141
0.673905
0.615999
0.567314
0.537445
0.521499
0.514618
0.513243
0.506601
0.472559
0.515600
0.729306
0.980115
1.303057
1.707923
2.190371
2.766517
3.425349
4.037746
4.495143
4.490850
3.989221
3.281495
2.603261
2.056190
1.707481
1.792751
1.890553
1.746651
1.494552
1.189542
0.900151
1.060771
1.335154
1.633466
1.935692
2.131080
2.085560
1.841223
1.517196
1.218783
1.023441
1.287298
1.472819
1.474810
1.287265
1.301313
1.466878
1.554223
1.449580
1.254767
1.249327
1.657880
2.050244
2.354976
2.958913
3.774756
4.346238
3.793508
3.002963
2.320005
1.917472
2.009456
1.919107
1.666637
1.402797
1.164031
0.964046
0.837395
0.711349
0.625036
0.692970
0.835899
0.994917
1.120735
1.162417
1.073359
0.909519
0.736882
0.570888
0.432675
0.336130
0.324104
0.326497
0.342727
0.322082
0.359048
0.393694
0.378420
0.313611
0.246965
0.265405
0.304906
0.294544
0.244170
0.175952
0.115966
0.067284
0.136878
0.277772
0.482927
0.743573
1.051817
1.431418
1.756716
1.779590
1.505203
1.204494
1.037414
0.904419
0.887269
1.189931
1.670691
2.312347
2.724446
2.869243
2.864118
2.691808
2.191767
1.437373
0.950498
0.626683
0.398862
0.310503
0.359922
0.339260
0.490920
0.629167
0.651494
0.613219
0.619376
0.570161
0.499822
0.408772
0.300903
0.195472
0.386819
0.659416
1.023713
1.222687
1.195435
0.904777
0.514520
0.265838
0.114093
0.033034
0.001583
0.000000
0.000000
0.000000
0.000000
0.000000
0.000000
0.000000
0.000000
0.000000
0.000000
0.000000
0.000000
0.000000
0.000000
0.000000
0.000000
0.000000
0.000000
0.000000
0.000000
0.000000
0.000000
0.000000
0.000000
0.000000
0.000000
0.000000
0.000000
0.000000
0.000000
0.000000
0.000000
0.000000
0.000000
0.000000
0.000000
0.000000
0.000000
0.000000
0.000000
0.000000
0.000000
0.000000
0.000000
0.000000
0.010655
0.054384
0.137881
0.265868
0.454411
0.708963
1.037851
1.451698
1.947047
2.501409
2.954920
2.962807
2.519222
1.977801
1.476864
1.264508
1.583412
1.984258
2.402415
2.597316
2.544115
2.239301
1.809858
1.391305
1.045117
0.787774
0.984653
1.145091
1.150708
0.991978
0.796080
0.602354
0.517933
0.476832
0.315659
0.137420
0.058830
0.017031
0.000562
0.000000
0.000000
0.000000
0.000000
0.000000
0.000000
0.000000
0.000000
0.000000
0.000000
0.004891
0.009119
0.007281
0.048311
0.171660
0.417355
0.563787
0.608124
0.620943
0.624258
0.626039
0.625352
0.620294
0.607684
0.582072
0.569085
0.554271
0.518195
0.403190
0.216607
0.164790
0.112703
0.071236
0.041360
0.022055
0.007184
0.002023
0.000000
0.000000
0.000047
0.000056
0.000000
0.004236
0.021261
0.026678
0.018222
0.008013
0.000862
0.017069
0.057711
0.124129
0.207167
0.319151
0.539361
0.831672
1.205700
1.667764
2.205309
2.734758
2.703446
2.154437
1.665007
1.266113
1.448570
1.851385
2.320455
2.856426
3.413888
3.823213
3.951375
3.668813
3.148057
2.904065
3.420337
3.938642
4.291645
4.300459
4.131819
4.496197
4.585117
3.996309
3.323237
2.683736
2.154663
1.982432
1.890196
1.750315
1.451680
1.112116
0.808847
0.660455
0.570289
0.521436
0.435700
0.322574
0.218021
0.173298
0.168292
0.164536
0.154340
0.124469
0.065679
0.083783
0.128501
0.182201
0.250744
0.331559
0.428682
0.545424
0.671221
0.775046
0.820300
0.853279
0.778011
0.656235
0.534294
0.436769
0.362300
0.280659
0.266451
0.320383
0.353176
0.337946
0.384361
0.477361
0.552857
0.579993
0.614289
0.684259
0.807666
0.971792
1.156968
1.318308
1.406219
1.509716
1.654576
1.714127
1.660191
1.559378
1.421482
1.290964
1.266704
1.368391
1.474765
1.559372
1.709934
1.911330
2.130281
2.318348
2.406096
2.353701
2.185957
2.108224
2.570198
3.092745
3.538514
3.536650
3.092733
2.544583
2.121786
1.872173
1.659716
1.494433
1.310734
1.311562
1.318437
1.340030
1.296780
1.121513
1.150556
1.367572
1.586405
1.818990
2.038301
2.215676
2.496036
2.838141
3.233996
3.650943
4.082829
4.417952
4.597136
4.607401
4.687627
4.720910
4.793604
4.590834
4.231950
4.488804
4.610183
4.375824
3.976127
3.541227
3.332316
3.867974
4.484519
5.127629
5.699641
5.950521
5.667691
5.086000
4.442113
3.824929
3.267673
2.771249
2.337225
1.971911
1.794079
1.691539
1.677094
1.785536
1.746765
1.560064
1.355072
1.218525
1.592996
2.047230
2.558485
3.180238
3.832566
4.287054
4.299160
3.854666
3.201465
2.583252
2.081596
1.637102
1.254038
0.934575
0.674832
0.509298
0.538075
0.721723
0.905992
1.014947
0.995848
1.033031
1.049925
0.951004
0.755576
0.571644
0.458562
0.380863
0.318313
0.413452
0.498433
0.570649
0.600305
0.553245
0.481539
0.414436
0.477190
0.493467
0.580594
0.673341
0.763026
0.820728
0.815251
0.757163
0.756493
0.853941
0.937221
1.112663
1.322502
1.498215
1.629055
1.783176
1.999857
2.308578
2.649309
2.895707
3.011426
2.927904
2.649275
2.304607
2.445483
2.674284
2.941783
3.209328
3.406123
3.488777
3.410090
3.216663
2.988791
2.755754
2.522054
2.298760
2.091153
1.905797
1.734450
1.563452
1.327062
1.381905
1.551169
1.751727
1.984661
2.241553
2.469701
2.560175
2.506957
2.329264
2.131288
1.941356
1.764516
1.604468
1.446702
1.395491
1.543899
1.713960
1.916575
2.149812
2.337029
2.376001
2.241001
2.049030
2.030639
1.971632
1.796388
1.622864
1.476819
1.348260
1.360054
1.520127
1.735571
1.963824
2.201970
2.450433
2.713807
2.985626
3.269250
3.517140
3.596143
3.474736
3.183651
3.385777
3.548160
3.355863
2.998386
2.608423
2.241574
2.205149
2.415241
2.644768
2.665728
2.906402
3.277667
3.657261
3.963337
4.098478
4.145274
3.960790
3.627866
3.250836
2.887720
2.553643
2.783154
2.518395
2.094136
1.632649
1.336547
1.084750
1.310279
1.532736
1.571618
1.925714
2.329843
2.762430
3.123766
3.210754
3.061938
3.022574
2.861050
2.536644
2.112930
1.713341
1.361601
1.229804
1.255275
1.336767
1.800462
2.352661
2.964958
3.648131
4.398287
5.112950
5.543499
5.130788
4.349939
3.509397
2.757642
2.128575
1.607939
1.180848
0.834493
0.557513
0.344614
0.190187
0.087235
0.029847
0.005903
0.000002
0.000000
0.000000
0.004952
0.011131
0.008797
0.034284
0.067385
0.074774
0.054812
0.036366
0.058980
0.079795
0.073333
0.046526
0.015077
0.002529
0.014580
0.049150
0.089035
0.123129
0.118712
0.088589
0.047236
0.049328
0.063064
0.067686
0.068363
0.067462
0.067767
0.067306
0.060928
0.039129
0.009559
0.061260
0.110281
0.114984
0.068718
0.014145
0.000206
0.000186
0.000000
0.000000
0.000000
0.000320
0.004991
0.007932
0.004151
0.000046
0.000000
0.000000
0.000000
0.000000
0.000000
0.000000
0.000000
0.000000
0.000000
0.000000
0.000000
0.000000
0.000000
0.000000
0.000000
0.014597
0.075877
0.146109
0.181857
0.189220
0.180280
0.143877
0.076632
0.022217
0.027997
0.088230
0.130274
0.144112
0.090735
0.110666
0.145371
0.185928
0.235882
0.296885
0.393023
0.387190
0.284128
0.212489
0.155931
0.129786
0.234852
0.342403
0.577828
0.895959
1.056455
1.096416
1.061579
0.884584
0.527696
0.518961
0.472894
0.581219
0.639161
0.607037
0.557709
0.709830
0.917195
1.163357
1.420287
1.600792
1.598987
1.399428
1.128726
0.878740
0.677029
0.516415
0.395555
0.282883
0.184169
0.106155
0.081994
0.083478
0.051719
0.032254
0.033952
0.072916
0.144013
0.260483
0.403352
0.579107
0.692868
0.954428
1.277900
1.419860
1.296514
0.969849
0.662404
0.438544
0.327984
0.205447
0.159232
0.244390
0.369868
0.447038
0.688332
1.126784
1.320288
1.317337
1.113536
0.642524
0.631547
0.623315
0.584149
0.494406
0.647909
0.813874
0.874919
0.790937
0.609865
0.519897
0.647283
0.791758
0.932507
1.046630
1.061915
0.985452
0.879933
0.848251
0.964160
1.105960
1.200376
1.223744
1.117534
1.000928
1.091957
1.130660
1.107351
1.300292
1.525524
1.777414
2.060025
2.316396
2.506128
2.497438
2.299918
2.066334
1.849579
1.591673
1.651680
1.730189
1.794376
2.021787
2.266313
2.495218
2.606809
2.536107
2.281744
2.016875
1.846551
1.888525
1.879004
1.843149
1.702735
1.524907
1.637381
1.802073
2.061548
2.418328
2.870203
3.394063
3.963562
4.530359
5.006546
4.986557
4.492256
3.924399
3.340323
2.811303
2.809654
3.214989
3.668001
4.090620
4.493648
4.794236
4.792760
4.424282
3.903472
3.383318
2.894171
2.695264
3.380923
4.082387
4.429177
4.023644
3.297477
2.603046
1.990716
1.599928
2.013357
2.507363
3.075802
3.559530
3.954622
4.031261
3.699344
3.156120
2.571224
2.043638
1.584788
1.675539
2.252575
2.946832
3.787123
3.803931
2.993760
2.262498
1.660287
1.378124
1.218648
1.020221
0.809717
0.669989
0.550080
0.616474
0.700657
0.698975
0.616648
0.521028
0.424576
0.403149
0.417354
0.424687
0.572245
0.821044
0.903904
0.910367
1.021612
1.044360
0.992860
0.886703
0.773266
0.784549
0.857263
0.841839
0.746802
0.634779
0.524463
0.540793
0.568710
0.531480
0.463493
0.480700
0.513506
0.523740
0.468853
0.420557
0.447014
0.445770
0.405638
0.337705
0.285927
0.221980
0.391877
0.615546
0.868942
1.012556
1.042258
0.940344
0.854790
0.782879
0.847800
0.972110
0.902684
0.857155
0.692729
0.538301
0.360817
0.212579
0.237057
0.365522
0.517565
0.686366
0.873146
0.972251
0.902081
0.740838
0.909221
1.143954
1.378354
1.525489
1.580872
1.475199
1.386139
1.453999
1.459370
1.777334
1.909875
1.793359
1.495035
1.555850
1.942328
2.350769
2.650923
2.821290
2.655465
2.345641
1.900421
1.476293
1.113569
0.899350
1.220325
1.540499
1.757851
1.725071
1.619309
2.007358
2.668332
3.598127
4.858543
5.493257
5.697024
5.701671
5.515042
4.915483
3.698314
2.772758
2.059808
1.496281
1.049958
0.708367
0.705902
0.654008
0.718826
0.790492
0.847413
0.858293
0.800208
0.715040
0.712040
0.836725
0.979566
1.105176
1.173075
1.184008
1.144706
1.198612
1.223432
1.232657
1.439073
1.868860
2.285544
2.613514
2.882893
3.031546
3.021616
3.013961
3.057061
2.962441
2.768509
2.893171
2.870561
2.885203
3.040560
3.220972
3.473473
3.698753
3.816113
3.740467
3.515629
3.238732
3.014562
2.800438
3.319782
3.906702
4.563771
5.295886
6.101839
6.988583
7.931807
8.802981
9.289704
9.196956
8.500105
7.565538
7.466638
8.580866
9.885053
11.327698
12.893333
14.528507
15.898610
16.890009
16.330620
14.819428
12.993343
11.196217
12.450269
13.914090
15.193381
16.530712
17.263393
16.808208
15.659172
14.100513
12.677846
12.189179
11.511222
10.819602
11.727630
12.263758
12.180208
11.435024
10.468604
9.658477
9.386927
8.749070
8.459852
9.116920
9.419104
9.179191
8.544834
7.898152
7.931468
7.579106
7.028558
6.580285
6.110400
5.583351
5.055546
4.549178
4.073046
3.632563
3.230846
2.928551
2.757434
2.723426
2.933568
2.946434
2.795135
2.788220
2.742949
2.550474
2.350062
2.245418
2.321188
2.395636
2.319566
2.095669
2.021901
2.225616
2.406503
2.466656
2.418357
2.406353
2.663116
2.968536
3.278725
3.505367
3.548429
3.552580
3.843428
4.148881
4.516584
5.039929
5.907097
7.008646
7.764585
8.109543
8.129786
7.842634
7.468232
7.305696
7.706038
8.147097
8.610783
9.104876
9.620487
10.155476
10.638681
10.940693
10.933028
10.513949
9.983501
9.799862
10.003508
9.942785
9.602695
9.127067
8.660086
8.229182
7.793916
7.366826
6.952940
6.576067
6.581239
6.632660
6.461409
6.120804
6.030433
6.804128
7.082935
6.854248
6.130689
5.348671
5.036440
4.909576
4.996835
5.269918
5.716204
6.194441
6.539776
6.702864
6.523812
5.903347
5.198067
4.409574
3.696851
3.059556
2.510330
1.957518
1.628701
1.566005
1.596060
1.680593
1.769153
1.901030
2.052211
2.028691
1.871797
1.995312
1.949525
1.982147
2.104063
2.282721
2.335524
2.509499
2.628420
2.711908
2.805239
3.127768
3.474327
3.885523
4.427023
5.075703
5.807045
6.620166
7.407078
7.967380
7.979836
7.435712
6.660339
5.911579
5.281655
4.682697
4.120318
3.747699
4.206077
4.596749
4.635309
4.370395
3.983320
3.575950
3.176833
2.932930
2.816749
2.850536
3.086916
3.231340
3.035749
2.685361
2.425837
2.622635
2.977677
3.317461
3.641301
3.951879
4.033306
3.876500
3.747857
3.642760
3.700383
3.744123
3.752443
3.560848
3.548633
4.016100
4.478094
4.729779
4.563166
4.114656
3.635406
3.252158
3.361846
3.231546
2.974787
2.730396
2.966914
3.210309
3.257904
3.083583
2.819206
2.485423
2.185915
1.912608
1.795804
2.087698
2.471039
2.900660
3.336435
3.640315
3.568209
3.203824
2.762373
2.339401
1.959916
1.616075
1.316972
1.378246
1.550048
1.726217
1.894085
2.000264
2.135291
2.243382
2.104209
1.928962
1.943763
1.878947
1.637958
1.677604
1.788639
1.889772
1.955025
2.079649
2.146436
2.279443
2.422750
2.439156
2.190409
2.195302
2.317343
2.325048
2.270667
2.356868
2.515749
2.739223
2.989811
3.222817
3.373456
3.439397
3.318805
3.403372
3.283159
3.211119
3.201785
2.792659
2.664456
2.726771
2.937826
3.079951
2.939302
2.319818
2.275796
2.453484
2.634634
2.854853
2.982497
2.638801
2.581224
2.796353
3.122746
3.501836
3.886136
4.252575
4.533227
4.381422
3.677958
3.284687
3.405916
3.740325
4.155384
4.625011
5.142052
5.690875
6.265157
6.853999
7.386854
7.579106
6.497140
5.095856
4.078445
2.819330
2.599951
2.613344
2.301859
1.931779
1.554670
1.615694
1.865746
1.947204
1.447720
1.014012
1.092576
1.278834
1.283014
1.197378
0.810340
0.795570
1.017234
1.324198
1.566831
1.360518
0.579709
0.333437
0.422400
0.596222
0.860125
1.099212
0.968073
0.642872
0.232154
0.000000
0.000000
0.000000
0.000000
0.000000
0.000000
0.000000
0.000000
0.000000
0.000000
