track	type=wiggle_0
fixedStep	chrom=chr	start=1	step=1
0.000000
0.000000
0.000000
0.000000
0.000000
0.000000
0.000000
0.000000
0.000000
0.000000
0.000000
0.002714
0.031858
0.293909
0.632563
0.819480
0.762987
0.564370
0.641835
0.826643
0.593755
0.326150
0.142356
0.048818
0.008236
0.001767
0.001228
0.001673
0.005645
0.004644
0.000000
0.000000
0.000000
0.000270
0.008812
0.015314
0.045800
0.166856
0.448487
0.757078
0.869912
0.816828
0.801691
0.880547
0.840855
0.706423
0.535360
0.497134
0.680342
0.922773
1.206113
1.480305
1.662789
1.571687
1.339629
1.094980
0.856359
0.636033
0.456687
0.332115
0.219598
0.162396
0.096753
0.041502
0.014674
0.002650
0.000000
0.000000
0.001192
0.000874
0.000028
0.020625
0.101965
0.295082
0.640251
0.798828
0.842102
0.848500
0.842102
0.812404
0.707091
0.427644
0.220912
0.095402
0.030348
0.000419
0.000000
0.000000
0.000000
0.000000
0.000000
0.000000
0.000000
0.000000
0.000000
0.000000
0.013081
0.022913
0.025915
0.026609
0.026941
0.026346
0.021694
0.007768
0.007618
0.034254
0.067014
0.221211
0.359070
0.412879
0.438141
0.458879
0.460957
0.445300
0.384921
0.204453
0.084873
0.007129
0.000000
0.000000
0.000433
0.011589
0.040921
0.101371
0.215584
0.310200
0.474176
0.672316
0.876325
1.002893
0.977499
0.872204
0.799312
1.051085
1.398723
1.822608
2.349611
2.952024
3.522386
3.764511
3.510612
2.934225
2.333416
1.820097
1.432771
1.248033
1.163838
0.965918
0.732000
0.557661
0.418066
0.532629
0.685117
0.746591
0.672184
0.522881
0.367897
0.247328
0.161358
0.093363
0.106650
0.200676
0.283483
0.292873
0.221271
0.129033
0.048114
0.097323
0.216546
0.348571
0.425958
0.354046
0.205279
0.118263
0.146157
0.114253
0.067904
0.027908
0.004442
0.001450
0.001906
0.000000
0.000000
0.001017
0.003409
0.001274
0.000016
0.000000
0.000000
0.000000
0.000000
0.000000
0.000356
0.021520
0.076749
0.156693
0.227192
0.227192
0.156693
0.076564
0.065428
0.053533
0.037695
0.008568
0.000000
0.000000
0.000000
0.000000
0.000000
0.000000
0.000000
0.000000
0.000000
0.000000
0.000000
0.000000
0.000000
0.000000
0.000000
0.000000
0.000000
0.000000
0.000000
0.000000
0.000000
0.000000
0.000000
0.023813
0.184718
0.304033
0.340231
0.347046
0.343948
0.326774
0.264319
0.109760
0.024326
0.001099
0.000000
0.000000
0.000000
0.000000
0.000000
0.000000
0.000000
0.000000
0.000000
0.000000
0.000000
0.000000
0.000000
0.020138
0.045508
0.055411
0.045508
0.020022
0.000000
0.000000
0.000000
0.000000
0.000000
0.000000
0.000000
0.000000
0.000000
0.000000
0.000000
0.000000
0.000000
0.000725
0.011995
0.030810
0.035172
0.035427
0.030358
0.045326
0.102962
0.169055
0.244621
0.295614
0.415159
0.592681
0.811405
1.035876
1.239210
1.279461
1.181799
1.358214
1.601242
2.069032
2.611027
3.116303
3.370270
3.642945
4.039371
4.429603
5.191929
6.164444
7.542038
9.238186
9.957097
10.155114
10.163141
9.973657
9.272433
7.664189
6.493536
5.442920
4.697683
5.112290
4.953831
4.433721
3.732719
3.055550
2.461745
1.968127
1.590663
1.380582
1.130403
0.880481
0.651175
0.502524
0.609341
0.614361
0.515594
0.500144
0.645623
0.814106
1.005857
1.223543
1.469370
1.746219
2.055232
2.380445
2.658310
2.777457
2.768852
2.696763
2.413363
2.107212
1.805248
1.528574
1.281846
1.062242
0.866998
0.693621
0.542501
0.414180
0.305119
0.214646
0.187659
0.386985
0.694906
0.739705
0.532526
0.385407
0.246207
0.246690
0.185054
0.087236
0.022899
0.000710
0.000000
0.000000
0.000000
0.000000
0.000000
0.000000
0.000000
0.000000
0.016816
0.037368
0.074428
0.094441
0.095615
0.093190
0.091690
0.088016
0.074982
0.036224
0.000122
0.000000
0.000000
0.000000
0.000000
0.000000
0.000000
0.000000
0.000000
0.000000
0.000000
0.000000
0.000000
0.000000
0.000000
0.000000
0.000000
0.000000
0.000000
0.000000
0.000000
0.000000
0.000000
0.000000
0.000000
0.000000
0.000000
0.000000
0.000000
0.000000
0.000000
0.000000
0.000000
0.000000
0.000000
0.000000
0.000000
0.000000
0.000000
0.000000
0.000000
0.000000
0.000000
0.000000
0.000000
0.000000
0.000000
0.000000
0.000000
0.000130
0.026564
0.091679
0.157133
0.155601
0.087166
0.024180
0.000734
0.000000
0.002962
0.031484
0.093859
0.197240
0.345845
0.542716
0.798089
1.119565
1.512063
1.989996
2.674163
3.128987
3.546955
3.513526
3.025561
2.476211
2.011528
1.576427
1.230390
1.086136
0.914126
1.080430
1.519174
2.008304
2.086115
1.644155
1.173066
0.802052
0.517954
0.339179
0.483113
0.604507
0.675803
0.597422
0.464101
0.321929
0.212691
0.135720
0.068882
0.024570
0.002875
0.000016
0.000040
0.000000
0.000000
0.000000
0.000000
0.000000
0.000000
0.000000
0.000000
0.000000
0.000000
0.000393
0.009165
0.027946
0.042426
0.042422
0.032892
0.063949
0.107111
0.162016
0.229945
0.311430
0.403622
0.501523
0.596586
0.645196
0.619541
0.524452
0.421463
0.343425
0.321068
0.333294
0.358778
0.432672
0.516541
0.594047
0.617215
0.589811
0.507235
0.410923
0.320921
0.241816
0.243885
0.269719
0.292504
0.383301
0.479868
0.543107
0.545327
0.503353
0.643094
0.936505
1.278495
1.587790
1.732555
1.748473
1.970577
1.908957
1.643921
1.927777
2.205884
2.552382
3.022776
3.555507
4.034597
4.276575
4.222492
3.844643
3.403044
3.973663
4.667915
5.414873
6.017585
6.191610
5.712472
5.113347
4.763570
5.455215
6.079882
6.598400
7.403660
8.270558
7.393250
5.814833
4.891447
4.522993
3.974113
3.550545
3.597174
3.692811
4.073686
4.627399
4.854139
4.664614
4.158394
3.547364
2.967854
2.440454
1.994977
1.680811
1.536996
1.695585
1.735813
1.552659
1.257516
0.908294
0.604068
0.479121
0.575391
0.616755
0.587496
0.515078
0.558108
0.586686
0.523982
0.415979
0.311310
0.224946
0.161778
0.109344
0.088507
0.130151
0.184949
0.239302
0.274091
0.253219
0.199286
0.141070
0.091477
0.052830
0.025081
0.007541
0.000241
0.000000
0.000000
0.002196
0.007917
0.005294
0.000000
0.000000
0.000000
0.000000
0.000000
0.000000
0.000000
0.000000
0.000000
0.000000
0.001903
0.011542
0.027871
0.047555
0.069077
0.083387
0.084385
0.075901
0.081411
0.085579
0.092237
0.170790
0.339295
0.577816
0.894771
1.292144
1.701775
1.684401
1.238249
0.834100
0.528242
0.301998
0.146212
0.059705
0.040840
0.063053
0.094168
0.163366
0.277552
0.410576
0.503197
0.564738
0.521899
0.417163
0.262484
0.124750
0.048980
0.033353
0.019356
0.005532
0.000144
0.000670
0.010833
0.021291
0.015443
0.002520
0.002098
0.001899
0.014673
0.039436
0.078132
0.133586
0.205768
0.292346
0.392920
0.500849
0.601029
0.697243
0.713250
0.638290
0.531379
0.422894
0.324814
0.238827
0.165431
0.108513
0.078991
0.099018
0.136431
0.141824
0.167204
0.212278
0.281526
0.371006
0.474023
0.581974
0.690219
0.778270
0.797907
0.824597
1.031699
1.163837
1.143875
0.990980
0.820455
0.626219
0.545638
0.634350
0.765188
0.892772
0.972755
0.991896
1.145069
1.081694
1.345700
1.807089
2.399951
2.957763
2.940558
2.383008
1.932163
1.750951
1.491588
1.678022
2.063968
2.006670
1.456485
1.481534
1.714735
2.006063
2.295090
2.557506
2.780048
2.829762
3.143001
3.605791
4.061877
4.286739
4.186139
3.829544
3.350476
2.999172
3.294075
3.596847
3.928537
4.295327
4.638498
4.849872
4.818841
4.567439
4.247264
3.898463
3.625057
3.937050
4.256351
4.567848
4.718921
4.661581
4.486537
4.223630
3.922055
3.663561
3.883072
4.140085
4.234892
4.102360
4.243317
4.522288
4.679248
4.556181
4.242182
3.876574
3.508909
3.161152
3.277761
3.480319
3.715471
3.970333
4.183073
4.186212
4.070688
4.324645
4.621168
4.948269
5.286539
5.608597
5.939806
6.251879
6.451296
6.473816
6.356277
6.070110
5.769825
5.441259
5.084893
4.754941
4.445505
4.842316
5.804618
6.572532
6.383996
5.574443
4.675637
4.205468
4.192525
4.005177
4.308823
4.967237
5.384091
5.518321
5.288151
5.419593
5.808139
5.830888
5.256428
4.507205
3.755619
3.135510
2.858782
2.592596
2.335371
2.487770
2.626263
2.790396
2.917613
2.886652
2.697270
2.448005
2.319748
2.524965
2.737032
2.965562
3.201027
3.489149
3.830799
4.207454
4.607240
5.036284
5.489690
5.950883
6.370494
6.487139
6.260513
5.833686
5.343796
4.852877
4.413515
4.039812
3.963141
3.994241
3.811935
3.561771
3.301513
3.301283
3.437618
3.344569
3.122473
2.829072
2.538546
2.260224
2.002737
1.800993
1.693423
1.601909
1.639339
1.676581
1.834231
2.055549
2.190647
2.155997
2.001769
1.779956
1.567232
1.390555
1.236911
1.087848
0.949996
0.878505
0.898437
0.848030
0.834043
1.053522
1.002556
0.792042
0.638453
0.529808
0.518300
0.642870
0.819391
1.053363
1.257920
1.328836
1.214673
1.108763
0.871519
0.625155
0.437958
0.355760
0.366686
0.372647
0.330936
0.286027
0.373843
0.483643
0.543997
0.528531
0.428325
0.334331
0.237574
0.233010
0.399809
0.653924
0.993383
1.210276
1.290478
1.285390
1.184884
0.910859
0.522404
0.269097
0.114521
0.039543
0.020933
0.011217
0.007672
0.047366
0.122932
0.221718
0.288080
0.288796
0.208640
0.114063
0.042325
0.047023
0.132725
0.271598
0.478545
0.760362
1.148567
1.680295
2.356211
2.692329
2.817130
2.816991
2.690568
2.350042
1.640505
1.099308
0.705930
0.418918
0.217389
0.086980
0.018072
0.000000
0.000000
0.000000
0.000000
0.000000
0.000000
0.000000
0.000000
0.000000
0.000000
0.000000
0.000000
0.000000
0.000000
0.000000
0.000000
0.000000
0.000000
0.000000
0.000000
0.000000
0.000000
0.000000
0.000000
0.000000
0.000000
0.000000
0.000000
0.000000
0.000000
0.000000
0.000000
0.000000
0.000000
0.000000
0.000000
0.000000
0.000000
0.000000
0.000000
0.001602
0.032884
0.076120
0.156941
0.320915
0.557970
0.862817
1.201922
1.516568
1.613107
1.440981
1.284408
1.254269
1.271265
1.054309
0.743552
0.462865
0.296312
0.341495
0.355252
0.266518
0.156335
0.083325
0.037063
0.025364
0.017234
0.006041
0.000000
0.000000
0.000000
0.000000
0.000000
0.000000
0.000000
0.026437
0.070921
0.092992
0.103049
0.113425
0.124154
0.120693
0.063242
0.006969
0.000000
0.001171
0.028200
0.072588
0.075597
0.033512
0.032893
0.125128
0.332973
0.635736
0.780534
0.834744
0.836565
0.793899
0.681360
0.457581
0.260518
0.073455
0.004241
0.000000
0.000000
0.000000
0.000000
0.000000
0.000000
0.000000
0.000000
0.000000
0.000000
0.000000
0.000000
0.000000
0.000000
0.000000
0.000000
0.000000
0.000000
0.000000
0.000000
0.000000
0.000000
0.000000
0.000000
0.000000
0.000000
0.000000
0.000000
0.002330
0.051665
0.180185
0.429989
0.713737
0.847877
0.845717
0.704348
0.394638
0.165313
0.242686
0.409204
0.622719
0.892989
1.225373
1.597165
1.968987
2.120664
1.975934
1.605855
1.417156
1.883574
2.463972
3.057258
3.693629
4.417513
4.821050
4.202941
3.337306
2.602578
1.986665
1.461408
1.035449
0.702451
0.443183
0.251793
0.125141
0.075632
0.061244
0.037906
0.024917
0.066808
0.097615
0.085949
0.169597
0.263652
0.289554
0.241759
0.155177
0.077236
0.026852
0.021857
0.044476
0.074029
0.106235
0.120516
0.106744
0.083773
0.055022
0.081651
0.163067
0.180207
0.288120
0.428052
0.533055
0.541965
0.600643
0.741002
0.899423
1.081697
1.279757
1.472856
1.641471
1.708690
1.624221
1.447513
1.286434
1.153901
1.042794
0.962544
1.001219
0.983824
0.876451
0.741701
0.615663
0.504740
0.575275
0.587932
0.590294
0.819336
1.080403
1.340813
1.474073
1.358359
1.146680
0.956481
0.749251
0.609212
0.612327
0.698719
0.827096
1.010629
1.235313
1.353890
1.237445
1.002534
0.757411
0.543984
0.375315
0.244513
0.205273
0.286588
0.364104
0.401238
0.397308
0.362434
0.430603
0.474023
0.463091
0.545753
0.550368
0.488185
0.388884
0.293598
0.344325
0.464936
0.596243
0.717135
0.778094
0.718161
0.784789
0.769413
0.635922
0.475903
0.335276
0.230269
0.160624
0.110964
0.152449
0.160008
0.149092
0.166126
0.145795
0.228891
0.407861
0.625712
0.830367
0.830047
0.680403
0.810332
0.962458
0.958447
0.778055
0.577047
0.421813
0.301538
0.188519
0.203963
0.321974
0.324261
0.279788
0.338192
0.327767
0.279376
0.335253
0.350053
0.313957
0.346940
0.308496
0.286923
0.267169
0.282315
0.243061
0.171887
0.105573
0.088304
0.087954
0.062913
0.059374
0.051781
0.033471
0.043838
0.050967
0.043602
0.021327
0.067196
0.136660
0.229136
0.266713
0.249643
0.273464
0.271654
0.209726
0.395430
0.660285
1.013029
1.466964
2.066718
2.888815
3.912751
4.256657
3.874835
2.833409
2.041168
1.533798
1.284436
1.232204
1.049443
0.837304
0.659295
0.532182
0.597148
0.597423
0.597469
0.580526
0.518011
0.418446
0.318272
0.235034
0.167631
0.114254
0.162356
0.234693
0.286762
0.286926
0.243870
0.181401
0.198315
0.245339
0.297798
0.301034
0.257360
0.263623
0.258735
0.219675
0.180169
0.263616
0.335977
0.345695
0.274662
0.238730
0.239697
0.209248
0.228326
0.295714
0.381898
0.471740
0.680500
0.777021
0.793717
0.704767
0.515241
0.591485
0.774550
1.091007
1.491129
2.046392
2.760324
3.574565
4.035628
3.723252
3.195825
3.717552
4.070218
4.431653
4.356840
3.732737
2.993501
2.307446
1.734297
1.263911
0.883752
0.620364
0.843204
1.077516
1.294812
1.477588
1.461090
1.239981
1.063053
1.318365
1.557905
1.636075
1.559142
1.322769
1.094259
0.871403
0.872071
1.071353
1.233376
1.330807
1.256946
1.111061
0.955976
0.922327
0.968457
0.929047
1.119011
1.311706
1.417958
1.406491
1.264752
1.299083
1.170124
0.873211
0.589709
0.421155
0.365363
0.518202
0.660094
0.656436
0.583387
0.543339
0.410723
0.321463
0.544264
0.831496
1.080281
1.189433
1.080215
0.893332
0.787574
1.036853
1.222380
1.300326
1.326882
1.348532
1.354015
1.362868
1.351583
1.295286
1.495898
1.461636
1.142349
0.751683
0.452498
0.238792
0.105639
0.028533
0.004539
0.001816
0.002946
0.022998
0.045433
0.066276
0.056247
0.089550
0.135992
0.140177
0.096954
0.042844
0.009852
0.000155
0.000000
0.000000
0.000000
0.000000
0.000000
0.000000
0.000000
0.000000
0.000000
0.000292
0.004924
0.012896
0.015727
0.014832
0.009498
0.004672
0.003598
0.000723
0.000000
0.000000
0.000000
0.000000
0.000000
0.000000
0.000000
0.000000
0.000000
0.000000
0.000000
0.000000
0.000000
0.000000
0.000000
0.000000
0.000000
0.000000
0.000000
0.000000
0.000000
0.000000
0.000000
0.001538
0.002550
0.000301
0.000000
0.000000
0.000000
0.000000
0.000000
0.000000
0.000000
0.000000
0.000000
0.000000
0.000000
0.000000
0.000000
0.000000
0.000000
0.000000
0.000000
0.018704
0.049553
0.050823
0.020893
0.001778
0.031699
0.100500
0.206335
0.343038
0.444668
0.430526
0.320840
0.184864
0.081485
0.135591
0.283678
0.511486
0.842322
1.323622
2.024680
2.561847
2.767217
2.808743
2.810890
2.803023
2.783129
2.726392
2.511245
1.953896
1.633818
2.143166
2.651713
3.015119
2.969515
2.589255
2.634267
2.876955
2.802595
2.384570
2.206771
2.661905
3.089329
3.346782
3.276672
2.874001
2.422593
1.971099
1.671024
2.173721
2.711805
3.164274
3.561266
3.556174
3.231571
2.869280
2.744416
3.444425
4.092479
4.099829
3.472986
2.800349
2.196905
1.718954
1.287095
0.943377
0.789694
0.838502
0.886450
1.059332
1.135523
1.048090
0.851452
0.686728
0.615536
0.532762
0.586221
0.667214
0.698433
0.798845
0.868776
0.877055
0.821826
0.730017
0.662505
0.739896
0.749862
0.672386
0.546770
0.615609
0.679621
0.747573
0.819625
0.933656
0.984207
0.928884
1.015533
1.219724
1.271043
1.280461
1.279790
1.268515
1.215647
1.034393
0.926174
1.016968
1.049104
1.140904
1.051859
0.897057
0.974530
0.965434
0.862404
1.066654
1.396549
1.678449
1.736217
1.572342
1.528811
1.707626
1.826812
1.992941
2.276137
2.639851
3.384218
4.217427
4.970343
4.977534
4.331125
3.821330
3.479673
3.177568
3.352462
4.165467
5.524080
6.256024
6.459058
6.302991
5.709118
4.580155
3.974426
3.637100
3.128304
2.503109
2.022704
1.679634
1.642609
1.601095
1.518238
1.681299
1.902752
2.009742
2.001135
2.239516
2.625623
3.029402
3.369485
3.424748
3.185449
2.818541
2.431026
2.100521
2.309491
2.384321
2.230056
2.022530
1.775056
1.518153
1.279123
1.056296
1.017671
1.159486
1.317415
1.473286
1.689273
1.924960
2.142602
2.291700
2.364764
2.331369
2.185359
2.272730
2.469642
2.650723
2.685224
2.577836
2.518954
2.737590
2.935297
2.964309
2.846602
2.600992
2.475002
2.701156
2.885717
2.934931
2.792895
2.561959
2.325819
2.077900
1.843576
1.989435
2.088785
2.066942
1.918770
1.704266
1.727427
1.891748
2.042208
2.076534
1.982128
1.877923
1.756215
1.647694
1.506814
1.342847
1.185711
1.039293
0.899707
1.035189
1.219164
1.352223
1.332296
1.184460
1.003273
0.858571
0.860853
0.854550
1.110545
1.372324
1.557173
1.653372
1.538827
1.510091
1.857416
2.250571
2.743540
3.322837
3.987674
4.737526
5.569035
6.444897
7.284639
7.524755
7.122856
6.228727
5.312709
4.559590
4.197318
4.013421
3.533761
2.983928
2.483106
2.096202
2.179168
2.191210
2.530240
2.925335
3.337529
3.781534
4.165334
4.416269
4.662055
4.657184
4.396303
3.948784
3.488148
3.044631
2.645828
2.292350
1.975956
1.682439
1.409653
1.161181
0.935640
0.971771
1.091346
1.159128
1.217680
1.155451
1.395815
1.791474
2.079121
2.103923
1.838511
1.446736
1.081171
0.783951
0.560703
0.755465
0.927517
0.936547
0.749132
0.499212
0.290353
0.239514
0.211889
0.205102
0.228280
0.264790
0.302934
0.369102
0.499557
0.574730
0.610981
0.613228
0.576461
0.481845
0.550293
0.571447
0.530221
0.524575
0.561051
0.582466
0.625457
0.613105
0.687371
0.718298
0.669245
0.579091
0.650628
0.718462
0.780651
0.768737
0.681367
0.582898
0.519226
0.534126
0.538578
0.573755
0.543611
0.469420
0.380214
0.305780
0.371500
0.435834
0.475019
0.464589
0.545734
0.642522
0.755240
0.856008
0.924446
0.934510
0.863692
0.773404
0.686971
0.617580
0.557169
0.517591
0.491402
0.462153
0.394801
0.331977
0.255525
0.157577
0.098384
0.080434
0.158631
0.264689
0.378948
0.465103
0.674931
0.871973
0.886065
0.978364
1.136824
1.190487
1.290672
1.674379
2.118073
2.562829
3.042427
3.536928
3.715969
3.903700
3.849401
3.569115
3.414933
3.385305
3.958456
4.695819
5.328960
6.620366
7.279465
7.459968
7.246327
6.459266
5.050426
3.955360
4.122181
4.309524
4.068738
3.750439
3.493860
3.941928
4.344969
4.369868
3.939223
3.362153
2.805016
2.475818
2.406601
2.099848
1.748546
1.987414
2.133955
2.031900
1.840865
2.074062
2.321790
2.579230
2.805878
2.932933
3.202504
3.447959
3.458605
3.222169
2.896590
2.576675
2.308244
2.145945
2.175023
2.260925
2.394016
2.557321
2.566466
2.418674
2.149084
1.861190
1.600394
1.367366
1.151411
1.143049
1.074766
0.965028
0.999783
1.046557
1.046225
1.030791
1.103906
1.176685
1.190182
1.252930
1.343701
1.526810
1.684197
1.785926
1.821906
2.013400
2.212783
2.383654
2.472482
2.566583
2.667059
2.699241
2.915418
3.113602
3.206564
3.182103
3.038465
2.921576
3.136006
3.255569
3.357363
3.264238
3.432139
3.695437
3.845654
3.827333
3.714850
3.885844
4.242766
4.646528
5.003142
5.353504
5.697872
6.054958
6.445516
6.828246
7.094748
7.188940
7.026207
6.708653
6.370430
6.091853
6.359519
6.363110
6.102713
5.634552
5.128821
4.683594
4.764962
4.863711
4.920191
4.965452
5.046577
5.331668
5.752549
5.905030
5.830470
5.480739
5.054156
4.638279
4.525892
4.497763
4.559002
4.741936
4.949853
5.224300
5.445597
5.499214
5.365894
5.147435
5.159348
5.127229
5.409248
5.560661
5.491075
5.541666
6.040151
6.589016
7.159010
7.726696
8.203641
8.484548
8.446237
8.122689
7.643132
7.142923
7.147791
7.218697
7.175141
6.946963
6.584685
6.830011
7.467082
8.131917
8.821948
9.418107
9.609054
9.366474
8.677340
7.891503
7.154100
6.490075
5.932322
5.564003
5.532204
5.292959
5.240153
5.699761
6.125569
6.370175
6.389096
6.178504
5.799420
5.387215
4.953871
4.540575
4.146033
3.761082
3.390927
3.043075
2.722791
2.438752
2.251015
2.142470
2.104967
2.270876
2.356104
2.250837
1.989054
1.700176
1.426702
1.182372
0.970263
0.783019
0.619817
0.479585
0.405921
0.411995
0.525298
0.660649
0.786824
0.826315
0.805930
0.773464
0.634657
0.477251
0.502249
0.704927
0.945849
1.192580
1.368340
1.435064
1.308201
1.064651
0.821257
1.078513
1.260930
1.445610
1.262098
0.943325
0.628011
0.398018
0.217085
0.088828
0.018530
0.000000
0.000000
0.000000
0.000000
0.000000
0.000000
0.000000
0.000000
0.000826
0.019357
0.042301
0.011778
0.016288
0.011213
0.034829
0.108974
0.227647
0.367704
0.556091
0.742903
0.709489
0.346434
0.315183
0.216494
0.265599
0.438133
0.717525
1.085940
0.000000
0.000000
0.000000
0.000000
0.000000
0.000000
0.000000
0.000000
0.000000
