track	type=wiggle_0
fixedStep	chrom=chr	start=1	step=1
0.000000
0.000000
0.000000
0.000000
0.000000
0.000000
0.000000
0.000000
0.000000
0.059059
0.148051
0.245335
0.185535
0.253589
0.482502
0.552027
0.507924
0.450522
0.645392
0.847113
0.604201
0.326420
0.176012
0.311164
0.385613
0.385302
0.560513
0.807442
1.036773
1.075036
0.903741
0.756323
0.653161
0.591239
0.571760
0.491765
0.546110
0.464149
0.345046
0.229728
0.241235
0.267426
0.219340
0.159643
0.130545
0.082224
0.151888
0.305670
0.488164
0.701565
0.848368
0.891003
0.893372
0.874102
0.812352
0.667313
0.347590
0.127309
0.024318
0.000000
0.000000
0.000478
0.001519
0.000000
0.000181
0.000000
0.000000
0.000000
0.000000
0.000000
0.000000
0.016929
0.102348
0.301976
0.657236
0.818879
0.862977
0.869527
1.012526
1.039238
1.152835
1.260773
1.315464
1.386716
1.436895
1.586758
1.715109
1.718543
1.591624
1.696786
1.875867
1.933767
1.897316
1.807405
1.703794
1.703622
1.749283
1.854185
2.049165
2.189303
2.318050
2.341437
2.342241
2.421430
2.372416
2.192352
2.193839
2.537868
2.913641
3.326505
3.775476
4.263319
4.770560
5.256397
5.594285
5.477074
5.053795
4.543375
4.033455
3.559582
3.132920
2.738438
2.376867
2.331577
2.645579
2.976595
3.299819
3.568880
3.674218
3.564427
3.472914
3.297883
3.040540
2.737684
2.435346
2.144700
1.883228
1.716329
2.141614
2.286873
2.129380
1.894894
1.789366
1.619792
1.604451
1.780849
2.018501
2.296288
2.570864
2.818764
2.882394
2.781156
2.528182
2.306223
2.281112
2.431758
2.492253
2.538372
2.563340
2.594694
2.467333
2.301971
2.542259
2.783824
3.002848
3.038245
3.178223
3.325168
3.309844
3.548657
4.017223
4.569489
5.151140
5.637488
5.906775
5.628049
5.744406
5.545686
5.077450
4.576763
4.096367
3.645506
3.225668
2.841600
2.489147
2.170525
1.898887
1.755117
1.773423
1.694787
1.571214
1.247123
1.223361
1.400225
1.558484
1.602366
1.578348
1.539996
1.406619
1.221730
1.050854
0.940260
0.864246
0.860540
0.787315
0.678174
0.773788
0.887380
1.021492
1.160918
1.248136
1.254507
1.251254
1.222595
1.193898
1.185507
1.109873
0.977070
0.844443
0.780240
0.897728
1.010421
1.080280
1.054722
1.052295
0.986690
0.868121
0.742864
0.635706
0.541211
0.448192
0.442245
0.479079
0.489795
0.462854
0.442490
0.393847
0.321584
0.251291
0.194389
0.151005
0.112742
0.074897
0.098719
0.117169
0.138287
0.241199
0.446510
0.720793
1.055028
1.522856
2.267211
2.942504
2.942504
2.274597
1.543677
1.102436
0.827276
0.605840
0.382352
0.202113
0.125806
0.230111
0.370528
0.551299
0.777068
1.043329
1.288265
1.419285
1.344779
1.287106
1.387006
1.374245
1.252098
1.081269
1.273678
1.503947
1.584875
1.733831
1.996692
1.984555
1.715294
1.319776
0.979511
0.677706
0.461493
0.346594
0.483284
0.661674
0.863095
1.084369
1.192406
1.160281
0.985278
0.748869
0.536819
0.360448
0.223058
0.122906
0.089425
0.164506
0.237796
0.422457
0.669689
0.845553
0.835621
0.654917
0.412663
0.223149
0.100641
0.025647
0.000198
0.000000
0.006916
0.034432
0.052673
0.033698
0.006894
0.000000
0.000000
0.000136
0.000000
0.000000
0.000000
0.000000
0.004989
0.062547
0.210664
0.485053
0.664824
0.732139
0.732139
0.664824
0.486772
0.218520
0.076943
0.018908
0.000000
0.000000
0.000000
0.000000
0.000000
0.000000
0.000001
0.010476
0.009565
0.000000
0.000000
0.000487
0.005446
0.043852
0.141201
0.328886
0.367283
0.248482
0.175146
0.107360
0.124972
0.091025
0.016501
0.000000
0.000000
0.000000
0.000000
0.000000
0.000000
0.000000
0.000000
0.000000
0.000000
0.000000
0.000000
0.000000
0.000000
0.000000
0.000000
0.000000
0.000000
0.000000
0.000000
0.000000
0.000000
0.000000
0.000000
0.000000
0.000000
0.000000
0.006914
0.019439
0.003216
0.000000
0.000000
0.000000
0.000000
0.009383
0.088288
0.207723
0.271309
0.290383
0.295404
0.296732
0.292718
0.269000
0.186134
0.038275
0.000035
0.000000
0.000000
0.000000
0.000000
0.000000
0.000000
0.000000
0.000000
0.000000
0.000000
0.000000
0.000000
0.000000
0.000000
0.000000
0.000000
0.000000
0.000000
0.000000
0.000000
0.000000
0.000000
0.000000
0.000000
0.000000
0.000000
0.000000
0.000000
0.000000
0.000000
0.000000
0.000000
0.000000
0.000000
0.000000
0.000000
0.000000
0.025369
0.111249
0.267096
0.515173
0.902622
1.453220
1.752296
1.761205
1.498123
1.000261
0.677898
0.461537
0.322677
0.234723
0.177203
0.330459
0.530919
0.606710
0.542521
0.354568
0.166299
0.089661
0.107361
0.200712
0.326949
0.482752
0.628135
0.724098
0.651155
0.508581
0.350019
0.219241
0.122085
0.055186
0.020454
0.034800
0.086974
0.170331
0.240497
0.230040
0.150639
0.223963
0.302544
0.504684
0.813203
1.249706
1.840285
2.161515
2.282365
2.260957
2.058012
1.570204
1.103591
1.095031
0.932000
0.690329
0.435305
0.237002
0.262638
0.354206
0.460854
0.578337
0.681396
0.729896
0.682048
0.583242
0.487108
0.427742
0.404724
0.519903
0.655684
0.812121
0.974855
1.082696
1.087424
0.994587
0.847172
0.731362
0.643688
0.681752
0.697970
0.696366
0.807435
0.969049
1.141185
1.283947
1.304167
1.284246
1.506483
1.616015
1.592500
1.652191
1.574381
1.324045
1.267223
1.512677
1.969205
2.252242
2.507629
2.902902
3.291970
3.787986
4.012606
3.901190
3.453278
3.341678
3.933740
4.583713
5.265111
5.792416
5.870159
5.400541
4.831597
4.887237
5.676707
6.406709
7.037951
7.518073
8.388638
7.498094
5.854527
4.918727
4.421134
3.845605
3.284325
3.158610
3.365609
3.777906
4.311344
4.631442
4.521898
4.005351
3.445213
2.880907
2.724476
3.205614
3.221486
2.961046
2.663662
2.215949
1.774949
1.323557
0.938945
0.624073
0.387447
0.216436
0.146630
0.132096
0.093108
0.097360
0.098821
0.065668
0.029609
0.006983
0.000008
0.000000
0.000000
0.000000
0.000000
0.000000
0.001980
0.009627
0.016612
0.033251
0.044389
0.035148
0.018385
0.003823
0.000000
0.000000
0.000000
0.000000
0.000000
0.000000
0.000000
0.000000
0.000000
0.000000
0.000000
0.000000
0.000000
0.000000
0.000000
0.000000
0.000023
0.004525
0.018847
0.039992
0.064699
0.091574
0.108817
0.110697
0.090119
0.086982
0.091792
0.098071
0.156759
0.328518
0.576808
0.907796
1.318499
1.749144
1.733642
1.269842
0.841828
0.521144
0.289165
0.135643
0.118351
0.084436
0.053676
0.030975
0.014694
0.005491
0.008588
0.010970
0.014058
0.013478
0.010358
0.006001
0.000745
0.000000
0.000208
0.000000
0.000000
0.000000
0.000000
0.001226
0.006257
0.003568
0.000000
0.000000
0.000000
0.000883
0.010987
0.033221
0.070770
0.127315
0.198274
0.285880
0.382633
0.473674
0.564105
0.580041
0.508627
0.409216
0.311937
0.225822
0.153448
0.094043
0.049093
0.022689
0.018596
0.034900
0.067948
0.093880
0.096866
0.161580
0.257989
0.372859
0.451591
0.501494
0.473719
0.573503
0.743131
0.945681
1.077466
1.053649
0.907907
0.741276
0.557380
0.479175
0.502728
0.439558
0.462655
0.695968
0.953952
1.112946
1.058002
1.323523
1.788998
2.388058
2.950493
2.933527
2.370054
1.911790
1.722221
1.468106
1.656600
2.040752
1.980598
1.428376
1.036612
0.830366
0.841194
0.813970
0.853187
0.810963
0.711523
0.611309
0.579920
0.702506
0.847338
1.016771
1.194467
1.350457
1.447298
1.465761
1.491104
1.527290
1.487650
1.353542
1.461084
1.561410
1.567788
1.484216
1.326843
1.516572
1.670979
1.750890
1.835374
1.894646
2.019595
2.242837
2.488390
2.722832
3.006784
3.306000
3.545131
3.649858
3.607859
3.868232
4.196218
4.427328
4.414461
4.172509
3.817048
3.446457
3.105472
2.815581
2.588592
2.404950
2.258456
2.163960
2.191392
2.396630
2.593949
2.756149
2.783003
2.666565
2.562196
2.766533
2.987815
3.159873
3.322686
3.348320
3.241374
3.387980
4.130770
4.985096
5.970530
7.093616
8.257566
9.192543
9.323122
8.689222
7.569940
6.451990
5.545649
5.065972
5.689721
6.087502
5.865633
5.327839
4.613974
3.903366
3.422345
3.947496
4.521017
5.128244
5.657794
5.838931
5.585474
5.170249
4.799252
4.492281
4.000584
3.974893
3.881908
3.812581
4.176391
4.360602
4.221115
4.534768
4.995602
4.939209
4.432206
4.348378
4.754435
5.195633
5.670553
6.164886
6.679467
7.175803
7.588742
7.659151
7.403170
6.972899
6.487005
5.947554
5.422144
4.942596
4.499574
4.093636
3.773130
3.959863
4.183666
4.466831
4.486699
4.594615
4.471798
4.174130
3.822542
3.496444
3.223713
3.126091
3.065193
2.917687
3.160107
3.235379
3.117743
3.425249
3.660974
3.709507
3.580535
3.299020
2.992970
2.722123
2.503142
2.288921
2.187853
2.456151
2.695507
2.764546
2.664991
2.463061
2.209160
1.965231
1.749430
1.546832
1.500883
1.677568
1.887903
2.113758
2.342486
2.561754
2.750043
2.940508
3.153570
3.345110
3.478742
3.461120
3.308450
3.106022
2.922366
2.731830
2.554593
2.441156
2.639896
2.820073
2.929185
2.871120
2.706958
2.448010
2.145958
2.027220
2.204624
2.334655
2.350509
2.230307
2.078994
1.944494
1.618490
1.479255
1.461296
1.517509
1.475024
1.679462
1.911908
2.101949
2.213705
2.408052
2.619806
2.719824
2.746848
2.661534
2.470330
2.259912
1.922128
1.722862
1.945868
2.190953
2.428234
2.594520
2.589825
2.645510
2.866246
2.959157
2.950517
2.817941
2.463473
1.736452
1.187890
0.997691
0.885311
0.772865
0.651258
0.541350
0.438479
0.340079
0.252559
0.179583
0.131216
0.172421
0.192217
0.168239
0.127713
0.089768
0.064455
0.035652
0.014557
0.002976
0.000000
0.000073
0.004393
0.004637
0.000563
0.000000
0.000000
0.000000
0.000509
0.004985
0.007487
0.009435
0.013012
0.021974
0.070153
0.188106
0.322051
0.346009
0.222009
0.128215
0.049196
0.008470
0.001007
0.017915
0.070020
0.146226
0.232192
0.277405
0.385422
0.441195
0.397195
0.652966
0.978352
1.336184
1.664230
1.770381
1.607563
1.441739
1.395857
1.413992
1.182786
0.858415
0.569951
0.395577
0.480536
0.651235
0.776190
0.937715
0.900718
0.691970
0.453342
0.260564
0.123030
0.083589
0.036445
0.009479
0.002625
0.000000
0.000000
0.000000
0.000000
0.000000
0.000000
0.000000
0.000000
0.000000
0.000000
0.000000
0.000000
0.000000
0.000000
0.000000
0.000000
0.000000
0.000000
0.003611
0.065720
0.232315
0.337709
0.368321
0.375207
0.375574
0.376979
0.370297
0.338232
0.231771
0.064976
0.003252
0.000000
0.000000
0.000000
0.000000
0.000000
0.000000
0.000000
0.000000
0.000000
0.000000
0.000000
0.000000
0.000000
0.000000
0.000000
0.000000
0.000000
0.000000
0.000000
0.000000
0.000000
0.000000
0.000000
0.000000
0.000000
0.000000
0.000000
0.000000
0.020289
0.105938
0.277758
0.567757
0.829992
0.944864
0.937580
0.803147
0.488210
0.222081
0.121171
0.145444
0.216739
0.303833
0.395976
0.501493
0.718500
0.907258
0.985101
0.843668
0.616629
0.690503
0.915681
1.102824
1.330503
1.660467
1.934129
1.870552
1.509979
1.097850
0.739698
0.459509
0.260725
0.127672
0.051962
0.029587
0.053881
0.091493
0.140036
0.181094
0.202579
0.273084
0.354149
0.456633
0.583838
0.725264
0.859035
0.934958
0.925538
0.831525
0.988509
1.160905
1.353481
1.557977
1.772974
2.008023
2.260876
2.541019
2.805685
2.945354
2.921206
3.192954
3.538514
3.905396
4.272391
4.604442
4.777938
4.748516
4.520452
4.280518
4.373822
4.798350
5.236443
5.670459
6.000032
6.068870
5.866465
5.562910
5.194825
4.959351
5.611132
6.287560
6.938816
7.386598
7.407758
7.223715
7.931059
8.787048
9.526192
10.091737
11.095794
12.112375
12.579347
12.132781
11.102764
10.004829
8.973606
8.062304
8.703792
9.269232
9.689319
10.478541
11.212165
11.473665
11.184762
10.408510
9.581664
8.864913
8.241390
7.787397
7.144090
6.521432
5.971583
5.409266
5.266466
5.551555
5.599072
5.359657
4.987255
4.761893
4.875814
4.686090
4.343950
4.039342
3.754312
3.686303
3.815324
3.722018
3.667243
4.269711
4.980281
5.698782
6.220388
6.280250
5.760418
4.979423
4.241315
3.927167
4.130554
4.094582
3.885955
3.696629
3.474526
3.354433
3.342771
3.201444
3.089988
2.879076
2.630551
2.351366
2.075357
1.825286
1.630739
1.877223
2.151465
2.443792
2.709443
2.843329
2.813750
2.637193
2.465592
2.488793
2.419291
2.225440
1.962755
1.730002
1.677576
1.760713
1.869498
1.862213
1.733352
1.549959
1.367069
1.202303
1.050766
0.913859
0.793699
0.694112
0.717854
0.805495
0.902625
0.997503
1.033509
1.003746
0.905819
0.785764
0.888494
1.152089
1.469611
1.743459
1.880025
1.778341
1.491999
1.171834
0.913118
0.883731
0.823089
0.841993
0.928605
1.409833
1.628102
1.497500
1.132495
1.333291
1.683787
2.047768
2.577615
3.560808
4.458131
4.783191
4.844815
4.789459
4.436583
3.529130
2.510438
1.849074
1.330139
1.108481
1.103396
1.022147
0.917213
0.954107
0.934964
0.847648
0.745863
0.647437
0.551541
0.512223
0.576536
0.672668
0.745579
0.781446
0.726684
0.631744
0.544791
0.557240
0.630362
0.659312
0.743418
0.851200
0.955010
1.015694
0.999002
0.925693
0.809299
0.695707
0.548573
0.515836
0.616475
0.683990
0.701681
0.680109
0.601486
0.553645
0.872774
1.321287
1.934488
2.452747
2.423456
1.921080
1.558708
1.372064
1.666361
1.825699
1.949533
1.803342
1.470734
1.069706
0.962570
0.870784
0.749131
0.658325
0.601612
0.662870
0.777086
0.896637
0.998608
1.097185
1.326282
1.567252
1.713940
1.778247
1.808374
1.657443
1.463695
1.470083
1.497883
1.769737
2.123004
2.480391
2.608069
2.456062
2.072161
1.670259
1.868182
2.159801
2.479753
2.995989
3.768523
4.650783
5.445205
5.748291
5.410501
4.601559
3.739818
3.011316
2.654959
2.840942
2.933046
3.476057
3.818748
3.841985
3.747979
3.400238
3.720531
4.270796
4.871010
5.535493
6.264809
6.926268
7.127795
6.860587
6.207121
5.489668
4.821248
4.214762
3.657598
3.151284
2.701504
2.903635
3.536186
4.196909
4.680616
4.664079
4.161253
3.500494
2.885490
2.334491
1.857625
1.458052
1.128072
0.857276
0.639493
0.491468
0.415861
0.296936
0.303359
0.400997
0.470080
0.498840
0.643241
0.806982
0.973152
1.068151
1.062068
0.967003
1.137184
1.306241
1.436740
1.467058
1.385899
1.245766
1.087237
0.937629
0.814312
0.798298
0.831635
0.781954
0.689548
0.578332
0.501627
0.622492
0.758644
0.882914
0.941685
0.897765
0.808664
0.704458
0.673104
0.681875
0.669628
0.719805
0.825112
0.897614
0.875082
0.795838
0.676082
0.554126
0.464132
0.384820
0.333499
0.358975
0.328166
0.271677
0.216502
0.208045
0.319948
0.588491
0.890744
1.138019
1.358881
1.526864
1.668759
1.796280
1.913233
1.915310
1.810983
1.645588
1.472138
1.300039
1.110647
0.896274
0.618578
0.570012
0.657294
0.827807
0.845912
0.900916
0.897405
0.833305
0.731405
0.622823
0.528028
0.444343
0.367655
0.297218
0.232907
0.174643
0.266753
0.310992
0.304079
0.407127
0.486745
0.523160
0.557116
0.601304
0.544022
0.428172
0.386774
0.317805
0.255372
0.185161
0.124269
0.157693
0.234161
0.401805
0.548128
0.662983
0.637984
0.487653
0.632490
1.092309
1.473686
1.616491
1.646460
1.646690
1.637215
1.607930
1.492627
1.189894
0.802501
0.924301
1.039650
1.032105
0.913528
0.758474
0.610524
0.632304
0.717751
0.746996
0.889879
1.096166
1.339567
1.589450
1.804104
2.000510
2.115558
1.990006
1.761513
1.492411
1.249101
1.240044
1.425560
1.614435
1.786305
1.879359
1.858299
1.709288
1.517910
1.333548
1.359072
1.415214
1.389838
1.501336
1.624423
1.807315
2.035511
2.276949
2.469146
2.549424
2.449561
2.236345
1.956792
1.832935
1.569313
1.708455
1.940497
2.195563
2.443972
2.601534
2.590565
2.419923
2.187657
1.976377
1.786172
1.580614
1.382582
1.242510
1.324163
1.430938
1.483532
1.430264
1.512985
1.708899
2.016927
2.333853
2.516963
2.515553
2.580687
2.445064
2.251511
2.290031
2.508454
2.934111
3.531026
4.180886
4.711227
4.751951
4.298914
3.734828
3.266871
3.118401
3.029007
3.324900
3.935346
4.802191
5.942461
7.652553
8.640087
8.924030
8.654159
7.676118
5.978102
4.733993
3.843579
3.915751
4.448687
4.783593
4.794866
4.568432
4.181827
3.837461
3.526972
3.318130
3.540022
3.568836
3.740015
4.233916
4.750905
5.099045
5.090329
4.725904
4.148170
3.557101
3.360650
3.148443
3.360224
3.499819
3.856777
4.195724
3.964858
4.115673
4.270234
4.430121
4.513304
4.494529
4.669360
4.885778
4.980429
4.908807
4.820331
4.649447
4.770412
4.818690
4.749303
4.566310
4.482550
4.765928
4.913165
5.016166
5.285808
5.357021
5.267578
5.046119
4.711030
4.409003
4.683210
4.840695
4.802896
4.648928
4.322569
3.953882
3.620431
3.509671
3.324123
3.068559
2.780235
2.823400
2.984771
3.229360
3.351917
3.454029
3.727910
3.810171
3.781477
3.974945
4.401108
4.849365
5.177204
5.282363
5.174433
4.759638
4.307002
3.936144
3.807708
3.513359
3.125469
2.746251
2.391186
2.771887
3.248437
3.802871
4.381326
4.871644
5.016797
5.139641
5.679734
6.323557
7.238886
8.311225
9.495002
10.817166
12.277699
13.844661
15.434327
16.768391
17.206139
16.190624
14.569633
12.935177
11.551998
10.656378
10.371467
9.593696
8.640259
7.628348
6.675269
5.837024
5.206976
4.774364
4.231426
3.657937
3.130261
3.414426
3.889066
4.360002
4.844475
5.023553
4.736543
4.280693
3.788483
3.403993
3.035105
2.699522
2.543188
2.395276
2.286643
2.308819
2.312524
2.252566
2.122219
1.963236
1.779648
1.634818
1.782158
1.916846
2.027046
2.026306
1.905664
1.806443
1.699772
1.594492
1.519337
1.521105
1.758012
1.922995
1.887061
1.847834
1.726837
1.570074
1.522911
1.590437
1.559537
1.506931
1.827746
2.103982
2.082897
2.275879
2.397350
2.546406
2.787249
3.054733
3.279143
3.351797
3.253690
3.006299
2.746614
2.532535
2.349684
2.179870
2.300328
2.496037
2.653222
2.789703
2.774052
2.729864
2.723746
2.610131
2.620693
2.858222
3.059595
3.164451
3.260247
3.238502
3.084095
2.852990
2.616598
2.393951
2.187024
1.995717
1.791352
1.587831
1.409376
1.252535
1.183657
1.141097
1.043625
1.088444
1.189103
1.180560
1.098820
0.967382
0.942183
1.016557
1.161208
1.268515
1.278145
1.181419
1.058950
1.111847
1.371279
1.689176
2.050923
2.446890
2.895833
3.403563
3.974322
4.606383
5.326753
6.128326
7.003649
7.968714
9.016413
10.163514
11.430994
12.831326
14.248901
15.357174
15.379739
14.269552
12.841772
11.452131
10.289746
9.418998
10.381503
11.236601
11.580551
11.439977
11.028849
10.923742
10.569434
10.632385
10.234999
9.438914
8.608183
7.898003
7.240154
6.884739
7.194428
7.228593
6.912858
6.593277
6.243529
5.923978
5.781320
5.651317
5.434115
5.052045
4.670640
4.726064
4.510079
4.352059
4.426874
4.408940
4.239728
4.082007
4.075836
4.001876
3.803701
3.921857
4.163241
4.223697
4.038245
3.717541
3.591753
3.676603
3.869434
4.253496
4.666002
4.955705
5.062030
4.763835
4.357984
3.917863
3.485472
3.082655
3.152014
3.475315
3.751915
3.787067
3.597791
3.291076
3.148700
3.330313
3.355961
3.595823
3.923750
4.248291
4.573403
4.901333
5.222333
5.443770
5.428398
5.776692
6.057206
6.175588
6.317519
6.550582
6.723803
6.767224
6.588484
6.239568
6.045563
5.757846
5.420791
5.105489
5.193601
5.287140
5.165923
4.952876
4.704063
4.460513
4.197126
3.978379
3.772181
3.545845
3.491372
3.663476
3.904676
4.336688
4.252090
4.326324
4.270047
4.065496
3.606544
3.371356
3.394094
3.376297
3.267565
3.039471
3.098802
3.156931
3.114773
3.305237
3.593853
3.732831
3.698525
3.860787
4.162956
4.440644
4.415585
4.476109
4.584006
4.445023
4.128078
3.765204
3.787313
4.046079
4.182671
4.246171
4.456417
4.642052
4.879510
5.058015
5.116981
4.987937
4.779314
4.516563
4.245807
3.846947
3.129525
2.324585
2.059282
2.083812
2.348093
2.534889
2.589148
2.499528
2.305258
2.175510
2.085174
2.033435
2.125711
2.198912
2.313517
2.352101
2.266295
2.093453
1.897266
1.810670
1.610625
1.595850
2.078622
2.702015
3.149521
3.116766
2.575194
1.881916
1.574152
1.415925
1.342137
1.395101
1.461881
1.707707
1.999218
2.279032
2.435485
2.447685
2.300651
2.014434
1.830145
2.140635
2.460596
2.627506
2.516697
2.230043
2.006249
1.926556
1.681833
1.548202
1.360959
1.261858
1.279410
1.266502
1.118908
0.935996
0.888541
0.859120
0.778931
0.662375
0.649425
0.549048
0.616657
0.810258
0.992252
1.097035
1.005317
0.873440
0.726339
0.560308
0.405056
0.271137
0.166461
0.091566
0.062737
0.120215
0.198787
0.299902
0.332871
0.284938
0.317028
0.543431
0.831716
1.130622
1.309660
1.127683
0.830602
0.543834
0.340559
0.179034
0.066867
0.009833
0.000000
0.000000
0.000000
0.000000
0.000000
0.000000
0.000000
0.000000
0.000000
0.000000
0.000000
0.000000
0.000000
0.000000
0.000000
0.000000
0.004583
0.043197
0.123513
0.222887
0.241295
0.120672
0.161693
0.253403
0.425956
0.655130
0.830887
1.168779
0.034254
0.000000
0.000000
0.000000
0.000000
0.000000
0.000000
0.000000
0.000000
