track	type=wiggle_0
fixedStep	chrom=chr	start=1	step=1
0.000000
0.000000
0.000000
0.000000
0.000000
0.000000
0.000000
0.000000
0.000000
0.000000
0.000000
0.002425
0.030609
0.287904
0.620701
0.803627
0.746561
0.549632
0.630313
0.817182
0.583414
0.317788
0.136022
0.044762
0.006455
0.000907
0.000535
0.000833
0.003396
0.002619
0.000000
0.000000
0.000000
0.000000
0.005263
0.009821
0.037440
0.150855
0.415617
0.709789
0.816755
0.764444
0.751203
0.828769
0.789902
0.657938
0.491533
0.459678
0.640353
0.878229
1.156500
1.427274
1.609591
1.519869
1.289065
1.047856
0.813566
0.595628
0.420683
0.300644
0.193496
0.143955
0.082222
0.031763
0.039989
0.041297
0.024835
0.007574
0.000025
0.000000
0.000000
0.018141
0.098662
0.290085
0.630448
0.787674
0.830610
0.836964
0.830610
0.801155
0.696404
0.427390
0.404865
0.339746
0.261845
0.248343
0.333118
0.436364
0.552284
0.664759
0.769491
0.802536
0.779848
0.725908
0.652730
0.615294
0.700246
0.766590
0.711102
0.764175
0.803766
0.765410
0.673613
0.566333
0.626360
0.743916
0.882508
1.031012
1.155184
1.206638
1.145862
1.118540
1.312682
1.533992
1.678805
1.627725
1.427378
1.197493
0.975156
0.777773
0.641377
0.550033
0.459228
0.551865
0.692889
0.847407
0.999916
1.127716
1.189039
1.143917
1.146247
1.158562
1.223835
1.272807
1.292137
1.218739
1.103987
0.948015
0.788817
0.706771
0.658427
0.628780
0.618183
0.595169
0.624100
0.611253
0.575187
0.545323
0.647083
0.787398
0.927526
1.026218
1.141151
1.202641
1.145438
1.227976
1.432191
1.633366
1.772421
1.903316
2.160682
2.450806
2.740427
2.957303
3.010634
3.141235
3.687315
4.299776
4.935541
5.478592
5.770354
5.487487
5.648579
6.096675
6.295459
5.999528
6.105237
5.907403
5.437791
4.945251
4.454728
3.991610
3.560452
3.162648
2.796741
2.459443
2.148331
1.869713
1.635411
1.676129
1.754303
1.765959
1.664052
1.470300
1.265876
1.075542
0.910381
0.764143
0.770824
0.716064
0.663893
0.630054
0.723914
0.797620
0.794280
0.713865
0.618379
0.586896
0.700947
0.828897
0.969435
1.121520
1.288459
1.469283
1.642893
1.783261
1.812641
1.737875
1.566184
1.380565
1.207731
1.061403
1.189008
1.318976
1.393350
1.359813
1.241672
1.094804
0.954934
0.829886
0.786117
0.758391
0.701743
0.705090
0.743551
0.725795
0.660245
0.575544
0.514542
0.478920
0.411263
0.340682
0.307228
0.380375
0.458973
0.534113
0.585821
0.599467
0.567561
0.494222
0.425532
0.394498
0.341933
0.258328
0.184328
0.130135
0.092740
0.060998
0.036225
0.019095
0.019176
0.034217
0.027744
0.011152
0.012869
0.038755
0.093585
0.172023
0.266473
0.396673
0.560842
0.769642
1.026318
1.330598
1.665236
2.065794
2.522123
2.958899
3.241365
3.156102
2.759194
2.313408
2.042601
1.710348
1.448058
1.750149
1.999380
2.175035
2.110333
1.879273
1.880442
1.774785
1.490389
1.190953
0.921993
0.744250
0.749967
0.803737
0.809525
0.830123
0.879794
1.183809
1.454903
1.519510
1.285907
0.984295
1.228300
1.479569
1.877743
1.830033
1.280544
0.837825
0.548346
0.336064
0.265160
0.184070
0.123803
0.181652
0.229126
0.225835
0.173305
0.122139
0.061170
0.016744
0.010894
0.057421
0.151152
0.269183
0.407324
0.570734
0.632553
0.632553
0.570734
0.412406
0.185616
0.066443
0.007833
0.000000
0.000000
0.000000
0.000000
0.000000
0.000000
0.000000
0.000000
0.000000
0.000000
0.000000
0.000000
0.000000
0.000665
0.034088
0.072196
0.088604
0.117561
0.165408
0.132000
0.133327
0.089415
0.013511
0.000000
0.000000
0.000000
0.000000
0.000000
0.000000
0.000000
0.000000
0.000000
0.000000
0.000000
0.000069
0.017953
0.039352
0.016334
0.000000
0.000000
0.000000
0.000000
0.000000
0.001956
0.033917
0.111662
0.192154
0.186458
0.105911
0.029375
0.000069
0.000000
0.000000
0.000000
0.000000
0.000000
0.000000
0.000000
0.000000
0.000000
0.000000
0.000000
0.000000
0.000000
0.000000
0.000000
0.000000
0.000000
0.000000
0.000000
0.000000
0.000000
0.000000
0.000000
0.000000
0.000000
0.000000
0.000000
0.000000
0.000000
0.000000
0.000000
0.000000
0.000000
0.000000
0.000000
0.000000
0.000000
0.000000
0.000000
0.000000
0.000000
0.000000
0.000000
0.000000
0.000000
0.000000
0.000000
0.000000
0.000000
0.000000
0.000000
0.000000
0.000000
0.000000
0.007699
0.062403
0.174716
0.343017
0.551577
0.894700
1.413838
1.705620
1.714435
1.456795
0.977893
0.672316
0.464225
0.330794
0.246123
0.171612
0.318430
0.513936
0.587930
0.525414
0.342365
0.161364
0.091872
0.038668
0.010121
0.025101
0.064766
0.122604
0.159108
0.158022
0.198947
0.154161
0.050443
0.004311
0.000000
0.000000
0.000000
0.000019
0.000015
0.000000
0.000000
0.000000
0.000000
0.000000
0.000000
0.000000
0.000000
0.007946
0.055641
0.161959
0.335216
0.563581
0.797173
0.819028
0.645989
0.420450
0.225816
0.206027
0.160938
0.110462
0.069484
0.042426
0.073034
0.118868
0.173770
0.232373
0.276050
0.279160
0.317282
0.363404
0.366572
0.324689
0.259281
0.264182
0.321353
0.337799
0.322749
0.357993
0.445514
0.551720
0.639689
0.680151
0.620746
0.628571
0.702577
0.799464
0.968077
1.167829
1.392617
1.633339
1.861055
1.995389
1.965773
1.768421
1.558928
1.591378
1.424051
1.157189
1.109998
1.143979
1.310435
1.442662
1.500466
1.520552
1.771708
2.135853
2.528515
2.931913
3.286411
3.521832
3.528346
3.244998
3.500295
4.019371
4.683847
5.449997
6.284153
7.043169
7.338563
8.197537
7.327237
5.761659
5.043563
4.478244
3.922210
3.379845
3.247968
3.457672
3.876184
4.405299
4.727251
4.616173
4.111261
3.547699
2.985911
2.698496
3.155616
3.171454
2.931808
2.638628
2.212658
1.786203
1.343278
0.962707
0.656568
0.419699
0.404773
0.525993
0.667691
0.827625
0.976427
1.063897
1.054553
0.937457
0.775582
0.627757
0.514134
0.398625
0.335642
0.416570
0.515998
0.607661
0.658474
0.618756
0.527886
0.425283
0.332173
0.250666
0.181067
0.123429
0.076759
0.041929
0.023231
0.060520
0.075725
0.059167
0.030375
0.038521
0.035649
0.021706
0.007829
0.007659
0.019229
0.027757
0.023352
0.027061
0.053829
0.089294
0.121395
0.127157
0.108278
0.091964
0.069283
0.075779
0.081226
0.085013
0.091501
0.165239
0.334257
0.574973
0.893709
1.291949
1.702221
1.685263
1.238966
0.831343
0.522543
0.295678
0.198517
0.179878
0.140421
0.102299
0.071560
0.045549
0.070823
0.129641
0.176828
0.200284
0.186686
0.137713
0.071944
0.021326
0.010388
0.022609
0.028244
0.021535
0.009343
0.001681
0.014758
0.026745
0.020031
0.012018
0.003339
0.006412
0.020890
0.049166
0.091102
0.151049
0.230321
0.324931
0.436611
0.552896
0.658266
0.757264
0.772342
0.693751
0.579608
0.466461
0.362535
0.270429
0.192026
0.125827
0.081475
0.054507
0.074984
0.130133
0.163634
0.164964
0.244921
0.358495
0.487769
0.563604
0.569128
0.543906
0.684492
0.862423
1.069960
1.200055
1.178891
1.024321
0.849688
0.647375
0.531248
0.515834
0.461604
0.517549
0.757852
1.020459
1.175673
1.112616
1.376772
1.839231
2.440246
3.000742
2.985631
2.417365
1.944404
1.692165
1.359653
1.431908
1.761203
1.706531
1.228675
0.913285
0.611550
0.361595
0.192800
0.113757
0.082192
0.098815
0.143347
0.199215
0.291084
0.351588
0.312175
0.245718
0.189209
0.234894
0.291866
0.355996
0.373280
0.338827
0.351857
0.381570
0.358127
0.274396
0.180981
0.109044
0.085596
0.125844
0.137142
0.231337
0.362614
0.463905
0.463460
0.363914
0.235620
0.316372
0.553994
0.919426
1.143901
0.874060
0.527115
0.619009
0.674590
0.648581
0.627588
0.608877
0.622534
0.725866
0.824979
0.955805
1.104438
1.201934
1.218493
1.174492
1.142415
1.212967
1.362422
1.495253
1.613924
1.777170
1.912210
2.038593
2.190161
2.269909
2.271408
2.187341
2.137396
2.036030
1.893414
1.746688
1.606379
1.514365
1.654997
1.843007
2.031210
2.150661
2.182917
2.278663
2.406386
2.461550
2.494153
2.616561
2.604410
2.498672
2.633814
2.680599
2.607739
2.467450
2.412169
2.430015
2.333140
2.233065
2.067429
1.995133
1.894175
1.726556
1.774643
1.914896
1.981525
1.950934
1.818708
1.708783
1.805727
1.950022
2.201534
2.697966
2.917243
2.680841
2.677348
2.983020
3.308509
3.653112
4.021577
4.415353
4.849643
5.256413
5.442559
5.410253
5.217298
5.242085
5.180850
4.889482
5.156778
5.696476
6.254412
6.745851
6.968128
6.895168
6.502161
6.014576
5.479799
4.942201
4.441777
3.982582
3.561509
3.431067
3.786172
4.109918
4.265634
4.208394
4.060087
4.003450
3.757395
3.422266
3.063280
2.936904
2.857914
2.672984
2.511684
2.775165
3.070266
3.317177
3.364984
3.227899
3.076769
3.006624
2.808321
2.566558
2.318422
2.104523
2.067641
2.180062
2.120464
1.945399
1.730291
1.500072
1.457403
1.448415
1.198506
0.899911
0.699523
0.782423
0.979609
1.080779
1.034391
0.855099
0.647997
0.643078
0.628634
0.633019
0.599191
0.519881
0.432859
0.495166
0.772934
1.171566
1.686336
2.025159
2.146257
2.140589
2.005234
1.624967
1.066183
0.709992
0.571243
0.636543
0.590242
0.472733
0.477539
0.603045
0.839508
1.088247
1.217031
1.146981
0.945238
0.706685
0.594944
0.507892
0.649821
0.866954
1.116271
1.242075
1.666776
2.253208
2.714176
2.939183
3.032459
3.019557
2.880691
2.516383
1.781668
1.228481
0.815653
0.510034
0.289190
0.141549
0.056928
0.016214
0.001275
0.000000
0.000000
0.000000
0.000000
0.000000
0.000000
0.000000
0.000000
0.000000
0.000000
0.000000
0.000000
0.000000
0.000000
0.000000
0.000000
0.000000
0.000000
0.000000
0.000000
0.000000
0.000000
0.000000
0.000000
0.000000
0.000000
0.000428
0.001178
0.000000
0.000000
0.000000
0.000000
0.000000
0.000000
0.000000
0.000000
0.007281
0.037541
0.097500
0.193749
0.334372
0.543002
0.825767
1.187355
1.624547
2.135570
2.800140
3.715106
4.741760
5.295339
5.755841
6.116392
5.693992
4.900141
3.949389
3.179915
2.577422
2.093856
1.630416
1.401258
1.139933
0.832337
0.568611
0.390151
0.235558
0.122785
0.048434
0.009380
0.000000
0.000000
0.000000
0.000000
0.000000
0.000000
0.000000
0.000000
0.000000
0.000000
0.000000
0.000000
0.000000
0.000000
0.000000
0.000000
0.000000
0.000000
0.000000
0.000000
0.000000
0.000000
0.000000
0.000000
0.000000
0.000000
0.000000
0.000000
0.000000
0.000000
0.000000
0.000000
0.000000
0.000000
0.000000
0.000000
0.000000
0.000000
0.000000
0.000000
0.000000
0.000000
0.000000
0.000000
0.000000
0.000000
0.000000
0.000000
0.000000
0.000000
0.000000
0.000000
0.000000
0.000000
0.000000
0.000000
0.000000
0.000000
0.000000
0.000000
0.022475
0.104914
0.259015
0.531745
0.864134
1.041955
1.106344
1.267294
1.564540
1.622851
1.389029
1.050408
0.772721
0.789493
1.091374
1.429538
1.719685
1.816678
1.631082
1.410121
1.797263
2.277184
2.741364
2.871693
3.080816
3.680001
4.131242
3.398904
2.562498
1.912615
1.450769
1.069349
0.731381
0.468550
0.278036
0.143036
0.140989
0.140192
0.192865
0.210889
0.192808
0.217368
0.191996
0.119716
0.057676
0.021694
0.007320
0.005160
0.001839
0.004712
0.027292
0.061327
0.140566
0.247233
0.364919
0.408130
0.359714
0.232991
0.148480
0.187583
0.180417
0.229402
0.256600
0.240313
0.194280
0.188438
0.180712
0.136336
0.090304
0.087468
0.137585
0.192475
0.245290
0.266918
0.246472
0.281886
0.340359
0.391073
0.453844
0.567562
0.689640
0.811405
0.935888
1.063255
1.208786
1.377557
1.574564
1.782950
1.982528
2.200301
2.427688
2.627996
2.756513
2.788854
2.808468
2.703988
2.751416
2.848521
2.897684
2.993967
3.017842
2.973339
2.807010
2.591609
2.375038
2.181820
2.048415
2.109331
2.310325
2.438005
2.623901
2.908850
3.238889
3.559938
3.800445
3.912309
3.852939
3.620838
3.785923
4.061085
4.282747
4.419679
4.733459
5.124915
5.538500
5.775024
5.714167
5.429870
5.009357
4.587838
4.190797
3.802953
3.425486
3.218433
3.579136
3.970965
4.320006
4.430426
4.258793
4.052653
4.454795
4.956717
5.499885
6.059076
6.576323
6.786754
6.778664
7.028455
7.653148
8.360785
8.938569
8.910411
8.284220
7.489955
6.731786
6.051585
5.427948
4.850050
4.523904
4.813702
5.068157
5.312247
5.303545
5.294929
5.534872
5.439275
5.061126
4.580053
4.103769
3.683696
3.301750
2.958131
2.616586
2.998608
3.606136
3.516849
2.817110
2.161193
1.608079
1.495997
1.652422
1.811108
1.864115
1.794015
1.634277
1.466077
1.485640
1.422934
1.407847
1.543232
1.685368
1.812139
1.819897
1.741999
1.817636
1.795430
1.674137
1.502167
1.323608
1.524294
1.728423
1.502135
0.966224
0.579370
0.407713
0.377700
0.325088
0.352202
0.362602
0.361746
0.314825
0.301430
0.321794
0.374320
0.412928
0.395627
0.410310
0.397771
0.375318
0.386161
0.443945
0.523886
0.560191
0.540936
0.552634
0.582743
0.561586
0.482646
0.402487
0.347818
0.324768
0.299831
0.321328
0.310764
0.299961
0.300387
0.270154
0.225497
0.185306
0.145112
0.109025
0.073709
0.037805
0.100964
0.202436
0.380400
0.614318
0.923854
1.155579
1.162232
0.953857
0.612417
0.385064
0.447907
0.585720
0.722847
0.746730
0.781181
0.791077
0.951689
1.069196
1.360779
1.644219
2.080582
2.537075
2.529972
2.039410
1.487719
1.025599
0.665900
0.397399
0.207526
0.086713
0.024438
0.004261
0.028299
0.046275
0.033933
0.006937
0.002167
0.008938
0.005699
0.017409
0.054784
0.114123
0.169259
0.192349
0.150944
0.082992
0.080154
0.120641
0.188495
0.275015
0.345036
0.354512
0.287888
0.203566
0.278966
0.463613
0.661106
0.761768
0.819547
0.683272
0.484146
0.379858
0.555758
0.755358
0.927677
0.986801
0.879179
0.681074
0.488258
0.373711
0.348474
0.487484
0.746158
1.062999
1.332543
1.464065
1.313819
1.021900
0.909315
1.357632
1.857047
2.077586
2.141144
2.167155
2.187089
2.186152
2.078389
1.833320
1.788414
1.615293
1.237132
0.861680
0.581847
0.379732
0.251446
0.182330
0.221462
0.193276
0.106515
0.036644
0.033992
0.050332
0.063096
0.072114
0.112592
0.131524
0.068066
0.012312
0.000000
0.000000
0.000000
0.000000
0.000000
0.000000
0.000000
0.000000
0.000000
0.000000
0.000000
0.000000
0.000000
0.000000
0.000000
0.000000
0.000000
0.000000
0.000000
0.000000
0.000000
0.000000
0.000000
0.000000
0.000000
0.000000
0.000000
0.000000
0.000000
0.000000
0.000000
0.000000
0.000044
0.005636
0.016730
0.025355
0.025956
0.022159
0.013056
0.010636
0.010058
0.006586
0.010856
0.038597
0.072978
0.094142
0.065830
0.023476
0.000689
0.002943
0.001589
0.000766
0.002383
0.009305
0.077757
0.144843
0.175181
0.183106
0.184011
0.176599
0.149716
0.094923
0.050896
0.117867
0.227057
0.386819
0.608136
0.900376
1.267342
1.690509
2.130047
2.486259
2.645778
2.495302
2.047015
1.569504
1.166229
0.875745
0.657023
0.581371
0.773812
0.949725
1.035625
1.127560
1.272461
1.495983
1.786038
1.903450
1.835966
1.574105
1.277523
1.007431
0.770620
0.568343
0.410126
0.331173
0.290121
0.318644
0.415804
0.528761
0.947176
1.258733
1.370673
1.394367
1.392945
1.384098
1.360941
1.275540
1.039109
0.694096
0.606572
0.437378
0.379821
0.305290
0.265516
0.269243
0.269997
0.307385
0.390587
0.527960
0.699896
0.893023
1.098543
1.296833
1.474818
1.559343
1.454909
1.256985
1.046355
0.848312
0.825292
0.971915
1.056412
0.986007
0.808100
0.675403
0.568172
0.515005
0.591922
0.661758
0.724739
0.787182
0.855429
0.939391
1.044526
1.169649
1.307964
1.447347
1.546944
1.561841
1.449084
1.287802
1.139220
1.193888
1.337397
1.455810
1.492495
1.423385
1.407315
1.552667
1.613092
1.574897
1.550845
1.737510
1.953998
2.175097
2.401361
2.631417
2.830893
2.908187
2.854447
2.665857
2.673331
2.846708
2.904226
2.782976
2.597427
2.373061
2.158911
1.963459
1.781089
1.688473
1.633397
1.506643
1.650183
1.690518
1.670578
1.590545
1.726180
1.870983
1.992213
2.190731
2.390740
2.545713
2.819372
3.166589
3.534757
3.875600
4.018875
3.880480
3.414279
3.100976
2.912756
2.788369
2.777608
2.834556
2.770069
2.560613
2.667813
2.836214
3.137680
3.519386
3.907382
4.345591
4.856660
5.445786
6.086428
6.742826
7.300980
7.386229
7.038817
6.427358
5.754589
5.153195
4.717579
4.591730
4.325742
4.059427
4.412177
4.482358
4.255779
3.730233
3.177194
2.706019
2.351296
2.270719
2.258887
2.211218
2.318429
2.473504
2.527352
2.690410
2.831716
2.885380
3.059781
3.148122
3.169234
3.289155
3.356987
3.375690
3.278674
3.356293
3.368370
3.278299
3.144911
2.913133
2.909687
2.907653
2.714872
2.493573
2.256053
2.052517
2.040369
2.135577
2.208184
2.119216
1.980572
1.798828
1.835613
1.760706
1.790883
1.988479
2.184555
2.413084
2.667808
2.878504
3.031137
3.012128
2.840422
2.618294
2.388261
2.158598
1.932652
1.712769
1.496049
1.305088
1.253384
1.246914
1.213119
1.122837
1.061293
1.190910
1.275893
1.310156
1.281624
1.598836
2.147885
2.781441
3.483264
4.123653
4.464987
4.136755
3.886047
4.409122
4.889946
5.006031
4.563696
4.074920
3.939785
3.665007
3.021123
2.279987
1.948714
1.569768
1.236894
1.488058
1.822550
2.142052
2.416243
2.430020
2.192303
2.006500
2.207764
2.618011
2.985390
3.114950
2.930110
3.128005
3.163499
3.034617
2.913857
2.961619
3.303803
3.564803
3.783337
3.939635
4.002364
3.924455
3.738004
3.532098
3.359159
3.223010
3.033643
3.134372
3.188313
3.140073
3.058235
3.057079
2.995761
3.149591
3.301213
3.441809
3.454943
3.354741
3.167749
3.030946
2.945371
2.897068
2.981354
2.872730
2.768866
2.632905
2.435226
2.648781
2.881024
3.113389
3.392114
3.686762
3.998872
4.298188
4.471876
4.402054
4.165266
4.090421
4.268969
4.510646
4.728338
4.757441
4.781429
4.886919
4.825666
4.615203
4.816818
4.902819
4.868614
4.928816
4.934988
4.729554
4.459481
4.266024
4.530788
4.675354
4.624104
4.666052
4.727154
4.607184
4.353586
4.030471
3.816594
3.814493
4.133314
4.365671
4.382507
4.351470
4.210259
3.978853
3.724033
3.809139
3.969339
3.892056
3.568224
3.673423
4.325927
5.008012
5.547966
5.872799
5.703391
5.455731
5.616807
5.428539
5.861045
6.511025
7.170851
7.947433
8.894285
9.971976
11.045491
11.777428
11.802483
11.213110
10.278457
9.349444
10.748394
12.062537
12.523358
12.709045
13.822915
14.380710
13.945012
12.714941
11.359885
10.675678
10.458860
9.778028
9.036383
9.576683
10.380070
11.043970
11.430584
12.166926
12.577681
12.329676
11.396553
10.286412
9.227822
8.262105
7.397382
6.700533
7.296412
7.768026
7.903235
7.652687
7.072746
6.453153
5.986766
5.520943
5.094084
4.804791
4.604580
4.358128
4.269645
4.017318
3.699872
4.005796
4.290894
4.438217
4.611313
4.979514
5.341232
5.503232
5.441401
5.110297
4.699386
4.274860
3.888994
3.554734
3.218954
2.875580
2.933457
3.020223
3.221070
3.325396
3.274002
3.325305
3.518938
3.752977
3.895256
3.886075
3.702606
3.535689
3.502775
3.452192
3.633579
3.896253
4.202983
4.516918
4.765217
4.854719
4.752196
4.943141
5.069135
5.054730
4.886103
4.603316
4.281036
4.049379
4.298881
4.576055
5.021564
5.399151
5.489071
5.406179
5.112858
4.919699
4.779596
4.447085
4.579914
4.937347
5.293500
5.577133
5.743579
6.081654
6.397865
6.632608
6.584264
6.289086
5.992048
5.831338
5.929881
5.974041
6.144996
6.332133
6.556093
6.588271
6.419108
6.155834
5.856536
5.568398
5.578562
5.492036
5.259206
4.892776
4.628501
4.554069
4.672051
4.772868
4.838808
5.199855
5.657514
5.990607
6.104235
6.148978
6.216711
6.249866
6.151579
5.943562
5.575980
5.126158
4.705654
4.550678
4.602454
4.781414
4.948463
4.976015
4.876010
4.656454
4.402777
4.581113
4.988868
5.331758
5.626854
6.136420
6.710909
7.287440
7.833388
8.154717
8.100732
7.753305
7.212637
6.660556
6.155016
5.683086
5.314517
5.420248
5.918005
6.431067
6.899538
7.406581
8.037003
8.724917
9.461930
10.126782
10.369529
10.116833
9.371284
8.524493
8.250340
7.974623
7.616427
7.387641
7.006174
6.537254
6.067091
6.181450
6.623464
6.893522
6.898780
6.687946
6.297301
5.863378
5.416756
4.992014
4.584685
4.181076
3.789424
3.422287
3.081972
2.774554
2.663447
2.848311
2.779688
2.535216
2.521817
2.687459
2.936896
3.117418
2.970995
2.173954
1.684469
1.676440
1.764603
1.756992
1.712775
1.334452
1.516362
1.487221
1.317664
1.112834
0.996056
0.930066
0.762485
0.651534
0.820085
1.004966
1.158473
1.173068
1.423342
1.517045
1.619667
1.906553
2.211957
2.455278
2.440781
2.322634
1.863932
1.755299
1.695406
1.367439
0.928639
0.977692
1.189414
1.479058
1.822751
2.213926
2.660385
3.173418
3.758989
4.407440
5.081851
5.654844
5.703391
4.428372
4.113282
4.552599
5.256699
5.917270
5.911788
3.721476
2.229142
2.269075
2.738083
3.410050
4.218070
5.164945
6.247000
7.531611
9.036535
10.787338
12.523358
0.000000
0.000000
0.000000
0.000000
0.000000
0.000000
0.000000
0.000000
0.000000
