track	type=wiggle_0
fixedStep	chrom=chr	start=1	step=1
0.000000
0.000000
0.000000
0.000000
0.000000
0.000000
0.000000
0.000000
0.000000
0.000000
0.000000
0.004621
0.035928
0.310950
0.665749
0.861176
0.802366
0.588477
0.689486
0.889384
0.639251
0.354397
0.155108
0.053160
0.008872
0.001668
0.001133
0.001552
0.004216
0.003336
0.000000
0.000000
0.000000
0.000000
0.003763
0.007626
0.033376
0.145666
0.409574
0.705627
0.813125
0.758159
0.745158
0.822293
0.782655
0.649822
0.481783
0.456042
0.642584
0.889351
1.177390
1.453972
1.645309
1.552279
1.313614
1.073366
0.843215
0.629258
0.438889
0.329325
0.359391
0.324409
0.231453
0.134533
0.075757
0.056012
0.025678
0.002123
0.000000
0.000381
0.035334
0.134518
0.308746
0.604158
1.167043
1.450034
1.528415
1.541577
1.528415
1.468598
1.257620
0.784476
0.436793
0.205671
0.070372
0.008064
0.000000
0.000000
0.000000
0.000000
0.000000
0.000000
0.000000
0.000000
0.000000
0.000000
0.000000
0.000000
0.008438
0.022193
0.029864
0.029665
0.022167
0.032249
0.037343
0.054651
0.167217
0.415345
0.889516
1.132184
1.198487
1.210185
1.210185
1.210185
1.198487
1.128378
0.883455
0.416559
0.225940
0.292510
0.389311
0.404198
0.333728
0.374355
0.394954
0.436224
0.547032
0.455364
0.419725
0.450337
0.505027
0.608103
0.470193
0.319238
0.287129
0.238883
0.316644
0.516551
0.699264
0.735627
0.610398
0.419593
0.492144
0.566558
0.595341
0.626875
0.724771
0.885221
1.082064
1.301177
1.508018
1.613628
1.539697
1.375443
1.179757
1.052012
1.237484
1.486897
1.725017
1.796565
1.706715
1.467185
1.265172
1.427804
1.656018
2.018327
2.451092
2.948426
3.478318
3.959187
4.208313
3.961380
3.491242
2.972291
2.485436
2.059862
1.715767
1.400784
1.112960
0.861413
0.648499
0.471252
0.326545
0.217187
0.160001
0.177336
0.186362
0.169987
0.123832
0.087745
0.132611
0.289635
0.544707
0.902217
1.369309
1.513263
1.331775
0.838475
0.677593
0.848864
0.958151
0.833105
0.617236
0.392513
0.213326
0.111211
0.134083
0.188311
0.207383
0.187884
0.133697
0.081740
0.043363
0.020479
0.013872
0.005053
0.000229
0.006026
0.027315
0.047807
0.061015
0.066298
0.055300
0.054402
0.051142
0.040824
0.029908
0.048554
0.080370
0.172365
0.316578
0.366546
0.376031
0.361694
0.298028
0.136060
0.063111
0.071345
0.039035
0.058445
0.058487
0.039488
0.018654
0.018587
0.049912
0.082703
0.163234
0.165146
0.089211
0.059545
0.031626
0.042603
0.107788
0.195096
0.237974
0.238306
0.247514
0.301249
0.370643
0.437381
0.505016
0.641550
0.779379
0.916241
0.972610
0.958589
0.869632
0.730765
0.557574
0.453774
0.372363
0.291285
0.291059
0.312217
0.303338
0.264929
0.299105
0.403111
0.489337
0.494745
0.408384
0.298104
0.209217
0.270801
0.323946
0.336453
0.326149
0.383232
0.457459
0.508766
0.511849
0.759801
0.858956
0.792938
0.592886
0.575346
0.739131
0.915269
1.355873
1.752475
1.937752
1.976546
1.939627
1.765086
1.377575
0.908995
0.625105
0.829706
0.910558
0.759157
0.856337
0.996309
1.119105
1.197714
1.203073
1.344707
1.543499
1.762131
1.956895
2.034395
1.940673
1.743457
1.523790
1.312831
1.233439
1.352698
1.558535
1.780865
1.968293
2.149530
2.423163
2.779705
3.190360
3.622316
4.038440
4.263523
4.156529
3.847274
3.408164
3.071700
3.492400
3.992359
4.518326
5.045482
5.276257
5.080985
4.574712
4.015537
3.473772
2.985720
2.545227
2.160625
1.814208
1.501820
1.224564
0.990748
0.825312
0.897524
0.893502
0.784163
0.629087
0.480708
0.353529
0.262377
0.263759
0.266301
0.270624
0.273537
0.392583
0.618574
0.790009
0.764948
0.546748
0.335688
0.175224
0.115361
0.107807
0.103486
0.095490
0.070223
0.034593
0.029033
0.024216
0.016935
0.009274
0.005604
0.011520
0.021919
0.031056
0.025093
0.011593
0.001639
0.000000
0.000000
0.000000
0.000000
0.000000
0.000000
0.000000
0.000000
0.000000
0.000000
0.000000
0.000000
0.000000
0.000000
0.000000
0.000000
0.000000
0.000000
0.000000
0.000000
0.001267
0.021588
0.108176
0.269235
0.526458
0.795448
0.927848
0.965650
0.974297
0.974297
0.974297
0.974297
0.964844
0.917179
0.745847
0.389319
0.224743
0.395607
0.628744
0.889722
1.055298
0.980068
0.777850
0.520450
0.309824
0.185150
0.270150
0.374050
0.485335
0.521820
0.431834
0.290787
0.169684
0.299134
0.526658
0.823267
1.135993
1.433553
1.492971
1.278438
1.073356
0.795652
0.567523
0.444759
0.362459
0.374793
0.279368
0.155581
0.061990
0.011241
0.000000
0.000000
0.002855
0.043508
0.108945
0.156710
0.171616
0.175623
0.175623
0.175623
0.169749
0.145592
0.076528
0.007174
0.000000
0.000000
0.000000
0.000000
0.000000
0.000000
0.000046
0.012348
0.019376
0.015813
0.005635
0.038405
0.124314
0.235228
0.357947
0.360786
0.246584
0.128988
0.068925
0.017754
0.015671
0.010332
0.000153
0.000000
0.000000
0.000000
0.000000
0.000000
0.000000
0.000000
0.000000
0.000000
0.000000
0.000000
0.000000
0.000000
0.000000
0.000000
0.000000
0.000000
0.000000
0.000000
0.000180
0.000976
0.004162
0.020062
0.048530
0.068691
0.059418
0.064424
0.053311
0.030125
0.019904
0.013671
0.025137
0.051141
0.068415
0.071842
0.127417
0.220496
0.341919
0.481947
0.596173
0.590062
0.473441
0.335227
0.220588
0.141159
0.121390
0.254808
0.437745
0.711636
1.075286
1.534940
2.061992
2.329572
2.113287
1.645133
1.349068
1.181052
0.960496
0.728181
0.865848
1.028364
1.140146
1.133651
1.054178
1.247810
1.562156
1.808943
1.881212
2.127163
2.377100
2.896125
3.550281
4.174110
4.505135
4.380914
3.995494
4.690963
5.302453
5.445211
5.117369
4.542182
3.867146
3.240976
2.686116
2.203843
1.787595
1.435676
1.145641
0.883098
0.658555
0.470921
0.319599
0.314519
0.320598
0.269756
0.189140
0.119525
0.071413
0.037431
0.016154
0.011350
0.005084
0.010377
0.025061
0.048980
0.063007
0.048579
0.026008
0.008209
0.000027
0.000000
0.000000
0.000000
0.000000
0.000000
0.000000
0.000000
0.000000
0.000000
0.000000
0.000000
0.000000
0.000000
0.000000
0.000000
0.000000
0.000000
0.000000
0.002577
0.011567
0.026159
0.035049
0.029735
0.015550
0.022396
0.026992
0.028150
0.028758
0.028712
0.029249
0.030113
0.028839
0.024880
0.031383
0.088843
0.138822
0.110903
0.028473
0.000000
0.000000
0.000019
0.001842
0.003625
0.003206
0.000903
0.000000
0.000000
0.000000
0.000000
0.000000
0.000043
0.014239
0.055118
0.113533
0.160131
0.230155
0.251882
0.195275
0.120977
0.065822
0.039595
0.021134
0.009967
0.000623
0.000000
0.000000
0.000608
0.010112
0.027936
0.050064
0.089773
0.136887
0.201761
0.289519
0.385055
0.466248
0.552931
0.567638
0.498945
0.408208
0.325125
0.239474
0.168779
0.108543
0.059152
0.026357
0.027677
0.047324
0.083464
0.111782
0.115957
0.187661
0.290532
0.409835
0.483553
0.533558
0.506288
0.620296
0.802387
1.022631
1.174392
1.169752
1.021276
0.840475
0.637453
0.548396
0.567972
0.497114
0.520453
0.775313
1.056878
1.226393
1.167750
1.458544
1.966921
2.612813
3.207398
3.191643
2.593228
2.103171
1.904883
1.632445
1.837242
2.252941
2.193069
1.625080
1.283666
1.019157
0.702111
0.433658
0.253677
0.124357
0.126204
0.084380
0.030466
0.002147
0.000000
0.000456
0.004800
0.008562
0.005634
0.001826
0.003002
0.010399
0.009520
0.016705
0.020993
0.013219
0.001108
0.008115
0.020665
0.026438
0.024055
0.017681
0.015248
0.009152
0.024112
0.048470
0.080165
0.120612
0.170075
0.229547
0.298841
0.364660
0.410584
0.401678
0.344892
0.270051
0.469410
0.684432
0.854962
0.990593
1.128027
1.226139
1.363584
1.524785
1.710921
1.868106
1.955257
1.892820
1.778213
1.691837
1.852014
2.022064
2.205824
2.366916
2.447290
2.399429
2.307889
2.328932
2.228758
2.083151
2.194783
2.394748
2.519236
2.524901
2.661793
3.214278
3.793399
4.564292
5.253019
5.858384
6.583509
6.627303
5.689597
4.693033
4.011897
4.671997
5.365009
5.680651
5.448250
4.783965
4.176866
4.356343
4.348935
4.135871
3.841355
3.728492
4.108552
4.076759
3.741723
3.799246
4.083219
4.318609
4.413782
4.348227
4.999933
5.668107
6.209264
6.210001
6.078638
6.583392
7.107213
7.653344
8.222397
8.813102
9.445778
10.119937
10.805860
11.416131
11.613612
11.388707
10.872757
10.183947
9.983641
10.388585
10.778920
10.804334
10.593028
10.859348
11.497547
11.773284
11.520112
10.918251
10.129113
9.314885
8.595020
8.245157
8.089407
8.620029
9.066222
9.247001
9.032551
8.577579
8.031146
7.510684
7.078229
6.918102
6.745258
6.384554
6.260705
6.444409
6.795399
7.201973
7.432210
7.337787
7.064238
6.652234
6.315463
6.448062
6.321742
6.056671
5.706239
5.373942
5.484812
5.852672
6.270990
6.669540
6.885738
6.782907
6.447227
5.960253
5.468542
5.026392
4.629855
4.249917
4.230225
4.352222
4.528364
4.629682
4.885644
5.105066
5.211706
5.073699
5.026570
5.285362
5.538475
5.724291
5.780249
5.690494
5.443935
5.213593
5.049424
5.076762
5.110397
5.064908
5.034184
4.954637
4.826454
5.090679
5.327160
5.424444
5.488167
5.418166
5.206208
4.916305
4.623936
4.336271
4.421335
4.567874
4.550632
4.660453
4.873112
5.129764
5.345201
5.466641
5.395456
5.274256
5.071846
4.810779
4.472783
4.125185
3.789318
3.494746
3.231659
2.968903
2.702899
2.452941
2.273218
2.292577
2.254781
2.147672
2.038054
1.855898
1.653101
1.457304
1.271965
1.103589
0.949547
0.810099
0.678952
0.581760
0.609071
0.703696
0.807333
1.054482
1.585226
2.343073
2.700346
2.690714
2.325484
1.603055
1.242636
1.388075
1.411919
1.358529
1.193896
1.523679
1.942702
2.361485
2.547623
2.415051
2.061363
1.801680
2.029188
2.176795
2.105857
1.844146
1.605245
1.506058
1.458646
1.301475
1.134175
1.172357
1.307681
1.437123
1.462452
1.312221
1.245827
1.334348
1.606787
1.852274
1.878282
1.677760
1.643717
2.062841
2.587035
3.156481
3.628721
4.011964
4.356401
4.548987
4.207047
3.588101
2.947539
2.371409
1.880037
1.486670
1.516733
1.439463
1.227609
1.017697
0.848058
0.687584
0.506807
0.346133
0.215712
0.117281
0.050289
0.012216
0.000000
0.000000
0.000000
0.000000
0.000000
0.000000
0.000000
0.000000
0.000000
0.000000
0.000000
0.000000
0.000000
0.001707
0.049991
0.088782
0.100810
0.102615
0.102519
0.098906
0.082004
0.034601
0.000000
0.000000
0.000000
0.000000
0.000000
0.000000
0.000000
0.000000
0.000000
0.000000
0.000000
0.000000
0.000000
0.000000
0.000000
0.000000
0.000000
0.000000
0.000000
0.000000
0.000000
0.000000
0.000000
0.000000
0.000000
0.000000
0.000000
0.000000
0.000000
0.000000
0.026007
0.122238
0.307304
0.610469
0.871412
1.016204
1.093319
1.475883
1.816698
1.874194
1.612085
1.201306
0.823513
0.600755
0.872145
1.181598
1.432817
1.500239
1.291302
1.006240
0.719855
0.976001
1.362711
1.873214
2.501897
3.222070
3.785906
3.108500
2.309566
1.682084
1.233135
0.868924
0.563965
0.335314
0.177212
0.067814
0.064473
0.115218
0.177070
0.225184
0.219044
0.161892
0.115817
0.108118
0.061428
0.026988
0.010994
0.001721
0.000073
0.000000
0.000000
0.000000
0.001953
0.072527
0.194927
0.247224
0.218055
0.138875
0.128303
0.131919
0.127531
0.205613
0.379831
0.579999
0.768114
0.761700
0.545900
0.332238
0.391808
0.512531
0.649390
0.796178
0.953161
1.133650
1.328673
1.534836
1.758424
1.967445
2.197921
2.436823
2.515014
2.448748
2.241808
2.010774
1.887847
1.980403
2.011415
2.039524
2.085641
2.007261
1.822897
1.609987
1.466966
1.503037
1.689258
1.815094
1.948912
2.191457
2.384857
2.582867
2.883236
3.256394
3.676554
4.130941
4.574454
4.969619
5.188899
5.018230
4.657013
4.207209
3.811118
3.589773
3.501343
3.873354
4.082457
3.993513
3.736405
3.379850
3.490516
4.042141
4.616995
5.144364
5.684538
6.141507
6.490424
6.772723
7.619965
8.636938
9.787924
11.052692
12.442021
13.811311
14.686278
14.626626
13.642497
12.216756
10.820878
9.573525
8.528891
8.997837
9.709168
10.099741
10.107300
9.537604
8.610567
7.674511
6.803790
6.017355
5.295848
4.622334
4.024641
3.520981
3.145766
2.999798
3.179250
3.390068
3.619511
3.808681
3.980744
4.242751
4.522264
4.717757
4.792793
4.603871
4.257502
3.959718
3.943939
3.717074
3.340626
2.943857
2.573717
2.233726
1.914523
1.747662
1.759768
1.742969
1.874373
2.046142
2.180958
2.377987
2.502378
2.626818
2.833962
3.022457
3.267161
3.543715
3.738425
3.856986
3.832550
3.931462
4.251943
4.600845
4.806087
4.767316
4.569878
4.272818
3.939482
3.629870
3.340550
4.147079
4.552310
4.235137
3.228160
2.601269
2.422933
2.181091
1.940459
1.714918
1.502982
1.300792
1.116960
0.961944
0.923566
1.007565
1.014614
0.946584
1.040655
1.074800
1.091133
1.152185
1.096605
1.007377
0.914625
0.906640
0.968744
1.185212
1.426257
1.675357
1.880313
2.015662
2.306974
2.667519
3.065736
3.506445
4.001552
4.532425
5.081605
5.481612
5.496333
5.117005
4.587171
4.061647
3.581989
3.151346
2.758982
2.393822
2.052935
1.741589
1.463751
1.220329
1.005901
0.819833
0.652606
0.504239
0.406828
0.542473
0.831665
1.267240
1.789192
2.058087
1.836805
1.491425
1.153610
1.150120
1.138422
1.006902
0.736032
0.520064
0.428245
0.365661
0.282499
0.215583
0.150801
0.092689
0.052181
0.030296
0.028504
0.018578
0.021234
0.013373
0.011348
0.008882
0.001230
0.000318
0.007621
0.025565
0.046981
0.051914
0.036496
0.014589
0.001318
0.000000
0.000000
0.001509
0.002331
0.010691
0.035073
0.079339
0.139793
0.207659
0.236111
0.211246
0.145025
0.084534
0.038469
0.010075
0.000014
0.000211
0.000730
0.001207
0.001243
0.000950
0.000366
0.000032
0.010723
0.027350
0.027164
0.012216
0.001563
0.013133
0.024434
0.032102
0.034466
0.029985
0.020509
0.012638
0.010998
0.007310
0.019751
0.028702
0.029452
0.035498
0.071018
0.145905
0.184175
0.172083
0.106291
0.131253
0.139464
0.118875
0.083026
0.120979
0.189758
0.266467
0.347568
0.383818
0.369642
0.319075
0.342791
0.391646
0.388731
0.339261
0.280337
0.219422
0.160169
0.107653
0.065344
0.033334
0.012344
0.015209
0.000806
0.000000
0.000000
0.000000
0.000000
0.000579
0.000452
0.007073
0.019704
0.036308
0.081875
0.133378
0.169294
0.157464
0.117903
0.142555
0.221126
0.315495
0.410175
0.468465
0.457620
0.394381
0.350313
0.414143
0.420881
0.370289
0.333198
0.463982
0.625169
0.824896
1.039865
1.191729
1.196096
1.058669
1.037503
1.149401
1.319567
1.543879
1.750918
1.790307
1.653797
1.444788
1.500648
1.552841
1.452412
1.265954
1.058926
0.864342
0.690243
0.592391
0.817920
1.104554
1.461868
1.898676
2.365730
2.707725
2.727579
2.429926
2.047561
1.829175
1.703071
1.528180
1.416072
1.575627
1.594551
1.411914
1.149430
1.279720
1.331314
1.178722
0.944624
1.085224
1.560699
2.195521
2.685292
2.890183
2.949765
2.987274
3.055639
3.151870
3.240423
3.380565
2.963292
2.333657
1.803305
1.478533
1.236559
1.018898
0.752632
0.539537
0.346932
0.258175
0.334283
0.448398
0.559689
0.672030
0.671943
0.549306
0.407490
0.271661
0.234819
0.206141
0.169042
0.147489
0.120803
0.084547
0.118162
0.152810
0.155786
0.204900
0.276277
0.332140
0.337058
0.288433
0.229628
0.196773
0.144001
0.163084
0.221066
0.285592
0.332879
0.334493
0.287441
0.221781
0.216334
0.269890
0.338536
0.403605
0.417624
0.382260
0.317683
0.237206
0.179533
0.176059
0.206495
0.244064
0.307367
0.339989
0.338262
0.324810
0.272508
0.263126
0.254024
0.251496
0.295022
0.344450
0.344080
0.416647
0.483695
0.514084
0.557421
0.575118
0.658167
0.803073
0.937524
1.001467
0.911264
0.819170
0.694173
0.617144
0.552357
0.442634
0.323978
0.215382
0.324912
0.591118
0.712130
0.460577
0.487025
0.689362
0.974171
1.321546
1.721861
2.164127
2.703550
3.284449
3.706405
3.766954
3.402764
3.429338
3.043787
2.688137
2.937941
3.437735
3.995836
4.769225
6.011228
7.784587
8.689645
8.928216
8.693315
7.851904
6.278653
5.486825
4.955304
4.321811
3.618145
3.289788
2.702961
2.187912
1.838672
1.448500
1.439277
1.556510
1.801505
2.073360
2.367166
2.708905
3.066159
3.344367
3.440542
3.242435
2.908886
2.581283
2.311763
2.572117
2.706882
2.583808
2.327034
2.031723
1.724928
1.434781
1.177242
0.954837
0.798464
0.944038
1.122412
1.323926
1.527014
1.740327
1.967795
2.218587
2.486282
2.758217
3.018878
3.200719
3.308564
3.238645
2.996830
2.737539
2.865490
2.992695
2.933983
2.721209
2.466541
2.216179
2.032003
2.188882
2.237034
2.121681
1.941504
1.845857
2.067681
2.291346
2.515487
2.708191
2.771446
2.667039
2.409518
2.130195
1.881106
1.802672
1.965285
2.009278
1.901580
1.748238
1.571740
1.593168
1.719720
1.750037
1.643576
1.468604
1.358059
1.340855
1.245694
1.076684
0.897752
0.837936
0.790002
0.836993
1.018504
1.296863
1.583540
1.784928
1.862250
1.674973
1.418916
1.413472
1.762599
2.208715
2.741164
3.365668
4.081508
4.882759
5.717227
6.497774
6.700929
6.286716
5.430896
4.554778
3.820906
3.291101
2.966120
2.511437
2.094123
2.013201
1.878812
1.649557
1.468694
1.567152
1.796684
1.860441
1.713623
1.573533
1.817564
2.082163
2.279631
2.222990
1.973485
1.836848
1.932849
1.916129
1.934650
2.167117
2.425711
2.714569
2.975410
3.118935
3.066807
2.969963
2.760726
2.515367
2.286073
2.077003
1.884883
1.702673
1.527355
1.402548
1.403031
1.386279
1.895559
2.525019
3.228043
3.788930
3.787343
3.266370
2.624146
2.046779
1.621446
1.369963
1.425648
1.537074
1.505129
1.656960
2.079753
2.405241
2.388487
2.007245
1.503935
1.320100
1.081962
0.667921
0.704788
0.769238
0.842821
0.909488
0.983137
1.159348
1.348903
1.523476
1.571826
1.492828
1.318317
1.137925
1.092759
1.038126
0.924700
0.906183
1.137496
1.393715
1.613372
1.706347
1.632743
1.430195
1.228529
1.040950
1.086045
1.050013
0.961593
0.860220
0.849861
0.873030
0.974399
1.058483
1.121755
1.165756
1.179376
1.128205
1.042431
0.942457
0.829913
0.741822
0.710263
0.733588
0.831756
1.040907
1.251009
1.263689
1.472061
1.612827
2.002572
2.622324
3.356574
4.217761
5.223720
6.383691
7.623754
8.585012
8.673661
7.869719
6.699450
5.554875
4.544695
3.676917
2.972831
2.433454
2.006029
1.827058
1.734884
1.459642
1.298232
1.169948
0.919990
0.749005
0.831830
0.852656
1.090432
1.317204
1.405851
1.348749
1.330381
1.545685
1.731438
1.784943
1.701485
1.556180
1.399461
1.233175
1.081731
0.948661
0.877630
1.015550
1.130848
1.237844
1.308678
1.288887
1.284934
1.524645
1.798868
2.102005
2.410976
2.731607
3.042266
3.306638
3.365476
3.231920
2.959141
2.742153
2.521384
2.310983
2.218521
2.079060
2.067650
2.258973
2.360597
2.641979
2.932779
3.168399
3.404464
3.469516
3.386478
3.136153
2.855712
3.006080
3.250040
3.082051
2.586646
2.034535
1.996085
2.169297
2.268159
2.305144
2.183579
2.407703
2.691831
2.983688
3.262987
3.408505
3.328044
3.099270
2.811076
2.684501
2.942395
3.213909
3.491596
3.745006
3.908406
3.866668
3.636324
3.885572
4.138055
4.409715
4.742016
5.116092
5.482718
5.781096
5.911929
5.762924
5.526466
5.303590
5.523611
5.840259
6.112802
6.341331
6.416218
6.740952
6.998912
6.764708
6.059726
5.302282
4.885634
5.072038
5.317514
5.374457
5.253143
5.029071
4.966963
5.273526
5.627727
5.893019
6.051598
6.035461
6.249258
6.478496
6.620683
6.526873
6.175251
5.712106
5.424766
5.417110
5.188473
5.439240
5.738729
6.064727
6.377148
6.554292
6.574940
6.432905
6.123299
5.853022
5.559377
5.322633
5.063033
4.820789
5.067101
5.389527
5.690495
5.815056
5.736417
5.531431
5.297909
5.315451
5.547734
5.743606
6.264089
6.664537
6.804367
6.612000
6.651034
6.821393
7.480334
8.209514
8.956338
9.605694
9.821333
9.473484
8.841759
8.111853
7.525122
7.335632
7.652864
7.852218
8.193214
8.345364
8.130303
7.514828
7.448303
7.165400
7.094245
6.970321
6.844525
6.451866
5.975746
5.494141
5.165686
5.459239
5.685473
5.680668
5.478816
5.123224
4.707267
4.301916
3.907382
3.537827
3.173127
2.820512
2.955964
3.134744
3.133822
2.959120
2.755437
2.493244
2.227730
1.919664
1.869959
1.831512
1.704861
1.575446
1.520488
1.333224
1.125861
0.934082
1.018029
1.275683
1.529026
1.636659
1.523967
1.315829
1.110729
0.893984
0.682123
0.492253
0.336078
0.466945
0.649359
0.873139
1.135164
1.384260
1.490643
1.373860
1.115543
0.849774
1.108224
1.273621
1.469079
1.269925
0.946492
0.628490
0.401198
0.217541
0.086370
0.074302
0.047540
0.003351
0.000000
0.000000
0.000000
0.000000
0.000000
0.000000
0.000000
0.000000
0.000000
0.000000
0.004823
0.035066
0.082709
0.098074
0.112868
0.115355
0.160679
0.298939
0.493406
0.740123
1.043821
1.416546
1.855177
2.329042
2.697025
2.420380
1.787065
1.243528
0.233562
0.029565
0.034923
0.040250
0.062038
0.102335
0.000000
0.000000
0.000000
0.000000
0.000000
0.000000
0.000000
0.000000
0.000000
0.000000
