track	type=wiggle_0
fixedStep	chrom=chr	start=1	step=1
0.000000
0.000000
0.000000
0.000000
0.000000
0.000000
0.000000
0.000000
0.000000
0.000000
0.000000
0.004246
0.034286
0.304538
0.653688
0.845649
0.786933
0.576073
0.676325
0.874192
0.626181
0.343777
0.148225
0.049258
0.007162
0.000955
0.000566
0.000878
0.002993
0.002264
0.000000
0.000000
0.000000
0.000000
0.000000
0.000000
0.000000
0.024893
0.139433
0.278799
0.329278
0.299465
0.261752
0.303656
0.279729
0.206902
0.126084
0.236370
0.417737
0.720448
0.864634
0.906534
0.914678
0.900308
0.836417
0.684208
0.354480
0.160382
0.076868
0.030908
0.062701
0.078907
0.073461
0.053249
0.047460
0.050058
0.021843
0.001092
0.000000
0.000000
0.025203
0.113981
0.282127
0.595342
1.159485
1.440599
1.518191
1.531353
1.518191
1.458373
1.247422
0.775199
0.427047
0.197636
0.065449
0.006279
0.000000
0.000000
0.000000
0.000000
0.000000
0.000000
0.000000
0.000000
0.003029
0.041133
0.089124
0.114747
0.107541
0.086493
0.103779
0.130326
0.192043
0.203752
0.152347
0.140827
0.190617
0.422509
0.876915
1.111091
1.176691
1.188282
1.188282
1.188282
1.176691
1.502401
1.975800
2.543930
3.218334
3.953148
4.562564
5.019223
5.032538
5.140903
6.482279
8.120446
8.120449
6.468826
4.975919
3.990192
3.157809
2.454288
1.869185
1.388603
1.012426
0.700347
0.459723
0.322647
0.259837
0.330166
0.446371
0.582281
0.729135
0.877266
1.008026
1.093407
1.302398
1.554137
1.838908
2.153210
2.502368
2.870961
3.231592
3.576371
3.728831
3.588582
3.406938
3.269920
2.981823
2.609042
2.649747
2.803277
3.009376
3.070057
2.993253
2.783739
2.714341
2.685174
2.870293
3.083264
3.300046
3.121619
2.817888
2.520386
2.116275
1.777613
1.528746
1.250612
0.994424
0.773018
0.662027
0.733711
0.729592
0.654064
0.644408
0.565164
0.456329
0.351823
0.375719
0.645681
1.081610
1.615376
1.724075
1.470194
1.343195
1.206592
0.964566
0.542442
0.336785
0.320635
0.247751
0.171808
0.104640
0.088726
0.099183
0.090779
0.062802
0.056231
0.059653
0.054955
0.055923
0.090400
0.124489
0.150026
0.167848
0.184338
0.167032
0.131217
0.117960
0.152828
0.195627
0.240239
0.266231
0.301142
0.283197
0.242098
0.186303
0.137050
0.136862
0.117699
0.079950
0.076123
0.113692
0.155450
0.201181
0.230821
0.237398
0.221974
0.182251
0.152017
0.212207
0.274211
0.347601
0.399089
0.395323
0.341004
0.257888
0.177215
0.118977
0.125532
0.142543
0.133461
0.105024
0.116702
0.148688
0.187778
0.285649
0.433623
0.487688
0.558158
0.802085
1.010298
0.971515
0.753514
0.503444
0.289143
0.171042
0.122709
0.073596
0.029851
0.012657
0.011828
0.040148
0.088272
0.157972
0.250476
0.365933
0.500507
0.639210
0.765225
0.775271
0.662310
0.514197
0.369084
0.250608
0.157523
0.089081
0.126420
0.191066
0.265170
0.474586
0.749213
0.847834
0.782052
0.582454
0.563651
0.724823
0.899382
1.335911
1.727891
1.910358
1.947893
1.910358
1.737257
1.360539
0.902992
0.566891
0.322827
0.169047
0.123438
0.184345
0.253613
0.315577
0.358015
0.358205
0.428225
0.538310
0.664943
0.778733
0.827514
0.768011
0.651951
0.525182
0.408883
0.317268
0.403361
0.517848
0.616154
0.727020
0.836942
1.023162
1.254483
1.520976
1.804376
2.036654
2.136242
2.001025
2.061678
2.101124
1.666191
1.561867
1.883897
2.235202
2.571629
2.732861
2.620909
2.302440
1.931733
1.585980
1.281271
1.016454
0.793557
0.600818
0.436996
0.302060
0.196164
0.190770
0.249665
0.320514
0.393053
0.446721
0.451381
0.407734
0.335828
0.262362
0.261418
0.265642
0.268351
0.381579
0.605522
0.774639
0.749798
0.533529
0.325050
0.167265
0.111682
0.107398
0.161265
0.222014
0.273701
0.302553
0.269318
0.215556
0.154253
0.101075
0.129713
0.191966
0.262153
0.322333
0.358388
0.324513
0.267716
0.196356
0.132577
0.081435
0.043319
0.017490
0.003257
0.000000
0.000000
0.000003
0.000019
0.000000
0.000000
0.000000
0.000000
0.000000
0.000000
0.000000
0.016479
0.073997
0.170249
0.331828
0.569191
0.891031
1.305988
1.837744
2.626105
3.438526
3.778471
3.870413
3.887596
3.887596
3.870413
3.776049
3.413566
2.520365
1.726402
1.256573
1.006804
0.990297
1.140413
1.125658
1.425266
1.772119
2.171430
2.625375
3.139371
3.721042
4.316613
4.703611
4.759572
4.411028
3.820246
3.230303
2.707265
2.539657
3.166486
3.812071
4.244592
4.246831
3.814097
3.179036
2.598543
2.214727
1.824896
1.465238
1.113210
0.808674
0.796797
0.862000
0.959371
0.913033
0.786505
0.625246
0.474333
0.344451
0.319652
0.429702
0.485985
0.557493
0.503690
0.406537
0.308624
0.208362
0.122057
0.059003
0.019118
0.001279
0.000000
0.000000
0.004372
0.019279
0.045035
0.082390
0.131589
0.192067
0.266048
0.353704
0.454751
0.569501
0.694103
0.812957
0.885210
0.855208
0.761306
0.633633
0.515833
0.424795
0.418805
0.467597
0.515825
0.579830
0.585108
0.589959
0.535688
0.445643
0.352973
0.270131
0.274935
0.288923
0.312235
0.367722
0.379340
0.342110
0.282710
0.218665
0.157255
0.174872
0.190014
0.231153
0.314858
0.412499
0.471482
0.452127
0.471406
0.443604
0.372032
0.328382
0.301488
0.356214
0.450795
0.506948
0.539298
0.726831
0.946615
1.202383
1.474653
1.684704
2.110643
2.328891
2.389002
2.397235
2.338035
2.119198
2.653085
3.349039
4.181423
5.113649
6.099560
7.333591
8.064713
7.497855
6.437229
5.538511
4.697136
4.306539
3.625651
2.955780
2.549436
3.018895
3.530660
4.003993
4.304525
4.475589
4.844138
4.738150
4.338002
4.151690
3.749858
3.971661
4.610935
5.265230
5.556314
5.265015
4.663578
4.037335
3.369044
3.302505
3.318652
3.056804
2.752573
2.295274
1.847041
1.385728
0.989728
0.669482
0.423118
0.242239
0.123314
0.044387
0.019616
0.020732
0.014309
0.004692
0.002622
0.016332
0.042072
0.078998
0.128116
0.190312
0.265621
0.350733
0.428887
0.471705
0.428887
0.350733
0.265622
0.190312
0.128169
0.080137
0.044735
0.018191
0.003534
0.000000
0.000000
0.000000
0.000000
0.000000
0.000000
0.000000
0.000000
0.000000
0.000000
0.000000
0.000224
0.000003
0.000234
0.007276
0.022863
0.037612
0.036509
0.024996
0.020523
0.024852
0.025764
0.026614
0.027464
0.028817
0.031099
0.032138
0.031529
0.046450
0.109437
0.163472
0.152100
0.062671
0.006889
0.000000
0.000000
0.000000
0.000000
0.000000
0.000000
0.000000
0.000000
0.000000
0.000000
0.000000
0.000000
0.000000
0.000000
0.000000
0.000000
0.002285
0.005065
0.000139
0.000000
0.000000
0.000000
0.000000
0.000000
0.000000
0.000000
0.000000
0.000000
0.000000
0.000000
0.000000
0.000000
0.020137
0.066090
0.033658
0.067023
0.067291
0.035904
0.008457
0.001562
0.000000
0.000000
0.000000
0.000000
0.000000
0.001402
0.008221
0.027678
0.046795
0.089297
0.119092
0.122654
0.196091
0.301582
0.423560
0.492901
0.542536
0.516506
0.634219
0.816238
1.032576
1.178021
1.171109
1.020136
0.838643
0.635544
0.545749
0.564017
0.492908
0.514236
0.765445
1.046386
1.218134
1.161549
1.450216
1.952323
2.595569
3.193659
3.178965
2.583143
2.094322
1.895798
1.623774
1.826772
2.242707
2.177761
1.610072
1.274205
1.008374
0.689886
0.419362
0.240835
0.114173
0.112166
0.080703
0.111665
0.165919
0.235564
0.322797
0.422602
0.512600
0.560402
0.541450
0.460595
0.389173
0.376605
0.361495
0.293192
0.224882
0.238950
0.300280
0.388258
0.482017
0.557750
0.591897
0.661349
0.770351
0.893842
1.033484
1.186391
1.344654
1.510264
1.688052
1.881629
2.064215
2.192232
2.178213
2.091252
2.232764
2.220645
2.059530
1.817180
1.572787
1.357695
1.463448
1.585962
1.630571
1.599455
1.475477
1.331226
1.166499
1.287622
1.413933
1.510107
1.541260
1.488317
1.563387
1.664402
1.677328
1.604798
1.704077
1.796508
1.832976
2.298673
2.920702
3.645608
4.472717
5.294256
5.931293
5.994574
5.481354
4.668047
3.865859
3.288776
3.055249
3.636776
4.165878
4.345444
4.170268
3.684938
3.092499
3.273103
3.798906
4.387593
5.011889
5.530305
5.725827
5.517323
5.268246
5.180854
5.385649
5.425238
5.627912
5.539014
5.376585
6.041068
6.866714
7.758639
8.572693
9.271861
9.227336
8.505739
7.644915
6.744507
5.901639
5.682288
6.154625
6.662680
7.185941
7.579455
7.699199
7.403215
6.987179
6.488182
6.028121
5.553424
5.114153
5.055616
5.018161
4.868714
5.085440
5.479156
5.626178
5.469305
5.110491
4.802374
4.694698
4.615309
4.473849
4.692347
5.110188
5.523088
5.792868
5.835475
5.713277
5.562784
5.436855
5.091460
4.700305
4.563033
4.487246
4.278768
4.020450
3.940513
4.244244
4.452972
4.634147
4.642232
4.442860
4.112338
3.766082
3.755649
4.107733
3.763001
3.416601
3.327613
3.317342
3.610600
3.948025
4.292775
4.625986
5.298786
5.772106
5.726059
5.144451
4.371036
3.976434
4.231029
4.508448
4.803524
5.107333
5.359583
5.412667
5.291255
5.017921
4.728658
4.591499
4.940681
5.315947
5.126484
4.815757
4.965151
4.959888
4.782106
4.534092
4.276984
4.475042
4.617569
4.570848
4.473309
4.622181
4.707410
4.637095
4.436401
4.175967
3.899651
3.647858
3.420834
3.282377
3.159303
2.972115
2.744946
2.896086
2.976837
2.866903
2.673466
2.645374
2.864257
3.013443
2.952512
2.822830
2.749419
2.809998
2.793020
2.663496
2.309207
2.509352
2.645686
2.585528
2.352490
2.110382
1.883845
1.694262
1.619214
1.329908
1.101484
0.925676
0.973245
1.154455
1.355925
1.568772
1.738711
1.820505
1.723320
1.534025
1.313664
1.279472
1.526331
2.265489
2.618592
2.606080
2.569670
2.876102
3.138350
3.123861
3.355262
3.520205
3.441493
3.215243
2.878157
2.894753
3.345680
3.812138
4.048074
3.894504
3.499267
3.153997
2.840258
2.466930
2.072707
1.705301
1.386272
1.111599
0.874663
0.674385
0.512421
0.378598
0.342463
0.277367
0.190850
0.281880
0.404757
0.633167
0.802000
0.878502
0.902115
0.899660
0.867305
0.901499
1.221215
1.585858
1.928696
2.061713
1.876968
1.492044
1.113869
0.798426
0.546977
0.352774
0.274956
0.272957
0.271990
0.269586
0.256012
0.206015
0.095974
0.007577
0.000192
0.000247
0.000006
0.000000
0.000000
0.000000
0.000000
0.000000
0.000000
0.000000
0.000000
0.000975
0.007186
0.010271
0.004173
0.000061
0.000000
0.000013
0.031964
0.062850
0.072996
0.074914
0.074441
0.070956
0.059404
0.026221
0.004585
0.000027
0.000000
0.000000
0.000000
0.000000
0.000000
0.000000
0.000000
0.000000
0.000000
0.000000
0.000000
0.000000
0.000000
0.000000
0.000000
0.000000
0.000000
0.000000
0.000000
0.000000
0.000000
0.000000
0.000000
0.000000
0.000000
0.000000
0.000000
0.000000
0.005530
0.063754
0.195349
0.449500
0.748042
0.902938
0.955827
1.049413
1.311649
1.365835
1.135956
0.823806
0.573610
0.508073
0.757918
1.050461
1.314454
1.400511
1.237617
1.085484
1.433471
1.876129
2.307371
2.418078
2.647408
3.212078
3.622222
2.930498
2.160454
1.567847
1.147519
0.808914
0.519293
0.301636
0.151685
0.068929
0.044754
0.052476
0.058989
0.085821
0.140326
0.160787
0.199977
0.257281
0.293057
0.263398
0.183887
0.105672
0.050576
0.040056
0.035753
0.021894
0.012230
0.078340
0.178340
0.242606
0.273355
0.410156
0.621814
0.822887
0.795530
0.549032
0.316118
0.264133
0.277865
0.340950
0.448230
0.673301
0.910856
1.100859
1.109079
0.926094
0.982969
1.085075
1.095355
1.025612
1.004406
1.114393
1.300447
1.450218
1.493083
1.639502
1.780339
1.785356
1.650138
1.466460
1.483948
1.507583
1.393121
1.207105
1.050193
1.222202
1.429467
1.667903
1.830010
1.864090
1.793774
1.683609
1.623949
1.536767
1.633365
1.778269
1.878613
2.132498
2.439230
2.675777
2.731009
2.534298
2.246241
2.267456
2.528121
2.722057
2.873486
2.869414
3.120409
3.505056
3.703107
3.652029
3.330349
3.057255
3.034128
3.353852
3.637205
3.890117
3.908558
4.389731
5.055702
5.854825
6.761606
7.757664
8.867153
10.004576
10.851906
10.808764
9.877649
8.703750
7.612162
6.710723
6.254283
6.370699
6.390872
6.310582
5.997694
5.340932
4.645158
4.006196
3.441650
2.968944
2.524821
2.106710
2.221009
2.487662
2.751485
2.982563
3.307311
3.671438
3.887061
3.813886
3.558262
3.209362
3.057817
3.354001
3.580864
3.570113
3.350658
3.018010
2.663360
2.421049
2.507892
2.687027
2.914834
3.136245
3.281471
3.327539
3.190069
2.995394
2.779234
2.554432
2.324358
2.269056
2.085010
2.018477
2.047655
2.180936
2.326871
2.403738
2.269968
2.065361
1.826288
1.608871
1.779840
1.919380
1.945836
1.852879
1.668563
1.887548
2.410145
2.868086
2.924017
3.902305
4.299521
3.998202
3.021274
2.139123
1.517096
1.036544
0.665098
0.390034
0.254468
0.263806
0.283568
0.321960
0.335103
0.429697
0.610924
0.826768
1.058950
1.207666
1.291775
1.247934
1.118647
1.029501
0.956683
1.071543
1.157471
1.155291
1.069805
1.027661
0.931048
0.769715
0.606166
0.737109
0.916910
1.088119
1.280132
1.529119
1.824508
2.050485
2.076506
1.869581
1.574208
1.288218
1.039344
0.824455
0.833929
1.102167
1.283857
1.287688
1.115548
1.122443
0.882012
0.536175
0.362197
0.275847
0.354396
0.482763
0.759728
1.181321
1.685065
1.943146
1.731594
1.394470
1.068455
1.071894
1.060221
0.933580
0.721428
0.821172
0.866078
0.806125
0.695684
0.567244
0.445568
0.348799
0.309976
0.292885
0.360155
0.385235
0.383709
0.344565
0.284910
0.240763
0.176593
0.118418
0.072281
0.036736
0.014163
0.035768
0.057862
0.066911
0.048841
0.065740
0.107637
0.144915
0.165613
0.204769
0.293049
0.410582
0.545896
0.671903
0.740001
0.686162
0.571451
0.437955
0.316000
0.212665
0.150252
0.253455
0.309860
0.294332
0.203056
0.108693
0.032675
0.072232
0.187917
0.375980
0.620185
0.832892
0.857108
0.709767
0.600606
0.470868
0.446029
0.557926
0.767486
1.086340
1.420538
1.709136
1.713707
1.376385
0.996821
0.798462
0.689969
0.529816
0.281897
0.096707
0.026192
0.011067
0.014351
0.032181
0.092912
0.203812
0.295988
0.256624
0.150459
0.080179
0.076244
0.080952
0.037096
0.016583
0.008729
0.002595
0.025648
0.062624
0.069330
0.151147
0.324078
0.595064
0.948639
1.232462
0.928209
0.589620
0.339728
0.153579
0.042108
0.000889
0.000000
0.000000
0.000000
0.000000
0.000627
0.012893
0.013939
0.001503
0.000000
0.000201
0.000000
0.000000
0.000000
0.000000
0.028551
0.113118
0.224563
0.280562
0.187787
0.074560
0.009808
0.000161
0.000000
0.001266
0.028436
0.089274
0.161125
0.228151
0.364557
0.516660
0.594005
0.535959
0.716771
1.071499
1.190519
1.067643
0.719783
0.438179
0.279292
0.126839
0.140680
0.150292
0.150284
0.148754
0.142334
0.118246
0.070046
0.011266
0.000000
0.000342
0.000063
0.006703
0.023593
0.035106
0.027534
0.011676
0.007237
0.031370
0.044979
0.021600
0.065374
0.108759
0.168369
0.346153
0.617367
0.988432
1.470460
2.093975
2.572830
2.764630
2.806581
2.809881
2.803788
2.788893
2.741654
2.566315
2.139188
1.425246
0.926752
0.738281
0.837911
0.710548
0.531272
0.403136
0.348766
0.488190
0.656991
0.867048
1.091298
1.276529
1.264963
1.063792
0.837945
0.624841
0.444920
0.303648
0.194901
0.219884
0.263354
0.254821
0.210907
0.171647
0.201984
0.265412
0.357954
0.468554
0.587410
0.689461
0.765927
0.801588
0.894969
1.048130
1.215744
1.383515
1.476083
1.455570
1.351570
1.209311
1.120242
1.110769
1.138746
1.140477
1.249068
1.345407
1.314867
1.180998
1.000211
0.912074
1.063542
1.225551
1.370705
1.450401
1.412621
1.363591
1.386670
1.546600
1.679953
1.765995
1.750095
1.642757
1.482873
1.314653
1.158299
1.424516
1.715163
2.018992
2.325736
2.645567
2.880313
3.001763
2.908568
2.726814
2.471516
2.276915
2.102529
1.990984
1.804316
1.641393
1.411394
1.341802
1.443997
1.744259
2.176971
2.706686
3.319061
4.005197
4.736111
5.542931
6.484287
7.482984
8.273448
9.296758
10.954051
12.429102
12.345536
10.830337
9.479593
8.399506
7.609355
7.510427
7.019943
7.384605
7.097938
6.607172
6.949708
6.631103
5.933631
5.714107
5.431928
4.937268
4.437476
4.246537
4.095066
4.039549
4.134182
4.460559
4.581628
4.419524
4.018932
3.663014
3.549510
3.540153
3.865554
4.032303
3.919777
3.603507
3.217114
2.834686
2.492350
2.186003
2.124292
2.017840
1.854596
1.812977
1.903532
2.024486
2.216313
2.354692
2.432761
2.405111
2.256407
2.103430
2.188093
2.303983
2.318143
2.563862
2.827169
3.074957
3.318942
3.464646
3.500237
3.319802
3.052137
2.897838
3.081798
3.145879
2.998712
2.746156
2.485346
2.227335
1.972579
1.732312
1.576760
1.568386
1.766124
1.981960
2.199212
2.386781
2.585702
2.734658
2.739517
2.552762
2.279966
2.007116
1.764711
1.564056
1.393831
1.234231
1.082765
0.943468
0.823880
0.773474
0.707448
0.690603
0.676602
0.802496
0.911590
0.980266
0.922860
0.744833
0.578463
0.661321
0.735831
0.697595
0.821251
1.072832
1.337344
1.521066
1.589099
1.417318
1.181888
1.197402
1.522029
1.939266
2.438487
3.026350
3.704479
4.463273
5.262021
6.016758
6.210716
5.819201
4.999858
4.161361
3.464372
2.965089
2.684507
2.262455
1.862053
1.723498
1.597654
1.376362
1.207935
1.251402
1.456429
1.514333
1.381768
1.270675
1.502877
1.748986
1.967131
1.955978
1.719682
1.417171
1.127368
0.875615
0.665703
0.605165
0.436596
0.385816
0.472452
0.482911
0.499162
0.454873
0.490941
0.532534
0.540277
0.540667
0.590332
0.699525
0.820866
0.953420
1.081592
1.267549
1.749673
2.344867
3.008533
3.534994
3.546656
3.044014
2.405039
1.813197
1.888801
1.894753
1.763478
1.584934
1.403434
1.361041
1.237321
1.164111
1.287567
1.449326
1.613406
1.744113
1.806090
1.729167
1.588389
1.403548
1.234228
1.070657
0.938436
1.053105
1.226256
1.377152
1.419649
1.341925
1.177194
1.019190
1.112835
1.131994
1.065791
0.925648
1.104083
1.355368
1.564461
1.661776
1.585018
1.397158
1.220220
1.050697
1.131064
1.184837
1.665116
2.191239
2.485503
2.167400
1.639004
1.449917
1.566744
1.637440
1.635293
1.638693
1.662820
1.740802
2.198880
2.731949
3.290081
3.821674
4.239252
4.335397
4.059712
3.494047
2.913841
2.384300
1.941461
2.383027
3.085307
3.907026
4.878024
6.000933
7.198621
8.119889
8.157256
7.371029
6.244973
5.133978
4.163120
3.335658
2.680530
2.197014
1.858483
1.979550
2.069514
1.888805
1.512256
1.143088
0.835203
0.597456
0.751318
0.943714
1.076585
1.349851
1.620673
1.773298
1.720395
1.515396
1.307683
1.348175
1.278567
1.372804
1.399966
1.356635
1.287449
1.202258
1.272381
1.274291
1.333409
1.510693
1.625098
1.736469
1.789281
1.711573
1.648269
1.661717
1.532696
2.033801
2.703831
3.311123
3.371522
2.812322
2.447833
2.485366
2.394029
2.185331
1.953372
1.721299
1.632782
1.862813
2.100356
2.341524
2.572773
2.797662
2.882214
2.959198
2.987873
2.857945
2.673233
3.142530
3.406590
3.272771
2.907669
3.038188
3.190936
3.422863
3.639207
3.864190
4.060947
4.162444
4.092732
3.896436
3.642018
3.378513
3.112980
3.375257
3.601286
3.676036
3.989832
4.312387
4.556962
4.571564
4.336829
3.974644
3.606373
3.339066
3.232619
3.202158
3.038911
2.946672
3.217395
3.434198
3.558860
3.768166
3.934987
3.963598
3.942826
4.026841
3.945651
3.724302
3.480985
3.387057
3.476583
3.390166
3.250098
3.953310
4.659922
5.247389
5.623484
5.216645
4.527835
3.816881
3.993218
4.281898
4.565418
4.709196
4.646668
4.485607
4.369463
4.307738
4.418030
4.478297
4.631425
4.596200
4.433644
4.544756
4.525620
4.258761
3.922035
4.003677
4.206389
4.356217
4.376370
4.276233
4.167227
3.947604
3.716910
3.626116
3.661278
3.745735
3.808692
3.969869
4.332294
4.713918
5.110663
5.534927
5.896438
6.027290
5.967829
5.840587
5.735560
5.574556
5.403636
5.031503
4.651031
4.296007
3.936883
4.055032
3.984003
3.922776
4.126058
4.332853
4.635094
4.754218
4.953798
5.421729
5.958541
6.547607
7.073771
7.263525
7.034467
6.420454
5.758304
5.202542
4.719847
4.377449
4.759034
5.003153
4.974581
4.707720
4.319961
4.619921
4.818841
4.811025
4.625916
4.293252
3.926430
3.555029
3.192535
2.850999
2.525695
2.217257
1.928444
1.669769
1.430962
1.219297
1.030443
0.854811
0.705735
0.668370
0.732975
0.778879
0.789239
0.770670
0.708077
0.576962
0.554434
0.681247
0.829942
0.992474
1.157656
1.271600
1.156349
0.793283
0.692673
0.581323
0.507738
0.411311
0.297065
0.377539
0.543836
0.751639
0.997607
1.229524
1.331096
1.213966
0.966204
0.755518
1.030116
1.256060
1.438775
1.250543
0.923736
0.605217
0.373870
0.223310
0.089345
0.028464
0.026615
0.008269
0.000000
0.000369
0.017455
0.063790
0.140502
0.246063
0.380565
0.549890
0.750839
0.989610
1.252040
1.440660
1.220137
0.443978
0.171951
0.188874
0.305576
0.492503
0.738976
1.033391
1.365480
1.704071
1.847381
2.129114
2.428358
2.183608
1.606445
1.140276
0.260381
0.029921
0.045169
0.088629
0.146882
0.225388
0.000000
0.000000
0.000000
0.000000
0.000000
0.000000
0.000000
0.000000
0.000000
0.000000
