track	type=wiggle_0
fixedStep	chrom=chr	start=1	step=1
0.000000
0.000000
0.000000
0.000000
0.000000
0.000000
0.000000
0.000000
0.000000
0.000000
0.000000
0.004780
0.037522
0.316876
0.677584
0.875794
0.816864
0.603134
0.700149
0.904013
0.649359
0.358876
0.158695
0.055776
0.010057
0.002331
0.001687
0.002209
0.005585
0.004549
0.000000
0.000000
0.000000
0.000000
0.005793
0.010484
0.038852
0.156304
0.430963
0.735789
0.847006
0.791712
0.779776
0.857969
0.818005
0.684133
0.518079
0.675404
0.759435
0.919255
1.211940
1.494488
1.688974
1.593843
1.336387
1.034284
0.766874
0.854117
1.092819
1.299979
1.433821
1.346327
1.156655
0.917936
1.194741
1.306356
1.304200
1.413940
1.529390
1.513048
1.388765
1.217304
1.080336
1.285559
1.525081
1.783899
2.003461
2.105172
2.749670
3.068026
3.032485
3.185634
3.310883
3.249926
3.036854
3.404631
3.742604
4.061025
4.523877
4.565511
4.775852
4.960412
4.987463
4.959029
5.026269
5.204865
5.369579
5.721854
6.116149
6.453351
6.634420
6.720406
6.592968
6.271445
5.860613
5.469853
5.224467
5.094072
5.264098
5.665851
5.874400
5.666494
5.357111
5.642281
5.900373
6.212559
6.640238
6.886723
6.651140
6.128703
5.495431
5.900306
6.681417
7.535600
8.480589
9.413876
10.123050
10.528976
10.395275
9.733559
9.524677
9.170633
8.324382
7.358665
6.794656
7.848174
9.092108
10.454568
11.692826
12.206878
11.685478
10.447783
9.092306
7.880514
6.899564
6.325697
5.635322
4.974067
5.026685
5.300193
5.089305
4.628464
4.023803
3.438838
2.911784
2.439184
2.021752
1.947289
2.083350
2.159921
2.127491
1.976962
1.777027
1.635861
1.794580
2.027737
2.279750
2.542284
2.790309
2.930295
2.899814
2.731825
2.510420
2.374142
2.162883
1.928096
1.723679
1.737845
1.994560
2.262656
2.479596
2.534912
2.386117
2.158520
1.905092
1.680738
1.531431
1.243789
1.064475
0.932131
1.047009
1.217867
1.355636
1.377336
1.272598
1.125216
0.964578
0.869492
1.055483
1.184248
1.247532
1.196983
1.051642
0.867726
0.905686
1.033418
1.172568
1.320600
1.471174
1.603459
1.684387
1.641472
1.522577
1.406576
1.313864
1.180006
1.038039
0.906432
0.987984
1.121092
1.256063
1.368343
1.376622
1.280817
1.145980
1.001634
0.866792
0.742982
0.629685
0.526147
0.432892
0.349918
0.277154
0.215656
0.170786
0.129917
0.130520
0.172023
0.236405
0.298434
0.348589
0.366741
0.333806
0.283624
0.234132
0.190661
0.262659
0.338750
0.391327
0.382165
0.320250
0.433462
0.836039
1.272000
1.458606
1.498749
1.458605
1.287543
0.919705
0.633338
0.500338
0.329090
0.233575
0.113198
0.041421
0.002177
0.000000
0.000646
0.001051
0.000000
0.000000
0.005705
0.026810
0.057230
0.087794
0.147854
0.233360
0.336849
0.445665
0.541604
0.543274
0.445255
0.326761
0.219504
0.142489
0.215599
0.379762
0.629891
0.965385
1.360632
1.711901
1.736438
1.444801
1.073710
0.928801
0.905780
0.938192
1.024850
1.265502
1.393343
1.483903
1.509619
1.507502
1.460151
1.309683
1.001246
0.812711
0.634785
0.637424
0.578192
0.387655
0.177242
0.068648
0.028018
0.004491
0.021320
0.088307
0.127825
0.085394
0.013877
0.000000
0.000000
0.000000
0.000000
0.000000
0.000000
0.000000
0.004629
0.016652
0.020703
0.013696
0.001647
0.000000
0.000000
0.000000
0.000000
0.012432
0.045655
0.096193
0.151682
0.152661
0.098172
0.040053
0.021649
0.106953
0.294738
0.502406
0.611155
0.641572
0.648136
0.648136
0.640406
0.605700
0.485814
0.253086
0.084449
0.016080
0.000424
0.000000
0.000000
0.000082
0.017473
0.057464
0.073679
0.052996
0.013199
0.000000
0.005679
0.052365
0.150893
0.264182
0.283835
0.182346
0.075985
0.028682
0.005070
0.000000
0.000000
0.000000
0.000793
0.028459
0.102220
0.234777
0.394460
0.430026
0.313035
0.162877
0.053311
0.003636
0.000000
0.000000
0.000000
0.000000
0.000000
0.000000
0.000000
0.000000
0.000000
0.000000
0.000000
0.000000
0.000000
0.000000
0.000000
0.000000
0.000000
0.000000
0.000000
0.000000
0.000000
0.000000
0.000000
0.000000
0.000000
0.000000
0.000000
0.000000
0.000000
0.000000
0.000000
0.000000
0.000000
0.000000
0.000000
0.000000
0.000000
0.000000
0.000000
0.000000
0.000000
0.000000
0.000000
0.000000
0.000000
0.000000
0.000000
0.000000
0.000000
0.000000
0.000000
0.000000
0.000000
0.000000
0.001212
0.031827
0.108025
0.235061
0.459793
0.786057
0.984854
0.923251
0.784993
0.660868
0.453395
0.282334
0.189277
0.179208
0.244553
0.428430
0.594248
0.656699
0.583349
0.384449
0.186439
0.109016
0.084684
0.066854
0.073035
0.128368
0.225578
0.308824
0.307614
0.228699
0.179415
0.070265
0.042175
0.020659
0.006845
0.001673
0.003583
0.012683
0.013202
0.005918
0.023362
0.061020
0.121120
0.206610
0.312915
0.426612
0.514575
0.528248
0.456208
0.380055
0.621441
0.864977
0.841312
0.593058
0.541363
0.661931
0.794483
0.933884
1.090402
1.261815
1.447878
1.648313
1.865408
2.087457
2.501058
3.115004
3.791344
4.351654
4.431802
3.953239
3.305392
2.705231
2.662716
2.707625
2.821872
2.769240
2.672560
2.859863
3.104605
3.374247
3.575485
3.704894
4.038333
4.413617
4.805434
5.119477
5.123473
5.090601
5.589455
5.936627
5.953214
5.641914
5.148834
4.659316
4.290288
4.394799
4.291140
4.034305
3.662164
3.276216
2.912508
2.629889
2.400506
2.080271
1.785696
1.479658
1.793975
1.970569
2.018053
2.022645
2.005984
2.162680
2.780398
3.512088
4.336246
5.246080
6.243448
7.842314
8.742879
7.821676
6.134888
5.003659
4.078267
3.419445
3.274200
3.359797
3.614171
4.057417
4.603967
4.937382
4.823049
4.297004
3.712239
3.123322
2.887923
3.381533
3.397771
3.134137
2.823664
2.361066
1.905268
1.437596
1.033229
0.705198
0.452280
0.266951
0.142345
0.056633
0.056449
0.097897
0.117855
0.100202
0.059528
0.025297
0.006466
0.000555
0.000000
0.000000
0.000000
0.000000
0.000000
0.000000
0.000000
0.000000
0.000050
0.000429
0.000302
0.000000
0.000000
0.000000
0.000000
0.000000
0.000000
0.000503
0.000000
0.000000
0.000000
0.000000
0.000000
0.000000
0.000000
0.000000
0.000000
0.000000
0.000000
0.000000
0.000000
0.000000
0.000000
0.022324
0.054044
0.082597
0.095648
0.102509
0.106779
0.113179
0.189902
0.369058
0.620524
0.952567
1.362534
1.788837
1.767859
1.297991
0.872439
0.552605
0.315753
0.153483
0.053159
0.006722
0.000000
0.000000
0.000000
0.000000
0.000000
0.000000
0.000000
0.000000
0.000000
0.000000
0.000000
0.000000
0.000000
0.000000
0.000000
0.000000
0.000000
0.000000
0.000000
0.000000
0.000000
0.000000
0.000000
0.000000
0.000000
0.000000
0.000000
0.015396
0.055711
0.054683
0.104312
0.165233
0.222023
0.226580
0.184261
0.128012
0.078300
0.039402
0.013632
0.001221
0.000000
0.000000
0.002487
0.029434
0.030113
0.010956
0.005079
0.028576
0.073788
0.137186
0.180005
0.174610
0.289805
0.441579
0.616496
0.817142
0.960106
0.952176
0.814346
0.660862
0.477105
0.355116
0.312529
0.255157
0.339019
0.436417
0.456668
0.651311
0.956250
1.366143
1.881695
2.500299
3.076489
3.057047
2.479863
2.011480
1.821042
1.549870
1.741250
2.139380
2.081678
1.518272
1.121360
0.762250
0.747140
1.002988
1.319596
1.683035
2.043536
2.458307
2.942825
3.456317
3.864430
3.908172
3.557819
3.018261
2.466458
1.988341
1.578831
1.230823
0.940652
0.810655
0.850071
0.865663
0.984496
1.144009
1.326624
1.514101
1.691991
1.822498
1.840836
1.937682
2.125404
2.294503
2.497851
2.735787
2.908141
2.970074
3.211979
3.511513
3.827113
4.171909
4.509901
4.723010
4.678232
4.383328
4.001612
3.615851
3.248876
2.906638
2.607130
2.371584
2.207624
2.082459
2.023485
1.919942
1.796738
1.670156
1.548127
1.478979
1.444580
1.455121
1.540289
1.587112
1.886352
2.367786
2.933374
3.595308
4.359707
5.235634
6.243531
7.389464
8.560781
9.518495
9.684078
9.055972
7.884262
6.724082
5.767654
5.292179
5.942029
6.410143
6.391609
6.065574
5.591730
4.977436
5.436577
5.967692
5.964061
5.345398
4.559832
3.810609
3.155697
2.661793
2.685622
2.719563
2.541296
2.229105
1.914180
1.722818
1.479166
1.332129
1.533505
1.767326
2.029098
2.315454
2.630910
2.966330
3.320728
3.692011
4.080940
4.442507
4.731956
4.746007
4.497338
4.118407
3.726243
3.359614
3.015441
2.674855
2.440711
2.226201
1.931996
1.649841
1.529754
1.720517
1.926730
2.148132
2.326957
2.414851
2.322650
2.171099
1.978904
1.770222
1.571187
1.383471
1.212206
1.105786
1.187710
1.274418
1.473783
1.672061
1.798005
1.806000
1.691915
1.503428
1.301225
1.124394
0.978686
0.848811
0.732146
0.654796
0.587025
0.542327
0.639685
0.634651
0.524929
0.426196
0.440844
0.407167
0.327504
0.290020
0.454660
0.687622
0.980840
1.330422
1.700486
1.982987
1.976925
1.673534
1.300207
1.359453
1.714107
2.021299
2.236326
2.187487
1.928010
1.570045
1.233876
0.932559
0.682872
0.481982
0.477030
0.751001
1.114908
1.580527
2.187628
2.998052
3.499654
3.675341
3.671852
3.484534
2.940340
2.080039
1.474011
1.042496
0.704164
0.462933
0.327157
0.495742
0.710361
0.974709
1.246501
1.399155
1.380371
1.149033
0.878900
0.622076
0.493858
0.455247
0.391255
0.564954
0.876378
1.293601
1.856732
2.577610
2.935966
3.072460
3.065838
2.922350
2.541479
1.775476
1.209033
0.798333
0.496164
0.277737
0.130420
0.041351
0.002853
0.000000
0.000000
0.000000
0.000000
0.000000
0.000000
0.000000
0.000000
0.000000
0.000000
0.000000
0.000000
0.000000
0.000000
0.000000
0.000000
0.000000
0.000000
0.000000
0.000000
0.000000
0.000000
0.000000
0.000000
0.000000
0.000000
0.000000
0.000000
0.000000
0.000000
0.000000
0.000000
0.000000
0.000000
0.000000
0.000000
0.000000
0.000000
0.000000
0.003943
0.032663
0.048839
0.035813
0.123153
0.269984
0.476013
0.738865
1.110456
1.603123
2.185549
2.359761
1.923456
1.448613
1.179439
0.914436
0.993918
1.010120
1.040775
1.095623
1.327625
1.372886
1.278118
1.007475
0.722306
0.469217
0.277440
0.140884
0.053484
0.009826
0.003384
0.001218
0.000000
0.000000
0.000000
0.000000
0.000000
0.000000
0.000000
0.000000
0.000000
0.000000
0.002138
0.009031
0.001500
0.000000
0.000000
0.000000
0.000000
0.000000
0.000000
0.000000
0.000000
0.000000
0.000000
0.000000
0.000000
0.000000
0.000000
0.000000
0.000000
0.000000
0.000000
0.000000
0.000000
0.000000
0.000000
0.000000
0.000000
0.000000
0.000000
0.000000
0.000000
0.000000
0.000000
0.000000
0.000000
0.000000
0.000000
0.000000
0.000000
0.000000
0.000000
0.000000
0.000000
0.000000
0.000000
0.000000
0.000000
0.000242
0.036492
0.142591
0.336351
0.649225
0.920044
1.068151
1.149775
1.571768
1.938220
1.997320
1.739999
1.322981
0.930097
0.727620
1.023422
1.353656
1.617088
1.693243
1.477541
1.170761
0.858069
1.104078
1.514863
2.054195
2.713150
3.466680
4.055609
3.370773
2.538702
1.871929
1.348673
0.932334
0.619113
0.427618
0.580578
0.761504
0.937813
1.011521
0.979155
0.821497
0.648674
0.642063
0.845116
1.099624
1.405372
1.706995
1.836029
1.753804
1.504348
1.219048
0.949837
0.721082
0.528982
0.389563
0.590828
0.846600
1.164483
1.561628
2.020518
2.481829
2.698534
2.484989
2.021680
1.563613
1.165922
0.842788
0.584726
0.383414
0.272053
0.348781
0.393457
0.376442
0.296013
0.229911
0.202824
0.144620
0.095079
0.101713
0.099449
0.089261
0.157058
0.250028
0.361488
0.468022
0.513309
0.482078
0.384015
0.273543
0.210183
0.275641
0.340751
0.376220
0.440181
0.535196
0.639122
0.718125
0.731765
0.667982
0.575807
0.482213
0.457808
0.400199
0.401627
0.619139
0.891818
1.204495
1.480925
1.571060
1.495203
1.281702
1.211961
1.446844
1.697773
1.771094
1.921713
2.070946
2.031777
1.707934
1.265258
0.872174
0.563214
0.333060
0.168763
0.171888
0.188744
0.170033
0.120067
0.096356
0.167222
0.257636
0.373294
0.508181
0.634826
0.678188
0.765763
0.917115
1.008763
0.994638
1.133221
1.260352
1.262704
1.274563
1.443288
1.497282
1.392251
1.169973
0.951262
0.775327
0.613119
0.479911
0.430899
0.586175
0.782278
1.031093
1.338713
1.702632
2.132221
2.599177
2.961124
2.959216
2.621920
2.197964
1.797157
1.441565
1.134937
0.870237
0.642838
0.454350
0.304971
0.198129
0.152394
0.095696
0.050256
0.144894
0.190057
0.132754
0.038442
0.000454
0.000959
0.001107
0.007802
0.014550
0.013702
0.005918
0.000826
0.004869
0.006980
0.009341
0.009118
0.013128
0.008129
0.001460
0.000092
0.000245
0.000073
0.000293
0.002339
0.009836
0.019855
0.019649
0.021861
0.021704
0.016420
0.027626
0.035454
0.025965
0.009778
0.000492
0.000000
0.000000
0.000000
0.000000
0.000000
0.002212
0.022068
0.058082
0.051821
0.010769
0.000000
0.000000
0.000000
0.000000
0.000000
0.000000
0.000000
0.000000
0.000000
0.000000
0.000000
0.000000
0.000000
0.000676
0.015807
0.050595
0.106530
0.185108
0.281754
0.357375
0.359436
0.285234
0.190292
0.111925
0.054837
0.023930
0.033668
0.029015
0.015642
0.033974
0.062236
0.067442
0.050686
0.027400
0.003195
0.000498
0.019192
0.078089
0.184155
0.345341
0.562158
0.835900
1.202352
1.671866
2.249789
2.891622
3.453353
3.454360
2.896737
2.254182
1.669017
1.194545
0.816878
0.524692
0.316254
0.198006
0.173182
0.248904
0.248489
0.170243
0.081386
0.067701
0.138565
0.237481
0.368189
0.520276
0.656615
0.689382
0.616927
0.461624
0.328842
0.393989
0.536218
0.691946
0.805632
0.790087
0.663367
0.507612
0.395842
0.534415
0.824028
1.197168
1.651502
2.141855
2.494684
2.475557
2.081643
1.597422
1.158571
1.125972
1.439401
1.819616
2.152235
2.215513
1.963275
1.629621
1.353898
1.127262
0.909433
0.668949
0.466141
0.385181
0.440607
0.710516
1.197860
1.735252
1.965568
2.167219
2.548728
2.540729
2.141675
1.784491
1.360206
0.985339
0.645561
0.406795
0.279090
0.222395
0.219554
0.175785
0.227406
0.283653
0.353305
0.370361
0.456992
0.391910
0.256529
0.118686
0.084570
0.085419
0.033338
0.000051
0.000000
0.004493
0.037415
0.082132
0.090767
0.172845
0.349452
0.622311
0.971259
1.252102
0.950862
0.600322
0.336712
0.167922
0.072776
0.018325
0.000000
0.000000
0.000000
0.000000
0.000000
0.000000
0.000000
0.000000
0.000000
0.000000
0.000000
0.000000
0.000000
0.000000
0.000000
0.000000
0.000000
0.000000
0.000000
0.000000
0.000000
0.000000
0.000000
0.000000
0.000000
0.000000
0.000000
0.000000
0.000000
0.000000
0.000000
0.000000
0.000000
0.015622
0.077945
0.173089
0.231444
0.211316
0.118574
0.037997
0.003045
0.000000
0.000000
0.000000
0.000000
0.000000
0.000000
0.000000
0.000000
0.000000
0.000000
0.000000
0.000000
0.000000
0.016447
0.084120
0.097084
0.055217
0.019770
0.013693
0.014335
0.012882
0.011843
0.010889
0.010442
0.010224
0.010067
0.009310
0.007130
0.002116
0.000000
0.000000
0.000000
0.000000
0.000000
0.000000
0.000000
0.000000
0.000000
0.000000
0.000000
0.002345
0.000000
0.000000
0.001940
0.063237
0.133576
0.163949
0.171392
0.171438
0.169693
0.163398
0.143210
0.100259
0.040343
0.069808
0.164036
0.310327
0.513623
0.777182
1.100266
1.457658
1.753544
2.184597
2.738189
3.219591
3.235173
2.899168
2.464210
1.950892
1.522755
1.276088
1.375343
1.442174
1.473463
1.640580
1.940520
2.046982
1.882274
1.550507
1.235784
1.017401
0.964184
1.327193
1.735541
2.184979
2.541010
2.659194
2.415729
1.935278
1.460976
1.067433
0.783895
0.606142
0.700252
0.722242
0.723954
0.729140
0.741036
0.740618
0.735432
0.708135
0.617039
0.659012
0.680002
0.788629
0.810628
0.717596
0.585348
0.496384
0.604414
0.710131
0.742782
0.712574
0.813795
0.958999
1.115027
1.280342
1.468838
1.686873
1.938729
2.196959
2.453551
2.642104
2.671684
2.529488
2.300190
2.074673
1.823795
1.580273
1.816039
2.092987
2.385435
2.654733
2.732286
2.695439
2.568800
2.633828
3.293246
4.105363
5.228349
6.789438
7.571874
7.852551
7.678649
6.898634
5.331254
4.169971
3.327249
2.623539
2.896298
3.018955
2.915770
2.657617
2.454007
2.737596
3.113232
3.379234
3.593616
3.708336
3.753999
4.330026
4.718993
4.692334
4.256709
4.312408
4.180854
3.965913
3.714835
3.565395
3.714842
3.960141
4.262169
4.592246
4.889833
5.034467
4.968800
4.756256
4.529181
4.789336
4.927229
4.855548
4.747975
4.692201
4.521154
4.524173
4.641933
4.640527
4.473222
4.427365
4.519882
4.438326
4.488707
4.568235
4.925417
5.275949
5.635981
6.012320
6.432878
6.897151
7.373194
7.695430
7.628775
7.210923
6.790630
6.376797
5.918656
5.479983
5.229918
5.477153
5.453475
5.123163
4.731727
4.484530
4.813999
5.151616
5.308718
5.242297
5.022007
4.930026
4.703734
4.418186
4.126175
3.867537
3.852341
3.675380
3.556536
3.635538
3.553911
3.673770
3.703147
3.504349
3.249042
3.282895
3.052765
2.769233
2.758447
3.113946
3.356723
3.423996
3.830859
4.363889
4.897163
5.155031
4.995583
4.826112
5.746854
6.801940
7.886453
8.711508
8.780032
8.334747
7.431469
6.421443
5.485594
4.655114
4.008434
3.551688
3.213287
3.127622
3.326921
3.359057
3.124801
3.422307
3.825071
3.901261
3.703522
3.540329
3.330661
3.427790
3.608010
4.108261
4.729565
5.259006
5.425114
5.105217
4.578178
4.027204
3.564970
3.386489
3.115480
2.816596
2.912470
2.908638
2.839428
2.832013
2.637519
2.354347
2.064514
2.121300
2.125679
2.040415
1.922029
1.979322
2.094804
2.174946
2.146903
2.041688
1.945682
2.124821
2.232243
2.207471
2.298684
2.475768
2.642839
2.773243
2.771333
2.632627
2.426548
2.469489
2.680000
2.856196
2.963209
2.906151
2.691947
2.451188
2.394009
2.282322
2.269300
2.137665
1.988087
2.158402
2.373486
2.608318
2.766919
2.766234
2.593105
2.341323
2.078169
1.851060
1.635122
1.447059
1.438797
1.559948
1.579237
1.491366
1.438781
1.320032
1.169708
1.005159
0.851822
0.953436
0.959242
0.873007
0.805029
0.703220
0.726459
0.655086
0.689410
0.732161
0.683145
0.567947
0.552141
0.503129
0.421862
0.341967
0.273396
0.279687
0.335030
0.374577
0.406330
0.470812
0.518572
0.688061
0.909566
1.170156
1.457514
1.734346
1.936113
1.937765
1.751697
1.483803
1.234768
0.979553
0.758250
1.044482
1.384921
1.779097
2.248041
2.793909
3.382539
3.976712
4.554975
5.123159
5.910993
6.925247
8.068066
9.459884
10.853775
11.766403
11.786051
10.888058
9.561733
8.253023
7.084632
6.039876
5.153413
4.525662
4.120914
3.791145
4.157346
4.292818
4.012608
3.588017
3.252860
3.471396
3.516531
3.244239
2.845295
2.475216
2.192888
1.899078
1.633983
1.419643
1.382552
1.376462
1.575331
1.780909
2.006360
2.257709
2.532057
2.831848
3.131755
3.355356
3.396178
3.231846
2.944514
2.643642
2.355798
2.061251
1.855097
1.994499
2.073785
1.977433
1.744541
1.481105
1.547801
1.731542
1.944791
2.143065
2.230018
2.356370
2.335139
2.202512
2.347252
2.474875
2.563474
2.553080
2.398077
2.367726
2.592128
2.674484
2.608970
2.394404
2.174118
2.345997
2.574532
2.805754
3.042670
3.304225
3.550480
3.721370
3.748021
3.562106
3.292699
3.470877
3.578218
3.543508
3.362958
3.333045
3.283884
3.178212
3.112749
3.320355
3.605320
3.866299
4.088386
4.279815
4.410505
4.396723
4.387310
4.408152
4.419294
5.246202
6.070363
6.570112
6.697295
6.235405
5.423211
4.603572
4.356711
4.182106
3.990612
4.167864
4.295482
4.232874
3.952595
3.789702
3.494537
3.131956
3.543552
3.869874
4.015578
4.331516
4.871428
5.292705
5.568498
5.531039
5.216201
4.839600
4.444092
4.379767
4.298032
4.307828
4.619028
5.055688
5.437126
5.549107
5.680722
6.131109
6.577895
7.100140
7.622365
8.173173
8.648011
8.857168
8.832653
8.719999
8.647208
8.485085
8.339935
8.011926
7.916274
7.765794
7.390777
6.950982
6.470377
6.056652
5.829523
5.733129
6.138118
6.272810
6.495579
6.996608
7.570080
8.198527
8.761250
8.953442
8.722280
8.055807
7.642262
7.460566
7.217111
7.077672
6.858401
6.515096
6.069231
5.601625
5.188766
5.551545
5.765580
5.788517
5.575397
5.208975
4.820673
4.410073
4.036224
4.256994
4.082789
3.640145
3.194954
2.995229
3.145286
3.033689
2.779096
2.423982
2.078985
1.787094
1.508135
1.273332
1.034020
0.858252
0.672602
0.595266
0.550275
0.442397
0.351535
0.279406
0.265781
0.332884
0.424831
0.521286
0.551180
0.526206
0.505403
0.402653
0.305552
0.349572
0.503865
0.705708
0.914727
1.061049
1.121963
0.999923
0.775028
0.627316
0.875813
1.120811
1.299834
1.129552
0.820787
0.524864
0.313775
0.196336
0.075419
0.004278
0.000000
0.000000
0.000000
0.000000
0.000000
0.000000
0.000000
0.000000
0.000000
0.000000
0.000000
0.000000
0.000000
0.000000
0.000000
0.000000
0.000000
0.000000
0.000000
0.000000
0.000000
0.043980
0.000119
0.035263
0.145172
0.342214
0.645416
1.021635
0.000000
0.000000
0.000000
0.000000
0.000000
0.000000
0.000000
0.000000
0.000000
