track	type=wiggle_0
fixedStep	chrom=chr	start=1	step=1
0.000000
0.000000
0.000000
0.000000
0.000000
0.000000
0.000000
0.000000
0.000000
0.000000
0.000000
0.000000
0.000000
0.000000
0.000000
0.135225
0.377477
0.700644
0.954468
1.057768
0.916442
0.687718
0.706622
0.903464
0.655470
0.370558
0.170837
0.065678
0.015786
0.006002
0.004952
0.005845
0.012503
0.010955
0.000862
0.000000
0.001041
0.010874
0.027048
0.111018
0.349065
0.667168
0.922538
1.105684
1.140679
1.035238
0.944724
1.028822
0.983541
0.836550
0.646590
0.593493
0.794189
1.060894
1.368723
1.668126
1.866642
1.767366
1.515199
1.250346
0.989378
0.747216
0.548959
0.410614
0.285885
0.207803
0.130708
0.085465
0.113030
0.177670
0.261332
0.324482
0.339818
0.333631
0.334048
0.286775
0.491262
1.093176
1.702403
2.158636
2.482198
2.595798
2.518023
2.360683
2.477786
2.476112
2.346134
2.609420
2.912482
3.138089
3.708052
4.034379
4.115840
3.984878
3.829788
3.990796
4.037886
4.004926
4.065030
4.210278
4.346795
4.649340
4.992383
5.288457
5.456982
5.454007
5.319232
5.007496
4.636868
4.270479
3.923698
3.600283
3.321443
3.071712
3.235493
3.672092
4.064705
4.399853
4.447077
4.120619
3.720876
3.390900
3.621524
3.867069
4.048629
4.071878
3.899714
3.659921
3.393323
3.240964
3.435587
3.622813
3.794595
3.909418
3.826954
3.616362
3.525095
3.375169
3.209453
3.075743
2.902463
2.751010
2.416992
2.405040
2.195191
1.987018
2.095085
2.127527
2.044955
1.896069
1.805009
1.684430
1.603659
1.548312
1.521758
1.435071
1.415179
1.556922
1.756024
1.927647
1.994456
1.931759
1.765048
1.560317
1.353786
1.163712
0.990909
0.893093
0.985806
1.009764
0.964336
0.897175
0.876918
0.995447
1.122100
1.232438
1.369510
1.573864
1.822506
2.062144
2.154634
2.062144
1.819361
1.548609
1.298472
1.284003
1.400733
1.410194
1.298580
1.151117
1.046881
1.185274
1.298498
1.308923
1.205053
1.086275
1.061051
1.223019
1.419729
1.629845
1.824922
1.904028
1.825556
1.631283
1.427348
1.242080
1.072229
1.385190
1.024489
0.731022
0.700242
0.755855
0.790520
0.701425
0.606691
0.715787
0.813361
0.895968
1.010992
1.094968
1.108535
1.024361
0.890787
0.767454
0.752690
0.792289
0.761819
0.666488
0.568091
0.522584
0.586090
0.607514
0.577363
0.493972
0.407515
0.338096
0.376980
0.418861
0.471152
0.549539
0.644492
0.744243
0.856090
0.968355
1.038120
1.039916
0.966772
0.855908
0.756570
0.659624
0.562020
0.471936
0.546591
0.599219
0.564908
0.484739
0.386833
0.309781
0.234261
0.167450
0.180397
0.189917
0.214057
0.288454
0.288554
0.204682
0.238427
0.247808
0.196887
0.146376
0.105210
0.133896
0.185655
0.249827
0.313119
0.371972
0.380379
0.340560
0.334840
0.311135
0.433235
0.579683
0.735089
0.852260
0.855784
0.757453
0.771976
0.896979
0.954354
0.900826
0.782276
0.648715
0.525442
0.417084
0.322240
0.239831
0.169166
0.111582
0.091611
0.160209
0.267549
0.457518
0.809183
1.264842
1.462967
1.517139
1.517140
1.472731
1.332974
1.035799
1.191033
1.352845
1.277879
0.993867
0.702738
0.467068
0.274273
0.138533
0.059639
0.050814
0.077444
0.071666
0.048554
0.050173
0.046676
0.042921
0.031391
0.023962
0.008776
0.024871
0.044140
0.045711
0.039360
0.048782
0.076470
0.117292
0.187665
0.239099
0.232142
0.233007
0.292269
0.280258
0.243490
0.134782
0.072145
0.072585
0.140792
0.234185
0.351543
0.478525
0.557455
0.526904
0.432430
0.303813
0.192071
0.108065
0.049352
0.014128
0.000362
0.000000
0.000000
0.000000
0.000000
0.000000
0.000000
0.000000
0.000000
0.000000
0.000000
0.000000
0.000000
0.000000
0.000000
0.000000
0.007902
0.030485
0.065047
0.105792
0.114340
0.114031
0.112497
0.110276
0.102351
0.076086
0.030589
0.000092
0.000000
0.000000
0.000000
0.000000
0.000000
0.000000
0.000000
0.000000
0.000000
0.000000
0.000000
0.000000
0.000000
0.000000
0.000000
0.000000
0.000000
0.000000
0.000000
0.000000
0.000000
0.000000
0.000000
0.000000
0.000000
0.000000
0.000000
0.000000
0.000000
0.000000
0.000000
0.003539
0.050899
0.168746
0.392158
0.760704
0.936337
0.985069
0.994650
0.994650
0.994650
0.994650
0.985069
0.936748
0.763100
0.401628
0.258106
0.451653
0.697954
0.974316
1.136779
1.058293
0.856460
0.593341
0.538963
0.728794
0.811389
0.918410
1.090187
1.147847
1.039388
0.833169
0.815873
1.178351
1.625875
2.129137
2.668838
3.102773
2.885298
2.382833
1.858729
1.409014
1.120354
0.979261
0.727437
0.502750
0.413955
0.578136
0.658998
0.591067
0.391213
0.194791
0.121570
0.057993
0.020921
0.003583
0.007074
0.031188
0.072433
0.188499
0.234172
0.184337
0.068189
0.010453
0.000000
0.000000
0.000242
0.001152
0.001135
0.000000
0.000000
0.000000
0.001442
0.000566
0.007869
0.025904
0.054729
0.094378
0.144922
0.206937
0.396133
0.641942
0.877562
0.853769
0.613178
0.494252
0.596216
0.678030
0.692130
0.638722
0.674931
0.708141
0.787655
0.834107
0.782163
0.906680
1.005132
1.016443
0.959242
1.038479
1.149020
1.230952
1.322724
1.340232
1.240748
1.107022
0.954506
0.808910
0.676478
0.722368
0.837391
0.935248
0.978345
1.122501
1.311195
1.505371
1.655338
1.657610
1.582201
1.811536
1.912335
1.895146
1.759420
1.527536
1.438719
1.763350
2.129015
2.527919
2.943814
3.439893
3.941689
4.286389
4.303495
3.999789
3.484356
2.990839
2.585301
2.520526
2.595664
2.614388
2.865687
3.246728
3.472004
4.165796
5.070467
6.109248
7.281000
8.637800
10.640705
11.733903
10.622202
8.551318
7.161417
6.034328
5.260633
5.542201
5.562558
5.652068
6.057443
6.738709
6.989477
6.713456
6.062249
5.283957
4.524136
3.843788
3.242884
2.726959
2.263727
1.853987
1.879928
1.688526
1.379300
1.009125
0.684175
0.430541
0.271840
0.170701
0.105298
0.062356
0.088861
0.108421
0.120302
0.141508
0.165510
0.174569
0.143559
0.204173
0.282602
0.381838
0.491681
0.566253
0.577899
0.514405
0.403584
0.296844
0.250712
0.251692
0.204860
0.182750
0.153397
0.181479
0.179535
0.142961
0.125571
0.164881
0.179396
0.171757
0.143202
0.112711
0.078102
0.052035
0.041176
0.028882
0.022047
0.080249
0.228554
0.532803
0.777631
0.922872
1.084233
1.279100
1.072301
0.920860
0.835175
0.786518
0.762035
0.742039
0.685687
0.560287
0.444273
0.280587
0.163882
0.112740
0.072864
0.033063
0.011068
0.019436
0.027640
0.027580
0.017148
0.006300
0.000857
0.000000
0.000000
0.000000
0.000000
0.000000
0.000000
0.000000
0.000000
0.000000
0.000000
0.000000
0.000003
0.000436
0.001311
0.005718
0.012375
0.013865
0.008782
0.004463
0.002443
0.011268
0.020690
0.042449
0.079835
0.133211
0.200493
0.276495
0.370931
0.488377
0.611602
0.698876
0.721176
0.659398
0.551866
0.441731
0.339286
0.248492
0.171596
0.109147
0.119896
0.111299
0.073996
0.123623
0.216620
0.365009
0.571462
0.829916
1.107109
1.311674
1.332900
1.222075
1.191195
1.573442
2.098962
2.941418
3.708203
4.013878
4.093575
4.107118
4.111413
4.108584
4.039316
3.750796
3.050060
2.955839
2.695065
2.651703
2.534463
2.389228
2.736065
3.258590
3.229586
3.191565
2.979965
2.539416
2.067970
1.650402
1.301035
1.017930
0.788228
0.724021
0.786703
0.858742
0.955235
1.046786
1.168018
1.304808
1.450485
1.595136
1.733082
1.797384
1.776290
1.669971
1.550302
1.440100
1.314386
1.380626
1.576204
1.689300
1.723208
1.677981
1.578683
1.584196
1.378392
1.266056
1.443316
1.630010
1.811422
1.956658
2.038668
2.200393
2.419154
2.669511
2.931378
3.192737
3.411420
3.515231
3.441983
3.581116
3.553312
3.415903
3.579818
3.632167
3.570084
3.559214
3.779705
3.962812
4.116118
4.125360
4.159995
4.450008
4.641520
4.620632
4.755302
4.953232
5.195218
5.498196
5.831554
6.141585
6.411535
6.588725
6.513002
6.433052
6.658145
6.816767
6.758534
6.496387
6.174615
6.416752
6.586386
7.446161
8.475188
8.822525
8.384036
7.382453
6.540594
6.197207
5.827673
5.889593
6.365528
7.053100
7.777358
8.501462
9.157737
9.966084
10.898861
11.957888
13.124457
14.349266
15.424280
15.954262
15.686344
14.646547
13.505462
13.031189
12.843451
12.807970
12.441425
11.857636
11.509829
11.153601
11.589289
12.421058
14.016311
15.468270
16.132235
15.497634
14.079907
14.647017
15.430819
15.873639
15.675932
15.044748
14.339291
13.728211
12.994629
12.438313
11.754031
11.005254
10.285687
9.624037
9.004890
8.937241
9.268769
9.731154
10.012680
9.963205
9.642786
9.143073
8.658349
8.169619
8.433550
8.508233
8.288759
7.903829
7.521337
8.030293
8.573262
9.086212
9.421671
9.447176
9.176622
8.709358
8.216540
7.907568
7.550248
7.183931
6.865334
6.556964
6.242453
5.928463
5.580451
5.213819
4.890623
4.734725
4.522902
4.282951
4.054865
3.866588
3.766535
3.638758
3.439437
3.227345
3.035976
3.212450
3.398594
3.613210
3.820568
3.978752
4.054924
3.940502
3.751772
3.694263
3.850450
4.019049
4.589146
5.022779
5.295877
5.435495
5.416014
5.244645
4.947194
4.583746
4.282403
4.208344
4.180094
4.060104
3.860085
3.607281
3.376614
3.581679
3.843818
4.060564
4.243122
4.260751
4.129591
3.935958
3.696653
3.451289
3.220044
2.992003
2.758223
2.647853
2.526112
2.344250
2.159291
1.867435
1.681837
1.946426
2.249411
2.296873
2.011404
2.427275
2.885116
3.104467
3.202162
3.192058
3.044965
2.650374
1.876306
1.315219
0.985316
0.714612
0.472707
0.284495
0.150354
0.089186
0.060114
0.037599
0.038781
0.023425
0.009828
0.001555
0.000024
0.000879
0.000113
0.000000
0.000000
0.000000
0.000000
0.000108
0.000071
0.000000
0.000000
0.000000
0.000000
0.000000
0.000000
0.000000
0.000000
0.000000
0.000000
0.000000
0.000000
0.000000
0.000000
0.000000
0.000000
0.000000
0.000000
0.000000
0.000000
0.000005
0.011007
0.042271
0.103599
0.195419
0.296992
0.358726
0.318256
0.218751
0.147414
0.161109
0.238358
0.391839
0.514375
0.752541
0.873449
1.179248
1.537661
1.975604
2.476907
3.022040
3.533064
3.804479
3.528024
3.052684
2.485526
1.965225
1.528691
1.154119
0.885308
0.865485
0.790346
0.636508
0.414970
0.162783
0.045552
0.001920
0.000710
0.000000
0.000000
0.000000
0.000000
0.000000
0.000000
0.000000
0.000000
0.000000
0.000000
0.000000
0.000000
0.000000
0.000000
0.000000
0.000000
0.000000
0.000000
0.000000
0.000000
0.000000
0.000000
0.000000
0.000635
0.006496
0.009164
0.009888
0.009864
0.009799
0.009767
0.009892
0.009129
0.005462
0.000000
0.000000
0.000000
0.000000
0.000000
0.000000
0.000000
0.000000
0.000000
0.000000
0.000000
0.000000
0.000000
0.000000
0.000000
0.000000
0.000000
0.000000
0.000000
0.000000
0.000000
0.000000
0.003718
0.052812
0.167655
0.365934
0.680837
0.941850
1.052536
1.044407
0.916211
0.614529
0.346475
0.166244
0.054797
0.046852
0.116916
0.227441
0.365496
0.489334
0.549357
0.471336
0.385469
0.564833
0.788113
0.988329
1.020498
0.991052
1.419206
1.626917
1.413212
0.884200
0.539779
0.304433
0.143172
0.046051
0.004408
0.006636
0.015947
0.011299
0.002092
0.004835
0.023432
0.052349
0.065156
0.049959
0.054707
0.087478
0.089015
0.055554
0.018135
0.000634
0.000000
0.000000
0.010785
0.077061
0.211396
0.368254
0.440530
0.473262
0.738618
1.036625
1.305291
1.300811
1.043214
0.776928
0.609493
0.446234
0.282892
0.159885
0.171459
0.215529
0.218038
0.173818
0.127628
0.284057
0.423988
0.420926
0.271032
0.104874
0.025854
0.000471
0.003495
0.011536
0.037911
0.081234
0.143456
0.230340
0.343374
0.469656
0.556595
0.554585
0.474383
0.406002
0.474467
0.509378
0.438109
0.532754
0.701562
0.880101
0.982572
0.977674
0.870597
0.693722
0.796074
0.787642
0.642328
0.472142
0.567792
0.762234
1.028136
1.332062
1.580857
1.884227
2.393905
3.040272
3.790102
4.544066
5.118223
5.161044
4.672773
3.869874
3.095666
2.433397
1.877549
1.413671
1.034804
0.733063
0.657571
0.613463
0.510724
0.637666
0.795802
0.852058
0.738152
0.579205
0.502332
0.630528
0.818868
1.022758
1.172092
1.318011
1.588263
1.816585
1.973259
2.221919
2.258352
2.076705
1.802006
1.513705
1.258535
1.040626
0.856552
0.674362
0.515567
0.557193
0.826828
1.171834
1.591272
2.085297
2.634143
3.068402
3.081226
2.651493
2.113475
1.623641
1.209557
0.869100
0.597892
0.384927
0.221887
0.105539
0.033682
0.027037
0.036517
0.063768
0.156441
0.199478
0.139961
0.044668
0.013491
0.002441
0.000000
0.000000
0.000000
0.000000
0.000000
0.000092
0.005040
0.015947
0.032079
0.049850
0.059367
0.047673
0.029311
0.011025
0.000998
0.000000
0.000000
0.000000
0.000000
0.000000
0.000000
0.000000
0.000000
0.000000
0.000000
0.000000
0.000000
0.000000
0.000000
0.014205
0.015054
0.000005
0.000000
0.000000
0.001052
0.022144
0.056327
0.049648
0.011175
0.000000
0.000000
0.000000
0.000000
0.000000
0.000000
0.000000
0.000000
0.000000
0.000000
0.000000
0.000000
0.000000
0.000000
0.000000
0.000000
0.000000
0.000000
0.000000
0.000000
0.000000
0.000000
0.000000
0.000000
0.000000
0.000000
0.000000
0.000000
0.000000
0.001882
0.005220
0.006231
0.007038
0.003778
0.012026
0.040381
0.125376
0.291220
0.556079
0.742264
0.922241
1.305700
1.766948
2.282134
2.706149
3.201103
3.710293
3.700820
3.133747
2.472846
1.871566
1.373368
0.972436
0.655168
0.416063
0.263453
0.272638
0.354376
0.350279
0.261806
0.150486
0.159320
0.261108
0.391258
0.546617
0.706411
0.790726
0.785464
0.690655
0.597790
0.732942
0.893463
0.973392
0.867350
0.678494
0.715631
0.690860
0.592276
0.721725
0.892400
0.971243
1.065684
1.393067
1.596058
1.438415
1.182669
0.884122
0.933396
0.981085
0.867384
0.777440
0.996269
1.141987
1.132802
0.982789
0.765023
0.733644
1.073292
1.463306
1.779296
1.900275
1.786718
1.816203
1.761289
1.543717
1.852589
2.005455
2.052700
2.076656
2.089597
2.110507
2.112020
2.241129
2.691697
2.723513
2.244571
1.914529
1.542231
1.172778
0.860300
0.608532
0.425165
0.397870
0.562965
0.676608
0.613778
0.430762
0.517909
0.481740
0.354048
0.219692
0.118082
0.071395
0.070396
0.066735
0.118920
0.128555
0.215302
0.404060
0.686676
1.045013
1.326982
1.023550
0.664406
0.390874
0.209306
0.115766
0.088187
0.070182
0.129328
0.200228
0.268167
0.324145
0.367408
0.366411
0.333742
0.274319
0.215521
0.242918
0.288502
0.292543
0.245968
0.183094
0.155059
0.216824
0.293373
0.369791
0.427850
0.427915
0.375719
0.299042
0.278548
0.267949
0.217879
0.195187
0.245707
0.297797
0.309694
0.264079
0.245479
0.289365
0.291942
0.257850
0.374603
0.632928
0.976632
1.414566
2.086751
2.547731
2.714412
2.747954
2.745331
2.703649
2.534591
2.081960
1.424783
1.019041
0.764961
0.496272
0.326163
0.498467
0.705309
0.981159
1.310907
1.642990
1.828173
1.766495
1.455400
1.139502
1.266188
1.491743
1.604234
1.550688
1.744643
2.193319
3.079753
4.014455
4.394460
4.484819
4.491059
4.499136
4.483875
4.354038
4.007513
3.197666
2.577143
2.153699
2.004068
2.089329
1.887811
1.507601
1.396704
1.457286
1.568575
1.749215
1.873803
1.835781
2.167467
2.566712
3.021780
3.525366
3.984636
4.246038
4.134984
3.704298
3.197389
2.716431
2.289729
2.207245
2.726731
3.345937
4.018548
4.560800
4.645069
4.175259
3.569210
2.908292
2.301727
1.820987
1.429213
1.145646
0.910438
0.940946
1.177220
1.336562
1.336215
1.196081
0.969411
0.770878
0.626605
0.455784
0.310480
0.345935
0.353864
0.254283
0.289764
0.328766
0.396914
0.459762
0.522891
0.576925
0.593161
0.618216
0.596996
0.518062
0.423220
0.333586
0.307555
0.357262
0.442814
0.554460
0.636395
0.680077
0.769216
0.783187
0.730466
0.627399
0.615247
0.690980
0.695123
0.624349
0.527137
0.480545
0.542586
0.581096
0.526812
0.442507
0.353524
0.361039
0.441294
0.510887
0.575177
0.622604
0.617934
0.544038
0.450882
0.359416
0.300252
0.256293
0.309798
0.504999
0.654879
0.617908
0.473015
0.539510
0.789092
1.119532
1.538692
2.138554
2.884775
3.223265
3.350626
3.298255
2.962957
2.176971
1.588488
1.597153
1.682009
1.465954
1.224509
1.104081
1.179958
1.349731
1.536844
1.710941
1.874885
2.001293
2.081663
2.012575
2.156283
2.418402
2.495203
2.272303
1.939793
2.099267
2.135686
2.072342
2.279988
2.954997
3.855481
4.134873
3.730532
2.617625
1.828129
1.311898
1.387713
1.532076
1.690463
1.805472
1.807688
1.737763
1.677462
1.831067
1.929095
2.002933
2.258765
2.526607
2.739272
3.009352
3.385562
3.874951
4.272155
4.651881
4.977728
5.214395
5.381894
5.360159
5.178455
5.026111
5.181501
5.509587
5.830284
6.156584
6.426402
6.713899
6.877692
6.938661
6.722621
6.866761
7.274895
7.716498
8.184571
8.610486
8.804101
8.666741
8.279819
7.848249
7.566031
7.953126
8.088769
7.912450
7.511461
7.102161
6.696451
6.402363
6.112785
5.818586
5.961874
6.200190
6.381037
6.517519
6.478085
6.638352
6.891579
7.354011
7.715611
7.916437
7.883590
7.587702
7.226986
6.818741
6.375431
5.924596
5.506341
5.225951
5.123436
4.888109
4.658899
4.925415
5.120758
5.132959
5.090270
5.321436
5.324377
5.140297
4.820083
4.464985
4.128590
3.836729
3.602564
3.491678
3.501384
3.633801
3.894869
3.865902
3.895489
3.924195
4.192011
4.362911
4.734824
5.337006
5.903850
6.145672
5.816990
5.203118
4.547683
4.003206
3.777839
3.460592
3.129410
3.198575
3.208867
2.964759
2.680080
2.498831
2.439290
2.587822
2.714776
2.600065
2.468412
2.213080
1.957949
1.718596
1.446646
1.180636
1.168291
1.144158
1.129431
1.081358
1.048015
1.003026
1.208753
1.386722
1.481334
1.360822
1.223584
1.554281
1.713910
2.031530
2.498662
2.896317
3.067344
2.780335
2.345502
1.900321
1.485782
1.511443
1.565494
1.638245
1.795669
1.941250
2.107241
2.176197
2.216151
2.128577
1.946602
1.963120
1.914078
1.775714
1.590106
1.407735
1.367350
1.325977
1.223725
1.119691
1.037418
0.910997
0.919896
1.058998
1.140579
1.129353
1.260513
1.457752
1.667952
1.846741
1.908298
1.804894
1.584117
1.414710
1.240414
1.034791
0.973088
1.079497
1.168561
1.261961
1.377872
1.542096
1.669039
1.730600
1.791058
1.996139
2.263468
2.430187
2.476485
2.386256
2.107751
1.829468
1.678840
1.857917
2.009939
2.040652
1.978649
1.809456
1.700904
1.815403
1.899349
2.052302
2.422899
2.882287
3.206531
3.283135
3.654015
4.267386
5.078505
6.028850
6.955741
7.875464
8.534594
8.522455
7.809586
6.699092
5.613941
4.660825
3.837378
3.149263
2.730988
2.395156
2.219506
2.508763
2.568768
2.303681
1.955455
1.637230
1.329686
1.082418
0.939076
1.170736
1.342199
1.343179
1.170152
1.150352
1.343165
1.559717
1.808073
2.072788
2.337904
2.624019
2.926264
3.262806
3.645616
4.120053
4.756410
5.294564
5.367361
5.070048
4.657249
4.213280
3.802204
3.445369
3.195235
3.218224
3.154486
2.887035
2.559066
2.257915
2.024139
1.992212
2.055387
1.992067
1.824681
1.633353
1.723107
1.824250
1.846251
1.990539
2.220989
2.474550
2.748660
3.008126
3.191871
3.172110
2.967933
2.703201
2.464500
2.441940
2.695369
2.935570
3.182047
3.374555
3.472949
3.449223
3.312333
3.503488
3.738382
3.962733
4.048335
3.963324
3.744510
4.179768
4.647198
4.992935
5.371193
5.759041
6.122005
6.439413
6.670685
6.819263
6.739441
6.546098
6.345181
6.440504
6.648155
6.863605
7.203833
7.594357
7.871480
7.901045
7.616158
7.195610
6.818293
6.591555
6.816745
6.820488
6.616724
6.314807
6.040111
5.927624
5.786093
5.487147
4.985816
4.600554
4.400536
4.200628
3.888261
3.524633
3.127381
2.821130
2.518589
2.443012
2.410049
2.280949
2.108470
2.305024
2.440786
2.450908
2.290021
2.405381
2.655609
2.953066
3.656502
4.410894
4.947387
4.942054
4.541349
4.553748
4.550817
4.803057
5.048751
5.163629
5.086781
5.030717
4.962349
4.678166
4.780364
5.212409
5.634871
5.879385
5.987122
6.381201
7.053203
7.646114
8.324207
9.019525
9.755381
10.419673
10.677933
10.455140
9.730328
8.886078
8.061983
7.322256
6.909749
6.764843
7.268411
7.829110
8.418923
9.012748
9.560144
9.975791
10.033908
9.813156
9.316590
8.788986
8.204652
7.651426
7.115851
6.585698
6.067119
5.567994
5.115861
4.701425
4.699398
4.835140
4.762894
4.504180
4.238649
4.086213
4.156274
4.303025
4.335181
4.207881
3.919830
3.599627
3.329412
3.199553
3.032704
2.890104
2.680931
2.522433
2.291999
2.259740
2.206692
2.151170
1.909619
2.044386
2.182711
2.390899
2.865446
3.345160
3.655604
3.815312
3.561543
3.100440
3.365078
3.977386
4.562868
4.986961
4.616138
3.877650
3.092793
2.396776
1.820764
1.341725
1.152329
1.316378
1.369727
1.285275
1.084017
0.864753
0.670756
0.517769
0.451237
0.490581
0.450220
0.383216
0.302576
0.193062
0.145107
0.082049
0.029787
0.006129
0.006001
0.000231
0.000000
0.000000
0.000000
0.000000
0.005111
0.026099
0.063663
0.110702
0.129214
0.069869
0.083963
0.201150
0.381039
0.613746
0.948403
1.331279
1.578618
1.338574
0.977116
0.957667
1.088341
1.165739
1.015920
0.989208
1.130398
1.291985
1.533454
1.856827
2.126526
2.017216
0.928468
1.036492
1.179815
0.859134
0.545166
0.310174
0.137213
0.035283
0.000000
0.000000
0.000000
0.000000
0.000000
0.000000
0.002669
0.025519
0.000000
0.000000
0.000000
0.000000
0.000000
0.000000
0.000000
0.000000
0.000000
