track	type=wiggle_0
fixedStep	chrom=chr	start=1	step=1
0.000000
0.000000
0.000000
0.000000
0.000000
0.000000
0.000000
0.000000
0.000000
0.000000
0.000000
0.000000
0.000000
0.000000
0.000000
0.019427
0.082564
0.220526
0.459686
0.924057
1.186703
1.262229
1.277778
1.277778
1.277778
1.250698
1.169017
0.912815
0.800504
0.660363
0.463973
0.294934
0.200650
0.290792
0.407759
0.507638
0.517841
0.742598
0.964048
1.061146
0.917757
0.683926
0.722347
0.926137
0.670150
0.377445
0.171611
0.064414
0.014670
0.091550
0.285877
0.538145
0.702108
0.758538
0.707640
0.575437
0.454362
0.461527
0.576892
0.686558
0.698179
0.721918
0.877022
1.029106
1.053798
0.950575
0.870020
0.952037
0.909970
0.767119
0.583795
0.544842
0.744597
1.005523
1.307597
1.601211
1.798669
1.700706
1.451287
1.191399
0.934790
0.695950
0.501943
0.412927
0.370969
0.303549
0.597020
1.203307
1.815103
2.243745
2.438090
2.431758
2.244218
2.110644
2.098838
2.286531
2.452688
2.532887
2.717937
3.017500
3.578257
3.823241
3.866897
3.781180
3.603854
3.381021
3.585038
3.810220
3.877368
4.039566
4.305988
4.531062
4.579384
4.432665
4.282805
4.459909
4.511181
4.474321
4.538709
4.701609
4.853118
5.179946
5.548122
5.869073
6.059468
6.077075
5.934372
5.598198
5.200276
4.800916
4.424181
4.070252
3.765574
3.534709
4.001935
4.494138
4.941576
5.331284
5.382948
5.050317
4.596972
4.066184
3.961914
4.227711
4.423318
4.460235
4.337444
4.149457
3.714327
3.595806
3.818945
4.003125
4.182421
4.333442
4.317380
3.995452
3.833733
3.651316
3.510540
3.365677
3.143896
2.899894
2.664210
2.451015
2.281961
2.181011
2.298315
2.333357
2.243389
2.083534
1.998218
1.985712
1.961290
1.939566
1.750729
1.715228
1.707837
1.920156
2.150063
2.347515
2.427101
2.382084
2.246725
1.922433
1.686422
1.468458
1.267685
1.088438
1.180256
1.208142
1.156996
1.054250
1.072971
1.207494
1.351244
1.476352
1.633429
1.820387
1.975702
2.002491
2.037349
1.968436
1.827251
1.440104
1.300396
1.155980
1.261372
1.269176
1.163212
1.023281
0.926889
1.058247
1.165802
1.175855
1.077115
0.994897
1.117427
1.181678
1.290055
1.491771
1.680134
1.757327
1.680743
1.493122
1.297222
1.119009
1.085343
1.417785
1.044626
0.708763
0.656190
0.695617
0.727030
0.637378
0.507025
0.609695
0.702458
0.780745
0.886705
0.966853
0.980099
0.899812
0.776232
0.659850
0.642232
0.678443
0.650192
0.563534
0.471415
0.427410
0.484030
0.503369
0.475790
0.399605
0.321815
0.285920
0.262385
0.213396
0.174597
0.203110
0.218610
0.242340
0.291854
0.297684
0.260976
0.196754
0.175034
0.199888
0.196862
0.222346
0.300131
0.384836
0.460277
0.509297
0.477629
0.402977
0.313206
0.245857
0.178120
0.200017
0.256865
0.291829
0.288640
0.289399
0.289618
0.198033
0.242176
0.254676
0.163024
0.072010
0.043521
0.029809
0.035230
0.031743
0.011473
0.019406
0.053354
0.104062
0.171312
0.261659
0.374723
0.512667
0.659755
0.770431
0.773742
0.681007
0.558622
0.421039
0.300299
0.227578
0.318998
0.402402
0.432224
0.376501
0.292986
0.203813
0.130035
0.077434
0.064168
0.156034
0.266487
0.462007
0.823788
1.287499
1.489232
1.544424
1.544424
1.499084
1.356528
1.053486
1.186442
1.353921
1.278943
0.991105
0.695873
0.455794
0.264966
0.293689
0.406270
0.488615
0.496147
0.429260
0.300201
0.172030
0.079257
0.025139
0.029251
0.033763
0.023227
0.036064
0.130316
0.302426
0.569027
0.743306
0.811244
0.811244
0.738602
0.543412
0.352163
0.462032
0.547828
0.533439
0.434758
0.315064
0.211198
0.237061
0.358986
0.512077
0.691930
0.875730
0.996431
0.956654
0.808250
0.618327
0.447201
0.306160
0.371985
0.398486
0.225576
0.074422
0.010048
0.000000
0.000000
0.000000
0.000000
0.000000
0.000000
0.000000
0.000000
0.000000
0.000000
0.000000
0.000000
0.000000
0.007604
0.030373
0.066955
0.108554
0.117270
0.116931
0.115357
0.113098
0.105079
0.078464
0.032149
0.000117
0.000000
0.000000
0.000000
0.000000
0.000000
0.000000
0.000000
0.000000
0.000000
0.000000
0.000000
0.000000
0.000000
0.000000
0.000000
0.000000
0.000000
0.000000
0.000000
0.000000
0.000000
0.000000
0.000000
0.000000
0.000000
0.000000
0.000000
0.000000
0.000000
0.000000
0.000000
0.002712
0.049514
0.169593
0.399001
0.776386
0.955391
1.005046
1.014809
1.014809
1.014809
1.014809
1.005046
0.961052
0.805620
0.488214
0.246952
0.438253
0.686935
0.962965
1.132275
1.052940
0.844925
0.577753
0.522846
0.716757
0.824646
1.030847
1.143355
1.091908
0.902112
0.710239
0.806444
1.172914
1.634514
2.185203
2.778334
3.173125
3.276083
3.132325
2.649905
2.125484
1.719212
1.332700
1.007071
0.818928
0.651666
0.619302
0.683391
0.608071
0.402951
0.199322
0.120703
0.056415
0.019488
0.002862
0.001703
0.014473
0.075241
0.195238
0.242009
0.190920
0.070748
0.010559
0.000000
0.000000
0.000292
0.001298
0.001278
0.000001
0.000000
0.000000
0.000263
0.000002
0.000021
0.005855
0.022528
0.050296
0.089616
0.200152
0.395638
0.648310
0.891421
0.867067
0.618978
0.373819
0.450822
0.529986
0.641466
0.763984
0.887100
0.978438
0.996069
0.916558
0.794224
0.746332
0.884387
1.009163
1.151623
1.332539
1.516963
1.657753
1.699875
1.595688
1.442553
1.258847
1.084237
0.924368
0.778694
0.647906
0.740464
0.832627
0.874843
1.012650
1.195195
1.382909
1.528440
1.530653
1.466315
1.686753
1.784132
1.767497
1.636524
1.414041
1.346522
1.664170
2.028460
2.423651
2.835620
3.330292
3.834528
4.175413
4.191352
3.888655
3.372774
2.882324
2.490040
2.398790
2.470395
2.487090
2.719334
3.090716
3.366346
4.157955
5.083517
6.154449
7.361941
8.752863
10.823114
11.933334
10.804165
8.664802
7.241351
6.079140
5.277166
5.534254
5.541558
5.617705
5.974261
6.669755
6.921918
6.645755
5.980957
5.194068
4.428746
3.749821
3.162802
2.639446
2.176535
1.857958
1.902075
1.702177
1.384393
1.006194
0.681021
0.447554
0.280911
0.145020
0.072865
0.039268
0.059730
0.073511
0.082545
0.100308
0.120911
0.133620
0.108673
0.153130
0.223008
0.316175
0.422696
0.496899
0.518899
0.473135
0.370235
0.265223
0.243916
0.244734
0.198282
0.180871
0.154473
0.186191
0.185669
0.148841
0.112786
0.146885
0.156498
0.141582
0.115738
0.093980
0.068181
0.044857
0.027822
0.018577
0.015506
0.073298
0.218181
0.518361
0.758518
0.899699
1.059809
1.250691
1.046555
0.897729
0.814251
0.766026
0.740951
0.720317
0.661819
0.535362
0.422300
0.264798
0.159057
0.110214
0.070902
0.031110
0.026282
0.044159
0.057038
0.056431
0.040926
0.022263
0.010546
0.003014
0.000000
0.000000
0.000000
0.000000
0.000000
0.000000
0.000000
0.000000
0.000000
0.000000
0.000000
0.000000
0.000000
0.000000
0.001358
0.002430
0.000557
0.004372
0.020808
0.045419
0.077256
0.123001
0.185656
0.266773
0.362981
0.468912
0.595200
0.746201
0.902989
1.010764
1.032766
0.947834
0.806463
0.663869
0.532747
0.414160
0.310359
0.221753
0.155782
0.117053
0.116417
0.094446
0.177161
0.313560
0.507530
0.756665
1.026702
1.223025
1.242188
1.132992
1.125195
1.500791
2.022862
2.854930
3.603285
3.903485
3.982704
3.997533
4.002698
4.000589
3.934439
3.655389
2.967185
2.864470
2.609036
2.559304
2.443452
2.300835
2.652987
3.175537
3.145012
3.028398
2.822016
2.392093
1.935084
1.529143
1.192447
0.919735
0.734914
0.780500
0.851184
0.925286
1.027449
1.123774
1.251933
1.396551
1.550590
1.701341
1.846125
1.909654
1.882100
1.770090
1.643713
1.524714
1.388559
1.262241
1.153168
1.120860
1.094516
1.019415
0.956333
0.969292
0.907013
1.040531
1.199637
1.372859
1.540537
1.673924
1.753456
1.906297
2.115377
2.351893
2.600260
2.851568
3.059665
3.156757
3.071389
3.206269
3.180108
3.078912
3.234594
3.285721
3.225462
3.218267
3.435233
3.611222
3.760530
3.777055
3.659901
3.509536
3.372599
3.346430
3.261987
3.232651
3.430371
3.672400
3.937850
4.187409
4.403380
4.550413
4.489300
4.415339
4.594085
4.721238
4.670468
4.459135
4.315779
5.179947
6.188069
7.300714
8.330558
8.683630
8.265563
7.270335
6.158768
5.147254
4.978683
5.523427
6.137710
6.814159
7.539161
8.252000
8.894459
9.698919
10.620152
11.667817
12.828895
14.045226
15.113385
15.640493
15.379247
14.342337
13.211831
12.764523
12.580194
12.558088
12.189598
11.608429
11.260068
10.713100
11.352286
12.229530
13.828509
15.286751
15.939128
15.299653
13.885235
12.276360
11.537810
11.885696
11.740924
11.204535
10.621306
10.120888
9.513925
8.988743
8.408456
7.798872
7.216695
6.686427
6.222147
6.215061
6.566998
6.938684
7.165994
7.125040
6.865759
6.449140
6.022230
5.659293
5.917031
5.982097
5.797551
5.485893
5.246907
5.668179
6.112745
6.535615
6.810447
6.831841
6.608491
6.217060
5.804821
5.510947
5.195668
4.891255
4.615779
4.367740
4.121067
3.872930
3.602460
3.314379
3.061920
2.941979
2.780304
2.594202
2.418821
2.277379
2.253123
2.451725
2.651787
2.843768
3.055085
3.241181
3.433700
3.655898
3.876890
4.049231
4.139932
4.035309
3.843631
3.727760
3.910624
4.614451
5.262790
5.789604
6.104471
6.284623
6.279324
6.102377
5.769723
5.375018
5.084102
5.006039
4.987119
4.862078
4.639963
4.354484
4.090677
4.344776
4.659891
4.936908
5.148620
5.174991
5.026263
4.800733
4.528442
4.247504
3.978408
3.716341
3.445647
3.269093
3.128104
2.925245
2.702670
2.360505
2.142875
2.010618
2.161197
2.207694
1.919684
2.375924
2.828617
3.043223
3.133684
3.121799
2.979186
2.594053
1.824974
1.267632
0.957364
0.852266
0.736774
0.628107
0.542894
0.477390
0.395249
0.308471
0.229156
0.160957
0.108875
0.068281
0.036651
0.021088
0.036817
0.035568
0.022209
0.012292
0.003291
0.001988
0.002439
0.000234
0.000592
0.000888
0.000072
0.000038
0.000388
0.003745
0.015732
0.025921
0.023255
0.013895
0.022443
0.015147
0.004945
0.000296
0.000000
0.000000
0.000000
0.000000
0.000000
0.008270
0.031213
0.054061
0.087486
0.155829
0.244843
0.301877
0.267063
0.185556
0.169595
0.251443
0.346582
0.422850
0.596845
0.843655
1.154812
1.528919
1.968048
2.489780
3.080092
3.675382
4.193376
4.429738
4.165203
3.634634
3.006821
2.399912
1.868945
1.424065
1.053779
0.854349
0.782247
0.675803
0.599897
0.507483
0.343239
0.158616
0.030818
0.000680
0.000000
0.000000
0.000000
0.000000
0.000000
0.000000
0.000000
0.000000
0.000000
0.000000
0.000000
0.000000
0.000000
0.000000
0.000000
0.000000
0.000000
0.000000
0.000000
0.000000
0.000000
0.000000
0.000209
0.004868
0.007212
0.007891
0.007917
0.007809
0.007788
0.007865
0.007143
0.003961
0.000000
0.000000
0.000000
0.000000
0.000000
0.000000
0.000000
0.000000
0.000000
0.000000
0.000000
0.000000
0.000000
0.000000
0.000000
0.000000
0.000000
0.000000
0.000000
0.000000
0.000000
0.000000
0.001367
0.043647
0.152583
0.346757
0.659673
0.917062
1.027079
1.020817
0.893509
0.596273
0.329915
0.152769
0.045807
0.029010
0.088716
0.189173
0.319032
0.434869
0.490778
0.415733
0.345581
0.518932
0.738663
0.939810
0.969818
0.961290
1.388733
1.594357
1.383008
0.856031
0.509978
0.278428
0.123351
0.034253
0.001154
0.000105
0.003058
0.001297
0.000000
0.000008
0.007722
0.027487
0.036723
0.025485
0.030454
0.056251
0.056461
0.028422
0.003608
0.000000
0.000000
0.000000
0.006536
0.066198
0.195185
0.344636
0.413452
0.415324
0.669857
0.959598
1.216866
1.212333
0.942617
0.649737
0.398138
0.214741
0.093720
0.024623
0.000400
0.000000
0.000000
0.000000
0.000000
0.000000
0.011649
0.012159
0.000000
0.000000
0.000000
0.000000
0.000000
0.000000
0.000000
0.000000
0.000000
0.000000
0.000051
0.010768
0.031717
0.036177
0.038731
0.069746
0.087468
0.078582
0.044876
0.015511
0.036421
0.046624
0.032998
0.009873
0.002737
0.022111
0.068721
0.125331
0.225150
0.378839
0.582789
0.835532
1.120442
1.410489
1.606018
1.932874
2.454544
3.112533
3.837225
4.472260
4.940700
4.950368
4.471422
3.676845
2.916698
2.269010
1.731411
1.282401
0.918085
0.631630
0.412057
0.254137
0.353883
0.518390
0.663564
0.712189
0.607310
0.460521
0.353601
0.486186
0.656826
0.842322
0.976486
1.071942
1.321206
1.534225
1.628807
1.599726
1.468336
1.243149
1.001077
0.785706
0.606543
0.461838
0.345973
0.238131
0.282820
0.473833
0.730150
1.061034
1.468784
1.952124
2.486093
2.918342
2.933712
2.503018
1.976172
1.498915
1.094544
0.769289
0.511149
0.313448
0.166295
0.067165
0.019792
0.022092
0.030733
0.051624
0.140732
0.182119
0.126401
0.036285
0.000531
0.000000
0.000000
0.000000
0.000000
0.000000
0.000000
0.000000
0.000000
0.000000
0.000000
0.000000
0.000000
0.000000
0.000000
0.000000
0.000000
0.000000
0.000000
0.000000
0.000000
0.000000
0.000000
0.000000
0.000000
0.000000
0.000000
0.000000
0.000000
0.000000
0.000000
0.011486
0.012419
0.000000
0.000000
0.000000
0.000014
0.014958
0.044232
0.038614
0.006077
0.000000
0.000000
0.000000
0.000000
0.000000
0.000000
0.000000
0.000000
0.000000
0.000000
0.000000
0.000000
0.000000
0.000000
0.000000
0.000000
0.000000
0.000000
0.000000
0.000000
0.000000
0.000000
0.000000
0.000969
0.007307
0.038135
0.095877
0.175101
0.297935
0.438483
0.545565
0.562675
0.490829
0.352483
0.218254
0.115154
0.111307
0.271739
0.531697
0.715657
0.847207
1.219795
1.671777
2.179825
2.599875
3.080715
3.580967
3.564861
3.000959
2.347868
1.757441
1.272312
0.884456
0.580115
0.354907
0.213512
0.213388
0.287881
0.284372
0.203799
0.105774
0.100773
0.184366
0.296475
0.435441
0.581951
0.659132
0.656006
0.567763
0.490638
0.617002
0.763224
0.841063
0.737316
0.564031
0.564003
0.546257
0.464278
0.581950
0.736137
0.812138
1.014994
1.337621
1.541794
1.373787
1.118017
0.821270
0.848309
0.893414
0.785570
0.677599
0.886010
1.026955
1.026131
0.898422
0.678040
0.678737
1.019609
1.412940
1.737821
1.857977
1.734353
1.533861
1.361264
1.514914
1.849451
2.004845
2.048830
2.067046
2.062444
2.035694
1.928748
1.710049
1.674576
1.526150
1.169853
1.003253
0.765955
0.527499
0.331988
0.188738
0.149263
0.230822
0.379098
0.485914
0.423160
0.282807
0.156374
0.120308
0.097251
0.040185
0.000630
0.003237
0.009174
0.047695
0.095751
0.104981
0.189092
0.371242
0.649226
1.003470
1.287814
0.984510
0.628646
0.358729
0.183955
0.083871
0.024581
0.007206
0.002097
0.008443
0.025916
0.046465
0.055753
0.051615
0.038122
0.021967
0.016919
0.032850
0.045089
0.036781
0.018495
0.004331
0.001291
0.011580
0.033735
0.063000
0.083145
0.079073
0.054898
0.045736
0.041067
0.046805
0.057386
0.076305
0.082078
0.067442
0.044750
0.033021
0.017259
0.024374
0.055732
0.161444
0.334575
0.586071
0.921241
1.352772
2.015231
2.466742
2.629993
2.665476
2.667743
2.627412
2.461387
2.017262
1.363019
0.961613
0.711084
0.451293
0.255514
0.401168
0.605658
0.862937
1.173321
1.478854
1.658228
1.603753
1.316460
1.565633
1.870365
2.157638
2.300298
2.244395
2.548729
2.994777
3.474580
3.939711
4.390441
4.890637
5.513978
5.938605
5.920164
5.473442
4.798946
4.159766
3.580465
3.050580
2.605947
2.238358
1.893990
1.683195
1.864028
1.924325
1.801156
1.744088
1.778929
1.733729
2.079429
2.498039
2.955908
3.458116
3.901190
4.049443
3.883729
3.453351
2.976064
2.518863
2.109540
2.056185
2.561393
3.162230
3.825794
4.368454
4.450315
3.981130
3.408114
2.753295
2.159910
1.678346
1.300160
1.030253
0.804824
0.822856
1.047745
1.197193
1.197168
1.066224
0.856102
0.672202
0.537019
0.446327
0.390549
0.332201
0.339498
0.257737
0.261255
0.283276
0.340146
0.403457
0.469856
0.540032
0.583307
0.584969
0.647072
0.734142
0.805482
0.833332
0.916615
1.007815
1.140792
1.270507
1.355731
1.310667
1.190366
1.044735
1.109797
1.271615
1.418782
1.486194
1.442798
1.305658
1.226973
1.233700
1.155904
1.009240
1.083054
1.230434
1.349223
1.378743
1.286976
1.131391
1.007046
1.148673
1.185809
1.135743
1.024273
0.968215
1.099298
1.267694
1.366124
1.372528
1.282042
1.128131
0.960257
0.976939
1.133418
1.313660
1.505778
2.138558
2.929034
3.287886
3.391212
3.291301
3.464652
3.776059
3.909654
3.915352
3.829391
3.667340
3.284289
3.195706
3.353123
3.649322
3.963766
4.255272
4.529222
4.739044
4.860145
4.751801
4.504125
4.830354
4.894845
4.642793
4.161821
4.003443
4.133688
4.181022
4.202382
4.163550
4.070049
4.077552
4.126573
4.398701
4.745375
5.124776
5.539286
5.915915
6.071967
6.003200
5.680845
5.296301
4.936208
4.611000
4.288733
4.016106
4.202139
4.279648
4.432121
4.660320
4.771894
4.699922
4.444878
4.178395
4.168030
4.495836
4.786374
5.174582
5.620909
6.018586
6.317084
6.271384
5.987472
5.704950
5.864422
6.095191
6.281747
6.459030
6.808982
6.817864
7.060444
7.793237
8.628931
9.280372
9.577232
9.450708
9.036208
8.554162
8.080861
7.610015
7.460968
7.672591
7.652264
7.405038
7.126050
7.027599
6.774217
6.468070
6.554932
6.769655
6.836497
7.022547
7.031940
6.829084
6.419108
6.060592
5.749959
6.001733
6.091115
5.958620
5.657692
5.312380
4.936300
4.733701
4.726921
4.769427
4.820507
4.665753
4.485605
4.844265
5.130928
5.283762
5.264401
5.144755
5.012054
4.799876
4.552701
4.318692
4.144464
4.053329
4.340447
4.578043
4.728611
4.632301
4.403460
4.078283
3.772636
3.484649
3.422037
3.961004
4.617313
5.297812
5.880311
6.058814
5.698897
5.079681
4.424328
4.344691
4.402161
4.386456
4.482399
4.711922
4.342772
4.035283
3.717175
3.563126
3.467101
3.283190
3.010056
2.759780
2.531697
2.214776
1.884106
1.661644
1.672542
1.745946
1.762263
1.733619
1.652477
1.535576
1.373101
1.186015
0.964693
0.734179
0.636536
0.518655
0.414686
0.417392
0.575017
0.647695
0.626575
0.602843
0.573095
0.558912
0.625534
0.610731
0.566008
0.685729
0.840205
1.011063
1.184169
1.344705
1.527660
1.603956
1.546751
1.394772
1.319859
1.517366
1.634480
1.650970
1.564234
1.416947
1.250906
1.102753
0.983694
0.950407
0.892414
0.859448
0.799418
0.839840
0.961278
1.019626
0.976635
1.102670
1.190453
1.198149
1.078859
1.102405
1.055335
0.938433
0.776224
0.617833
0.507271
0.565667
0.621056
0.728846
0.863527
1.004127
1.113083
1.166202
1.355625
1.697695
1.950610
2.130221
2.210991
2.184145
2.022584
1.757594
1.676167
1.816122
1.898795
1.876218
1.740802
1.585639
1.441140
1.327342
1.471045
1.880897
2.350559
2.802784
3.118751
3.197472
3.564944
4.171349
4.979882
5.926325
6.842081
7.751796
8.410460
8.407784
7.699252
6.592096
5.514811
4.567677
3.743829
3.064957
2.655591
2.325444
2.138185
2.422199
2.478836
2.218884
1.889548
1.635661
1.811700
1.825751
1.622986
1.362867
1.134312
0.950185
0.825061
0.904355
1.076557
1.272053
1.494335
1.734019
1.971747
2.238503
2.526277
2.831455
3.150936
3.466951
3.745177
3.822701
3.679188
3.358559
3.021554
2.703163
2.361639
2.163290
2.331527
2.465057
2.647674
2.631209
2.453495
2.222725
2.060232
2.019801
1.894689
1.914178
1.971503
1.942372
1.998255
2.016158
2.195446
2.485454
2.826462
3.167864
3.515101
3.813213
4.021057
3.976178
3.717292
3.379531
3.066675
2.800400
3.052035
3.350256
3.619977
3.736513
3.720937
3.594262
3.369953
3.331028
3.283912
3.444916
3.578616
3.696637
4.001134
4.310595
4.639701
5.003214
5.363740
5.680230
6.026248
6.241234
6.373860
6.363099
6.155877
5.861561
5.743062
6.107206
6.347144
6.657229
7.035464
7.461395
7.790427
7.858003
7.631002
7.260340
6.894550
6.648199
6.858169
6.840148
6.568352
6.043585
5.411214
4.850672
4.506406
4.227340
3.971321
4.057944
4.011255
3.868007
3.595465
3.753466
3.754741
3.486027
3.121993
3.012062
3.194897
3.194551
2.947444
2.789752
2.929111
2.979621
3.201776
3.434476
3.732844
4.070874
4.430431
4.843710
5.305558
5.724980
5.924125
5.923734
5.853281
5.845910
5.986083
6.176332
6.647690
7.043862
7.203623
6.938854
6.506392
5.990886
5.492292
5.339344
5.329006
5.559974
5.692482
6.065858
6.620000
7.243382
7.895666
8.496449
8.708404
8.487874
7.865529
7.169059
6.504939
5.891229
5.346813
4.990936
5.003506
4.793481
4.723665
5.118482
5.637864
6.112794
6.429580
6.366086
6.052091
5.676272
5.253470
4.828284
4.411897
3.994776
3.586545
3.346129
3.481960
3.489690
3.369777
3.256113
3.129928
3.202812
3.375903
3.555152
3.585965
3.448539
3.170406
2.931622
3.145451
3.272717
3.212168
3.007381
2.807037
3.042287
3.158999
3.239193
3.281161
3.146361
2.897758
2.626334
2.347949
2.093938
1.890968
1.743379
1.837600
1.798072
1.689402
1.538891
1.380196
1.226074
1.060424
1.029546
1.248108
1.432080
1.246395
0.922087
0.607278
0.432758
0.484204
0.450755
0.445989
0.473761
0.430538
0.327723
0.228716
0.172510
0.255847
0.324029
0.400783
0.441209
0.406930
0.311718
0.210276
0.123663
0.060722
0.062046
0.046107
0.045485
0.054468
0.033679
0.015732
0.025279
0.037450
0.060123
0.097186
0.137098
0.144913
0.105936
0.132463
0.247781
0.441647
0.649624
0.719381
0.615855
0.403221
0.297651
0.348994
0.297554
0.507411
0.777152
1.124745
1.570862
2.120850
2.769835
3.493220
4.155073
4.412080
4.798976
4.587337
4.096634
3.353858
2.636286
2.196200
1.738301
1.242386
0.828038
0.510547
0.634308
0.827181
0.922578
0.621181
0.192784
0.112431
0.048627
0.009829
0.000000
0.000000
0.000000
0.000000
0.000000
0.000000
0.000000
0.000000
0.001437
0.039723
0.061176
0.045224
0.004548
0.000000
0.000000
0.799780
0.450096
0.221748
0.098896
0.032998
0.141130
0.316841
0.000000
0.000000
0.000000
0.000000
0.000000
0.000000
0.000000
0.000000
0.000000
