track	type=wiggle_0
fixedStep	chrom=chr	start=1	step=1
0.000000
0.000000
0.000000
0.000000
0.000000
0.000000
0.000000
0.000000
0.000000
0.008254
0.015310
0.019814
0.023171
0.027506
0.092780
0.163345
0.229763
0.375903
0.612657
0.831111
0.599256
0.330845
0.148780
0.061059
0.019517
0.003897
0.007691
0.010015
0.002822
0.000020
0.012425
0.035680
0.034271
0.014271
0.017787
0.065551
0.115161
0.191971
0.272889
0.475525
0.664232
0.834583
0.969135
0.985907
0.906044
0.976714
1.029276
1.089288
1.087779
1.018514
1.217071
1.494511
1.679233
1.590685
1.379367
1.193863
1.110750
0.972385
0.968689
1.086820
1.229215
1.251152
1.118651
0.963205
0.761979
0.666842
0.647839
0.641303
0.534655
0.383000
0.565630
0.872563
1.267438
1.790378
2.700223
3.678228
4.010372
4.087945
4.087945
4.040805
3.836726
3.101634
2.237664
1.577246
1.099229
0.741125
0.478686
0.348480
0.327595
0.227196
0.118756
0.055124
0.069918
0.072020
0.054126
0.028416
0.009748
0.000863
0.000000
0.003925
0.014134
0.033240
0.061119
0.088864
0.096853
0.174392
0.237715
0.236237
0.351405
0.400408
0.411584
0.411584
0.408184
0.393339
0.341197
0.179523
0.080797
0.010117
0.002835
0.000107
0.002861
0.013795
0.043876
0.116178
0.232268
0.264528
0.175501
0.082829
0.026241
0.015470
0.015948
0.014594
0.014149
0.009953
0.050890
0.128048
0.261725
0.448856
0.648085
0.738982
0.653479
0.450330
0.262252
0.127093
0.134317
0.227043
0.349384
0.515921
0.719484
0.911232
1.008181
0.932644
0.747155
0.540310
0.366132
0.233391
0.283569
0.405317
0.585171
0.789541
0.962780
1.199426
1.533663
1.897333
2.032340
1.754575
1.356095
0.969771
0.836152
0.868178
1.035344
1.259806
1.525828
1.774799
1.876243
1.774929
1.530862
1.273297
1.039178
0.828532
0.656398
0.536583
0.436702
0.442099
0.424999
0.343148
0.249666
0.177645
0.183284
0.163417
0.088628
0.054256
0.081956
0.115992
0.147471
0.252461
0.424966
0.615950
0.724012
0.662908
0.471661
0.287883
0.150864
0.061386
0.073946
0.074074
0.067513
0.083399
0.125369
0.174481
0.211728
0.221843
0.191502
0.144987
0.112415
0.083718
0.050595
0.035473
0.019357
0.006763
0.052291
0.072127
0.045266
0.001776
0.009663
0.018202
0.025592
0.024202
0.020602
0.100723
0.265552
0.331721
0.345989
0.327656
0.248780
0.079037
0.006440
0.000000
0.000000
0.000000
0.000000
0.000000
0.000000
0.000000
0.001021
0.009809
0.011803
0.003951
0.000000
0.008486
0.048123
0.142401
0.201965
0.222204
0.201965
0.142743
0.049704
0.010839
0.000000
0.000000
0.000000
0.001085
0.010058
0.015106
0.015548
0.014388
0.011551
0.036630
0.088572
0.136097
0.144940
0.122812
0.167634
0.184030
0.302886
0.497625
0.732461
1.034058
1.385362
1.605173
1.580258
1.310117
1.008221
0.751542
0.511951
0.320483
0.179370
0.082197
0.025925
0.003771
0.000000
0.000000
0.000000
0.000000
0.000000
0.000000
0.000000
0.000000
0.000000
0.000000
0.000000
0.000000
0.000000
0.000000
0.000000
0.000000
0.000000
0.000000
0.000000
0.000000
0.000000
0.000000
0.000000
0.000000
0.000000
0.000000
0.000000
0.000000
0.000000
0.000000
0.000000
0.000000
0.000000
0.000000
0.000000
0.000000
0.000000
0.000000
0.000000
0.000000
0.000000
0.000000
0.000000
0.000000
0.000000
0.000432
0.019506
0.069532
0.147444
0.216728
0.218585
0.158920
0.080925
0.029624
0.003571
0.000000
0.000000
0.000004
0.021902
0.072481
0.181299
0.384906
0.701375
0.747409
0.536498
0.379297
0.220771
0.158750
0.121646
0.066769
0.059264
0.096307
0.154658
0.185485
0.195572
0.195967
0.186765
0.151866
0.078587
0.025606
0.028699
0.008122
0.000000
0.000000
0.000000
0.000000
0.000000
0.000000
0.000000
0.000000
0.000000
0.000000
0.000000
0.000000
0.000000
0.000000
0.000000
0.000000
0.000000
0.000000
0.000000
0.000000
0.000000
0.000000
0.000000
0.000000
0.000000
0.000000
0.000000
0.000000
0.000000
0.000000
0.000000
0.000000
0.000000
0.000000
0.000000
0.000000
0.000000
0.000000
0.000000
0.000000
0.000000
0.000000
0.000000
0.000000
0.000000
0.000000
0.000000
0.000000
0.000000
0.000000
0.000000
0.000000
0.000000
0.000000
0.000000
0.000000
0.000000
0.000000
0.000000
0.000000
0.000000
0.000000
0.000000
0.001600
0.028629
0.092619
0.193801
0.321987
0.496481
0.742471
1.051713
1.438298
1.916487
2.493279
3.180623
3.960446
4.836866
5.737478
5.748756
4.886297
4.020274
3.254083
2.659864
2.398233
2.015256
1.575941
1.185376
0.854927
0.587526
0.379093
0.222791
0.164965
0.128085
0.213620
0.324421
0.457483
0.597680
0.700393
0.711720
0.635689
0.591007
0.621545
0.578356
0.533134
0.499339
0.398824
0.289328
0.188240
0.108511
0.069302
0.100172
0.146696
0.206467
0.277979
0.362030
0.457378
0.565545
0.686721
0.811638
0.925613
1.296582
1.687158
1.924374
1.696821
1.488918
1.683371
1.825035
1.870838
1.973045
1.968622
1.854681
1.691880
1.594657
1.481444
1.321836
1.469414
1.666204
1.865053
2.025997
2.097320
2.011615
1.921165
1.804407
1.686871
1.526708
1.403772
1.454018
1.576794
1.712310
1.960121
2.264485
2.604801
2.956456
3.244951
3.316286
3.121755
2.827670
2.529227
2.368404
2.250681
2.500524
2.738467
2.992461
3.100023
3.585583
4.042660
4.213411
4.045363
3.587945
3.095803
2.646935
2.299328
2.656477
3.004977
3.331756
3.490958
3.604998
3.573349
3.436305
3.375604
3.103843
2.776215
2.451400
2.319326
2.044607
2.371294
2.721611
3.011982
3.088417
3.014880
2.612151
2.077981
1.891616
1.766969
1.657806
1.540268
1.424876
1.537084
1.569407
1.649040
1.810526
1.775562
1.694799
1.931588
2.189510
2.758106
3.220684
3.235606
3.158139
3.292405
3.233672
3.117083
3.060253
3.330290
3.711812
4.132101
4.577505
5.026575
5.423791
5.710952
5.726818
5.466477
5.017453
4.539617
4.090983
3.691739
3.381017
3.097196
2.812778
2.507383
2.211341
1.949722
1.766701
1.726172
1.828153
1.987502
2.117535
2.145390
2.028484
2.042162
1.925323
1.910207
1.992867
2.134937
2.224206
2.378767
2.566503
2.759997
2.864038
2.808752
2.669021
2.870944
3.105758
3.312192
3.438640
3.398600
3.231220
3.034761
2.888335
2.982990
2.924435
2.880537
2.986495
3.229833
3.491831
3.746688
4.019932
4.245423
4.412864
4.430992
4.435361
4.297348
4.080295
3.808460
3.523886
3.247492
2.991161
2.744506
2.513636
2.317886
2.190758
2.192311
2.102026
1.966597
1.830879
1.781583
1.687009
1.585585
1.473505
1.345292
1.223575
1.116555
1.021078
1.010652
0.975249
1.061812
1.217454
1.393191
1.553735
1.654041
1.597875
1.550602
1.778055
2.019865
2.272958
2.538496
2.828887
3.159882
3.535750
3.934721
4.371057
4.815719
5.203160
5.575114
5.644783
5.387617
5.032452
4.631928
4.222423
3.837360
3.467984
3.119996
2.845847
2.661065
2.660314
2.528352
2.312549
2.108423
2.012716
1.951600
1.794980
1.618998
1.424999
1.222423
1.036153
0.917559
1.131084
1.271150
1.257054
1.104301
0.933940
0.731237
0.648441
0.670645
0.598725
0.571721
0.818887
1.087347
1.241595
1.173249
1.437876
1.893076
2.496588
3.055650
3.036827
2.471761
2.016972
1.836499
1.562447
1.735918
2.119257
2.054353
1.498432
1.547767
1.684934
1.835838
1.995220
2.167289
2.351141
2.523881
2.676827
2.827070
2.867756
2.786392
2.645348
2.481294
2.304257
2.115974
1.931130
1.781145
1.756417
1.690362
1.579642
1.471571
1.420991
1.481807
1.327049
1.098449
0.767827
0.844416
0.853699
0.782818
0.686519
0.580691
0.487312
0.551044
0.664108
0.768478
0.841540
0.962525
1.442412
1.803618
2.191668
2.511161
2.780202
2.989147
3.202270
3.396333
3.606939
3.832962
4.062543
4.231334
4.306507
4.309283
4.227394
4.073145
3.951494
3.783026
3.597052
3.614515
3.883613
4.140087
4.365386
4.492024
4.506590
4.488103
4.396715
4.273158
4.092710
3.855829
3.587109
3.325131
3.234704
3.456846
3.725459
4.004220
4.230706
4.319306
4.559850
4.782636
4.794803
4.601350
4.331773
4.037882
3.739964
3.889603
4.178695
4.491340
4.807098
5.022290
5.110720
4.954390
4.650908
4.325548
4.073905
4.415538
4.757388
5.091170
5.416764
5.748130
6.091772
6.466922
6.893566
7.376644
7.921274
8.509141
9.128810
9.804801
10.504609
11.231860
11.991074
12.750507
13.454053
13.864514
13.700449
13.193193
12.546398
11.914911
11.413275
10.978051
10.505787
9.874468
9.205173
8.568993
7.946279
7.346801
7.279336
7.761657
7.994262
7.845403
7.515634
7.272058
7.038780
6.617129
6.470574
6.553343
6.406207
6.105776
5.950687
6.094166
6.565327
7.018637
7.341456
7.402550
7.187110
7.139803
7.443495
7.639903
7.560860
7.306199
7.220780
7.027153
6.715215
6.348697
5.930279
5.489536
5.705068
5.881489
5.788978
5.534443
5.161577
4.764796
4.392657
4.043485
3.739211
3.472384
3.215376
2.906582
2.585888
2.288631
2.033133
2.101861
2.292879
2.487354
2.675904
2.835998
3.158860
3.351372
3.478889
3.442258
3.262137
3.123641
2.957825
2.740483
2.498175
2.235919
1.898497
2.030306
2.136943
2.120421
1.982976
1.797813
1.618755
1.464743
1.358194
1.419593
1.447173
1.406837
1.323783
1.295940
1.276254
1.150530
1.018229
1.301759
1.470206
1.458491
1.266189
1.499653
1.803332
1.966255
1.857507
1.640912
1.937667
1.980009
1.723757
2.200689
2.629546
2.830947
2.967738
2.902488
2.774148
2.424411
1.706062
1.222478
0.892328
0.621585
0.412951
0.292392
0.240206
0.225765
0.257524
0.242484
0.201851
0.168314
0.172109
0.146669
0.104645
0.075064
0.088012
0.088670
0.108736
0.097917
0.068918
0.037611
0.012712
0.034282
0.071972
0.116809
0.155805
0.186663
0.173290
0.130816
0.080258
0.038025
0.012797
0.008056
0.017486
0.019542
0.011647
0.003886
0.005490
0.003819
0.000255
0.000000
0.000077
0.002274
0.000904
0.010789
0.042771
0.103696
0.201084
0.341564
0.529735
0.769268
1.069804
1.435727
1.846042
2.217100
2.425467
2.199496
1.812428
1.419562
1.069434
0.808385
0.753749
0.881583
0.851682
0.704195
0.565845
0.574161
0.487060
0.351382
0.243545
0.197729
0.225619
0.219414
0.206597
0.162479
0.112099
0.064132
0.021536
0.001338
0.001949
0.042830
0.095784
0.122160
0.136568
0.153047
0.173275
0.181165
0.137705
0.061653
0.086747
0.066176
0.034748
0.009526
0.000000
0.000000
0.000000
0.000000
0.000000
0.000000
0.000000
0.000000
0.000000
0.000000
0.000000
0.000000
0.000000
0.000000
0.000000
0.000000
0.000000
0.000000
0.000000
0.000000
0.000000
0.000000
0.000000
0.000000
0.000000
0.000000
0.000000
0.000000
0.000000
0.000000
0.000000
0.000000
0.000000
0.000000
0.000000
0.000000
0.000000
0.000000
0.000000
0.000000
0.000000
0.000000
0.002377
0.046937
0.162225
0.386501
0.740256
0.915704
0.982907
0.974653
0.881323
0.624998
0.309963
0.137795
0.120254
0.135712
0.190439
0.295680
0.469221
0.646840
0.789615
0.934941
1.234356
1.651720
2.098292
2.351334
2.199738
1.818439
1.507918
1.595779
1.364633
0.833909
0.486013
0.300428
0.427163
0.575916
0.745204
0.871938
0.926847
0.894673
0.846656
0.820694
0.823846
0.994224
1.218715
1.400897
1.410673
1.237240
1.024127
0.836782
0.840755
0.704260
0.530768
0.365633
0.231228
0.375343
0.576485
0.821827
1.086818
1.430425
1.871565
2.372815
2.834927
3.093781
2.803110
2.294365
1.797748
1.885123
2.024421
2.004967
2.193813
2.375359
2.392743
2.236070
2.009041
1.876582
1.849971
1.681897
1.492634
1.295916
1.218439
1.503700
1.815747
2.139984
2.478838
2.853983
3.276127
3.708824
4.049969
4.262564
4.166130
4.127267
3.982983
3.819381
3.481264
3.107585
2.723126
2.674608
2.911066
3.115782
3.198744
3.134286
3.146932
3.415824
3.933448
4.427059
4.655430
4.398009
3.910245
3.358536
3.599869
3.845355
4.034050
4.106161
4.012167
3.845174
3.904022
4.304173
4.783460
4.799396
4.290497
3.597754
3.891321
4.142133
4.269130
4.215051
4.036757
4.345261
4.592600
4.622994
4.598460
4.745605
4.771241
4.837976
4.962420
5.228870
5.333706
5.183449
4.971703
4.664619
4.342969
4.192137
4.597214
5.037355
5.517210
6.007261
6.357673
6.794516
7.358479
7.989759
8.700901
9.429980
10.010483
10.140399
9.786632
9.138392
8.438269
7.784094
7.624350
8.171185
8.622939
9.050316
9.534321
10.093136
10.671312
11.005434
10.927168
10.527440
9.933068
9.283985
8.631115
7.983023
7.356701
6.779376
6.241045
5.772164
6.138072
6.549156
6.933933
7.316903
7.412791
7.193019
6.863438
6.828494
7.027927
7.110635
7.012644
7.317618
7.453740
7.725493
7.971901
7.962140
7.709444
7.343249
6.877042
6.407625
5.952575
5.524841
5.128778
4.783421
4.488102
4.594195
4.683560
4.652322
4.408506
4.079651
3.724903
3.393877
3.438976
3.582244
3.799582
4.692137
5.421772
5.459589
5.074943
4.509673
3.481317
3.046196
3.126775
3.281568
3.352727
3.338846
3.310646
3.204431
3.053548
2.877111
2.765438
2.787831
3.206626
3.650717
3.584721
3.082171
2.487573
2.225614
2.084278
1.906319
2.068850
2.370151
2.492123
2.362134
2.124710
2.018683
1.810936
1.887945
2.250562
2.646172
2.842225
2.755275
2.401312
2.860874
3.716044
4.357612
4.366548
3.763117
2.780183
2.057691
2.202206
2.479312
2.629060
2.469454
2.227484
1.932549
1.599522
1.731311
2.206147
2.787848
3.362812
3.920743
3.906537
3.307498
2.612511
1.980280
1.458291
1.034697
0.733199
0.834519
0.898176
0.888187
0.800856
0.659920
0.521067
0.412620
0.322848
0.251569
0.290423
0.298477
0.263486
0.220139
0.287984
0.363993
0.427659
0.453737
0.400602
0.349880
0.403019
0.431622
0.387375
0.281752
0.259146
0.311587
0.409754
0.529702
0.636927
0.677688
0.622481
0.499996
0.377365
0.268502
0.176720
0.103977
0.096548
0.141514
0.149206
0.120146
0.064392
0.110015
0.270059
0.407792
0.514383
0.628233
0.827570
0.930011
0.972712
1.196361
1.551761
1.948419
2.091845
1.911022
1.445115
1.012280
0.669745
0.543470
0.764416
1.041346
1.260347
1.236383
1.002080
0.721671
0.613392
0.545590
0.383603
0.395666
0.692711
1.133379
1.333215
1.397673
1.414872
1.412515
1.365211
1.169980
0.718671
0.386278
0.201053
0.074520
0.010958
0.000000
0.000000
0.000000
0.000000
0.000000
0.000000
0.000000
0.000000
0.000000
0.000000
0.000000
0.000000
0.000000
0.000000
0.000000
0.000000
0.000000
0.000000
0.000000
0.000000
0.000000
0.000000
0.000000
0.000000
0.000000
0.000000
0.000000
0.000000
0.000000
0.000000
0.000000
0.000000
0.000000
0.000000
0.000000
0.000000
0.000000
0.000000
0.000000
0.000000
0.000000
0.000000
0.000000
0.000000
0.000000
0.000000
0.000000
0.000000
0.000000
0.000000
0.000000
0.000000
0.003606
0.063285
0.127960
0.158295
0.167401
0.171420
0.173856
0.173299
0.188677
0.197509
0.211237
0.210975
0.273320
0.460156
0.715801
1.045184
1.448179
1.903447
2.332622
2.507091
2.296709
1.908889
1.517024
1.264627
1.148484
0.951012
0.771126
0.579407
0.376618
0.254859
0.331517
0.434805
0.455647
0.404046
0.297799
0.177729
0.088948
0.071411
0.127287
0.165575
0.182954
0.260395
0.357270
0.471143
0.610955
0.783562
0.986151
1.204304
1.431137
1.584105
1.578557
1.410128
1.166757
0.949587
0.764481
0.604195
0.725446
0.844356
0.943923
0.957645
1.031369
1.138583
1.277190
1.372976
1.355576
1.228426
1.303754
1.559118
1.850804
2.157872
2.449787
2.715361
2.832128
2.683655
2.385454
2.068194
1.766587
1.505092
1.281522
1.215608
1.208193
1.114640
1.123781
1.240232
1.303087
1.465591
1.612683
1.600637
1.489184
1.542854
1.537780
1.708534
2.029917
2.235064
2.215651
2.037628
2.090857
2.244727
2.400292
2.561701
2.745726
2.928568
3.084917
3.203293
3.459440
3.735889
4.011827
4.230707
4.377039
4.453429
4.592230
4.705093
4.712688
4.562370
4.795597
5.095627
5.443304
5.831418
6.207900
6.571512
6.887852
7.095475
6.974283
6.708108
6.316855
5.896883
5.485518
5.111312
4.743657
4.385349
4.051538
3.759141
3.509634
3.226224
3.079294
3.185051
3.261008
3.408912
3.409238
3.407374
3.613297
3.796047
4.394675
5.842050
6.701957
6.948319
6.754553
6.011705
4.695274
4.592964
4.882253
5.268682
5.642422
5.908513
6.104669
6.631815
7.322226
8.092452
8.662317
8.873775
8.792593
8.364143
7.825540
8.131137
8.818073
9.449600
9.951676
10.193112
9.856132
9.279622
8.578014
7.871747
7.211631
6.608872
6.066401
5.571125
5.136291
4.840627
4.645064
4.332568
4.081375
4.207473
4.606662
5.018636
5.393448
5.565824
5.503575
5.342971
5.110568
4.751312
4.731688
5.066275
5.352261
5.470224
5.533593
5.546726
5.327001
4.997131
4.648637
4.562701
4.756985
4.869742
4.758577
4.478661
4.088566
3.807455
3.899281
4.008276
4.051873
4.057216
3.911216
3.721078
3.781410
3.766481
3.960696
4.045947
3.992870
3.802911
3.543490
3.272624
3.011455
2.756528
2.514362
2.321017
2.282315
2.133502
1.948465
1.771539
1.762971
1.718927
1.577080
1.403954
1.237201
1.088449
0.945777
0.914934
1.045548
1.209252
1.353162
1.397003
1.307460
1.151982
0.973876
0.815651
0.672742
0.693202
1.064786
1.549219
2.186866
2.969667
3.487329
3.718327
3.827647
3.852758
3.823760
3.693727
3.425986
2.791865
1.834226
1.781990
2.138522
2.598675
3.186936
3.843032
4.369420
4.640755
4.330754
3.888714
3.261709
2.658802
2.214775
2.503355
2.887971
2.791546
2.532446
2.932656
3.310135
3.795439
4.219806
4.442737
4.266284
3.847896
3.332392
3.016539
2.786139
2.562641
2.676227
2.588413
2.298150
1.896992
1.521665
1.202159
0.929446
0.722453
1.000677
1.386274
1.877443
2.481797
3.148711
3.669168
3.685435
3.183414
2.522074
1.921939
1.455949
1.090548
0.774762
0.514293
0.314751
0.188167
0.233436
0.318040
0.633441
0.769409
0.726372
0.542988
0.293615
0.191505
0.221766
0.256702
0.290433
0.315463
0.354985
0.417358
0.485113
0.525603
0.550742
0.520086
0.445536
0.467306
0.487852
0.478338
0.406075
0.337645
0.277489
0.240444
0.299002
0.352034
0.396979
0.413204
0.404734
0.409604
0.364322
0.295021
0.220942
0.155139
0.104275
0.063069
0.056650
0.059767
0.066452
0.142114
0.273704
0.414110
0.497596
0.411497
0.311879
0.289167
0.216606
0.089296
0.102988
0.135797
0.174520
0.209142
0.206375
0.167647
0.131899
0.204554
0.271032
0.337003
0.473180
0.643912
0.828798
0.958704
0.965789
0.948664
1.221645
1.434845
1.667260
2.006270
2.468114
3.012795
3.562043
3.965662
3.963380
3.558628
3.058980
2.620756
2.228615
2.162416
2.569080
3.529869
3.824940
3.573091
2.859983
2.356673
2.160733
2.249775
2.182266
1.892271
1.596033
1.678313
1.826795
2.069858
2.415714
2.727301
2.744004
2.445867
2.032840
1.625148
1.268498
1.316756
1.484808
1.722980
2.097164
2.324671
2.085368
1.685680
1.278289
1.009843
0.989023
1.108212
1.169070
1.252372
1.454024
1.610008
1.668966
1.763319
1.756016
1.700684
1.871343
2.115118
2.399041
2.695316
2.998401
3.242464
3.417226
3.360146
3.081421
2.734541
2.392981
2.076873
1.790177
1.825948
2.005003
2.073225
2.120799
2.092764
2.013202
2.120068
2.203584
2.289851
2.403884
2.504111
2.647606
2.689019
2.559192
2.341841
2.104615
1.870796
1.674039
1.814768
1.999860
2.190296
2.394735
2.580205
2.688355
2.637800
2.587936
2.686032
2.833425
2.924967
2.939921
3.076334
3.243841
3.492378
3.761491
4.013357
4.280971
4.562571
4.833856
5.052574
5.223093
5.329355
5.334950
5.155755
5.076011
5.093802
5.242983
5.542382
5.693122
5.898623
5.967831
5.849344
5.769829
6.097419
6.480373
6.876310
7.253236
7.562639
7.721935
7.644573
7.416562
7.159562
7.068789
7.053709
6.831748
6.481781
6.124555
5.789151
5.503956
5.262557
5.053819
4.817025
4.407848
4.342336
4.389008
4.504011
4.721847
4.899742
4.913280
4.723279
4.506200
4.596245
4.905169
5.467674
5.483234
5.930477
6.353560
6.608987
6.664450
6.528071
6.891266
7.259102
7.516832
7.682269
7.917624
8.044577
7.997083
8.068915
8.192053
8.104220
8.505639
9.020899
9.534286
9.738268
9.509126
9.506156
10.162102
10.405787
10.180344
9.473754
8.642920
7.840909
7.115571
6.517263
6.137698
6.093549
5.841349
5.782387
6.267361
6.712507
6.952661
6.948568
6.715023
6.316358
5.878091
5.415789
4.966598
4.535195
4.121682
3.712206
3.317803
2.967520
2.649708
2.374684
2.213161
2.269046
2.121722
1.615578
1.477408
1.307596
0.910612
0.747280
0.951054
1.136755
1.245391
1.172365
1.018204
0.833457
0.721935
0.678715
0.696750
0.770747
0.819540
0.733985
0.582098
0.453252
0.417534
0.467786
0.662019
0.893269
1.134514
1.305848
1.370221
1.242768
0.998785
0.759290
1.018122
1.205282
1.385097
1.209054
0.901488
0.597831
0.374590
0.204353
0.080129
0.013796
0.000000
0.000000
0.000000
0.000000
0.000000
0.000000
0.000000
0.000000
0.002397
0.000000
0.000000
0.000405
0.000000
0.000003
0.004243
0.020477
0.021367
0.009226
0.000000
0.000000
0.000000
0.036238
0.000000
0.000000
0.019957
0.058971
0.130646
0.290979
0.000000
0.000000
0.000000
0.000000
0.000000
0.000000
0.000000
0.000000
0.000000
