track	type=wiggle_0
fixedStep	chrom=chr	start=1	step=1
0.000000
0.000000
0.000000
0.000000
0.000000
0.000000
0.000000
0.000000
0.000000
0.000000
0.000000
0.000000
0.000000
0.000000
0.045176
0.321447
0.640472
0.924692
1.035470
0.901710
0.672329
0.709911
0.910381
0.658741
0.369901
0.168073
0.062842
0.013845
0.004544
0.003616
0.004352
0.009148
0.007832
0.000132
0.000000
0.000000
0.000000
0.000000
0.000367
0.062937
0.205664
0.355264
0.472610
0.497950
0.430835
0.359455
0.405718
0.376984
0.292613
0.188218
0.256508
0.442339
0.753419
0.902423
0.945700
0.954136
0.939499
0.874272
0.717493
0.379142
0.224485
0.123746
0.057221
0.097114
0.117281
0.109736
0.084780
0.072723
0.075774
0.039431
0.007544
0.000000
0.000677
0.037268
0.135740
0.311638
0.624778
1.196903
1.483721
1.562837
1.576244
1.562837
1.501810
1.286614
0.809649
0.456867
0.221899
0.082008
0.012685
0.000000
0.000050
0.000088
0.000000
0.000418
0.000513
0.003239
0.030591
0.109055
0.184400
0.250328
0.275408
0.262048
0.284237
0.280149
0.256892
0.278021
0.303427
0.315691
0.304173
0.346421
0.448624
0.914801
1.155880
1.223372
1.235325
1.235325
1.235325
1.240510
1.628662
2.113736
2.697950
3.384392
4.122726
4.737089
5.204685
5.216050
5.300248
6.637213
8.293990
8.293990
6.623369
5.131030
4.134725
3.294669
2.588989
1.997726
1.504267
1.244847
1.251698
1.152975
1.145126
1.094763
1.054650
1.256826
1.480394
1.716992
1.948841
2.147835
2.284558
2.594899
2.954986
3.350858
3.782013
4.253350
4.746043
5.216915
5.650910
5.861915
5.665811
5.494309
5.317381
4.929675
4.415403
3.915697
3.896248
3.767693
3.490039
3.152282
3.396198
3.785844
4.241562
4.884665
5.451042
5.769237
5.454978
4.904712
4.276386
3.675957
3.138920
2.697057
2.285416
1.968050
1.698681
1.459821
1.267442
1.233833
1.175580
1.074759
0.893727
0.754581
0.824103
0.800207
0.714382
1.125544
1.667994
1.779495
1.521900
1.392826
1.253407
1.004931
0.572738
0.400921
0.356278
0.287435
0.226121
0.212965
0.183445
0.163854
0.151540
0.137528
0.138890
0.134158
0.174422
0.232490
0.299087
0.367688
0.418155
0.466416
0.490937
0.462783
0.399817
0.331297
0.406888
0.492325
0.566408
0.617366
0.670330
0.643059
0.580571
0.492931
0.403870
0.324322
0.258107
0.216611
0.187571
0.184058
0.235517
0.282672
0.291354
0.261316
0.211707
0.158519
0.133285
0.193279
0.254638
0.323789
0.393758
0.451680
0.396426
0.251521
0.162203
0.106130
0.083541
0.075219
0.065720
0.057342
0.056344
0.048127
0.080953
0.166826
0.231577
0.365290
0.585233
0.850202
1.064322
1.024817
0.805899
0.551526
0.330518
0.189741
0.148090
0.085709
0.030858
0.005531
0.003757
0.024526
0.059578
0.116512
0.209814
0.313863
0.354384
0.448280
0.534933
0.531457
0.439809
0.318713
0.212306
0.129724
0.070299
0.029237
0.005935
0.002076
0.012020
0.017304
0.013890
0.012986
0.011190
0.003422
0.000000
0.000000
0.000000
0.000000
0.000000
0.000000
0.000000
0.000000
0.000000
0.007240
0.046612
0.094483
0.074464
0.092450
0.073886
0.024053
0.000000
0.000000
0.000000
0.000000
0.000569
0.004756
0.004554
0.002205
0.000000
0.000000
0.000000
0.000000
0.000000
0.000000
0.000000
0.000350
0.018515
0.033817
0.031224
0.014434
0.000038
0.000354
0.013093
0.052705
0.146132
0.346706
0.657052
0.688024
0.571802
0.762745
0.990930
1.242747
1.476853
1.596613
1.478228
1.244755
0.988732
0.760139
0.568487
0.410552
0.280633
0.495541
0.783147
1.212581
1.545653
1.236985
0.874293
0.618314
0.412191
0.624217
0.863307
1.045765
1.018593
0.853374
0.610180
0.396399
0.279024
0.424195
0.648826
0.824147
0.798831
0.582682
0.363475
0.198039
0.122708
0.114937
0.110465
0.102138
0.075781
0.028800
0.000000
0.000000
0.000000
0.000000
0.000000
0.001730
0.009576
0.022391
0.031029
0.022889
0.009613
0.000809
0.000000
0.000000
0.000000
0.000000
0.000000
0.000000
0.000000
0.000000
0.000000
0.000000
0.000000
0.000000
0.000749
0.001924
0.000240
0.001541
0.031351
0.101619
0.207715
0.378853
0.624538
0.952162
1.373761
1.913274
2.704038
3.534516
3.882046
3.976041
3.993626
3.993626
3.976040
3.879642
3.509425
2.597267
1.799351
1.322593
1.071846
1.063483
1.219100
1.309218
1.625765
1.989638
2.404992
2.878652
3.416755
4.019222
4.629086
5.017292
5.074727
4.726039
4.121445
3.511575
2.963053
2.720199
3.356512
4.009382
4.444834
4.447127
4.011511
3.369478
2.781452
2.394473
1.987496
1.618070
1.249515
0.927721
0.663468
0.454580
0.336057
0.373391
0.355816
0.292208
0.315894
0.437473
0.595200
0.727376
0.739661
0.611510
0.440542
0.289672
0.172827
0.088503
0.034481
0.005876
0.000000
0.000000
0.000000
0.000000
0.000000
0.000000
0.000000
0.000902
0.001020
0.003978
0.003952
0.009159
0.018979
0.021169
0.029772
0.054326
0.068773
0.063685
0.074135
0.141354
0.177687
0.119741
0.042500
0.034934
0.062743
0.082551
0.080134
0.064761
0.041661
0.038388
0.032672
0.017214
0.003807
0.006093
0.018679
0.025218
0.017955
0.005492
0.010362
0.015761
0.014696
0.007516
0.000795
0.000701
0.006257
0.015717
0.022708
0.016545
0.006267
0.000103
0.000000
0.000000
0.002549
0.018787
0.048797
0.075734
0.079844
0.203901
0.396690
0.669408
1.058712
1.663345
2.171031
2.394009
2.455410
2.463670
2.403200
2.176689
2.401552
2.929450
3.464859
4.031660
5.254174
5.951998
6.307537
6.307537
5.966260
5.284417
4.027737
3.301007
3.037306
2.526085
2.581132
2.492989
2.227645
2.140947
2.441703
2.883458
3.379683
3.760025
3.751370
3.482717
3.044694
2.650109
2.368857
2.249154
2.447454
2.369888
2.011705
2.352251
2.932377
3.417480
3.433895
3.179770
2.867193
2.410480
1.957170
1.487345
1.077826
0.745766
0.487210
0.294818
0.292420
0.300531
0.347620
0.438484
0.516263
0.516582
0.435556
0.328829
0.244103
0.186958
0.247173
0.329535
0.422855
0.525773
0.619091
0.668830
0.619091
0.525774
0.422855
0.329535
0.247111
0.178232
0.122320
0.073586
0.038161
0.017006
0.005737
0.011836
0.014652
0.013301
0.007468
0.001796
0.000019
0.004386
0.016476
0.034106
0.044064
0.039298
0.046716
0.081135
0.121896
0.153844
0.152076
0.127653
0.109577
0.091089
0.075267
0.055777
0.043693
0.041746
0.039305
0.040072
0.039927
0.058620
0.128000
0.183729
0.173700
0.080017
0.014187
0.000000
0.000000
0.000000
0.000000
0.000000
0.000000
0.000000
0.000000
0.000000
0.000000
0.000000
0.000000
0.000000
0.000000
0.000092
0.011369
0.034254
0.043472
0.022906
0.003881
0.000000
0.000000
0.000000
0.000000
0.000000
0.000000
0.000000
0.000000
0.000000
0.000000
0.001349
0.010948
0.023659
0.071248
0.075819
0.120479
0.121498
0.080364
0.054436
0.038374
0.023670
0.010753
0.003371
0.000625
0.000000
0.002825
0.021407
0.061475
0.119624
0.185868
0.225927
0.226371
0.320258
0.451054
0.599287
0.686947
0.654231
0.634385
0.817725
1.018460
1.250991
1.405567
1.387483
1.216797
1.026255
0.805019
0.717535
0.741805
0.667017
0.646729
0.887743
1.171467
1.335391
1.266730
1.537585
2.014952
2.644561
3.229138
3.211226
2.626324
2.155945
1.971881
1.686280
1.857156
2.254202
2.192685
1.644825
1.340147
1.073032
0.759148
0.482820
0.281723
0.153242
0.179176
0.131193
0.063834
0.017987
0.019019
0.023004
0.048060
0.080065
0.105749
0.111221
0.093660
0.106149
0.147301
0.164779
0.146426
0.157487
0.217589
0.278896
0.339851
0.359101
0.344389
0.332890
0.323299
0.285998
0.262430
0.334438
0.415991
0.503133
0.597334
0.705237
0.827761
0.940961
1.018748
1.013392
0.923882
0.798625
0.701975
0.680675
0.787780
0.927536
1.011545
1.002234
1.070906
1.194363
1.336257
1.438866
1.471666
1.395649
1.374574
1.449672
1.595240
1.778574
1.956858
2.106129
2.186799
2.143248
2.039216
2.051770
1.968774
2.075935
2.634658
3.290853
4.051898
4.913671
5.761023
6.430034
6.491448
5.946882
5.114387
4.285257
3.690519
4.038298
4.700339
5.186842
5.234769
4.793100
4.135751
3.478990
2.906410
3.198712
3.484753
3.695941
4.001244
4.148544
3.956832
3.787683
3.761967
3.939183
3.972396
4.099405
4.019486
3.987526
4.234183
4.877162
5.572450
6.271448
6.801075
6.757412
6.213988
5.874196
6.344062
6.845160
7.368683
7.908611
8.485643
9.076227
9.516625
9.649483
9.315416
8.847119
8.254830
7.653335
7.078774
6.553839
6.483544
6.577281
6.746010
6.647713
6.768327
6.960479
6.766113
6.359184
5.822504
5.274362
4.763945
4.711061
4.940629
5.038847
4.920015
4.596435
4.269270
4.237447
4.154677
4.008310
4.197829
4.190432
3.983465
3.707605
3.778985
3.934454
3.951182
3.845808
3.914621
3.816443
4.002163
4.280247
4.518670
4.676146
4.691286
4.510355
4.279290
3.984393
3.692575
3.436137
3.337810
3.605803
3.752923
3.711493
3.522151
3.410461
3.189961
2.891402
2.608122
2.349343
2.111495
1.893896
1.993706
2.061610
2.045397
2.136350
2.286012
2.338581
2.267852
2.124425
1.958375
1.826373
1.619299
1.253817
1.175789
1.179886
1.319792
1.412449
1.411378
1.306512
1.299224
1.391475
1.412551
1.341782
1.228199
1.108127
1.264872
1.444319
1.543216
1.729336
1.896965
1.988034
1.997391
1.903636
1.689844
1.452934
1.242949
1.062477
0.908801
0.783782
1.169482
1.671858
2.273484
2.679895
2.931478
3.030054
3.021471
2.884257
2.525311
1.791046
1.496499
1.876579
2.246691
2.299207
2.400503
2.416065
2.166449
1.795601
1.453587
1.230173
1.021506
0.800020
0.584156
0.502263
0.379580
0.252246
0.179252
0.191062
0.205985
0.190164
0.136464
0.111595
0.117148
0.142243
0.227081
0.327762
0.443583
0.546921
0.599751
0.547341
0.445122
0.378563
0.387397
0.392084
0.393314
0.374282
0.280635
0.304367
0.327133
0.232561
0.117740
0.051370
0.021790
0.059461
0.136658
0.208464
0.204968
0.131718
0.062971
0.091197
0.145164
0.173273
0.205138
0.266178
0.429091
0.705226
0.886099
0.970514
0.994463
0.994699
0.959157
0.812016
0.492067
0.287332
0.190613
0.079246
0.013030
0.000000
0.000000
0.000000
0.000000
0.000000
0.000075
0.000001
0.000000
0.000000
0.000000
0.000000
0.000000
0.000000
0.000000
0.000000
0.000000
0.000000
0.000000
0.000000
0.000000
0.000000
0.000000
0.000000
0.000000
0.000000
0.000000
0.000000
0.000000
0.000000
0.000000
0.002587
0.054280
0.094157
0.106122
0.107706
0.106176
0.102354
0.088177
0.044519
0.000861
0.000000
0.000000
0.000000
0.000000
0.000000
0.000000
0.000000
0.000000
0.000000
0.000000
0.000000
0.000000
0.000000
0.000000
0.000000
0.000000
0.000000
0.000000
0.000000
0.000000
0.000000
0.000000
0.000000
0.000000
0.000000
0.000000
0.000000
0.000000
0.000143
0.034808
0.137120
0.326463
0.634458
0.897501
1.037226
1.108871
1.506216
1.847064
1.898239
1.636982
1.225757
0.847172
0.633148
0.910387
1.224698
1.478601
1.546986
1.337867
1.047003
0.755542
0.999045
1.387055
1.898536
2.524837
3.238515
3.794487
3.126312
2.333100
1.712065
1.264877
0.897541
0.589918
0.358303
0.196361
0.098168
0.082200
0.087916
0.096740
0.099782
0.132028
0.193339
0.278962
0.365033
0.412729
0.376965
0.280776
0.179713
0.103411
0.082199
0.077844
0.059648
0.028892
0.098902
0.213997
0.292107
0.331095
0.493708
0.728303
0.945782
0.910505
0.639113
0.386575
0.287844
0.401193
0.495543
0.562534
0.819784
1.081983
1.286893
1.297465
1.177353
1.334485
1.445729
1.446683
1.352453
1.334365
1.315669
1.413271
1.526315
1.784146
2.022937
2.175849
2.168805
2.008252
1.816947
1.784646
1.834396
1.750267
1.564363
1.370371
1.529082
1.776517
2.037997
2.223660
2.285836
2.202694
2.076693
2.006589
1.907846
2.018844
2.182182
2.302544
2.595848
2.933080
3.161129
3.158481
2.932386
2.614536
2.387753
2.692627
2.990372
3.247841
3.288967
3.631124
4.045270
4.254630
4.174636
3.811122
3.528718
3.553558
3.896275
4.110228
4.096494
4.164666
4.781753
5.517886
6.368661
7.317771
8.362432
9.516259
10.697076
11.570944
11.520254
10.564845
9.339876
8.199171
7.261796
6.794535
6.927752
6.957404
6.875105
6.551278
5.861384
5.157655
4.597774
4.210635
3.757108
3.356007
3.622131
3.927804
4.099061
3.943928
3.499648
3.843675
4.235147
4.442011
4.372948
4.096492
3.709053
3.514315
3.841748
4.127151
4.166286
3.923028
3.565112
3.506227
3.570132
3.401710
3.025287
2.624886
2.548375
2.713155
2.759589
2.705202
2.568228
2.445190
2.675684
2.792812
2.749833
2.544608
2.316818
2.429719
2.646235
2.828246
2.917890
2.771246
2.543463
2.274840
2.028033
2.202827
2.376863
2.438694
2.333868
2.123016
2.095960
2.641718
3.118292
3.180623
4.099473
4.490831
4.108437
2.968781
2.124956
1.509996
1.039428
0.684212
0.564284
0.633299
0.680955
0.679572
0.651896
0.766564
1.018815
1.321429
1.643320
1.969673
2.200495
2.311851
2.248827
2.066177
1.934087
1.844331
2.007412
2.144576
2.169648
2.059243
1.879366
1.720360
1.702471
1.709324
1.639100
1.665221
1.616550
1.535154
1.807009
2.131473
2.372974
2.403371
2.181019
1.857576
1.544693
1.270021
1.029917
1.000434
1.294978
1.492731
1.496829
1.307070
1.254393
1.109126
0.785649
0.544865
0.579518
0.697719
0.823619
1.028137
1.444333
1.917980
2.170191
2.053471
1.783726
1.683999
1.638154
1.382248
1.408247
1.568644
1.706780
1.757208
1.643560
1.480451
1.293708
1.111611
0.965580
0.984926
0.954343
1.018469
1.061738
1.080695
1.010451
0.854372
0.754802
0.631401
0.516036
0.410499
0.316600
0.256384
0.334313
0.399535
0.424033
0.374676
0.294649
0.209986
0.193798
0.164487
0.118758
0.090374
0.150088
0.228384
0.309809
0.351089
0.318664
0.238282
0.163504
0.156523
0.128805
0.087179
0.048993
0.022743
0.007214
0.007113
0.012901
0.027999
0.071098
0.103906
0.124047
0.166129
0.282976
0.328560
0.313284
0.281021
0.349381
0.475584
0.657340
0.878857
1.228941
1.576477
1.856636
1.840232
1.481924
1.062500
0.696873
0.429184
0.252412
0.131936
0.055200
0.035381
0.043913
0.077011
0.108239
0.210830
0.350533
0.518708
0.672098
0.750009
0.680178
0.528326
0.371659
0.242218
0.144019
0.075137
0.033696
0.045463
0.091461
0.099903
0.190479
0.379788
0.666408
1.028475
1.310192
0.994992
0.644938
0.383492
0.183914
0.204934
0.204601
0.159765
0.108133
0.059112
0.047861
0.020929
0.027119
0.028795
0.008116
0.007099
0.022801
0.028038
0.038426
0.043819
0.029434
0.039630
0.134374
0.254789
0.317659
0.223392
0.097387
0.018450
0.000000
0.000000
0.006879
0.046904
0.121126
0.205139
0.281166
0.432876
0.596312
0.680527
0.617214
0.789363
1.167173
1.292478
1.162260
0.794347
0.494480
0.324464
0.156570
0.169856
0.178752
0.178912
0.176359
0.168607
0.141896
0.087629
0.026329
0.034407
0.023944
0.009426
0.025876
0.054718
0.071633
0.061038
0.035522
0.016921
0.049694
0.066465
0.037338
0.084014
0.140224
0.206840
0.403224
0.694669
1.084844
1.585277
2.233192
2.727905
2.921381
2.966630
2.971561
2.976094
2.968731
2.922809
2.741146
2.294638
1.545280
1.020910
0.827317
0.940360
0.809414
0.614708
0.475042
0.444068
0.602214
0.791209
1.021840
1.269591
1.473522
1.462344
1.243687
0.989803
0.749533
0.546806
0.385609
0.263216
0.341642
0.395859
0.385532
0.330052
0.282030
0.323238
0.399212
0.515777
0.651169
0.794331
0.913959
1.001250
1.037219
1.133139
1.295024
1.475923
1.657759
1.755542
1.734800
1.620943
1.472119
1.384011
1.367450
1.397425
1.399846
1.526927
1.637198
1.613980
1.476397
1.276484
1.163876
1.056080
1.180765
1.222056
1.278009
1.448353
1.549294
1.536653
1.619720
1.674357
1.638842
1.508144
1.674654
1.825714
1.825158
1.672468
1.640648
1.944055
2.270457
2.594015
2.928655
3.162677
3.267702
3.141426
2.943923
2.672484
2.453915
2.272118
2.156928
1.961555
1.794757
1.554273
1.560273
1.824623
2.114724
2.419089
2.834154
3.442735
4.126232
4.866671
5.683967
6.633075
7.637528
8.435033
9.388412
11.040605
12.507085
12.426303
10.931015
9.583344
8.502221
7.705927
7.623613
7.131760
7.511996
7.234383
6.760747
7.103975
6.783589
6.065145
5.230489
4.439804
3.718335
3.086911
2.534310
2.134827
1.645855
1.689117
1.660311
1.638553
1.572679
1.470130
1.479113
1.363641
1.228561
1.041163
0.918931
0.787535
0.854288
0.867411
0.793857
0.702479
0.590245
0.509355
0.531854
0.551666
0.500280
0.419981
0.360427
0.352342
0.446579
0.581388
0.723233
0.827385
0.898665
0.985611
1.023474
1.009336
0.994656
1.002269
0.960249
0.904625
0.815760
0.768335
0.893467
1.093268
1.125426
1.115885
1.135179
1.043329
0.944478
0.854720
0.749204
0.862018
0.969627
1.031342
1.098455
1.232345
1.354240
1.367148
1.271219
1.124437
1.096320
1.061792
0.980673
0.974152
0.965015
0.917827
0.762119
0.711503
0.720622
0.658794
0.587119
0.607209
0.683396
0.708085
0.650175
0.541961
0.428301
0.325493
0.304401
0.314326
0.313634
0.399577
0.465440
0.558722
0.713929
0.903605
1.168514
1.444498
1.634756
1.702671
1.513303
1.255054
1.258278
1.585529
2.008545
2.515775
3.112537
3.803333
4.571854
5.378681
6.137909
6.342326
5.941554
5.110594
4.265088
3.554982
3.047220
2.767503
2.340384
1.934255
1.800448
1.672168
1.445194
1.269750
1.315202
1.515024
1.564781
1.425475
1.308259
1.542903
1.796208
2.020139
2.009451
1.769131
1.461421
1.164860
0.905686
0.687473
0.613187
0.432671
0.254080
0.141165
0.067351
0.096901
0.152010
0.224448
0.319943
0.401343
0.389382
0.412449
0.496848
0.456652
0.535552
0.799189
1.178646
1.661895
2.257800
2.920175
3.444904
3.434248
2.904332
2.266649
1.689751
1.215149
0.886537
0.661201
0.905674
1.034732
1.106247
1.160616
1.181280
1.177993
1.136048
1.019711
0.784825
0.558213
0.454994
0.381757
0.309930
0.257895
0.293537
0.383065
0.486160
0.602559
0.716034
0.743804
0.691391
0.578189
0.479333
0.558161
0.572436
0.525423
0.430745
0.348399
0.484001
0.605767
0.643514
0.599456
0.481948
0.373148
0.350055
0.350318
0.295058
0.215379
0.259437
0.323700
0.391119
0.467037
0.552640
0.630105
0.675538
0.675121
0.627642
0.543133
0.450788
0.434395
0.518132
0.706383
0.929226
1.167616
1.281619
1.187587
1.294802
1.690052
2.323256
3.041184
3.733783
3.975553
4.271304
5.049614
6.152813
7.272233
8.169755
8.232814
7.445119
6.321254
5.210958
4.241002
3.407260
2.737362
2.241983
2.235641
2.242579
2.183974
1.955920
1.568284
1.191582
0.876089
0.632010
0.761373
0.960516
1.159068
1.272143
1.306797
1.243995
1.038023
0.793595
0.592963
0.453111
0.345421
0.359831
0.435714
0.493947
0.518221
0.517993
0.521792
0.577788
0.667171
0.827268
1.007487
1.187606
1.342688
1.360825
1.341228
1.332913
1.290938
1.584243
1.799616
2.071204
2.093707
1.864441
1.643532
1.274188
0.764038
0.797852
1.007423
1.337623
1.620391
1.879401
2.120538
2.378517
2.652042
2.906323
3.047920
3.177833
3.228656
3.088732
2.879776
2.664702
2.437483
2.170378
1.977308
2.106774
2.204151
2.415791
2.621468
2.826136
3.055548
3.295208
3.498924
3.511615
3.349295
3.496833
3.673588
3.954868
4.136548
4.187892
4.031240
4.254375
4.435880
4.402974
4.155849
3.802484
3.458879
3.132447
2.848440
2.790928
3.037981
3.335410
3.643305
3.883759
4.163263
4.423833
4.626679
4.669205
4.614908
4.486132
4.421984
4.444806
4.388811
4.661465
4.853259
4.648450
4.080771
3.515271
4.061559
4.599359
4.932773
4.574214
4.097635
4.426248
4.750302
5.110732
5.421918
5.494762
5.363171
5.022697
4.655046
4.297520
3.959740
4.271740
4.693942
4.907506
4.797983
4.378575
4.154860
3.864293
3.568129
3.814833
4.038436
4.219816
4.214435
4.052873
3.769607
3.921364
4.081878
4.066691
4.148324
4.386940
4.542767
4.466241
4.444634
4.743783
5.132023
5.602209
6.045702
6.225682
6.194370
6.075203
5.988008
5.822348
5.540576
5.383523
5.391956
5.664718
6.083473
6.328104
6.256958
6.082375
6.317121
6.395907
6.432330
6.470641
6.936393
7.540918
8.124353
8.793647
9.390321
9.619939
9.388421
8.704827
8.445224
8.158986
7.709364
7.408175
7.267999
6.859635
6.364408
6.536332
6.797257
6.834283
6.660086
6.656106
6.425672
6.021619
5.575211
5.106175
4.956421
5.183041
5.491020
5.682108
5.647287
5.409193
5.052974
4.671558
4.304641
3.946517
3.611050
3.224574
3.008610
2.743895
2.446118
2.314684
2.437287
2.438214
2.311944
2.119989
1.952549
2.012365
1.958500
1.877645
2.051360
2.143823
2.063818
1.862345
1.570483
1.223569
0.720964
0.427238
0.581308
0.797160
1.049147
1.288429
1.391746
1.269611
1.014229
0.784694
1.063888
1.283975
1.473950
1.284450
0.951099
0.624971
0.386643
0.266739
0.197003
0.133401
0.121455
0.079935
0.063101
0.123617
0.194186
0.260162
0.322743
0.338751
0.274337
0.190794
0.110536
0.049429
0.013331
0.000388
0.000000
0.000000
0.000000
0.000000
0.000000
0.000000
0.000000
0.000000
0.000000
0.000000
0.000199
0.012921
0.043468
0.076410
0.058208
0.005379
0.009719
0.038124
0.091714
0.191919
0.291873
0.413936
0.574926
0.762085
0.980444
1.415203
2.049870
2.759170
3.532497
4.345014
5.026450
5.109217
4.577632
4.112487
3.800128
3.271841
2.696399
2.549365
2.071049
1.539368
1.081698
0.727863
0.504622
0.536938
0.707175
0.548508
0.384588
0.540008
0.852612
1.295965
1.799616
0.000000
0.000000
0.000000
0.000000
0.000000
0.000000
0.000000
0.000000
0.000000
