track	type=wiggle_0
fixedStep	chrom=chr	start=1	step=1
0.000000
0.000000
0.000000
0.000000
0.000000
0.000000
0.000000
0.000000
0.000000
0.000000
0.000000
0.000719
0.003410
0.005995
0.019319
0.078605
0.193835
0.390067
0.668101
0.904386
0.660887
0.375843
0.175095
0.134665
0.274934
0.463724
0.706810
0.991047
1.235398
1.277891
1.100516
0.945042
0.885982
0.836772
0.760248
0.754162
0.783018
0.684588
0.533659
0.387897
0.359419
0.390611
0.339203
0.340239
0.307320
0.231923
0.160810
0.235717
0.455867
0.812530
0.993989
1.045571
1.052376
1.026497
0.924312
0.745328
0.401129
0.162148
0.067625
0.030175
0.007236
0.023628
0.032038
0.019519
0.018114
0.011889
0.004776
0.011618
0.007893
0.001479
0.000188
0.032618
0.127580
0.341204
0.715507
0.887418
0.934347
0.941320
0.934347
0.902068
0.787274
0.483514
0.252689
0.101042
0.020423
0.011904
0.017845
0.016170
0.007687
0.000611
0.000000
0.000134
0.000310
0.000000
0.000000
0.036072
0.096816
0.163624
0.280889
0.479784
0.646720
0.778211
0.890292
0.940762
0.968311
0.936326
0.883609
1.128699
1.297437
1.407352
1.429150
1.593345
1.877309
2.154873
2.375646
2.543017
2.630523
2.730159
2.939108
3.137510
3.288482
3.297000
3.159351
2.934019
2.700401
2.486136
2.275185
2.070405
1.880185
1.719185
1.612549
1.601586
1.662833
1.818294
1.886977
1.855582
1.915362
2.152633
2.404957
2.649165
2.837968
2.888200
2.876278
3.230356
3.593680
3.924063
4.150531
4.308778
4.325912
4.264986
4.602630
4.971949
5.215773
5.330422
5.373521
5.180008
4.849853
5.197401
5.621405
5.751693
5.620933
5.757720
6.202238
6.808877
7.376899
7.847607
8.737956
9.765709
10.838004
11.749365
12.234632
11.766106
10.853767
9.778987
8.733893
7.777384
7.767682
7.417361
6.833396
6.227305
5.651706
5.116868
4.619597
4.463249
4.436909
4.464923
4.597054
4.558094
4.291374
3.888140
3.432564
2.988778
2.596351
2.232404
1.994760
1.839502
2.315421
2.623551
2.933823
3.251338
3.497885
3.741919
4.001140
4.260309
4.474607
4.589928
4.720426
4.806908
4.920396
5.034787
5.150546
5.107842
4.885534
4.617939
4.335896
4.084616
4.043469
4.097467
4.216689
4.526075
4.847118
5.169695
5.465578
5.709084
6.017730
6.288340
6.428108
6.562184
6.460558
6.173265
5.826275
5.478201
5.189610
5.197027
5.255608
5.210852
5.047028
5.020262
4.788797
4.492090
4.173600
3.878195
3.787006
3.842714
3.806288
3.688565
3.825932
3.816096
3.697965
3.715857
3.607450
3.418682
3.282770
3.044235
2.759075
2.770648
2.870047
2.808258
2.812634
2.662730
2.534160
2.389849
2.168580
1.981786
1.910618
1.755632
1.638296
1.789635
2.039040
2.334930
2.665351
3.023874
3.407179
3.833474
4.295261
4.799621
5.350242
5.917007
6.457565
6.901648
6.913579
6.493488
5.935832
5.338965
4.782235
4.296074
4.367876
4.706000
4.848797
4.765487
4.413315
4.011207
3.608523
3.285618
3.066190
2.772699
2.469965
2.179681
1.923473
1.733614
1.548352
1.346242
1.151046
0.976350
0.844222
0.820626
0.748134
1.005438
1.505803
1.506377
1.014790
0.649206
0.404472
0.221059
0.233909
0.209049
0.223143
0.236045
0.208562
0.192290
0.133691
0.058866
0.031468
0.055501
0.069464
0.074423
0.106639
0.255798
0.537555
0.728763
0.800569
0.800569
0.728763
0.536105
0.247430
0.087211
0.029850
0.010111
0.000857
0.000000
0.000000
0.000000
0.000000
0.000000
0.000000
0.000000
0.000000
0.000000
0.000000
0.000000
0.000000
0.000000
0.000000
0.000000
0.000000
0.000000
0.000000
0.000000
0.000000
0.000000
0.000000
0.000000
0.000000
0.000000
0.000000
0.000000
0.000000
0.000000
0.000000
0.000000
0.000000
0.000000
0.000000
0.000000
0.000000
0.000000
0.000000
0.000000
0.000000
0.000000
0.000000
0.000000
0.000000
0.000000
0.000000
0.000000
0.000000
0.000000
0.000000
0.000000
0.000000
0.000000
0.000000
0.000000
0.000000
0.000000
0.000000
0.000000
0.000000
0.000000
0.000000
0.000000
0.000000
0.000000
0.000000
0.000000
0.000000
0.000000
0.000000
0.000000
0.000000
0.000000
0.000000
0.000000
0.000000
0.000000
0.000000
0.000000
0.000000
0.000000
0.000000
0.000000
0.000000
0.000000
0.000000
0.000000
0.000000
0.000000
0.000000
0.000000
0.000000
0.000000
0.000000
0.000000
0.000000
0.000000
0.000000
0.000000
0.000000
0.000000
0.000000
0.000000
0.022180
0.097271
0.228927
0.411399
0.636667
1.007537
1.564555
1.878534
1.887877
1.609837
1.094998
0.753358
0.489796
0.325065
0.350233
0.327800
0.315722
0.236686
0.274532
0.445164
0.462469
0.333584
0.221743
0.143491
0.172188
0.186920
0.189120
0.188459
0.187776
0.187776
0.185609
0.176146
0.144320
0.083791
0.018562
0.001606
0.002109
0.002499
0.001784
0.000016
0.000000
0.000000
0.000000
0.000000
0.000000
0.000000
0.000000
0.000000
0.005072
0.039997
0.135645
0.274913
0.389398
0.357093
0.231123
0.114662
0.038613
0.018189
0.031587
0.046081
0.052460
0.084803
0.119796
0.130040
0.115558
0.080457
0.082806
0.079530
0.091017
0.093529
0.128300
0.157286
0.190010
0.213810
0.220470
0.202074
0.195243
0.169240
0.199133
0.272880
0.382064
0.516971
0.673243
0.830516
0.913372
0.896333
0.799035
0.709925
0.874994
1.038337
1.125767
1.306776
1.665985
2.044324
2.287292
2.256413
2.374379
2.270122
1.957542
1.629938
1.332086
1.185772
1.435461
1.705828
1.960832
2.107387
2.235385
2.454587
2.654502
2.631097
2.442846
2.231708
1.951490
1.666709
1.567019
1.384941
1.592590
2.012560
2.694972
3.267972
2.953393
2.176923
1.618407
1.503464
1.772751
1.851060
1.744197
2.119968
2.408128
2.735219
3.061871
3.061674
2.728496
2.351516
2.395677
2.977697
3.472689
3.600104
3.508762
3.416389
3.193232
2.862697
2.332273
1.822961
1.381896
1.015846
0.718652
0.484253
0.408588
0.535876
0.670820
0.778742
0.797757
0.700544
0.572694
0.453599
0.379482
0.337902
0.284245
0.308367
0.372354
0.428066
0.432563
0.366002
0.283655
0.245184
0.312280
0.343865
0.448393
0.516668
0.498351
0.418687
0.309486
0.211763
0.134292
0.079426
0.106652
0.131776
0.161387
0.186031
0.240272
0.544676
0.851179
0.977358
1.011695
1.014953
1.015943
1.015348
1.025176
1.288724
1.635693
1.974953
1.949070
1.555428
1.764418
2.250196
2.725399
2.877027
2.637470
2.147158
1.666871
1.257306
0.922481
0.650753
0.428475
0.367990
0.441964
0.495804
0.517147
0.483522
0.418219
0.349831
0.287857
0.305850
0.390646
0.461311
0.528770
0.571164
0.572882
0.538283
0.486737
0.401092
0.310614
0.263824
0.246761
0.195909
0.195424
0.270544
0.346907
0.404286
0.395328
0.490007
0.617173
0.755048
0.894130
0.999679
1.008790
0.920734
0.801561
0.666833
0.802208
0.982356
1.161288
1.286298
1.309598
1.212507
1.054454
0.891938
0.735189
0.593085
0.466330
0.357383
0.356610
0.410412
0.369980
0.313282
0.356640
0.442264
0.495374
0.492158
0.453784
0.588406
0.647322
0.621801
0.786326
0.981655
1.204770
1.346637
1.324618
1.157434
0.968920
0.752220
0.660405
0.684123
0.610653
0.592219
0.853794
1.138207
1.300386
1.230369
1.510934
2.002397
2.640885
3.235629
3.215949
2.621676
2.141652
1.951408
1.666442
1.854089
2.262429
2.193687
1.608551
1.199192
0.824240
0.525814
0.671495
0.874139
1.093509
1.298499
1.472802
1.728611
2.019274
2.172496
2.047360
1.776745
1.497456
1.230418
0.986344
0.768469
0.763101
0.806717
0.950854
1.096633
1.228190
1.312205
1.312224
1.227513
1.085247
0.970397
1.038079
1.142637
1.268252
1.437403
1.621292
1.801507
1.966020
2.031401
2.024868
1.923699
1.739864
1.833258
1.906266
1.885186
1.774486
1.607582
1.427619
1.252700
1.078710
0.921985
0.941760
0.985039
0.974729
0.892774
0.783456
0.740092
0.775577
0.767660
0.751359
0.861849
0.977304
1.069306
1.185526
1.319050
1.460278
1.613574
1.765744
1.877633
1.996205
2.104953
2.081840
1.969641
1.880358
1.860143
1.995687
2.063138
2.021122
1.883982
1.730887
1.560313
1.392017
1.335836
1.421223
1.467486
1.416298
1.610967
2.120573
2.718139
3.322465
3.661915
3.397033
2.841078
3.004400
3.029637
2.915427
2.613706
2.363894
2.713681
3.274168
3.900131
4.502526
4.949492
5.132205
5.388860
5.958004
6.335007
6.362574
6.128806
6.514719
6.102571
5.314859
4.516867
3.835210
3.457101
3.182270
3.105344
2.863470
2.572822
2.290849
2.025341
1.767498
1.528886
1.410075
1.541311
1.527494
1.428021
1.529727
1.655545
1.711951
1.656429
1.509408
1.333582
1.168561
1.296023
1.350413
1.309623
1.196355
1.134480
1.071423
1.036301
1.136215
1.142740
1.097656
1.279905
1.470588
1.662249
1.811542
1.851427
1.797804
1.810427
1.959996
2.008293
1.929547
1.771742
1.581945
1.378952
1.185583
1.269179
1.264880
1.314504
1.286774
1.343374
1.495755
1.559509
1.472700
1.329522
1.146324
1.077732
1.261160
1.241404
1.006164
0.729174
0.681218
0.686233
0.813603
0.906991
0.865581
0.925621
0.996122
0.996662
0.998437
1.101133
1.182949
1.196443
1.126750
0.996728
0.947470
1.263328
1.792116
2.131443
2.244699
2.235637
2.094182
1.699996
1.123566
0.753819
0.604301
0.674460
0.634135
0.609116
0.567479
0.550086
0.611869
0.658913
0.866764
0.882357
0.645810
0.577382
0.560556
0.504599
0.573646
0.696129
0.894391
1.323013
1.480462
1.307242
0.970578
0.838705
0.708447
0.577455
0.459489
0.356955
0.269057
0.245739
0.253499
0.233809
0.199526
0.200897
0.201943
0.181292
0.141025
0.095401
0.059099
0.031495
0.011657
0.007735
0.027300
0.053462
0.073628
0.070386
0.045612
0.047334
0.052201
0.039541
0.020784
0.010006
0.032306
0.070388
0.120462
0.159244
0.158766
0.124899
0.078874
0.046118
0.053557
0.071539
0.111381
0.182369
0.257285
0.305456
0.266757
0.195463
0.240036
0.393017
0.579275
0.793735
1.044054
1.233593
1.283571
1.110394
0.848381
0.616953
0.672348
0.988575
1.337957
1.713397
2.082623
2.718471
3.740951
4.711504
5.102003
5.207826
5.208365
5.115186
4.736748
3.789711
3.083713
3.143776
2.867457
2.369416
1.890426
1.456800
1.105240
0.794651
0.522987
0.311375
0.194709
0.250250
0.298837
0.306014
0.457704
0.637665
0.798602
0.866994
0.780549
0.629730
0.454584
0.298731
0.175491
0.087651
0.058457
0.058096
0.025520
0.054821
0.100022
0.161367
0.228077
0.280806
0.279587
0.221248
0.446621
0.803764
0.967915
1.028166
1.022107
0.969964
0.838921
0.576642
0.336652
0.299573
0.339305
0.311423
0.246808
0.177038
0.120014
0.073532
0.036999
0.028501
0.016774
0.005439
0.000413
0.000000
0.000000
0.000000
0.000000
0.000000
0.000000
0.000000
0.000000
0.000000
0.000000
0.000000
0.000000
0.000000
0.000000
0.000000
0.000000
0.000000
0.026658
0.126495
0.239394
0.440552
0.736553
0.942055
1.051103
1.098016
1.223424
1.517247
1.581512
1.332671
0.967606
0.642169
0.672519
0.960561
1.277159
1.508606
1.559364
1.355706
1.033655
0.735736
1.039699
1.457829
1.988245
2.639993
3.390796
3.980744
3.291991
2.464382
1.806822
1.321605
0.963962
0.636702
0.381352
0.198927
0.078994
0.015877
0.012186
0.033409
0.074383
0.081278
0.084103
0.077317
0.039887
0.026314
0.041744
0.045470
0.024415
0.004412
0.000000
0.001861
0.014621
0.033409
0.156074
0.317692
0.375291
0.318800
0.167690
0.042640
0.035532
0.097186
0.215845
0.382039
0.569441
0.744884
0.781602
0.632020
0.471293
0.398399
0.319787
0.315710
0.413706
0.509241
0.557262
0.522068
0.430044
0.339929
0.271756
0.222350
0.187759
0.206464
0.208687
0.165872
0.111451
0.101591
0.111011
0.101750
0.152944
0.212719
0.276569
0.307639
0.291572
0.249413
0.203701
0.153010
0.105393
0.065582
0.087150
0.123198
0.121968
0.089304
0.073417
0.094813
0.089620
0.067165
0.075234
0.102199
0.115094
0.138305
0.277011
0.471236
0.703208
0.845701
0.782433
0.688551
0.686877
0.691231
0.580345
0.501648
0.343249
0.184702
0.069329
0.012762
0.004267
0.029062
0.121316
0.189338
0.178705
0.250103
0.410521
0.604469
0.816678
0.972010
0.999670
0.847453
0.615961
0.408814
0.252103
0.145196
0.094837
0.130283
0.195799
0.281331
0.383035
0.490798
0.626736
0.710940
0.694019
0.705274
0.633306
0.764238
0.747201
0.602789
0.486447
0.372793
0.264428
0.237203
0.320639
0.422448
0.441954
0.428405
0.442890
0.391712
0.307858
0.241587
0.193768
0.307607
0.531048
0.825428
1.183951
1.641508
2.238317
2.947569
3.734043
4.461964
4.325951
3.496566
2.715732
2.047175
1.496200
1.047764
0.693596
0.426336
0.382913
0.591557
0.822443
0.990765
1.078956
1.111890
1.038797
1.209162
1.184419
1.015260
0.790015
0.585510
0.401120
0.257266
0.330011
0.648460
1.123644
1.384024
1.457865
1.463199
1.394103
1.813012
2.374484
2.907822
3.842706
4.753591
5.121322
5.198855
5.107812
4.715169
3.749022
2.682800
2.013780
1.468200
1.041752
0.704974
0.470619
0.353621
0.296106
0.379762
0.469696
0.558069
0.643424
0.722600
0.763583
0.659848
0.590420
0.666526
0.736878
0.908459
1.151902
1.370191
1.474211
1.401894
1.264400
1.067014
0.872481
0.675250
0.499967
0.655263
0.760391
0.693901
0.661819
0.518555
0.525928
0.492498
0.471624
0.378983
0.410316
0.582574
0.863761
1.243884
1.719043
2.263975
2.725245
2.694906
2.249654
1.850862
1.697469
1.449235
1.462454
1.670312
1.668360
1.348091
0.954009
0.614543
0.362003
0.367581
0.456886
0.524612
0.519055
0.464299
0.540800
0.572142
0.492924
0.333385
0.274478
0.338440
0.398117
0.415943
0.394119
0.340947
0.398670
0.537483
0.883873
1.352180
1.373538
1.111698
1.039254
0.865588
0.685256
0.531186
0.641084
0.806019
0.964630
1.008512
0.943454
0.808726
0.977977
0.805230
0.566109
0.681045
0.821994
0.947711
0.988572
0.930316
0.786990
0.629162
0.578713
0.537568
0.480856
0.481685
0.742332
1.067304
1.360888
1.520104
1.413367
1.137797
1.015063
1.460194
2.020171
2.322220
2.509453
2.676507
2.501000
2.338697
2.146706
1.879082
1.839665
2.094215
2.354863
2.374795
2.246337
1.856055
1.414447
1.022975
0.969668
1.337953
1.649546
1.927788
1.953382
1.931330
1.694443
1.366058
1.056551
0.839563
1.190377
1.608190
2.019553
2.172564
2.062268
1.706581
1.378690
1.039279
1.704992
2.332491
2.528182
2.346486
1.773393
1.149071
0.932169
0.878998
0.952953
1.100322
1.146443
1.144481
1.089765
1.081969
1.030982
0.897247
0.754739
0.811698
1.010428
1.183310
1.206778
1.102483
1.082884
0.949130
0.769311
0.872424
1.016366
1.044334
1.006889
1.021004
0.923893
0.739042
0.756099
0.946276
1.074379
1.270322
1.460356
1.840442
2.193048
2.344521
2.114490
1.736391
1.373337
1.040615
0.791497
0.757482
0.764572
0.744176
0.678850
0.571922
0.503368
0.491565
0.553504
0.620416
0.721284
0.899591
1.107580
1.311049
1.556433
1.888907
2.333246
2.870330
3.488954
4.194937
4.985961
5.809661
6.405363
6.411548
5.835643
5.018734
4.223088
3.512453
2.916228
2.560166
2.941824
3.146504
3.011348
2.734268
2.432523
2.106837
1.766283
1.445393
1.152467
1.153791
1.069617
0.952217
0.889696
0.999020
1.130627
1.153747
1.091819
1.313597
1.575546
1.883787
2.195544
2.496636
2.729577
2.708387
2.456869
2.367678
2.527787
2.633839
2.622217
2.474523
2.225844
2.310549
2.186834
1.941331
1.686490
1.456276
1.336228
1.520704
1.681589
1.855214
1.980471
2.156290
2.223261
2.365101
2.604314
2.864448
3.142671
3.435126
3.755336
4.069411
4.265386
4.317817
4.630301
4.846017
4.870760
4.682734
4.345145
3.993279
3.659900
3.339768
3.526414
3.765978
4.007900
4.240219
4.408413
4.451820
4.342603
4.081748
3.746352
3.408939
3.118572
3.091891
3.155002
3.104029
3.250985
3.578077
3.932473
4.297074
4.645014
4.848415
4.825447
4.610235
4.305504
3.982851
3.672252
3.383535
3.411396
3.742383
4.071260
4.360654
4.539757
4.455800
4.164434
3.795187
3.442300
3.113094
2.859150
3.037162
3.066945
3.011700
3.356410
3.724053
4.089673
4.448574
4.765479
4.876031
4.741562
4.392214
4.010991
3.647884
3.295955
3.058046
2.813380
2.688714
3.003018
3.331725
3.618021
3.725430
3.658144
3.455000
3.343348
3.141472
2.896131
2.851610
3.147452
3.442174
3.713721
3.879953
3.895016
3.816131
3.689925
3.460648
3.176074
2.894379
2.770654
3.222531
3.724902
4.248799
4.710300
4.869274
4.655299
4.161196
3.657205
3.383353
3.784061
4.137755
4.217281
4.247725
4.578483
4.147716
2.989251
2.386793
2.058562
1.792402
1.818692
1.901834
1.834557
1.781686
2.206151
2.676840
3.203471
3.749646
4.178297
4.239194
3.886082
3.362768
2.796864
2.290491
2.255233
2.228711
2.559577
3.219278
3.822524
4.018525
3.767908
3.190154
2.529096
2.079525
1.959744
2.002001
1.966870
1.831961
1.736072
2.041366
2.291019
2.360604
2.208783
1.925293
1.623595
1.349149
1.146591
1.330740
1.546765
1.783275
2.032641
2.254081
2.415248
2.408777
2.233608
2.017484
1.795171
1.584680
1.383225
1.188044
1.092883
1.123363
1.254730
1.355493
1.370074
1.305375
1.172250
1.045504
1.007063
0.989568
0.891815
1.173686
1.652533
2.214695
2.806661
3.292636
3.313019
2.916103
2.496624
2.087186
2.348382
2.275084
1.921687
1.486113
1.091953
0.772007
0.518512
0.354824
0.278672
0.316446
0.408383
0.546839
0.733464
0.932978
1.019470
0.956145
0.780876
0.790247
0.751300
0.658454
0.566632
0.506555
0.529998
0.723851
0.916574
0.989624
0.975455
1.086505
1.139842
1.362762
1.513629
1.646670
1.706320
1.684524
1.699992
1.701731
1.659062
1.727802
1.890237
1.893804
1.982884
2.137263
2.214477
2.167890
2.023865
1.936346
2.087992
2.213748
2.229296
2.131462
2.004276
1.819393
1.618507
1.431438
1.267303
1.105931
1.123866
1.158396
1.387367
1.951280
2.233794
2.050798
1.726994
1.807818
1.516551
1.536064
1.689458
1.726623
1.597208
1.865212
1.945513
1.784096
1.424801
1.392460
1.535981
1.730695
1.940328
2.159136
2.378383
2.617130
2.878386
3.109799
3.235132
3.145357
2.936495
2.690533
2.435019
2.177473
1.939819
1.752146
1.714570
1.688302
1.920494
2.213846
2.537169
2.863101
3.102669
3.215060
3.063374
2.801995
2.446803
2.120260
1.840021
1.575903
1.479245
1.659740
1.830303
2.068080
2.351278
2.592903
2.730578
2.619079
2.407327
2.142634
1.891118
1.638770
1.409750
1.217078
1.265023
1.365152
1.370809
1.382414
1.412358
1.767116
2.041138
2.180625
2.231181
2.366134
2.902445
3.539626
4.295041
5.104678
5.772524
6.204523
6.108269
5.729605
5.359762
4.853478
5.340892
6.184578
6.928284
7.229640
7.741719
7.867587
7.625340
6.803007
5.334985
4.331167
3.882050
3.475160
3.224567
3.099957
2.920995
3.173382
3.702864
4.126138
4.190830
3.898329
3.346775
2.747103
2.219232
1.773622
2.007814
2.259755
2.487862
2.617353
2.578256
2.601064
2.857688
3.170892
3.514537
3.872234
4.196846
4.457042
4.494889
4.232205
3.876460
3.487333
3.114412
3.240618
3.501166
3.853282
4.259682
4.554439
4.551225
4.206331
3.730760
3.266865
2.859851
2.503050
2.206811
1.992465
2.148628
2.135090
1.947531
1.679299
1.430174
1.481030
1.605163
1.615064
1.752353
1.925533
2.078889
2.101872
1.973653
1.923598
1.891727
2.082105
2.287874
2.451123
2.530982
2.576112
2.634818
2.740997
2.893164
3.102250
3.299381
3.508798
3.667412
3.926419
4.547333
5.095561
5.530493
5.969981
6.338788
6.749660
7.171952
7.677592
7.947603
8.504265
8.929443
9.589183
10.084584
10.576309
11.077259
11.595092
12.162764
12.739410
13.161934
13.267415
12.981701
12.522471
12.065479
11.679481
11.832299
11.718714
11.294578
10.454653
9.615355
9.098710
8.840150
8.670193
8.646597
9.199566
9.664371
9.735512
9.386671
8.630531
7.976050
7.527283
7.122880
6.579650
5.897460
5.259514
4.975978
4.877585
5.053060
5.199295
5.464279
5.624764
5.547098
5.261947
4.883887
5.005590
5.439785
5.888254
6.355782
6.805937
7.084970
7.122676
6.897120
6.512635
6.370544
6.661473
6.742577
7.014202
7.522597
8.077171
8.589014
8.800105
8.653783
9.103823
9.653644
10.289204
11.096746
11.965129
12.870869
13.690484
13.996686
13.682716
12.787779
11.765831
10.766782
9.867929
9.632042
9.470305
9.037309
8.538309
8.478279
9.086431
9.652164
9.987733
10.043562
9.757140
9.260124
8.743046
8.173493
7.617039
7.071687
6.523606
5.986774
5.474500
4.998339
4.559958
4.168357
4.161880
4.154909
3.688894
2.878303
2.460908
2.212618
1.751389
1.371696
1.373286
1.328906
1.249217
1.082789
0.986309
0.833243
0.672067
0.596769
0.609982
0.616110
0.628555
0.604377
0.561299
0.473667
0.399564
0.537763
0.750563
1.010418
1.301507
1.571673
1.689536
1.555845
1.274603
1.025307
1.355471
1.584106
1.803461
1.581982
1.209455
0.830909
0.539017
0.310755
0.146310
0.045507
0.002606
0.000000
0.000000
0.000000
0.000000
0.000000
0.000000
0.000000
0.000000
0.000000
0.000000
0.000000
0.002828
0.003373
0.020913
0.070086
0.124706
0.131290
0.193837
0.298675
0.301100
0.284076
0.331023
0.247374
0.307001
0.497897
0.807585
1.213275
0.043251
0.000000
0.000000
0.000000
0.000000
0.000000
0.000000
0.000000
0.000000
