track	type=wiggle_0
fixedStep	chrom=chr	start=1	step=1
0.000000
0.000000
0.000000
0.000000
0.000000
0.000000
0.000000
0.000000
0.000000
0.000000
0.000000
0.000000
0.000000
0.000000
0.000000
0.000000
0.000000
0.000000
0.000000
0.000000
0.000165
0.001293
0.005631
0.114665
0.592708
1.197358
1.529217
1.486891
1.262788
0.971484
0.714921
0.510393
0.366895
0.331269
0.513101
0.592843
0.836390
1.069300
1.173534
1.019622
0.795993
1.014068
1.169557
1.233154
1.199111
1.150283
1.411348
1.793770
2.257236
2.817284
3.433411
3.910654
3.907052
3.425157
2.839134
2.314429
1.880502
2.132659
2.366598
2.475298
2.314755
1.985307
1.609031
1.266796
0.974310
0.729178
0.534607
0.377960
0.260580
0.200964
0.202306
0.159218
0.194453
0.425150
0.757011
0.883626
0.911988
0.883626
0.754520
0.415223
0.171128
0.046549
0.032943
0.026083
0.012782
0.097102
0.313534
0.549493
0.762221
0.857826
0.858855
0.773459
0.684534
0.662150
0.641239
0.589239
0.608503
0.710212
0.815459
0.888433
1.006517
1.059867
1.164584
1.314689
1.497824
1.679769
1.802160
1.976625
2.092455
2.075789
1.950660
1.753270
1.552517
1.365720
1.193501
1.029181
0.878841
0.840438
0.852368
0.939381
0.986721
1.001025
1.039278
1.133891
1.291755
1.405389
1.468178
1.402051
1.279766
1.381017
1.607841
2.049707
2.449448
2.558616
2.781911
3.102006
3.341077
3.378864
3.115197
2.789906
2.411383
2.068566
2.180807
2.607308
3.115963
3.614026
3.712392
3.239994
2.616533
2.053084
1.558183
1.146822
0.812494
0.549029
0.461134
0.536493
0.581920
0.542684
0.520643
0.458723
0.418074
0.572943
0.612761
0.517119
0.378000
0.220801
0.109594
0.071508
0.071461
0.065811
0.049388
0.018528
0.005598
0.000807
0.000000
0.000000
0.000000
0.000000
0.000000
0.000000
0.000000
0.009714
0.022477
0.026501
0.027412
0.027412
0.026501
0.021658
0.007740
0.000000
0.000000
0.000000
0.000000
0.000000
0.000000
0.000000
0.000000
0.000000
0.000000
0.000073
0.003643
0.017856
0.038628
0.045709
0.088955
0.096597
0.055718
0.065483
0.081557
0.098461
0.091279
0.063657
0.044152
0.030361
0.014046
0.005677
0.012211
0.013630
0.013334
0.010349
0.004594
0.001098
0.000078
0.000209
0.000005
0.000000
0.000000
0.000000
0.000000
0.000000
0.000000
0.000000
0.000000
0.004155
0.086628
0.161086
0.197993
0.228500
0.246720
0.265842
0.286347
0.122493
0.092255
0.037710
0.000230
0.000000
0.000000
0.000000
0.000000
0.000000
0.000000
0.002805
0.059509
0.107565
0.126877
0.131267
0.126877
0.106869
0.058789
0.002943
0.000000
0.000000
0.000000
0.000000
0.000000
0.000000
0.000000
0.000000
0.000000
0.000000
0.000000
0.000500
0.003603
0.002710
0.000135
0.000000
0.000000
0.000000
0.001095
0.000307
0.000000
0.000000
0.000000
0.000000
0.002407
0.012882
0.031762
0.055654
0.093279
0.134407
0.152572
0.135874
0.143012
0.200782
0.278913
0.375449
0.541589
0.757660
1.024384
1.343358
1.714817
2.126503
2.483519
2.705842
2.656984
2.294079
1.885523
1.530095
1.208134
0.997768
0.957404
0.952527
0.924905
0.849988
0.702552
0.532520
0.444553
0.328330
0.343893
0.301532
0.234213
0.220437
0.231238
0.227629
0.211042
0.184591
0.361439
0.583690
0.803286
1.022440
1.356200
1.507689
1.288648
0.859738
0.547696
0.343648
0.190257
0.277389
0.321033
0.262496
0.171426
0.182926
0.174738
0.116595
0.064484
0.022301
0.051944
0.082675
0.080293
0.172410
0.324968
0.608662
0.802828
0.876886
0.876456
0.799357
0.593118
0.286254
0.297599
0.223751
0.120021
0.040176
0.004482
0.000774
0.000005
0.000000
0.000000
0.000000
0.000000
0.000000
0.000000
0.000000
0.000000
0.000000
0.000000
0.000000
0.000000
0.000000
0.000000
0.000000
0.000000
0.000000
0.000000
0.000000
0.000000
0.000000
0.000000
0.000000
0.000000
0.000083
0.001389
0.000180
0.013642
0.052114
0.069772
0.107493
0.135429
0.138280
0.135242
0.133339
0.128327
0.108983
0.051227
0.058808
0.104359
0.126299
0.104275
0.058745
0.020863
0.002075
0.000000
0.000000
0.000000
0.000000
0.000000
0.000655
0.047246
0.089687
0.108345
0.121385
0.134524
0.134524
0.121237
0.107722
0.087608
0.043607
0.000051
0.000000
0.000000
0.000000
0.000000
0.000000
0.000000
0.000000
0.000000
0.000298
0.000437
0.000437
0.000437
0.000298
0.000000
0.000000
0.000000
0.000000
0.000000
0.000000
0.000000
0.000000
0.000000
0.000000
0.000000
0.000000
0.000000
0.000000
0.000000
0.000000
0.000000
0.000000
0.000000
0.000000
0.000000
0.000000
0.000000
0.000000
0.000000
0.000000
0.005569
0.043473
0.125359
0.260626
0.455407
0.710353
1.002294
1.267053
1.290547
1.073866
1.084383
1.425564
1.774258
1.984738
1.963346
1.704694
1.351957
1.047835
0.813119
0.582702
0.459546
0.622370
0.906676
1.272020
1.480253
1.541049
1.556171
1.767846
1.826172
1.609939
1.449512
1.172678
0.704914
0.477666
0.300154
0.228160
0.264653
0.249423
0.292437
0.348748
0.404773
0.547270
0.643423
0.566623
0.424497
0.446994
0.428167
0.464879
0.552624
0.576103
0.507800
0.386003
0.269078
0.172565
0.131498
0.189897
0.260457
0.296017
0.273107
0.348162
0.444029
0.551997
0.660529
0.765697
0.868491
0.889785
1.066236
1.484616
1.953683
2.374635
2.597155
2.345669
1.881027
1.549420
1.380362
1.202771
1.281304
1.436485
1.534183
1.520754
1.408440
1.239183
1.307256
1.449149
1.510788
1.432188
1.275351
1.441730
1.654394
2.066273
2.437618
2.643853
2.491368
2.243680
1.876338
1.661897
1.729215
1.730897
1.841015
1.702603
1.592430
1.750357
1.852966
2.344754
3.076919
4.084292
5.486329
6.129079
6.302908
6.302908
6.154955
5.618719
5.450385
5.438996
5.023892
4.496780
3.960546
3.465083
3.017476
2.609846
2.346726
2.841144
3.411257
4.028514
4.592396
5.201954
5.621110
6.386258
7.318244
8.175093
8.550907
8.180698
7.329484
6.353830
5.435080
4.620395
3.903679
3.273990
2.718203
2.234385
1.868788
1.510849
1.212017
0.950864
0.723191
0.535487
0.391726
0.280342
0.217798
0.299518
0.364570
0.367159
0.395196
0.484055
0.487883
0.399245
0.363737
0.461741
0.523611
0.508080
0.433478
0.346347
0.344923
0.418557
0.459221
0.451624
0.395618
0.333598
0.267911
0.201937
0.250076
0.287225
0.282404
0.244234
0.245605
0.343955
0.421425
0.413262
0.315481
0.211320
0.189977
0.154559
0.133656
0.178748
0.215496
0.229227
0.256159
0.275502
0.266306
0.293868
0.306891
0.291503
0.246831
0.204459
0.304883
0.488210
0.656981
0.694833
0.854105
1.190256
1.634457
2.102738
2.086950
1.578216
1.125239
0.757260
0.473827
0.296544
0.293025
0.258231
0.221684
0.250937
0.248858
0.237349
0.267969
0.328056
0.395791
0.470648
0.535823
0.538684
0.500109
0.489105
0.484278
0.471784
0.418993
0.364936
0.323566
0.417341
0.796510
1.115551
1.206364
1.116363
0.803437
0.444007
0.375586
0.485625
0.611554
0.741609
0.900038
1.099058
1.317488
1.518317
1.678700
1.703294
1.571418
1.403412
1.216599
1.035962
0.873203
0.725567
0.600432
0.585002
0.653550
0.755332
0.749035
0.708115
0.609056
0.644392
0.814253
0.978732
1.175733
1.386924
1.617361
1.882433
2.190541
2.431804
2.437595
2.190461
1.876691
1.558344
1.271314
1.017309
0.907035
0.825359
0.924876
1.036991
1.344463
1.508609
1.423033
1.700525
2.197617
2.868170
3.486941
3.466756
2.846507
2.345281
2.153955
1.846865
2.028376
2.453811
2.390783
1.814942
1.567800
1.791162
2.090358
2.423815
2.770751
3.024106
3.124032
3.446571
3.953250
4.418363
4.718657
4.476421
4.049230
3.524587
3.028712
2.609925
2.262874
1.926046
1.624605
1.358855
1.142027
0.932026
0.741014
0.674936
0.796269
0.931984
1.077508
1.225675
1.363435
1.459037
1.540474
1.561006
1.514179
1.426330
1.562440
1.744000
1.950371
2.148191
2.282467
2.303252
2.201073
2.014784
1.813115
1.623880
1.444898
1.274344
1.182051
1.182079
1.111192
1.018072
0.927033
0.784174
0.656837
0.563680
0.564650
0.635029
0.667125
0.667353
0.611768
0.538321
0.513770
0.478552
0.434271
0.392505
0.371260
0.439173
0.468973
0.428529
0.361503
0.427776
0.509494
0.603737
0.696293
0.756782
0.744603
0.675092
0.579462
0.486854
0.410484
0.358327
0.320373
0.331767
0.500710
0.714866
0.990093
1.332881
1.745205
2.234505
2.816025
3.477674
4.137578
4.636897
4.638992
4.126324
3.400310
2.707798
2.152544
1.796224
1.890114
1.993106
1.845594
1.585208
1.268975
0.967155
0.714989
0.652296
0.691939
0.794918
1.001492
1.141310
1.240310
1.085522
0.827385
0.561724
0.442047
0.589198
0.761055
0.956362
1.152601
1.298163
1.319312
1.210753
1.026114
0.872029
0.735893
0.602633
0.464322
0.537678
0.831774
1.027418
1.005150
1.238829
1.493760
1.732506
1.813011
1.730013
1.490649
1.242684
1.023023
0.845693
0.739945
0.631783
0.557845
0.643931
0.780880
0.934151
1.054024
1.093572
1.009640
0.852771
0.686521
0.527377
0.394225
0.303736
0.296921
0.301067
0.319472
0.307353
0.338018
0.378110
0.363836
0.299930
0.234749
0.252376
0.290196
0.279936
0.230955
0.166568
0.108799
0.067214
0.155950
0.304051
0.515634
0.784176
1.101922
1.491332
1.818312
1.841063
1.563076
1.254902
1.079294
0.939676
0.916125
1.221826
1.712720
2.366438
2.787174
2.935423
2.931460
2.755549
2.246344
1.478848
0.983218
0.653484
0.419730
0.333235
0.385900
0.364085
0.528859
0.674799
0.700054
0.574299
0.398488
0.246158
0.133621
0.058145
0.096646
0.212878
0.410317
0.689183
1.063191
1.268003
1.240099
0.940244
0.540322
0.283442
0.124906
0.038285
0.002791
0.000000
0.000000
0.000000
0.000000
0.000000
0.000000
0.000000
0.000000
0.000000
0.000000
0.000000
0.000000
0.000000
0.000000
0.000000
0.000000
0.000000
0.000000
0.000000
0.000000
0.000000
0.000000
0.000000
0.000000
0.000000
0.000000
0.000000
0.000000
0.000000
0.000000
0.000000
0.000000
0.000000
0.000000
0.000000
0.000000
0.000000
0.000000
0.000000
0.000000
0.000000
0.000000
0.000000
0.000000
0.000000
0.011598
0.056658
0.141228
0.271667
0.461787
0.720059
1.050966
1.467044
1.966282
2.522260
2.981033
2.987993
2.538525
1.987986
1.484263
1.269616
1.588115
2.000627
2.415764
2.600764
2.518108
2.161447
1.749651
1.353404
1.015584
0.756731
0.558973
0.381625
0.379999
0.308954
0.207482
0.164967
0.151753
0.105889
0.113010
0.123748
0.084949
0.027543
0.000228
0.000000
0.000000
0.000000
0.000000
0.000000
0.000000
0.000000
0.000000
0.000000
0.000000
0.000000
0.000000
0.000000
0.000000
0.007028
0.070884
0.116375
0.130641
0.134092
0.134172
0.130230
0.114372
0.064269
0.008441
0.012844
0.008251
0.015978
0.030906
0.037121
0.030298
0.015606
0.007921
0.010092
0.005589
0.000637
0.000000
0.000000
0.000000
0.000000
0.000000
0.000000
0.000000
0.000000
0.000000
0.000000
0.000000
0.000000
0.004097
0.005348
0.011196
0.067472
0.175794
0.339780
0.565711
0.864383
1.244982
1.714854
2.260190
2.796934
2.764269
2.207358
1.710892
1.303867
1.507200
1.920240
2.396464
2.938202
3.506251
3.919753
4.054623
3.767990
3.239604
2.999548
3.525064
4.053805
4.413244
4.422612
4.221063
4.595562
4.677421
4.090492
3.411647
2.761465
2.217766
2.041496
1.947097
1.805539
1.504495
1.159446
0.846250
0.701940
0.602240
0.551319
0.463054
0.344894
0.236263
0.178762
0.174920
0.170040
0.159437
0.128078
0.067954
0.037241
0.068288
0.108785
0.161249
0.225053
0.313416
0.394298
0.492194
0.576946
0.613658
0.643439
0.579721
0.474382
0.371407
0.293057
0.240645
0.216093
0.245962
0.311820
0.414385
0.531996
0.662082
0.787701
0.886864
0.926627
0.968797
1.065396
1.222945
1.428692
1.660719
1.866179
1.985588
1.921736
1.779582
1.590818
1.408167
1.260939
1.277543
1.450920
1.613976
1.746450
1.819194
1.962308
2.162878
2.394545
2.648438
2.873669
2.981826
2.962636
2.799207
2.562410
2.314871
2.385750
2.814830
2.902529
2.626816
2.300016
2.217303
1.967466
1.416451
1.426665
1.530565
1.569341
1.766814
1.969577
2.046009
1.900347
2.092613
2.332761
2.272528
1.928251
1.514057
1.599505
1.802087
2.016901
2.075098
2.592662
3.140043
3.151698
2.666349
2.141804
1.800329
1.610474
1.836098
2.013640
2.022186
1.878837
1.652990
1.665205
1.615563
1.602757
1.723426
1.974562
2.196202
2.401869
2.742509
3.209451
3.710518
3.716940
3.214961
2.606210
2.027715
1.825990
1.578240
1.373330
1.306493
1.396754
1.482619
1.422107
1.283246
1.079495
1.032207
1.324001
1.718564
2.188276
2.719726
3.369602
4.045490
4.499884
4.516260
4.070856
3.400963
2.759043
2.236510
1.768507
1.366221
1.029795
0.756732
0.545104
0.622997
0.822608
1.020156
1.135772
1.108124
1.141792
1.154687
1.045176
0.838637
0.642526
0.468122
0.330669
0.333643
0.417075
0.454154
0.483193
0.574292
0.637133
0.632930
0.575231
0.526159
0.436178
0.310979
0.243214
0.232467
0.333379
0.429022
0.562270
0.673124
0.802067
0.855506
0.845169
0.811807
0.835300
0.810588
0.745745
0.661301
0.589422
0.613793
0.684766
0.766768
0.851862
0.959529
1.087102
1.220108
1.275886
1.265369
1.177844
1.064694
0.943857
0.904423
0.842157
0.767568
0.688464
0.629219
0.590062
0.662543
0.708923
0.681743
0.617903
0.599560
0.627139
0.733112
0.868958
1.027342
1.199647
1.351443
1.408670
1.363773
1.235879
1.099851
0.979559
0.897407
0.851807
0.768256
0.707199
0.638109
0.740547
0.870650
1.024595
1.149284
1.175314
1.081855
0.957425
0.917567
0.877243
0.769119
0.646289
0.561752
0.512964
0.550934
0.660553
0.775222
0.909496
1.062882
1.225664
1.381613
1.513952
1.671809
1.829136
1.866175
1.792779
1.865192
2.126644
2.255483
2.098471
1.836590
1.561798
1.553515
1.846905
2.151584
2.382515
2.424652
2.253551
1.996175
1.735768
1.499513
1.292605
1.121413
0.985761
1.291832
1.744217
2.254995
2.676039
2.899616
2.627515
2.187238
1.719552
1.532766
1.917539
2.332087
2.662296
2.713135
2.454633
2.327992
2.049159
1.703059
1.389952
1.087449
0.811504
0.587622
0.671969
0.945571
1.348065
1.894294
2.386121
2.582608
2.640942
2.604765
2.547801
2.477141
2.315548
2.028256
1.561752
1.359516
1.274425
1.222593
1.155490
1.018818
0.742312
0.419042
0.206160
0.072850
0.008728
0.000000
0.000000
0.000000
0.000000
0.000328
0.009449
0.016493
0.005813
0.000000
0.000000
0.000000
0.000000
0.000000
0.000000
0.000000
0.000000
0.000000
0.000000
0.000000
0.000000
0.000000
0.000000
0.000000
0.000000
0.001992
0.015216
0.022634
0.018715
0.023932
0.050046
0.064215
0.068141
0.068588
0.067640
0.067916
0.067429
0.061018
0.039011
0.011248
0.065030
0.114269
0.119520
0.073393
0.017101
0.000429
0.002053
0.001230
0.000000
0.000000
0.000000
0.000000
0.000000
0.000000
0.000000
0.000000
0.000000
0.000000
0.000000
0.000000
0.000000
0.000000
0.000000
0.000000
0.000000
0.000000
0.000000
0.000000
0.000000
0.000000
0.015040
0.076192
0.148139
0.183783
0.190603
0.181417
0.144627
0.076507
0.033652
0.098231
0.185843
0.245337
0.253474
0.357180
0.477214
0.621968
0.704416
0.904881
1.083696
1.123035
1.331103
1.798946
2.451420
2.978220
3.189553
3.239420
3.239152
3.232218
3.216457
3.162362
2.968261
2.515454
1.814848
1.535898
1.506603
1.215959
0.907502
0.746144
0.640231
0.687483
0.759594
0.894813
1.133697
1.388201
1.576117
1.603131
1.479866
1.371266
1.224572
1.269019
1.471264
1.607801
1.562531
1.363270
1.104501
0.851540
0.631935
0.760194
0.895218
1.077458
1.264116
1.286216
1.446398
1.860859
2.379276
2.982599
3.677421
4.315300
4.650173
4.317391
3.682625
3.000996
2.405818
1.876057
1.420804
1.050678
0.751971
0.538600
0.512684
0.761479
1.158611
1.337447
1.328437
1.117490
0.643682
0.394400
0.398610
0.476008
0.529897
0.629369
0.731470
0.839102
0.960057
1.076167
1.164803
1.177908
1.169821
1.268860
1.257286
1.140759
0.980208
0.948468
1.082889
1.244837
1.409984
1.533018
1.539688
1.457268
1.469301
1.518631
1.656765
1.828906
2.014049
2.217327
2.392090
2.437191
2.336195
2.161035
2.054471
1.875475
1.843320
2.016831
2.192537
2.258026
2.178103
1.987141
1.891374
2.048431
2.227471
2.510570
2.784850
3.062674
3.365095
3.667781
3.872811
3.871976
3.679996
3.379421
3.056874
2.737600
2.431771
2.154298
1.909651
2.299006
2.774943
3.299267
3.818356
4.230326
4.222673
3.824783
3.299570
2.758177
2.262277
2.243206
2.519486
2.853106
3.233032
3.609186
3.940310
4.128671
4.489594
4.757342
5.287151
5.770945
6.116214
6.104658
5.759207
5.249236
4.772171
4.267497
3.809628
3.377231
3.802216
3.961716
3.821425
3.410534
3.578010
4.005730
4.082789
4.596982
5.347602
6.186483
6.995954
7.439344
7.262278
6.665413
5.919570
5.211889
4.480756
4.661586
5.514212
6.229657
6.361358
5.959190
5.533114
4.910192
4.169140
3.467729
2.860603
2.341233
1.874551
1.477107
1.314025
1.421388
1.439646
1.451236
1.438160
1.763565
2.148372
2.465337
2.686148
2.693580
2.596563
2.475944
2.246558
2.320289
2.479696
2.436306
2.283290
2.031482
1.895592
1.798971
1.770611
1.748186
1.791864
1.728554
1.722950
1.770816
1.787083
1.718402
1.727151
1.738537
1.623274
1.662436
1.715593
1.669770
1.696809
1.737577
1.703749
1.550042
1.344554
1.136556
0.985996
0.892188
0.815672
0.905306
1.031927
0.960326
0.911625
0.742218
0.579291
0.393856
0.313900
0.433752
0.581601
0.755133
0.911844
1.043151
1.141541
1.248636
1.325550
1.380808
1.525501
1.682685
1.816578
1.919629
1.937338
1.886434
1.846190
1.844012
1.849965
1.984386
1.863105
2.108075
2.290657
2.322377
2.157730
1.894881
1.721411
1.522182
1.282354
1.068002
0.922716
0.937402
1.014611
1.055869
1.066834
0.987426
0.891406
0.977628
1.052312
1.093074
1.130447
1.367225
1.497267
1.525943
1.564980
1.507381
1.439348
1.448291
1.504371
1.538639
1.453730
1.357959
1.354593
1.393917
1.206012
1.173792
1.250961
1.282825
1.249453
1.149010
0.973931
0.829820
0.625912
0.599230
0.591847
0.654546
0.788261
0.926839
1.061714
1.170192
1.452860
1.973363
2.674797
3.106524
3.224994
3.313068
3.254185
3.087206
2.914767
2.715778
2.731644
2.963938
3.097137
3.071705
2.942204
2.914305
3.036026
3.015851
2.979656
2.968471
2.989134
2.829485
2.595701
2.553808
2.964493
3.500386
4.106939
4.785393
5.534837
6.361213
7.264014
8.232167
9.122844
9.624673
9.531482
8.814920
7.852447
7.732466
8.865259
10.195059
11.664211
13.263352
14.922474
16.313240
17.284559
16.717493
15.186946
13.332567
11.507663
12.841381
14.327673
15.629527
16.999479
17.748672
17.277697
16.110369
14.485193
12.889125
11.501143
10.457605
11.361489
11.916327
12.507664
12.579233
12.075303
11.146872
10.231712
9.792900
9.129992
8.733033
9.385391
9.722254
9.463196
8.823417
8.151893
8.200233
7.861209
7.311553
6.814233
6.320490
5.760451
5.204155
4.718785
4.504324
4.177515
3.794929
3.373087
2.989952
2.931266
3.029798
3.041834
3.228306
3.220729
2.971688
2.651979
2.360146
2.257826
2.315927
2.361174
2.302536
2.312732
2.574004
2.827409
3.018460
3.124396
2.984026
2.746570
2.683616
2.993505
3.307972
3.537013
3.613060
3.939415
4.240310
4.566272
4.973381
5.576330
6.613367
7.952237
8.856468
9.265291
9.298422
8.983024
8.576293
8.418683
8.853944
9.331503
9.830888
10.357996
10.904445
11.480037
11.997841
12.320783
12.307331
11.861942
11.287457
11.101407
11.319465
11.254342
10.891868
10.378290
9.876608
9.411651
8.939682
8.475204
8.027792
7.622097
7.620304
7.672826
7.488615
7.109767
6.985510
7.821310
8.123690
7.881412
7.104488
6.275734
5.934112
5.795921
5.888620
6.168099
6.651604
7.191885
7.557737
7.703669
7.507177
6.831729
6.051893
5.148757
4.364321
3.664973
3.050941
2.429407
2.026254
1.945606
2.036875
2.160513
2.269871
2.409038
2.558127
2.517165
2.283463
2.110456
2.034813
2.047833
2.170031
2.354612
2.403928
2.577932
2.753776
2.838772
2.928633
3.258065
3.610515
4.029016
4.571632
5.211120
5.926059
6.729440
7.518126
8.084330
8.099737
7.548372
6.751256
5.970430
5.306585
4.690883
4.124632
3.746399
4.206031
4.599548
4.639683
4.377346
3.985891
3.578746
3.176978
2.932449
2.817290
2.854624
3.089275
3.231871
3.035658
2.684228
2.422338
2.621194
2.977713
3.318021
3.645878
3.960062
4.043093
3.885362
3.764582
3.689731
3.808410
3.932242
3.952998
3.817317
3.811205
4.225126
4.704700
4.965422
4.791142
4.332086
3.842086
3.443611
3.560562
3.428642
3.163183
2.914145
3.166194
3.414174
3.465144
3.281598
3.011482
2.664490
2.353599
2.067873
1.931682
2.234456
2.633020
3.077811
3.525506
3.839097
3.766896
3.397031
2.938866
2.499238
2.106187
1.745796
1.497358
1.689203
1.890258
2.095754
2.299006
2.468488
2.600341
2.541279
2.128540
1.955070
1.951385
1.865513
1.874158
1.890009
1.657904
1.555469
1.547200
1.660340
1.797724
1.955423
2.044343
1.797615
1.643251
1.757399
1.953868
2.139545
2.336159
2.468076
2.334600
2.364557
2.480968
2.515016
2.351517
2.265892
2.294403
1.969839
1.731802
1.784565
1.974550
2.204365
2.407689
2.537607
2.791619
3.066806
3.283431
3.243296
3.382422
3.662672
3.909119
4.175497
4.300576
3.793179
3.597223
3.812709
4.173338
4.551073
4.748118
4.664265
4.797779
4.591413
3.859579
3.473246
3.592319
3.927710
4.350403
4.830125
5.357980
5.909108
6.493396
7.092676
7.647086
7.861209
6.806886
5.491872
4.651622
3.800582
3.220920
3.012301
2.839476
2.543222
1.847205
1.836299
2.008466
2.023324
1.562910
1.260735
1.427114
1.733188
2.015105
1.943808
1.048339
0.853158
1.030073
1.326413
1.570592
1.364483
0.610276
0.356020
0.422501
0.596961
0.863141
1.107137
0.974757
0.646181
0.234255
0.000000
0.000000
0.000000
0.000000
0.000000
0.000000
0.000000
0.000000
0.000000
0.000000
