track	type=wiggle_0
fixedStep	chrom=chr	start=1	step=1
0.000000
0.000000
0.000000
0.000000
0.000000
0.000000
0.000000
0.000000
0.000000
0.171971
0.245110
0.105137
0.035105
0.040904
0.232293
0.362876
0.402340
0.516274
0.552708
0.739577
0.963303
1.027862
1.041160
1.041160
1.041160
1.018034
0.948247
0.730121
0.608758
0.494322
0.334808
0.200361
0.130939
0.200425
0.293275
0.374671
0.385055
0.573350
0.764316
0.846879
0.725663
0.525069
0.566960
0.740307
0.523296
0.278743
0.113709
0.033379
0.007688
0.071585
0.223045
0.399690
0.512938
0.547693
0.502219
0.396438
0.306081
0.310555
0.402229
0.490446
0.499994
0.524082
0.652277
0.778432
0.798749
0.713100
0.649877
0.718857
0.683711
0.565291
0.415123
0.389874
0.551842
0.766499
1.021402
1.269177
1.441685
1.360405
1.150686
0.927392
0.708142
0.511105
0.354568
0.247306
0.155615
0.115832
0.065554
0.031128
0.011988
0.001959
0.000000
0.000257
0.005082
0.005227
0.000380
0.011890
0.081410
0.257113
0.575603
0.726095
0.766093
0.772090
0.766093
0.738315
0.639938
0.379258
0.187850
0.074223
0.018731
0.005456
0.015457
0.025891
0.027559
0.018090
0.009293
0.014455
0.012847
0.006995
0.000848
0.000000
0.007409
0.014923
0.033921
0.061234
0.091443
0.103001
0.089807
0.058567
0.029940
0.010311
0.007373
0.084655
0.169332
0.200797
0.208513
0.208513
0.199771
0.162617
0.058626
0.016787
0.016854
0.010666
0.002831
0.000000
0.000000
0.000000
0.016959
0.083756
0.189476
0.218495
0.140527
0.060506
0.014526
0.007546
0.008700
0.007733
0.007530
0.004557
0.001809
0.000000
0.000000
0.000000
0.000000
0.000000
0.000000
0.000000
0.000000
0.000000
0.000000
0.000000
0.000000
0.000000
0.000000
0.000000
0.000000
0.000000
0.000000
0.000000
0.000000
0.000000
0.000000
0.001950
0.041035
0.135644
0.275782
0.420406
0.420406
0.339785
0.234173
0.122399
0.042627
0.004307
0.000000
0.000000
0.000000
0.000000
0.000000
0.000000
0.000000
0.000000
0.000000
0.000000
0.000000
0.000000
0.000000
0.000000
0.000000
0.000000
0.000000
0.000000
0.000000
0.000000
0.000000
0.000000
0.000000
0.000000
0.000000
0.000000
0.000000
0.000000
0.000000
0.000000
0.000000
0.000000
0.000000
0.000000
0.000000
0.000000
0.000000
0.000000
0.000000
0.000000
0.000000
0.000000
0.000000
0.000000
0.000000
0.000000
0.000000
0.000000
0.000000
0.000000
0.000000
0.000000
0.000000
0.000000
0.000000
0.000000
0.000000
0.000000
0.000000
0.019840
0.132096
0.224232
0.288491
0.370799
0.369194
0.281583
0.204131
0.104715
0.024933
0.009525
0.000092
0.000000
0.000000
0.000000
0.021159
0.045809
0.046734
0.025295
0.001830
0.000792
0.013004
0.038822
0.090012
0.211216
0.308169
0.397147
0.436557
0.445400
0.420860
0.332125
0.179467
0.118200
0.115970
0.145725
0.123902
0.044165
0.003143
0.000000
0.000000
0.001913
0.024939
0.077803
0.156064
0.230920
0.279547
0.303863
0.354623
0.510477
0.663619
0.709925
0.584743
0.403002
0.242118
0.123954
0.048980
0.011795
0.000094
0.000000
0.000000
0.000000
0.000000
0.000000
0.000000
0.000000
0.000000
0.000000
0.000000
0.000000
0.000000
0.000000
0.000000
0.000000
0.000000
0.000000
0.000000
0.000000
0.000000
0.009976
0.018726
0.008013
0.000000
0.000000
0.000000
0.000000
0.000000
0.000000
0.000000
0.000000
0.000000
0.000000
0.000000
0.000000
0.000000
0.000000
0.000000
0.000000
0.000000
0.000189
0.028183
0.096185
0.166267
0.165126
0.093998
0.026680
0.000108
0.000000
0.000000
0.000000
0.000000
0.000000
0.005552
0.012086
0.002955
0.000000
0.002086
0.020043
0.047396
0.055982
0.039585
0.013413
0.071425
0.151647
0.296965
0.547658
0.917675
0.944919
0.619690
0.344116
0.164114
0.054447
0.004976
0.000000
0.000000
0.000000
0.000000
0.000000
0.000000
0.000000
0.000000
0.000000
0.000000
0.000000
0.004618
0.016771
0.035284
0.067226
0.074213
0.073924
0.072628
0.071453
0.067485
0.052902
0.027407
0.075175
0.150840
0.204739
0.170863
0.085844
0.019633
0.000000
0.000000
0.000000
0.000000
0.000000
0.000000
0.000000
0.000000
0.000000
0.000000
0.000000
0.000000
0.000000
0.000000
0.000000
0.000000
0.000000
0.000000
0.000000
0.000000
0.000000
0.000000
0.000000
0.000000
0.000000
0.000000
0.000000
0.000000
0.000000
0.000000
0.000000
0.000000
0.000000
0.000000
0.000000
0.000000
0.000000
0.000000
0.000000
0.000000
0.000000
0.000000
0.000000
0.021066
0.080440
0.130256
0.123429
0.062980
0.012204
0.000000
0.000840
0.021658
0.073014
0.158807
0.284006
0.451138
0.665169
0.933046
1.261096
1.659910
2.131260
2.629153
3.013775
3.006000
2.615451
2.167233
1.752486
1.353232
1.006325
0.776580
0.534701
0.332186
0.469556
0.530250
0.467827
0.296104
0.123599
0.206551
0.295635
0.358411
0.347947
0.296001
0.317829
0.271899
0.188567
0.116221
0.069890
0.030765
0.006868
0.000330
0.000555
0.004485
0.003341
0.000000
0.000076
0.002198
0.025101
0.097362
0.231642
0.435711
0.719316
1.112627
1.644875
1.938717
2.049257
2.029357
1.842816
1.396456
0.987961
0.986824
0.837879
0.630218
0.417253
0.301301
0.391087
0.488687
0.572029
0.651288
0.696935
0.654142
0.561397
0.459818
0.381101
0.328957
0.358562
0.366306
0.441638
0.530432
0.611669
0.646994
0.606722
0.522783
0.426507
0.406557
0.424020
0.368394
0.456145
0.576144
0.730865
0.907423
1.076588
1.152506
1.148327
1.269728
1.476698
1.584719
1.553035
1.535450
1.526196
1.733210
1.672529
1.431317
1.754993
2.014125
2.224380
2.655881
3.143931
3.587847
3.809009
3.760158
3.415195
3.033375
3.566472
4.217341
4.913165
5.478258
5.640365
5.189139
4.633656
4.304807
4.913244
5.499365
5.979321
6.894225
7.711737
6.884499
5.372559
4.367365
4.021107
3.514826
3.215143
3.248981
3.328407
3.646543
4.163081
4.371747
4.194235
3.702786
3.131410
2.592152
2.115672
1.702848
1.526526
1.351567
1.532553
1.574365
1.389247
1.085918
0.976489
1.137994
1.323876
1.497312
1.565065
1.523153
1.532884
1.663351
1.731797
1.634258
1.433051
1.232486
1.053178
0.902803
0.751283
0.608371
0.651892
0.777887
0.885727
0.952707
0.907858
0.812246
0.692113
0.577466
0.478462
0.426510
0.368319
0.294065
0.261053
0.360023
0.459555
0.532916
0.586622
0.584129
0.542520
0.465404
0.399932
0.450787
0.538721
0.636607
0.741055
0.852823
0.963058
1.044529
1.063699
1.019615
1.109879
1.228138
1.341910
1.439433
1.452863
1.396765
1.263841
1.116394
0.970324
0.825367
0.689652
0.827007
1.203313
1.596158
1.579871
1.152784
0.767526
0.478370
0.446772
0.477962
0.476562
0.437348
0.397332
0.434418
0.469910
0.463590
0.412451
0.366174
0.379167
0.355952
0.301771
0.229167
0.202984
0.235707
0.243222
0.209732
0.134061
0.073385
0.056574
0.048843
0.040513
0.023061
0.017699
0.015713
0.027567
0.030006
0.070277
0.071022
0.122326
0.194341
0.286343
0.397504
0.517211
0.634938
0.750893
0.794181
0.742264
0.632287
0.516491
0.405692
0.307276
0.314296
0.406680
0.510222
0.588627
0.601888
0.570552
0.739360
0.938620
1.168913
1.434586
1.737321
2.070686
2.416333
2.789568
3.160456
3.439625
3.444030
3.146578
2.722075
2.322791
1.967513
1.644245
1.363669
1.131157
0.969685
0.965299
0.860427
0.984039
1.130311
1.063353
1.314792
1.754943
2.334835
2.881714
2.868775
2.322868
1.884619
1.708868
1.705652
1.891224
1.997099
1.936100
1.659708
1.425704
1.208599
1.052346
1.043026
0.901956
0.723446
0.571324
0.478029
0.581132
0.684342
0.797209
0.912546
0.999844
1.030567
0.976108
0.978308
1.130428
1.287345
1.436580
1.553294
1.670972
1.737304
1.764951
1.681685
1.561545
1.413771
1.264273
1.359903
1.518771
1.686152
1.858918
2.033150
2.204412
2.322499
2.497777
2.722147
2.968521
3.186094
3.309576
3.296155
3.150808
2.929663
2.694201
2.476118
2.256012
2.041815
2.021089
2.196039
2.400966
2.654789
2.948688
3.255585
3.526159
3.682828
3.696434
3.564673
3.359746
3.148679
2.927099
2.714966
2.545975
2.417952
2.432898
2.474192
2.289094
2.211857
2.219424
2.115985
2.018112
1.984500
2.127882
2.322453
2.544989
2.748994
2.876806
2.949950
3.094353
3.147070
3.004833
2.806957
2.580831
2.351081
2.269653
2.490499
2.919053
3.470793
3.777410
3.644465
3.333655
3.131331
2.882206
2.641268
2.402028
2.213276
2.213529
2.192170
2.126376
1.902606
1.647913
1.500201
1.506946
1.599012
1.732010
1.970403
2.242474
2.527497
2.827569
3.148435
3.486257
3.821229
4.081812
4.145902
3.913959
3.623323
3.334454
3.023609
2.738580
2.447206
2.164483
2.223335
2.248820
2.116976
1.921069
1.788142
1.873830
1.932843
1.843397
1.672188
1.483410
1.561729
1.291095
1.264885
1.432293
1.599588
1.758607
1.867509
1.859618
1.744822
1.631413
1.646570
1.694923
1.757554
1.766643
1.660208
1.477078
1.277923
1.110446
0.981408
0.861898
0.824905
0.922877
1.000959
0.987056
1.381816
1.808373
2.064586
1.951614
1.620940
1.259554
0.955610
0.703586
0.561551
0.429815
0.444744
0.444612
0.415987
0.398471
0.357168
0.341940
0.359535
0.416107
0.455172
0.441785
0.411922
0.400986
0.391245
0.460200
0.531358
0.590282
0.609645
0.630160
0.705628
0.724837
0.677141
0.676931
1.014998
1.235878
1.318721
1.314101
1.212202
0.938216
0.558757
0.331332
0.265892
0.277447
0.307218
0.309777
0.278992
0.238766
0.221057
0.339386
0.462452
0.483726
0.395221
0.270395
0.171669
0.197596
0.230826
0.386834
0.592478
0.903509
1.308924
1.815571
2.347344
2.992993
3.306002
3.376605
3.307212
2.946437
2.124316
1.499113
1.032785
0.691311
0.445575
0.267505
0.139086
0.072809
0.019832
0.000018
0.000000
0.000000
0.000000
0.000437
0.003890
0.003089
0.000015
0.000000
0.003127
0.024687
0.055900
0.068883
0.046112
0.028925
0.010769
0.002538
0.018636
0.042666
0.046456
0.030739
0.015131
0.015523
0.071406
0.176222
0.329192
0.497397
0.573954
0.502541
0.355900
0.225331
0.201788
0.322703
0.442960
0.472323
0.426588
0.310995
0.207304
0.139396
0.067060
0.042776
0.031430
0.005848
0.000000
0.009759
0.038402
0.127713
0.327939
0.586917
0.717873
0.758728
0.771742
0.784487
0.794577
0.836818
0.909928
0.873762
0.680583
0.474000
0.364261
0.286248
0.205335
0.102690
0.059790
0.037728
0.030559
0.029502
0.006351
0.000000
0.000000
0.001744
0.020106
0.104016
0.208564
0.256428
0.271422
0.277778
0.277610
0.247088
0.138062
0.029802
0.000211
0.026474
0.091166
0.180185
0.204654
0.156594
0.070063
0.103530
0.248406
0.561123
0.899662
1.047372
1.090003
1.094911
1.053356
0.891786
0.516966
0.226208
0.084867
0.013146
0.000000
0.000000
0.000000
0.000000
0.000000
0.000000
0.000000
0.000000
0.000000
0.000000
0.000000
0.000000
0.000000
0.000000
0.000000
0.000000
0.000000
0.000000
0.000000
0.000000
0.000000
0.000000
0.000000
0.000000
0.000000
0.000000
0.000000
0.000000
0.000000
0.000000
0.000000
0.000000
0.000000
0.000000
0.000000
0.000000
0.000000
0.000000
0.000000
0.000000
0.000000
0.008994
0.058181
0.153600
0.305470
0.520925
0.806586
1.156102
1.540625
1.855397
1.886896
2.110519
2.652563
2.924518
2.339219
1.674418
1.276109
0.990746
0.713653
0.699394
0.739522
0.639229
0.447229
0.449775
0.455143
0.455760
0.454481
0.447398
0.413313
0.335967
0.206647
0.150073
0.121710
0.126920
0.111864
0.067334
0.052189
0.027843
0.015193
0.043688
0.158615
0.303417
0.361378
0.327341
0.226041
0.195835
0.199078
0.145233
0.077220
0.124060
0.181029
0.246567
0.324087
0.420153
0.532725
0.659709
0.801422
0.940700
1.023260
1.135890
1.290730
1.467131
1.664401
1.908628
2.205013
2.523533
2.850372
3.143480
3.300439
3.293557
3.145764
2.897846
2.657010
2.468090
2.407653
2.414363
2.300547
2.119500
1.918446
1.755139
1.612073
1.530761
1.439165
1.403481
1.305002
1.170503
1.147777
1.070165
0.983735
1.023656
1.083186
1.081693
1.046996
1.185058
1.284805
1.389018
1.631700
1.819347
2.064341
2.462744
2.909515
3.388168
3.890719
4.445197
5.016927
5.421559
5.502025
5.287502
5.426083
5.897515
6.229975
6.760663
7.388464
7.951103
8.854042
9.935823
11.175242
12.500098
13.750192
14.578135
14.535913
13.611241
12.316435
11.032598
9.965699
9.420134
9.368408
8.852527
8.445546
7.767227
7.919865
8.416547
8.684924
8.510942
7.964203
7.250373
6.457804
5.694309
5.107252
4.511408
3.950827
3.494734
3.044486
2.631068
3.164067
3.569588
3.564023
3.166070
2.775479
2.657066
2.415105
2.374324
2.631690
2.917788
3.216317
3.517843
3.825472
4.137547
4.379106
4.454248
4.303820
3.983796
3.698400
3.430748
3.142686
2.872565
2.647107
2.460556
2.213208
2.347170
2.473577
2.660696
2.897426
3.105887
3.276259
3.342111
3.247975
3.051423
2.814381
2.559097
2.307375
2.199732
2.179743
2.274100
2.284474
2.175761
1.998908
1.768984
1.530026
1.305621
1.112454
0.949766
0.839998
0.809157
0.799093
0.808637
0.828131
0.874124
0.931038
0.933520
0.892126
0.802102
0.834953
0.876860
1.058937
1.201789
1.307668
1.264026
1.165933
0.981664
0.897413
0.911276
0.876464
0.791080
0.675765
0.586168
0.607016
0.623393
0.654080
0.612934
0.537330
0.431217
0.348906
0.271387
0.253089
0.277211
0.323620
0.362758
0.388876
0.369483
0.320314
0.265792
0.197164
0.323271
0.468663
0.573071
0.577729
0.498919
0.363136
0.469489
0.723854
1.077438
1.556308
2.189577
2.957760
3.023685
2.472507
2.142104
2.474216
2.939543
3.288842
3.733215
3.703999
3.154063
2.500150
1.904739
1.413953
1.012315
0.688634
0.440977
0.282359
0.299788
0.374637
0.360306
0.268592
0.194764
0.162083
0.108515
0.139121
0.172288
0.158108
0.099750
0.055775
0.062388
0.120083
0.194650
0.272368
0.316492
0.266923
0.191475
0.117622
0.059625
0.021602
0.003426
0.009918
0.018339
0.012409
0.032997
0.083655
0.120058
0.072279
0.018875
0.001125
0.000000
0.004642
0.009564
0.008549
0.014791
0.031319
0.076519
0.185145
0.299610
0.517581
0.787629
1.028290
1.147004
1.046439
0.922238
0.840660
1.074119
1.253834
1.331992
1.348635
1.348680
1.339514
1.306645
1.199686
0.955787
0.690855
0.456383
0.253461
0.146172
0.100803
0.071812
0.031626
0.035538
0.062866
0.054530
0.048007
0.033963
0.035107
0.052068
0.065660
0.074606
0.117479
0.137774
0.072501
0.014357
0.000000
0.000000
0.000000
0.000000
0.000000
0.000000
0.000000
0.000000
0.000000
0.000000
0.000000
0.000000
0.000000
0.000000
0.000000
0.000000
0.000000
0.000000
0.000000
0.000000
0.000000
0.000000
0.000000
0.000000
0.000000
0.000000
0.000000
0.000000
0.000000
0.000000
0.000000
0.000000
0.000000
0.000000
0.000000
0.000000
0.000000
0.000000
0.000000
0.000000
0.000000
0.000000
0.000000
0.000000
0.000000
0.000000
0.000000
0.000000
0.000000
0.000000
0.000000
0.000000
0.000000
0.000000
0.000000
0.000000
0.000000
0.000000
0.000000
0.000000
0.000000
0.000000
0.000000
0.000000
0.000000
0.000000
0.000000
0.000000
0.000000
0.000000
0.000000
0.000000
0.004408
0.013562
0.008954
0.035865
0.095386
0.197980
0.368008
0.619242
0.959353
1.461753
2.189992
2.757952
2.974960
3.020688
3.023814
3.017454
3.000493
2.948779
2.769764
2.327454
1.901142
2.442541
3.007099
3.447106
3.457016
3.059843
2.533212
2.056848
1.610683
1.629111
1.783959
1.817444
1.817915
1.808601
1.791172
1.735201
1.603940
1.470744
1.765086
2.105559
2.472121
2.809376
3.002655
2.973746
2.730902
2.603982
2.525076
2.315105
2.006249
1.700690
1.548260
1.670176
1.934643
2.170381
2.336766
2.262954
2.138732
1.944931
1.773759
1.758025
2.020265
2.472518
3.031085
3.576122
4.131062
4.832616
5.549269
5.923886
5.701586
4.919669
4.050256
4.517525
5.745108
6.282212
6.384994
6.249882
5.679047
4.394974
3.352931
3.163116
3.260087
3.352526
3.616196
3.835182
3.877379
3.789983
3.712713
3.697376
4.016959
4.334883
4.642673
4.846673
4.859561
4.672748
4.392722
4.371160
4.517112
4.530764
4.508893
4.810660
5.084660
5.322201
5.442822
5.319548
5.034437
4.700609
4.607990
4.927605
5.271230
5.691757
5.968278
5.985057
5.716053
5.232384
5.141534
5.484182
5.800623
5.847648
5.703534
5.629190
5.619068
5.968372
6.420784
7.270858
7.685662
7.427583
6.817676
6.705409
6.104890
5.673575
6.410310
7.192530
7.862557
8.172368
7.887022
7.209871
6.435247
5.788601
5.304626
5.223597
5.040587
5.575194
6.146588
6.763438
7.391715
7.872888
8.317433
8.311616
7.862810
7.083560
6.376864
6.089942
5.840115
6.291585
6.505001
6.068449
5.365245
5.150600
5.472546
5.458601
5.302232
4.822864
4.299855
4.198808
4.335044
4.460436
4.660394
4.782484
4.693677
4.426971
4.096008
4.062649
3.918005
3.614869
3.458553
4.159482
4.819262
5.027426
4.738700
4.046763
3.328728
3.269783
3.502607
3.640099
3.560316
3.444530
3.632097
3.964917
4.266940
4.531816
4.593143
4.433796
4.124407
3.794940
3.550042
3.476018
4.024870
4.459461
4.640258
4.570871
4.329676
4.142242
4.002782
4.297399
4.461171
4.365115
4.134503
3.834789
3.533041
3.239541
2.964044
3.056632
3.092114
2.982458
2.723602
2.443208
2.166857
1.926105
1.716972
1.653627
1.521771
1.335359
1.149143
0.970943
0.890796
0.758444
0.683901
0.728514
0.707359
0.630982
0.528970
0.457946
0.422884
0.380849
0.350310
0.329511
0.291599
0.301771
0.301207
0.293043
0.268211
0.237326
0.204818
0.210810
0.288615
0.403482
0.510693
0.756178
1.072650
1.447275
1.862592
2.213910
2.753425
3.157429
3.085226
2.781700
3.349937
3.899769
4.477255
4.705415
4.392155
3.737662
3.060485
2.464083
1.976540
1.622381
1.521774
1.309597
1.028647
0.762959
0.532746
0.350340
0.217613
0.172920
0.152376
0.116698
0.063702
0.025668
0.011378
0.006858
0.001645
0.001346
0.000000
0.000000
0.000000
0.000000
0.000000
0.000000
0.000000
0.000000
0.000000
0.000000
0.000000
0.000000
0.000000
0.000000
0.000000
0.004094
0.023592
0.001242
0.000000
0.000000
0.000000
0.000000
0.000000
0.000000
0.000000
0.002549
0.005797
0.017271
0.050666
0.132655
0.271019
0.401540
0.486553
0.480661
0.411447
0.332213
0.264927
0.200324
0.164387
0.146123
0.170691
0.183134
0.170941
0.331985
0.575690
0.757446
0.573551
0.329195
0.153406
0.043218
0.030136
0.021245
0.010943
0.005014
0.009234
0.039255
0.050906
0.052455
0.066633
0.109154
0.198211
0.285939
0.352587
0.408925
0.469526
0.549170
0.654954
0.774810
0.887591
1.003987
1.135396
1.244812
1.276617
1.231119
1.133435
1.015789
0.894234
0.765964
0.643435
0.536683
0.434772
0.601954
0.739849
0.856474
0.826440
0.652648
0.753441
1.001654
1.284872
1.642160
2.254205
3.295453
3.945899
4.118007
3.979412
3.489989
2.737706
2.090296
1.670576
1.554451
1.736601
1.975335
2.230457
2.473295
2.690908
2.923210
3.175116
3.463218
3.780444
4.057686
4.151355
4.047761
3.784747
3.481445
3.630220
3.960465
4.318917
4.713446
5.134608
5.546068
5.912549
6.064880
5.868115
5.449305
5.272026
4.975532
4.521488
4.057450
3.629937
3.250123
2.913412
2.570640
2.255228
1.975883
1.731333
1.570987
1.770261
1.881481
1.841331
1.936548
2.144228
2.291068
2.290572
2.160850
2.000871
2.174013
2.660547
3.042504
3.296733
3.407364
3.310711
3.426616
3.677406
3.883064
4.013275
4.029794
3.918441
3.976234
4.035006
3.941692
4.071831
4.368886
4.669150
4.964771
5.214036
5.327610
5.365123
5.221489
4.962524
4.735491
5.434817
6.236273
6.962705
7.433432
7.782293
8.026712
8.023403
7.722560
7.344483
7.005782
6.599735
6.511702
6.651722
7.000873
7.378521
7.763232
8.172573
8.639344
9.045105
9.187514
8.972171
8.622620
8.253199
7.953085
8.235126
8.276522
8.040111
7.475757
7.090499
6.900355
6.708753
6.473566
6.307591
6.274783
6.203451
6.001257
5.743919
5.667286
5.826933
5.931669
5.967068
5.767891
5.768766
5.685346
5.840562
5.915443
6.097734
6.442307
6.730964
6.748116
6.506166
6.102608
5.670204
5.980991
6.310685
6.533227
6.625234
6.950378
7.275255
7.677427
8.220328
8.728642
9.189323
9.510656
9.499139
9.143549
8.602039
8.048411
8.021488
8.051191
7.928798
7.637323
7.219400
6.952860
7.582990
8.240941
8.916854
9.532594
9.742861
9.498661
8.835377
8.104976
7.425658
6.781661
6.205165
5.836678
5.844916
5.614812
5.560157
6.066463
6.634418
7.175432
7.533689
7.495430
7.156912
6.715486
6.411359
6.297631
6.327283
6.290287
6.030483
5.698682
5.424391
5.182308
4.894132
4.680493
4.447195
4.411050
4.718271
5.022961
5.232122
5.446047
5.595951
5.839584
6.134227
6.205303
6.042994
5.695812
5.304108
4.904356
4.526766
4.215610
3.928602
3.617600
3.353424
3.255330
3.054357
2.804007
2.577099
2.372670
2.234428
2.167464
2.012047
1.847778
1.674679
1.562645
1.440117
1.286178
1.456362
1.635398
1.440051
1.105663
0.932102
0.848873
0.750891
0.665432
0.564413
0.458829
0.374520
0.369874
0.388304
0.505911
0.625314
0.711999
0.732674
0.829662
0.949214
1.000209
0.921818
0.789970
0.796424
1.023849
1.273411
1.479277
1.490088
1.292458
1.046536
0.810321
0.620599
0.510296
0.388458
0.365243
0.462597
0.525395
0.536129
0.481392
0.500951
0.465441
0.402205
0.323139
0.215347
0.249154
0.315507
0.515103
0.779066
1.109989
1.517146
2.029529
2.629848
3.307245
4.017341
4.677810
4.785361
4.618182
5.255880
5.455503
4.961360
4.208629
3.516610
3.001282
2.461829
1.958738
1.553572
1.335216
1.367724
1.232039
0.988838
0.781454
0.618611
0.475553
0.495038
0.388327
0.302119
0.273616
0.243713
0.141529
0.106416
0.052164
0.058097
0.096187
0.081951
0.086184
0.064711
0.016621
0.000247
0.000000
0.639938
0.343390
0.156935
0.061241
0.060323
0.187683
0.378054
0.000000
0.000000
0.000000
0.000000
0.000000
0.000000
0.000000
0.000000
0.000000
