track	type=wiggle_0
fixedStep	chrom=chr	start=1	step=1
0.000000
0.000000
0.000000
0.000000
0.000000
0.000000
0.000000
0.000000
0.000000
0.000000
0.000000
0.007235
0.043407
0.338460
0.719163
0.929228
0.870112
0.652421
0.737259
0.939731
0.684455
0.388701
0.180039
0.070038
0.017275
0.006573
0.005443
0.006330
0.012813
0.011241
0.000916
0.000000
0.000041
0.001748
0.014798
0.025172
0.060352
0.198943
0.519924
0.865362
0.993873
0.935160
0.924640
1.009115
0.964183
0.817703
0.628783
0.584114
0.786531
1.053747
1.363427
1.664355
1.864418
1.764854
1.511597
1.244398
0.981082
0.737380
0.539617
0.401237
0.276288
0.205832
0.128688
0.074924
0.101576
0.106681
0.139761
0.243554
0.275109
0.268507
0.281375
0.259563
0.247817
0.352564
0.733020
1.294145
1.913412
2.261259
2.276442
2.310133
2.425281
2.424282
2.294763
2.067940
2.194882
2.547183
2.776106
3.255518
3.673077
3.619798
3.771173
3.932427
3.979856
3.943629
4.001881
4.149806
4.288810
4.591093
4.933274
5.231197
5.404479
5.400868
5.264882
4.950682
4.579826
4.211577
3.864131
3.545523
3.262061
3.014994
3.192629
3.623290
4.012131
4.345561
4.392756
4.067114
3.672035
3.319843
3.551917
3.799204
3.986554
4.010264
3.832065
3.592110
3.323617
3.175476
3.368344
3.551304
3.721193
3.836755
3.761087
3.555251
3.450959
3.281232
3.137394
2.997968
2.796763
2.580187
2.387738
2.445357
2.231694
1.923467
2.032371
2.064932
1.981761
1.834545
1.743147
1.623312
1.563331
1.506505
1.461487
1.389563
1.368630
1.515400
1.713632
1.884502
1.951620
1.888665
1.722884
1.519125
1.314626
1.125752
0.953801
0.851120
0.941900
0.964386
0.921200
0.869317
0.837048
0.954375
1.078909
1.187803
1.324990
1.548119
1.783884
2.022059
2.114170
2.022060
1.780612
1.511719
1.263079
1.241856
1.359535
1.369599
1.256815
1.111386
1.014605
1.146643
1.257641
1.268182
1.166756
1.049625
1.026229
1.186337
1.382030
1.590366
1.783992
1.861910
1.784587
1.591730
1.389418
1.205047
1.100618
1.429344
1.059749
0.700113
0.667917
0.739225
0.771435
0.678203
0.572133
0.679250
0.774516
0.856349
0.970010
1.052576
1.066319
0.983490
0.851957
0.730427
0.716726
0.755739
0.725870
0.632531
0.535682
0.489371
0.550153
0.570905
0.541616
0.460043
0.376381
0.309657
0.344446
0.385566
0.435443
0.513509
0.605464
0.703407
0.812474
0.922318
0.990047
0.991453
0.920927
0.812107
0.715525
0.620419
0.525880
0.436282
0.516487
0.568017
0.534608
0.455725
0.360354
0.287079
0.213485
0.149998
0.158721
0.168196
0.222340
0.300855
0.301104
0.208026
0.251256
0.263352
0.175970
0.127768
0.089088
0.117049
0.165259
0.227412
0.288226
0.345054
0.353281
0.314918
0.309058
0.297516
0.415947
0.559842
0.712596
0.827762
0.831258
0.734798
0.737752
0.860510
0.918723
0.864302
0.747896
0.616666
0.496181
0.390442
0.299229
0.220085
0.152533
0.097659
0.080446
0.166650
0.278190
0.475891
0.838502
1.304716
1.506806
1.562043
1.562043
1.516679
1.374078
1.069662
1.213048
1.380017
1.304642
1.016199
0.716937
0.474889
0.277598
0.139891
0.059508
0.047052
0.073180
0.067835
0.046148
0.047260
0.043918
0.040361
0.029160
0.021726
0.007652
0.021704
0.039975
0.047441
0.040198
0.049297
0.078015
0.119507
0.193391
0.246851
0.238239
0.219326
0.277027
0.265234
0.257550
0.144325
0.062763
0.065718
0.132363
0.224161
0.339919
0.465284
0.544967
0.514730
0.419733
0.292360
0.182391
0.100191
0.043842
0.011143
0.000021
0.000000
0.000000
0.000000
0.000000
0.000000
0.000000
0.000000
0.000000
0.000000
0.000000
0.000000
0.000000
0.000000
0.000000
0.000000
0.009448
0.033989
0.071305
0.114109
0.123062
0.122725
0.121123
0.118818
0.110576
0.083169
0.035067
0.000396
0.000000
0.000000
0.000000
0.000000
0.000000
0.000000
0.000000
0.000000
0.000000
0.000000
0.000000
0.000000
0.000000
0.000000
0.000000
0.000000
0.000000
0.000000
0.000000
0.000000
0.000000
0.000000
0.000000
0.000000
0.000000
0.000000
0.000000
0.000000
0.000000
0.000000
0.000000
0.004119
0.054517
0.178166
0.411638
0.792710
0.972836
1.022743
1.032536
1.032536
1.032536
1.032536
1.022744
0.973256
0.795081
0.421425
0.261276
0.457909
0.711048
0.992113
1.163181
1.083299
0.872625
0.601996
0.535864
0.727641
0.810038
0.913203
1.085711
1.144045
1.034837
0.828896
0.829747
1.200723
1.659070
2.178736
2.736810
3.185723
2.965166
2.443954
1.902758
1.437255
1.137666
0.990777
0.736504
0.509905
0.410619
0.603487
0.686350
0.616848
0.411574
0.207438
0.128449
0.061965
0.062083
0.096770
0.136676
0.174795
0.209717
0.233430
0.248118
0.196685
0.124563
0.086030
0.057927
0.078234
0.088061
0.077948
0.056771
0.035310
0.048359
0.084986
0.132607
0.191446
0.262342
0.344812
0.441368
0.551651
0.674573
0.806254
0.924543
1.158676
1.448072
1.093302
0.930602
1.081549
1.226073
1.300281
1.266871
1.376694
1.576247
1.764402
1.904286
1.897356
1.744048
1.713236
1.792773
1.755928
1.728113
1.884761
1.997176
2.132703
2.199321
2.158000
1.997113
1.792439
1.602971
1.398110
1.412541
1.587521
1.740616
1.793254
2.096325
2.425285
2.714753
2.879004
2.794560
2.715952
2.492531
2.236650
2.019652
2.373857
2.792716
3.263280
3.788495
4.373329
5.010883
5.695020
6.465692
7.228130
7.726442
7.814676
7.357028
6.576658
5.868357
5.384230
4.931435
5.035605
5.010745
5.430282
6.427200
7.559865
8.849654
10.320107
11.983474
13.827820
16.101528
19.294102
20.814318
19.292274
16.068497
13.773591
11.995350
10.755367
10.839167
10.771737
10.741340
10.718067
11.746516
12.062069
11.648314
10.616514
9.433391
8.300813
7.282845
6.362085
5.540925
4.804055
4.141103
3.552462
3.048453
2.622698
2.213026
1.849344
1.547388
1.377272
1.251081
1.044365
0.833609
0.705152
0.876510
1.036188
1.076644
1.003221
0.947483
0.816163
0.848597
1.016013
1.208751
1.409822
1.529346
1.524786
1.404217
1.205817
1.006942
0.844635
0.847113
0.757424
0.732863
0.699538
0.776503
0.771548
0.682854
0.702145
0.791965
0.828177
0.806225
0.719345
0.618092
0.519645
0.434927
0.363979
0.292396
0.203833
0.179845
0.221937
0.520158
0.753602
0.897221
1.055730
1.250107
1.052281
0.907906
0.832282
0.789968
0.765198
0.738380
0.673303
0.544603
0.433196
0.299913
0.291553
0.251627
0.197384
0.153825
0.179515
0.214648
0.248425
0.233817
0.194677
0.147368
0.108870
0.076929
0.049204
0.026307
0.010495
0.002313
0.004207
0.010197
0.015563
0.022413
0.028546
0.046101
0.078712
0.106816
0.134118
0.169891
0.188343
0.191748
0.164572
0.127982
0.089912
0.049754
0.025029
0.048152
0.086653
0.141116
0.208480
0.288205
0.384428
0.502357
0.626012
0.705057
0.719156
0.652675
0.545953
0.442170
0.346412
0.255910
0.177645
0.114282
0.122774
0.113871
0.076187
0.127617
0.223460
0.373337
0.580806
0.838760
1.115868
1.320001
1.344458
1.236439
1.204186
1.585962
2.110959
2.961592
3.739118
4.050004
4.130389
4.142737
4.141180
4.133085
4.065731
3.773202
3.069620
2.965508
2.702057
2.657166
2.542629
2.404494
2.758957
3.284945
3.254292
3.210808
2.992084
2.548300
2.080146
1.666806
1.317373
1.031195
0.799966
0.744151
0.799130
0.869004
0.963409
1.050504
1.177636
1.325838
1.467646
1.599979
1.735146
1.801461
1.781750
1.672775
1.555124
1.447523
1.330700
1.400404
1.595135
1.699996
1.737589
1.704281
1.611752
1.604457
1.390039
1.271634
1.445224
1.636163
1.825328
1.967103
2.052930
2.216483
2.436940
2.693750
2.959298
3.211886
3.435006
3.541889
3.471795
3.610638
3.575708
3.436147
3.611052
3.670631
3.606779
3.596642
3.826286
4.001591
4.133832
4.111750
4.122925
4.401852
4.605480
4.612104
4.788464
5.011744
5.248649
5.541932
5.880514
6.208554
6.479606
6.661174
6.596318
6.496100
6.693621
6.839663
6.776171
6.532616
6.233095
6.478246
6.658569
7.498952
8.521852
8.859547
8.414839
7.401839
6.510140
6.189065
5.860569
5.943685
6.385199
7.067149
7.796682
8.538379
9.211043
10.009842
10.927355
11.980566
13.151036
14.386531
15.465109
16.013372
15.762924
14.700840
13.557278
13.098810
12.909148
12.857898
12.465595
11.883173
11.542975
11.170376
11.620104
12.463009
14.081296
15.549919
16.211325
15.568156
14.153138
14.688772
15.473511
15.932024
15.733600
15.106868
14.370194
13.737195
13.003365
12.460833
11.787355
11.013239
10.261351
9.608861
9.020556
8.942144
9.279249
9.744996
10.025649
9.985466
9.658508
9.160890
8.727773
8.287662
8.560500
8.622292
8.396865
8.007030
7.595063
8.086047
8.616583
9.136704
9.475664
9.503477
9.249843
8.804622
8.344790
8.033493
7.656529
7.253907
6.924471
6.601155
6.286572
5.997868
5.680786
5.338021
5.014560
4.848063
4.620537
4.366694
4.149017
3.978152
3.875468
3.742727
3.522258
3.299139
3.128381
3.330172
3.521103
3.736118
3.944625
4.101237
4.181005
4.065093
3.872061
3.687467
3.579381
4.015005
4.568883
5.044541
5.344548
5.539030
5.539682
5.380428
5.080806
4.716191
4.381645
4.289509
4.245631
4.137444
3.962253
3.735930
3.499572
3.642837
3.894487
4.130993
4.320090
4.330164
4.195131
4.004568
3.762675
3.511980
3.281244
3.067572
2.840662
2.719881
2.594470
2.411313
2.220933
1.933772
1.756010
1.980154
2.284543
2.333977
2.044011
2.468512
2.936597
3.162452
3.259841
3.241946
3.087633
2.687078
1.907594
1.338902
1.007031
0.732269
0.484309
0.292363
0.154961
0.068086
0.039375
0.021372
0.006771
0.000267
0.000000
0.000000
0.000722
0.000506
0.000000
0.000000
0.000337
0.001189
0.000201
0.000000
0.000000
0.000000
0.000000
0.000000
0.000000
0.000000
0.000000
0.000000
0.000000
0.000000
0.000000
0.000000
0.000000
0.000000
0.000000
0.000000
0.000000
0.000000
0.000000
0.000000
0.000000
0.000000
0.009441
0.046903
0.116873
0.218142
0.339663
0.425463
0.606453
0.895520
1.263507
1.695477
2.186383
2.866443
3.898944
4.912740
5.325132
5.432120
5.429660
5.331121
4.967878
4.852005
5.520012
5.651398
5.273746
4.478497
3.657656
2.929307
2.315715
1.805008
1.379319
1.021611
0.805980
0.649741
0.423940
0.174882
0.086861
0.038212
0.014466
0.000871
0.000656
0.000000
0.000000
0.000000
0.000000
0.000000
0.000000
0.000000
0.000000
0.000000
0.000000
0.000000
0.000000
0.000000
0.000000
0.000000
0.000000
0.000000
0.000000
0.000000
0.000000
0.000000
0.000865
0.007155
0.010093
0.010811
0.010743
0.010484
0.010415
0.010523
0.009959
0.006162
0.000000
0.000000
0.000000
0.000000
0.000000
0.000000
0.000000
0.000000
0.000000
0.000000
0.000000
0.000000
0.000000
0.000000
0.000000
0.000000
0.000000
0.000000
0.000000
0.000000
0.000000
0.000000
0.004342
0.055825
0.172868
0.374914
0.693629
0.958661
1.072216
1.064898
0.933857
0.627246
0.354373
0.172111
0.058040
0.052188
0.125834
0.238720
0.378533
0.504168
0.565133
0.485834
0.399131
0.579970
0.806643
1.011586
1.042432
1.009124
1.443530
1.654545
1.440676
0.902914
0.554990
0.315945
0.150935
0.050371
0.005786
0.010249
0.021268
0.015839
0.004293
0.007957
0.029689
0.061241
0.074470
0.058121
0.063899
0.098434
0.100075
0.064250
0.023253
0.001786
0.000000
0.000000
0.012230
0.081330
0.219435
0.379517
0.452705
0.490268
0.757868
1.060975
1.333494
1.327259
1.068438
0.797766
0.627946
0.463286
0.296510
0.169486
0.193031
0.239596
0.242106
0.195057
0.136986
0.293825
0.435362
0.431798
0.278793
0.109374
0.028295
0.001205
0.008126
0.016911
0.047363
0.095150
0.161536
0.251797
0.369589
0.499691
0.587791
0.584048
0.501042
0.431235
0.503774
0.539825
0.467261
0.563697
0.736478
0.919917
1.025636
1.020075
0.910883
0.726438
0.831362
0.822835
0.673914
0.498865
0.593835
0.793798
1.066282
1.376079
1.629927
1.936432
2.453032
3.109193
3.871863
4.635680
5.225705
5.270565
4.770336
3.952159
3.167152
2.493510
1.928435
1.455658
1.069697
0.762194
0.521900
0.388191
0.485092
0.672990
0.835030
0.890329
0.770354
0.600296
0.509994
0.664466
0.858951
1.069717
1.227709
1.345675
1.620108
1.859322
1.978459
1.941361
1.813902
1.563021
1.291413
1.048204
0.841094
0.669354
0.525473
0.387974
0.369251
0.578995
0.854281
1.200977
1.624523
2.127878
2.684931
3.126085
3.141872
2.704524
2.157011
1.657322
1.236046
0.893128
0.615196
0.397422
0.231084
0.111809
0.037055
0.028058
0.038549
0.066998
0.162512
0.207072
0.145929
0.047146
0.013392
0.002896
0.000000
0.000000
0.000000
0.000000
0.000000
0.000000
0.000000
0.000000
0.000692
0.005335
0.009854
0.006905
0.001363
0.000000
0.000000
0.000000
0.000000
0.000000
0.000000
0.000000
0.000000
0.000000
0.000000
0.000000
0.000000
0.000000
0.000000
0.000000
0.000000
0.015593
0.016537
0.000066
0.000000
0.000000
0.001508
0.024468
0.059530
0.052419
0.012686
0.000000
0.000000
0.000000
0.000000
0.000000
0.000000
0.000000
0.000000
0.000000
0.000000
0.000000
0.000000
0.000000
0.000000
0.000000
0.000000
0.000000
0.000000
0.000000
0.000000
0.000000
0.000000
0.000000
0.000000
0.000000
0.000000
0.000000
0.000000
0.000000
0.002711
0.006485
0.007541
0.008322
0.004717
0.013750
0.043698
0.131266
0.300953
0.570959
0.761124
0.947808
1.336584
1.803648
2.325242
2.757064
3.261081
3.779881
3.771109
3.194837
2.521474
1.908840
1.402467
0.994870
0.672611
0.428326
0.272954
0.283463
0.366348
0.361972
0.271779
0.157938
0.167741
0.273398
0.406200
0.563864
0.727696
0.812390
0.806709
0.709836
0.615421
0.753837
0.917337
0.998393
0.889945
0.698293
0.735808
0.712067
0.610558
0.743051
0.915420
0.994769
1.088308
1.420307
1.627885
1.469621
1.210785
0.908348
0.954641
1.003098
0.887724
0.797265
1.021311
1.172399
1.167194
1.015627
0.791988
0.758424
1.107650
1.505701
1.826711
1.949137
1.835001
1.865208
1.811024
1.589344
1.903379
2.059360
2.107703
2.132038
2.145681
2.165527
2.165261
2.298092
2.757378
2.790607
2.302794
1.966450
1.587854
1.210215
0.890581
0.632925
0.444421
0.415496
0.585895
0.700448
0.636929
0.451145
0.541577
0.503197
0.372591
0.233711
0.127538
0.082108
0.077835
0.074256
0.126092
0.136607
0.226802
0.419864
0.710276
1.075834
1.363708
1.055587
0.687911
0.404938
0.219374
0.128472
0.099420
0.082664
0.148320
0.223246
0.293276
0.352202
0.396032
0.394428
0.360642
0.298461
0.237516
0.262917
0.310320
0.314410
0.265853
0.199904
0.171796
0.236680
0.317552
0.398050
0.458048
0.457480
0.403341
0.322955
0.299054
0.288080
0.235112
0.211010
0.264341
0.318303
0.331002
0.283780
0.265462
0.311188
0.313891
0.278415
0.389398
0.654323
1.004925
1.452949
2.138203
2.610266
2.780529
2.815085
2.812167
2.770647
2.598634
2.135942
1.465062
1.051169
0.792080
0.516149
0.342638
0.517915
0.730751
1.014384
1.350790
1.690338
1.879874
1.816079
1.497969
1.173268
1.308318
1.537343
1.651622
1.596460
1.793414
2.251172
3.145716
4.100661
4.495725
4.588263
4.592943
4.604145
4.587834
4.449926
4.097777
3.272728
2.641062
2.210562
2.055261
2.143040
1.937347
1.556170
1.443447
1.503871
1.621171
1.804253
1.929289
1.890604
2.227574
2.638801
3.116572
3.651758
4.133626
4.405259
4.293707
3.852155
3.331808
2.840340
2.403989
2.303779
2.839090
3.471018
4.161134
4.713553
4.800489
4.319884
3.693277
3.016226
2.399104
1.908408
1.503989
1.212450
0.969966
1.003442
1.246871
1.413215
1.410763
1.264766
1.031999
0.828302
0.677193
0.498745
0.346068
0.365628
0.373630
0.325439
0.326644
0.380957
0.457504
0.539901
0.619146
0.689849
0.741295
0.791538
0.829265
0.793106
0.686764
0.615815
0.640637
0.678231
0.701288
0.780999
0.845923
0.885659
0.873807
0.947981
0.921518
0.828753
0.929062
1.016064
1.134643
1.227570
1.194933
1.081008
0.947337
0.792691
0.686920
0.705232
0.823104
0.896249
0.890759
0.988294
1.133183
1.243033
1.250170
1.146967
0.986201
0.821939
0.686738
0.789363
0.911207
0.971372
0.960662
0.874546
0.739798
0.923163
1.290274
1.748241
2.248298
2.624187
2.967143
3.328411
3.461704
3.371341
3.012989
2.217345
2.067561
2.079745
2.145851
1.903630
1.688609
1.905531
1.942902
2.135706
2.641896
3.027569
3.296349
3.478976
3.604576
3.565845
3.425852
3.656518
4.038154
4.103095
3.849237
3.439667
3.426279
3.460207
3.496946
3.661165
3.509303
4.075906
4.390577
3.990374
3.069040
3.075451
2.943220
3.156061
3.338437
3.503500
3.507984
3.501983
3.555413
3.516579
3.307105
3.348668
3.677616
4.036951
4.269650
4.435552
4.533700
4.694960
4.797643
4.839160
4.956189
5.190068
5.357658
5.347372
5.222176
5.276325
5.438091
5.774468
6.103196
6.440231
6.726964
6.969615
7.100407
6.950655
6.747635
7.081011
7.496526
7.945515
8.427006
8.882680
9.041476
8.891864
8.445505
7.972234
8.283714
8.595858
8.661665
8.420580
8.030410
7.647138
7.248627
6.830842
6.433118
6.073054
6.136466
6.200940
6.240159
6.014392
5.912613
6.230487
6.642204
7.089153
7.529497
7.864571
7.999715
7.859871
7.515768
7.095151
6.627293
6.128802
5.684961
5.360220
5.236451
5.018547
4.737955
4.762989
4.980687
5.030429
4.956006
4.799554
4.618536
4.371158
4.058141
3.759314
3.473501
3.230293
3.492789
3.747642
3.973776
4.161656
4.139853
3.932389
3.662182
3.924495
4.373846
4.712371
5.321695
6.041274
6.647825
6.846640
6.483160
5.867681
5.223629
4.681553
4.469829
4.151014
4.171606
4.355563
4.018302
3.720786
3.471881
3.313833
3.254581
3.470164
3.686690
3.622694
3.502420
3.264717
2.925915
2.580812
2.309632
2.058005
1.976496
1.845585
1.609192
1.448198
1.490141
1.420450
1.492689
1.497426
1.555288
1.638281
1.763263
1.840805
1.811159
2.162676
2.620791
3.015873
3.194402
2.912256
2.456399
1.999357
1.586595
1.453948
1.587294
1.755652
1.942962
2.122715
2.306988
2.374279
2.315321
2.133713
2.111205
2.160876
2.115325
1.971340
1.776401
1.807871
1.882082
1.838059
1.703108
1.529416
1.345158
1.175639
1.055182
1.024804
0.979139
1.004915
1.195474
1.371742
1.473699
1.484843
1.370512
1.462081
1.515983
1.468476
1.299520
1.102646
0.896695
0.903649
1.014583
1.104038
1.192717
1.343173
1.466440
1.523623
1.757770
2.102300
2.381210
2.577704
2.641626
2.584466
2.381576
2.081742
1.982864
2.156637
2.235170
2.193459
2.047982
1.872135
1.695235
1.507465
1.569552
1.994281
2.477561
2.945153
3.274791
3.350303
3.728176
4.364336
5.221621
6.261855
7.284797
8.248147
8.927655
8.908454
8.187889
7.109941
6.051043
5.110191
4.283846
3.585667
3.182437
2.826290
2.719923
3.058177
3.156082
2.894585
2.556014
2.328287
2.610630
2.651839
2.407928
2.091987
1.813542
1.678300
1.741670
1.901092
2.160955
2.454105
2.742086
3.006748
3.269004
3.570806
3.904928
4.263693
4.661747
5.067835
5.431259
5.551721
5.380037
4.978131
4.532779
4.100374
3.697573
3.346996
3.105285
3.133324
3.070036
2.809220
2.483853
2.186830
1.960829
1.936380
1.998656
1.935429
1.772283
1.665192
1.849027
2.001073
2.056227
1.991054
1.840999
1.744097
1.701290
1.898588
1.988291
1.945321
1.773637
1.581807
1.691616
1.894877
2.115577
2.339956
2.572238
2.805045
3.023324
3.246672
3.455728
3.585754
3.534561
3.330923
3.078414
2.830150
2.601484
2.617973
3.001084
3.281904
3.584404
3.886131
4.166759
4.402495
4.583408
4.718396
4.650517
4.475405
4.274937
4.333097
4.484137
4.658862
4.933793
5.249766
5.472410
5.497284
5.271956
4.947173
4.652952
4.466720
4.637302
4.635641
4.460080
4.261755
3.988741
3.875949
3.770075
3.578949
3.320129
3.216846
3.345853
3.335853
3.103985
2.828412
2.525605
2.315634
2.096159
2.078331
2.078885
1.785620
1.537210
1.470888
1.594265
1.631100
1.550510
1.665058
1.897086
2.167264
2.451767
2.765183
3.086744
3.347795
3.461652
3.450680
3.475824
3.754772
3.990521
4.136523
4.074577
4.020652
3.923135
3.654732
3.535093
3.863786
4.153648
4.267488
4.101044
3.965185
4.289672
4.637963
5.100670
5.617147
6.163437
6.652012
6.856502
6.678445
6.142188
5.504284
4.898447
4.726737
4.491196
4.303965
4.667401
5.098737
5.546289
6.012856
6.443398
6.791905
6.843476
6.660089
6.269758
5.834503
5.381991
4.955117
4.542308
4.138330
3.745576
3.377913
3.039351
2.732006
2.457459
2.256838
2.394789
2.667611
2.754959
2.618651
2.319031
2.003288
1.695203
1.419082
1.205512
1.182214
1.169976
1.203434
1.391480
1.530716
1.536865
1.402807
1.217879
1.078940
1.187766
1.512403
1.858807
2.131456
2.255595
2.489029
2.946660
3.421848
3.735026
3.897227
3.642935
3.174382
3.448059
4.084774
4.696573
5.088383
4.702321
3.944160
3.149400
2.444585
1.857719
1.371498
0.973330
0.662045
0.432076
0.276464
0.168637
0.083322
0.025779
0.001567
0.000000
0.000000
0.000000
0.000000
0.000000
0.000000
0.000000
0.000000
0.000000
0.000000
0.000000
0.000000
0.000000
0.000000
0.224110
0.051911
0.065502
0.193700
0.410856
0.725048
1.107016
0.000000
0.000000
0.000000
0.000000
0.000000
0.000000
0.000000
0.000000
0.000000
