track	type=wiggle_0
fixedStep	chrom=chr	start=1	step=1
0.000000
0.000000
0.000000
0.000000
0.000000
0.000000
0.000000
0.000000
0.000000
0.000000
0.000000
0.001642
0.027993
0.276382
0.597739
0.775044
0.719982
0.530921
0.606444
0.786487
0.560293
0.303572
0.128309
0.041669
0.005771
0.000792
0.000450
0.000728
0.003243
0.002485
0.000000
0.000000
0.000000
0.000007
0.006175
0.010915
0.038719
0.150540
0.411534
0.700150
0.805690
0.754342
0.737143
0.809301
0.771516
0.646443
0.487521
0.453517
0.625955
0.854787
1.125065
1.386295
1.563173
1.475513
1.251877
1.018462
0.791833
0.584024
0.415793
0.298528
0.193674
0.142462
0.082396
0.032757
0.009994
0.001132
0.000000
0.000000
0.000636
0.000597
0.000000
0.015762
0.090613
0.273338
0.602090
0.753952
0.795453
0.801564
0.795453
0.767037
0.666016
0.397715
0.195449
0.068219
0.008001
0.000000
0.000000
0.000000
0.000000
0.000000
0.000000
0.000000
0.000000
0.000000
0.000000
0.000000
0.000000
0.000000
0.000000
0.000000
0.000000
0.000000
0.000000
0.000000
0.000000
0.000000
0.000054
0.074679
0.182132
0.219008
0.227179
0.227179
0.217936
0.178557
0.067242
0.000006
0.000000
0.000000
0.000000
0.000000
0.000000
0.000161
0.023959
0.098488
0.210455
0.241118
0.157465
0.072315
0.020808
0.010204
0.011514
0.010376
0.010132
0.006615
0.003161
0.000023
0.000000
0.000000
0.000000
0.000000
0.000000
0.000000
0.000000
0.000000
0.000000
0.000000
0.000000
0.000000
0.000000
0.000000
0.000469
0.010584
0.029974
0.049162
0.040590
0.024752
0.006498
0.000000
0.000000
0.000000
0.017499
0.069096
0.127014
0.130062
0.148434
0.160725
0.214254
0.131843
0.055209
0.008203
0.000000
0.000000
0.000000
0.000000
0.000000
0.000000
0.000000
0.000000
0.000000
0.000000
0.000000
0.000000
0.000000
0.000000
0.000000
0.000000
0.000000
0.000000
0.000000
0.000000
0.000000
0.000000
0.000000
0.000000
0.000000
0.000000
0.000449
0.000688
0.000000
0.000000
0.000000
0.000000
0.010853
0.069847
0.166255
0.157636
0.077378
0.107294
0.172982
0.242839
0.418983
0.745862
1.178331
1.337495
1.372609
1.344765
1.218222
0.839774
0.528547
0.295439
0.194096
0.116959
0.087392
0.090229
0.045838
0.008943
0.001142
0.020233
0.103625
0.279377
0.277978
0.099316
0.015850
0.000000
0.000000
0.000000
0.002310
0.010304
0.020297
0.020791
0.010016
0.005932
0.004999
0.016437
0.070398
0.105544
0.114217
0.162078
0.195289
0.193658
0.160750
0.116124
0.086019
0.066976
0.062384
0.098150
0.140885
0.190028
0.237462
0.306486
0.393511
0.502376
0.624483
0.745585
0.805521
0.771082
0.673778
0.644165
0.784971
0.948024
1.079666
1.102711
1.148868
1.179597
1.391582
1.827039
2.351749
2.968173
3.620021
4.023281
3.964450
3.947378
3.628248
3.116088
2.600085
2.229800
2.019693
1.714100
1.470681
1.173114
1.247555
1.504390
1.748267
1.866485
1.832636
1.625641
1.359690
1.131944
0.902515
0.703911
0.583823
0.527735
0.493384
0.666245
0.953490
1.217845
1.340122
1.174374
0.919458
0.648309
0.423813
0.265616
0.207211
0.247462
0.229972
0.207055
0.251574
0.300955
0.382932
0.460657
0.496481
0.446359
0.386960
0.307589
0.239134
0.166670
0.105478
0.059389
0.026938
0.007298
0.000228
0.000177
0.000077
0.005274
0.016888
0.023676
0.041782
0.057639
0.079042
0.087355
0.160589
0.255140
0.373598
0.493845
0.559098
0.497910
0.381996
0.262159
0.161863
0.087549
0.168429
0.356932
0.653612
0.696780
0.497869
0.348985
0.197944
0.139741
0.094098
0.033919
0.042876
0.021588
0.001299
0.000000
0.000000
0.000000
0.000000
0.000000
0.004738
0.046247
0.115186
0.129116
0.087652
0.094191
0.088472
0.082927
0.080533
0.078452
0.072073
0.051210
0.016792
0.000000
0.000000
0.000000
0.000000
0.000000
0.000000
0.000000
0.000000
0.000000
0.000000
0.000000
0.000000
0.000000
0.000000
0.000000
0.000000
0.000000
0.000000
0.000000
0.000000
0.000000
0.000000
0.000000
0.000000
0.000000
0.000000
0.000000
0.000000
0.000000
0.000000
0.000000
0.000000
0.000000
0.000000
0.000000
0.000000
0.000000
0.000000
0.000000
0.000000
0.000000
0.000000
0.000000
0.000000
0.000000
0.000000
0.000000
0.000000
0.000000
0.020847
0.080158
0.141300
0.139857
0.076053
0.018758
0.000032
0.003960
0.032754
0.091717
0.184827
0.316767
0.492985
0.718797
0.999648
1.340800
1.751974
2.238287
2.755132
3.171619
3.174978
2.774407
2.311222
1.876201
1.459754
1.097954
0.844235
0.590021
0.373668
0.499060
0.562078
0.497257
0.317676
0.136864
0.037124
0.001846
0.000000
0.000000
0.000000
0.001385
0.005329
0.005329
0.001392
0.000007
0.000000
0.000000
0.000000
0.000000
0.000000
0.000000
0.000000
0.000000
0.000000
0.000000
0.000000
0.000000
0.000012
0.007927
0.018467
0.023887
0.029365
0.039426
0.061689
0.118075
0.203414
0.149107
0.163193
0.134616
0.082070
0.122766
0.174610
0.239722
0.316413
0.405025
0.496173
0.571675
0.601998
0.557735
0.466383
0.377151
0.314013
0.336938
0.332360
0.280283
0.216494
0.164163
0.173068
0.198735
0.219384
0.206858
0.213375
0.249310
0.277606
0.366726
0.481707
0.617409
0.773910
0.947396
1.140089
1.365514
1.613474
1.855351
2.022600
2.015562
1.833683
1.605895
1.971399
2.267264
2.406913
2.203612
2.111285
2.192861
2.226269
2.234534
2.280946
2.844046
3.488923
4.134898
4.863539
6.138547
6.720881
6.889569
6.889567
6.728261
6.127796
5.160395
4.579309
3.908217
3.475295
2.986608
2.866538
2.851542
2.853024
3.012725
3.459318
3.694760
3.635378
3.331569
2.898313
2.455990
2.068939
1.714891
1.398468
1.313937
1.088091
0.893226
1.329093
1.721765
1.782039
1.599577
1.426611
1.613288
1.656993
1.468857
1.159075
0.820148
0.535671
0.318840
0.362593
0.459204
0.542407
0.637680
0.753977
0.847658
0.847999
0.747860
0.610728
0.485562
0.383018
0.291160
0.236997
0.302563
0.384813
0.457273
0.493524
0.447448
0.372614
0.290470
0.217511
0.155835
0.105992
0.066844
0.035233
0.014054
0.032153
0.080114
0.118796
0.089080
0.050231
0.023840
0.013132
0.006353
0.001203
0.002269
0.011203
0.018190
0.014762
0.019783
0.041889
0.070534
0.093559
0.091433
0.074145
0.060712
0.059804
0.070004
0.074724
0.077836
0.083519
0.157404
0.322379
0.557303
0.869017
1.257025
1.658903
1.642840
1.203602
0.807967
0.508677
0.289011
0.138796
0.046535
0.005019
0.000000
0.000000
0.000000
0.000000
0.000000
0.000000
0.000000
0.000000
0.000000
0.000000
0.000000
0.000000
0.000000
0.000000
0.000000
0.000000
0.001652
0.014173
0.025973
0.019618
0.004772
0.000000
0.005440
0.022415
0.050762
0.092377
0.150101
0.220974
0.301302
0.397197
0.502402
0.599919
0.693711
0.708399
0.633733
0.528429
0.422045
0.324619
0.239339
0.166436
0.105632
0.066011
0.044514
0.062050
0.111985
0.142872
0.143928
0.217737
0.323430
0.445643
0.517657
0.530710
0.506531
0.636785
0.809113
1.014375
1.147600
1.130752
0.981931
0.813788
0.622989
0.543809
0.562087
0.496157
0.492603
0.726337
0.979403
1.127098
1.061454
1.315739
1.765731
2.345590
2.891313
2.873285
2.326103
1.883075
1.703722
1.445177
1.625040
1.998164
1.935540
1.397593
1.022056
0.684203
0.419316
0.236054
0.127774
0.098939
0.051417
0.016664
0.050048
0.101689
0.146342
0.140798
0.131173
0.086789
0.034846
0.007485
0.014474
0.021421
0.017011
0.031900
0.035071
0.023212
0.004612
0.000004
0.000000
0.000000
0.000000
0.000000
0.000159
0.000001
0.006464
0.006680
0.008187
0.024686
0.050843
0.087305
0.131651
0.175778
0.205712
0.205268
0.174930
0.131414
0.095230
0.070291
0.052304
0.084634
0.113547
0.119001
0.099899
0.086465
0.115172
0.165748
0.203685
0.225684
0.203152
0.157614
0.166130
0.199822
0.206918
0.207655
0.245288
0.261957
0.271539
0.246775
0.197431
0.173314
0.153481
0.119611
0.228354
0.415539
0.658689
0.936321
1.223961
1.282508
1.802281
2.085502
2.159331
2.170516
2.162809
2.161627
2.159156
2.112044
1.961619
1.645927
1.191329
1.199920
1.239988
1.051194
0.835964
0.790840
0.939525
1.130824
1.382054
1.599216
1.824179
2.002913
2.225537
2.331806
2.363553
2.575418
2.795437
3.188342
3.479592
3.429107
3.025055
2.713793
2.527493
2.150431
1.694640
1.424390
1.642815
1.885127
2.141490
2.395289
2.623743
2.668238
2.527492
2.272141
2.286793
2.385318
2.431394
2.279185
2.450144
2.636820
2.679994
2.572580
2.311435
2.042189
1.782308
1.643738
1.699802
1.607550
1.544343
1.600981
1.721171
1.696044
1.756108
1.645568
1.458114
1.275654
1.151378
1.299228
1.471663
1.549523
1.412262
1.262373
1.037334
0.856724
0.805257
0.845398
1.164945
1.599553
2.120739
2.726465
3.305141
3.499647
3.135003
2.574558
2.056238
1.581852
1.295463
1.071382
0.862233
0.729048
0.703794
0.647532
0.534320
0.445122
0.520012
0.526120
0.427233
0.437246
0.419642
0.338925
0.303668
0.318136
0.314260
0.347307
0.405582
0.457419
0.496186
0.529305
0.473250
0.368338
0.587133
0.934147
1.162960
1.247648
1.244117
1.147803
0.885230
0.518360
0.282291
0.126300
0.104318
0.070988
0.079370
0.109020
0.151059
0.205213
0.294685
0.398649
0.417203
0.337215
0.226584
0.141125
0.166367
0.208958
0.358711
0.560749
0.865653
1.264558
1.763968
2.290560
2.926947
3.233728
3.302840
3.234418
2.878898
2.067992
1.449080
0.990180
0.656408
0.418586
0.247294
0.125158
0.061361
0.013987
0.000000
0.000000
0.000000
0.000000
0.000000
0.000000
0.000000
0.000000
0.000000
0.000000
0.000000
0.000000
0.000000
0.000000
0.000000
0.000000
0.000000
0.000000
0.000000
0.000000
0.000000
0.000000
0.000000
0.000000
0.000859
0.031484
0.095876
0.131382
0.098620
0.036190
0.004255
0.000000
0.006988
0.036925
0.065481
0.065765
0.036871
0.025619
0.020595
0.032182
0.044801
0.081152
0.129867
0.171462
0.246214
0.460308
0.749803
0.987458
1.125429
1.180717
1.121522
0.939250
0.822993
0.841082
1.146246
1.497412
1.799780
1.925260
1.745301
1.423344
1.083459
0.783493
0.540841
0.352493
0.210715
0.104247
0.036509
0.004819
0.000000
0.000000
0.000000
0.005321
0.088209
0.197657
0.246801
0.265180
0.278495
0.285993
0.263499
0.154453
0.047817
0.001759
0.000000
0.000000
0.000000
0.000000
0.000000
0.000000
0.000000
0.000000
0.000000
0.000000
0.000000
0.000000
0.000000
0.000000
0.000000
0.000000
0.000000
0.000000
0.000000
0.000000
0.000000
0.000000
0.000000
0.000000
0.000000
0.000000
0.000000
0.000000
0.000000
0.000000
0.000000
0.000000
0.000000
0.000000
0.000000
0.000000
0.000000
0.000000
0.000000
0.000000
0.000000
0.000000
0.000000
0.000000
0.000000
0.000000
0.019713
0.104968
0.273286
0.553498
0.784750
0.886482
0.880917
0.766335
0.500018
0.262345
0.308068
0.481782
0.705075
0.981607
1.319302
1.712291
2.099314
2.298254
2.179197
1.837411
1.497485
1.962880
2.548052
3.148503
3.784383
4.517304
4.943704
4.330443
3.534332
2.952740
2.556672
2.136935
2.108147
2.103049
1.774458
1.915251
2.146551
2.205948
2.207288
2.156942
1.978393
1.582963
1.158779
0.928352
0.681109
0.592954
0.721794
0.719236
0.571735
0.418834
0.344669
0.230121
0.133556
0.154481
0.295317
0.352104
0.319538
0.241753
0.205235
0.196060
0.137542
0.061724
0.014563
0.000000
0.000000
0.000000
0.000000
0.000000
0.000012
0.006663
0.025101
0.052651
0.089210
0.135824
0.193223
0.264657
0.359507
0.485712
0.632052
0.789222
0.926971
1.017273
1.036275
0.959260
0.830298
0.858770
0.979070
1.023221
0.950959
0.846514
0.744102
0.839863
0.988670
1.153865
1.329692
1.454248
1.481598
1.397805
1.265614
1.111804
0.957036
0.818814
0.767095
0.854302
0.895795
0.840160
0.844488
0.946504
1.008250
0.990641
0.936410
0.904934
0.947673
1.014595
1.092380
1.074036
0.980342
1.081846
1.235528
1.270350
1.360355
1.563449
1.707440
1.921186
2.204359
2.529503
2.881424
3.255229
3.661432
4.138119
4.842748
5.516872
5.909141
5.882148
5.437408
4.746626
4.072823
3.540184
3.401377
3.391979
3.171203
2.978373
2.657733
2.715088
2.955524
3.122136
3.037515
2.787438
2.397294
2.414869
2.304579
2.075604
1.835349
1.651032
1.963397
2.466595
3.033144
3.594008
4.027578
4.018075
3.591976
3.050513
2.507085
2.031395
1.623590
1.528589
1.743799
1.966938
2.193167
2.413048
2.640939
2.802746
2.802482
2.657239
2.401532
2.326267
2.367795
2.241226
1.970452
1.662195
1.370216
1.235622
1.372696
1.471056
1.606850
1.782562
1.945526
2.086887
2.141876
2.059823
1.897785
1.711653
1.515193
1.326360
1.231516
1.301193
1.541901
2.137837
2.978610
4.102875
4.484376
4.124094
3.071949
2.272770
1.664798
1.200878
0.865461
0.915564
0.941670
0.885116
0.956408
1.040147
1.009912
0.899386
0.760961
0.664207
0.563181
0.443372
0.455414
0.509581
0.524493
0.494803
0.464126
0.427433
0.460013
0.435848
0.377491
0.301179
0.228209
0.164132
0.115382
0.082549
0.085109
0.088001
0.078911
0.087053
0.122801
0.150665
0.166178
0.202414
0.217841
0.213546
0.180036
0.137260
0.096442
0.060059
0.057855
0.042151
0.044422
0.092873
0.194553
0.332223
0.489034
0.749751
1.108130
1.589580
2.234173
3.024265
3.091594
2.522012
2.180295
2.506478
2.983875
3.341038
3.805164
3.779233
3.210783
2.538962
1.929119
1.429699
1.020836
0.691822
0.440724
0.280318
0.294542
0.370890
0.357082
0.265001
0.150545
0.064199
0.080222
0.139610
0.173255
0.158777
0.099482
0.054415
0.083852
0.150569
0.235142
0.321579
0.353963
0.314761
0.228416
0.145900
0.080825
0.034781
0.019029
0.048126
0.070665
0.072107
0.050205
0.088552
0.124903
0.073819
0.018698
0.001062
0.000000
0.003446
0.012125
0.037718
0.038574
0.050783
0.077294
0.192764
0.298190
0.519412
0.797954
1.058419
1.230086
1.307351
1.312197
1.258091
1.582644
1.930741
2.090983
2.133886
2.146282
2.133301
2.076689
1.882073
1.447933
1.068369
0.722024
0.450621
0.332788
0.252541
0.205552
0.123213
0.144072
0.186052
0.155780
0.083581
0.026687
0.034146
0.050886
0.063681
0.072246
0.112293
0.130676
0.066805
0.011447
0.000000
0.000000
0.000000
0.000000
0.000000
0.000000
0.000000
0.000000
0.001682
0.000000
0.000000
0.000000
0.000000
0.000000
0.000000
0.000000
0.000000
0.000000
0.000000
0.000000
0.000000
0.000000
0.000000
0.000000
0.000000
0.000000
0.000000
0.000000
0.000000
0.000000
0.000000
0.000000
0.000000
0.000000
0.000000
0.000000
0.000000
0.000000
0.000000
0.000000
0.000000
0.000000
0.000000
0.000000
0.000000
0.000000
0.000000
0.000000
0.000000
0.000000
0.000000
0.000000
0.000000
0.000000
0.000000
0.000000
0.000000
0.000000
0.000000
0.000000
0.000000
0.016190
0.081985
0.169617
0.221970
0.169683
0.085266
0.046498
0.121619
0.232365
0.388368
0.570131
0.691868
0.674678
0.575052
0.466306
0.378332
0.455724
0.553476
0.756128
1.144362
1.646150
2.296601
2.807206
3.015285
3.067985
3.082141
3.077390
3.056223
3.006938
2.824956
2.375247
1.957428
2.491285
3.055190
3.496634
3.508899
3.107012
2.553781
2.351086
2.762631
3.205156
3.663699
4.157228
4.529268
4.554107
4.198624
3.734439
3.246979
2.797838
2.413286
2.108797
2.091723
1.941180
1.727051
1.504860
1.379838
1.272587
1.366469
1.610534
1.767081
1.741217
1.578765
1.437155
1.386734
1.337023
1.660842
1.913752
2.439990
2.912515
3.097809
2.866021
2.240250
1.828725
1.571497
1.359448
1.127047
1.138726
1.257257
1.299295
1.201589
1.047519
0.962917
1.049449
1.107430
1.055254
0.932974
0.784469
0.753949
0.740037
0.642602
0.724166
0.823902
0.872583
0.849267
0.773367
0.676648
0.575438
0.576495
0.588719
0.613217
0.711216
0.797690
0.926238
1.072695
1.225559
1.377515
1.509097
1.544632
1.470169
1.326784
1.163863
1.003062
0.863448
0.741821
0.631014
0.591165
0.697567
0.802487
0.910051
1.012508
1.081851
1.067232
0.965585
0.841433
0.897604
1.192571
1.660609
2.109766
2.136553
1.837714
2.017123
2.447250
2.896246
3.468891
4.425282
5.841774
6.589371
6.793576
6.631491
6.019966
4.875034
4.274494
4.007056
3.617784
3.176232
2.578437
2.745963
2.915018
2.989948
3.041681
3.051248
2.982272
2.727269
2.128414
1.472782
1.424667
1.680374
1.879771
1.947453
1.938864
1.924643
2.022774
2.111077
2.095379
1.945687
1.692727
1.438857
1.208313
1.015082
0.855373
0.918271
1.093466
1.269044
1.446552
1.671117
1.837231
1.826126
1.663580
1.435503
1.235162
1.213870
1.379864
1.529185
1.588381
1.589108
1.506106
1.384667
1.645211
1.968432
2.054029
1.828081
1.827287
1.803253
1.722203
1.580057
1.600091
1.708130
1.810110
1.884320
1.904880
1.844576
1.803921
1.834125
1.784741
1.648251
1.595603
1.765050
1.915565
2.070460
2.153543
2.080859
1.964203
1.919931
2.042775
2.214043
2.259365
2.167333
1.985414
1.782956
1.587148
1.401809
1.395113
1.536350
1.549173
1.452185
1.271698
1.073062
0.889391
0.743012
0.637027
0.652433
0.749972
0.846640
0.876913
0.832704
0.725436
0.611587
0.505145
0.413661
0.329928
0.252075
0.180660
0.197213
0.266513
0.239422
0.198835
0.200419
0.176116
0.147648
0.137872
0.143477
0.130074
0.179456
0.281327
0.415960
0.581897
0.761617
0.883560
0.873164
0.740289
0.554259
0.583599
0.764837
0.986471
1.201564
1.381600
1.822695
2.269071
2.723311
3.215533
3.383922
3.192397
2.689497
2.162979
1.700168
1.321997
1.045695
0.966249
0.802200
0.595703
0.414927
0.270114
0.162770
0.095770
0.110635
0.123235
0.123102
0.128903
0.130255
0.148290
0.169009
0.225634
0.289475
0.330041
0.363037
0.402868
0.412898
0.387249
0.324699
0.261539
0.201020
0.148139
0.121022
0.153880
0.195082
0.232658
0.237221
0.218257
0.178871
0.135325
0.099956
0.061461
0.028596
0.018595
0.031464
0.056653
0.090345
0.114659
0.121080
0.103137
0.096975
0.140364
0.185712
0.222411
0.215649
0.173352
0.175266
0.176254
0.164260
0.181846
0.201487
0.190333
0.153300
0.107256
0.069972
0.040299
0.028880
0.074070
0.091226
0.070228
0.022947
0.000000
0.000000
0.000000
0.000000
0.000000
0.000000
0.000000
0.000000
0.000000
0.000000
0.000000
0.000000
0.000000
0.000000
0.000000
0.000000
0.000000
0.000000
0.000000
0.000000
0.000000
0.000000
0.000144
0.001252
0.002316
0.022321
0.052253
0.062145
0.050196
0.044577
0.110465
0.217731
0.367137
0.547402
0.734315
0.820238
0.766290
0.589464
0.453955
0.507154
0.715546
0.877849
1.029056
1.205701
1.262592
1.246798
1.127154
1.136526
1.048889
1.113665
1.348573
1.441573
1.465486
1.470169
1.472067
1.690931
2.189112
2.761526
3.335581
3.695097
3.604234
3.155330
2.554956
2.375636
2.611747
3.178014
3.371149
3.235481
2.620016
1.849332
1.341919
1.161631
1.308622
1.379670
1.388496
1.505960
1.497378
1.365833
1.175280
0.985141
0.819783
0.682732
0.558452
0.437380
0.337225
0.320154
0.319107
0.265394
0.303015
0.341277
0.404030
0.480992
0.521160
0.502355
0.440864
0.350091
0.262616
0.194740
0.246655
0.310196
0.376375
0.432367
0.441142
0.480796
0.571987
0.679799
0.761353
0.797770
0.810643
0.819475
0.841176
0.892043
0.874254
0.989101
1.098503
1.222195
1.377348
1.545892
1.726102
1.932900
2.126513
2.218702
2.130527
1.948404
2.021602
2.239625
2.426007
2.605119
2.690898
2.665671
2.575974
2.616614
2.776966
3.085269
3.460269
3.712456
3.897335
3.985848
3.918773
4.106845
4.356648
4.470947
4.369481
4.173402
4.026851
3.971380
4.011174
4.117197
4.227154
4.438392
4.675417
4.824448
4.766806
4.660029
4.753036
5.116187
5.546700
5.956672
6.178088
6.219572
6.244226
6.293202
6.345982
6.370531
6.826591
6.857878
6.917879
7.098973
7.315504
7.619117
7.888240
8.011559
7.900671
7.652161
7.339157
7.448368
8.001345
8.522272
9.018195
9.486343
9.731467
9.782508
9.713753
10.257866
10.808403
11.145355
11.098152
10.714004
10.175843
9.602787
9.534195
9.693387
9.624211
9.319284
8.866466
8.650532
9.019085
9.744043
10.492622
11.143074
11.351398
11.088318
10.334035
9.930964
9.517792
8.958576
9.016043
8.748580
8.302026
7.758851
7.234311
7.050367
7.517353
7.791728
7.802032
7.571350
7.156283
6.693026
6.216842
5.761317
5.318586
4.892344
4.472672
4.073712
3.707370
3.390304
3.150706
3.010481
2.966101
3.088027
3.176180
3.032152
2.714120
2.392112
2.107352
1.843916
1.584353
1.437685
1.312005
1.174000
1.007252
0.825989
0.646066
0.547172
0.503784
0.516513
0.566786
0.587829
0.536817
0.613188
0.695092
0.928051
1.195990
1.470266
1.671610
1.749519
1.629796
1.365804
1.085868
1.259276
1.420655
1.596824
1.397324
1.067775
0.735093
0.487215
0.286544
0.138340
0.045253
0.003863
0.000000
0.000000
0.000000
0.000000
0.000000
0.000000
0.000000
0.000000
0.000000
0.000272
0.007111
0.003445
0.003009
0.013367
0.037938
0.042437
0.017306
0.000000
0.000000
0.000000
0.028698
0.000000
0.000000
0.017665
0.032395
0.013596
0.000000
0.000000
0.000000
0.000000
0.000000
0.000000
0.000000
0.000000
0.000000
0.000000
