track	type=wiggle_0
fixedStep	chrom=chr	start=1	step=1
0.000000
0.000000
0.000000
0.000000
0.000000
0.000000
0.000000
0.000000
0.000000
0.000000
0.000000
0.001719
0.029656
0.282331
0.608810
0.788930
0.734266
0.546240
0.607033
0.781628
0.560948
0.307701
0.133727
0.046283
0.008007
0.001933
0.001364
0.001800
0.005941
0.004926
0.000000
0.000000
0.000000
0.000959
0.011503
0.019726
0.051060
0.173903
0.458694
0.767344
0.881099
0.830015
0.812759
0.887594
0.847389
0.717143
0.550412
0.505514
0.685060
0.921755
1.194417
1.462839
1.640057
1.551143
1.326257
1.091944
0.858927
0.641766
0.465565
0.342746
0.232108
0.168730
0.102568
0.046283
0.018078
0.003570
0.000000
0.000610
0.006218
0.006124
0.000504
0.019081
0.094675
0.275906
0.603194
0.755390
0.797032
0.803220
0.797032
0.768419
0.666792
0.399958
0.199772
0.072968
0.010276
0.000000
0.000000
0.000000
0.000000
0.000000
0.000000
0.000000
0.000000
0.000000
0.000000
0.000000
0.000000
0.000000
0.000000
0.000000
0.000074
0.000733
0.000035
0.000000
0.000000
0.000000
0.000225
0.076036
0.183737
0.220605
0.228784
0.228784
0.219529
0.180145
0.068531
0.000102
0.000000
0.000000
0.000000
0.000000
0.000000
0.000605
0.027153
0.103519
0.215009
0.246205
0.162307
0.076931
0.023813
0.011513
0.012933
0.011730
0.011335
0.007531
0.003495
0.000000
0.000000
0.000000
0.000000
0.000000
0.000000
0.000000
0.000000
0.000000
0.000000
0.000000
0.000000
0.000000
0.000000
0.000000
0.000000
0.000000
0.000000
0.000000
0.000000
0.000000
0.000000
0.008063
0.060113
0.165731
0.314639
0.466314
0.482745
0.379266
0.255421
0.126054
0.121549
0.115244
0.087040
0.029211
0.000000
0.000000
0.000000
0.000000
0.000000
0.000000
0.000000
0.000000
0.000000
0.000000
0.000000
0.000000
0.000000
0.000000
0.000000
0.007406
0.024203
0.025845
0.009133
0.000001
0.000000
0.000000
0.000000
0.000000
0.000000
0.000813
0.010592
0.022216
0.019453
0.005710
0.004608
0.047651
0.123046
0.191607
0.225489
0.168283
0.059568
0.009155
0.000000
0.000000
0.000000
0.000000
0.000000
0.003273
0.026831
0.058215
0.114049
0.155695
0.165902
0.165705
0.146276
0.101852
0.095181
0.194576
0.312219
0.421617
0.607420
0.887907
1.334227
2.045441
2.119442
1.545690
1.070142
0.716287
0.545514
0.431841
0.250731
0.122364
0.118271
0.109249
0.077464
0.046069
0.023305
0.021487
0.052968
0.084882
0.106289
0.091604
0.057105
0.024987
0.008632
0.017536
0.039881
0.060114
0.094212
0.135715
0.168060
0.168192
0.164167
0.158204
0.152413
0.169566
0.208593
0.278124
0.364666
0.444350
0.509214
0.627179
0.774597
0.930909
1.049285
1.059729
0.943678
0.796246
0.687602
0.731561
0.948664
1.310599
1.707294
1.953746
1.944074
1.673475
1.299737
0.986282
0.748506
0.536925
0.560701
0.615506
0.543868
0.515238
0.708340
0.938190
1.165768
1.313506
1.313154
1.164039
0.939243
0.709531
0.515180
0.357609
0.429490
0.603884
0.846451
1.170692
1.559454
1.915881
2.096913
1.912018
1.555370
1.167180
0.839015
0.576622
0.372723
0.219145
0.110049
0.040156
0.006297
0.024933
0.057206
0.101503
0.144988
0.174800
0.157762
0.114934
0.068110
0.032362
0.010649
0.001196
0.003409
0.000453
0.000000
0.000000
0.004602
0.021675
0.040850
0.043550
0.028898
0.033228
0.070645
0.128077
0.214233
0.326061
0.458769
0.585922
0.649048
0.569793
0.446654
0.318571
0.208217
0.123719
0.174262
0.362120
0.656824
0.699506
0.500215
0.353491
0.203958
0.141969
0.096137
0.046727
0.056435
0.032045
0.004993
0.000000
0.000000
0.000000
0.000000
0.000000
0.006919
0.052256
0.123042
0.137417
0.090787
0.097512
0.091757
0.086163
0.083756
0.081642
0.075139
0.053807
0.018308
0.000000
0.000000
0.000000
0.000000
0.000000
0.000000
0.000000
0.000000
0.000000
0.000000
0.000000
0.000000
0.000000
0.000000
0.000000
0.000000
0.000000
0.000000
0.000000
0.000000
0.000000
0.000000
0.000000
0.000000
0.000000
0.000000
0.000000
0.000000
0.000000
0.000000
0.000000
0.000000
0.000000
0.000000
0.000000
0.000000
0.000000
0.000000
0.000000
0.000000
0.000000
0.000000
0.000000
0.000000
0.000000
0.000000
0.000000
0.000000
0.000122
0.025270
0.087830
0.151029
0.149085
0.082504
0.022192
0.000254
0.000000
0.000330
0.021691
0.073351
0.143292
0.267140
0.454952
0.707390
1.032770
1.439484
1.936740
2.517505
3.096056
3.130872
2.599523
2.032226
1.557822
1.221391
1.075165
0.850881
0.599168
0.385042
0.502433
0.565405
0.500623
0.321315
0.141263
0.040714
0.001274
0.000000
0.000000
0.000000
0.000000
0.000000
0.000000
0.000000
0.000000
0.000000
0.000000
0.000000
0.000000
0.000000
0.000000
0.000000
0.000000
0.000000
0.000000
0.000000
0.000000
0.000053
0.008451
0.019188
0.024669
0.030217
0.040431
0.063084
0.122521
0.206409
0.151792
0.171959
0.142621
0.072172
0.086869
0.127126
0.185963
0.256420
0.334280
0.406144
0.492468
0.601078
0.711494
0.781488
0.773317
0.698117
0.590077
0.489910
0.427803
0.481394
0.523842
0.538854
0.600556
0.627793
0.603499
0.653343
0.693148
0.732328
0.872327
1.048391
1.249044
1.472705
1.711854
1.968213
2.257953
2.579569
2.889515
3.098665
3.096808
2.907916
2.614853
2.309633
2.081957
2.169014
2.113164
2.151737
2.515888
2.966915
3.475399
3.934103
4.167130
4.115317
3.750788
3.314043
3.866573
4.536922
5.254824
5.832300
6.000387
5.541224
4.961227
4.628331
5.301169
5.898920
6.399361
7.114212
7.952148
7.104248
5.591383
4.773896
4.417291
3.890391
3.441302
3.487486
3.582668
3.960652
4.488857
4.707541
4.523304
4.019264
3.422672
2.861024
2.367253
1.934275
1.598522
1.444370
1.627216
1.669543
1.486934
1.179234
0.841271
0.614631
0.742354
0.859774
0.911575
0.870990
0.768598
0.787107
0.736291
0.633404
0.505371
0.389965
0.297531
0.243894
0.190571
0.129623
0.165884
0.226214
0.280542
0.308450
0.276146
0.221686
0.161516
0.109634
0.068870
0.038447
0.017104
0.003955
0.000902
0.022381
0.062183
0.084612
0.069582
0.036364
0.012147
0.003964
0.001831
0.000031
0.000000
0.000299
0.005510
0.016356
0.026718
0.029846
0.040539
0.067259
0.094149
0.119238
0.124832
0.109590
0.077673
0.077542
0.080438
0.091148
0.170353
0.338390
0.574210
0.886114
1.268666
1.667100
1.651782
1.218873
0.830014
0.532411
0.309082
0.154847
0.065711
0.038560
0.019484
0.016596
0.015096
0.013801
0.012092
0.009088
0.008387
0.006116
0.001442
0.000000
0.000000
0.000000
0.000000
0.000000
0.000000
0.000380
0.009805
0.030902
0.046714
0.036745
0.013882
0.003704
0.018711
0.044820
0.082114
0.132957
0.200020
0.279983
0.369549
0.473998
0.586539
0.692446
0.793554
0.813478
0.741582
0.634767
0.520088
0.413100
0.316767
0.233301
0.162972
0.113200
0.084644
0.094777
0.152907
0.188159
0.188574
0.271259
0.386537
0.517852
0.595395
0.568333
0.547435
0.704422
0.881893
1.091298
1.230192
1.216938
1.068080
0.904505
0.707374
0.628403
0.649375
0.581205
0.556019
0.786703
1.047899
1.194957
1.125040
1.370513
1.803743
2.380221
2.919582
2.906084
2.363879
1.929603
1.757117
1.491499
1.655629
2.020647
1.958513
1.424568
1.059245
0.721274
0.453428
0.296101
0.231473
0.174109
0.122452
0.080408
0.081357
0.143624
0.195911
0.189336
0.174347
0.123581
0.088830
0.131426
0.171654
0.200881
0.192717
0.171226
0.190922
0.205358
0.260524
0.331694
0.401711
0.437808
0.418628
0.433488
0.480068
0.525767
0.568090
0.564570
0.516987
0.431033
0.370757
0.385595
0.474680
0.556329
0.605110
0.600154
0.599598
0.717543
0.790776
0.791879
0.871599
0.932318
0.901587
0.781728
0.659048
0.591139
0.606664
0.647279
0.774601
0.898099
1.010600
1.123228
1.231451
1.287448
1.235131
1.126700
1.012024
0.909048
0.891066
0.916038
0.905691
0.832054
0.731657
0.621888
0.697774
0.977627
1.342194
1.753443
2.112654
2.153563
2.579735
3.090335
3.647906
4.250481
4.928409
5.689763
6.449996
6.798536
6.460292
5.693484
4.925261
4.240766
3.635171
3.134719
2.718521
2.375582
2.072378
1.892929
1.755436
1.800857
2.030086
2.216793
2.469903
2.580400
2.618191
2.842040
3.065881
3.473487
3.781894
3.727551
3.310622
2.868956
2.688173
2.308180
1.879944
1.851719
2.094438
2.328804
2.467042
2.455605
2.390964
2.359242
2.548703
2.823202
3.018759
3.138234
3.189437
3.014862
3.190802
3.431564
3.466756
3.332144
3.010096
2.698353
2.373745
2.058076
1.767909
1.539937
1.504109
1.476022
1.396155
1.414698
1.502297
1.543570
1.488492
1.341940
1.185235
1.060750
1.168689
1.247796
1.264048
1.184002
1.127864
1.260168
1.401940
1.462896
1.468629
1.543246
1.526015
1.973528
2.437677
2.540579
2.223154
1.757543
1.381774
1.250334
1.134554
1.024426
0.915042
0.809539
0.823231
0.803388
0.732545
0.628596
0.558116
0.583549
0.555676
0.540269
0.567580
0.561813
0.547341
0.541411
0.567698
0.535299
0.489600
0.790832
1.093799
1.294537
1.276407
1.058777
0.737266
1.010394
1.229180
1.313385
1.308200
1.206592
1.058710
1.144009
1.147753
1.064634
0.957765
0.858054
0.768222
0.700642
0.687509
0.683867
0.626387
0.544161
0.501377
0.435603
0.389270
0.328230
0.216791
0.243027
0.403975
0.612133
0.928494
1.334790
1.842595
2.379939
3.032258
3.345582
3.418839
3.348392
2.980806
2.152353
1.523233
1.054742
0.711366
0.484171
0.676740
0.870449
0.936313
0.849763
0.655823
0.498327
0.555774
0.580397
0.541014
0.449169
0.352822
0.263247
0.189770
0.137423
0.189703
0.266266
0.345513
0.417217
0.453819
0.425747
0.357665
0.272681
0.197397
0.265894
0.362370
0.485285
0.619123
0.774392
0.953353
1.123661
1.193903
1.306349
1.388163
1.356540
1.222677
1.036279
0.856495
0.850250
0.772645
0.638687
0.501096
0.381531
0.349650
0.486518
0.658913
0.865298
1.106418
1.390433
1.703198
2.030478
2.316611
2.571310
2.601133
2.368940
2.173038
2.616090
3.157495
3.782982
4.489492
5.256230
5.912019
6.222724
5.861995
5.177174
4.438638
3.725927
3.099098
2.559013
2.092561
1.669718
1.307985
1.007731
0.761419
0.580323
0.464615
0.363257
0.259324
0.230057
0.278735
0.297445
0.311169
0.319114
0.291963
0.176676
0.061441
0.005349
0.000000
0.000000
0.000000
0.000000
0.000000
0.000000
0.000000
0.000000
0.000000
0.000000
0.000000
0.000000
0.000000
0.000000
0.000000
0.000000
0.000000
0.000000
0.000000
0.000000
0.000000
0.000000
0.000000
0.000000
0.000000
0.000000
0.000000
0.000000
0.000000
0.000000
0.000000
0.000000
0.000000
0.000000
0.000000
0.000000
0.000000
0.000000
0.000000
0.000000
0.000000
0.000000
0.000000
0.000000
0.000000
0.000000
0.014706
0.087124
0.254486
0.565054
0.822734
0.930095
0.924422
0.802050
0.509344
0.234999
0.377260
0.566344
0.806842
1.100941
1.455160
1.864558
2.266264
2.464542
2.346361
1.986904
1.592548
2.077557
2.676527
3.281770
3.923393
4.664980
5.097403
4.462749
3.675992
3.088307
2.680436
2.257069
2.248226
2.240368
1.905029
1.983800
2.219959
2.280905
2.283486
2.235309
2.059080
1.654826
1.226382
0.984019
0.726777
0.518985
0.557800
0.494147
0.370430
0.245223
0.274739
0.232139
0.155851
0.111632
0.077323
0.064878
0.040621
0.072437
0.107738
0.153468
0.140429
0.085702
0.056799
0.043322
0.025468
0.006919
0.000000
0.004735
0.020506
0.048661
0.087777
0.134893
0.190205
0.256484
0.331220
0.419243
0.527466
0.661617
0.824872
1.006296
1.174788
1.284030
1.314419
1.225273
1.076214
0.965304
1.152096
1.312649
1.393627
1.373859
1.260787
1.130258
1.037408
0.972129
0.919015
0.981477
0.995147
0.926296
0.820359
0.700637
0.584432
0.587556
0.682655
0.713971
0.704262
0.627242
0.531005
0.518564
0.587171
0.615837
0.614454
0.691524
0.708520
0.690392
0.735370
0.786139
1.006369
1.239984
1.399989
1.434615
1.378861
1.553712
1.757525
1.945382
2.185648
2.494590
2.773295
3.194017
3.765931
4.440221
5.173398
5.864475
6.268126
6.241584
5.780364
5.072559
4.533320
4.886681
5.255272
5.366949
5.123035
4.615108
4.082918
3.610742
3.191782
2.781137
2.506107
2.199656
1.869730
1.553850
1.449458
1.276054
1.247760
1.349245
1.599467
1.870136
2.110883
2.273071
2.462363
2.527464
2.428804
2.199862
2.014671
1.783868
1.564807
1.649585
1.794255
1.984738
2.169738
2.243388
2.151901
1.917444
1.659582
1.421944
1.215761
1.046623
0.901927
0.777263
0.647013
0.567513
0.561950
0.636999
0.671602
0.726712
0.820673
0.945332
1.060743
1.160868
1.203706
1.145080
1.029844
0.900159
0.766253
0.637206
0.801960
1.160135
1.603184
2.218434
3.072048
4.196352
4.568029
4.170229
3.033181
2.210824
1.652230
1.194695
0.818903
0.523982
0.308997
0.170200
0.218163
0.254974
0.239437
0.256868
0.271596
0.243606
0.200917
0.231962
0.287191
0.350366
0.385706
0.377850
0.331030
0.270159
0.219331
0.171552
0.133979
0.135890
0.122961
0.092338
0.062308
0.039215
0.021999
0.009998
0.009139
0.013775
0.014702
0.028834
0.043311
0.066493
0.094618
0.108339
0.103945
0.082390
0.054638
0.031930
0.011302
0.015283
0.042649
0.109106
0.215899
0.361877
0.523488
0.792389
1.155753
1.642530
2.292828
3.090936
3.158681
2.582028
2.240409
2.587393
3.067800
3.432606
3.897789
3.868163
3.296052
2.616843
2.001646
1.493366
1.076304
0.738852
0.477076
0.296350
0.165719
0.083998
0.028834
0.002810
0.000000
0.002328
0.022205
0.057441
0.084139
0.076443
0.046440
0.048439
0.101111
0.173199
0.260410
0.345093
0.391271
0.339047
0.253617
0.167363
0.097012
0.045467
0.042929
0.082868
0.111582
0.115382
0.089470
0.106668
0.104140
0.077281
0.044523
0.034628
0.017827
0.002706
0.005556
0.009584
0.015465
0.029643
0.070263
0.189732
0.306832
0.535441
0.819443
1.083827
1.261592
1.339649
1.345441
1.295879
1.621377
1.982250
2.147017
2.188549
2.199016
2.186159
2.129588
1.929578
1.483048
1.091854
0.734648
0.461529
0.346599
0.268528
0.224103
0.138417
0.164879
0.209946
0.176697
0.099573
0.036325
0.037834
0.055692
0.069242
0.078353
0.122212
0.141888
0.074359
0.015117
0.000000
0.000000
0.000000
0.000000
0.000000
0.000000
0.000000
0.000000
0.002528
0.000000
0.000000
0.000000
0.000000
0.000000
0.000000
0.000000
0.000000
0.000000
0.000000
0.000215
0.001277
0.000601
0.000000
0.000000
0.000000
0.000000
0.000000
0.000000
0.000000
0.000000
0.000000
0.000321
0.002187
0.009732
0.016173
0.015814
0.017687
0.019656
0.022791
0.045308
0.075751
0.108788
0.149248
0.200729
0.252270
0.287159
0.277620
0.234568
0.183407
0.131873
0.088617
0.065501
0.050526
0.029914
0.012556
0.002229
0.001792
0.001184
0.000000
0.000000
0.000000
0.000000
0.000000
0.000000
0.000000
0.000000
0.000000
0.000000
0.000000
0.000000
0.000000
0.000000
0.003477
0.012348
0.007573
0.035125
0.093810
0.195610
0.366663
0.619170
0.965176
1.478412
2.216192
2.791522
3.015079
3.070510
3.081326
3.075848
3.054275
3.004020
2.823291
2.370930
1.624582
1.114003
1.289091
1.445239
1.389755
1.543954
1.633915
1.635677
1.533346
1.592994
1.785981
1.896925
1.829494
1.631845
1.485812
1.473958
1.570821
1.711315
1.903544
2.058284
2.272380
2.422661
2.675882
3.035096
3.447798
3.919856
4.459754
5.038281
5.521411
5.836602
5.663983
5.230954
4.669756
4.139803
4.186286
4.780667
5.448216
6.172497
6.890327
7.524967
7.867097
7.501480
6.820539
6.037282
5.290247
5.056006
5.634031
5.912763
5.661769
4.864305
3.996500
4.531659
5.773572
6.312230
6.409405
6.273228
5.698757
4.408368
3.738770
3.409767
3.082344
3.176555
3.337347
3.311859
3.255032
3.362228
3.232486
3.018633
2.766015
2.502287
2.554025
2.669160
2.739030
2.604903
2.412011
2.297817
2.414223
2.446262
2.563168
2.797457
2.969531
3.021000
2.922910
2.797914
2.607368
2.397073
2.457301
2.537841
2.536776
2.428776
2.323580
2.281221
2.340220
2.448863
2.526831
2.549567
2.430397
2.213609
1.992625
2.106371
2.541429
2.975467
3.535898
4.491526
5.922128
6.672380
6.872729
6.705936
6.084602
4.924366
4.316257
4.046629
3.653540
3.208992
2.605696
2.773902
2.941180
3.007085
3.045702
3.049768
2.979091
2.725602
2.126602
1.844835
2.110608
2.281262
2.318315
2.223130
2.153319
2.078661
1.918945
1.987511
1.961842
1.810624
1.563238
1.317430
1.094366
1.007819
1.143786
1.282507
1.402782
1.529637
1.706904
1.903081
2.012196
2.005819
1.893034
1.707927
1.518745
1.341744
1.220017
1.361320
1.417769
1.421249
1.341905
1.227020
1.585850
1.904338
1.993280
1.764640
1.659166
1.635786
1.545544
1.367536
1.456547
1.559589
1.546395
1.452689
1.417431
1.338807
1.212189
1.145644
1.273831
1.338765
1.345052
1.362559
1.452949
1.588682
1.675048
1.626847
1.477599
1.313255
1.427694
1.588557
1.638107
1.576504
1.430577
1.263026
1.099923
0.946422
0.807958
0.709450
0.651212
0.592810
0.606938
0.563315
0.470298
0.385684
0.380201
0.435816
0.517300
0.598386
0.624053
0.586238
0.498324
0.404440
0.446191
0.678774
0.958478
1.178718
1.158822
0.974957
0.788656
0.689857
0.654927
0.483190
0.311824
0.232793
0.372824
0.527163
0.641991
0.613733
0.476601
0.316408
0.190983
0.141516
0.270709
0.420820
0.588581
0.847448
1.186406
1.563381
1.972541
2.308334
2.323461
1.988464
1.573774
1.474132
1.183913
1.008867
0.839860
0.602123
0.381297
0.211423
0.096892
0.083826
0.101225
0.103844
0.095754
0.132780
0.187795
0.190564
0.200878
0.219911
0.220856
0.224713
0.262941
0.347130
0.470951
0.598340
0.719526
0.847845
0.962420
1.060930
1.149226
1.171652
1.130630
1.023405
0.903666
0.783253
0.670191
0.647522
0.723956
0.805162
0.847823
0.814146
0.741917
0.635011
0.527299
0.434704
0.346863
0.284169
0.239865
0.203404
0.157518
0.110484
0.089105
0.095864
0.108693
0.146716
0.202575
0.265387
0.335223
0.398275
0.464425
0.464431
0.403169
0.330061
0.268639
0.222810
0.199204
0.167019
0.143853
0.123707
0.099412
0.065990
0.073211
0.090355
0.069665
0.022689
0.009831
0.003190
0.006120
0.018383
0.054983
0.099456
0.138534
0.157026
0.171369
0.157077
0.135718
0.155399
0.190332
0.243672
0.307046
0.377692
0.445633
0.513214
0.554610
0.557361
0.551961
0.530045
0.521371
0.542595
0.576909
0.646673
0.678298
0.633315
0.544350
0.484511
0.517750
0.576336
0.815512
1.063047
1.232172
1.195240
0.986227
0.857738
0.969379
1.291969
1.731148
2.219621
2.748732
3.732929
4.769875
5.079462
4.831522
3.977931
3.133944
2.420723
2.537405
2.656379
2.681124
2.753240
3.188567
3.734220
4.220250
4.476355
4.296774
3.857331
3.272366
2.925129
3.112164
3.131364
3.062404
3.417161
3.745815
4.140297
4.532725
4.915191
5.311091
5.716747
6.071126
6.269446
6.575961
6.878722
6.885627
6.575225
6.078793
5.575709
5.110430
4.694844
4.315743
3.916424
3.554458
3.280227
3.067460
2.740731
2.405253
2.105405
2.104273
2.262114
2.348583
2.265877
2.102735
1.878442
1.665146
1.837927
2.027110
2.234359
2.450668
2.633662
2.683533
2.595058
2.691669
2.855335
2.885217
2.764702
2.727814
2.949372
3.087112
3.086097
2.943099
3.057904
3.221293
3.287757
3.193857
3.336986
3.517084
3.635874
3.600493
3.765768
4.193213
4.620530
5.004246
5.313674
5.602715
5.844545
5.926703
5.774365
5.709709
5.919653
6.001400
5.929406
5.755591
5.579403
5.672395
5.962239
6.131371
6.402537
6.691622
6.801394
6.625235
6.287842
6.169286
6.217423
6.206815
6.038338
5.736924
5.419052
5.284750
5.467041
5.524910
5.408811
5.303837
5.534855
5.847296
5.882259
5.710250
5.483930
5.418623
5.561571
5.836324
6.034664
6.055716
5.856586
5.892490
6.017962
6.195076
6.438134
6.638745
6.696133
6.561579
6.341695
6.056496
5.774502
5.990387
6.297815
6.724830
7.115452
7.319617
7.357977
7.268817
7.713792
8.177111
8.474160
8.437273
8.106458
7.647387
7.166234
7.150188
7.283356
7.220805
6.961203
6.581799
6.338757
6.917922
7.557835
8.211175
8.794188
9.027914
8.746671
8.079392
7.387139
7.037901
6.568942
6.518685
6.293910
5.917838
5.471958
5.041870
4.910378
5.313289
5.634468
5.815762
5.737835
5.590360
5.423858
5.352861
5.145860
4.973723
4.655605
4.260536
3.865036
3.493339
3.229479
3.018523
2.898278
2.778201
2.989034
3.085249
2.962209
2.674346
2.369769
2.081866
1.828788
1.579423
1.358152
1.234157
1.134648
1.034450
0.949575
0.891747
0.909246
1.059641
1.252377
1.391070
1.363521
1.169315
0.955528
0.763054
0.955203
1.232134
1.519174
1.720642
1.791569
1.661045
1.389626
1.104508
1.280953
1.438574
1.618576
1.416819
1.081543
0.746793
0.497174
0.293317
0.141527
0.046749
0.004196
0.000000
0.000000
0.000000
0.000000
0.000000
0.000000
0.000000
0.000000
0.004780
0.025361
0.053624
0.043734
0.045500
0.080463
0.135862
0.162781
0.125945
0.005626
0.030198
0.018745
0.029249
0.000000
0.000000
0.004318
0.055321
0.175610
0.357417
0.000000
0.000000
0.000000
0.000000
0.000000
0.000000
0.000000
0.000000
0.000000
