track	type=wiggle_0
fixedStep	chrom=chr	start=1	step=1
0.000000
0.000000
0.000000
0.000000
0.000000
0.000000
0.000000
0.000000
0.000000
0.008254
0.015310
0.019825
0.023195
0.027772
0.093667
0.164860
0.231056
0.378922
0.617782
0.835727
0.604385
0.335485
0.164793
0.244872
0.412747
0.591938
0.701893
0.699052
0.571341
0.439123
0.556985
0.605298
0.504002
0.373474
0.313976
0.296560
0.266345
0.322728
0.392588
0.418159
0.384499
0.282863
0.168813
0.081586
0.031395
0.051602
0.162357
0.357726
0.672219
0.829635
0.874793
0.882827
0.868906
0.806851
0.661198
0.347810
0.130631
0.027562
0.000000
0.000000
0.003949
0.009492
0.003461
0.004731
0.003022
0.000000
0.000000
0.000000
0.000000
0.000000
0.022032
0.105432
0.301764
0.653219
0.815269
0.859552
0.866129
0.859552
0.829132
0.721045
0.434556
0.219554
0.081651
0.012400
0.000000
0.000000
0.000008
0.002909
0.011882
0.016934
0.012397
0.002867
0.000000
0.000000
0.000000
0.006607
0.006317
0.000000
0.000000
0.000000
0.000000
0.000000
0.000000
0.000000
0.032553
0.198820
0.353244
0.402612
0.413846
0.413846
0.410463
0.395619
0.343458
0.181472
0.082255
0.014290
0.001093
0.000000
0.001301
0.014558
0.044998
0.118003
0.234273
0.266693
0.177010
0.084219
0.027001
0.015890
0.016077
0.014708
0.014261
0.009980
0.051518
0.128758
0.264447
0.455930
0.657506
0.749688
0.662938
0.457415
0.264999
0.129038
0.049158
0.079806
0.094996
0.100267
0.100267
0.100267
0.100267
0.100802
0.101066
0.100244
0.094786
0.063441
0.070850
0.057700
0.022804
0.045789
0.088879
0.144902
0.196919
0.206348
0.163259
0.113358
0.174978
0.259347
0.341069
0.366444
0.423780
0.558059
0.729051
0.902088
0.970375
0.902088
0.728651
0.553440
0.402687
0.280255
0.180884
0.105046
0.051770
0.017814
0.001972
0.000000
0.000000
0.000313
0.004695
0.060906
0.210165
0.414145
0.420516
0.228286
0.086594
0.042789
0.043501
0.043501
0.017597
0.000821
0.000000
0.000000
0.000000
0.000000
0.000000
0.000232
0.006233
0.020463
0.044354
0.069604
0.083997
0.071228
0.046772
0.025130
0.009274
0.000830
0.000000
0.000000
0.000000
0.000000
0.000000
0.000000
0.000000
0.000000
0.000000
0.000000
0.000000
0.000000
0.002568
0.004362
0.002661
0.000000
0.000000
0.000000
0.000000
0.000000
0.000000
0.000000
0.000000
0.000000
0.000000
0.000000
0.000000
0.000000
0.000000
0.000000
0.000000
0.000000
0.000000
0.000000
0.021611
0.047411
0.057454
0.047943
0.023833
0.000657
0.024697
0.074234
0.100202
0.069349
0.019145
0.009832
0.014049
0.014525
0.013881
0.011513
0.024789
0.070010
0.113298
0.117691
0.110524
0.149807
0.263380
0.443211
0.685257
0.995234
1.384402
1.809744
2.070050
2.065820
1.790978
1.397801
1.058459
0.749931
0.507577
0.320636
0.182848
0.094473
0.087623
0.143485
0.195654
0.222829
0.188254
0.119308
0.057691
0.022279
0.003822
0.017856
0.028962
0.017125
0.003116
0.000000
0.000000
0.000000
0.004185
0.009621
0.003882
0.000011
0.000000
0.002376
0.013200
0.037195
0.073622
0.118332
0.161407
0.174193
0.207415
0.238542
0.217883
0.175850
0.119513
0.068813
0.032759
0.009495
0.014839
0.051475
0.078941
0.069022
0.034138
0.025674
0.009236
0.002337
0.021386
0.065157
0.126479
0.214785
0.294889
0.429093
0.595318
0.793373
1.017811
1.223181
1.330949
1.219076
1.016871
0.793044
0.594910
0.428704
0.407661
0.710502
0.752233
0.542027
0.391015
0.249560
0.248619
0.194640
0.128509
0.069543
0.028655
0.014498
0.002536
0.000000
0.000000
0.000000
0.008483
0.057318
0.153593
0.257292
0.246374
0.238497
0.226055
0.212569
0.204842
0.201688
0.196269
0.176762
0.118227
0.031381
0.003966
0.000000
0.000000
0.000000
0.000000
0.000000
0.000000
0.000000
0.000000
0.000000
0.000000
0.000000
0.000000
0.000000
0.000000
0.000000
0.000000
0.000000
0.000000
0.000000
0.000000
0.000000
0.000000
0.000000
0.000000
0.000000
0.000000
0.000000
0.000000
0.000000
0.000000
0.000000
0.000000
0.000000
0.000000
0.000000
0.000000
0.000000
0.000000
0.000000
0.000000
0.000000
0.000000
0.000000
0.000000
0.000000
0.000000
0.000000
0.000000
0.000000
0.000000
0.000000
0.000000
0.017147
0.073035
0.170288
0.318539
0.529833
0.812364
1.174081
1.628910
2.181814
2.853802
3.641612
4.173668
3.642945
2.865824
2.199978
1.644854
1.190222
0.835018
0.575980
0.365990
0.210290
0.105960
0.034627
0.002345
0.000000
0.000000
0.000000
0.000000
0.000000
0.000000
0.000000
0.000000
0.000000
0.000000
0.000000
0.000000
0.000000
0.000000
0.000000
0.000000
0.000000
0.000000
0.000004
0.002319
0.002186
0.002885
0.000473
0.000000
0.000000
0.007312
0.061072
0.174433
0.354747
0.589465
0.827997
0.850466
0.673682
0.442780
0.241415
0.236685
0.190047
0.150323
0.273801
0.444081
0.665782
0.943804
1.272709
1.662938
2.122548
2.562085
2.755391
2.587308
2.144919
1.679209
1.268871
0.928180
0.855596
1.072983
1.271948
1.419271
1.404181
1.229325
1.027929
0.840863
0.803065
0.990473
1.202698
1.443471
1.710184
1.994482
2.252789
2.367154
2.340026
2.284144
2.217009
2.154673
2.116167
2.063383
1.875252
1.608472
1.357724
1.165330
1.072948
1.068765
1.093910
1.010579
1.239918
1.774371
2.428292
2.732259
2.734567
2.603661
2.629358
2.365782
2.797854
3.335981
3.858219
4.150383
4.391571
4.401620
3.590861
2.930967
2.671348
2.328619
2.102307
2.027570
1.939196
2.033445
2.276823
2.552792
2.677813
2.453264
2.060577
2.204995
2.782367
3.249565
3.265858
3.022072
2.721565
2.282418
1.849871
1.401480
1.011970
0.695414
0.451299
0.270075
0.150620
0.216927
0.273839
0.306364
0.351403
0.390421
0.361151
0.282187
0.213540
0.195436
0.232490
0.252978
0.301853
0.329024
0.314849
0.251718
0.177891
0.111651
0.078293
0.082777
0.070822
0.046412
0.022294
0.017996
0.017648
0.021688
0.032629
0.046170
0.048358
0.038363
0.023368
0.014210
0.008759
0.004997
0.002312
0.003498
0.014706
0.033827
0.058158
0.083104
0.091009
0.079520
0.055857
0.035419
0.038979
0.067555
0.087122
0.094916
0.098856
0.106225
0.198794
0.386315
0.651732
0.997347
1.418300
1.851811
1.834419
1.370311
0.952245
0.622242
0.375670
0.262202
0.244664
0.203441
0.154646
0.109854
0.073503
0.108267
0.147667
0.172272
0.160858
0.122046
0.081728
0.051578
0.028723
0.012648
0.010931
0.024069
0.047270
0.074595
0.087612
0.105157
0.132898
0.123264
0.097577
0.064846
0.068135
0.119626
0.189574
0.274484
0.368328
0.480562
0.613894
0.768962
0.934313
1.087964
1.206108
1.198127
1.069694
0.906541
0.742016
0.593009
0.461098
0.348693
0.258117
0.190409
0.146021
0.146587
0.202268
0.238624
0.236549
0.330582
0.462565
0.608245
0.683729
0.642434
0.614229
0.789985
0.979457
1.204035
1.360241
1.352395
1.189176
1.007325
0.792660
0.711753
0.739820
0.666570
0.639172
0.879379
1.160207
1.314110
1.234652
1.497603
1.970335
2.604343
3.192002
3.185992
2.610691
2.138525
1.950637
1.658404
1.830214
2.226360
2.162129
1.591053
1.199169
0.830982
0.538347
0.329154
0.205780
0.168470
0.166358
0.164344
0.173630
0.203489
0.215397
0.204901
0.225092
0.261584
0.262229
0.229732
0.275360
0.326209
0.315401
0.382478
0.421553
0.392094
0.291685
0.189505
0.158259
0.220017
0.296604
0.373012
0.460369
0.558953
0.670634
0.787487
0.910792
1.043692
1.191969
1.350882
1.481233
1.505727
1.477786
1.478422
1.403481
1.256163
1.130158
1.000860
1.070163
1.178022
1.287535
1.335318
1.420067
1.542269
1.683702
1.795772
1.853549
1.842653
1.907516
1.990030
1.970995
2.115618
2.292831
2.493748
2.699528
2.910638
3.184851
3.466846
3.687050
3.795890
3.730372
3.530068
3.300910
3.100511
3.061659
3.083151
3.062568
3.159653
3.298612
3.454458
3.497396
3.432394
3.584524
3.804935
3.950576
4.029488
3.920338
3.741804
3.892931
3.997321
4.172143
4.349004
4.433499
4.349770
4.128551
4.236869
4.323476
4.377936
4.690628
5.018915
5.385452
5.810036
6.284662
6.769415
7.260734
7.773892
8.283142
8.732974
9.105999
9.260880
9.086963
8.643723
8.262661
8.027399
7.633684
7.373086
7.443875
7.886521
8.298546
8.571288
9.060276
9.726831
10.471777
11.213249
11.748623
11.918773
11.514623
10.801225
9.997384
9.567083
10.031957
10.158799
9.976093
9.681413
10.100939
10.368852
10.258245
9.783532
9.193149
8.520967
7.867538
7.267770
6.809153
6.599292
6.729262
6.647357
6.312896
5.953236
5.700260
5.461054
5.194862
5.411072
5.547801
5.503227
5.268902
4.976470
4.774690
4.663500
4.670701
4.777863
4.762085
4.589903
4.328475
4.060485
3.806448
3.545856
3.271788
2.986162
2.713366
2.803462
2.778563
2.646718
2.467458
2.461115
2.622864
2.800715
2.910979
3.013423
2.971804
2.826841
2.971282
3.120945
3.136445
3.269275
3.454475
3.491126
3.457463
3.272048
2.762780
2.153373
2.005620
1.865198
1.718377
1.591604
1.475537
1.462593
1.484267
1.387883
1.224233
1.065419
0.930846
0.838567
0.831439
0.831855
0.969702
1.124856
1.287229
1.418474
1.416980
1.275950
1.107457
0.948393
0.875777
0.858719
0.768686
0.656902
0.543812
0.448423
0.375165
0.322918
0.278652
0.334155
0.347430
0.303779
0.247617
0.190253
0.137984
0.114904
0.107914
0.079289
0.049231
0.023539
0.006158
0.000000
0.000000
0.000000
0.000000
0.000000
0.000000
0.000000
0.000000
0.000000
0.000000
0.000000
0.000000
0.000000
0.000000
0.000000
0.000588
0.000762
0.000044
0.000000
0.000000
0.000000
0.000000
0.003534
0.013937
0.019714
0.015627
0.012065
0.080213
0.206306
0.285244
0.318377
0.330931
0.346795
0.376176
0.578211
0.887416
1.282025
1.735377
2.161986
2.163697
1.740432
1.282840
0.964122
1.258307
1.435602
1.328874
1.110330
0.899400
0.676580
0.489659
0.318129
0.192609
0.121315
0.125031
0.088192
0.036164
0.005523
0.027091
0.089618
0.122621
0.132628
0.133981
0.132712
0.127792
0.107416
0.063094
0.018154
0.026617
0.009223
0.004646
0.012872
0.015746
0.013900
0.009779
0.004293
0.002274
0.001435
0.001042
0.000853
0.000513
0.000006
0.000000
0.000000
0.000000
0.000000
0.000000
0.000000
0.000000
0.000000
0.000000
0.000000
0.000000
0.000000
0.000000
0.000000
0.000000
0.000000
0.000000
0.000000
0.000000
0.000000
0.000000
0.000000
0.000000
0.000000
0.000000
0.000000
0.000000
0.008480
0.032420
0.069265
0.090980
0.073478
0.038919
0.008756
0.000000
0.000000
0.008913
0.052070
0.134544
0.256431
0.419349
0.628186
0.890056
1.215001
1.597796
2.010091
2.533838
3.178235
3.930159
4.831507
5.881010
7.062875
8.274058
8.242496
6.967531
5.773978
4.786793
3.909812
3.148484
2.498848
1.957423
1.512619
1.204265
1.230767
1.467488
1.566507
1.470530
1.318986
1.094927
1.084874
1.108491
0.962059
0.779707
0.591380
0.429441
0.319534
0.430075
0.550709
0.671369
0.749858
0.739351
0.640981
0.508636
0.390484
0.343741
0.437889
0.535620
0.614009
0.652485
0.626301
0.580384
0.503491
0.472781
0.608328
0.723128
0.781544
0.723302
0.605318
0.473895
0.357368
0.260973
0.177518
0.143865
0.111819
0.075614
0.069683
0.109655
0.196431
0.312471
0.455355
0.536438
0.529280
0.478053
0.357395
0.280541
0.240503
0.297415
0.425456
0.598405
0.783058
0.956046
1.082184
1.160694
1.138878
1.072601
0.885873
0.675703
0.485851
0.331330
0.210589
0.187916
0.241686
0.288114
0.489266
0.730006
0.892126
0.811326
0.578970
0.361092
0.275808
0.283714
0.378332
0.465402
0.564937
0.648750
0.658279
0.594029
0.512003
0.543031
0.501608
0.426100
0.323638
0.234103
0.171238
0.131842
0.150506
0.193038
0.285526
0.394941
0.457442
0.437468
0.346315
0.263718
0.350588
0.595395
0.772845
0.593414
0.754925
0.954638
1.092723
1.075652
0.888501
0.972891
1.262894
1.496282
1.635136
2.240704
2.493859
2.487027
2.237451
1.702214
1.179064
1.076349
0.928057
0.888478
1.043653
1.174291
1.322218
1.596855
2.080060
2.704071
3.428121
4.149072
4.136721
3.375543
2.627471
1.993632
1.466792
1.036860
0.696217
0.637753
0.640705
0.684886
0.806574
0.996154
1.260682
1.595863
1.995282
2.411317
2.663966
2.654383
2.426737
2.103989
2.019754
1.873651
1.596002
1.290414
1.008724
1.158785
1.567403
2.072515
2.686463
3.412316
4.263024
5.185186
6.043306
6.128374
5.672061
5.085499
4.511023
4.973018
5.260650
5.248736
4.811031
4.066057
3.343126
2.696287
2.133983
1.653819
1.260238
1.565773
1.914978
2.320324
2.772120
3.169576
3.431337
3.294875
3.138487
3.123707
2.922584
2.760611
2.667735
2.491239
2.556465
2.934206
3.377729
3.675190
3.651947
3.313784
2.831490
2.365142
2.058853
1.704992
1.347054
1.312664
1.467482
1.561112
1.536691
1.518803
1.408474
1.278153
1.136557
1.283013
1.367793
1.371654
1.486393
1.663128
1.477600
1.238533
1.075473
0.927810
1.003570
1.171065
1.345305
1.490224
1.544125
1.477932
1.345553
1.183325
1.023555
0.867385
0.723198
0.743247
0.778718
0.711435
0.601480
0.476378
0.584884
0.749891
0.922597
1.022903
1.012056
0.897465
0.738047
0.593125
0.699085
0.784755
0.769695
0.658841
0.523607
0.669839
0.855325
1.050992
1.189595
1.209642
1.087806
0.892458
0.695178
0.526130
0.474647
0.592656
0.903403
1.313300
1.782564
2.216429
2.250834
1.902877
1.470637
1.069909
0.958267
1.069034
1.415491
1.856587
2.313952
2.603435
2.617039
3.099687
3.776334
4.486979
4.729426
4.358892
3.606562
2.873358
2.237833
1.723721
1.300728
0.943184
0.655281
0.430176
0.347576
0.423835
0.558979
0.682366
0.746538
0.626028
0.494611
0.338087
0.204942
0.107575
0.091314
0.122374
0.162554
0.217637
0.264076
0.284333
0.272147
0.351991
0.414099
0.405775
0.505672
0.645962
0.759314
0.807533
0.720798
0.577135
0.428865
0.306138
0.205452
0.124356
0.124703
0.118739
0.092908
0.062030
0.035915
0.019388
0.019608
0.017195
0.034309
0.114962
0.254475
0.389876
0.451524
0.502764
0.728522
0.951126
1.135516
1.449070
1.770765
1.938649
1.782067
1.448933
1.096416
0.792866
0.549202
0.569970
0.597034
0.539816
0.458289
0.475280
0.476120
0.474433
0.470614
0.468030
0.558272
0.646709
0.682545
0.702256
0.789610
0.917151
1.018253
1.046472
0.963186
0.845694
0.721714
0.608348
0.507821
0.422446
0.500787
0.564532
0.685688
0.810935
0.886450
0.833682
0.709001
0.561251
0.546978
0.626777
0.711671
0.755565
0.728274
0.771490
0.912630
1.039885
1.140738
1.295285
1.436344
1.484827
1.398564
1.244021
1.102904
1.272832
1.293295
1.581244
2.106892
2.657420
2.987165
2.653198
2.082031
1.555334
1.446285
1.367327
1.249147
1.240403
1.403536
1.635221
1.891565
2.182280
2.498547
2.849976
3.243273
3.591159
3.699298
3.516938
3.144883
3.342131
3.762875
4.115343
4.262626
4.029479
3.816624
3.450244
2.993425
2.596901
2.276745
1.944748
1.768396
1.721675
1.816852
1.722888
1.557602
1.370853
1.223457
1.208558
1.327203
1.502760
1.518336
1.354808
1.486018
1.857303
2.306397
2.641923
2.639809
2.310314
1.853886
1.852268
1.859353
1.743700
1.608459
1.483519
1.342784
1.288067
1.240060
1.245551
1.374789
1.531256
1.703559
1.891360
2.062513
2.186473
2.160532
1.995331
1.771573
1.563393
1.382157
1.507029
1.722193
1.931951
2.081904
2.078296
1.938962
1.725219
1.509660
1.319932
1.145899
0.981889
0.835288
1.034894
1.411987
1.958306
2.836209
3.603438
3.911760
3.970523
3.879698
3.526966
2.671461
1.910075
1.448422
1.450607
1.383468
1.329221
1.360710
1.271338
1.186540
1.281211
1.577403
1.857999
2.016309
2.216745
2.463365
2.495382
2.281228
2.008847
1.886696
1.801739
1.730077
1.841643
2.480143
3.250382
4.349692
4.716766
4.281028
3.087817
2.234053
1.647123
1.196751
0.873044
0.773029
0.757585
0.821997
0.857454
0.873033
0.812936
0.892183
0.969478
1.017589
1.008663
0.921508
0.813838
0.865793
0.955475
1.034152
1.081700
1.067804
0.974816
0.863928
0.744759
0.648014
0.569775
0.549760
0.507395
0.627790
0.769682
0.809427
0.754059
0.775632
0.788468
0.893711
1.035260
1.206508
1.349415
1.413756
1.354408
1.196549
1.028011
0.898367
0.833567
0.911096
0.943711
0.988492
1.168115
1.367026
1.589078
1.809388
1.959134
1.980088
1.869494
1.654425
1.447965
1.273037
1.170337
1.129728
1.062163
1.231622
1.404830
1.510833
1.470662
1.328177
1.776287
2.459725
3.302853
3.875701
4.119580
4.235362
4.258695
4.222371
4.070537
3.771578
3.083972
2.549302
2.890705
3.438110
4.153263
5.014592
5.908463
6.520597
6.535831
6.001354
5.329274
4.530002
4.120699
4.644763
5.052496
5.093795
4.777436
4.964500
5.273596
5.278682
4.848363
4.364472
3.838264
3.385901
3.163211
3.251118
3.247164
3.108619
3.348779
3.573296
3.476222
3.135258
2.699687
2.291435
1.935770
1.614914
1.331090
1.074786
0.846816
0.970168
1.280682
1.448667
1.271298
0.937655
0.931320
0.978264
0.961865
0.895633
0.802425
0.807107
1.204276
1.790394
2.326158
2.318246
1.757568
1.207093
0.808884
0.562435
0.546167
0.483879
0.490413
0.477553
0.412569
0.487185
0.595566
0.707566
0.816821
0.901335
1.004801
1.093158
1.248853
1.404898
1.522867
1.528098
1.439651
1.616628
1.748272
1.744001
1.656130
1.627986
1.621568
1.526459
1.372770
1.209164
1.066870
0.944483
0.847742
0.796864
0.763070
0.811580
0.815702
0.762845
0.733092
0.674210
0.687784
0.651353
0.694024
0.732927
0.710398
0.697369
0.628600
0.726396
0.843168
0.966461
1.141913
1.312361
1.439919
1.720899
2.253785
2.835805
3.286937
3.314558
2.880243
2.333359
1.782123
1.437700
1.534577
1.851555
2.240106
2.662144
2.946748
2.998684
3.381803
3.418008
3.252516
3.032885
3.284710
3.754710
4.287018
4.890221
5.528070
6.171319
6.499860
6.375878
6.640717
6.780065
6.565748
5.925070
5.894646
6.425422
7.029039
7.629204
7.770277
7.179616
6.561067
5.778564
4.963571
4.869882
5.758515
6.763222
7.850997
9.093114
9.969505
9.138573
7.869879
6.637503
5.695708
5.059216
4.575677
3.930303
3.269666
3.129895
3.318309
3.154298
2.747498
2.505730
2.745607
2.709440
2.446777
2.140948
2.426827
2.710997
2.947044
2.920125
2.624312
2.280402
1.948399
1.680158
1.616169
1.747018
1.832227
1.907543
1.829151
1.659407
1.429649
1.246488
1.341693
1.349160
1.370020
1.547190
1.746591
1.960089
2.196830
2.444730
2.677986
2.881767
3.056470
3.113044
3.049020
3.109506
3.179504
3.135678
2.967670
2.785452
2.822879
3.056922
3.239908
3.407982
3.682851
3.965913
4.237469
4.446979
4.551669
4.570691
4.804444
5.306796
5.712079
6.018724
6.303805
6.535875
6.661597
6.602809
6.738595
6.955750
7.269277
7.512146
7.506695
7.346137
7.086982
7.136625
6.858742
6.669334
6.835708
7.039092
7.654089
7.947318
7.700410
7.313941
7.406614
7.403864
7.705766
7.650113
7.364999
7.515933
7.814136
8.031127
8.102242
7.981637
7.755722
7.359801
6.886103
6.438122
6.416244
6.780876
7.098530
7.174397
6.995684
6.697462
6.353781
6.706654
6.987639
7.034409
6.855088
7.162605
7.663893
8.228880
8.855296
9.457040
9.963400
10.172947
9.968025
9.515498
9.014679
8.697828
8.961948
9.049042
8.843087
8.506753
8.091657
8.207180
8.957637
9.708725
10.334981
10.526420
10.241528
9.569746
8.835298
8.157680
7.522837
6.891937
6.401321
6.315343
6.029810
6.017042
6.493624
6.968528
7.287670
7.318625
7.098759
6.680632
6.219717
5.743204
5.258857
4.790625
4.365387
3.982239
3.635352
3.308807
3.810864
4.240583
4.241312
3.804563
3.265279
2.812552
2.938056
3.123173
3.062118
2.751168
2.387416
2.032269
1.724437
1.467128
1.278722
1.129075
1.050951
1.100360
1.204428
1.238056
1.219965
1.168896
1.001108
0.802050
0.772709
1.009022
1.293787
1.579463
1.768006
1.812823
1.662859
1.373865
1.092124
1.279152
1.450323
1.617806
1.417902
1.083149
0.744245
0.492057
0.290470
0.141741
0.047358
0.004238
0.000000
0.000000
0.000000
0.000000
0.000000
0.000000
0.000000
0.000000
0.000032
0.011777
0.038241
0.058066
0.080405
0.119942
0.171536
0.297167
0.485231
0.738377
1.065383
1.481001
1.982001
2.528042
2.925141
2.865386
2.879915
1.854412
1.447479
0.000000
0.000000
0.000000
0.000000
0.000000
0.000000
0.000000
0.000000
0.000000
