track	type=wiggle_0
fixedStep	chrom=chr	start=1	step=1
0.000000
0.000000
0.000000
0.000000
0.000000
0.000000
0.000000
0.000000
0.000000
0.000000
0.000000
0.001682
0.028600
0.277357
0.598521
0.774980
0.719882
0.533155
0.598329
0.775044
0.552625
0.301151
0.129125
0.043490
0.006761
0.001245
0.000804
0.001166
0.004519
0.003643
0.000000
0.000000
0.000000
0.000390
0.009237
0.016031
0.046368
0.164497
0.438197
0.736950
0.846416
0.795772
0.783097
0.856602
0.817419
0.689413
0.523615
0.483866
0.658684
0.889721
1.158369
1.421454
1.596934
1.509486
1.287174
1.055036
0.827963
0.617464
0.445545
0.326996
0.218689
0.156543
0.093393
0.040289
0.014517
0.002488
0.000000
0.000047
0.003709
0.003653
0.000021
0.017276
0.090958
0.269651
0.593664
0.743896
0.784969
0.791077
0.784969
0.756789
0.656618
0.392098
0.194681
0.069423
0.009101
0.000000
0.000000
0.000000
0.000000
0.000000
0.000000
0.000000
0.000000
0.000000
0.000000
0.000000
0.000000
0.000000
0.000000
0.000000
0.000000
0.000002
0.000000
0.000000
0.000000
0.000000
0.000102
0.072513
0.177531
0.213588
0.221581
0.221581
0.212529
0.174002
0.065187
0.000027
0.000000
0.000000
0.000000
0.000000
0.000000
0.000302
0.024983
0.099401
0.211063
0.241719
0.158093
0.073412
0.021827
0.010282
0.011600
0.010475
0.010107
0.006558
0.002868
0.000000
0.000000
0.000000
0.000000
0.000000
0.000000
0.000000
0.000000
0.000000
0.000000
0.000000
0.000000
0.000000
0.000000
0.000000
0.000000
0.000000
0.000000
0.000000
0.000000
0.000000
0.000000
0.007019
0.057374
0.160336
0.306307
0.457730
0.473900
0.371553
0.248311
0.121561
0.118505
0.111365
0.083447
0.027306
0.000000
0.000000
0.000000
0.000000
0.000000
0.000000
0.000000
0.000000
0.000000
0.000000
0.000000
0.000000
0.000000
0.000000
0.000000
0.004758
0.019266
0.020727
0.006135
0.000000
0.000000
0.000000
0.000000
0.000000
0.000000
0.000082
0.006966
0.016761
0.014370
0.003135
0.003790
0.045405
0.119694
0.189225
0.223418
0.166328
0.058242
0.008355
0.000000
0.000000
0.000000
0.000000
0.000000
0.002614
0.024641
0.055098
0.112566
0.153873
0.164036
0.163809
0.144645
0.100451
0.089572
0.186408
0.301924
0.410091
0.595894
0.873947
1.318951
2.022943
2.096488
1.528999
1.056957
0.703867
0.531749
0.420829
0.241075
0.115948
0.099203
0.090827
0.062295
0.034423
0.015170
0.016021
0.044167
0.073658
0.093690
0.080012
0.047997
0.019060
0.004553
0.016938
0.038870
0.047804
0.078704
0.117263
0.147213
0.147327
0.143822
0.138374
0.132349
0.150986
0.189113
0.255226
0.337971
0.414518
0.478749
0.593491
0.736152
0.888872
1.003920
1.013952
0.900752
0.758043
0.652356
0.696485
0.923150
1.281866
1.679072
1.922850
1.913370
1.646023
1.272252
0.961441
0.727752
0.521167
0.541177
0.594227
0.523761
0.496677
0.685283
0.909697
1.131282
1.276972
1.276515
1.129042
0.909839
0.685798
0.495980
0.342271
0.416388
0.588665
0.828515
1.149202
1.532101
1.884969
2.064218
1.881138
1.528052
1.145696
0.821164
0.562033
0.360964
0.209890
0.102932
0.038115
0.054735
0.098612
0.156429
0.226902
0.292492
0.334199
0.310301
0.246988
0.174337
0.113245
0.065960
0.043905
0.054770
0.038087
0.016974
0.030114
0.065610
0.114092
0.154801
0.162294
0.131548
0.196029
0.285092
0.331626
0.461627
0.627381
0.815363
0.990520
1.070084
0.963193
0.794099
0.615024
0.451499
0.317073
0.209698
0.363016
0.649242
0.691006
0.494191
0.348758
0.200607
0.137842
0.092759
0.025746
0.000000
0.000000
0.000000
0.000000
0.000000
0.000000
0.000000
0.000000
0.005985
0.049459
0.117795
0.131878
0.088239
0.094919
0.089255
0.083748
0.081375
0.079292
0.072893
0.051944
0.017304
0.000000
0.000000
0.000000
0.000000
0.000000
0.000000
0.000000
0.000000
0.000000
0.000000
0.000000
0.000000
0.000000
0.000000
0.000000
0.000000
0.000000
0.000000
0.000000
0.000000
0.000000
0.000000
0.000000
0.000000
0.000000
0.000000
0.000000
0.000000
0.000000
0.000000
0.000000
0.000000
0.000000
0.000000
0.000000
0.000000
0.000000
0.000000
0.000000
0.000000
0.000000
0.000000
0.000000
0.000000
0.000000
0.000000
0.000000
0.000000
0.000002
0.022452
0.082709
0.144059
0.142086
0.077363
0.019441
0.000041
0.000000
0.000041
0.018679
0.067911
0.135822
0.257139
0.442128
0.691548
1.013755
1.417272
1.910769
2.488360
3.063560
3.097784
2.569707
2.005183
1.534215
1.199096
1.051783
0.829204
0.579799
0.369385
0.493218
0.555369
0.491445
0.314049
0.136771
0.038325
0.000889
0.000000
0.000000
0.000000
0.000000
0.000000
0.000000
0.000000
0.000000
0.000000
0.000000
0.000000
0.000000
0.000000
0.000000
0.000000
0.000000
0.000000
0.000000
0.000000
0.000000
0.000021
0.008063
0.018645
0.024068
0.029548
0.039617
0.061882
0.118692
0.203380
0.149248
0.165456
0.136811
0.068246
0.071650
0.110632
0.164856
0.231714
0.307874
0.377275
0.455490
0.562096
0.669458
0.735876
0.728304
0.658032
0.551623
0.453449
0.392622
0.445001
0.490966
0.503319
0.563422
0.589550
0.565653
0.616615
0.655529
0.696258
0.833015
1.004222
1.200328
1.416199
1.652273
1.903275
2.192575
2.512665
2.820122
3.027391
3.025554
2.838302
2.547488
2.243930
2.018475
2.107519
2.052463
2.097491
2.457786
2.909043
3.415308
3.867390
4.097865
4.045993
3.685804
3.257243
3.801215
4.466729
5.178076
5.750238
5.916170
5.461256
4.889134
4.559158
5.224937
5.821236
6.319624
7.064344
7.897318
7.054492
5.542503
4.699700
4.345103
3.822202
3.396334
3.440291
3.536414
3.902471
4.432999
4.651262
4.467030
3.962807
3.373197
2.816114
2.322701
1.893864
1.587265
1.424053
1.605056
1.647010
1.465229
1.160101
0.824462
0.579217
0.704033
0.818488
0.868915
0.831422
0.731694
0.748476
0.698739
0.599000
0.475683
0.363928
0.274370
0.222323
0.171533
0.114101
0.145414
0.202377
0.254673
0.281279
0.250475
0.198044
0.141310
0.093263
0.055611
0.028208
0.010353
0.001146
0.000030
0.015309
0.050474
0.068274
0.057239
0.027001
0.007045
0.001441
0.000172
0.000000
0.000000
0.000000
0.001680
0.009302
0.017557
0.019977
0.027878
0.050970
0.075520
0.098352
0.102393
0.087469
0.069848
0.074873
0.078122
0.084049
0.163612
0.329080
0.562713
0.872279
1.252370
1.647802
1.632737
1.203370
0.814827
0.519718
0.299566
0.148104
0.052884
0.027263
0.011723
0.008796
0.008210
0.007481
0.006151
0.004083
0.003613
0.002202
0.000189
0.000000
0.000000
0.000000
0.000000
0.000000
0.000000
0.000002
0.006439
0.024677
0.039049
0.030243
0.010112
0.001495
0.013058
0.035976
0.070183
0.117357
0.180855
0.257626
0.343979
0.444718
0.552586
0.656109
0.755111
0.774602
0.704016
0.598969
0.488835
0.385539
0.292372
0.212575
0.145979
0.099566
0.072570
0.084933
0.141626
0.175243
0.175188
0.254893
0.367141
0.496044
0.570635
0.552441
0.531314
0.679558
0.856377
1.064995
1.201374
1.187811
1.042220
0.877474
0.684634
0.605785
0.625021
0.557264
0.531864
0.766879
1.024807
1.170999
1.102738
1.348973
1.781993
2.354199
2.890857
2.878140
2.341479
1.907291
1.733393
1.470782
1.638080
2.004142
1.940320
1.409711
1.044642
0.707807
0.442228
0.262449
0.202556
0.148762
0.101043
0.063473
0.072996
0.132800
0.182530
0.176588
0.162924
0.113769
0.074997
0.114299
0.152135
0.180448
0.171829
0.150704
0.168610
0.181761
0.233689
0.301903
0.369729
0.404024
0.385284
0.400619
0.445512
0.490077
0.532039
0.528498
0.481679
0.398040
0.341495
0.349839
0.434965
0.513309
0.560683
0.556208
0.562514
0.677343
0.750885
0.751789
0.829088
0.887881
0.859533
0.742786
0.622858
0.543664
0.558669
0.595540
0.719692
0.841108
0.950592
1.060159
1.165231
1.218678
1.167273
1.060066
0.950259
0.851139
0.833733
0.858061
0.847665
0.776339
0.679300
0.571768
0.668665
0.962485
1.325106
1.731695
2.090369
2.129011
2.527897
3.035358
3.586544
4.182819
4.857447
5.619074
6.373093
6.719485
6.383044
5.623904
4.861663
4.179552
3.575094
3.079299
2.664472
2.324990
2.028147
1.852146
1.714004
1.762613
1.989966
2.174322
2.424951
2.536806
2.573660
2.797815
3.022143
3.422548
3.727285
3.674882
3.257851
2.837535
2.654746
2.278299
1.852088
1.793601
2.032748
2.262495
2.399959
2.388860
2.325084
2.296345
2.484088
2.755625
2.948787
3.066688
3.117029
2.942813
3.121559
3.360221
3.397778
3.262283
2.942570
2.633865
2.313515
2.000728
1.713052
1.488266
1.453597
1.425614
1.347203
1.360762
1.447224
1.488584
1.434981
1.289270
1.139182
1.009845
1.118056
1.196708
1.209631
1.128233
1.071370
1.202214
1.341820
1.400923
1.406270
1.481743
1.464275
1.947300
2.408616
2.510637
2.196016
1.733651
1.323021
1.181083
1.069843
0.963365
0.858000
0.756005
0.771912
0.754409
0.686459
0.585786
0.516296
0.541208
0.513886
0.492646
0.519295
0.512429
0.498401
0.491975
0.515807
0.486170
0.460740
0.749039
1.043374
1.223488
1.206012
1.007757
0.697570
0.997317
1.214804
1.297003
1.292635
1.192696
0.989829
1.074637
1.076577
0.997313
0.894849
0.795606
0.707991
0.641240
0.629318
0.623587
0.569922
0.492916
0.482451
0.395319
0.354389
0.296236
0.203315
0.234006
0.392199
0.599257
0.912719
1.316369
1.821613
2.356319
3.005543
3.314292
3.386470
3.316093
2.953441
2.128716
1.505851
1.045339
0.707562
0.480900
0.675412
0.870254
0.936313
0.849763
0.655823
0.498327
0.555774
0.580397
0.541014
0.449169
0.352822
0.263247
0.189770
0.137423
0.189703
0.266266
0.345513
0.417217
0.453819
0.425747
0.357665
0.272681
0.197397
0.265894
0.362370
0.485285
0.619123
0.774392
0.953353
1.123661
1.193903
1.306349
1.388163
1.356540
1.222677
1.036279
0.856495
0.850250
0.772645
0.638687
0.501096
0.381531
0.349650
0.486518
0.658913
0.865298
1.106418
1.390433
1.703198
2.030478
2.316611
2.571310
2.601133
2.368940
2.173038
2.616090
3.157495
3.782982
4.489492
5.256230
5.912019
6.222724
5.861995
5.177174
4.438638
3.725927
3.099098
2.559013
2.092561
1.669718
1.307985
1.007731
0.761419
0.580323
0.464615
0.363257
0.259324
0.230057
0.278735
0.297445
0.311169
0.319114
0.291963
0.176676
0.061441
0.005349
0.000000
0.000000
0.000000
0.000000
0.000000
0.000000
0.000000
0.000000
0.000000
0.000000
0.000000
0.000000
0.000000
0.000000
0.000000
0.000000
0.000000
0.000000
0.000000
0.000000
0.000000
0.000000
0.000000
0.000000
0.000000
0.000000
0.000000
0.000000
0.000000
0.000000
0.000000
0.000000
0.000000
0.000000
0.000000
0.000000
0.000000
0.000000
0.000000
0.000000
0.000000
0.000000
0.000000
0.000000
0.000000
0.000000
0.014706
0.087124
0.254486
0.565054
0.822734
0.930095
0.924422
0.802050
0.509344
0.234999
0.377260
0.566344
0.806842
1.100941
1.455160
1.864558
2.266264
2.464542
2.346361
1.986904
1.592548
2.077557
2.676527
3.281770
3.923393
4.664980
5.097403
4.462749
3.675992
3.088307
2.680436
2.257069
2.248226
2.240368
1.905029
1.983800
2.219959
2.280905
2.283486
2.235309
2.059080
1.654826
1.226382
0.984019
0.726777
0.518985
0.557800
0.494147
0.370430
0.245223
0.274739
0.232139
0.155851
0.111632
0.077323
0.064878
0.040621
0.072437
0.107738
0.153468
0.140429
0.085702
0.056799
0.043322
0.025464
0.006931
0.000000
0.005421
0.022555
0.052469
0.093071
0.141353
0.197349
0.263703
0.339586
0.426598
0.536457
0.672422
0.836872
1.017922
1.188000
1.299077
1.329412
1.239317
1.091918
0.978951
1.164030
1.323055
1.405793
1.390942
1.279277
1.148945
1.054390
0.987647
0.933254
0.993623
1.007714
0.937371
0.834094
0.713807
0.596532
0.595977
0.691149
0.724091
0.712297
0.636010
0.541377
0.529622
0.598975
0.628708
0.626052
0.705637
0.722763
0.704561
0.749524
0.793842
1.013190
1.247180
1.406070
1.440903
1.383735
1.558685
1.762218
1.948284
2.188234
2.498308
2.781667
3.199454
3.772962
4.442967
5.174140
5.863961
6.267633
6.240807
5.779507
5.072676
4.535413
4.890724
5.256777
5.368414
5.124950
4.617993
4.086100
3.617306
3.197988
2.788215
2.516524
2.207098
1.875914
1.560619
1.461693
1.288727
1.257744
1.354722
1.604384
1.877035
2.119037
2.283530
2.476785
2.536347
2.434578
2.206884
2.021144
1.794335
1.573232
1.659364
1.804699
1.996369
2.179636
2.252861
2.160058
1.927921
1.670223
1.430234
1.222457
1.052297
0.908797
0.781438
0.655572
0.571733
0.570119
0.642866
0.677711
0.736893
0.831251
0.955158
1.073773
1.173113
1.216708
1.156852
1.040888
0.909054
0.774799
0.646994
0.801789
1.157923
1.598746
2.211518
3.061320
4.180182
4.545343
4.147649
3.017475
2.201559
1.646958
1.191037
0.817580
0.524130
0.309392
0.173903
0.222292
0.259866
0.244000
0.264930
0.279066
0.250113
0.207394
0.239197
0.295150
0.358944
0.393648
0.386448
0.340041
0.278303
0.226935
0.178871
0.139835
0.142430
0.129083
0.097587
0.066500
0.043073
0.024923
0.011817
0.010550
0.015470
0.016311
0.030813
0.046828
0.070697
0.100170
0.114597
0.110276
0.087641
0.058978
0.034645
0.013278
0.017654
0.044559
0.110211
0.216760
0.362388
0.523127
0.788988
1.150711
1.636318
2.288369
3.085109
3.150238
2.576798
2.237065
2.580651
3.062533
3.424825
3.882265
3.855148
3.284237
2.610123
1.996615
1.488291
1.073644
0.739099
0.478195
0.297511
0.166755
0.085485
0.029671
0.003162
0.000000
0.002705
0.023481
0.058946
0.085772
0.077954
0.047771
0.050713
0.104344
0.176803
0.264249
0.348266
0.395095
0.342511
0.256850
0.170195
0.099441
0.048030
0.044257
0.084820
0.113784
0.117543
0.091380
0.109374
0.106779
0.080159
0.046814
0.036563
0.019237
0.003276
0.005569
0.009603
0.015492
0.029652
0.070122
0.189246
0.306561
0.531900
0.807995
1.064685
1.238480
1.314876
1.322395
1.270148
1.578170
1.940634
2.114275
2.159190
2.163004
2.156603
2.107828
1.914843
1.466524
1.077401
0.728593
0.460004
0.346265
0.269063
0.225044
0.139658
0.166420
0.211445
0.178707
0.100984
0.037076
0.037994
0.055887
0.069308
0.078392
0.122294
0.142166
0.075071
0.015463
0.000000
0.000000
0.000000
0.000000
0.000000
0.000000
0.000000
0.000000
0.002543
0.000000
0.000000
0.000000
0.000000
0.000000
0.000000
0.000000
0.000000
0.000000
0.000000
0.000000
0.000000
0.000000
0.000000
0.000000
0.000000
0.000000
0.000000
0.000000
0.000000
0.000000
0.000000
0.000000
0.000000
0.000000
0.000000
0.000000
0.000000
0.000000
0.000000
0.000000
0.000000
0.002113
0.009909
0.025341
0.045286
0.061487
0.059188
0.040952
0.021911
0.007230
0.000438
0.000000
0.000000
0.000000
0.000000
0.000022
0.001223
0.000732
0.000000
0.000000
0.000000
0.000000
0.000000
0.000000
0.000000
0.000000
0.000000
0.000000
0.000000
0.000000
0.000000
0.000000
0.003838
0.012865
0.008336
0.035653
0.094683
0.196534
0.367181
0.619348
0.965037
1.475284
2.211967
2.783987
3.007476
3.062437
3.076782
3.072551
3.051356
3.001257
2.820068
2.369539
1.701037
2.214135
2.749142
3.093647
3.064963
2.670891
2.153149
1.663460
1.521398
1.552934
1.743178
1.863781
1.829422
1.943214
2.175538
2.388860
2.620404
2.824662
2.981503
2.920549
2.721864
2.482638
2.753808
3.135122
3.559050
4.029884
4.548585
5.084569
5.558177
5.874446
5.727285
5.413285
5.260440
4.905637
4.420076
4.808208
5.479443
6.224239
6.955176
7.562074
7.877542
7.527300
6.847571
6.127306
5.402153
5.053618
5.625383
5.903258
5.655071
4.862580
3.987394
4.522229
5.759200
6.294519
6.393697
6.257609
5.679241
4.391560
3.336584
2.613700
2.921581
3.210427
3.359240
3.326811
3.085031
2.818832
2.956360
2.972599
2.809498
2.569424
2.298571
2.237524
2.126668
1.945085
1.789392
1.942974
2.143635
2.368101
2.512019
2.537577
2.423749
2.419335
2.339362
2.300801
2.310449
2.187835
2.010868
2.213965
2.420194
2.528211
2.501028
2.364494
2.343235
2.470809
2.563845
2.546117
2.413541
2.205390
1.978602
2.052213
2.489739
2.944855
3.521247
4.481235
5.904209
6.654521
6.850389
6.681259
6.061501
4.907224
4.305007
4.035789
3.647039
3.201566
2.601276
2.766297
2.932380
2.995312
3.036325
3.039241
2.969482
2.713842
2.121011
1.656616
1.874934
2.111544
2.252324
2.347773
2.322541
2.157121
1.976272
1.999741
1.971052
1.822353
1.574668
1.330323
1.106332
1.024533
1.162358
1.302062
1.423284
1.550983
1.729800
1.927518
2.037181
2.030772
1.917639
1.731706
1.542629
1.364800
1.234793
1.377957
1.436408
1.437950
1.356546
1.241247
1.588189
1.905832
1.994808
1.765867
1.674694
1.651450
1.562065
1.381562
1.469298
1.576668
1.564051
1.467348
1.430741
1.352628
1.223186
1.161412
1.287578
1.354046
1.359642
1.379128
1.468131
1.602376
1.687991
1.639742
1.490518
1.326069
1.446810
1.608019
1.654048
1.591002
1.440774
1.273338
1.111778
0.957845
0.821053
0.720943
0.662702
0.605368
0.619663
0.575778
0.481540
0.395658
0.389238
0.445521
0.528231
0.610002
0.637212
0.599729
0.511052
0.416554
0.448345
0.680534
0.960054
1.178212
1.154539
0.964622
0.775930
0.681848
0.643953
0.470032
0.304819
0.234715
0.375439
0.531595
0.646639
0.617572
0.479899
0.320876
0.194675
0.142810
0.271506
0.421511
0.589748
0.848634
1.186832
1.561253
1.968574
2.302717
2.316790
1.985301
1.572547
1.471242
1.181868
1.010310
0.840663
0.603798
0.383090
0.213862
0.098430
0.089774
0.107755
0.110419
0.101928
0.139439
0.195679
0.198506
0.209806
0.229260
0.230247
0.234141
0.272804
0.359274
0.485383
0.614415
0.737373
0.867320
0.982998
1.081984
1.171137
1.193572
1.152583
1.044506
0.924401
0.802979
0.689040
0.663587
0.740465
0.822219
0.864474
0.830860
0.758550
0.650764
0.541447
0.447577
0.358522
0.295202
0.249973
0.212715
0.165689
0.117481
0.090664
0.101287
0.114445
0.152783
0.208576
0.272639
0.343129
0.407336
0.472087
0.472915
0.412707
0.338899
0.277037
0.229732
0.205744
0.173005
0.149404
0.128776
0.104338
0.069556
0.073554
0.090479
0.069426
0.024791
0.011705
0.004335
0.007259
0.020520
0.059454
0.105721
0.145751
0.164391
0.178357
0.164065
0.142925
0.163363
0.198955
0.253113
0.317776
0.388534
0.454468
0.517462
0.555412
0.559407
0.552280
0.525851
0.520296
0.550138
0.587741
0.659101
0.691254
0.646688
0.557976
0.492912
0.527665
0.578695
0.818077
1.065834
1.235141
1.198937
0.991296
0.862613
0.969828
1.291774
1.729480
2.215875
2.741262
3.726262
4.759974
5.064089
4.817135
3.963277
3.124794
2.416543
2.539404
2.658736
2.684293
2.757720
3.189672
3.735928
4.221681
4.477700
4.298188
3.860410
3.273998
2.947406
3.135862
3.156028
3.084112
3.414583
3.758938
4.162965
4.556736
4.940919
5.341779
5.754710
6.108376
6.299935
6.598899
6.900984
6.910499
6.596015
6.095111
5.586271
5.118835
4.708572
4.337953
3.938580
3.572059
3.298275
3.083117
2.758469
2.420360
2.119869
2.120716
2.279258
2.367328
2.282550
2.120622
1.897343
1.680947
1.852887
2.041892
2.248513
2.471464
2.658416
2.708364
2.616782
2.712317
2.875138
2.900351
2.785668
2.746927
2.972885
3.111784
3.110214
2.961067
3.080674
3.242138
3.307112
3.216844
3.361536
3.539918
3.658586
3.623794
3.791676
4.220666
4.648422
5.032185
5.339116
5.630891
5.872419
5.957630
5.805429
5.735686
5.938956
5.998947
5.889362
5.689645
5.527274
5.597093
5.845149
6.034975
6.367950
6.691548
6.819067
6.647826
6.309561
6.185906
6.239545
6.224507
6.063561
5.760284
5.446958
5.310560
5.489080
5.543615
5.427869
5.322317
5.559705
5.877829
5.912787
5.739614
5.513621
5.450233
5.592983
5.865318
6.063138
6.084506
5.886980
5.921812
6.045362
6.222999
6.468628
6.673001
6.725418
6.593006
6.370750
6.084866
5.806133
5.982373
6.318656
6.750665
7.141809
7.347020
7.387075
7.302901
7.747113
8.204883
8.504596
8.468557
8.136257
7.677894
7.191989
7.175119
7.312253
7.253136
6.989731
6.606411
6.365832
6.943873
7.576893
8.228384
8.811376
9.045966
8.766957
8.094443
7.415284
7.063864
6.594450
6.542014
6.317122
5.939548
5.491750
5.062741
4.919499
5.326877
5.650165
5.834429
5.755551
5.604053
5.433819
5.363633
5.162040
4.988643
4.666238
4.266363
3.870577
3.501309
3.247735
3.036140
2.913392
2.791086
3.001492
3.094290
2.972964
2.683998
2.379162
2.093593
1.840297
1.589216
1.368522
1.246321
1.143800
1.043442
0.958344
0.899904
0.919423
1.069502
1.260008
1.398041
1.369872
1.175040
0.956851
0.763033
0.951970
1.225215
1.501929
1.705133
1.786012
1.665475
1.398508
1.111572
1.283126
1.442602
1.614915
1.415211
1.080931
0.746799
0.497544
0.293982
0.142285
0.047839
0.004486
0.000000
0.000000
0.000000
0.000000
0.000000
0.000000
0.000000
0.000000
0.005260
0.026923
0.055866
0.045455
0.046649
0.081381
0.137400
0.163878
0.127167
0.005654
0.030790
0.019215
0.028580
0.000000
0.000000
0.004541
0.055911
0.175957
0.357550
0.000000
0.000000
0.000000
0.000000
0.000000
0.000000
0.000000
0.000000
0.000000
