track	type=wiggle_0
fixedStep	chrom=chr	start=1	step=1
0.000000
0.000000
0.000000
0.000000
0.000000
0.000000
0.000000
0.000000
0.000000
0.000000
0.000000
0.000000
0.000000
0.000000
0.000000
0.000000
0.000000
0.000000
0.000000
0.000000
0.000000
0.024954
0.095673
0.224915
0.408369
0.617135
0.759807
0.689589
0.553636
0.422027
0.453036
0.623652
0.803885
0.803604
0.615087
0.459502
0.429218
0.386003
0.280135
0.196596
0.175393
0.087275
0.068884
0.088103
0.096205
0.105365
0.115708
0.117233
0.115576
0.107008
0.066723
0.009397
0.000249
0.001194
0.000000
0.000000
0.002970
0.050610
0.077692
0.085900
0.087487
0.085900
0.077692
0.049339
0.001105
0.000000
0.000000
0.000000
0.003091
0.010742
0.010143
0.003265
0.012648
0.017726
0.010757
0.009067
0.024474
0.049835
0.102269
0.150611
0.154803
0.144959
0.253559
0.393255
0.542042
0.659582
0.663881
0.545777
0.387070
0.246306
0.145198
0.100990
0.210452
0.383799
0.574554
0.763637
0.917846
0.845778
1.243027
1.275847
0.931049
0.696426
0.725197
0.716116
0.702706
0.695218
0.690301
0.689039
0.680120
0.632184
0.672993
0.714429
0.570688
0.369819
0.380063
0.303575
0.180869
0.099406
0.339017
0.481509
0.506117
0.453395
0.269768
0.172045
0.117236
0.068434
0.007297
0.056978
0.157642
0.277081
0.419720
0.490017
0.405830
0.238906
0.107376
0.030869
0.009340
0.009649
0.007830
0.013770
0.008213
0.000000
0.016816
0.083072
0.211386
0.474121
0.914870
1.095219
0.946018
0.548490
0.352301
0.239667
0.229617
0.389696
0.448896
0.462052
0.442212
0.355194
0.143930
0.025231
0.000000
0.000000
0.000000
0.000000
0.000000
0.009068
0.043335
0.057277
0.060627
0.057566
0.044957
0.012007
0.000000
0.000000
0.000000
0.000000
0.000000
0.000000
0.000000
0.000000
0.000000
0.000000
0.000000
0.000000
0.000000
0.000000
0.000000
0.003128
0.008277
0.010008
0.010312
0.010008
0.008371
0.003886
0.000000
0.000000
0.000000
0.000000
0.000000
0.000000
0.000000
0.000000
0.000000
0.000000
0.000000
0.000000
0.000000
0.000187
0.002210
0.015742
0.026262
0.069918
0.163123
0.311178
0.514008
0.757707
1.033067
1.436316
1.924567
2.521814
3.124297
3.615039
3.537369
3.010609
2.450090
2.048215
1.986809
2.051357
2.240384
2.557162
2.834649
3.347929
4.130291
5.108493
6.252205
7.520625
8.881773
9.099565
8.259409
6.131309
5.017198
5.394607
6.317559
7.349882
8.413371
9.164237
9.114691
8.344001
7.281034
6.258805
5.342770
4.539603
3.901845
3.479141
3.974844
4.833423
5.078031
4.809860
3.875325
3.842518
4.298258
4.589333
4.498459
4.089113
3.579067
3.091167
2.678724
2.313923
2.040601
2.613311
3.333686
3.981935
4.194934
3.780487
3.093170
2.443173
1.953719
1.623632
1.760635
1.971238
2.148583
2.333265
2.600311
2.784646
2.796804
2.906570
3.649793
4.611575
5.255386
4.862112
3.778238
2.976746
3.264044
3.558717
3.854087
4.107572
4.293112
4.606143
4.968196
5.358923
5.770322
6.182305
6.534665
6.783237
6.756588
6.511722
6.805175
7.048695
7.054386
7.031219
7.101156
6.932142
6.546738
6.114391
5.680878
5.720399
6.116265
6.537289
6.975266
7.420801
7.815578
8.091836
8.041372
7.778560
7.514155
7.157462
6.771532
6.648093
6.918996
7.002037
6.802800
6.488925
6.111344
5.948290
6.260943
6.331915
6.062520
5.734211
5.455224
5.801062
6.275185
6.646513
6.906713
6.720941
7.115142
7.548926
7.768627
7.635252
7.309596
6.863364
7.279115
7.692965
8.070847
8.887443
9.860951
10.946100
12.131698
13.411094
14.686327
15.503210
15.503202
14.686325
13.455987
12.198031
11.036502
10.057700
10.705560
10.953492
10.707690
10.128090
9.672599
9.222648
9.037236
9.423799
9.627093
10.154037
10.402036
10.257935
9.708755
8.995632
8.281219
7.597074
6.967630
6.486524
6.026656
5.571788
6.046344
6.414658
6.542420
6.410621
6.018852
5.541486
5.060644
5.311545
5.532472
5.568064
5.355859
5.001932
4.729946
4.296787
3.915925
3.563789
3.233490
2.928711
2.658109
2.427376
2.227091
2.088181
2.112897
2.269989
2.340332
2.539315
2.794997
3.046193
3.228606
3.260604
3.131808
2.887050
2.620250
2.360564
2.128743
1.941667
1.796224
1.904764
2.095092
2.305173
2.500793
2.611181
2.629036
2.561702
2.450135
2.491452
2.440976
2.275855
2.313089
2.424824
2.594998
2.796424
2.909962
2.917827
2.767065
2.639653
2.450099
2.461006
2.595065
2.657290
2.532008
2.334357
2.347528
2.293722
2.177789
2.037484
1.892509
1.686398
1.463388
1.191242
0.815265
0.505145
0.394047
0.372586
0.366462
0.402212
0.456779
0.447579
0.410808
0.389475
0.352934
0.287363
0.211197
0.280221
0.358065
0.434245
0.473506
0.465887
0.406154
0.336633
0.315039
0.394565
0.488728
0.594169
0.704917
0.795196
0.809905
0.742402
0.642088
0.535088
0.438797
0.443437
0.551259
0.661670
0.848027
1.150707
1.274575
1.185850
1.255442
1.244887
1.152459
1.031732
0.915610
0.803211
0.692464
0.585985
0.515512
0.561170
0.659713
0.778383
0.902283
0.998057
1.049275
1.016397
0.964571
0.957627
0.910791
0.854048
0.816526
0.743187
0.780490
0.826930
1.002924
1.468468
2.240701
3.048018
3.379709
3.448860
3.379708
3.060871
2.332003
1.653913
1.294604
1.658777
2.122028
2.670487
3.287994
3.856094
4.171959
4.115873
3.649842
3.052990
2.549458
2.921073
3.260521
3.337919
3.843156
3.956952
3.594659
3.272065
3.596725
3.794399
3.783651
3.764444
4.085186
4.021738
3.657485
3.187601
2.755151
2.977828
3.271366
3.520760
3.680636
3.858987
3.864576
4.328442
4.730734
4.901419
4.792452
4.538829
4.568091
4.342077
3.960464
3.772926
4.250879
4.608002
4.674399
4.390093
4.092743
4.080491
4.518025
4.030022
3.787566
3.552949
3.641560
4.108335
4.334683
4.252898
3.841202
3.349054
3.730434
4.370063
4.878924
4.974876
4.540033
4.008479
3.512241
3.127620
3.242342
3.034187
3.283265
4.066195
4.922497
6.112349
7.299080
8.161105
7.569982
6.774900
5.617318
4.638832
3.875831
3.214467
2.679024
2.889592
3.482485
4.120264
4.591966
4.699825
4.354247
3.803226
3.241019
2.662312
2.145637
1.749267
1.562078
1.416886
1.567020
1.760821
1.629393
1.279675
1.378445
1.436468
1.431025
1.512721
1.503411
1.427438
1.308946
1.206023
1.141675
1.203787
1.180460
1.206999
1.335957
1.434333
1.425421
1.303388
1.136034
0.974574
0.826678
0.695242
0.598906
0.513622
0.471131
0.515146
0.526122
0.466370
0.415314
0.464316
0.483808
0.434416
0.366678
0.414553
0.507096
0.624565
0.764064
0.887410
0.931349
0.881337
0.761353
0.615966
0.536654
0.465340
0.373941
0.291741
0.233919
0.212536
0.292477
0.372796
0.409032
0.394292
0.333966
0.257157
0.179664
0.174633
0.160198
0.136041
0.112303
0.123600
0.089595
0.028082
0.002109
0.000092
0.007990
0.006847
0.015369
0.049286
0.037704
0.005014
0.000000
0.000000
0.000000
0.000000
0.000173
0.004014
0.006311
0.009184
0.004031
0.005696
0.035367
0.083508
0.107215
0.085783
0.037909
0.007426
0.000000
0.004092
0.042455
0.131157
0.277564
0.485069
0.734225
1.067608
1.504139
1.999076
2.369463
2.371539
2.008719
1.524643
1.093743
0.772603
0.526461
0.389181
0.430601
0.428805
0.389579
0.316569
0.264522
0.155308
0.066516
0.016414
0.000070
0.000000
0.000000
0.000000
0.007963
0.053824
0.128398
0.178614
0.207240
0.217219
0.219021
0.122665
0.047100
0.017571
0.003093
0.005719
0.030901
0.027025
0.000493
0.000000
0.000000
0.000000
0.000000
0.000000
0.000000
0.000000
0.000000
0.000000
0.000000
0.000000
0.000000
0.000000
0.000000
0.000000
0.000000
0.000000
0.000000
0.000000
0.000000
0.000000
0.000000
0.000000
0.000000
0.000000
0.000000
0.000000
0.000000
0.000000
0.000000
0.000000
0.000000
0.000000
0.000000
0.000000
0.000000
0.000000
0.000000
0.000000
0.000000
0.000000
0.000000
0.000000
0.000000
0.000000
0.000000
0.000000
0.000000
0.000000
0.000000
0.000000
0.000000
0.000000
0.000000
0.000000
0.000000
0.000000
0.000000
0.000000
0.000000
0.000000
0.000000
0.000000
0.000000
0.000000
0.000000
0.000000
0.000000
0.000000
0.000000
0.000000
0.000000
0.000000
0.000000
0.000000
0.000198
0.020138
0.110860
0.281953
0.567263
0.810747
0.927161
0.964794
0.983161
1.004780
1.038524
1.070897
1.036636
0.680725
0.346112
0.275297
0.190842
0.283726
0.393981
0.519780
0.665883
0.832195
0.991759
1.057468
1.006848
0.870265
0.722736
0.835336
1.038796
1.282314
1.565211
1.891523
2.260083
2.683720
3.124384
3.450791
3.489098
3.182827
2.727550
2.293346
1.944848
1.668304
1.554809
1.510170
1.389883
1.397733
1.401968
1.325146
1.163900
0.924934
1.031727
1.297934
1.740764
2.417597
3.305481
3.730432
3.308829
2.425405
1.726370
1.200698
0.871478
0.877975
0.997341
1.034827
1.072311
1.206506
1.163915
1.189026
1.338715
1.663079
2.279210
2.929825
2.983948
2.465116
1.855457
1.314833
0.893098
0.756736
0.861605
0.806718
0.589675
0.467646
0.378300
0.374674
0.348121
0.304849
0.248445
0.326844
0.400769
0.374183
0.264789
0.174106
0.205825
0.197412
0.164375
0.205829
0.343670
0.420830
0.448712
0.463026
0.484265
0.525490
0.615589
0.816166
1.219402
1.709468
1.961955
2.061069
2.054455
1.913611
1.524082
0.946287
0.543830
0.277085
0.144519
0.232757
0.293423
0.294509
0.226254
0.131867
0.060188
0.091801
0.121593
0.127285
0.098264
0.054468
0.070108
0.129938
0.141379
0.097543
0.040752
0.042047
0.079945
0.093784
0.070568
0.103168
0.242478
0.450453
0.730947
1.104311
1.566651
2.087490
2.493520
2.554419
2.265519
1.755602
1.262207
0.852530
0.599859
0.772298
0.839519
0.771196
0.598250
0.441803
0.320681
0.226469
0.133047
0.078246
0.150998
0.267671
0.387250
0.470088
0.424851
0.317798
0.199687
0.116817
0.074275
0.045533
0.024837
0.004441
0.002913
0.037077
0.102547
0.221983
0.382957
0.561061
0.667763
0.557954
0.380037
0.281290
0.244803
0.155302
0.075287
0.023988
0.005225
0.029742
0.082133
0.191681
0.370422
0.630326
0.966400
1.237974
1.023634
0.688343
0.401037
0.203317
0.073104
0.008688
0.002335
0.010393
0.019084
0.022159
0.019883
0.012011
0.009649
0.001841
0.000000
0.000000
0.000004
0.009798
0.035377
0.058673
0.057541
0.033482
0.008919
0.013284
0.004581
0.000000
0.001447
0.002182
0.002965
0.014433
0.025332
0.023690
0.010117
0.000906
0.005704
0.045490
0.102278
0.186009
0.329805
0.549314
0.847524
1.234565
1.719515
2.287807
2.831782
3.096324
2.837914
2.303090
1.755647
1.276021
0.911674
0.776625
1.062972
1.394602
1.736161
2.004445
2.048095
1.972114
1.868225
1.579904
1.237532
0.921413
0.665886
0.473269
0.433710
0.352422
0.363429
0.474787
0.705333
1.064443
1.539059
2.121762
2.993767
3.488667
2.984001
2.089250
1.489967
1.034875
0.725912
0.560529
0.595025
0.623259
0.748499
0.923098
0.936595
0.780531
0.968104
1.445492
2.132107
2.410859
2.130765
1.433340
0.916483
0.551279
0.517206
0.575753
0.570582
0.731136
0.728201
0.582968
0.455257
0.410402
0.321519
0.243987
0.209177
0.222820
0.273131
0.351838
0.440821
0.604444
0.878972
1.038282
1.122497
1.172567
1.219287
1.261084
1.251622
1.177050
1.050537
0.784501
0.413845
0.184644
0.055520
0.002556
0.000000
0.000000
0.000002
0.006478
0.006186
0.000000
0.000000
0.000000
0.000000
0.000000
0.005486
0.039773
0.039585
0.004553
0.000828
0.004937
0.013432
0.015701
0.010016
0.004462
0.007629
0.022612
0.040800
0.061855
0.075092
0.069319
0.051268
0.068248
0.158560
0.266556
0.302826
0.274635
0.193622
0.111937
0.090104
0.075813
0.084117
0.119148
0.160742
0.186881
0.181500
0.138293
0.094586
0.067099
0.116024
0.178162
0.242861
0.282521
0.279937
0.232162
0.171953
0.208262
0.239638
0.236857
0.221425
0.249858
0.241642
0.284594
0.383227
0.498804
0.617859
0.683164
0.668019
0.581817
0.459945
0.347971
0.412520
0.495515
0.580394
0.615711
0.559470
0.488384
0.443807
0.544472
0.765557
0.957766
1.196200
1.403625
1.512825
1.453869
1.373594
1.393531
1.624212
1.958234
2.340147
2.770854
3.230464
3.702963
4.256626
4.778176
5.363020
6.098814
6.907523
7.483434
7.517398
7.007209
6.253590
5.511040
5.113283
5.716944
6.290202
6.833865
7.288279
7.942995
8.695505
9.482157
10.314300
11.123402
11.610082
11.618605
11.141112
10.346724
9.510013
8.698808
7.948030
7.346578
6.895604
6.290989
5.665548
5.064349
4.576000
4.410554
4.135117
4.155467
4.781073
5.108241
5.079876
4.685682
4.921073
5.210920
5.540936
5.584838
5.355471
4.973853
5.635280
6.634765
7.658335
8.742887
9.387284
9.321694
8.502002
7.283064
6.122307
5.991162
5.771510
5.429039
5.321949
5.110513
4.940999
4.772318
4.896948
5.119153
5.068351
4.851983
4.610881
4.461544
4.513225
4.434850
4.315695
4.124619
4.364909
4.444402
4.339701
4.088864
3.746616
3.352072
2.868463
2.547988
2.433526
2.567511
2.520254
2.568847
2.754653
2.829070
2.788583
2.722477
2.758290
2.597589
2.534625
2.401632
2.582239
2.731825
2.658008
2.456099
2.202524
2.124841
2.148150
2.092143
1.969993
1.891377
2.105658
2.172549
2.061514
1.865319
1.633090
1.889742
2.210164
2.344042
2.217322
1.974083
1.735054
1.571191
1.699058
1.785734
2.289957
2.875192
2.987528
2.701550
2.170705
2.314492
2.627440
2.851763
2.813616
2.636452
3.120322
3.559646
3.945532
3.828047
3.988109
4.028349
3.970724
4.429076
4.942595
5.485891
6.217030
6.685550
6.248020
5.458404
4.559827
4.007237
3.524408
2.794341
2.450078
2.724115
2.966163
3.260793
3.574041
3.518943
3.099859
2.542595
2.010492
1.550621
1.079928
0.645273
0.418245
0.244695
0.043087
0.002585
0.015921
0.039940
0.011935
0.003898
0.029394
0.108011
0.246884
0.409674
0.530276
0.601308
0.605356
0.645092
0.349740
0.087774
0.000000
0.000000
0.000000
0.000000
0.000000
0.000000
0.000000
0.000000
