track	type=wiggle_0
fixedStep	chrom=chr	start=1	step=1
0.000000
0.000000
0.000000
0.000000
0.000000
0.000000
0.000000
0.000000
0.000000
0.000000
0.000000
0.000000
0.000000
0.000000
0.000000
0.000000
0.035380
0.071120
0.180038
0.419418
0.750952
1.182627
1.724120
2.391523
3.448568
4.815963
5.414060
5.540296
5.415464
4.848591
3.539730
2.527516
1.841637
1.565228
1.446357
1.109329
0.791135
0.513273
0.292114
0.265823
0.396279
0.505108
0.468632
0.331125
0.203598
0.095608
0.027794
0.002466
0.005524
0.018817
0.087825
0.214841
0.460900
0.887024
1.441832
1.441831
0.885821
0.666148
0.828970
0.865020
0.853935
0.969315
0.949402
0.860607
0.796241
0.631921
0.494650
0.512736
0.573433
0.686991
0.716628
0.667063
0.788159
1.036320
1.216511
1.212072
1.048074
1.036215
1.115710
1.319634
1.551363
1.814457
2.100070
2.392719
2.601237
2.632212
2.469146
2.266956
2.154378
2.074665
2.202353
2.928665
3.773138
4.967430
6.661155
8.413897
8.892487
8.428138
6.723316
5.160763
4.013473
3.076874
2.526818
2.601437
2.431260
2.328199
2.528484
2.573667
2.473092
2.668529
2.776598
3.026705
3.140938
3.410457
3.543470
3.453248
3.140716
2.846409
2.627148
2.339579
2.478026
2.745770
3.061665
3.394950
3.557763
3.449441
3.210901
3.147699
3.238028
3.355077
3.399246
3.299741
3.116491
3.074508
3.005723
2.774014
2.437943
2.216218
1.962495
1.658136
1.368860
1.292787
1.527533
1.751421
1.875813
1.854529
1.969473
2.116632
2.523607
2.859131
3.430294
4.379422
5.475367
6.727560
8.070582
8.070580
6.727555
5.476025
4.432291
3.671452
3.074358
2.425889
1.818270
1.332063
1.217621
1.158050
1.134059
0.988562
0.783880
0.589231
0.522015
0.441334
0.359134
0.383788
0.399606
0.374716
0.310365
0.266290
0.253531
0.182030
0.190901
0.268899
0.309019
0.296662
0.281242
0.247585
0.184156
0.137556
0.177370
0.180711
0.186999
0.202449
0.211801
0.188150
0.144615
0.093945
0.182827
0.381590
0.666773
1.024614
1.449562
1.779049
1.785636
1.496221
1.053730
0.666942
0.386137
0.198841
0.224329
0.260888
0.276752
0.293767
0.328056
0.394774
0.523285
0.751740
0.807203
0.747643
0.483684
0.171659
0.213372
0.198159
0.120652
0.064591
0.113034
0.133862
0.203770
0.358582
0.564753
0.739052
0.751171
0.587760
0.399409
0.467900
0.766491
1.172470
1.705181
2.366466
3.215274
4.357537
5.843145
6.694071
6.889467
6.487019
5.303472
3.836202
2.942852
2.311890
2.144790
2.759251
3.499978
4.259472
5.123464
6.214146
7.438594
8.386915
8.382907
7.450509
6.215254
5.043725
4.031240
3.172451
2.460352
1.854152
1.349089
0.945666
0.645820
0.652040
0.805965
0.922953
0.955079
1.096299
1.375836
1.651107
1.791900
1.659757
1.527812
1.309502
1.027870
0.764994
0.547465
0.386096
0.304532
0.414552
0.578359
0.741083
0.824292
0.795005
0.863015
1.298860
1.637096
2.074988
2.832284
3.738761
4.372169
4.665465
4.755407
4.753738
4.657031
4.302926
3.477226
2.511272
1.781088
1.226422
0.946872
1.328234
1.790571
2.252446
2.569710
2.475025
2.050943
1.568215
1.143654
0.812795
0.561694
0.692778
0.976132
1.057830
0.834694
0.526439
0.309647
0.267691
0.248034
0.239739
0.235106
0.225886
0.195883
0.137099
0.055720
0.041292
0.036415
0.033926
0.055244
0.088526
0.089430
0.055931
0.017400
0.000379
0.000000
0.000000
0.000000
0.001311
0.012849
0.032408
0.047775
0.044675
0.026467
0.030637
0.037081
0.031378
0.014131
0.002715
0.000001
0.007397
0.033366
0.037501
0.009981
0.000000
0.017604
0.094785
0.191005
0.192976
0.095768
0.060268
0.109131
0.170157
0.214195
0.220173
0.185078
0.147087
0.188612
0.187148
0.147148
0.093236
0.052048
0.024978
0.014544
0.036588
0.157004
0.257731
0.326450
0.269197
0.230282
0.408632
0.507876
0.452673
0.312905
0.183904
0.196812
0.161781
0.123566
0.172830
0.252410
0.340476
0.372928
0.380509
0.376996
0.488265
0.662629
0.850676
1.022115
1.091248
1.015376
0.828389
0.633752
0.467074
0.621708
0.782550
0.964583
1.241641
1.595976
2.014724
2.494956
3.031255
3.534644
3.736704
3.537949
3.034230
2.498404
2.026944
1.612047
1.256114
0.960511
1.109798
1.296861
1.370997
1.354710
1.251048
1.151188
1.306531
1.468716
1.557228
1.544292
1.524819
1.619830
1.726040
1.940387
2.144493
2.246578
2.225765
2.163110
2.367749
2.606310
2.896233
3.184619
3.418594
3.565903
3.792167
3.890338
3.885504
4.101405
4.096978
3.879845
3.589426
3.324663
3.099463
3.230460
3.485414
3.805463
4.187185
4.594573
4.988561
5.267975
5.292846
5.105150
5.244755
5.201756
4.929238
4.546653
4.186620
4.074665
4.314818
4.304492
4.039781
3.654572
3.839102
4.191685
4.553024
4.864106
5.087097
5.051245
4.885666
5.025823
4.960948
5.157992
5.465181
5.570479
5.465055
5.469038
5.543843
5.427618
5.204226
5.367043
5.297627
5.250938
5.365968
5.965360
6.648444
7.362952
8.126940
8.886867
9.406666
9.482123
9.010694
8.338713
7.930503
7.367974
6.778639
6.678565
6.964499
7.898639
8.913185
10.021901
11.183447
12.414143
13.353608
13.355497
12.416055
11.182538
10.003920
10.640411
11.616391
11.616396
10.613174
9.168895
9.052384
8.925576
8.483344
8.401679
8.884655
9.376930
10.004072
10.399137
10.676634
10.981295
10.701554
10.738046
10.497856
10.739751
10.886920
11.424829
11.783548
11.951742
11.574839
10.869924
10.138732
9.853829
9.277901
8.571464
8.253692
7.968426
7.448117
7.044806
6.378596
5.662851
5.481085
5.340661
5.387245
5.274557
4.943726
5.312580
5.465587
5.210035
4.795254
4.965818
4.935474
4.919785
4.835579
4.576931
4.530981
5.223704
5.656476
5.597007
5.032081
4.954530
4.701836
4.579504
5.190501
5.453538
5.192868
6.412005
7.713797
9.309520
10.066600
10.254550
9.803518
8.428934
6.484291
5.068457
4.038863
3.147347
2.391348
1.766833
1.259824
0.855070
0.709482
0.667710
0.654095
0.597771
0.595670
0.585943
0.609934
0.617592
0.648628
0.593015
0.503547
0.532819
0.483147
0.379947
0.279280
0.203845
0.211327
0.264988
0.315576
0.318495
0.265210
0.202175
0.171991
0.235418
0.244617
0.195815
0.117336
0.052697
0.044802
0.101676
0.296110
0.623321
0.838250
0.901964
0.844682
0.648010
0.353798
0.208745
0.338972
0.392732
0.343672
0.313135
0.379482
0.484730
0.710546
1.046801
1.394935
1.596978
1.377881
1.009644
0.661866
0.489227
0.294182
0.146330
0.051412
0.005448
0.031184
0.061005
0.086694
0.244240
0.399668
0.468124
0.487019
0.491781
0.487705
0.470572
0.400718
0.244092
0.075481
0.004910
0.000000
0.000000
0.000000
0.000000
0.000000
0.000000
0.000000
0.000000
0.000000
0.000000
0.000000
0.000000
0.000000
0.000000
0.000000
0.000000
0.000000
0.000000
0.000000
0.000000
0.000000
0.000000
0.000000
0.000000
0.000000
0.000000
0.000000
0.000000
0.000000
0.000000
0.000000
0.000000
0.026094
0.125767
0.309215
0.588197
1.016095
1.473995
1.842086
1.709094
1.345371
1.225690
1.340844
1.496714
2.003027
2.908592
3.636296
3.854352
3.632957
2.898352
1.966678
1.404230
0.999615
0.819070
0.724507
0.478520
0.323706
0.332724
0.334398
0.328354
0.306048
0.260911
0.184806
0.073153
0.019971
0.004831
0.000904
0.000072
0.000000
0.000000
0.000000
0.000000
0.000000
0.000000
0.000000
0.000000
0.000000
0.000000
0.000000
0.000000
0.000000
0.000000
0.000000
0.000000
0.000000
0.000000
0.000000
0.000000
0.000000
0.000000
0.000000
0.000000
0.000000
0.000000
0.000000
0.000248
0.001744
0.000000
0.000000
0.000000
0.000000
0.000000
0.004978
0.045609
0.151466
0.324808
0.568376
0.892717
1.316158
1.811616
2.261747
2.399782
2.171726
1.710722
1.264064
0.868560
0.540855
0.408719
0.376272
0.356928
0.338526
0.304879
0.209721
0.127719
0.204685
0.334165
0.498833
0.653096
0.686761
0.593594
0.461972
0.365913
0.301094
0.463554
0.641115
0.839989
1.025839
1.074233
0.987503
0.997480
1.161718
1.299526
1.382454
1.330004
1.195691
1.030558
1.248575
1.731748
2.239912
2.494181
2.495533
2.265074
1.936795
1.898780
2.088166
2.323725
2.524760
2.597301
2.764653
3.076165
3.381911
3.594907
3.706132
3.596190
3.415622
3.157490
2.861932
2.601759
2.446478
2.480309
2.673058
2.860684
2.998882
3.055915
2.976034
2.692729
2.172076
2.188507
2.273133
2.361029
2.379117
2.376918
2.305122
2.526394
2.811655
3.093917
3.366275
3.648093
3.934985
4.256012
4.617209
4.962206
5.145229
5.123984
4.889149
4.782493
4.864611
4.734807
4.572921
4.322905
3.986850
3.646024
3.324216
3.398971
3.394704
3.570279
3.593591
3.502651
3.363015
3.147130
3.015839
3.497677
3.712283
3.494284
3.279395
3.395336
3.721530
4.106781
4.545116
4.994920
5.354087
5.511369
5.288846
5.060099
5.311818
5.597749
5.839044
5.942095
6.092070
6.447427
6.858363
7.403366
7.851669
8.056482
7.746062
7.191604
6.564713
6.411170
6.028699
5.513277
5.031111
4.585590
4.164208
3.725335
3.976071
4.292809
4.442990
4.322683
3.927901
3.451549
3.221866
3.433388
3.971789
4.567588
5.224598
5.786989
5.912069
5.815912
6.616420
7.828039
8.936611
10.976769
12.661000
13.154419
12.777005
11.478963
9.527107
7.827254
6.511247
6.432493
6.059962
5.676585
5.988586
6.479720
6.432132
6.290274
5.695121
4.885207
4.057643
3.298892
2.638948
2.117354
1.796269
1.501770
1.431921
1.328207
1.185803
1.027356
1.048697
1.218903
1.384324
1.477216
1.492542
1.458548
1.331891
1.138142
0.946496
0.783940
0.661685
0.587361
0.594116
0.606412
0.578476
0.504262
0.462645
0.557252
0.612781
0.575566
0.505374
0.413864
0.326627
0.248848
0.189419
0.159305
0.117371
0.173890
0.230701
0.259519
0.272133
0.277579
0.277251
0.259238
0.221564
0.166218
0.118275
0.088921
0.086586
0.076322
0.100827
0.109897
0.117011
0.097866
0.090111
0.105822
0.170394
0.242881
0.315022
0.384491
0.401022
0.410874
0.403515
0.360313
0.294445
0.227413
0.164926
0.099542
0.040266
0.055309
0.182434
0.394485
0.703732
1.072237
1.366395
1.382390
1.136055
0.779710
0.481428
0.314296
0.189842
0.120145
0.070569
0.125144
0.218715
0.495089
0.726646
0.681209
0.407764
0.275591
0.213495
0.210565
0.197229
0.324088
0.545767
0.716322
0.702019
0.509523
0.286675
0.168473
0.050377
0.010764
0.001577
0.000000
0.000000
0.000000
0.000000
0.000000
0.000000
0.005797
0.031460
0.047068
0.054201
0.121480
0.195513
0.258041
0.244499
0.146717
0.062404
0.053633
0.055271
0.054353
0.058918
0.051416
0.121865
0.259899
0.452095
0.670912
0.754834
0.896095
1.207484
1.404751
1.751531
1.923992
1.723743
1.277495
0.854157
0.518930
0.291660
0.447854
0.650175
0.716860
0.635637
0.550628
0.690539
0.759748
0.947140
1.114828
1.305148
1.388506
1.287469
1.014547
0.748666
0.629722
0.632049
0.733344
0.820707
0.822067
0.787503
1.205459
1.723713
2.315328
3.083362
3.919872
4.344962
3.949528
3.218735
2.520014
2.008474
1.936323
1.972410
1.980972
1.986128
1.988604
1.975101
1.907226
1.685768
1.255724
0.963683
0.961699
0.990143
0.890685
0.725570
0.577464
0.491678
0.652551
0.861280
1.069785
1.218918
1.206032
1.380522
1.595250
1.710868
1.696999
1.580173
1.577409
1.712149
2.030503
2.239128
2.148856
1.818995
1.433418
1.104488
1.422094
1.813088
2.293412
2.738765
2.973800
2.746199
2.287081
1.809975
1.375132
1.047860
0.950270
0.881885
0.791861
0.931148
1.036945
0.997074
1.377247
2.076686
2.611968
2.601999
2.030471
1.375644
1.364607
1.160231
0.907068
0.674483
0.490616
0.368125
0.364333
0.278299
0.315237
0.281615
0.217241
0.329928
0.405411
0.423108
0.504476
0.783608
1.149329
1.540365
1.856804
1.858576
1.541275
1.119686
0.753384
0.479792
0.300171
0.185488
0.088889
0.088362
0.125409
0.131152
0.139372
0.140895
0.187584
0.199999
0.197758
0.260482
0.318613
0.408370
0.813262
1.149886
1.158964
0.848037
0.446754
0.408211
0.347571
0.266521
0.196880
0.204357
0.290339
0.394532
0.504525
0.571369
0.554533
0.474576
0.367178
0.273121
0.203938
0.183552
0.210206
0.255369
0.204637
0.115150
0.109863
0.176121
0.255362
0.316717
0.407502
0.655353
0.970391
1.368827
1.762559
2.113909
2.736324
3.535891
4.510194
5.669193
6.946500
7.614581
6.931014
5.660620
4.500888
3.522081
2.708808
2.052891
1.561332
1.531119
1.302110
0.990598
0.674805
0.418770
0.256980
0.359320
0.501994
0.527036
0.591729
0.758492
0.780993
0.642127
0.470234
0.304786
0.210783
0.265163
0.230947
0.123438
0.039836
0.021978
0.097514
0.237844
0.335168
0.385651
0.519930
0.574026
0.671216
0.982937
1.477945
2.155213
2.546636
2.690821
2.681850
2.523768
2.070481
1.331967
0.829494
0.495613
0.347060
0.371302
0.417646
0.306413
0.167148
0.057922
0.005767
0.000637
0.030717
0.095927
0.135224
0.146841
0.148108
0.147052
0.146794
0.148230
0.151365
0.157033
0.162396
0.163143
0.140071
0.200076
0.364866
0.504118
0.497480
0.478422
0.751792
0.849559
0.731278
0.435234
0.177695
0.041887
0.000029
0.000000
0.000000
0.000000
0.000000
0.000000
0.000000
0.003398
0.005774
0.010058
0.015060
0.008175
0.001300
0.001457
0.002649
0.002698
0.000740
0.010892
0.081240
0.207350
0.411274
0.717562
1.132374
1.666453
2.428092
3.488726
4.194840
4.183510
3.461870
2.414804
1.710010
1.166794
0.754745
0.458173
0.259581
0.248611
0.217612
0.117800
0.087931
0.152273
0.164677
0.110149
0.027144
0.004823
0.000825
0.004608
0.005558
0.006220
0.006721
0.022333
0.046308
0.078910
0.146173
0.357648
0.485935
0.538556
0.552508
0.554434
0.542342
0.481928
0.324950
0.193099
0.250041
0.196910
0.137270
0.137012
0.195068
0.258518
0.252454
0.197248
0.168647
0.135971
0.078304
0.030093
0.010490
0.003080
0.013009
0.036732
0.039743
0.063170
0.147973
0.252775
0.335292
0.479904
0.593229
0.620643
0.549878
0.668646
0.812498
0.795414
0.688215
0.948538
1.330138
1.778174
2.297721
2.791439
3.093770
2.820247
2.374161
2.375031
2.098118
2.026135
2.107166
2.230294
2.714248
3.313167
3.863132
4.522009
4.839847
4.520088
3.776659
3.652054
3.607130
3.116544
2.284098
2.415542
2.785977
3.041019
3.381827
3.937137
4.517380
5.061542
5.464877
5.382432
4.823328
4.161283
3.528843
3.173227
3.204257
2.950952
2.452498
2.594873
2.806303
3.093095
3.200281
3.087822
3.088322
3.933627
4.920998
5.808872
6.288625
5.824766
4.923620
4.130713
4.306831
4.759338
5.255543
5.773694
6.141444
6.120044
5.724899
5.175494
4.636265
4.161568
4.248646
4.076765
3.670551
3.721428
3.691983
3.415574
3.164530
3.597662
4.110720
4.700796
5.362489
6.044599
6.547067
6.629662
6.200194
5.594272
4.895466
4.236176
3.646580
3.117262
3.160535
3.782853
4.444296
5.040028
5.307553
4.955954
4.301868
3.600345
2.951285
2.387650
1.902415
1.485944
1.131771
0.840103
0.598855
0.408412
0.295580
0.238776
0.364798
0.468648
0.381211
0.213410
0.080161
0.011854
0.004578
0.023961
0.038891
0.003437
0.001142
0.010706
0.047357
0.119660
0.215516
0.269843
0.115589
0.037004
0.000536
0.000000
0.000000
0.000000
0.000000
0.000000
0.000000
0.000000
0.000000
0.000000
0.000648
0.031258
0.067518
0.065417
0.159260
0.350143
0.641525
1.020920
1.374613
1.331967
0.346217
0.000000
0.000000
0.000000
0.000000
0.000000
0.000000
0.000000
0.000000
0.000000
