track	type=wiggle_0
fixedStep	chrom=chr	start=1	step=1
0.000000
0.000000
0.000000
0.000000
0.000000
0.000000
0.000000
0.000000
0.000000
0.000000
0.000000
0.000000
0.000000
0.000000
0.000000
0.000000
0.038612
0.076003
0.190319
0.436950
0.772822
1.211852
1.765541
2.447798
3.527622
4.916776
5.523813
5.651949
5.525047
4.949230
3.618858
2.587277
1.886402
1.607760
1.488210
1.144616
0.818307
0.532685
0.305541
0.278509
0.413275
0.524164
0.486556
0.345082
0.214481
0.102328
0.031268
0.003536
0.006980
0.021479
0.093691
0.224081
0.476535
0.912438
1.480778
1.480777
0.911190
0.692922
0.862234
0.899398
0.885622
1.003935
0.983321
0.895815
0.829558
0.661183
0.520344
0.538463
0.599699
0.716539
0.746778
0.695638
0.818249
1.072680
1.257063
1.252476
1.084632
1.076012
1.159001
1.368672
1.609591
1.877754
2.169156
2.467184
2.678746
2.710438
2.545436
2.338398
2.224732
2.143703
2.253547
2.993227
3.849702
5.069606
6.797826
8.580119
9.065546
8.594268
6.860559
5.264996
4.093966
3.141591
2.585634
2.664788
2.493064
2.397613
2.587497
2.633053
2.545053
2.743608
2.850507
3.104831
3.220671
3.496588
3.632288
3.540637
3.219413
2.918163
2.694190
2.402006
2.543769
2.818821
3.139482
3.479452
3.646983
3.535365
3.291709
3.231860
3.321863
3.440579
3.485346
3.383937
3.198936
3.153463
3.309218
3.317002
3.071683
2.746037
2.397361
2.070708
1.989895
2.055598
1.969327
1.733233
1.509220
1.541072
1.824986
2.173967
2.585726
2.925730
3.508458
4.481885
5.604394
6.875297
8.245146
8.245147
6.875297
5.604953
4.536072
3.754881
3.145772
2.485793
1.865859
1.366645
1.313387
1.690832
2.136213
2.596328
2.987433
3.101395
2.974670
2.773680
2.391070
2.120984
1.724861
1.356868
1.326750
1.229207
1.083978
1.097381
1.044059
0.819546
0.970357
1.416445
1.972349
2.578077
2.607650
1.967994
1.391434
0.913689
0.732394
0.830435
0.911286
0.912851
0.877614
0.967703
1.048875
1.007919
0.871467
0.705355
0.551557
0.465859
0.478842
0.326197
0.328025
0.268736
0.192978
0.239916
0.268293
0.276336
0.278093
0.278093
0.270761
0.239406
0.190909
0.187464
0.213067
0.233779
0.212434
0.157725
0.100006
0.053176
0.051073
0.048258
0.088683
0.095543
0.051977
0.073383
0.090138
0.059305
0.030834
0.104520
0.250442
0.476283
0.792595
1.208417
1.751245
2.423132
3.284004
4.442113
5.956247
6.820322
7.019292
6.610055
5.406753
3.910644
3.008588
2.369131
2.202304
2.825680
3.575598
4.344193
5.225784
6.340141
7.588234
8.549477
8.545362
7.600468
6.341332
5.144759
4.111899
3.241795
2.520606
1.904635
1.390570
0.977011
0.671105
0.676487
0.830591
0.950231
0.985883
1.128531
1.419463
1.698815
1.840547
1.704803
1.573229
1.350584
1.061948
0.793426
0.571564
0.404749
0.320758
0.436115
0.604440
0.774120
0.860093
0.830607
0.888804
1.334721
1.680161
2.126861
2.900720
3.821259
4.464298
4.762473
4.853826
4.852142
4.753885
4.393878
3.555362
2.573243
1.828618
1.263744
0.974627
1.366699
1.838231
2.309441
2.631086
2.534522
2.112939
1.658998
1.236181
0.908237
0.725104
0.721131
1.008179
1.100381
0.909200
0.710531
0.625062
0.670414
0.997857
1.487274
1.803994
1.807121
1.494639
1.026546
0.638436
0.423989
0.208706
0.104639
0.069715
0.056535
0.129445
0.265646
0.473298
0.727297
0.892579
0.810336
0.551727
0.302658
0.125342
0.027553
0.000000
0.000000
0.000000
0.000000
0.000000
0.000000
0.000000
0.000000
0.000000
0.000000
0.000000
0.000000
0.000000
0.000000
0.000000
0.001511
0.030872
0.041473
0.123964
0.315748
0.318635
0.132123
0.015977
0.000000
0.000000
0.000000
0.000000
0.000000
0.000000
0.000000
0.000000
0.000000
0.032359
0.150055
0.352326
0.553439
0.351822
0.172141
0.058436
0.058140
0.120667
0.129310
0.068740
0.014236
0.000000
0.000000
0.007843
0.103481
0.264679
0.355508
0.388870
0.396665
0.393024
0.368797
0.296319
0.158034
0.156715
0.091703
0.025854
0.002257
0.003420
0.006645
0.013839
0.025587
0.050286
0.062763
0.059749
0.040219
0.009607
0.000050
0.000000
0.000000
0.000000
0.000000
0.000000
0.000000
0.000000
0.000000
0.000000
0.000000
0.000000
0.000000
0.000000
0.000000
0.000000
0.000000
0.000000
0.000000
0.011423
0.051969
0.085670
0.085879
0.061049
0.061656
0.034002
0.034384
0.082975
0.154254
0.218489
0.244214
0.191846
0.113733
0.176187
0.344553
0.507330
0.548225
0.401337
0.210755
0.075289
0.027694
0.054359
0.067852
0.062831
0.037714
0.016023
0.033799
0.034178
0.053087
0.111533
0.218920
0.356065
0.448373
0.618459
0.890603
1.244051
1.742040
2.246438
2.423229
2.207114
1.709785
1.251297
0.854812
0.950500
1.103579
1.298437
1.359845
1.255072
0.989184
0.719505
0.495035
0.490661
0.632847
0.732604
0.839144
0.857027
0.806374
0.696124
0.842144
0.942044
1.112991
1.187529
1.119905
0.932827
0.786430
0.853679
1.320184
1.522792
1.577379
1.584035
1.569878
1.519075
1.426292
1.384321
1.620103
1.871671
2.135234
2.374869
2.603171
2.687315
2.595785
2.336371
2.064970
1.874614
2.284567
2.493385
2.463408
2.149631
2.321513
2.327485
1.919817
1.558478
1.479706
1.353713
1.194128
1.025572
1.000500
1.111593
1.269336
1.472988
1.662581
1.738323
1.643230
1.583087
1.543818
1.774299
2.076793
2.359140
2.530845
2.531629
2.443611
2.344674
2.263822
2.367538
2.625427
2.749827
2.787360
2.633404
2.436116
2.426312
2.308422
2.420005
2.711601
3.138676
3.598222
4.192436
4.876367
5.416973
5.571926
5.310677
4.750448
4.168471
3.564875
3.036313
3.516710
4.001830
4.626698
5.328061
5.770885
5.713673
5.138151
5.056995
4.800467
4.242566
4.460822
4.616845
5.110351
6.555899
7.880524
9.505215
10.274997
10.466835
10.008152
8.611119
6.627129
5.191251
4.151344
3.237842
2.466871
1.831472
1.312669
0.918425
0.772711
0.596980
0.483820
0.606239
0.757937
0.836979
0.914637
1.076869
1.114224
1.012293
0.941443
0.839941
0.764928
0.647573
0.513813
0.383254
0.271241
0.207050
0.250635
0.305295
0.301163
0.249425
0.313860
0.484992
0.564784
0.598419
0.629592
0.679327
0.782238
1.011934
1.473065
2.006247
2.307103
2.395638
2.284188
1.891262
1.267375
1.418207
1.788700
1.969175
1.802656
1.551520
1.645434
1.947126
2.131263
2.128586
1.907513
1.526116
1.273700
1.262697
1.039820
0.760196
0.496124
0.288940
0.140751
0.048189
0.040362
0.064820
0.133936
0.292094
0.421844
0.481478
0.500693
0.505837
0.502060
0.483741
0.410827
0.251644
0.078588
0.005534
0.000000
0.000000
0.000000
0.000000
0.000000
0.000000
0.000000
0.000000
0.000000
0.000000
0.000000
0.000000
0.000000
0.000000
0.000000
0.000000
0.000000
0.000000
0.000000
0.000000
0.000000
0.000000
0.000000
0.000000
0.000000
0.000000
0.000000
0.000000
0.000000
0.000000
0.000000
0.000000
0.000000
0.000000
0.000014
0.013326
0.034159
0.138204
0.274168
0.301104
0.415601
0.711395
1.016148
1.369812
2.010976
2.973740
3.718861
3.942808
3.722410
2.977953
2.019298
1.438313
1.016682
0.791511
0.729231
0.491828
0.337691
0.348269
0.348198
0.342507
0.320463
0.272532
0.193900
0.078477
0.022563
0.006016
0.001385
0.000285
0.000000
0.000000
0.000000
0.000000
0.000000
0.000000
0.000000
0.000000
0.000000
0.000000
0.000000
0.000000
0.000000
0.000000
0.000000
0.000000
0.000000
0.000000
0.000000
0.000000
0.000000
0.000000
0.000000
0.000000
0.000000
0.000000
0.000000
0.000000
0.000000
0.000000
0.000000
0.000000
0.000000
0.000000
0.000000
0.000000
0.000000
0.000000
0.008008
0.066314
0.192245
0.370396
0.586154
0.707299
0.640986
0.430126
0.504780
0.438663
0.275565
0.097273
0.013664
0.000552
0.011686
0.026634
0.057111
0.144777
0.248736
0.293264
0.256362
0.186216
0.196468
0.193752
0.186373
0.120522
0.063303
0.130949
0.218934
0.324619
0.448687
0.591548
0.695860
0.698459
0.595749
0.623549
0.816096
0.885548
0.775954
0.593977
0.580931
0.521456
0.522433
0.744971
0.928455
1.116839
1.277906
1.456562
1.643255
1.788348
1.843001
1.731175
1.550788
1.365778
1.460729
1.681359
1.879835
1.991807
1.969369
1.835120
1.673193
1.500802
1.441480
1.553088
2.161458
2.771399
3.044443
3.107386
3.042161
2.794580
2.604852
2.845567
3.005944
3.024790
3.078769
2.917382
2.648675
2.405807
2.208187
2.138248
2.110814
2.125556
2.185132
2.266181
2.430105
2.575034
2.685759
2.869348
3.056891
3.226829
3.262470
3.118971
3.114171
3.377862
3.554548
3.565345
3.391822
3.163143
3.447118
3.616605
3.554017
3.388331
3.104893
2.947310
3.222684
3.556474
3.965318
4.387770
4.677016
4.697178
4.496155
4.309491
4.471622
4.584358
4.757194
4.750564
4.704592
4.711616
5.119812
5.570184
6.021732
6.298999
6.486892
6.698138
7.115811
7.697136
8.255073
8.502042
8.200485
7.568639
7.300905
6.819890
6.266467
5.690616
5.125627
4.671171
4.200870
4.042348
4.188539
4.317547
4.383456
4.253033
3.894521
3.443826
3.169811
3.358785
3.895455
4.498008
5.169018
5.735498
5.861077
5.763418
6.613569
7.831292
8.948229
11.069338
12.763261
13.257833
12.876329
11.564564
9.595272
7.877426
6.538797
6.373889
5.986930
5.409645
4.785510
4.243495
3.918977
4.017705
3.945191
3.654468
3.237949
2.825141
2.455930
2.123192
1.815156
1.523685
1.261432
1.093628
1.120943
1.042098
1.073985
1.258360
1.444634
1.547507
1.568516
1.536577
1.408121
1.220676
1.070729
1.103874
1.083156
1.011536
0.876460
0.800333
0.830692
0.843759
0.794558
0.813048
0.853046
0.820628
0.725055
0.608435
0.652126
0.675042
0.729440
0.736120
0.786758
0.918621
1.023865
1.049932
1.083267
1.086570
1.071115
0.990621
0.857898
0.719280
0.598807
0.484291
0.379463
0.443937
0.506453
0.520071
0.535441
0.485629
0.511066
0.508459
0.519241
0.601826
0.725217
0.801151
0.819756
0.852722
0.828523
0.745234
0.641642
0.539441
0.437868
0.304836
0.220246
0.165429
0.183664
0.399333
0.712682
1.086396
1.387538
1.404039
1.150743
0.789769
0.501483
0.378226
0.382232
0.428407
0.589985
0.917107
1.348002
1.855564
2.248419
2.117275
1.649455
1.345648
0.947353
0.543784
0.316116
0.282930
0.326785
0.410045
0.370946
0.324899
0.340468
0.466229
0.540735
0.747338
0.920264
0.931137
0.784258
0.635809
0.539020
0.509913
0.487750
0.539218
0.682210
0.930018
1.274298
1.698733
2.154350
2.496268
2.488370
2.135443
1.694270
1.270491
0.919402
0.667576
0.509809
0.394634
0.360731
0.457672
0.538146
0.557814
0.521451
0.658178
0.851636
1.058199
1.247848
1.359963
1.260559
1.067505
0.856083
0.720588
0.555549
0.397232
0.330131
0.309088
0.273584
0.219182
0.187356
0.222711
0.190612
0.174995
0.209883
0.260795
0.220430
0.231506
0.505688
0.647205
0.649682
0.662741
0.696416
0.696805
0.807026
1.232112
1.751195
2.343937
3.126541
3.980792
4.415077
4.012808
3.270459
2.557011
2.037355
1.975671
2.015239
2.022378
2.024010
2.023172
2.010401
1.945418
1.720663
1.280018
0.807219
0.458199
0.290754
0.216468
0.144277
0.121663
0.104054
0.088230
0.168049
0.261152
0.320176
0.305431
0.367918
0.496362
0.560129
0.534458
0.521880
0.519814
0.481130
0.637884
0.744941
0.688384
0.520143
0.335643
0.196742
0.258861
0.412742
0.630822
0.846012
0.979196
0.860935
0.632425
0.397685
0.217977
0.108045
0.065580
0.044427
0.060638
0.110691
0.143688
0.118247
0.068897
0.128443
0.244584
0.251678
0.149727
0.035189
0.001933
0.000000
0.000000
0.000000
0.000002
0.007765
0.027736
0.051922
0.064340
0.048664
0.022547
0.037508
0.125088
0.265297
0.488319
0.791000
1.166916
1.565230
1.893380
1.901814
1.596084
1.217444
0.878764
0.589652
0.362395
0.222076
0.227176
0.425744
0.704620
0.954132
0.959498
0.719984
0.468932
0.303592
0.158662
0.193330
0.366005
0.665464
1.106019
1.407868
1.390526
1.036165
0.587487
0.285238
0.101549
0.047371
0.019046
0.001285
0.000000
0.000000
0.000000
0.001578
0.012832
0.013406
0.002420
0.018427
0.072863
0.162939
0.265973
0.317664
0.258833
0.157577
0.071886
0.034117
0.085939
0.216129
0.408713
0.659852
0.981154
1.383621
1.779501
2.137519
2.769182
3.585096
4.576459
5.753377
7.049733
7.730793
7.035377
5.744530
4.578830
3.600756
2.837882
2.192890
1.749155
2.289116
2.769433
3.064179
3.027682
2.700346
2.224471
1.780849
1.586820
1.651594
1.547229
1.949336
2.309048
2.453787
2.265933
1.913365
1.526849
1.153017
0.920911
0.883973
0.890465
0.974793
0.889998
0.659572
0.410280
0.391817
0.527049
0.580830
0.678255
0.994147
1.496069
2.181853
2.577385
2.726141
2.727770
2.568699
2.109955
1.361679
0.858408
0.536337
0.617981
0.764110
0.655982
0.456063
0.246239
0.099634
0.021354
0.074786
0.164280
0.213423
0.228315
0.228998
0.216076
0.173499
0.093561
0.012200
0.000000
0.000000
0.006744
0.046349
0.059656
0.036705
0.026972
0.095264
0.209027
0.453067
0.747728
0.855055
0.744141
0.447679
0.186113
0.046608
0.000239
0.000000
0.000000
0.000000
0.000000
0.010416
0.053119
0.093946
0.090310
0.049037
0.056436
0.044297
0.022576
0.005211
0.003087
0.003164
0.000956
0.010917
0.081627
0.208675
0.417158
0.728218
1.149698
1.693347
2.463847
3.546205
4.265551
4.255887
3.521873
2.455218
1.735744
1.183701
0.765783
0.463788
0.262631
0.251214
0.219095
0.117900
0.091203
0.157228
0.169748
0.113937
0.028835
0.005309
0.000956
0.004961
0.005910
0.006091
0.002581
0.014155
0.033497
0.061666
0.150091
0.365990
0.496286
0.548552
0.560893
0.561981
0.549808
0.489486
0.331924
0.197924
0.254418
0.200729
0.139812
0.140588
0.200039
0.263043
0.257012
0.202704
0.172780
0.139422
0.080397
0.034002
0.016450
0.006035
0.015335
0.040491
0.043906
0.068160
0.155905
0.263623
0.349454
0.496984
0.611831
0.640022
0.569369
0.688706
0.834378
0.812715
0.700802
0.961211
1.348802
1.806643
2.341744
2.853701
3.163948
2.888763
2.435165
2.422351
2.141685
2.081543
2.163480
2.286675
2.778295
3.383469
3.940403
4.611929
4.936843
4.606261
3.840484
3.700326
3.655898
3.170191
2.336970
2.503484
2.888107
3.120690
3.495723
4.051716
4.603583
5.121510
5.536087
5.459991
4.897301
4.224180
3.579785
3.181484
3.222537
2.964408
2.456579
2.603874
2.944838
3.237533
3.320813
3.234597
3.121596
3.971656
4.955598
5.850731
6.358840
5.902529
4.994592
4.296665
4.477497
4.944627
5.454284
5.985000
6.364829
6.345215
5.939626
5.376113
4.825904
4.333863
4.426148
4.248873
3.828270
3.884167
3.857176
3.574727
3.316655
3.758765
4.287542
4.902384
5.581282
6.284007
6.804315
6.889542
6.451435
5.824916
5.109693
4.431798
3.823383
3.279114
3.368073
4.018569
4.706223
5.321757
5.599979
5.233154
4.563664
3.832850
3.158846
2.574584
2.069146
1.631052
1.257662
0.947204
0.691558
0.486296
0.329741
0.244535
0.369672
0.477336
0.390915
0.234313
0.205047
0.332508
0.483098
0.627461
0.680532
0.390352
0.276061
0.333616
0.478012
0.689290
0.954393
1.233293
1.398544
1.068807
0.278982
0.135249
0.096792
0.135415
0.209057
0.259594
0.328235
0.197412
0.000000
0.000000
0.001756
0.033383
0.070832
0.068979
0.165172
0.358192
0.655747
1.043899
1.403238
1.361679
0.360412
0.000000
0.000000
0.000000
0.000000
0.000000
0.000000
0.000000
0.000000
0.000000
