track	type=wiggle_0
fixedStep	chrom=chr	start=1	step=1
0.000000
0.000000
0.000000
0.000000
0.000000
0.000000
0.000000
0.000000
0.000000
0.457981
0.802185
0.551409
0.286832
0.116631
0.028402
0.000849
0.000000
0.000000
0.000000
0.000000
0.000000
0.000000
0.000000
0.000000
0.000000
0.000000
0.000000
0.000000
0.049023
0.425842
0.660970
0.646087
0.510200
0.398449
0.336336
0.326305
0.294318
0.346603
0.637534
0.693630
0.625364
0.750153
0.993934
1.223550
1.669688
2.274536
3.014691
3.863578
5.060112
6.776062
8.542659
9.026571
8.557007
6.839117
5.256363
4.096325
3.154912
2.801621
3.266039
3.336377
3.109494
2.840592
2.922191
2.875215
2.726322
2.617663
2.596436
2.636473
2.704868
2.860266
2.802591
2.624668
2.899111
3.140640
3.416015
3.755872
3.806846
3.539705
3.256376
3.081301
2.784031
2.499627
2.439624
2.509682
2.612897
2.652150
2.565811
2.411862
2.368366
2.310178
2.117283
1.853839
1.623197
1.498058
1.379095
1.735988
1.941155
2.085699
2.178638
2.459418
2.746950
2.831979
2.535196
2.143427
1.897777
1.897062
2.515177
3.312908
4.189129
5.211723
5.213473
4.201686
3.333884
2.573714
2.038768
1.610984
1.307046
1.376852
1.316077
1.163695
0.990044
0.831773
0.718469
0.796504
0.921793
0.990281
0.973772
0.867455
0.729653
0.592857
0.473020
0.418917
0.458170
0.447305
0.408138
0.361057
0.392161
0.430378
0.541174
0.556723
0.476222
0.556917
0.607015
0.580426
0.566101
0.604236
0.610968
0.625591
0.577656
0.661219
0.802710
0.837934
0.756708
0.699577
1.065634
1.500759
1.830199
1.818912
1.510594
1.068352
0.683771
0.408423
0.273487
0.239929
0.306515
0.445579
0.541577
0.525626
0.416527
0.277566
0.563202
0.768074
0.753921
0.497984
0.256187
0.264649
0.212711
0.220490
0.244253
0.220835
0.162097
0.223099
0.395718
0.614314
0.795190
0.803609
0.619608
0.401385
0.517361
0.823013
1.223547
1.752624
2.422713
3.282007
4.434335
5.935819
7.409232
7.701814
7.095415
5.385181
3.913821
3.038759
2.457687
2.814112
3.578089
4.457712
5.379167
6.410639
7.663795
9.050817
10.122416
10.115867
9.054489
7.657908
6.320105
5.147998
4.152862
3.317995
2.599188
1.984285
1.475881
1.086022
1.083342
1.268011
1.414782
1.441914
1.612032
1.936105
2.249554
2.380963
2.183724
2.012844
1.745066
1.409644
1.096593
0.831002
0.627386
0.519760
0.469694
0.597559
0.628047
0.548895
0.667042
0.885105
1.323857
1.667364
2.126739
2.890206
3.801094
4.444628
4.742746
4.834072
4.832391
4.734178
4.374571
3.536877
2.564747
1.828631
1.269229
0.938286
1.119658
1.270909
1.256176
1.097843
0.804105
0.531435
0.315354
0.163400
0.059380
0.007139
0.000000
0.004448
0.019967
0.017332
0.011476
0.002104
0.000985
0.000344
0.000126
0.000041
0.000017
0.000010
0.000000
0.000000
0.000000
0.000000
0.000000
0.000000
0.000000
0.000000
0.000000
0.000000
0.000000
0.000000
0.000000
0.000000
0.000000
0.000000
0.000000
0.000000
0.000000
0.000000
0.000000
0.000000
0.000000
0.000000
0.000000
0.000000
0.006804
0.030227
0.032956
0.008246
0.000000
0.000000
0.000000
0.014592
0.023131
0.094487
0.264371
0.264703
0.098046
0.008077
0.000000
0.000000
0.000000
0.000000
0.000000
0.000000
0.000000
0.000000
0.000000
0.000000
0.032681
0.156485
0.258228
0.155881
0.038906
0.139207
0.290135
0.414009
0.412755
0.288508
0.140998
0.050528
0.019418
0.023491
0.101367
0.261993
0.352359
0.385576
0.393319
0.389694
0.365616
0.293492
0.155176
0.159448
0.094907
0.035225
0.098122
0.190170
0.290784
0.351684
0.355587
0.365631
0.511895
0.729558
1.008893
1.344983
1.732391
2.107374
2.248246
2.115901
1.740286
1.351801
1.014703
0.732991
0.507430
0.337596
0.234063
0.240196
0.186762
0.105081
0.041375
0.006527
0.027867
0.138755
0.349964
0.691290
0.950025
0.957003
0.721097
0.399366
0.436356
0.542731
0.586909
0.624764
0.590048
0.479858
0.370586
0.329668
0.326040
0.445229
0.553652
0.580189
0.527470
0.409773
0.291908
0.198707
0.139059
0.139533
0.121137
0.122660
0.097604
0.131499
0.182589
0.219642
0.231448
0.287757
0.347971
0.439969
0.531363
0.555474
0.836189
1.254060
1.761081
2.257964
2.434978
2.218502
1.730941
1.294337
0.960685
0.692460
0.693079
0.636417
0.680084
0.731928
0.675118
0.704743
0.779772
0.902433
1.036583
1.143486
1.180216
1.124783
1.242518
1.240465
1.131504
1.269519
1.447739
1.619575
1.748656
1.743136
1.611454
1.425092
1.560136
1.865119
2.058408
2.049001
1.849703
1.555673
1.417794
1.235474
1.123489
1.003395
0.957752
0.977050
1.162814
1.512462
1.917373
2.335945
2.594315
2.569340
2.270287
1.852369
1.711815
1.984346
2.260184
2.519572
2.660422
2.583013
2.589092
2.780200
3.074041
3.422379
3.742969
3.925083
4.103692
4.034285
3.760094
3.394384
3.027380
2.686874
2.515276
2.809817
3.021754
3.268359
3.455424
3.783621
4.136233
4.478698
4.710239
4.595322
4.259975
3.817536
3.383913
2.982671
2.613405
2.518017
2.345170
2.277033
2.463258
2.496013
2.960649
3.571680
4.201928
4.681965
4.843295
4.607702
4.053399
3.462690
2.885591
2.443009
2.761488
3.337058
3.886695
4.357750
4.615247
4.961343
5.409163
6.331253
7.104592
7.578620
8.391150
8.814333
8.370286
7.516754
7.853768
9.474048
10.244845
10.436659
9.977619
8.578957
6.607486
5.193042
4.149889
3.243930
2.473687
1.840785
1.401165
1.499926
1.433442
1.216045
0.983316
0.790791
0.821285
0.917449
1.031554
1.078098
1.114979
1.350738
1.528363
1.605644
1.497638
1.292460
1.079693
0.897357
0.741438
0.575381
0.426505
0.394958
0.486779
0.522358
0.550219
0.579453
0.556978
0.498759
0.576499
0.617987
0.589834
0.674493
0.735463
0.803074
0.699610
0.858534
0.926340
0.880077
0.719559
0.450031
0.264333
0.250936
0.381897
0.584666
0.878411
1.301460
1.728720
1.728421
1.292562
0.821215
0.536472
0.462301
0.589767
0.589268
0.458507
0.317141
0.222922
0.102008
0.070775
0.070603
0.083229
0.146154
0.300303
0.429702
0.492556
0.511208
0.514963
0.511028
0.490735
0.417534
0.256617
0.078405
0.005242
0.000000
0.000000
0.000000
0.000000
0.002161
0.020856
0.016327
0.009573
0.011379
0.005289
0.003690
0.000990
0.000000
0.000000
0.000661
0.000000
0.005911
0.035246
0.065412
0.111239
0.128354
0.097932
0.052496
0.033592
0.040634
0.052873
0.072808
0.128570
0.251406
0.427561
0.665110
0.975180
1.432956
1.999718
2.698983
3.507642
4.384502
5.171937
5.006911
4.142599
3.289237
2.589403
2.531776
3.148253
3.448214
3.330504
2.788151
2.215743
1.675382
1.213443
0.835399
0.543033
0.500133
0.695324
0.784501
0.815569
0.823404
0.820472
0.802087
0.751003
0.630853
0.414054
0.181709
0.048607
0.005797
0.000772
0.000009
0.002992
0.017882
0.035521
0.044452
0.038797
0.020366
0.007968
0.005590
0.022315
0.039114
0.036412
0.021073
0.023611
0.046952
0.066269
0.064381
0.044019
0.033876
0.021540
0.024276
0.056491
0.097863
0.131819
0.138927
0.108131
0.108004
0.161063
0.220141
0.263001
0.320852
0.350156
0.397686
0.517948
0.646155
0.763674
0.778360
0.788643
0.832446
0.780183
0.898139
1.039264
1.050621
1.143517
1.166988
1.081936
1.146088
1.317865
1.438854
1.437868
1.306208
1.124700
0.952971
0.838685
0.791759
0.801270
0.851497
0.918114
0.948683
0.964744
0.953174
1.027652
1.116978
1.127011
1.309949
1.574683
1.883921
2.220119
2.576087
2.966497
3.368586
3.664121
3.671732
3.398909
3.014854
3.004246
2.791344
2.455447
2.080011
1.740466
1.994824
2.416085
2.743516
2.730262
2.374703
1.860825
1.796630
1.938381
2.109478
2.289634
2.561689
2.918327
3.261427
3.548737
3.639773
3.581405
3.740418
3.670283
3.418314
3.092335
2.774239
2.579957
2.641636
3.205207
3.990389
4.311172
4.375228
4.301062
4.006175
3.398076
2.705952
2.986458
3.225304
3.379683
3.319267
3.289425
3.621748
3.916057
4.122663
4.088971
3.883793
4.216767
4.578240
4.962904
5.310039
5.451359
5.357824
5.067832
4.728792
4.398218
4.089244
3.781080
3.460379
3.150315
2.863420
2.812749
3.059897
3.040449
2.764307
2.599207
2.645837
2.391973
2.053529
2.047258
2.292353
2.396408
2.495270
2.531126
2.604746
3.253462
3.922521
4.434400
4.467713
4.020737
3.401268
2.824449
2.643559
2.647890
2.838422
2.976887
2.947953
3.003416
3.472286
3.544198
3.110834
2.920404
2.866309
2.658799
2.618021
2.871046
3.003878
2.916829
3.069703
3.542868
4.039873
4.500940
4.707810
4.604538
4.270902
3.846557
3.396710
3.057151
2.828253
2.505773
2.766730
3.153711
3.565503
3.839937
3.912431
3.654260
3.198146
2.721166
2.643682
3.080532
3.620518
4.194552
4.399950
4.358583
4.397985
4.382594
4.260468
3.958667
3.234512
3.012375
3.139716
2.947084
2.561826
2.576566
2.752590
2.847557
2.769525
2.333517
1.862259
1.387465
0.979190
1.030985
1.283148
1.222201
0.816428
0.504757
0.263480
0.242515
0.315636
0.389326
0.441020
0.449705
0.448347
0.402107
0.379500
0.389659
0.380751
0.329499
0.271186
0.271939
0.265205
0.226674
0.165482
0.105651
0.141809
0.163962
0.154740
0.115965
0.094220
0.076656
0.080723
0.075006
0.068389
0.082887
0.128625
0.161694
0.170122
0.182184
0.186046
0.172010
0.135353
0.092848
0.101255
0.106512
0.108949
0.107626
0.101880
0.079647
0.065572
0.085301
0.098302
0.106198
0.094287
0.067076
0.043252
0.029328
0.027256
0.023879
0.025555
0.019473
0.006856
0.000253
0.000000
0.000000
0.003061
0.012982
0.079296
0.221154
0.449195
0.759233
1.130367
1.427768
1.444049
1.195591
0.831663
0.524345
0.352432
0.222063
0.146853
0.107673
0.160876
0.234957
0.520524
0.760519
0.713580
0.432942
0.293564
0.228912
0.225588
0.211716
0.365707
0.598666
0.776361
0.761282
0.560739
0.324902
0.178378
0.176305
0.155787
0.152476
0.208604
0.215707
0.194069
0.244928
0.292080
0.421357
0.601232
0.820259
1.078916
1.354452
1.571569
1.567932
1.356880
1.254477
0.971960
0.699141
0.492376
0.440808
0.423351
0.419748
0.468112
0.637698
0.816225
0.958810
0.977046
0.885194
0.799082
1.020259
1.449970
1.916359
2.140817
1.916503
1.441633
0.988697
0.629433
0.379199
0.569303
0.793396
0.869984
0.783738
0.557810
0.453643
0.497890
0.638414
0.768895
0.953042
1.027544
0.945643
0.722530
0.525760
0.669999
0.668235
0.530963
0.272023
0.246717
0.362998
0.625068
0.992270
1.428473
2.011048
2.649082
2.963879
2.682055
2.136165
1.661268
1.254964
1.090353
1.088891
1.080752
1.075292
1.075147
1.067112
1.029042
0.901031
0.699505
0.610343
0.884589
1.217894
1.587758
2.038652
2.361449
2.359771
2.026390
1.541400
1.097286
0.741796
0.472396
0.297277
0.644901
0.919778
1.011661
0.926239
0.655347
0.305396
0.177346
0.211746
0.158349
0.089591
0.037791
0.026359
0.039810
0.104507
0.218074
0.346192
0.420532
0.349070
0.232879
0.135889
0.070230
0.024272
0.003274
0.005961
0.013183
0.057868
0.118762
0.152446
0.168897
0.313626
0.414005
0.395532
0.250589
0.087673
0.013849
0.000000
0.000000
0.000000
0.000000
0.000000
0.000000
0.000000
0.000000
0.000000
0.000000
0.005136
0.034801
0.140345
0.355769
0.541026
0.624084
0.620768
0.528816
0.310923
0.101483
0.014230
0.000000
0.000000
0.000000
0.000000
0.000000
0.036840
0.109308
0.150097
0.159068
0.148876
0.104743
0.029743
0.000748
0.005054
0.021554
0.093984
0.285281
0.393334
0.398127
0.306277
0.131223
0.022445
0.000000
0.000000
0.000000
0.000000
0.000000
0.000000
0.000000
0.000000
0.000000
0.000000
0.000000
0.000000
0.000000
0.000000
0.000000
0.000000
0.000000
0.000000
0.000000
0.000000
0.000000
0.000000
0.000000
0.000000
0.000000
0.000000
0.000000
0.004865
0.070902
0.279157
0.562539
0.752893
0.906263
1.068541
0.904046
0.756219
0.584602
0.342321
0.127598
0.025134
0.000000
0.000000
0.000000
0.000000
0.006795
0.029949
0.040584
0.028353
0.059236
0.101743
0.106731
0.086713
0.076611
0.053240
0.071865
0.148426
0.255655
0.314896
0.277584
0.158054
0.059478
0.018794
0.110564
0.258747
0.365764
0.424719
0.622531
0.695847
0.781587
1.107545
1.622578
2.333017
2.739286
2.880881
2.878285
2.712720
2.230600
1.469173
0.953188
0.620697
0.760447
0.904111
0.793046
0.567133
0.329385
0.150266
0.044671
0.084680
0.178802
0.229775
0.245480
0.245502
0.232548
0.188127
0.102664
0.042197
0.051649
0.126173
0.229566
0.325820
0.377874
0.315401
0.211009
0.162334
0.321213
0.559363
0.813240
0.939321
0.808663
0.527013
0.310858
0.254037
0.374243
0.556011
0.789303
0.975118
1.157117
1.212682
1.280236
1.285185
1.561661
1.785421
2.280717
2.992133
3.778066
4.389674
4.383953
3.772479
3.001567
2.341195
1.951712
1.709861
1.769830
1.992458
2.392771
2.694914
2.715379
3.669589
4.372817
4.350941
3.596397
2.515732
1.790245
1.233205
0.806658
0.499049
0.309700
0.290352
0.297720
0.322711
0.415704
0.482879
0.461184
0.390524
0.304331
0.226405
0.232586
0.312883
0.378784
0.386303
0.442937
0.543046
0.643606
0.754310
0.856605
0.935940
0.911748
0.788336
0.657104
0.583386
0.571812
0.508422
0.441102
0.480031
0.523025
0.590530
0.631847
0.594419
0.505263
0.406269
0.359682
0.494454
0.653915
0.752303
0.829105
0.878321
0.862506
0.776202
0.944130
1.112858
1.268183
1.375102
1.334198
1.186051
0.989140
1.227774
1.486520
1.650358
1.621316
1.436667
1.441344
1.491062
1.864325
2.262011
2.614517
2.657768
2.529989
3.052740
3.371419
3.085823
2.623053
2.502351
2.215267
2.289013
2.374352
2.485407
2.989603
3.604030
4.181946
4.860986
5.179864
4.856512
4.075767
3.813828
3.767100
3.261337
2.556425
2.811126
3.209371
3.456096
3.834644
4.403945
4.959358
5.472962
5.884595
5.798089
5.223114
4.529404
3.874702
3.427736
3.485902
3.225353
2.942040
3.226140
3.593602
3.972521
4.279109
4.344235
4.119044
4.135326
5.128142
6.024157
6.543802
6.075598
5.165665
4.651475
4.817953
5.268944
5.758424
6.270203
6.617897
6.579482
6.169713
5.605651
5.059154
4.521242
4.616259
4.439857
4.014334
4.047825
4.018907
3.739263
3.457073
3.906567
4.440111
5.051678
5.736936
6.433677
6.923722
6.962622
6.470165
5.827216
5.151905
4.470237
3.764312
2.919845
3.302442
3.839640
4.401063
4.951012
5.224778
4.860445
4.254925
3.557325
2.906424
2.279828
1.599831
0.859161
0.389322
0.392602
0.388547
0.369923
0.338789
0.273982
0.337974
0.421432
0.331081
0.209764
0.099585
0.019753
0.000000
0.000000
0.000000
0.000000
0.000000
0.000000
0.002831
0.004514
0.000000
0.000000
0.000000
0.000000
0.078867
0.563202
0.000000
0.000000
0.000000
0.000000
0.000000
0.000000
0.000000
0.000000
