track	type=wiggle_0
fixedStep	chrom=chr	start=1	step=1
0.000000
0.000000
0.000000
0.000000
0.000000
0.000000
0.000000
0.000000
0.000000
0.499583
0.881624
0.627186
0.351982
0.167058
0.059046
0.010389
0.000000
0.000000
0.000000
0.000000
0.000000
0.000000
0.000000
0.000000
0.000000
0.000000
0.000000
0.022651
0.386463
1.142063
1.781212
1.843189
1.856661
2.260530
2.520431
2.318316
2.010445
1.698609
1.416946
1.180222
1.011928
0.992858
1.340653
1.434908
1.557268
2.030652
2.591259
3.253424
4.030686
5.278056
6.797746
7.240253
6.849765
5.804537
4.912921
4.029688
3.253468
2.616531
2.192077
2.124475
2.424276
2.558365
2.461239
2.623267
2.496819
2.173482
1.859975
1.894555
2.036794
2.430110
2.872076
3.368838
3.920004
4.467829
4.896310
5.060951
4.804866
4.270329
3.814307
3.766835
3.744371
3.570796
3.468987
3.582818
3.492620
3.407458
3.656538
3.666667
3.407195
3.055470
2.689058
2.461391
2.548336
2.632423
2.925318
3.267087
3.633576
4.014582
4.721247
5.389690
5.583758
5.261737
4.550488
3.936074
3.823848
3.936045
4.863788
5.982675
7.389267
8.812152
8.812947
7.399674
5.987698
4.850765
3.945813
3.189101
3.616174
4.111407
4.650302
5.207087
5.681791
5.846184
5.642341
5.159836
4.627829
4.287079
4.683540
5.325974
6.060548
6.822589
7.376413
7.406960
6.893527
6.144686
5.420451
4.795060
4.195945
3.652225
3.145061
3.273492
3.817853
4.004770
3.778932
3.227681
2.646764
2.169568
2.063606
2.031955
1.963205
2.194622
2.462508
2.672682
2.673564
2.505752
2.426266
2.220788
1.943716
1.673544
1.433623
1.244432
1.118252
1.021291
0.896714
0.755283
0.773597
0.810608
0.767065
0.580109
0.276659
0.304483
0.297807
0.257664
0.206539
0.173884
0.221814
0.291447
0.350668
0.372446
0.334769
0.324308
0.287626
0.241091
0.184728
0.127800
0.078267
0.101230
0.218280
0.386805
0.576046
0.672864
0.589343
0.402575
0.264900
0.320174
0.508516
0.824166
1.244926
1.562411
1.285063
0.903801
0.581766
0.327487
0.155814
0.064503
0.030211
0.018558
0.010346
0.014713
0.047140
0.136119
0.295217
0.530227
0.839694
1.153985
1.234332
1.041784
0.724549
0.441826
0.240145
0.100753
0.022280
0.004149
0.031709
0.087350
0.173462
0.290215
0.420946
0.531839
0.537713
0.440286
0.323924
0.301024
0.211950
0.142109
0.078711
0.029266
0.002827
0.000000
0.009745
0.066281
0.180622
0.360067
0.614558
0.951235
1.381163
1.903747
2.489920
3.245488
4.158240
4.837296
5.154503
5.251498
5.249618
5.144883
4.761395
3.868716
2.874185
2.119188
1.535956
1.098274
0.812754
0.674938
0.619227
0.630981
0.578272
0.438377
0.268776
0.133937
0.047097
0.005492
0.000000
0.000042
0.000160
0.000000
0.000000
0.000000
0.000000
0.000000
0.000000
0.000000
0.000000
0.000000
0.000000
0.000000
0.000000
0.002367
0.010931
0.008144
0.000409
0.000000
0.000000
0.000000
0.000000
0.000000
0.000000
0.000000
0.000000
0.000000
0.000000
0.000000
0.000000
0.000000
0.000000
0.001803
0.033800
0.107708
0.222431
0.393133
0.629233
0.938782
1.327870
1.806615
2.389933
3.091117
3.925943
4.916726
6.123032
7.742281
9.355964
9.355968
7.735503
6.104995
4.919513
3.928831
3.093637
2.392071
1.808442
1.329379
0.940003
0.630234
0.392296
0.220945
0.116288
0.053766
0.011188
0.000000
0.000000
0.000000
0.001018
0.004444
0.005935
0.034407
0.087607
0.167046
0.268585
0.361974
0.388282
0.320709
0.228562
0.146467
0.122461
0.091035
0.050598
0.023485
0.019932
0.025199
0.020869
0.028842
0.134982
0.237087
0.353399
0.570093
0.682160
0.687277
0.980495
1.419603
1.945019
2.463506
3.166722
3.673737
3.042296
2.307366
1.704256
1.519477
1.525713
1.434994
1.213066
1.062378
1.026369
0.880248
0.663219
0.483664
0.323231
0.187875
0.173688
0.272481
0.479300
0.578232
0.592254
0.497066
0.336424
0.292300
0.203119
0.239150
0.347996
0.437277
0.457785
0.392895
0.347134
0.306983
0.251310
0.275471
0.306459
0.301396
0.277891
0.350868
0.469940
0.603210
0.732549
0.789669
0.759399
0.786977
0.875414
0.898873
0.797277
0.661982
0.637794
0.808086
0.988649
1.099607
1.084881
1.022449
1.299392
1.676681
2.187901
2.686586
2.880446
2.636176
2.314400
1.903553
1.470064
1.453111
1.802648
2.205213
2.659261
3.155089
3.612188
3.818892
3.737035
3.401531
2.916692
2.507435
2.160283
1.941405
1.769414
1.816407
2.009808
2.161803
2.185991
2.189148
2.316786
2.354906
2.322478
3.009140
3.947121
5.325251
6.311491
6.315550
5.362325
4.069751
3.157753
3.426541
3.694825
3.934057
4.030007
3.974737
4.080555
4.255320
4.292950
4.136037
3.888754
3.975445
4.277396
4.573350
4.754373
4.881706
4.852267
4.711515
4.521610
4.220868
4.000984
3.855445
4.103928
4.409113
4.748357
5.126751
5.529509
5.957335
6.406711
6.872755
7.340456
7.753890
7.940979
7.864983
7.559593
7.095888
6.619792
7.175065
7.567112
7.582500
7.207871
6.591654
6.310449
6.568591
6.545640
6.259240
6.517255
7.003482
7.551933
8.136744
8.708913
9.148134
9.204010
8.831148
8.300458
7.739838
7.421703
6.902534
6.586251
6.866175
7.177852
7.168125
6.833707
6.391015
6.363712
7.203128
7.779727
8.547129
9.743703
11.179317
12.748282
14.191842
14.930359
14.678451
13.678221
13.161963
12.288643
13.760963
15.785703
16.379992
15.710443
13.388519
11.281709
9.730995
8.362962
7.171710
6.186534
5.857617
5.328850
4.691065
4.094342
3.942325
3.527829
3.132464
2.828497
2.438325
2.426019
2.372427
2.541987
2.537476
2.362863
2.116204
1.876515
1.675856
1.515841
1.338443
1.520251
1.716963
1.805157
1.739868
1.537813
1.315191
1.119987
0.935483
0.764625
0.613355
0.640806
0.717830
0.715211
0.635623
0.548956
0.535854
0.626520
0.721007
0.775824
0.745776
0.740532
0.848380
0.897621
0.918104
0.935455
0.879322
0.765415
0.650513
0.673729
0.688549
0.772557
0.890881
1.026898
1.173124
1.298146
1.359612
1.321397
1.222017
1.186338
1.150790
1.041651
0.912410
0.785952
0.668918
0.563219
0.528377
0.460239
0.597084
0.936922
1.299507
1.298480
0.937194
0.598923
0.337347
0.158692
0.048615
0.019300
0.004935
0.000009
0.000000
0.000000
0.000000
0.000000
0.000000
0.000000
0.000000
0.000000
0.000000
0.000000
0.000000
0.000000
0.000000
0.000000
0.000000
0.001536
0.000590
0.000000
0.000000
0.000483
0.012291
0.033853
0.069844
0.098524
0.089700
0.049600
0.034619
0.114617
0.247417
0.435960
0.670118
0.902072
1.016564
1.149378
1.143547
1.051271
0.850306
0.781573
0.969732
1.044335
1.031532
0.846282
0.611024
0.386780
0.214866
0.122561
0.221171
0.327978
0.551307
0.698035
0.748498
0.967307
1.194513
1.289532
1.268058
1.296772
1.509847
1.573632
1.432542
1.197017
0.934793
0.699879
0.914287
1.256240
1.636661
1.945886
2.073978
1.938089
2.302960
2.482295
2.409144
2.584810
3.359827
4.305645
5.769409
7.009311
7.472629
7.580758
7.583041
7.553030
7.423923
6.929205
5.632433
4.181324
3.242004
2.475156
1.840844
1.333671
0.953888
0.854406
0.999376
0.934497
0.752824
0.551411
0.386295
0.232734
0.315001
0.444352
0.571386
0.659505
0.645166
0.545153
0.426601
0.524431
0.630924
0.794188
0.987958
1.153948
1.273830
1.508818
1.768010
1.969735
1.976659
1.794119
1.505968
1.243120
1.072136
1.052640
1.302953
1.507237
1.705815
1.915949
2.125672
2.326929
2.501816
2.653132
2.759498
2.788218
2.715053
2.747268
3.358737
4.039001
4.667956
5.040059
4.800352
4.186062
3.858024
4.171701
4.455476
4.599959
4.570763
4.379939
4.126407
3.836481
3.562064
3.428766
3.257656
3.156458
3.130717
2.994511
2.766201
2.565016
2.782515
3.016622
3.206817
3.465858
3.722125
3.926740
4.016815
4.076650
3.919726
3.625904
3.335012
3.161567
2.931393
2.716926
2.738344
2.644397
2.649199
2.681239
2.840173
3.024205
3.215826
3.560401
3.926157
4.324841
4.731016
5.137974
5.522157
5.763077
5.904802
5.769088
5.467785
5.143076
4.871490
4.700912
4.511703
4.462459
4.788325
5.192161
5.588946
5.813387
5.851565
6.069591
6.399186
6.869205
7.272644
7.684175
8.123568
8.549047
8.521917
8.048896
7.474941
6.874485
6.685592
7.080539
7.303717
7.273923
6.988526
7.007497
7.057180
6.819474
7.140450
7.877115
8.725339
9.775634
10.902621
11.905644
12.924389
13.490161
13.387612
12.465044
11.120837
9.794644
8.580465
7.480467
6.530159
5.825786
5.701252
5.603475
5.174886
4.699838
5.218625
5.579417
5.586380
5.250556
4.879991
4.504894
4.256804
4.367521
4.638855
4.615634
4.533162
4.613907
4.450119
4.105089
3.651508
3.201390
2.792337
2.434331
2.112451
1.846388
1.841718
2.085549
2.365980
2.346042
2.391520
2.457656
2.565732
2.739542
2.853798
2.841716
2.819710
2.686580
2.526473
2.368049
2.251640
2.070506
2.054521
2.109325
2.038594
2.328711
2.661361
2.756774
2.770991
2.820451
2.893516
2.824622
2.653173
2.624430
2.495050
2.364924
2.483809
2.722944
2.945560
3.176386
3.331945
3.356142
3.196028
2.999271
3.022981
2.958391
2.796487
2.564574
2.319316
2.096449
1.923350
1.813372
2.037400
2.271489
2.418358
2.433801
2.311321
2.114579
1.898015
1.700858
1.508901
1.321223
1.138023
0.984014
0.947333
0.939240
0.872271
0.787379
0.803514
1.118982
1.561957
2.083668
2.064605
1.489103
1.021969
0.655854
0.506452
0.422626
0.321422
0.241497
0.154012
0.084727
0.083359
0.080368
0.116932
0.199071
0.300438
0.425249
0.581665
0.774107
0.998435
1.256575
1.546497
1.854550
2.112908
2.213803
2.096620
1.841389
1.533675
1.241409
1.003146
0.846911
0.815487
0.876634
0.827229
1.048452
1.187693
1.150836
1.456535
1.841135
2.122127
2.227895
2.156718
2.003717
1.721591
2.175673
2.803949
3.672019
4.901018
5.658644
5.255383
4.295354
3.872563
4.181935
3.979813
3.540171
2.929163
2.440309
2.027627
1.669238
1.731899
1.981942
2.110947
2.146591
2.003006
1.673148
1.332656
1.015611
0.747710
0.529032
0.354521
0.416105
0.569715
0.571998
0.429300
0.246499
0.113903
0.145905
0.201409
0.240678
0.229920
0.172573
0.105984
0.143748
0.232272
0.344257
0.456830
0.507165
0.495230
0.462690
0.447069
0.384055
0.307045
0.300676
0.334110
0.342045
0.411065
0.478701
0.521382
0.491768
0.551954
0.583634
0.531875
0.584941
0.689168
0.772034
0.796891
0.726510
0.591144
0.646263
0.781606
0.944575
1.117584
1.254734
1.325664
1.255168
1.163979
1.537970
2.051315
2.654577
3.257945
3.520885
3.266362
2.659050
2.062077
1.574305
1.222675
0.956868
0.697900
0.668577
0.633823
0.558338
0.493836
0.464785
0.608454
0.780550
0.977202
1.196955
1.431635
1.653835
1.803238
1.811528
1.968476
2.307500
2.707419
3.130428
3.519055
3.739676
3.677655
3.329188
2.928001
2.571253
2.336327
2.231860
2.223239
2.447118
2.439642
2.198874
2.347453
2.810912
3.341305
3.911274
4.605613
5.255363
5.530628
5.229841
4.570375
3.832583
3.188092
2.702068
2.232185
1.826129
1.661551
1.638430
1.513505
1.509342
1.658319
1.900964
2.199257
2.410663
2.501799
2.370460
2.077398
1.748967
1.507113
1.705054
1.952912
2.185427
2.234890
2.125833
1.950056
1.732699
1.498250
1.252536
1.071736
0.904603
0.716990
0.575106
0.665993
0.754929
0.812801
0.803773
0.926346
1.068700
1.215735
1.370347
1.483242
1.518810
1.448423
1.320590
1.480150
1.641832
1.786194
1.907553
1.910088
1.805501
1.656056
1.526001
1.380953
1.402953
2.168992
2.727618
2.742853
2.235775
1.679481
1.573434
1.426754
1.592020
1.701871
1.649270
1.514784
1.354487
1.200928
1.059531
0.912120
0.831651
0.746287
0.656232
0.678132
0.828600
1.164690
1.163311
0.823641
0.785982
0.902532
1.001333
1.082076
1.098977
1.014827
0.876765
0.736271
0.615668
0.507594
0.472904
0.407535
0.310994
0.248762
0.261163
0.316571
0.339678
0.315397
0.444384
0.764361
0.930274
0.984579
0.991442
0.953837
0.907404
0.761867
0.607016
0.496536
0.754440
0.974182
0.979271
0.758819
0.811886
0.768312
0.632139
0.473512
0.498932
0.731425
1.019267
1.348044
1.639313
1.831110
1.811966
1.571284
1.457356
1.294771
1.129141
0.925649
0.716058
0.524633
0.362509
0.254243
0.210098
0.253168
0.266645
0.219093
0.170416
0.260776
0.371864
0.495717
0.613046
0.763817
0.932600
1.072544
1.117086
0.999433
0.823449
0.626701
0.454056
0.309719
0.197734
0.116110
0.073837
0.098577
0.133682
0.190194
0.198015
0.152761
0.102726
0.055679
0.031979
0.021580
0.061187
0.140371
0.265009
0.433316
0.643115
0.881376
1.110327
1.171995
0.976935
0.724249
0.485594
0.301964
0.166918
0.080979
0.068504
0.064715
0.032429
0.046242
0.084922
0.089387
0.057736
0.077893
0.112167
0.168693
0.345784
0.633594
0.798635
0.779810
0.558119
0.285374
0.241825
0.187840
0.167048
0.177033
0.188490
0.192669
0.196216
0.176056
0.132888
0.086488
0.146870
0.278865
0.278832
0.148076
0.162310
0.212006
0.264181
0.324425
0.390720
0.445623
0.478747
0.542549
0.601696
0.646737
0.634195
0.568191
0.490399
0.418455
0.421765
0.480996
0.475099
0.413588
0.470356
0.535563
0.614005
0.698870
0.757208
0.730716
0.632251
0.531430
0.475249
0.459677
0.546621
0.564704
0.519999
0.425615
0.347475
0.344603
0.350002
0.409265
0.504405
0.530476
0.557554
0.568616
0.582241
0.626903
0.629798
0.776816
0.901757
0.942504
1.073477
1.121588
1.034724
0.843893
0.798378
0.950661
1.088597
1.235933
1.340844
1.374666
1.341044
1.680687
2.037352
2.418375
2.815223
3.479667
4.485890
5.058843
5.497896
5.880855
5.621713
5.079773
4.380044
3.705085
3.986270
4.539685
5.036773
5.220866
5.287406
5.150735
5.358572
5.477692
5.155801
4.398461
3.873829
4.360116
4.729600
4.831709
4.652835
4.752902
5.334673
5.838363
6.176891
6.005734
6.197214
6.571881
6.475467
5.912777
5.211331
4.549980
3.954517
3.991725
3.705838
3.888434
4.297749
4.574566
4.560209
4.273369
3.888995
4.112764
4.522975
5.383822
6.236699
6.746910
6.262634
5.377256
5.509918
5.917295
6.160946
6.049014
6.033194
6.211324
6.148486
5.787606
5.274711
4.735392
4.196686
4.289258
4.108759
3.726013
3.679128
3.646552
3.420648
3.077722
3.478139
3.957621
4.503665
5.098198
5.713330
6.127804
6.157163
5.746892
5.170229
4.541839
3.847821
2.973102
2.437150
2.783137
3.242935
3.651901
3.980111
4.195043
3.902600
3.415529
2.882417
2.414686
1.869923
1.436555
1.313525
0.915881
0.638784
0.522532
0.448185
0.389460
0.310069
0.408716
0.495156
0.398233
0.272693
0.257285
0.453499
0.693144
0.884242
0.740225
0.134192
0.036177
0.183410
0.610718
0.773597
0.810608
0.767065
0.580109
0.000000
0.000000
0.000000
0.000000
0.000000
0.000000
0.000000
0.000000
