track	type=wiggle_0
fixedStep	chrom=chr	start=1	step=1
0.000000
0.000000
0.000000
0.000000
0.000000
0.000000
0.000000
0.000000
0.000000
0.008739
0.283074
1.331998
3.094341
4.833722
5.574088
5.776634
5.665151
5.078371
3.740374
2.712187
2.051378
1.807400
1.681393
1.336541
0.985088
0.680697
0.432671
0.425554
0.611487
0.751562
0.708862
0.547185
0.389159
0.239680
0.125451
0.058907
0.027073
0.045350
0.130288
0.275067
0.523863
0.961532
1.530902
1.530902
0.960280
0.587389
0.731912
0.969395
1.217766
1.394647
1.398124
1.380339
1.311182
1.116655
0.922196
0.759351
0.605897
0.549825
0.711076
0.931541
1.206835
1.499872
1.706694
1.696533
1.494645
1.215571
0.982253
0.873770
0.773267
1.220301
1.705506
2.038893
2.232712
2.223934
2.087086
2.197811
2.518791
2.655767
2.648887
3.218492
4.086933
5.260677
6.987089
8.777262
9.272616
8.792057
7.051891
5.462820
4.306000
3.380995
3.588817
3.715022
3.553017
3.435896
3.353626
3.112515
3.224470
3.517296
3.680078
3.707809
3.614194
3.383030
3.169387
2.916414
2.826955
2.936827
2.790081
2.585724
2.586139
2.761205
2.825642
2.749723
2.910911
2.959043
3.241318
3.610425
3.945526
4.276240
4.385031
4.287420
4.075365
4.040377
3.968181
3.711575
3.349838
3.050109
2.841132
2.768770
2.772317
2.847652
2.748115
2.483793
2.171377
1.925568
2.334293
2.791406
3.244337
3.603759
3.804458
4.775001
5.886098
7.096844
8.452574
8.452571
7.096844
5.886437
4.829996
4.057767
3.421659
2.761777
2.134483
1.646957
1.787097
2.203751
2.684880
3.174565
3.602180
3.726382
3.588848
3.388570
2.949846
2.653038
2.226140
1.801893
1.565255
1.565579
1.451650
1.325354
1.267088
1.019062
1.128696
1.565069
2.102534
2.676975
2.711145
2.095371
1.532338
1.047485
0.946310
1.049666
1.155365
1.331022
1.452160
1.404695
1.242360
1.173198
1.047325
0.887244
0.902392
1.082408
1.246390
1.316851
1.284806
1.135708
0.959166
0.779535
0.621267
0.485060
0.374339
0.299685
0.317416
0.391761
0.469358
0.505083
0.479363
0.407505
0.333299
0.386982
0.482637
0.557276
0.585395
0.546549
0.458196
0.363653
0.275254
0.196260
0.139417
0.156362
0.169990
0.306384
0.538842
0.851357
1.256742
1.955459
2.684219
3.142576
4.022770
4.974778
6.225303
7.624025
7.911726
7.294582
5.565291
4.223898
4.779748
5.101930
4.912293
4.359932
4.064389
4.730278
5.588152
6.690274
7.918597
8.854746
8.850563
7.931224
6.691547
5.504418
4.471138
3.592567
2.856860
2.224893
1.686615
1.660064
1.627911
1.432383
1.212809
1.303502
1.372390
1.542997
1.896216
2.196843
2.355813
2.206075
2.131564
1.934311
1.625543
1.313995
1.049636
0.875957
0.903989
0.989936
1.173670
1.232993
1.146736
1.073152
1.125440
1.397414
1.752819
2.271412
3.040619
3.954861
4.615557
4.921760
5.016602
5.020842
4.921399
4.578155
3.817912
3.112354
2.446755
2.117265
2.093728
2.142199
2.519011
2.574743
2.401675
1.985337
1.602196
1.429282
1.296499
1.047001
1.088870
1.278387
1.351166
1.169188
0.982519
1.200541
1.323711
1.369814
1.217247
1.438806
1.843908
1.862609
1.515579
1.014801
0.615455
0.334884
0.245000
0.176247
0.143320
0.246945
0.380995
0.591969
0.856364
1.149017
1.310822
1.172131
0.879144
0.643834
0.445305
0.255400
0.225945
0.292729
0.369832
0.427669
0.440044
0.394692
0.331431
0.334779
0.305033
0.307400
0.386366
0.460067
0.492364
0.464443
0.399378
0.324162
0.251643
0.219976
0.287560
0.327842
0.330484
0.317024
0.416752
0.533040
0.665569
0.804801
0.910075
0.947104
0.865038
0.737435
0.602222
0.478886
0.380272
0.353006
0.346282
0.345559
0.343788
0.290168
0.297596
0.359134
0.429587
0.510491
0.649401
0.773198
0.836692
0.783128
0.658273
0.517032
0.392699
0.319051
0.296468
0.256174
0.351701
0.486385
0.645657
0.822597
0.988187
1.059627
0.982765
0.814812
0.636407
0.517211
0.459953
0.362935
0.354294
0.489871
0.683980
0.929094
1.226193
1.566476
1.883126
2.029435
1.884042
1.568579
1.235481
0.941228
0.696757
0.503477
0.352806
0.242347
0.179336
0.146560
0.133671
0.165536
0.169467
0.190250
0.312417
0.565910
0.849898
1.086978
1.065272
0.779747
0.454056
0.352003
0.321706
0.335348
0.336857
0.474446
0.599957
0.646270
0.569140
0.435120
0.297940
0.303859
0.411431
0.418753
0.294039
0.178860
0.153724
0.112265
0.073250
0.103838
0.147256
0.181955
0.250748
0.330600
0.392470
0.401308
0.357307
0.276068
0.245793
0.407093
0.650253
0.982880
1.415648
1.940161
2.447711
2.631784
2.406448
1.901727
1.385714
0.973742
0.640124
0.414753
0.372222
0.300924
0.269190
0.287007
0.415545
0.503057
0.482434
0.482070
0.544435
0.569571
0.663760
0.708387
0.678653
0.602454
0.558988
0.619245
0.637710
0.696748
0.718572
0.667894
0.918366
1.385728
1.590700
1.646627
1.652702
1.632442
1.559160
1.394988
1.089115
0.939179
0.856978
0.786184
1.115147
1.451974
1.607670
1.800793
2.104153
2.218238
2.195240
2.186812
2.389932
2.494173
2.944272
3.427708
3.445941
2.982480
2.375008
1.801572
1.362815
1.217166
0.950091
0.997850
1.097541
1.155780
1.117348
1.130593
1.098737
1.253113
1.393832
1.490197
1.786417
2.000442
2.102671
2.262656
2.324066
2.485990
2.706671
2.919180
3.028188
2.913511
3.046362
3.290778
3.298640
3.033372
3.151762
3.081731
2.808951
2.670701
2.677899
2.724709
2.983244
3.246250
3.554691
3.698299
3.634132
3.381732
3.278040
3.343058
3.287685
2.901292
3.170023
3.591232
3.712011
3.645179
3.415236
3.733529
4.436754
5.201703
5.695802
5.968670
6.326042
6.023003
6.848700
8.120244
9.740831
10.518899
10.713779
10.247396
8.823938
6.837226
5.436255
4.390664
3.478485
2.702620
2.325716
2.652772
2.977925
3.194945
3.205426
3.039980
3.125529
3.243958
3.160276
2.895787
2.593048
2.569133
2.531513
2.366025
2.597190
2.698824
2.552433
2.312365
2.030416
1.764430
1.509078
1.274773
1.082438
0.929532
1.004104
1.036771
0.996853
1.001563
0.896981
0.719391
0.666178
0.697377
0.667932
0.571085
0.750512
0.891200
0.930830
0.938478
0.930513
1.023448
1.401334
1.859965
2.408775
3.045198
3.727370
4.246213
4.224299
3.705557
3.053350
2.520123
2.086433
1.657315
1.254137
0.910465
0.640463
0.476858
0.319263
0.188005
0.160426
0.206208
0.239613
0.201100
0.327189
0.473080
0.549549
0.574864
0.581817
0.577652
0.556523
0.478990
0.304792
0.112903
0.018709
0.000000
0.000000
0.000000
0.000000
0.000000
0.003028
0.003253
0.000000
0.000000
0.000000
0.000000
0.000000
0.001538
0.002022
0.000000
0.000000
0.000000
0.000000
0.000000
0.000000
0.000000
0.000000
0.000000
0.000000
0.000000
0.000000
0.000000
0.000000
0.000000
0.000000
0.000000
0.000000
0.000000
0.006025
0.052783
0.139951
0.235790
0.423078
0.641799
0.643960
0.462170
0.260924
0.119715
0.133413
0.261357
0.340147
0.315338
0.201371
0.086131
0.053769
0.045868
0.120409
0.280104
0.520387
0.663270
0.723505
0.742304
0.748668
0.750621
0.742228
0.711895
0.616891
0.422066
0.190555
0.054234
0.015049
0.005915
0.002968
0.001388
0.000016
0.000000
0.000000
0.000000
0.000000
0.000000
0.000000
0.000000
0.000000
0.000000
0.000000
0.000000
0.000000
0.000000
0.000000
0.000000
0.000000
0.000000
0.000000
0.000000
0.000000
0.000000
0.000000
0.000000
0.000000
0.000000
0.000000
0.000000
0.000000
0.000000
0.000000
0.000000
0.000000
0.000000
0.000000
0.000000
0.000000
0.000000
0.000000
0.000958
0.015744
0.036157
0.037111
0.017521
0.008730
0.061867
0.233772
0.337582
0.369023
0.378818
0.387311
0.390925
0.362864
0.256144
0.183247
0.214278
0.229094
0.204219
0.170091
0.225030
0.283863
0.308954
0.287814
0.264015
0.411430
0.595646
0.796405
0.978324
1.054111
1.036962
0.872034
0.683663
0.688554
0.765687
0.760841
0.682479
0.778637
0.951193
1.134312
1.274330
1.285085
1.346786
1.450810
1.486719
1.412965
1.242396
1.430154
1.683413
1.883842
1.896913
1.856049
2.071371
2.299464
2.500798
2.628020
2.622036
2.533104
2.357090
2.157690
2.130844
2.227216
2.396730
2.948242
3.462067
3.713506
3.334929
2.934628
2.352836
1.888207
1.782272
1.700288
1.605547
1.661808
1.782344
1.973273
2.105416
2.109742
2.022967
2.214321
2.265908
2.200398
2.481774
2.672267
2.621066
2.686530
2.740503
2.912484
3.089666
3.166286
3.059384
2.866474
2.540296
2.601936
2.797225
2.936765
2.848972
2.670926
2.688097
2.945304
3.283668
3.668354
4.023782
4.300267
4.351645
4.194114
4.102689
3.923086
3.627110
3.728052
4.143058
4.577944
4.936354
5.100746
4.936474
4.689158
4.581346
4.251778
3.934205
4.216990
4.647947
5.024289
5.105911
4.912409
4.721356
4.540700
4.224664
3.828072
3.453992
3.252592
3.225960
3.195141
3.069172
2.843562
2.668432
2.688707
2.742879
2.616463
2.665648
3.023758
3.065926
3.237845
3.675312
3.820977
3.959471
4.117460
4.237697
4.206975
5.022573
6.032674
7.171970
8.355932
9.422101
11.381071
13.220232
13.703605
13.297754
12.045332
10.093637
8.395816
7.565287
7.608806
7.192627
6.385325
6.552611
6.823497
6.940206
6.877949
6.288362
5.430401
4.556841
3.763959
3.083043
2.497959
1.991729
1.580504
1.336838
1.084273
0.876039
0.698834
0.552882
0.433526
0.470126
0.491186
0.540674
0.665889
0.784425
0.843768
0.852969
0.843588
0.776624
0.654457
0.516579
0.392035
0.358958
0.448546
0.558075
0.649849
0.679571
0.622232
0.545060
0.453065
0.366114
0.289329
0.244058
0.309417
0.400968
0.490613
0.556803
0.567520
0.565481
0.508423
0.419630
0.326743
0.250762
0.185363
0.138920
0.115393
0.097699
0.086026
0.090601
0.157433
0.221148
0.260178
0.278926
0.383795
0.476560
0.586002
0.699634
0.810120
0.855551
0.850893
0.892123
0.899989
0.866343
0.909090
0.804452
0.631250
0.398260
0.185504
0.060976
0.006894
0.000075
0.000000
0.000000
0.000000
0.000000
0.000860
0.000613
0.000000
0.000000
0.000000
0.019987
0.092602
0.249287
0.534176
0.730095
0.576591
0.361583
0.216112
0.122418
0.188049
0.213035
0.226365
0.273628
0.350372
0.380721
0.375037
0.307545
0.196279
0.118380
0.084101
0.078616
0.058928
0.047158
0.030591
0.007256
0.011149
0.042562
0.134160
0.299941
0.519276
0.766761
1.063063
1.350678
1.476616
1.366988
1.082880
0.804384
0.596122
0.426330
0.509703
0.591057
0.689157
0.772550
0.916027
1.126983
1.384874
1.673462
1.989106
2.323465
2.657572
2.942018
3.116384
2.986951
2.695309
2.351565
2.009003
1.690820
1.416286
1.373001
1.458738
1.494694
1.385731
1.212794
1.111012
1.321339
1.506674
1.760603
1.854955
2.063795
2.342695
2.647973
2.979818
3.321256
3.618785
3.822155
3.811305
3.583019
3.251365
2.913808
2.587435
3.215507
4.036270
4.436253
4.057732
3.332086
2.598779
2.054832
1.997893
2.038519
2.052488
2.085544
2.129615
2.139704
2.081927
1.847858
1.385666
1.454632
1.610849
1.653041
1.553525
1.372327
1.212949
1.245586
1.310320
1.315794
1.452821
1.602119
1.614650
1.844237
2.077790
2.212554
2.178462
2.180261
2.172677
2.055456
2.400187
2.632643
2.533198
2.182098
1.766540
1.407871
1.699404
2.111454
2.618265
3.082040
3.330395
3.089337
2.613417
2.108718
1.648236
1.302700
1.035036
0.849305
0.984214
1.187544
1.302238
1.256075
1.477052
2.183990
2.730406
2.725661
2.138402
1.450567
1.071185
0.747383
0.512823
0.364727
0.446836
0.556721
0.575824
0.453033
0.274262
0.138825
0.088669
0.174810
0.301562
0.424704
0.473871
0.605079
0.671206
0.810984
0.832296
0.659543
0.439925
0.253310
0.119191
0.038600
0.004047
0.001485
0.000126
0.000000
0.000000
0.000000
0.000000
0.002561
0.013450
0.019384
0.014903
0.004894
0.010150
0.092545
0.179253
0.208329
0.179383
0.090098
0.006022
0.000963
0.000000
0.000000
0.000000
0.000000
0.000000
0.000000
0.000000
0.000000
0.000000
0.000000
0.000000
0.000000
0.000000
0.000000
0.000000
0.000000
0.000000
0.000000
0.000000
0.000000
0.000000
0.000000
0.000000
0.000000
0.000000
0.000000
0.000000
0.011602
0.091634
0.315234
0.629564
0.847171
1.040361
1.258375
1.119560
0.863842
0.650242
0.406768
0.196290
0.070626
0.024608
0.018555
0.026492
0.061537
0.175335
0.258878
0.288718
0.249311
0.144183
0.030150
0.001766
0.000000
0.000000
0.000000
0.000000
0.000000
0.000000
0.000000
0.000000
0.000000
0.000000
0.000000
0.000000
0.000000
0.031573
0.153028
0.235228
0.352909
0.639442
1.038493
1.573261
2.279846
2.721367
2.924419
2.951934
2.795105
2.312028
1.533461
0.993914
0.642374
0.449214
0.531873
0.742601
0.811618
0.652054
0.443369
0.247918
0.115164
0.078311
0.144535
0.313485
0.510850
0.606583
0.631707
0.637469
0.640189
0.639208
0.619882
0.529833
0.333565
0.240274
0.149874
0.159598
0.174590
0.278533
0.520360
0.839818
0.958535
0.836617
0.512663
0.237038
0.079218
0.007896
0.000000
0.000000
0.000000
0.000000
0.000000
0.000000
0.000000
0.000000
0.000000
0.000000
0.000000
0.001169
0.003115
0.004942
0.005052
0.002257
0.000967
0.000373
0.000011
0.000663
0.009180
0.042478
0.118394
0.294307
0.576937
0.776750
0.775748
0.586332
0.328893
0.194104
0.148004
0.244052
0.333653
0.403466
0.450428
0.485352
0.550552
0.642181
0.834884
0.816413
0.558143
0.307297
0.156098
0.054400
0.151861
0.250494
0.261638
0.169719
0.088374
0.133527
0.184347
0.231246
0.402427
0.540274
0.594121
0.607055
0.607692
0.594997
0.532776
0.366820
0.245235
0.308147
0.292331
0.342015
0.538242
0.688126
0.877899
0.868861
0.646815
0.614235
0.672347
0.716638
0.873283
1.001556
1.227066
1.440573
1.542371
1.456214
1.343504
1.637303
1.978117
2.333353
2.615423
2.740373
2.722595
2.689180
3.074027
3.498557
4.028968
4.402549
4.368297
4.019453
4.612027
5.432221
6.253434
6.628882
6.267598
5.496684
4.812089
4.091490
3.409139
2.820422
2.671238
3.182540
3.816244
4.409177
5.088295
5.400130
5.086400
4.307930
4.545038
4.807870
5.081646
5.059326
4.746125
4.877747
4.894991
4.637666
4.824377
5.417051
5.965308
6.409408
6.317744
5.710255
4.953061
4.528536
4.180144
3.827794
3.627375
3.562255
3.863728
4.224267
4.568326
4.738184
4.659234
4.874301
5.209263
5.419827
6.095385
6.683109
6.249073
5.356979
4.636500
4.758970
5.174978
5.647207
6.120013
6.490791
6.509007
6.135499
5.580050
5.021663
4.498143
4.444721
4.230261
3.806099
3.775420
3.753242
3.497932
3.177026
3.574493
4.062769
4.628767
5.272355
5.940949
6.396616
6.425693
5.973677
5.365876
4.739839
4.122151
3.562116
3.064365
2.953758
3.443722
3.883602
4.359195
4.612755
4.271847
3.723338
3.094459
2.518220
2.021894
1.595618
1.232490
0.909408
0.613339
0.376858
0.357478
0.327641
0.266310
0.338978
0.440774
0.357275
0.235565
0.119739
0.029976
0.000000
0.000000
0.000000
0.000867
0.001766
0.000000
0.000000
0.000000
0.000000
0.000000
0.000000
0.000000
0.000000
0.000000
0.000000
0.000000
0.000000
0.000000
0.030008
0.153028
0.000000
0.000000
0.000000
0.000000
0.000000
0.000000
0.000000
0.000000
0.000000
