track	type=wiggle_0
fixedStep	chrom=chr	start=1	step=1
0.000000
0.000000
0.000000
0.000000
0.000000
0.000000
0.000000
0.000000
0.000000
1.134710
3.158602
4.607737
5.421205
5.696587
5.278642
3.933891
2.876340
2.089277
1.520639
1.083093
0.787034
0.606848
0.449176
0.340156
0.298115
0.534281
0.683382
0.654494
0.497406
0.333889
0.201227
0.111767
0.047168
0.010129
0.015469
0.078875
0.222296
0.461256
0.813771
1.249780
1.222117
0.754109
0.467081
0.348634
0.618837
1.248854
1.663946
1.795870
1.659212
1.395140
1.133881
0.904614
0.705974
0.594240
0.781117
1.028241
1.327655
1.745798
2.039908
2.280693
2.261550
2.010495
1.647545
1.305563
1.329272
1.358516
1.262920
1.471015
2.032967
2.382015
2.451730
2.371101
2.183190
1.912460
1.703336
1.648936
1.527889
1.622116
1.821321
2.113688
2.428915
2.740922
2.878913
2.794570
2.579149
2.283781
2.000170
1.738611
1.528127
1.460705
1.463835
1.675987
2.011789
2.481903
3.000453
3.407992
3.414589
3.013997
2.502657
2.218760
2.945880
3.480680
2.950859
2.277549
1.874928
1.826926
1.779885
1.868145
1.805529
2.122498
2.651737
3.220284
3.743612
3.885038
3.668236
3.197961
2.649298
2.150979
2.137902
2.478803
3.048579
3.692946
4.091808
3.850943
3.314338
2.624686
2.022459
1.590245
1.314050
1.318781
1.171368
1.481065
1.703383
1.872704
2.118174
2.127438
1.888532
1.796405
1.856551
2.538373
2.561807
1.965539
1.493793
1.315330
1.230874
1.440344
1.633345
1.732895
1.677135
1.480341
1.244745
1.031757
0.839911
0.959940
1.162078
1.382499
1.519612
1.511178
1.354962
1.139608
1.208230
1.275731
1.155626
1.139314
1.245706
1.245075
1.171568
1.225248
1.682821
2.235935
2.836727
2.840163
2.246697
1.704542
1.580506
1.435044
1.278785
1.174774
0.927255
0.816969
0.812481
0.814093
0.847127
0.785635
0.685252
0.559972
0.543202
0.548595
0.504188
0.420906
0.338777
0.272389
0.275496
0.323561
0.374457
0.408739
0.366298
0.344397
0.407579
0.441389
0.405254
0.344602
0.344606
0.354932
0.356401
0.251494
0.192040
0.129638
0.070209
0.070105
0.085562
0.162121
0.278352
0.363633
0.373867
0.353153
0.246783
0.315991
0.536845
0.829702
1.208107
1.682422
2.245251
2.883529
3.683874
4.685997
5.900577
6.846155
6.084439
4.945549
3.935005
3.098642
2.452860
2.476974
3.040733
3.546036
3.667630
3.337840
2.824246
2.283715
1.782655
1.491356
1.247556
1.147402
1.035490
1.240589
1.318219
1.120587
0.755439
0.535155
0.649513
0.838243
0.940707
0.910282
0.779147
0.610304
0.487654
0.371521
0.367284
0.489803
0.577599
0.518443
0.392474
0.306540
0.432697
0.583450
0.756714
0.936948
1.130382
1.340170
1.525217
1.532661
1.364517
1.139947
1.009090
1.472129
2.019671
2.673692
3.606069
4.075446
4.241126
4.278402
4.266754
4.178928
3.870461
3.161311
2.400414
1.760746
1.471812
1.436676
1.591520
1.824122
2.065075
2.254724
2.281201
2.154837
1.911724
1.662344
1.432683
1.219314
1.024589
0.850484
0.695299
0.558099
0.457128
0.560752
0.731360
0.928057
1.152947
1.406671
1.693066
2.015541
2.377914
2.777996
3.209471
3.620832
3.904070
3.892886
3.589843
3.169264
2.735552
2.337619
2.223673
2.637629
3.056107
3.367951
3.384578
3.117984
2.677550
2.938967
3.521466
4.197270
4.956867
5.781679
6.512516
6.928528
6.699180
5.981375
5.148495
4.407894
4.694959
5.688396
6.833717
8.145998
9.648355
11.367365
13.413034
16.236479
18.568768
18.671289
16.718460
14.306859
12.159304
10.303060
8.697233
7.294462
6.089850
5.053987
4.164598
3.430699
2.838681
2.322217
2.564727
2.921574
3.172842
3.630809
3.985708
4.087231
3.879542
3.685114
3.298050
2.884143
2.952646
3.139654
3.027350
2.672807
2.268873
1.901579
1.606577
1.376147
1.436440
1.396758
1.611048
2.336930
3.343711
3.814839
3.979596
4.080285
4.197843
4.523543
4.686527
4.821450
4.859607
4.871601
4.855612
4.776499
4.494717
3.832472
2.968290
2.267710
1.791147
1.659782
1.469512
1.210399
1.026005
0.837007
0.900264
0.884894
0.773875
0.775073
0.771564
0.750895
0.862825
0.997505
1.143292
1.273400
1.324253
1.278565
1.157571
1.062734
1.213101
1.371500
1.505023
1.582466
1.574569
1.472664
1.355224
1.273289
1.354432
1.483062
1.624130
1.672064
1.604481
1.632433
1.707142
1.667470
1.532644
1.470601
1.432546
1.309241
1.258559
1.286268
1.443534
1.783482
2.051903
2.010119
1.951662
2.042648
2.186240
2.349289
2.450355
2.599978
2.771318
2.857233
2.877421
2.813097
3.099499
3.304318
3.442427
3.411649
3.244473
2.972832
2.616900
2.177005
1.905168
1.738514
1.683292
1.548771
1.677689
1.890953
2.117983
2.336098
2.473020
2.522760
2.556918
2.608708
2.851951
3.058046
3.105139
3.008104
2.793340
2.607276
2.787787
2.984174
3.028073
3.222562
3.731503
3.725266
3.191186
2.295401
2.470674
2.638448
2.678131
2.603713
2.416482
2.210002
2.013484
1.949438
2.376401
2.811892
3.127921
3.130149
2.829903
2.451499
2.389242
2.416106
2.336899
2.350064
2.369483
2.304028
2.505077
2.580390
2.728551
3.113494
3.512881
3.957083
4.456047
4.969185
5.412516
5.678745
5.623614
5.269254
4.917256
5.123033
5.385287
5.343887
5.312586
5.442840
5.434981
5.218019
5.023961
4.991425
4.721114
4.447470
4.325346
4.164845
4.452589
4.698587
4.766333
4.540432
4.625723
5.071555
5.520346
5.901482
6.333468
6.715942
7.308340
8.007486
8.058696
7.452460
6.793772
6.523909
6.737750
6.850100
7.092833
7.956495
8.868551
9.573075
9.611820
9.374708
8.720551
8.108035
7.834069
8.090061
7.662576
6.915923
7.480235
9.339885
10.765915
11.196136
10.761733
9.290822
7.294139
5.925388
4.820297
4.024726
3.653803
3.525481
3.312260
3.169795
3.192075
3.219641
3.109739
2.889647
2.634552
2.467999
2.421571
2.556110
2.840383
3.081672
3.176342
3.092323
2.886235
2.855381
3.144426
3.457300
3.709238
3.797084
3.627298
3.356572
3.181515
2.944615
2.632829
2.320119
2.024688
1.975013
2.113937
2.265635
2.451284
2.648869
2.816929
2.971245
3.017045
3.299161
3.361364
3.300457
3.015867
2.319708
1.703375
1.701634
1.658739
1.711958
1.922641
1.937406
1.945885
2.036736
2.219993
2.403677
2.503799
2.475605
2.336926
2.122908
1.890383
1.667491
1.465860
1.288301
1.123555
0.963050
0.809055
0.651985
0.513688
0.585640
0.631438
0.688465
0.794356
1.011368
1.172772
1.300015
1.439266
1.308416
1.189007
0.992518
0.676234
0.341944
0.134644
0.028065
0.022656
0.028833
0.015463
0.001437
0.000000
0.000000
0.000000
0.000000
0.000000
0.000000
0.000000
0.000000
0.000000
0.000000
0.000000
0.003699
0.011410
0.010971
0.003314
0.000000
0.000000
0.000000
0.000000
0.000000
0.000000
0.000000
0.000017
0.016774
0.074746
0.185414
0.356033
0.596495
0.917953
1.312427
1.774878
2.327514
3.008443
3.822056
4.727151
5.900658
7.611530
8.506904
7.612524
5.925632
4.774380
3.791173
2.946743
2.236595
1.647950
1.175167
0.801787
0.509373
0.296375
0.164357
0.079788
0.026194
0.033144
0.038174
0.016852
0.000408
0.000000
0.000000
0.000000
0.000000
0.000000
0.000000
0.000000
0.000000
0.000000
0.000000
0.000000
0.000000
0.000000
0.016893
0.058206
0.077030
0.082979
0.084241
0.081888
0.072077
0.040259
0.001021
0.000000
0.000000
0.000000
0.000000
0.000000
0.000009
0.007804
0.028986
0.048931
0.065928
0.090447
0.139391
0.173182
0.180467
0.244234
0.285816
0.263501
0.277312
0.371905
0.412419
0.442567
0.530358
0.571092
0.563913
0.498724
0.563867
0.672146
0.729653
0.712817
0.614463
0.497498
0.390278
0.350053
0.295847
0.371211
0.448903
0.557590
0.623081
0.737772
0.982554
1.263922
1.566720
1.915731
2.339240
2.845350
3.427339
4.075066
4.747251
5.361539
6.381325
7.606408
7.964784
7.636483
6.455275
4.966239
4.183317
3.578130
2.886533
2.382732
1.934370
1.823158
1.615958
1.457160
1.357457
1.319125
1.088680
1.024363
1.199498
1.412105
1.554414
1.475856
1.271743
1.101815
1.154641
1.297945
1.394325
1.332651
1.184759
1.245988
1.357463
1.550638
1.784340
2.051598
2.341885
2.637049
2.989085
3.375247
3.766776
4.137098
4.476599
4.597283
4.489754
4.328897
4.438580
4.288186
3.938412
3.510581
3.101457
2.824927
2.974315
3.247406
3.550079
3.887171
4.246243
4.627148
5.002580
5.369796
5.701622
5.938050
5.931099
5.715789
5.369099
5.644954
5.961583
6.170365
6.064520
5.760662
5.334246
5.018461
5.113216
5.187937
5.043074
5.182872
5.373028
5.308447
4.988596
4.573333
4.157269
3.770249
3.423499
3.253421
3.466092
3.575394
3.523890
3.547000
3.749279
3.876981
3.811066
3.793631
4.164187
4.611262
5.110003
5.649291
6.187452
6.596978
6.794647
6.524576
6.047498
5.496689
4.976676
4.511068
4.095491
3.717002
3.364802
3.063278
2.955938
2.957886
2.752118
2.506725
2.608713
2.572379
2.573916
2.759476
2.938071
2.824653
2.568313
2.080800
1.589839
1.616002
1.670016
1.689411
1.908849
2.057508
2.077331
1.965437
1.799226
1.631708
1.509719
1.442601
1.348691
1.298752
1.703179
2.193475
2.792615
3.367429
3.591419
3.451568
2.965840
2.451570
1.904712
1.714579
2.191154
2.734644
2.966973
2.766380
2.334310
1.935499
1.532182
1.159693
0.788858
0.488350
0.265801
0.117321
0.052678
0.038289
0.025425
0.056078
0.102739
0.166155
0.244305
0.331054
0.407874
0.447278
0.408191
0.341568
0.265510
0.194775
0.133972
0.079941
0.040764
0.017488
0.009454
0.004883
0.008111
0.005221
0.007707
0.003929
0.000479
0.000000
0.000000
0.000000
0.003266
0.012815
0.027130
0.043036
0.058193
0.046056
0.026170
0.009727
0.001087
0.000000
0.006319
0.026438
0.054325
0.090400
0.135207
0.180978
0.235472
0.279105
0.287491
0.241304
0.183778
0.127049
0.079627
0.044655
0.028240
0.020165
0.024395
0.106341
0.253719
0.475764
0.790524
1.203885
1.668561
2.120641
2.432893
2.937958
3.344468
3.645561
3.490120
2.978926
2.416957
2.037430
1.867071
1.875972
1.678134
1.704927
1.835110
2.439969
3.128151
3.895915
5.060993
5.784952
5.299550
4.314659
3.751595
3.085639
2.441851
1.865809
1.399202
1.045315
0.877155
0.747256
0.581008
0.381609
0.329561
0.404620
0.418461
0.490309
0.493467
0.465677
0.431318
0.502470
0.582294
0.644054
0.720136
0.755478
0.918365
1.037221
1.078540
0.986215
0.812583
0.718607
0.651809
0.729027
0.905639
1.135219
1.395668
1.635126
1.764927
1.703060
1.474432
1.220911
0.998768
0.835661
0.838885
0.786507
0.659287
0.787133
0.905333
0.910501
0.789614
0.610219
0.457051
0.366107
0.322220
0.313301
0.232609
0.139494
0.193244
0.341154
0.538671
0.797671
1.123478
1.503871
1.891972
2.124634
2.103563
2.492290
3.141970
3.963774
4.929171
6.005947
7.037978
7.489861
6.989879
5.967320
4.895590
3.957121
3.271952
3.172282
3.019307
2.566871
2.043304
1.599067
1.567386
1.760338
1.715875
1.488387
1.166097
0.890728
0.658158
0.451222
0.283777
0.157010
0.072678
0.065978
0.099425
0.099441
0.204948
0.426671
0.765049
1.039425
1.132705
1.042247
0.744251
0.439164
0.434252
0.370969
0.301142
0.268820
0.277489
0.277442
0.240436
0.172771
0.116865
0.068542
0.030333
0.018547
0.019397
0.014626
0.034119
0.047885
0.039752
0.020217
0.014827
0.025286
0.050523
0.025204
0.016322
0.038238
0.064571
0.080413
0.078536
0.065083
0.052084
0.053433
0.072171
0.126504
0.191880
0.257767
0.352716
0.449775
0.478653
0.482018
0.476390
0.445500
0.423302
0.353176
0.440413
0.657099
0.913629
1.110440
1.118314
0.935149
0.688895
0.554600
0.575472
0.564044
0.521651
0.503205
0.462688
0.463231
0.549493
0.575593
0.563156
0.555286
0.557682
0.580518
0.634942
0.846673
1.268738
1.815461
2.484027
2.986646
2.987182
2.450444
1.812741
1.297177
0.903939
0.790052
1.065117
1.219643
1.160621
1.123360
1.150183
1.241232
1.210771
1.441994
1.784312
2.209211
2.671815
3.041652
3.107841
2.790869
2.433377
2.051003
1.993428
2.109970
2.196830
2.492123
3.083484
3.498333
3.469368
3.104951
2.608526
2.223996
2.123603
2.288880
2.239729
1.966697
1.762846
2.387526
3.214057
4.329950
5.845160
6.673875
7.180627
7.769043
7.635993
6.577364
5.424040
4.402467
5.123499
5.900353
6.345803
6.269544
5.738404
5.333721
5.214369
5.041746
4.697165
4.151714
3.949962
3.724311
3.327275
2.858444
2.348115
2.065660
2.610804
2.841374
2.585012
2.124809
1.657860
1.664252
1.843602
2.163870
2.320638
2.372530
2.359182
2.242311
1.947725
1.415071
1.038168
0.877925
0.735786
0.519153
0.223877
0.098679
0.047378
0.015292
0.013717
0.006654
0.021930
0.051433
0.117224
0.198653
0.234051
0.221912
0.164788
0.117095
0.089015
0.090775
0.119517
0.142376
0.138049
0.113051
0.129803
0.146230
0.150532
0.137588
0.123764
0.142208
0.157432
0.175496
0.157511
0.123638
0.118539
0.147445
0.144327
0.118568
0.131522
0.146252
0.167344
0.230787
0.306848
0.386871
0.443641
0.442455
0.390691
0.378224
0.449398
0.494701
0.526012
0.601878
0.613623
0.594046
0.550658
0.623045
0.698770
0.688961
0.603758
0.530098
0.478363
0.713243
1.137990
1.775858
2.275763
2.273447
1.794542
1.206630
0.823134
0.585509
0.616689
0.637008
0.671039
0.772278
0.801966
0.807093
0.785207
0.693350
0.487605
0.231375
0.211616
0.156335
0.187099
0.245411
0.317333
0.434506
0.587538
0.764377
0.945286
1.081470
1.156838
1.171422
1.349037
1.590582
1.839111
1.938433
1.850170
1.592738
1.336589
1.316161
1.468360
1.525727
1.484984
1.479506
1.680901
1.813470
1.856664
1.784017
1.574105
1.325575
1.182907
1.434282
1.620282
1.656243
2.036790
2.444045
2.899560
3.359032
3.391782
3.003473
2.551461
2.057121
2.279478
2.674700
2.982825
3.032637
2.780872
2.655538
2.723691
2.791636
2.613593
2.268916
2.858848
3.543027
4.088207
4.102976
3.605902
3.078846
2.776339
2.923548
3.135278
3.456486
4.023211
4.643327
5.042223
5.606526
5.803801
5.514514
4.721652
4.025670
4.008101
3.487000
2.621624
2.162074
2.580436
3.083689
3.630171
4.220891
4.789387
5.185008
5.212268
4.876413
4.567842
4.448339
4.117678
3.623346
3.141400
3.255913
3.505529
3.589814
3.544244
3.604565
3.587149
3.575871
3.683939
4.000221
4.404736
4.942769
5.463412
5.290832
5.267166
4.913679
4.434542
4.517000
4.907670
5.209739
5.576952
5.673935
5.495158
5.058527
4.581234
4.135560
3.737297
3.697190
3.452313
3.176938
3.245022
3.106036
2.812510
2.763214
3.183772
3.663381
4.197439
4.784461
5.365411
5.739016
5.702570
5.322299
4.888135
4.552318
4.069243
4.281062
4.707458
5.315914
5.886370
6.036815
5.773037
5.163323
4.537282
3.976250
3.404466
2.826520
2.207736
1.222045
1.203297
1.501037
1.818709
2.097462
2.242598
2.114460
2.132674
1.814299
1.556629
1.645834
1.930538
2.324163
2.756882
3.307206
3.918885
4.521738
4.857857
4.705743
4.697165
3.686408
1.135750
0.643974
0.713805
0.900865
1.226622
1.612268
2.094167
2.566391
2.585012
1.804657
1.628823
0.000000
0.000000
0.000000
0.000000
0.000000
0.000000
0.000000
0.000000
0.000000
