track	type=wiggle_0
fixedStep	chrom=chr	start=1	step=1
0.000000
0.000000
0.000000
0.000000
0.000000
0.000000
0.000000
0.000000
0.000000
0.051956
0.365969
1.501440
3.374632
5.204900
5.987903
6.204957
6.085948
5.450088
4.023559
2.928105
2.192610
1.624125
1.214827
1.147410
1.074141
1.427686
1.961779
2.288425
2.290931
2.026206
1.646452
1.359866
1.348802
1.174826
0.910989
0.679970
1.013131
1.495361
2.278281
2.475008
2.045669
1.795540
1.975154
1.769625
1.119817
0.650051
1.295489
2.012353
2.624614
3.095513
3.282348
3.258463
3.636654
3.828054
3.724741
3.395786
3.008356
2.627016
2.281426
2.512025
2.984024
3.471472
3.786718
3.780696
4.158026
4.604664
4.791668
4.573969
4.131648
3.602364
3.092324
2.937293
3.084007
3.332830
3.316165
3.122498
2.856530
2.833354
3.126583
3.310679
3.453694
4.245159
5.417343
6.955574
7.404358
7.008830
6.052176
5.140089
4.244090
3.453739
3.166754
3.422695
3.514984
3.497587
3.309560
3.016749
2.809516
2.677288
2.829116
3.497457
3.888425
4.024872
3.949335
3.729713
3.682122
4.251784
4.819369
5.264745
5.427455
5.168172
4.613657
4.172108
4.129341
4.405620
4.504219
4.368822
4.111277
3.863639
3.831573
4.044509
4.054967
3.784461
3.411656
3.025258
2.805115
2.898164
2.992271
3.329009
3.685798
4.068727
4.470114
5.006189
5.682237
5.883461
5.552792
4.826230
4.367831
4.251935
4.119816
5.049543
6.178284
7.597897
9.034150
9.035046
7.608694
6.183541
5.040739
4.129515
3.504796
3.979577
4.492394
5.052189
5.635785
6.135502
6.306838
6.090520
5.582804
5.027884
4.831608
5.154508
5.721691
6.487160
7.264820
7.828874
7.861823
7.338993
6.574212
5.819614
5.163467
4.540918
3.972972
3.448755
3.503044
4.057288
4.250953
4.016592
3.455392
2.856939
2.508869
2.388728
2.354597
2.279668
2.521194
2.803527
3.022771
3.024033
2.841069
2.750343
2.540216
2.265727
2.033870
1.758415
1.497274
1.358431
1.249837
1.112800
0.956594
0.914931
0.849292
0.804600
0.612327
0.441789
0.468830
0.459797
0.408765
0.341982
0.299177
0.359264
0.446135
0.517603
0.544979
0.497750
0.485025
0.439410
0.381484
0.306472
0.230899
0.163871
0.138818
0.270221
0.454915
0.658052
0.758239
0.673292
0.477470
0.308576
0.360175
0.556131
0.882243
1.313785
1.634697
1.355619
0.970598
0.659018
0.432735
0.212264
0.085676
0.046059
0.032251
0.021738
0.027509
0.067943
0.168488
0.340563
0.589661
0.910485
1.229172
1.311900
1.112912
0.789862
0.495627
0.280830
0.128550
0.036919
0.019547
0.063117
0.135233
0.239085
0.374307
0.519999
0.643375
0.649928
0.541611
0.410413
0.379502
0.279199
0.196344
0.122148
0.057416
0.015225
0.000108
0.021373
0.092619
0.220582
0.413195
0.681475
1.035106
1.477413
2.010330
2.601397
3.366571
4.292290
4.985054
5.309213
5.408536
5.406756
5.300136
4.909408
3.997857
2.984592
2.221542
1.636584
1.188407
0.890583
0.748940
0.695388
0.715676
0.660369
0.510261
0.325291
0.175749
0.074235
0.017388
0.001326
0.000631
0.000997
0.000000
0.000000
0.000000
0.000000
0.000000
0.000000
0.000000
0.000000
0.000000
0.000000
0.000000
0.002228
0.017921
0.035606
0.030348
0.011074
0.000082
0.000000
0.000000
0.000000
0.000000
0.000000
0.000000
0.000000
0.000000
0.000000
0.000000
0.000000
0.000000
0.000000
0.010111
0.058012
0.148430
0.278847
0.464229
0.714419
1.037584
1.441739
1.937744
2.539122
3.257343
4.107931
5.105484
6.321013
7.946967
9.590858
9.590852
7.940262
6.302817
5.108390
4.110934
3.259929
2.541326
1.939637
1.445063
1.053838
0.774310
0.595066
0.421019
0.311509
0.299318
0.327019
0.406832
0.537834
0.689996
0.690804
0.530564
0.354349
0.237366
0.261190
0.294076
0.424155
0.537743
0.696520
0.889524
1.001836
0.991378
0.885617
0.716124
0.527434
0.380151
0.402473
0.451196
0.414513
0.376693
0.366526
0.281959
0.384399
0.605518
0.720758
0.725379
1.056091
1.507371
2.042050
2.567180
3.281238
3.801902
3.155979
2.407559
1.794243
1.654176
1.660277
1.564267
1.322361
1.169623
1.136938
0.982526
0.754397
0.563257
0.406187
0.514592
0.637165
0.773735
0.905571
0.974363
0.961518
0.873698
0.739564
0.610091
0.551292
0.490708
0.457687
0.555460
0.578964
0.506303
0.501839
0.597785
0.670418
0.701260
0.662800
0.584166
0.492606
0.485859
0.623994
0.773996
0.916080
0.979785
0.946084
0.973474
1.070331
1.096364
0.985348
0.834341
0.796499
0.985282
1.182505
1.301427
1.292959
1.523198
1.741449
1.924628
2.311469
2.817909
3.017465
2.766087
2.472780
2.052098
1.875016
1.783147
2.018076
2.437399
2.912555
3.433003
3.908099
4.114531
4.034717
3.688101
3.184005
2.754507
2.391706
2.166932
1.993388
2.207811
2.423185
2.589755
2.617010
2.611686
2.743767
2.785864
2.751746
3.147505
4.087923
5.489122
6.500101
6.504219
5.527033
4.213630
3.798098
4.079516
4.337023
4.565320
4.651567
4.592578
4.700780
4.888757
4.926895
4.755903
4.492814
4.575141
4.887396
5.197108
5.388713
5.388666
5.353387
5.213022
5.018277
4.711903
4.569935
4.406466
4.668027
4.994487
5.353524
5.749560
6.172305
6.615093
7.082469
7.567670
8.056174
8.477734
8.674001
8.594481
8.275974
7.794101
7.304226
7.691985
8.106377
8.122505
7.726087
7.088658
6.926171
7.194530
7.170614
6.873611
7.114963
7.629400
8.201571
8.803849
9.397131
9.848004
9.906044
9.516970
8.968461
8.361707
8.033328
7.493910
7.193143
7.430286
7.759147
7.750418
7.398181
6.933225
6.710995
7.567638
8.163064
8.928267
10.145112
11.595259
13.186195
14.656487
15.413104
15.155434
14.141257
13.607795
12.735174
14.057855
16.125477
16.734655
16.048870
13.679481
11.679770
10.110692
8.719526
7.500806
6.495307
6.244705
5.700973
5.044353
4.430038
4.227123
3.805428
3.438339
3.083595
2.906801
2.878273
2.690495
2.442551
2.220432
1.973670
1.730215
1.511694
1.338575
1.367649
1.469547
1.706850
1.915798
1.992690
1.903213
1.690354
1.456810
1.252390
1.058944
0.888027
0.818294
0.846566
0.875773
0.865968
0.783600
0.685308
0.625331
0.643791
0.626209
0.671294
0.781517
0.905843
1.007285
1.065578
1.104400
1.120461
1.049770
0.923822
0.798782
0.826603
0.843403
0.944200
1.070332
1.201749
1.334981
1.454409
1.505612
1.436732
1.285588
1.118269
0.972300
0.836255
0.705943
0.580691
0.467059
0.372712
0.299075
0.284657
0.356348
0.388547
0.364704
0.291694
0.173719
0.086976
0.026540
0.007380
0.001621
0.000283
0.000000
0.000000
0.000000
0.000000
0.000000
0.000000
0.000000
0.000000
0.000000
0.000000
0.000000
0.000000
0.000000
0.000000
0.000000
0.000000
0.000000
0.000000
0.000000
0.000000
0.000000
0.000000
0.005359
0.031382
0.070664
0.099916
0.091070
0.051052
0.036202
0.117441
0.251405
0.440450
0.675260
0.907880
1.022766
1.157256
1.154216
1.060649
0.858652
0.791558
0.980728
1.053852
1.039561
0.854809
0.619708
0.393502
0.219956
0.100305
0.176737
0.287617
0.560070
0.707486
0.748977
0.904924
1.132865
1.250638
1.228336
1.064899
0.944996
0.933293
0.796317
0.611882
0.433691
0.625467
0.896970
1.236745
1.612858
1.918906
2.050720
1.850721
1.568171
1.561566
1.832154
2.444079
3.189254
4.125611
5.597065
6.976924
7.493319
7.616072
7.615211
7.578756
7.449085
6.948773
5.646808
4.195880
3.255522
2.487365
1.852821
1.344613
0.964248
0.858611
1.006057
0.940957
0.766114
0.588147
0.432219
0.287881
0.221303
0.327722
0.437420
0.516545
0.513784
0.489948
0.401576
0.397634
0.480689
0.620836
0.804850
1.005648
1.230095
1.498130
1.768544
1.972922
1.983737
1.804395
1.521151
1.234339
0.990189
0.789057
0.858292
1.009042
1.165987
1.341445
1.514375
1.680555
1.829323
1.955436
2.042452
2.065943
2.260404
2.815807
3.425735
4.067562
4.697680
5.074520
4.836771
4.233178
3.529729
3.333236
3.580812
3.714539
3.694397
3.540621
3.326476
3.080900
2.842689
2.717499
2.773500
2.790357
2.608229
2.433745
2.479501
2.722598
3.004609
3.311036
3.634107
3.928283
4.137162
4.238817
4.230784
4.234587
4.054182
3.916456
3.900172
3.736968
3.457804
3.142534
2.876270
2.843516
2.739995
2.745703
2.939740
3.250046
3.593822
3.953586
4.307895
4.646449
4.985811
5.269229
5.607319
5.836612
5.982544
5.842960
5.541714
5.210327
4.941212
4.763516
4.578707
4.529130
4.857579
5.263757
5.654791
5.882053
5.923122
6.142995
6.471128
6.944524
7.345311
7.763126
8.196675
8.619555
8.595982
8.123239
7.549379
6.944616
6.767945
7.164063
7.383880
7.353989
7.073003
7.091299
7.141798
6.899708
7.196489
7.935228
8.786280
9.831963
10.958417
11.968080
12.985684
13.539223
13.440476
12.515105
11.172245
9.851061
8.638313
7.536986
6.587118
5.878453
5.752807
5.654372
5.222445
4.752892
5.271262
5.637068
5.646786
5.323596
4.978540
4.627952
4.387335
4.501244
4.779850
4.757285
4.672256
4.759417
4.588535
4.238306
3.776179
3.322134
2.910879
2.543480
2.214905
1.986328
1.981452
2.246141
2.535465
2.525886
2.597204
2.683923
2.835442
3.202132
3.536297
3.922012
4.116726
4.272471
4.255781
4.137033
3.881544
3.566727
3.174876
2.748250
2.357991
2.370674
2.706122
2.803335
2.819638
2.973808
3.047494
2.978791
2.810419
2.783020
2.651546
2.519243
2.642498
2.885668
3.104986
3.322696
3.457721
3.471136
3.304625
3.117592
3.162441
3.071724
2.911406
2.823330
2.765078
2.697869
2.521042
2.311018
2.117360
1.946558
1.889403
1.772964
1.616050
1.433643
1.266150
1.116429
0.979317
0.863417
0.826762
0.790153
0.723392
0.713742
0.645101
0.619749
0.780616
1.139372
1.583942
2.108543
2.091141
1.516515
1.046860
0.851210
0.827367
0.960103
1.094480
1.119472
1.042719
1.029393
1.023709
0.978353
0.840657
0.689126
0.821368
1.011843
1.235975
1.500853
1.795270
2.131169
2.501065
2.882453
3.227160
3.397373
3.228260
2.887200
2.510819
2.139118
1.802813
1.509411
1.265782
1.068419
0.951476
1.091054
1.232260
1.197451
1.517155
1.907995
2.190938
2.297714
2.214762
2.042322
1.742873
2.234263
2.866238
3.731724
4.970919
5.732584
5.296496
4.190009
3.233014
2.459337
1.816662
1.307734
0.922995
0.818751
0.758846
0.689578
0.554226
0.440600
0.545062
0.559520
0.475270
0.332726
0.204352
0.118200
0.223099
0.289187
0.276755
0.227618
0.174215
0.120119
0.112497
0.124524
0.170520
0.223498
0.279058
0.339008
0.402649
0.471302
0.530090
0.620239
0.720806
0.785924
0.780837
0.700373
0.584320
0.475411
0.384848
0.311642
0.260836
0.202867
0.145896
0.103640
0.125708
0.165900
0.210426
0.255835
0.277323
0.251898
0.205715
0.242389
0.309616
0.359578
0.353864
0.293372
0.219449
0.276859
0.365740
0.475171
0.596946
0.831334
0.982465
0.961321
1.169584
1.569821
2.089063
2.694292
3.301306
3.564355
3.314801
2.708013
2.106260
1.613240
1.256622
0.987028
0.724189
0.471658
0.368367
0.362311
0.380990
0.498901
0.645378
0.823144
1.023700
1.252495
1.506014
1.748699
1.908108
1.918187
2.078742
2.423436
2.830164
3.261955
3.656600
3.879468
3.813684
3.464354
3.054005
2.691983
2.452416
2.346855
2.325824
2.554512
2.546806
2.297488
2.442831
2.914748
3.454511
4.033463
4.734628
5.389800
5.665883
5.360448
4.697458
3.950646
3.296316
2.798882
2.302435
1.839732
1.549405
1.355489
1.149830
0.956504
0.796620
0.715245
0.701696
0.775029
0.852063
0.915374
0.878522
1.098704
1.400567
1.709231
2.023635
2.274241
2.337789
2.230158
2.050437
1.825863
1.583622
1.331607
1.148070
0.974569
0.781175
0.600372
0.447274
0.466297
0.567430
0.672118
0.789878
0.911869
1.029527
1.150140
1.262357
1.283966
1.309621
1.457352
1.624888
1.795116
1.947225
2.080277
2.085710
1.975824
1.819549
1.683622
1.530421
1.427304
2.196852
2.758254
2.772741
2.263662
1.547547
1.440048
1.565451
1.742520
1.862228
1.807985
1.669023
1.499933
1.338437
1.187961
1.032240
0.926554
0.830891
0.738838
0.739991
0.845878
1.185452
1.183830
0.841758
0.544865
0.516305
0.591862
0.681635
0.733033
0.700664
0.612170
0.550849
0.642043
0.678630
0.653756
0.562052
0.458932
0.359755
0.276608
0.210743
0.158311
0.203405
0.460318
0.786631
0.957077
1.012481
1.017914
0.970959
0.787631
0.424038
0.311652
0.529216
0.793290
1.018661
1.023051
0.798483
0.536291
0.313574
0.256618
0.203479
0.136978
0.091176
0.060942
0.136914
0.295196
0.380898
0.402091
0.371594
0.275507
0.110377
0.035182
0.028378
0.042011
0.089844
0.092440
0.038989
0.002588
0.000000
0.000000
0.000000
0.000000
0.000000
0.000000
0.000000
0.000000
0.000000
0.000000
0.000000
0.002662
0.004913
0.001546
0.000000
0.000000
0.000000
0.000000
0.003968
0.019029
0.023883
0.015699
0.002883
0.000000
0.000000
0.000000
0.000000
0.000000
0.008929
0.049613
0.125372
0.241512
0.406429
0.628550
0.900720
1.139470
1.203510
1.008508
0.749531
0.509264
0.321554
0.181476
0.090336
0.073775
0.069678
0.035906
0.054614
0.096187
0.101058
0.063477
0.086244
0.121430
0.176763
0.356883
0.647878
0.815635
0.796840
0.572826
0.262526
0.093900
0.098507
0.146275
0.191188
0.208634
0.192742
0.141468
0.096067
0.070238
0.056808
0.154664
0.288203
0.287586
0.171442
0.236956
0.305501
0.378120
0.454183
0.532419
0.592911
0.613580
0.678371
0.766575
0.820969
0.810054
0.732479
0.639249
0.553746
0.567453
0.635209
0.627203
0.549037
0.624137
0.699172
0.786910
0.882609
0.946879
0.919015
0.806951
0.686572
0.601391
0.515434
0.435808
0.451375
0.419148
0.409036
0.388924
0.382247
0.360633
0.296803
0.228755
0.205894
0.232780
0.254091
0.322505
0.370497
0.438406
0.564845
0.679210
0.753535
0.954134
1.098825
1.067504
0.896661
0.942410
1.054967
1.140301
1.161940
1.196329
1.224524
1.403589
1.751960
2.116514
2.502827
2.903832
3.531610
4.545201
5.116090
5.602958
5.967073
5.697854
5.152943
4.445041
3.767730
4.041254
4.598618
5.098639
5.283825
5.347130
5.210042
5.414921
5.530254
5.212108
4.453259
3.952695
4.443893
4.816992
4.919086
4.739327
4.832390
5.418477
5.926480
6.268552
6.092931
6.282466
6.652579
6.557533
5.998312
5.291843
4.626286
4.025538
4.056171
3.766029
3.974381
4.385113
4.663515
4.649221
4.360129
3.974205
4.206896
4.626863
5.449500
6.304555
6.812808
6.323078
5.436684
5.623993
6.029748
6.273819
6.166272
6.165198
6.373969
6.345211
5.993163
5.488215
4.996741
4.546566
4.455191
4.271705
3.885928
3.831750
3.797112
3.562999
3.210363
3.616364
4.106359
4.659623
5.269464
5.891254
6.310416
6.341794
5.929067
5.339297
4.736163
4.138123
3.611772
3.150037
2.906019
3.374097
3.791296
4.104177
4.323287
4.021665
3.506724
2.935929
2.422197
1.965840
1.569688
1.232278
0.943774
0.697633
0.481200
0.411324
0.357601
0.286014
0.376049
0.473651
0.396896
0.280867
0.162107
0.286844
0.458036
0.633633
0.835681
0.992403
0.968377
0.758636
0.440173
0.078867
0.000000
0.000000
0.000000
0.000000
0.000000
0.000000
0.000000
0.000000
0.000000
0.013469
0.028378
0.011647
0.000000
0.000000
0.000000
0.000000
0.000000
0.000000
0.000000
0.000000
0.000000
0.000000
