track	type=wiggle_0
fixedStep	chrom=chr	start=1	step=1
0.000000
0.000000
0.000000
0.000000
0.000000
0.000000
0.000000
0.000000
0.000000
1.560275
3.372324
4.682299
5.329037
5.145873
3.887661
2.867809
2.104471
1.526724
1.102433
0.817181
0.651364
0.494763
0.381146
0.341149
0.510816
0.706013
0.707688
0.551526
0.387653
0.250347
0.154775
0.078098
0.028766
0.024712
0.096090
0.245777
0.488118
0.845125
1.285374
1.257319
0.784254
0.494229
0.377413
0.513908
1.211892
1.730880
1.938449
1.798913
1.564205
1.298011
1.051688
0.836869
0.735777
0.938624
1.202211
1.519170
1.884300
2.260736
2.495311
2.468642
2.208437
1.832543
1.472763
1.161211
0.976476
0.903981
1.035332
1.461576
1.848310
1.930219
1.793614
1.595750
1.380266
1.242803
1.213184
1.118050
1.189176
1.392054
1.631442
1.901752
2.163495
2.281610
2.219035
2.053838
1.874928
1.720797
1.549946
1.336702
1.579082
1.971865
2.426033
2.939115
3.534306
4.165738
4.658207
4.669394
4.184943
3.569960
2.989250
2.463472
2.003596
1.636973
1.457901
1.446712
1.375173
1.547814
1.653462
1.638976
1.653278
1.865898
2.059289
2.427937
2.568144
2.439465
2.033797
1.809936
1.775185
1.881416
2.442048
3.112038
3.792317
4.185020
3.942188
3.412927
2.721133
2.091897
1.616494
1.699497
1.822830
1.810270
2.004940
2.090024
2.093426
1.997749
1.854538
2.111892
2.371542
2.719003
3.539977
3.546947
2.775306
2.332694
2.075257
1.820318
1.584207
1.711820
1.910788
1.957000
1.812195
1.626233
1.538200
1.585757
1.625808
1.867758
2.012616
2.094177
1.977462
2.049645
2.268255
2.594904
2.761459
2.800389
2.670182
2.361447
2.068662
1.848358
2.108331
2.656945
3.262179
3.755693
3.755693
3.261645
2.664121
2.102662
1.625815
1.252718
1.119928
1.087773
1.121888
1.333057
1.535002
1.745476
1.887232
1.866693
1.700123
1.445857
1.141563
0.875940
0.643315
0.541154
0.590639
0.645141
0.667967
0.660856
0.679506
0.805599
0.845244
1.169255
1.567547
1.770994
1.561151
1.177752
0.812599
0.579638
0.543842
0.446545
0.392924
0.464076
0.543001
0.589429
0.559099
0.508002
0.478268
0.412607
0.365788
0.360779
0.305230
0.302321
0.382491
0.454844
0.480352
0.463490
0.399847
0.652827
1.022569
1.480139
1.769565
1.440952
1.014257
0.656778
0.551184
0.726875
0.997986
1.245950
1.191651
1.082613
1.015783
1.028459
1.128309
1.275674
1.438385
1.611080
1.775161
1.909689
1.944660
1.878002
1.728651
1.574431
1.539754
1.517416
1.614616
1.668553
1.796980
1.968869
2.123144
2.243830
2.381468
2.406554
2.315449
2.264290
2.252728
2.256662
2.169603
1.991029
1.802379
1.612704
1.689737
1.881529
2.064034
2.194553
2.187209
2.153856
2.152765
2.121930
2.431754
3.136075
3.967997
5.261148
5.830079
5.984254
6.012838
5.984254
5.854486
5.410906
4.455440
4.885357
5.742393
6.649445
7.631606
8.784488
9.780731
10.264076
9.779016
9.047098
7.955595
6.846310
5.851691
4.979389
4.208939
4.158286
4.317809
4.890039
5.559434
6.102230
6.307364
5.930923
6.312881
6.930142
7.610298
8.341691
9.131629
9.979663
10.881223
11.810843
12.562494
12.891424
12.500141
11.759857
10.843959
9.962084
9.119148
8.330375
7.600247
6.948855
7.381747
7.333176
6.746945
6.052636
5.330917
5.012375
5.787678
6.616681
7.484916
8.091658
8.166630
7.679191
6.835294
6.068858
5.304862
5.353867
5.915304
7.065126
8.357170
9.852563
11.570833
13.617664
16.394318
18.742376
18.845818
16.880371
14.475948
12.327669
10.474172
8.869766
7.483460
6.287201
5.246813
5.025334
5.408963
5.696327
5.811158
5.621493
5.314948
4.949759
4.577652
4.301630
4.356062
4.146315
3.947297
3.544130
3.115754
3.256794
3.430300
3.313952
3.021898
2.871389
3.127994
3.188705
2.998373
2.788520
2.726140
3.104081
3.506447
3.837438
4.089084
4.381994
4.693139
4.978356
5.149186
5.126590
4.904294
4.934924
4.946955
4.930899
4.855305
4.572523
3.915697
3.544150
4.136868
4.793081
5.290668
5.348286
4.860960
5.170256
5.469457
5.504323
5.277883
4.746571
4.474679
4.587555
4.653225
4.972915
5.918730
7.058067
7.830882
7.996423
7.612409
7.633606
7.823081
8.200690
8.646270
9.066715
9.290057
9.287313
9.227876
9.205401
8.743288
8.456469
8.301889
8.419372
8.783359
9.228083
9.593302
9.785171
9.587085
9.226677
8.789246
8.369226
7.944636
7.547181
7.237215
7.154631
7.059439
7.072006
6.435743
5.536444
4.697074
4.057204
3.918909
4.053486
4.116560
4.097661
4.100675
4.008180
3.686460
3.294973
3.232578
3.220983
3.148160
3.041719
2.895723
2.917426
2.601943
2.383248
2.131696
1.872686
1.589785
1.742394
1.951935
2.174756
2.399627
2.590474
2.638929
2.548429
2.581823
2.852129
2.826258
2.783717
2.708545
2.794834
2.938243
2.992868
3.002167
3.714765
4.536421
5.387841
5.989454
5.985764
5.385724
4.563801
3.857258
3.411482
3.131028
2.632824
2.847751
3.004098
3.027093
2.886119
2.682021
2.464641
2.531843
3.010735
3.313509
3.305730
2.958345
2.435884
2.192989
2.322853
2.673002
2.980204
3.221251
3.350842
3.410034
3.354238
3.163887
2.926859
2.773308
2.706452
3.079374
3.457515
3.812684
4.289664
4.789264
5.122640
5.082417
4.723536
4.249421
3.873565
3.876606
3.974233
3.897194
3.657138
3.377517
3.039308
2.932878
3.140965
3.225054
3.109253
3.208977
3.189451
3.045115
3.336716
3.876936
4.542702
5.311327
6.121013
6.850482
6.917168
6.324197
5.605952
5.058465
4.894454
4.770019
5.123103
5.743049
6.047485
6.076627
5.798077
5.348592
4.813024
4.469576
4.546321
5.073557
5.701890
6.491393
7.489894
9.420254
10.873122
11.306971
10.870418
9.373581
7.607810
6.460353
5.437698
4.566003
4.032542
3.526050
3.315090
3.154052
3.098346
3.515972
3.722425
3.614720
3.175989
3.199818
3.051106
2.734447
2.405770
2.120132
1.935149
1.691488
1.553281
1.695703
1.853664
2.076199
2.257147
2.353916
2.243325
2.034759
1.798186
1.567623
1.358209
1.171227
1.019235
0.943352
0.964611
1.069197
1.172126
1.298065
1.412446
1.529732
1.922860
2.150729
2.200432
2.149497
1.915814
1.417384
1.394413
1.269597
1.332531
1.322700
1.204350
1.105170
1.110694
1.191471
1.261828
1.303710
1.332640
1.306836
1.205914
1.062891
0.913728
0.769698
0.640016
0.529082
0.434114
0.350693
0.272102
0.194109
0.128871
0.077017
0.041869
0.020073
0.008378
0.000062
0.000000
0.000000
0.000000
0.000000
0.000000
0.000000
0.000000
0.000000
0.000000
0.000000
0.000000
0.000000
0.000000
0.000000
0.000000
0.000000
0.000000
0.000000
0.000000
0.000000
0.000000
0.003133
0.009847
0.007054
0.058693
0.168060
0.282777
0.290973
0.176437
0.061748
0.017728
0.070011
0.158340
0.287828
0.463615
0.691097
0.949961
1.144184
1.127548
0.912131
0.646612
0.790571
1.119843
1.448620
1.658253
1.637973
2.062892
2.590453
3.324560
4.399702
5.749757
6.271618
5.761341
4.433638
3.383491
2.584030
1.919430
1.373675
0.935046
0.594643
0.343261
0.167317
0.061780
0.014442
0.003204
0.000278
0.000000
0.000000
0.002025
0.029164
0.075807
0.112801
0.098821
0.048651
0.010783
0.000000
0.000000
0.000000
0.000000
0.000000
0.000000
0.000000
0.000000
0.024708
0.075117
0.108239
0.158568
0.117528
0.116188
0.103353
0.076771
0.033019
0.000000
0.000000
0.000000
0.000000
0.000000
0.000000
0.000000
0.000000
0.000000
0.000000
0.000000
0.000000
0.000000
0.000000
0.000000
0.000000
0.000000
0.000000
0.000000
0.000000
0.000000
0.000000
0.000000
0.000000
0.000000
0.000000
0.000000
0.000000
0.000000
0.006351
0.038579
0.088237
0.136256
0.137543
0.176444
0.264517
0.397467
0.512373
0.487297
0.350143
0.410962
0.641953
0.933833
1.267727
1.707355
2.278416
2.978238
3.786723
4.821142
6.464390
7.691971
8.045676
7.707918
6.492227
4.867421
3.795761
2.938037
2.235348
1.742425
1.780879
1.936722
1.807703
1.481853
1.209539
1.018222
0.785099
0.577388
0.556910
0.779242
1.045178
1.358929
1.681955
1.913362
1.943239
1.774447
1.472358
1.788420
2.145717
2.454931
2.585652
2.450363
2.127447
1.766410
1.437593
1.266128
1.271559
1.320713
1.538452
1.778426
2.024845
2.282843
2.501973
2.601133
2.479947
2.247605
2.001913
1.762190
1.549219
1.657258
1.776240
1.720012
1.921552
2.161381
2.419825
2.692204
2.944679
3.188015
3.454022
3.751915
4.072743
4.372571
4.511760
4.463225
4.217236
3.918551
3.604022
3.283127
2.962305
2.666433
2.415792
2.666728
2.841725
2.843317
2.658212
2.379698
2.102082
1.838058
1.589694
1.370292
1.297503
1.499958
1.719115
1.952939
2.140144
2.177645
2.050283
1.829126
1.590488
1.361494
1.474753
1.503096
1.588152
1.689680
1.804422
2.054202
2.555484
2.885556
2.704459
2.492056
2.443089
2.378613
2.292153
2.597453
3.015969
3.428150
3.693479
3.728571
3.467643
3.246298
2.899237
2.600470
2.296153
2.305706
2.636096
2.876206
3.067709
3.474900
3.886646
4.133217
4.253603
4.437754
4.816004
4.855082
4.426331
3.871045
3.293943
3.408722
3.898155
4.550317
5.389058
6.363330
7.453762
8.716183
10.144592
11.502290
12.051732
11.480596
10.166523
8.798739
7.550688
6.443651
5.447946
4.563465
3.781892
3.101717
2.505884
1.991268
1.555519
1.199506
0.918285
0.721695
0.677778
0.559681
0.405556
0.264967
0.152695
0.072298
0.022626
0.001244
0.003487
0.008678
0.013404
0.011429
0.016750
0.022513
0.017090
0.006097
0.000004
0.000000
0.000000
0.000000
0.000042
0.010050
0.039089
0.085427
0.145075
0.212645
0.252613
0.232039
0.177212
0.111277
0.059501
0.026101
0.009277
0.012539
0.025614
0.023962
0.017233
0.026573
0.020273
0.008502
0.000501
0.000828
0.001544
0.000150
0.000000
0.000000
0.000000
0.000000
0.000000
0.000000
0.000000
0.000000
0.000000
0.000000
0.000000
0.003497
0.048983
0.150492
0.314578
0.557935
0.891659
1.321714
1.798334
2.265722
2.578176
3.128752
3.520139
3.818310
3.676014
3.193430
2.637228
2.262485
2.101310
2.125145
1.934594
1.950032
2.077085
2.722840
3.456402
4.262598
5.479306
6.228535
5.701467
4.666069
4.130923
3.447979
2.796418
2.235776
1.899354
1.536600
1.332756
1.068230
0.762504
0.498036
0.570822
0.741434
0.922184
1.029947
0.986776
0.970713
0.866403
0.806286
0.892510
1.102293
1.233696
1.250066
1.093542
0.856021
0.675638
0.642263
0.581487
0.615167
0.730680
0.924229
1.138317
1.386104
1.613603
1.794532
1.776206
1.579914
1.375591
1.609092
1.860590
2.144074
2.439185
2.650156
2.679603
2.488016
2.202053
1.970490
1.911718
2.060399
2.074034
1.925635
1.709798
1.672850
1.747083
1.638844
1.437217
1.224635
1.208209
1.178571
1.289842
1.347264
1.322249
1.306765
1.632394
1.991603
2.279319
2.865924
3.625165
4.510768
5.486497
5.957544
5.461034
4.498177
3.586758
4.213335
5.018367
5.993113
7.088084
8.035730
8.692814
8.490083
7.740182
6.614992
5.535323
4.632155
3.914867
3.239244
2.615355
2.077371
1.613454
1.224302
0.968664
0.846739
0.654124
0.569595
0.652746
0.816461
0.983880
1.165578
1.376318
1.461430
1.561779
1.645568
1.630725
1.534593
1.439268
1.286149
1.337816
1.357746
1.245066
1.077075
0.826119
0.603265
0.408499
0.399519
0.401588
0.353493
0.433161
0.538553
0.612220
0.695427
0.809504
0.875807
0.814931
0.708715
0.566445
0.432905
0.325438
0.314127
0.323731
0.311420
0.324769
0.327169
0.312225
0.376217
0.478859
0.599381
0.718431
0.803223
0.880012
0.880829
0.717664
0.660412
0.554265
0.568773
0.631228
0.678079
0.670498
0.603633
0.558179
0.482438
0.405824
0.386619
0.461458
0.489812
0.515580
0.702747
0.968992
1.252270
1.504887
1.763898
1.856271
1.734363
1.420841
1.091625
0.819726
0.920883
1.356327
1.897251
2.569736
3.061347
3.060909
2.517294
1.749430
1.296820
1.223375
1.052497
1.090334
1.305885
1.274328
1.152793
1.172840
1.316889
1.426823
1.717740
2.092392
2.533524
3.010545
3.394115
3.457267
3.179924
3.007116
2.674973
2.334796
2.555078
2.519924
2.834194
3.437337
3.816220
3.843252
3.757691
3.222412
2.630060
2.101009
1.665877
1.350201
1.295985
1.814568
2.461271
3.285234
4.397008
5.893486
6.529697
6.694116
6.658433
6.437151
5.829152
4.480025
3.526500
2.759284
2.116531
1.586829
1.169634
0.910471
0.906029
1.018420
1.094626
1.124934
1.246043
1.209713
0.982648
0.746222
0.523452
0.327873
0.183097
0.083124
0.022787
0.102021
0.223130
0.343228
0.343666
0.231592
0.146641
0.075230
0.043749
0.119921
0.285198
0.553205
0.714053
0.772529
0.770090
0.703385
0.517999
0.223508
0.066450
0.007058
0.000000
0.000000
0.000000
0.000000
0.000000
0.000000
0.000000
0.000000
0.000000
0.000000
0.000021
0.046219
0.110983
0.141726
0.151575
0.156214
0.162946
0.173671
0.190270
0.206089
0.211596
0.111084
0.044727
0.021067
0.011189
0.006458
0.002808
0.000092
0.000000
0.000000
0.000000
0.000000
0.000000
0.000000
0.000000
0.000000
0.000000
0.000000
0.000000
0.000000
0.000000
0.000000
0.000000
0.009807
0.048948
0.117540
0.162444
0.115556
0.032673
0.001031
0.000000
0.000000
0.000051
0.012972
0.101746
0.263970
0.355510
0.380246
0.378925
0.361167
0.299919
0.195651
0.226819
0.325928
0.554927
0.802963
0.925057
0.960267
0.960562
0.926843
0.798339
0.520760
0.245003
0.116094
0.029890
0.003396
0.013889
0.027939
0.019818
0.014277
0.011582
0.009286
0.022155
0.043229
0.084617
0.186693
0.232345
0.244070
0.243635
0.232098
0.190775
0.101573
0.137816
0.177789
0.194351
0.172017
0.118738
0.144916
0.224904
0.308659
0.353354
0.418324
0.436729
0.440903
0.441201
0.441506
0.434479
0.403058
0.297085
0.296432
0.387032
0.478053
0.554801
0.682434
0.836442
0.999636
1.147947
1.242297
1.215011
1.063477
0.898145
0.730144
0.588372
0.741011
0.900206
1.075519
1.278950
1.461863
1.589179
1.661349
1.504606
1.310458
1.644284
2.003351
2.532049
3.204503
3.886705
4.534238
4.696208
4.441586
5.305119
6.895989
7.847143
7.839322
6.886447
5.303858
4.229800
3.438044
2.759119
3.171083
3.678820
4.267836
4.908197
5.554048
6.140505
6.416194
6.257283
6.762043
7.499891
8.104524
8.307220
7.843796
7.124113
6.309803
5.513330
4.857611
4.364904
4.825348
5.341107
6.008951
6.915007
7.364868
7.005776
6.964033
6.532441
5.963106
5.376263
4.833267
4.352876
3.983464
3.650661
3.263151
2.881163
2.788026
3.054673
3.209079
3.099431
2.841528
2.530319
2.231462
2.591440
2.942335
3.104131
3.037309
2.725733
2.379206
2.618300
2.955569
3.121871
3.074511
2.834718
2.484718
2.107949
1.755290
1.610720
1.866224
2.227344
2.569952
2.702642
2.534755
2.172167
1.794895
1.443834
1.139296
0.879781
0.665043
0.502162
0.501038
0.498226
0.488266
0.467468
0.437517
0.533312
0.621401
0.676884
0.559366
0.386021
0.238175
0.106289
0.086107
0.177062
0.308775
0.483048
0.701987
0.940120
1.104962
1.246043
1.111734
0.193270
0.000000
0.000000
0.000000
0.000000
0.000000
0.310366
0.092004
0.223130
0.343228
0.290115
0.021043
0.004881
0.000000
0.000000
0.000000
0.000000
0.000000
0.000000
0.000000
0.000000
0.000000
