track	type=wiggle_0
fixedStep	chrom=chr	start=1	step=1
0.000000
0.000000
0.000000
0.000000
0.000000
0.000000
0.000000
0.000000
0.000000
0.034167
0.282491
1.226510
2.825654
4.427195
5.106632
5.293205
5.188763
4.642705
3.390426
2.428250
1.813041
1.523218
1.414293
1.083058
0.775438
0.514249
0.302566
0.257156
0.404559
0.522934
0.502562
0.364243
0.230744
0.116564
0.090950
0.048325
0.006949
0.017866
0.081479
0.199477
0.431235
0.834555
1.363338
1.363337
0.833415
0.422843
0.178676
0.299584
0.446344
0.558118
0.600943
0.603409
0.564408
0.452990
0.402433
0.377387
0.385377
0.425215
0.395833
0.337940
0.516057
0.712929
0.843237
0.835556
0.699483
0.521148
0.468717
0.569936
0.606752
0.623627
0.897697
1.113878
1.245175
1.228715
1.112699
1.114174
1.326831
1.544372
2.108496
2.812542
3.637007
4.776050
6.407509
8.101473
8.565317
8.113848
6.472926
4.968968
3.865518
3.009441
2.271836
2.413853
2.286516
2.206780
2.488906
2.544027
2.274120
2.157896
2.358504
2.482411
2.555344
2.581765
2.656738
2.681298
2.608594
2.599503
2.664067
2.888752
3.164096
3.259983
3.151205
3.066574
2.889496
2.854832
2.898931
2.714979
2.351750
1.980403
1.708794
1.960193
2.215979
2.425543
2.580368
2.520463
2.328241
2.092551
2.042572
2.373091
2.844850
3.113786
3.321377
3.414263
3.757070
4.133679
4.240245
3.885632
3.420279
3.125415
3.327764
4.243124
5.297085
6.484373
7.780216
7.780218
6.484372
5.297406
4.294003
3.562336
2.981035
2.373353
2.080735
1.687929
1.280314
0.919172
0.635826
0.485600
0.505044
0.572049
0.702248
0.847174
1.003126
1.148155
1.299534
1.403300
1.508265
1.603190
1.566731
1.411495
1.220026
1.039554
0.884335
0.768401
0.731701
0.658494
0.786080
0.898654
0.999878
1.013891
1.113957
1.240761
1.273567
1.221611
1.101393
1.099373
1.260169
1.412885
1.547173
1.685221
1.737527
1.685766
1.531208
1.349974
1.181941
1.059199
1.122676
1.262131
1.355027
1.287377
1.147288
1.208179
1.169742
1.041358
0.897021
0.824285
0.769297
0.751605
0.845707
0.899335
0.880467
0.785271
0.695005
0.609836
0.498341
0.513687
0.597954
0.670705
0.831858
0.915319
0.856022
1.022691
1.301953
1.653770
2.057708
2.487922
2.880777
3.147595
3.281606
3.045436
2.618428
2.756431
3.376089
4.105136
4.941195
5.890469
6.880216
7.667748
8.293297
8.225883
8.092478
9.259248
10.773570
12.559310
14.432653
15.778293
15.776130
14.434343
12.560452
10.760979
9.165435
7.767887
6.556276
5.494102
4.587622
3.859388
3.418199
3.751284
3.857793
3.808773
3.732141
3.871429
4.416679
4.703595
4.605677
4.291485
4.678162
4.868782
5.229189
5.377177
5.097530
4.609114
4.231283
4.372475
4.882633
5.207803
5.254177
5.343920
5.601581
5.415014
4.987463
4.452834
3.927347
3.584426
4.207184
4.501054
4.611123
4.640086
4.549845
4.272221
3.828333
3.566917
3.529073
3.941465
4.127647
4.187102
4.612502
4.600867
4.111109
3.549091
2.953924
2.362963
2.465623
2.984781
3.276724
3.139977
2.774735
2.483629
1.761911
1.853523
1.938552
1.824453
1.536784
1.210315
0.916065
0.670199
0.543767
0.641465
0.818313
0.941070
0.858635
0.649685
0.447722
0.328523
0.209755
0.218150
0.432370
0.677809
0.836197
0.758469
0.516478
0.282009
0.116730
0.025949
0.000000
0.000000
0.000000
0.000000
0.005739
0.013650
0.006752
0.000000
0.000000
0.000000
0.000000
0.000000
0.000000
0.000000
0.001829
0.044385
0.122004
0.146685
0.265718
0.547930
0.554175
0.287403
0.091932
0.009653
0.000000
0.000000
0.000000
0.000000
0.000000
0.000000
0.000000
0.000000
0.000000
0.000000
0.000000
0.000000
0.000000
0.000000
0.000000
0.000000
0.000000
0.000000
0.000000
0.000000
0.000000
0.000000
0.000000
0.000000
0.000000
0.000000
0.000000
0.000000
0.000000
0.000000
0.000000
0.000000
0.000000
0.000000
0.000314
0.010643
0.021649
0.024910
0.017396
0.004578
0.016617
0.037474
0.036887
0.014638
0.000000
0.000000
0.022556
0.105015
0.208817
0.257948
0.193448
0.093044
0.023258
0.000198
0.000553
0.017345
0.063713
0.140124
0.224459
0.317006
0.427244
0.648562
0.963934
1.368796
1.826901
2.176020
2.164465
1.829905
1.379973
0.972063
0.655193
0.559640
0.748781
0.961947
1.147735
1.201650
1.076718
0.874420
1.059001
1.441448
1.732258
1.735908
1.457430
1.087863
0.735216
0.456821
0.329819
0.451869
0.595468
0.760124
0.947235
1.154648
1.352365
1.460550
1.443694
1.296914
1.095317
0.893178
0.711895
0.825612
1.157822
1.635300
2.114538
2.282367
2.077162
1.600800
1.125530
0.753091
0.460444
0.432634
0.595793
0.768706
0.920655
1.088320
1.164844
1.126278
1.157331
1.137047
1.402565
1.757135
2.138195
2.391102
2.411632
2.176771
1.811724
1.449755
1.180608
1.203999
1.139686
1.140210
1.195680
1.408885
1.841629
2.331178
2.728147
2.728148
2.303219
1.809581
1.359271
1.218904
1.150839
1.028645
0.896117
0.905042
0.975789
1.157109
1.452706
1.716315
1.732541
1.638401
1.810499
1.785459
1.526040
1.592862
1.610641
1.318975
1.507152
1.597120
1.568790
1.418317
1.320227
1.268416
1.355239
1.552256
1.683784
1.703961
1.672768
1.681082
1.628583
1.511037
1.755481
1.970952
2.064938
1.952685
1.728210
1.743429
1.727873
1.805423
2.015173
2.254590
2.382931
2.340307
2.278431
2.233132
2.064967
1.929485
1.884623
1.866008
1.782563
1.871211
2.049551
2.091156
2.003503
1.860949
2.031056
2.126710
2.109916
2.059484
2.039551
2.287173
2.259921
2.451999
3.068472
3.806587
4.658265
5.632547
6.660954
7.443019
7.578118
6.893892
6.034972
5.939001
6.675849
7.435669
8.986514
9.720859
9.903379
9.466824
8.133383
6.274663
4.975004
4.025096
3.252377
3.148200
3.376380
3.310104
3.290448
3.145691
2.825084
2.690332
3.130992
3.519603
3.689516
3.484246
3.446221
3.288936
2.944784
2.684735
2.309152
2.253433
2.587456
2.724847
2.586960
2.504840
2.393316
2.109371
1.908161
2.070882
1.884833
1.459919
1.062722
0.723957
0.556435
0.735252
1.013600
1.288100
1.377676
1.292087
1.022291
0.758557
0.513342
0.318464
0.520097
0.809387
1.121160
1.365285
1.491928
1.373594
1.039337
1.175614
1.595318
1.600926
1.168454
0.658227
0.337430
0.288424
0.359606
0.318602
0.253874
0.279628
0.244014
0.185963
0.122862
0.113656
0.147210
0.152793
0.123437
0.096651
0.074577
0.049110
0.021389
0.004150
0.002366
0.003648
0.000192
0.000000
0.000000
0.011760
0.036936
0.046402
0.034199
0.005530
0.000000
0.000000
0.000000
0.000000
0.000000
0.000000
0.000000
0.000000
0.001768
0.027827
0.088413
0.194303
0.315247
0.320680
0.207291
0.085457
0.012392
0.000000
0.000000
0.000000
0.000000
0.000000
0.000000
0.000000
0.001074
0.000000
0.000000
0.000000
0.000000
0.000000
0.000000
0.000000
0.000000
0.000000
0.000000
0.000000
0.000145
0.031807
0.080628
0.197581
0.434502
0.787035
1.009206
0.806002
0.492263
0.335700
0.208806
0.237072
0.418853
0.531326
0.580204
0.597267
0.601959
0.604174
0.597822
0.570093
0.488377
0.322613
0.126944
0.023489
0.004663
0.000581
0.015775
0.069981
0.132285
0.195400
0.249716
0.269267
0.253255
0.245280
0.219293
0.175615
0.161366
0.201340
0.268473
0.291949
0.354752
0.447340
0.535560
0.586631
0.586190
0.519426
0.429004
0.472802
0.565090
0.637011
0.647415
0.740942
0.886274
1.035883
1.156141
1.240546
1.218661
1.102919
0.962570
0.838398
0.765885
0.778535
0.859185
0.929963
0.972677
1.098111
1.255179
1.320885
1.313004
1.550400
1.758099
1.861556
1.783830
1.659586
1.832075
1.990685
1.995712
2.256284
2.463621
2.434843
2.202684
1.943479
1.998775
2.101723
2.433263
2.860568
3.322795
3.823303
4.364191
4.975828
5.667445
6.427878
7.255407
8.152138
9.108654
9.974783
10.420513
10.085921
9.297254
8.530386
8.706359
8.987979
8.940585
8.641834
8.065661
7.444142
6.790483
6.162127
6.053857
6.268884
6.210272
5.803737
5.928828
6.480659
6.993466
7.250568
7.220548
6.863626
6.405359
6.094194
6.083610
6.094330
6.404122
6.890971
7.442347
7.986608
8.548977
9.126825
9.629727
9.951466
10.421763
10.438419
9.920891
9.300489
8.632623
7.927369
7.550509
7.487032
7.212918
6.784866
6.992330
6.978726
6.667289
6.290009
6.775259
7.283048
7.817393
8.284999
8.563053
8.528460
8.201760
8.328621
8.921995
9.482361
9.833808
9.880033
9.598127
9.119730
8.559084
8.026630
7.622797
7.799099
7.648951
7.305111
6.824334
6.331411
5.876909
5.486517
5.123783
5.387748
6.046778
6.372648
6.044654
5.345827
4.615309
4.371151
4.738480
5.065319
5.191029
4.966039
4.580843
4.350904
4.015881
4.049338
3.855706
3.569823
3.520998
3.896760
4.233003
4.673160
5.046285
5.291478
5.273941
4.979896
4.562263
4.142057
3.755813
3.474250
3.636371
3.549569
3.321325
3.019886
2.721801
2.442699
2.190682
1.924732
1.668888
1.514177
1.473529
1.340287
1.384343
1.357786
1.224559
1.072660
0.912926
0.949229
1.348434
1.839513
2.383132
2.849096
3.144020
3.738605
3.955706
4.011014
4.044152
4.025260
3.904592
3.638384
2.974071
2.418867
2.576736
2.383508
1.950291
2.164694
2.430055
2.588205
2.529297
2.153183
1.748964
1.408594
1.242051
0.980241
1.255846
1.232768
0.891718
0.667316
0.677980
0.645133
0.753944
0.809121
0.872442
0.910602
0.841406
0.736766
0.629839
0.526248
0.429183
0.328664
0.230795
0.150653
0.095561
0.052862
0.030608
0.036863
0.037255
0.036777
0.039091
0.028301
0.025515
0.033905
0.026271
0.029160
0.052228
0.089720
0.127441
0.164997
0.163540
0.156560
0.152713
0.113491
0.073105
0.084473
0.098573
0.103431
0.109372
0.120389
0.145370
0.190845
0.258260
0.136811
0.113382
0.145829
0.170080
0.166638
0.160193
0.188230
0.207949
0.205269
0.172849
0.131643
0.127042
0.144322
0.144689
0.138135
0.106376
0.074314
0.079718
0.070834
0.059328
0.063555
0.099748
0.137610
0.252514
0.439855
0.578701
0.599527
0.484260
0.329740
0.242532
0.222181
0.271334
0.409805
0.666373
1.036320
1.522139
2.116299
2.787426
3.542175
4.711386
5.427519
5.010484
3.911097
2.962124
2.197943
1.569296
1.076060
0.767036
0.733591
0.691591
0.625507
0.497005
0.474314
0.540014
0.591381
0.559853
0.652745
0.865249
1.090200
1.324515
1.507787
1.524049
1.347863
1.343672
1.254844
1.523998
1.750303
1.767657
1.885353
2.104712
2.276488
2.291515
2.234520
2.402992
2.815222
3.283270
3.726749
3.949419
3.769938
3.314571
2.810659
2.415220
2.587089
2.918767
3.058421
2.952999
2.835294
2.773916
2.517514
2.173738
1.866127
1.613326
1.369939
1.437022
1.528458
1.484631
1.336703
1.164618
1.040642
0.969467
1.119930
1.285092
1.396065
1.495850
1.659187
1.785042
1.873250
2.101717
2.310834
2.477569
3.127786
3.946206
4.324573
3.918406
3.238833
2.563867
2.114606
2.091060
2.011364
2.014084
2.010736
2.002656
1.986107
1.917492
1.693576
1.492077
1.410642
1.421701
1.331845
1.161169
0.974058
0.836698
0.876245
0.947291
0.931852
1.070600
1.210220
1.193592
1.283282
1.529342
1.690345
1.671671
1.566373
1.570955
1.705458
2.025825
2.229827
2.141307
1.816580
1.436743
1.113463
1.420659
1.802175
2.275333
2.717432
2.956436
2.769160
2.327274
1.838601
1.403673
1.087918
1.096577
1.016817
1.006466
1.216980
1.375347
1.334918
1.400791
2.095252
2.630258
2.629475
2.053298
1.379706
1.006318
0.671055
0.490897
0.422821
0.537670
0.681977
0.726396
0.640260
0.530417
0.404474
0.588480
0.766079
0.871238
0.872600
0.966847
1.324162
1.784677
2.267149
2.655719
2.652634
2.265872
1.759077
1.293325
0.915798
0.860396
0.832495
0.720370
0.591490
0.476257
0.530580
0.549454
0.583634
0.703592
0.762673
0.731699
0.612500
0.480549
0.369642
0.328320
0.382831
0.407438
0.421790
0.443371
0.411551
0.336168
0.312766
0.294198
0.248187
0.191533
0.141420
0.181319
0.184573
0.146279
0.095517
0.272161
0.488047
0.585428
0.620936
0.612709
0.532565
0.360687
0.265329
0.186027
0.107233
0.087588
0.057189
0.070227
0.075602
0.078211
0.091038
0.079566
0.056887
0.073459
0.267471
0.487953
0.589998
0.616997
0.621776
0.617192
0.592769
0.509285
0.708138
0.950553
1.182402
1.289608
1.211491
0.985138
0.941296
1.227912
1.605418
2.053829
2.567514
3.102422
3.489523
3.462060
3.033119
2.487354
2.014054
1.601897
1.290158
1.064695
0.791602
0.546283
0.730278
0.909148
1.008856
0.930014
0.693889
0.440605
0.524459
0.659652
0.651844
0.664913
0.869411
1.335492
2.081547
2.581441
2.753290
2.757398
2.592363
2.107179
1.350095
0.842112
0.510870
0.368822
0.420303
0.492901
0.384172
0.234433
0.099460
0.020978
0.002097
0.039869
0.108790
0.149551
0.159023
0.158542
0.161479
0.163829
0.166186
0.170458
0.176280
0.180206
0.176452
0.143265
0.108289
0.097334
0.111824
0.079393
0.095123
0.162392
0.186136
0.155118
0.080884
0.007800
0.000000
0.000000
0.000000
0.000000
0.000000
0.000000
0.000000
0.000000
0.000000
0.000000
0.000000
0.000000
0.000000
0.000860
0.002529
0.003958
0.003318
0.000858
0.000279
0.000014
0.000000
0.000000
0.004556
0.044179
0.161740
0.290020
0.358319
0.375620
0.375296
0.367788
0.340845
0.276496
0.165032
0.116698
0.093487
0.078431
0.059894
0.026647
0.014175
0.007080
0.003382
0.000844
0.000000
0.000000
0.000000
0.000000
0.001970
0.004815
0.002859
0.000000
0.000000
0.001185
0.037915
0.151128
0.364842
0.494727
0.545411
0.559454
0.561591
0.550806
0.494225
0.338948
0.207295
0.265028
0.210703
0.150747
0.145304
0.204884
0.273814
0.267337
0.206978
0.177490
0.143353
0.084245
0.077096
0.178776
0.295716
0.376149
0.341363
0.267431
0.337182
0.479008
0.641796
0.758913
0.810777
0.856576
0.884154
0.800022
0.872611
1.019051
0.976176
0.833683
1.071429
1.460401
1.916976
2.445412
2.941305
3.243145
2.980220
2.544419
2.448745
2.170194
2.217395
2.298302
2.406273
2.882420
3.472336
4.044994
4.706120
4.991960
4.670566
3.938802
3.713616
3.670110
3.175983
2.433796
2.679468
3.066213
3.302684
3.678514
4.230752
4.774784
5.281126
5.676805
5.593180
5.035830
4.365700
3.723782
3.294056
3.334212
3.072706
2.557774
2.659294
2.529019
2.574227
2.641281
2.558180
3.158037
3.993565
4.954637
5.815300
6.303889
5.840465
4.944500
3.953020
3.898162
4.312314
4.778318
5.255965
5.590832
5.572065
5.199762
4.675467
4.157624
3.684778
3.731897
3.573116
3.203627
3.217008
3.193383
2.948048
2.685269
3.074595
3.551029
4.110720
4.734840
5.367204
5.806518
5.834163
5.401211
4.823949
4.223767
3.636567
3.107764
2.631121
2.585755
3.067753
3.527139
4.017777
4.271245
3.951920
3.422540
2.819829
2.268215
1.792841
1.390937
1.049239
0.770372
0.555052
0.350524
0.405192
0.553169
0.574180
0.383970
0.388710
0.360449
0.538385
0.789500
1.105621
1.489533
1.920212
2.303237
2.290759
1.275164
0.257610
0.046642
0.049002
0.114023
0.211647
0.300544
0.363788
0.486320
0.702714
0.755219
0.698298
0.447086
0.004458
0.000000
0.000000
0.000000
0.000000
0.000000
0.000000
0.000000
0.000000
