track	type=wiggle_0
fixedStep	chrom=chr	start=1	step=1
0.000000
0.000000
0.000000
0.000000
0.000000
0.000000
0.000000
0.000000
0.000000
0.009183
0.284362
1.336506
3.105626
4.852548
5.592783
5.795197
5.683709
5.097357
3.750911
2.705182
2.015203
1.745442
1.622526
1.273393
0.928535
0.630054
0.386779
0.358256
0.531979
0.662614
0.622119
0.465960
0.316245
0.180774
0.083099
0.030423
0.019088
0.038414
0.121293
0.262066
0.517915
0.961205
1.536886
1.536886
0.959924
0.508334
0.683120
1.042082
1.322784
1.528890
1.553830
1.537103
1.464566
1.244132
1.006952
0.787015
0.597076
0.676437
0.891013
1.147286
1.462422
1.797292
2.031580
2.017529
1.775169
1.447903
1.147815
0.879405
0.658051
0.737342
1.081775
1.329272
1.471915
1.454991
1.308029
1.217807
1.488643
1.796985
1.960275
1.999252
2.681505
3.622631
5.019402
6.519409
6.945386
6.569731
5.176291
4.046396
3.254992
2.510089
2.606732
2.716263
2.578674
2.480006
2.843933
3.238934
3.672946
4.088741
4.300836
4.351076
4.251327
3.993511
3.736129
3.445863
3.312815
3.433983
3.265220
3.136997
3.053063
3.258650
3.314584
3.240612
3.429565
3.474640
3.729547
4.138890
4.502509
4.876250
4.994748
4.890733
4.645869
4.622610
4.544109
4.266516
3.867810
3.716382
3.468518
3.203010
3.231510
3.321183
3.229218
3.320694
3.796394
4.052730
4.277886
4.746758
5.194046
6.133873
7.405788
8.878244
10.562105
12.536370
14.492239
14.492245
12.536376
10.576545
8.969007
7.772692
6.876035
5.811537
4.778732
3.866843
3.297081
3.905138
4.594620
5.291206
5.820900
5.954972
5.666656
5.200494
4.655529
4.148055
3.536316
2.951586
2.426676
2.014668
1.916448
1.713351
1.496635
1.293914
1.108148
1.512314
2.083822
2.677080
2.707382
2.066463
2.081419
2.233016
2.223437
2.050890
1.815335
2.073676
2.333492
2.435830
2.379747
2.152208
1.924724
1.681539
1.472483
1.284700
1.465978
1.542655
1.517591
1.395356
1.200508
0.995255
0.852851
0.772935
0.675090
0.549987
0.578066
0.638772
0.703501
0.693786
0.616263
0.702122
0.791395
0.859511
0.839369
0.738133
0.610226
0.491507
0.559254
0.669434
0.776638
0.816958
0.787779
0.709594
0.710117
1.022164
1.431668
1.937619
2.547865
3.276748
4.136202
5.150494
6.338477
7.707275
9.229243
10.993905
12.168128
10.747976
8.935415
7.451289
6.342963
6.176359
5.957868
5.263726
5.137644
5.593848
6.473695
7.690932
9.034396
10.068486
10.068493
9.043098
7.680318
6.350866
5.192441
4.197455
3.348189
2.627841
2.018927
1.525601
1.318919
1.514056
1.661089
1.736246
1.742675
1.960160
2.310706
2.448954
2.311400
2.005535
2.360436
2.667969
2.786949
2.581621
2.202479
1.825247
1.502388
1.818807
2.156602
2.413759
2.431544
2.233894
2.051499
2.060206
2.290548
2.394257
3.048871
3.949445
4.597463
4.902658
4.997183
5.001416
4.902393
4.560711
3.804846
3.085972
2.411868
2.226183
2.785721
3.449435
4.205953
4.985209
5.557321
5.477684
4.865432
4.129674
3.409886
2.811029
2.372518
2.883042
3.432504
3.494122
2.994786
2.457196
2.102104
2.036457
1.745098
1.567413
1.885645
1.888229
1.566565
1.091231
0.685472
0.458611
0.285135
0.299467
0.244023
0.154266
0.180878
0.330311
0.550577
0.813012
0.987149
0.899815
0.634339
0.371140
0.175983
0.056902
0.005157
0.001395
0.000000
0.000000
0.000000
0.000000
0.000000
0.000000
0.000000
0.000000
0.000000
0.000000
0.000284
0.005283
0.007666
0.007424
0.042315
0.051396
0.013337
0.085057
0.090298
0.021574
0.000000
0.000000
0.000000
0.000000
0.000000
0.000000
0.000000
0.000000
0.000000
0.000000
0.000000
0.000000
0.000000
0.000000
0.003875
0.000000
0.000000
0.000000
0.000000
0.000000
0.000000
0.000000
0.000000
0.000000
0.000000
0.000000
0.000000
0.000000
0.000000
0.000000
0.000000
0.000000
0.000000
0.002723
0.016366
0.040500
0.072489
0.156917
0.224874
0.259957
0.221837
0.154399
0.085904
0.177763
0.307909
0.479234
0.694903
0.951420
1.196755
1.314166
1.202286
0.956279
0.699196
0.484935
0.321565
0.197038
0.101667
0.041608
0.012549
0.009054
0.010968
0.027625
0.050227
0.144707
0.336433
0.606765
0.896242
1.108684
1.078815
0.800230
0.460405
0.219006
0.069421
0.025364
0.007908
0.007934
0.005986
0.005694
0.010453
0.007781
0.001123
0.007665
0.011774
0.005459
0.005620
0.026903
0.060818
0.087901
0.091388
0.106763
0.170129
0.248248
0.342505
0.452837
0.580140
0.725728
0.883951
1.023012
1.099173
1.059288
0.934564
0.786547
0.643481
0.554462
0.822094
0.927810
0.770449
0.775381
0.786260
0.703573
0.578538
0.449566
0.447006
0.580580
0.703444
0.771806
0.771782
0.758686
0.794218
0.940615
1.100101
1.269732
1.421077
1.489518
1.449445
1.334281
1.430615
1.619373
1.862804
2.194005
2.513860
2.878680
3.316193
3.740387
4.066242
4.109773
3.899536
3.577929
3.183584
2.821282
2.974597
3.336548
3.876154
4.525180
5.256245
6.012505
6.884439
7.867807
8.863427
9.599183
9.683187
10.613070
11.171344
11.177137
11.222707
12.199575
12.199577
11.181044
9.704351
8.264891
7.020288
6.042752
5.201646
4.598010
4.589705
4.897835
5.089642
5.508524
5.562961
5.309569
5.328447
5.691208
6.217648
6.558162
7.022835
7.357014
7.640003
7.524467
7.259902
7.739110
8.131765
8.147408
7.791045
7.361240
7.538236
7.799636
7.692609
7.282911
6.909035
7.094728
6.961716
6.551670
5.967871
5.375156
4.972915
4.847538
5.081215
5.205207
4.993107
4.612900
4.357591
4.607824
4.599064
4.301191
4.040968
4.551336
4.725753
4.876860
5.694346
6.471148
6.756008
7.063842
7.452382
7.130893
6.732242
8.078159
9.721620
10.502502
10.696425
10.230250
8.808443
6.804316
5.382897
4.345129
3.538599
3.212985
2.891456
2.633915
2.443217
2.465193
2.533467
2.465697
2.331220
2.112169
2.232896
2.428281
2.639142
2.522653
2.199924
2.119521
2.102827
2.135511
2.055163
2.369419
2.681366
2.898629
2.955379
2.818537
2.516214
2.190067
1.884844
1.606801
1.354205
1.129554
0.940788
0.834168
0.856548
0.920133
1.011613
1.213033
1.302350
1.208160
1.058776
1.068032
1.187209
1.403109
1.606028
1.734610
1.821871
1.737864
1.591895
1.996773
2.370991
2.686170
2.733416
2.481534
2.017667
1.602290
1.245854
0.936027
0.795016
0.663664
0.534864
0.422981
0.329191
0.249712
0.181683
0.157345
0.323927
0.461808
0.524785
0.543579
0.547392
0.543178
0.521816
0.445461
0.277845
0.096387
0.012603
0.000000
0.000000
0.000000
0.000000
0.000000
0.000000
0.000000
0.000000
0.000000
0.000000
0.000000
0.000000
0.000000
0.000000
0.000000
0.000000
0.000000
0.000000
0.000000
0.000000
0.000000
0.000000
0.000000
0.000000
0.000000
0.000000
0.000000
0.000000
0.000000
0.000000
0.000000
0.000000
0.000000
0.000000
0.000000
0.000575
0.046382
0.156907
0.299489
0.307856
0.179992
0.067214
0.011330
0.008864
0.060097
0.106963
0.096290
0.057517
0.055571
0.044686
0.036617
0.105737
0.259042
0.491028
0.630058
0.688225
0.706621
0.712834
0.714572
0.705629
0.673661
0.577783
0.387422
0.165948
0.040754
0.010237
0.003210
0.001245
0.000377
0.000000
0.000000
0.000000
0.000000
0.000000
0.000000
0.000000
0.000000
0.000000
0.000000
0.000000
0.000000
0.000000
0.000000
0.000000
0.000000
0.000000
0.000000
0.000000
0.000000
0.000000
0.000000
0.000000
0.000000
0.000000
0.000000
0.000000
0.000000
0.000000
0.000000
0.000000
0.000000
0.000000
0.000000
0.000000
0.000000
0.000000
0.000000
0.000000
0.000049
0.012242
0.028393
0.073123
0.247348
0.431905
0.497981
0.432175
0.252700
0.077007
0.021888
0.055291
0.098743
0.133785
0.142960
0.112174
0.066670
0.043232
0.083235
0.124608
0.131845
0.104397
0.079401
0.114225
0.178897
0.305740
0.466487
0.645581
0.812264
0.885356
0.849537
0.856924
0.744124
0.586745
0.516443
0.605101
0.655797
0.727493
0.918579
1.056656
1.231657
1.472804
1.710082
1.777326
1.640430
1.370674
1.211945
1.057881
0.857580
0.680036
0.582992
0.709375
0.790944
0.720485
0.533624
0.601958
0.737545
0.884756
1.058677
1.256576
1.444781
1.556159
2.173422
2.782589
3.048122
3.111758
3.050366
2.800868
2.312449
1.671195
1.359974
1.522173
1.624579
1.582349
1.522863
1.503847
1.604350
1.808278
2.022584
2.245008
2.469396
2.721606
3.015271
3.292355
3.426059
3.365173
3.144551
2.885257
2.638891
2.412752
2.546226
2.847433
3.195182
3.645239
4.079287
4.265980
4.379104
4.590916
4.534174
4.257731
3.898013
3.587082
3.779449
4.314953
4.553491
4.305606
3.730725
3.366184
3.055735
3.043450
3.107891
3.064593
2.890406
2.909154
2.891815
2.898996
3.047918
3.149154
3.108902
2.970843
2.823812
2.564559
2.460098
2.304876
2.282317
2.278793
2.103269
1.905505
1.892906
1.886611
1.928859
1.852501
1.701391
1.628386
1.549160
1.433300
1.353276
1.202925
1.004522
0.822814
0.659341
0.580673
0.698435
0.739855
0.685388
0.557145
0.425090
0.361342
0.472761
0.736917
1.095502
1.511805
1.878601
2.131937
2.546150
2.706567
2.745886
2.775547
2.762213
2.664804
2.461204
2.366127
2.947183
3.596195
4.269797
4.622857
4.420220
3.758575
3.067646
2.409558
1.855615
1.371361
0.981593
0.676742
0.950818
1.225192
1.203445
0.865317
0.540097
0.367758
0.215569
0.087140
0.038802
0.048263
0.045884
0.058018
0.066290
0.061051
0.048847
0.026630
0.011779
0.028593
0.051888
0.077580
0.117401
0.173263
0.242611
0.314038
0.356984
0.343817
0.293892
0.226386
0.164274
0.111622
0.083211
0.069768
0.046170
0.027834
0.046161
0.075554
0.128555
0.152588
0.135550
0.090356
0.073665
0.085453
0.087791
0.087071
0.084658
0.074628
0.040644
0.027001
0.028860
0.027915
0.017108
0.005505
0.000633
0.000000
0.002039
0.005869
0.005371
0.004967
0.001937
0.000594
0.000065
0.000087
0.000000
0.000000
0.000000
0.000000
0.006876
0.075363
0.223760
0.434648
0.618981
0.641587
0.500744
0.289775
0.132847
0.064851
0.033662
0.027956
0.038993
0.063867
0.202493
0.465690
0.647929
0.505762
0.302021
0.165494
0.091007
0.138243
0.130690
0.073348
0.014558
0.030862
0.061711
0.126326
0.223258
0.340349
0.429276
0.456456
0.450731
0.402654
0.297073
0.191286
0.251613
0.363492
0.445560
0.639322
0.941763
1.311538
1.745530
2.237368
2.733766
3.138022
3.135790
2.724022
2.214804
1.750770
1.376399
1.074245
0.840319
1.016744
1.142447
1.370127
1.539941
1.551095
1.590175
1.498005
1.273575
1.462321
1.806366
1.973359
1.774199
1.325448
1.115352
0.989553
1.135772
1.484213
1.895410
2.215612
2.294619
2.027646
1.593003
1.210714
1.014425
1.131187
1.417144
1.570707
1.497215
1.303516
1.985133
2.880113
3.173607
2.885339
2.002009
1.689760
1.555157
1.387039
1.322114
1.599663
1.638367
1.408502
1.064281
1.392735
1.459527
1.242623
1.052739
1.041722
1.108050
1.121314
1.106217
1.196120
1.097302
1.221640
1.206919
1.187203
1.214044
1.503576
1.917618
1.897959
1.410599
1.528023
1.504462
1.194520
0.967851
1.140930
1.204848
1.327067
1.546962
1.771629
1.877882
1.806000
1.598093
1.365464
1.190858
1.395881
1.581216
1.576902
1.455995
1.382927
1.178467
1.498333
1.817798
2.252489
2.669284
2.895668
2.674050
2.272199
1.857040
1.437132
1.113494
0.859296
0.683643
0.757535
0.914643
1.005005
0.963831
1.348548
2.036682
2.569452
2.564226
1.997597
1.369241
1.415521
1.281399
1.058935
0.826813
0.629204
0.516194
0.431075
0.322871
0.180907
0.162948
0.295317
0.419906
0.498227
0.505569
0.560263
0.832530
1.200890
1.597593
1.923383
1.933162
1.619742
1.195556
0.818560
0.528660
0.332223
0.219942
0.154196
0.080264
0.115413
0.141139
0.144784
0.133825
0.091608
0.021703
0.002261
0.001640
0.000650
0.000849
0.005643
0.024489
0.056521
0.092435
0.102904
0.088627
0.054610
0.027090
0.009385
0.001128
0.000936
0.000026
0.000000
0.000311
0.000087
0.003452
0.007445
0.005363
0.000345
0.000000
0.000000
0.000000
0.000000
0.005123
0.000000
0.000000
0.000000
0.000000
0.000000
0.000000
0.000000
0.000000
0.000000
0.000000
0.000000
0.000000
0.031199
0.140347
0.308652
0.407725
0.313385
0.149679
0.039493
0.007997
0.002587
0.002222
0.003172
0.006466
0.016548
0.048619
0.150353
0.221514
0.250720
0.233993
0.301598
0.478518
0.753818
1.041132
1.195928
1.031453
0.747489
0.507527
0.722945
0.864984
0.915078
0.871121
0.883251
0.947136
0.861151
0.754281
0.629497
0.446566
0.588184
0.591028
0.624263
0.897140
1.377664
2.078098
2.530812
2.723340
2.747591
2.630666
2.308452
1.820632
1.472838
1.387985
1.382397
1.669827
1.937986
1.881020
1.508289
1.093207
0.964462
1.128442
1.508105
1.937583
2.307313
2.458815
2.237916
1.869848
1.459423
1.115116
1.149095
1.595700
2.136887
2.649089
2.916492
2.736870
2.252292
1.755805
1.331536
1.094807
0.944543
0.842977
0.729030
0.651913
0.877681
1.030541
1.009334
0.897943
0.856584
0.865515
0.784324
0.670872
0.501817
0.365105
0.289786
0.226594
0.148073
0.088193
0.109635
0.097701
0.064851
0.069922
0.087000
0.099615
0.087965
0.209462
0.412111
0.716064
1.127633
1.657432
2.407597
3.464565
4.174102
4.164243
3.440241
2.388584
1.688658
1.161832
0.790822
0.537053
0.317478
0.256132
0.291431
0.365498
0.417567
0.431346
0.402940
0.428146
0.396590
0.325246
0.257139
0.321061
0.365538
0.347009
0.396834
0.488294
0.575494
0.673391
0.766951
0.837846
0.813545
0.702020
0.583644
0.534872
0.522121
0.464191
0.312716
0.215956
0.269180
0.328517
0.383935
0.405094
0.375305
0.294217
0.241394
0.188486
0.165026
0.203797
0.218366
0.214048
0.236500
0.226984
0.221846
0.299798
0.439160
0.629222
0.840617
0.851230
0.750404
0.781492
0.870939
0.951489
0.985658
0.918557
0.946267
0.906776
0.769108
1.007325
1.391063
1.842265
2.371375
2.878105
3.188781
2.914084
2.466215
2.412169
2.130569
2.121971
2.203798
2.322839
2.810312
3.407667
3.950292
4.591670
4.900379
4.576324
3.819119
3.659914
3.611290
3.121145
2.294137
2.506474
2.880887
3.110072
3.476389
4.021339
4.557956
5.062559
5.468119
5.393750
4.844170
4.184501
3.553326
3.160463
3.199555
2.945130
2.445550
2.589330
2.948307
3.234477
3.311414
3.231757
3.078800
3.911193
4.875855
5.743366
6.226748
5.772684
4.884322
4.205920
4.375269
4.830125
5.322515
5.833121
6.197086
6.171145
5.768748
5.209052
4.656157
4.171220
4.256771
4.087419
3.683711
3.740067
3.714678
3.444417
3.201286
3.624790
4.137360
4.734576
5.392206
6.063318
6.539850
6.574641
6.099239
5.493125
4.841204
4.197982
3.618404
3.099656
3.124763
3.644978
4.243159
4.783986
5.052764
4.701853
4.100865
3.418778
2.798873
2.260251
1.794948
1.396824
1.044463
0.730501
0.408368
0.308648
0.280929
0.224496
0.277136
0.365029
0.288244
0.175603
0.075672
0.009677
0.033737
0.107214
0.219179
0.343613
0.381807
0.109682
0.026552
0.038172
0.092208
0.173965
0.238961
0.196403
0.083109
0.022064
0.007397
0.037039
0.131774
0.263227
0.287706
0.168432
0.000000
0.000000
0.000000
0.000000
0.000000
0.000000
0.000000
0.000000
0.000000
