track	type=wiggle_0
fixedStep	chrom=chr	start=1	step=1
0.000000
0.000000
0.000000
0.000000
0.000000
0.000000
0.000000
0.000000
0.000000
0.047958
0.345828
1.435094
3.241104
5.024334
5.782773
5.992208
5.877607
5.273370
3.900509
2.836196
2.072409
1.491132
1.045155
0.743581
0.560619
0.406696
0.298950
0.343632
0.520671
0.634938
0.585727
0.430668
0.274985
0.152533
0.075400
0.023566
0.001843
0.014671
0.070461
0.210106
0.446008
0.797684
1.229687
1.202375
0.738742
0.451877
0.599794
0.981616
1.348467
1.556629
1.614905
1.477899
1.225463
0.995730
0.779266
0.580335
0.476096
0.646673
0.875356
1.156115
1.485173
1.826998
2.052094
2.035242
1.800738
1.458529
1.131220
0.852215
0.619390
0.492188
0.761944
0.944914
1.057502
1.032321
0.908765
0.746248
0.595367
0.468647
0.404159
0.363133
0.432483
0.559301
0.720358
0.902977
1.089510
1.171915
1.117945
0.982837
0.811220
0.652760
0.510534
0.403449
0.374603
0.399946
0.510377
0.569593
0.553744
0.471379
0.418178
0.420458
0.306751
0.179064
0.258598
0.488212
0.654136
0.489344
0.271842
0.191918
0.216576
0.237775
0.203737
0.248073
0.403162
0.623472
0.897606
1.186182
1.350198
1.252514
1.300553
1.271114
1.538877
1.898645
2.311013
2.916247
3.559211
3.966375
3.732217
3.193572
2.510396
1.921012
1.497152
1.222787
1.217876
1.060470
1.337966
1.563529
1.552265
1.329682
1.028254
0.760131
1.147943
1.816907
2.488245
2.511389
1.924378
1.454890
1.273486
0.932476
0.919098
0.820378
0.503979
0.300265
0.134551
0.031961
0.066372
0.083011
0.087862
0.087212
0.078492
0.048880
0.010949
0.005981
0.007575
0.018488
0.026044
0.011069
0.000250
0.003062
0.010195
0.019671
0.047048
0.082832
0.111931
0.110740
0.087723
0.085752
0.108856
0.123657
0.106681
0.076330
0.044622
0.108026
0.339965
0.463035
0.492727
0.464864
0.355166
0.235664
0.230532
0.289037
0.243124
0.132337
0.040213
0.115453
0.227446
0.306143
0.282615
0.320024
0.290336
0.250993
0.482707
0.810711
1.248472
1.896847
2.759157
2.735353
1.824491
1.149013
0.722990
0.773685
0.732606
0.635777
0.690406
0.955249
1.289806
1.686476
2.095982
2.459534
2.534398
2.345374
1.985261
1.714739
1.489235
1.127124
1.590568
2.144761
2.778794
3.571517
4.563708
5.771090
6.714899
5.942622
4.802096
3.851136
3.146938
2.273009
1.806862
1.533730
1.386747
1.364734
1.225236
0.933099
0.930354
1.359174
1.873185
2.336602
2.438939
2.090578
1.611572
1.138079
0.743306
0.443043
0.229870
0.091002
0.099200
0.149099
0.158026
0.121668
0.145892
0.184374
0.171632
0.192616
0.259092
0.281611
0.230355
0.221500
0.264048
0.248716
0.200158
0.174574
0.103973
0.045034
0.163488
0.373199
0.525805
0.604969
0.625669
0.956941
1.413734
1.959350
2.612139
3.537242
3.999422
4.162827
4.199646
4.188218
4.101880
3.798619
3.100913
2.342961
1.705558
1.192294
1.155765
1.535789
1.992888
2.524220
3.013635
3.201819
3.001446
2.515447
1.991971
1.528731
1.142638
1.209993
1.567245
1.691820
1.440572
1.049384
0.682745
0.400498
0.239005
0.355203
0.498327
0.671606
0.875958
1.110854
1.377202
1.668682
1.932410
2.112627
2.053248
1.802705
1.500320
1.220295
0.972253
0.877951
1.065288
1.169980
1.060846
0.872545
0.652436
0.463044
0.517126
0.722855
0.898273
0.959301
0.833669
1.039646
1.384134
1.786932
2.292253
2.906848
3.636409
4.486719
5.464077
6.592892
7.894195
9.391183
11.105343
13.138046
15.955396
18.253956
18.354874
16.429800
14.036745
11.906082
10.060793
8.457291
7.061543
5.853884
4.835215
3.958389
3.234887
2.666237
2.162264
1.868678
2.310264
2.808683
3.324558
3.692560
3.772127
3.464326
2.951183
2.439513
2.000259
1.667028
1.536369
1.329015
1.107762
0.988117
0.811252
0.657789
0.845647
1.021817
1.090073
1.552877
2.268516
3.261007
3.698602
3.802447
3.763164
3.542174
3.125698
2.429400
1.996687
1.809411
1.714246
1.661853
1.625896
1.564807
1.457170
1.352284
1.235575
0.950166
0.568530
0.403672
0.246411
0.120336
0.040522
0.004190
0.000000
0.000000
0.000000
0.000000
0.000000
0.000000
0.003860
0.020248
0.049730
0.093437
0.151947
0.222591
0.289583
0.320595
0.298759
0.292208
0.307015
0.273909
0.209514
0.162919
0.233288
0.316651
0.409063
0.492578
0.526397
0.496528
0.444357
0.368522
0.303480
0.260912
0.202318
0.145230
0.102881
0.139294
0.170938
0.169687
0.147585
0.183645
0.255618
0.330692
0.416716
0.514633
0.624040
0.743926
0.862589
0.937747
0.955331
0.926675
0.882932
0.866772
0.855199
0.955847
1.162044
1.366364
1.407941
1.289487
1.021300
0.791628
0.611035
0.481361
0.422421
0.405981
0.352458
0.449468
0.537228
0.600668
0.602972
0.618325
0.592170
0.708203
0.843455
0.989146
1.119285
1.229692
1.248942
1.189639
1.670899
2.328578
3.172082
3.668430
3.661166
3.134881
2.242311
1.584896
1.105820
0.952291
1.076187
1.184887
1.217048
1.182204
1.258481
1.266644
1.503422
1.921904
2.366054
2.717271
2.914458
2.845354
2.462571
2.002762
1.567457
1.224525
1.018419
1.005439
1.178698
1.316910
1.347493
1.287038
1.381050
1.561047
1.709957
1.813793
2.152927
2.524396
2.936704
3.361454
3.673664
3.853801
3.834699
3.791281
3.677355
3.512981
3.680997
3.940729
3.970943
3.756534
3.541605
3.846999
4.153894
4.546329
4.929228
5.271608
5.332692
5.140061
4.951252
4.951506
5.106552
5.411462
5.741269
5.896986
5.748033
5.718447
5.774416
5.944480
5.763284
6.261397
6.488324
6.125180
5.464446
4.781565
4.937994
5.312388
5.518898
5.688319
5.960909
6.165032
6.159535
5.933885
5.657301
5.854569
5.901419
5.715590
5.566837
5.499898
5.500026
5.285148
4.931324
5.083749
5.042171
4.742488
4.378881
4.030307
3.713269
3.535274
3.340039
3.280503
3.044588
2.918492
2.964731
3.127282
3.382964
3.557929
3.679001
3.694310
3.547404
3.685022
3.806119
3.847909
3.863199
3.985408
4.020195
3.853442
3.842241
3.944742
3.879217
3.641383
3.353629
3.069303
2.800689
2.561102
2.642666
2.861235
3.090900
3.299201
3.529276
3.622623
3.543681
3.317192
3.124957
2.842362
2.557905
2.754133
3.042081
3.321378
3.998210
4.506096
4.470682
3.947959
3.820842
4.087057
4.359306
4.505346
4.487001
4.309654
4.014506
3.685211
3.353645
3.046002
2.770273
2.510452
2.253272
2.002739
1.706502
1.443388
1.227629
0.936137
0.666456
0.770815
0.981588
1.136479
1.260137
1.389078
1.270507
1.152928
0.962631
0.914734
1.128791
1.363271
1.587626
1.717284
1.680709
1.475062
1.225771
1.000955
0.798020
0.613908
0.456385
0.321254
0.215398
0.182707
0.312917
0.480079
0.682852
0.910408
1.118381
1.236837
1.180782
1.021010
0.948387
0.751779
0.550039
0.488228
0.705908
0.987968
1.333922
1.714437
1.986885
2.036854
1.784205
1.391634
1.031630
0.805233
1.166597
1.634866
2.219926
2.906039
3.680017
4.554876
5.715071
7.403338
8.275084
7.394008
5.733153
4.602186
3.641121
2.815045
2.124189
1.552506
1.095520
0.737360
0.459353
0.258134
0.135966
0.092844
0.135622
0.190429
0.235245
0.244306
0.265736
0.283191
0.260893
0.322126
0.485291
0.597933
0.723409
0.824731
0.851464
0.887388
0.867128
0.789819
0.679495
0.571161
0.466180
0.367330
0.264751
0.217253
0.193939
0.233608
0.370398
0.553104
0.644456
0.631355
0.668118
0.701561
0.660609
0.611961
0.625974
0.689910
0.832622
0.998280
1.167150
1.328049
1.487209
1.655762
1.730266
1.712730
1.661205
1.608550
1.465978
1.299201
1.365158
1.538032
1.748774
1.980848
2.188080
2.316462
2.253587
2.089791
2.135027
2.111143
1.946987
1.723173
1.544634
1.698472
1.798807
1.815591
1.729050
1.590436
1.605341
1.722333
1.748585
2.145430
2.587703
3.092562
3.671366
4.338875
5.088906
5.920232
6.758314
7.418530
7.678051
7.322902
7.666384
7.356070
6.262621
4.819420
3.945889
3.774648
3.798153
3.616364
3.547649
3.406521
3.293898
2.914032
2.528135
2.196028
1.843735
1.782961
1.988852
2.084348
1.994525
2.105148
2.406194
2.703697
3.016632
3.341447
3.647258
3.847696
4.104698
4.192099
4.080070
3.903779
3.719007
3.404081
3.069299
2.767553
2.800525
3.094001
3.387857
3.673607
3.843242
3.842699
3.666461
3.655004
3.708801
3.508468
3.480199
3.856820
4.219829
4.408286
4.359525
4.051538
3.690984
3.525763
3.787014
4.130389
4.485790
4.837830
5.156358
5.356366
5.489003
5.365700
5.082729
4.722793
4.374968
4.167187
4.245362
4.093932
3.768443
3.395256
3.059856
3.167907
3.502801
3.805061
3.977280
3.904217
3.673867
3.360975
3.074380
3.021137
2.936827
2.740951
2.477457
2.212234
1.956328
2.076114
2.528794
2.968757
3.157022
2.915455
2.456723
2.055082
2.375206
2.726138
3.073319
3.344454
3.483201
3.289902
2.970909
2.605791
2.266042
1.969694
1.721974
1.561600
1.636472
1.934111
2.162588
2.204262
2.204422
1.997126
1.724027
1.448575
1.365681
1.329610
1.166407
0.965499
1.127754
1.341063
1.333379
1.153267
1.029918
1.342300
1.868385
2.555604
3.462972
3.896691
4.018897
3.891282
3.452176
2.525427
1.807684
1.980159
2.551072
3.138473
3.579797
3.507506
3.035361
2.437554
1.934530
1.784115
1.642849
1.927220
2.121171
2.169092
2.177340
2.168106
2.100250
1.861277
1.277799
0.786384
0.480623
0.257227
0.112025
0.042141
0.010653
0.000000
0.000000
0.000000
0.000000
0.000000
0.000000
0.000000
0.000000
0.000000
0.000000
0.000000
0.000000
0.000000
0.000000
0.000000
0.000000
0.000000
0.000000
0.000000
0.000000
0.000000
0.000000
0.000000
0.000000
0.000000
0.000000
0.000000
0.000000
0.000000
0.000000
0.000000
0.000000
0.000000
0.000000
0.000000
0.000000
0.000000
0.000000
0.000000
0.000000
0.000000
0.000000
0.000000
0.000000
0.000000
0.000000
0.000000
0.000000
0.000000
0.000000
0.000000
0.000000
0.000000
0.017348
0.091552
0.233276
0.451587
0.763116
1.174734
1.640811
2.087220
2.394760
2.871496
3.270881
3.557074
3.390301
2.856358
2.249117
1.712940
1.301798
1.645294
1.998692
2.232747
2.329380
2.235654
2.017856
1.684623
1.381487
1.123065
0.912196
1.025115
0.990020
0.840744
0.596086
0.712875
1.068196
1.597162
1.902383
2.018683
2.008143
1.897619
1.594751
1.180668
0.675365
0.388177
0.200629
0.078401
0.029820
0.082010
0.145770
0.165153
0.133409
0.093817
0.114793
0.159014
0.171033
0.230892
0.279226
0.277875
0.224479
0.268016
0.374349
0.456302
0.453836
0.379992
0.293529
0.210705
0.139481
0.146142
0.178550
0.187874
0.153856
0.093580
0.048199
0.027513
0.046205
0.040412
0.019263
0.007849
0.007320
0.013768
0.012399
0.017657
0.031153
0.026255
0.050064
0.149024
0.331042
0.635815
1.090015
1.260636
1.140309
0.842633
1.158736
1.544955
1.933609
2.706504
3.571564
4.056323
4.320551
4.503826
4.275541
4.092525
3.841947
3.445351
2.805804
2.259481
2.142603
2.226646
2.250220
1.979134
1.563569
1.127324
0.835457
0.739473
0.595168
0.505700
0.450283
0.421034
0.397508
0.361813
0.294631
0.223458
0.204186
0.160633
0.228070
0.431689
0.761433
1.035256
1.127524
1.034662
0.731602
0.402358
0.380689
0.328284
0.269914
0.203311
0.147704
0.144887
0.114202
0.068358
0.036003
0.017280
0.007888
0.001689
0.000000
0.000000
0.000000
0.000220
0.002296
0.001635
0.012224
0.019635
0.041729
0.019023
0.012184
0.007900
0.007742
0.002823
0.001134
0.006709
0.014806
0.026099
0.061651
0.085761
0.082368
0.176971
0.354823
0.451876
0.480210
0.484687
0.480347
0.448372
0.427158
0.354737
0.418223
0.631223
0.882516
1.075240
1.079260
0.892918
0.644429
0.445182
0.295464
0.257347
0.263029
0.197120
0.287820
0.451333
0.535523
0.562256
0.550493
0.542966
0.545463
0.569561
0.627205
0.819940
1.248294
1.798350
2.471680
2.968820
2.963731
2.433619
1.787328
1.271925
0.859453
0.745998
1.019105
1.168823
1.107472
0.852915
0.583740
0.353109
0.341624
0.419363
0.605652
0.847277
1.103197
1.306000
1.310033
1.157364
1.070359
1.140138
1.388509
1.503076
1.460256
1.763426
1.914980
1.770797
1.418909
1.125792
0.816379
0.572068
0.384550
0.632179
0.990339
1.162315
1.239563
1.294539
1.388560
1.536644
1.658934
1.791506
1.972234
2.343343
2.306210
1.859816
1.342104
0.887626
0.543183
0.309277
0.193404
0.128070
0.053342
0.058624
0.120730
0.182377
0.210031
0.212890
0.174113
0.130202
0.073635
0.032426
0.008635
0.000005
0.000000
0.004852
0.059293
0.158981
0.241471
0.236117
0.161351
0.087491
0.035761
0.012457
0.064430
0.205140
0.470409
0.661145
0.742436
0.749547
0.683466
0.501277
0.213412
0.060717
0.099805
0.169487
0.251620
0.337406
0.400913
0.385385
0.295006
0.195200
0.112685
0.054992
0.019118
0.002000
0.000000
0.000000
0.000000
0.000000
0.000000
0.000000
0.000000
0.000000
0.000341
0.006785
0.003952
0.000000
0.000000
0.000000
0.012851
0.044612
0.086697
0.119476
0.146944
0.275639
0.491795
0.787593
1.168000
1.636054
2.174785
2.669097
3.044733
3.831275
4.992082
6.510201
7.012857
6.529438
5.032002
3.866092
2.964072
2.213975
1.605251
1.133320
0.758255
0.475305
0.306388
0.250270
0.146530
0.055318
0.006637
0.000000
0.000000
0.000000
0.000000
0.000000
0.000000
0.003115
0.016088
0.040391
0.060105
0.079033
0.068277
0.062942
0.065971
0.076882
0.090150
0.085813
0.066510
0.041643
0.054569
0.095260
0.148015
0.209540
0.239077
0.193791
0.132239
0.076489
0.180031
0.401637
0.540646
0.594902
0.607147
0.605887
0.587012
0.515854
0.501962
0.522032
0.447741
0.346879
0.261987
0.216776
0.122868
0.216163
0.332178
0.507771
0.741113
1.029226
1.337488
1.639659
1.718773
1.593058
1.766675
2.209686
2.701164
3.093885
3.149468
2.866722
2.460915
2.098721
2.056874
2.490712
2.890121
3.103302
3.056466
2.803888
3.183576
3.363111
3.282721
3.903332
4.132489
4.143880
4.070875
4.066692
3.628792
3.349183
3.615423
4.106145
4.516790
4.988604
5.217216
5.329712
5.209706
5.474011
5.614208
5.274960
4.485144
4.046821
3.996255
3.468890
2.601783
1.914435
1.919631
2.347725
2.798356
3.215090
3.515188
3.820786
3.904059
3.655900
3.394774
3.257757
2.942257
2.809181
2.870592
2.789487
2.840498
3.226874
3.537249
3.615032
3.416532
3.228397
3.008045
2.788477
2.776158
3.319613
3.722930
3.359712
2.997853
2.843334
3.163619
3.521953
3.871619
4.100612
4.361712
4.475675
4.337905
3.965409
3.548455
3.158724
2.810719
2.773998
2.568372
2.310959
2.367018
2.256370
2.032588
1.950953
2.292333
2.673603
3.112626
3.604383
4.095682
4.402168
4.362103
4.024122
3.556017
3.095702
2.636217
2.591632
2.959726
3.440064
3.899015
4.105601
3.841435
3.357859
2.862688
2.369279
1.944930
1.555773
1.176507
0.879979
0.637869
0.441807
0.376510
0.356943
0.330110
0.272628
0.374656
0.495564
0.410367
0.283243
0.184967
0.076883
0.015182
0.000000
0.014257
0.058624
0.109664
0.080900
0.041202
0.000000
0.000000
0.000000
0.000000
0.000000
0.000000
1.580068
2.759157
2.735353
1.486784
0.209381
0.054948
0.000000
0.000000
0.000000
0.000000
0.000000
0.000000
0.000000
0.000000
0.000000
0.000000
