track	type=wiggle_0
fixedStep	chrom=chr	start=1	step=1
0.000000
0.000000
0.000000
0.000000
0.000000
0.000000
0.000000
0.000000
0.000000
0.000000
0.000000
0.001368
0.106021
0.492458
0.883791
1.184477
1.087580
0.814966
0.530575
0.474093
0.447858
0.435617
0.428009
0.405553
0.320077
0.123008
0.014871
0.000000
0.000000
0.000000
0.000000
0.000000
0.000000
0.000000
0.000000
0.000000
0.000000
0.000000
0.000000
0.020900
0.058935
0.084197
0.079527
0.044446
0.015434
0.037231
0.061320
0.062817
0.039356
0.021945
0.061356
0.126079
0.228576
0.372877
0.580383
0.883090
1.225908
1.593148
1.776881
1.905036
1.776881
1.444321
1.099125
0.802602
0.562510
0.372877
0.228021
0.123134
0.053569
0.014969
0.000693
0.000000
0.000000
0.000000
0.000000
0.000000
0.000000
0.000000
0.000000
0.000000
0.000000
0.000000
0.000000
0.000000
0.000000
0.000000
0.000000
0.000000
0.000000
0.000000
0.000000
0.000000
0.000000
0.000000
0.000000
0.000000
0.000000
0.000000
0.000000
0.000000
0.000000
0.000000
0.000000
0.000000
0.000000
0.000000
0.000000
0.000000
0.000000
0.000000
0.000000
0.000000
0.000000
0.000000
0.000000
0.000000
0.000000
0.000000
0.000000
0.000000
0.000000
0.000000
0.000489
0.028301
0.096826
0.176473
0.189214
0.130064
0.061701
0.019638
0.062976
0.075214
0.057549
0.008257
0.000000
0.000000
0.000000
0.000000
0.000000
0.000000
0.000000
0.000000
0.000000
0.000000
0.000000
0.000000
0.000000
0.000000
0.000000
0.000000
0.000000
0.000000
0.000000
0.000000
0.001868
0.002958
0.001351
0.002689
0.001185
0.006750
0.044070
0.113963
0.262807
0.527145
0.940113
1.396379
1.547764
1.584962
1.592006
1.592006
1.584962
1.547764
1.396379
0.944343
0.552914
0.408175
0.501754
0.483128
0.375251
0.411209
0.506093
0.610956
0.717385
0.834177
0.970612
1.113438
1.285413
1.480365
1.687931
1.900555
2.088594
2.178428
2.089933
1.899886
1.681123
1.486895
1.298650
1.122513
0.993059
1.160808
1.274692
1.421155
1.407717
1.413431
1.623818
1.753085
1.918750
2.466318
2.431275
2.071720
2.051713
1.851554
2.074944
2.430473
2.807284
3.167746
3.457741
3.795709
3.957236
3.775595
3.660748
3.387837
3.414776
3.580518
3.389092
3.023116
3.084641
3.356832
3.677750
4.059354
4.388940
4.503613
4.360456
4.966495
5.819776
6.393320
6.129987
5.842656
7.376410
8.937587
9.561652
8.100346
7.283640
5.703194
4.731406
4.796115
4.964664
5.442126
6.069676
6.530384
6.731908
6.460808
6.133996
6.457580
6.146688
6.022903
6.360723
6.453597
6.356105
6.087374
6.323166
6.705941
7.153966
7.658220
8.160387
8.514569
8.514568
8.158923
7.645257
7.859450
8.294943
8.581806
8.575438
8.264620
7.833120
7.418602
7.143589
7.526472
7.948628
8.327844
8.469275
8.359291
7.999232
7.578928
7.514955
7.309247
6.940122
6.772769
7.087333
7.455423
7.841034
8.237390
8.642339
9.042689
9.380494
9.485995
9.321563
8.968365
8.558002
8.151081
7.762737
7.415915
7.183061
6.975705
6.764046
6.601947
6.575820
6.791894
7.051565
6.594689
6.133773
5.793891
5.292392
4.699127
4.004563
4.034385
4.184439
4.196389
4.059685
3.832237
3.584081
3.349389
3.159664
3.130733
3.189011
3.129658
3.057232
2.871048
2.484608
2.023623
1.995031
2.047849
1.968511
1.822608
1.667349
1.593840
1.668185
1.956685
2.410856
2.684051
2.905032
2.983786
2.996327
2.960326
2.876032
3.007531
3.388029
3.765177
3.947287
4.086411
4.217275
4.038774
3.511275
2.919597
2.702062
2.580204
2.727729
2.832281
3.146454
3.438687
3.785379
4.015375
4.213260
4.283370
4.198131
3.986031
3.696770
3.285946
2.799736
2.831536
3.055243
3.269900
3.472878
3.714578
3.935916
4.012726
3.932244
3.714084
3.513939
3.542560
3.399721
3.163553
3.074529
3.330111
3.604904
3.843045
3.940457
3.842706
3.602916
3.339807
3.147594
3.092185
3.068179
3.148538
3.341947
3.490232
3.487369
3.332913
3.101573
2.842171
2.593523
2.356361
2.135226
1.927889
1.962023
2.130148
2.238849
2.258183
2.252815
2.168079
1.984776
2.147368
2.242311
2.185874
2.005409
1.797155
1.706905
1.578557
1.681581
1.783907
2.240616
3.090649
3.361088
3.090648
2.245198
1.563643
1.396173
1.438462
1.380918
1.232139
1.055285
0.883877
1.104215
1.362184
1.633252
1.855445
1.980894
2.296171
2.335989
2.279933
2.687014
3.045941
3.185576
3.259491
3.692672
4.226437
4.863342
5.334431
5.424360
5.291895
4.907498
4.335133
3.760386
3.935865
4.405904
5.037512
5.894766
6.737223
8.348922
9.629945
9.792502
9.125813
8.578001
8.766000
9.263677
9.034798
7.781653
6.376967
5.455399
4.537610
3.674499
3.088870
3.060833
2.932644
2.514328
1.749695
1.193668
1.191534
1.256680
1.240458
1.081430
0.852942
0.624286
0.434203
0.283507
0.170276
0.090263
0.036050
0.007862
0.020880
0.035215
0.033309
0.014477
0.016489
0.029294
0.050447
0.082300
0.125407
0.177794
0.238278
0.297017
0.324439
0.307803
0.249136
0.187116
0.133125
0.088381
0.053371
0.036241
0.032868
0.054707
0.082399
0.097533
0.090252
0.060802
0.033185
0.051461
0.167248
0.232450
0.245504
0.222157
0.134990
0.021808
0.000000
0.000000
0.000000
0.000000
0.000000
0.000000
0.000000
0.000000
0.000000
0.000000
0.007425
0.047083
0.106461
0.176781
0.199189
0.171115
0.096794
0.034084
0.001200
0.000000
0.000000
0.000000
0.000000
0.000000
0.000000
0.000000
0.000000
0.000000
0.000000
0.000000
0.000000
0.000000
0.002396
0.033979
0.077772
0.159128
0.312538
0.544342
0.874329
1.371510
2.073079
2.420641
2.486410
2.382077
2.072839
1.467747
1.284094
1.317812
1.155333
0.894445
0.730110
0.863811
0.889610
0.764898
0.580494
0.421910
0.271887
0.190204
0.290569
0.507088
0.811693
0.998491
1.073354
1.068340
0.967340
0.688335
0.602431
0.733565
0.733367
0.595956
0.411479
0.253060
0.138000
0.062161
0.016258
0.005924
0.000888
0.000000
0.000538
0.010728
0.035141
0.074323
0.127227
0.186879
0.223582
0.206691
0.157359
0.216284
0.305108
0.393233
0.447262
0.419791
0.336258
0.241907
0.158982
0.096406
0.052618
0.022161
0.004459
0.000000
0.000000
0.000871
0.007000
0.028922
0.081197
0.162216
0.275658
0.422246
0.605231
0.820248
1.051018
1.372409
1.771469
2.228923
2.658591
2.884825
2.743328
2.340629
1.940828
1.698799
1.425710
1.330196
1.694407
2.133052
2.398869
2.299414
1.869691
1.426309
1.065313
0.821939
0.680945
0.526215
0.444077
0.363288
0.261597
0.157302
0.086743
0.040937
0.011944
0.000000
0.000000
0.000000
0.000000
0.000000
0.000000
0.000000
0.000000
0.000000
0.000000
0.000000
0.000000
0.000000
0.000000
0.000000
0.000000
0.000000
0.000000
0.000000
0.000109
0.004388
0.026803
0.041690
0.048103
0.049126
0.048589
0.048408
0.046403
0.037200
0.010653
0.000000
0.000000
0.000000
0.000000
0.000000
0.000000
0.000000
0.000000
0.012178
0.039731
0.128006
0.289278
0.410890
0.470073
0.487645
0.492994
0.495218
0.501496
0.504948
0.486937
0.548220
0.497485
0.332384
0.223633
0.109734
0.021678
0.000000
0.000000
0.000000
0.000000
0.000000
0.000000
0.000000
0.000000
0.000000
0.000000
0.000000
0.000000
0.000000
0.000000
0.000000
0.000000
0.000000
0.000000
0.000000
0.000000
0.000615
0.036814
0.142911
0.345039
0.677085
0.841797
0.888674
0.860924
0.765521
0.589916
0.463778
0.450590
0.342727
0.301624
0.262841
0.226596
0.179282
0.097173
0.067102
0.051396
0.044147
0.040600
0.039285
0.038910
0.038604
0.067021
0.135822
0.217673
0.285542
0.284027
0.217026
0.139769
0.072179
0.027523
0.005210
0.000000
0.003535
0.015799
0.018333
0.007814
0.011268
0.052507
0.099628
0.112731
0.087313
0.203138
0.396263
0.668130
1.015815
1.456691
1.905358
1.907590
1.459994
1.016036
0.671033
0.416703
0.497196
0.625997
0.637975
0.519452
0.351011
0.204505
0.123120
0.050031
0.045119
0.076301
0.091749
0.101725
0.118017
0.185113
0.350956
0.460391
0.508687
0.521420
0.526021
0.528337
0.528421
0.516000
0.465086
0.344474
0.209712
0.322190
0.388719
0.346250
0.236053
0.132837
0.153645
0.161411
0.136174
0.089636
0.070376
0.079849
0.131638
0.189601
0.182903
0.118478
0.083389
0.142607
0.236389
0.331123
0.491932
0.717490
1.041732
1.434476
1.793841
1.998647
1.857037
1.609072
1.217422
0.893348
0.687595
0.617783
0.572392
0.730238
0.838273
0.921846
0.879935
0.729391
0.566656
0.561663
0.637646
0.757779
0.750006
0.627377
0.469510
0.442641
0.585386
0.720248
0.782590
1.184841
1.380953
1.445470
1.469893
1.471983
1.452711
1.394215
1.221456
0.902104
0.694162
0.511766
0.416253
0.477075
0.509006
0.511555
0.487608
0.495986
0.616549
0.622792
0.508980
0.503998
0.621191
0.676352
0.592789
0.672250
0.966002
1.374642
1.965005
2.296614
2.394800
2.297762
2.009460
1.506295
1.230357
1.455366
1.689289
2.046268
2.643026
3.417812
3.651116
3.415731
2.650196
1.851318
1.325649
0.918156
0.599949
0.358390
0.185265
0.075124
0.015741
0.000000
0.000000
0.000770
0.003839
0.003467
0.001119
0.020380
0.052608
0.080649
0.065284
0.032624
0.005755
0.000000
0.000006
0.004861
0.011407
0.009493
0.000446
0.005077
0.050167
0.147734
0.305827
0.533915
0.841781
1.261960
1.856275
2.699290
3.039007
3.040400
2.716151
1.946709
1.372995
1.012743
0.687527
0.424069
0.295475
0.305612
0.341374
0.349170
0.339498
0.290976
0.176948
0.083030
0.071621
0.112254
0.164089
0.216584
0.275516
0.324031
0.322441
0.299143
0.333372
0.346844
0.358640
0.340346
0.287853
0.247178
0.289151
0.301544
0.357388
0.439469
0.527623
0.620517
0.712097
0.746889
0.718808
0.634091
0.572832
0.645271
0.683434
0.661840
0.696773
0.809144
0.936773
1.067864
1.163973
1.154851
1.067446
1.129354
1.206842
1.191491
1.096730
1.118152
1.288090
1.477569
1.684787
1.889099
2.061701
2.147487
2.076955
1.938676
1.801745
1.946429
2.062703
2.209774
2.524895
2.908542
3.326758
3.776288
4.238594
4.634764
4.889467
5.189348
5.251829
5.076087
5.128121
5.017643
4.809044
4.593765
4.294403
4.662900
5.152179
5.642341
5.970512
6.157767
6.202898
6.877923
8.171125
9.959082
12.244914
13.282436
13.473316
13.238491
12.183980
10.195685
9.044426
8.253420
7.957495
8.455147
9.030520
9.862942
11.021008
12.165846
12.994359
13.880971
14.419089
14.304653
13.427170
12.225059
11.245795
10.593364
9.970653
9.964048
10.149908
10.118394
9.876371
9.289540
8.624449
8.042222
7.800210
7.823705
8.407628
8.902487
8.951112
8.563578
7.982728
7.350340
6.758545
6.218962
6.259660
6.452875
6.475062
6.287951
5.946842
5.608912
5.322319
5.033327
4.947016
5.297102
5.629094
5.955802
6.290534
6.637330
6.993592
7.240304
7.236997
6.993556
6.622906
6.274772
6.006508
5.925687
5.682871
5.323017
4.982628
4.755768
4.733060
5.033391
5.305323
5.468371
5.405445
5.183622
4.915047
4.693784
4.524542
4.313987
4.073606
3.800641
3.491892
3.259087
3.132343
2.921895
2.710402
2.514711
2.324440
2.149507
2.057384
2.283603
2.491822
2.592514
2.603911
2.647613
2.579517
2.446999
2.372313
2.260608
2.021520
1.763028
1.453381
1.200727
0.989918
1.054036
1.083990
1.108399
1.120838
1.097205
0.996731
0.907706
0.951319
1.015217
1.032653
0.986734
0.889711
0.778566
0.678990
0.589607
0.504699
0.428179
0.359953
0.361025
0.425167
0.502838
0.541752
0.587614
0.651600
0.656017
0.567476
0.440055
0.316928
0.214120
0.136760
0.232290
0.355570
0.509692
0.706328
0.947134
1.217845
1.470699
1.694135
1.744284
1.723010
2.018919
2.475779
2.972232
3.309706
3.328519
3.048361
2.606875
2.104380
1.654479
1.292328
0.989130
0.728636
0.514905
0.342008
0.256097
0.227253
0.155297
0.092468
0.058832
0.051148
0.066442
0.127748
0.162787
0.178646
0.181244
0.171746
0.134964
0.060628
0.003272
0.005765
0.007914
0.012618
0.011933
0.006140
0.004722
0.002059
0.000403
0.001086
0.000308
0.000000
0.000000
0.000000
0.000000
0.000000
0.000000
0.000000
0.000000
0.001536
0.006305
0.011309
0.018881
0.036362
0.020573
0.004372
0.000152
0.000037
0.001795
0.025136
0.080974
0.122100
0.152105
0.106290
0.043515
0.072093
0.090273
0.105909
0.152090
0.203736
0.254582
0.311453
0.342980
0.330047
0.273123
0.221517
0.168160
0.178373
0.187414
0.171096
0.215584
0.267507
0.291740
0.273965
0.226395
0.183885
0.147433
0.138565
0.133111
0.101583
0.080499
0.127714
0.178758
0.238784
0.294133
0.314848
0.386553
0.505753
0.631614
0.727446
0.748390
0.673312
0.569310
0.466025
0.386964
0.366338
0.367682
0.399467
0.491617
0.591417
0.687145
0.766035
0.821859
0.795417
0.709982
0.605984
0.505608
0.476774
0.462995
0.391616
0.312294
0.268210
0.330655
0.376178
0.351700
0.298702
0.238480
0.208581
0.195523
0.148652
0.137828
0.186504
0.287821
0.415230
0.578814
0.778454
1.025632
1.320809
1.661618
2.041048
2.435369
2.774756
2.926199
2.701759
2.530310
2.395793
2.483859
2.746605
2.806278
2.809739
2.777049
2.672876
2.421726
1.927497
1.576095
1.828791
1.774195
1.505085
1.256501
1.298639
1.490709
1.779048
2.134162
2.569342
2.948077
3.147149
2.950715
2.545180
2.069119
1.807535
1.733730
1.482134
1.159282
0.905060
0.811029
0.695986
0.536898
0.430683
0.305908
0.189655
0.104517
0.052172
0.047433
0.029216
0.047205
0.104014
0.220010
0.286318
0.187035
0.105240
0.046248
0.013835
0.007270
0.014372
0.015752
0.015258
0.014846
0.014819
0.015064
0.015754
0.017364
0.021401
0.028295
0.048345
0.058813
0.062146
0.045489
0.012355
0.016504
0.035116
0.029453
0.076574
0.169738
0.361589
0.670412
0.929873
0.916714
0.625154
0.314000
0.143045
0.045325
0.002921
0.000000
0.000000
0.000000
0.000000
0.000000
0.000000
0.000000
0.000000
0.000000
0.000000
0.000000
0.000000
0.006824
0.027872
0.042027
0.040040
0.028226
0.010304
0.012328
0.045223
0.112817
0.217313
0.348758
0.464371
0.472638
0.433561
0.812608
1.045949
1.182367
1.340812
1.376101
1.295636
1.110571
0.723722
0.457168
0.325258
0.220472
0.106255
0.131193
0.138148
0.109562
0.066769
0.049555
0.093534
0.151305
0.220860
0.274297
0.319423
0.331166
0.301250
0.227465
0.149098
0.095431
0.159826
0.248154
0.359916
0.478794
0.537887
0.508731
0.403189
0.294967
0.273036
0.369657
0.432751
0.605506
0.776308
0.932136
1.105910
1.319044
1.452864
1.433418
1.231739
0.971688
0.731616
0.537591
0.384918
0.272437
0.316813
0.457644
0.798064
1.157629
1.284228
1.190969
0.901910
0.556590
0.316394
0.152214
0.051209
0.006787
0.000000
0.000000
0.000000
0.000000
0.000299
0.012332
0.023726
0.037459
0.065064
0.099365
0.135326
0.173697
0.206224
0.214862
0.265586
0.421502
0.554454
0.644707
0.651689
0.581987
0.475085
0.506846
0.585534
0.681911
0.776648
0.870133
0.952430
1.012766
1.011302
0.936929
0.871824
0.916398
0.931373
0.970067
1.047060
1.162048
1.307101
1.459947
1.616761
1.765778
1.849366
1.831542
1.778998
1.925066
2.123735
2.300461
2.375494
2.443620
2.643768
2.781734
2.819943
2.746491
2.636562
2.480623
2.340153
2.559811
2.805779
3.077415
3.379167
3.678833
3.919229
4.100162
4.169259
3.981279
3.942864
4.446925
4.829249
5.114972
5.294776
5.438292
5.444358
5.453946
5.599753
5.954004
6.274948
6.541108
6.779418
6.780406
6.586811
6.144284
5.595322
5.139035
5.294865
5.331103
5.215120
5.071078
5.295716
5.669725
6.153911
6.576645
6.826973
6.999930
7.189291
7.129538
6.834283
7.373411
7.970458
8.389923
8.262403
7.693408
8.088861
8.675700
9.327430
9.855327
10.451770
11.098412
11.693132
12.110198
12.283915
12.063771
12.469533
12.367608
12.187851
13.235818
14.652590
16.171448
17.463562
18.171015
17.484945
16.166765
14.592230
14.384056
15.345327
16.052710
16.145472
15.464929
15.553645
16.708729
18.060631
19.364704
20.249125
20.470236
20.059986
19.759659
20.252489
20.006292
20.370565
21.292286
21.989780
22.124163
21.444550
22.353453
23.551310
24.777855
25.690983
26.114071
26.185364
25.828083
25.096367
24.095589
23.772772
24.444185
25.026138
25.601795
25.561455
24.845587
23.430674
21.436737
18.739378
15.379650
15.234249
15.394091
15.586431
15.739386
16.535152
17.741823
19.199881
20.491648
21.207308
20.531332
19.295803
17.909702
16.687206
15.538899
14.242483
13.744798
13.541930
12.501745
9.732841
7.322060
6.297903
4.818706
2.701656
2.020877
1.804595
1.776438
1.582106
1.325572
1.118184
0.927390
0.728889
0.463120
0.436397
0.377230
0.258905
0.130330
0.099180
0.196464
0.351026
0.590235
0.937300
1.376302
1.606194
1.720175
1.340812
0.000000
0.000000
0.000000
0.000000
0.000000
0.000000
0.000000
0.000000
0.000000
